Date,Time,Global_active_power,Global_reactive_power,Voltage,Global_intensity,Sub_metering_1,Sub_metering_2,Sub_metering_3
2009-10-03,00:00:00,0.346,0.262,244.420,1.800,0.000,2.000,0.0
2009-10-03,00:01:00,0.342,0.260,243.770,1.600,0.000,1.000,1.0
2009-10-03,00:02:00,0.340,0.260,243.760,1.600,0.000,2.000,1.0
2009-10-03,00:03:00,0.340,0.260,243.810,1.600,0.000,1.000,0.0
2009-10-03,00:04:00,0.338,0.258,243.560,1.600,0.000,2.000,1.0
2009-10-03,00:05:00,0.334,0.250,241.560,1.600,0.000,1.000,1.0
2009-10-03,00:06:00,0.332,0.250,241.670,1.600,0.000,1.000,0.0
2009-10-03,00:07:00,0.330,0.250,241.730,1.600,0.000,2.000,1.0
2009-10-03,00:08:00,0.328,0.248,241.100,1.600,0.000,1.000,1.0
2009-10-03,00:09:00,0.328,0.248,241.270,1.600,0.000,1.000,0.0
2009-10-03,00:10:00,0.326,0.248,241.430,1.600,0.000,2.000,1.0
2009-10-03,00:11:00,0.324,0.248,241.570,1.600,0.000,1.000,1.0
2009-10-03,00:12:00,0.324,0.250,241.870,1.600,0.000,1.000,0.0
2009-10-03,00:13:00,0.278,0.182,242.160,1.400,0.000,1.000,1.0
2009-10-03,00:14:00,0.232,0.116,242.300,1.000,0.000,2.000,1.0
2009-10-03,00:15:00,0.232,0.116,242.230,1.000,0.000,1.000,0.0
2009-10-03,00:16:00,0.232,0.116,242.530,1.000,0.000,1.000,1.0
2009-10-03,00:17:00,0.232,0.116,242.240,1.000,0.000,1.000,1.0
2009-10-03,00:18:00,0.230,0.114,241.820,1.000,0.000,2.000,0.0
2009-10-03,00:19:00,0.230,0.114,241.440,1.000,0.000,1.000,1.0
2009-10-03,00:20:00,0.230,0.114,241.370,1.000,0.000,1.000,1.0
2009-10-03,00:21:00,0.230,0.114,241.470,1.000,0.000,1.000,0.0
2009-10-03,00:22:00,0.256,0.130,241.340,1.400,0.000,2.000,1.0
2009-10-03,00:23:00,0.304,0.216,241.150,1.400,0.000,1.000,1.0
2009-10-03,00:24:00,0.304,0.216,241.190,1.400,0.000,1.000,0.0
2009-10-03,00:25:00,0.304,0.216,241.020,1.400,0.000,1.000,1.0
2009-10-03,00:26:00,0.302,0.216,241.230,1.400,0.000,1.000,1.0
2009-10-03,00:27:00,0.302,0.216,241.440,1.400,0.000,2.000,0.0
2009-10-03,00:28:00,0.300,0.216,240.970,1.400,0.000,1.000,1.0
2009-10-03,00:29:00,0.298,0.216,240.970,1.400,0.000,1.000,0.0
2009-10-03,00:30:00,0.330,0.244,241.500,1.800,0.000,1.000,1.0
2009-10-03,00:31:00,0.406,0.350,241.390,2.200,0.000,1.000,1.0
2009-10-03,00:32:00,0.400,0.350,241.190,2.200,0.000,1.000,0.0
2009-10-03,00:33:00,0.396,0.350,241.120,2.200,0.000,2.000,1.0
2009-10-03,00:34:00,0.368,0.304,241.180,2.000,0.000,0.000,1.0
2009-10-03,00:35:00,0.264,0.142,241.630,1.200,0.000,0.000,0.0
2009-10-03,00:36:00,0.254,0.128,242.210,1.200,0.000,0.000,1.0
2009-10-03,00:37:00,0.252,0.128,242.200,1.200,0.000,0.000,1.0
2009-10-03,00:38:00,0.252,0.128,242.280,1.200,0.000,0.000,0.0
2009-10-03,00:39:00,0.252,0.128,242.160,1.200,0.000,0.000,1.0
2009-10-03,00:40:00,0.330,0.154,242.220,1.800,0.000,0.000,2.0
2009-10-03,00:41:00,0.872,0.292,241.290,3.800,0.000,0.000,11.0
2009-10-03,00:42:00,0.892,0.290,241.330,3.800,0.000,0.000,11.0
2009-10-03,00:43:00,0.924,0.290,241.390,4.000,0.000,0.000,12.0
2009-10-03,00:44:00,0.822,0.264,241.620,3.600,0.000,0.000,11.0
2009-10-03,00:45:00,0.250,0.128,242.080,1.200,0.000,0.000,0.0
2009-10-03,00:46:00,0.250,0.128,242.060,1.200,0.000,0.000,1.0
2009-10-03,00:47:00,0.250,0.130,242.300,1.200,0.000,0.000,1.0
2009-10-03,00:48:00,0.190,0.000,242.650,0.800,0.000,0.000,0.0
2009-10-03,00:49:00,0.272,0.000,242.710,1.400,0.000,0.000,1.0
2009-10-03,00:50:00,0.326,0.000,243.500,1.600,0.000,0.000,1.0
2009-10-03,00:51:00,0.228,0.000,243.130,1.000,0.000,0.000,0.0
2009-10-03,00:52:00,0.224,0.000,243.190,1.000,0.000,0.000,1.0
2009-10-03,00:53:00,0.160,0.000,243.700,0.600,0.000,0.000,1.0
2009-10-03,00:54:00,0.160,0.000,243.870,0.600,0.000,0.000,0.0
2009-10-03,00:55:00,0.160,0.000,243.690,0.600,0.000,0.000,1.0
2009-10-03,00:56:00,0.160,0.000,244.270,0.600,0.000,0.000,1.0
2009-10-03,00:57:00,0.160,0.000,244.340,0.600,0.000,0.000,0.0
2009-10-03,00:58:00,0.160,0.000,243.780,0.600,0.000,0.000,1.0
2009-10-03,00:59:00,0.158,0.000,243.290,0.600,0.000,0.000,1.0
2009-10-03,01:00:00,0.158,0.000,243.230,0.600,0.000,0.000,0.0
2009-10-03,01:01:00,0.158,0.000,243.260,0.600,0.000,0.000,1.0
2009-10-03,01:02:00,0.158,0.000,243.400,0.600,0.000,0.000,1.0
2009-10-03,01:03:00,0.158,0.000,243.460,0.600,0.000,0.000,0.0
2009-10-03,01:04:00,0.158,0.000,243.240,0.600,0.000,0.000,1.0
2009-10-03,01:05:00,0.158,0.000,243.340,0.600,0.000,0.000,1.0
2009-10-03,01:06:00,0.260,0.108,243.110,1.200,0.000,0.000,0.0
2009-10-03,01:07:00,0.266,0.132,243.330,1.200,0.000,0.000,1.0
2009-10-03,01:08:00,0.260,0.128,242.340,1.200,0.000,0.000,1.0
2009-10-03,01:09:00,0.260,0.128,242.610,1.200,0.000,0.000,0.0
2009-10-03,01:10:00,0.260,0.132,243.580,1.200,0.000,0.000,1.0
2009-10-03,01:11:00,0.292,0.158,243.660,1.400,0.000,0.000,1.0
2009-10-03,01:12:00,0.332,0.236,242.920,1.600,0.000,0.000,0.0
2009-10-03,01:13:00,0.330,0.236,243.020,1.600,0.000,0.000,1.0
2009-10-03,01:14:00,0.330,0.236,243.090,1.600,0.000,0.000,1.0
2009-10-03,01:15:00,0.330,0.236,243.270,1.600,0.000,0.000,0.0
2009-10-03,01:16:00,0.328,0.238,243.310,1.600,0.000,0.000,1.0
2009-10-03,01:17:00,0.326,0.236,242.900,1.600,0.000,0.000,1.0
2009-10-03,01:18:00,0.324,0.236,242.910,1.600,0.000,0.000,0.0
2009-10-03,01:19:00,0.322,0.236,242.890,1.600,0.000,0.000,1.0
2009-10-03,01:20:00,0.322,0.238,243.280,1.600,0.000,0.000,0.0
2009-10-03,01:21:00,0.322,0.238,243.220,1.600,0.000,0.000,1.0
2009-10-03,01:22:00,0.320,0.236,242.940,1.600,0.000,0.000,1.0
2009-10-03,01:23:00,0.252,0.134,242.780,1.200,0.000,0.000,0.0
2009-10-03,01:24:00,0.208,0.070,242.710,0.800,0.000,0.000,1.0
2009-10-03,01:25:00,0.158,0.000,242.660,0.600,0.000,0.000,1.0
2009-10-03,01:26:00,0.158,0.000,242.760,0.600,0.000,0.000,0.0
2009-10-03,01:27:00,0.156,0.000,242.470,0.600,0.000,0.000,1.0
2009-10-03,01:28:00,0.156,0.000,241.930,0.600,0.000,0.000,1.0
2009-10-03,01:29:00,0.156,0.000,241.540,0.600,0.000,0.000,0.0
2009-10-03,01:30:00,0.156,0.000,241.580,0.600,0.000,0.000,1.0
2009-10-03,01:31:00,0.156,0.000,241.900,0.600,0.000,0.000,1.0
2009-10-03,01:32:00,0.156,0.000,241.810,0.600,0.000,0.000,0.0
2009-10-03,01:33:00,0.156,0.000,242.080,0.600,0.000,0.000,1.0
2009-10-03,01:34:00,0.156,0.000,241.970,0.600,0.000,0.000,1.0
2009-10-03,01:35:00,0.156,0.000,242.500,0.600,0.000,0.000,0.0
2009-10-03,01:36:00,0.156,0.000,242.370,0.600,0.000,0.000,1.0
2009-10-03,01:37:00,0.156,0.000,242.300,0.600,0.000,0.000,1.0
2009-10-03,01:38:00,0.156,0.000,242.400,0.600,0.000,0.000,0.0
2009-10-03,01:39:00,0.156,0.000,242.520,0.600,0.000,0.000,1.0
2009-10-03,01:40:00,0.156,0.000,242.460,0.600,0.000,0.000,1.0
2009-10-03,01:41:00,0.238,0.078,242.300,1.200,0.000,0.000,0.0
2009-10-03,01:42:00,0.264,0.126,242.290,1.200,0.000,0.000,1.0
2009-10-03,01:43:00,0.260,0.126,242.130,1.200,0.000,0.000,1.0
2009-10-03,01:44:00,0.258,0.128,242.210,1.200,0.000,0.000,0.0
2009-10-03,01:45:00,0.256,0.126,241.810,1.200,0.000,0.000,1.0
2009-10-03,01:46:00,0.254,0.128,242.120,1.200,0.000,0.000,1.0
2009-10-03,01:47:00,0.254,0.128,242.320,1.200,0.000,0.000,0.0
2009-10-03,01:48:00,0.252,0.128,242.250,1.200,0.000,0.000,1.0
2009-10-03,01:49:00,0.252,0.128,241.900,1.200,0.000,0.000,1.0
2009-10-03,01:50:00,0.252,0.128,241.910,1.200,0.000,0.000,0.0
2009-10-03,01:51:00,0.250,0.126,241.640,1.200,0.000,0.000,1.0
2009-10-03,01:52:00,0.250,0.124,241.100,1.200,0.000,0.000,1.0
2009-10-03,01:53:00,0.248,0.124,240.620,1.000,0.000,0.000,0.0
2009-10-03,01:54:00,0.248,0.122,240.060,1.000,0.000,0.000,1.0
2009-10-03,01:55:00,0.246,0.122,239.980,1.000,0.000,0.000,0.0
2009-10-03,01:56:00,0.246,0.122,240.070,1.000,0.000,0.000,1.0
2009-10-03,01:57:00,0.246,0.124,240.480,1.000,0.000,0.000,1.0
2009-10-03,01:58:00,0.184,0.000,240.930,0.800,0.000,0.000,0.0
2009-10-03,01:59:00,0.156,0.000,241.310,0.600,0.000,0.000,1.0
2009-10-03,02:00:00,0.156,0.000,241.440,0.600,0.000,0.000,1.0
2009-10-03,02:01:00,0.154,0.000,241.270,0.600,0.000,0.000,0.0
2009-10-03,02:02:00,0.236,0.078,241.540,1.200,0.000,0.000,1.0
2009-10-03,02:03:00,0.662,0.214,241.260,3.200,0.000,0.000,7.0
2009-10-03,02:04:00,0.860,0.256,240.840,3.600,0.000,0.000,12.0
2009-10-03,02:05:00,0.890,0.254,240.670,3.800,0.000,0.000,11.0
2009-10-03,02:06:00,0.910,0.254,240.680,3.800,0.000,0.000,12.0
2009-10-03,02:07:00,0.450,0.146,241.120,2.400,0.000,0.000,5.0
2009-10-03,02:08:00,0.230,0.094,241.030,1.000,0.000,0.000,1.0
2009-10-03,02:09:00,0.228,0.094,240.870,1.000,0.000,0.000,0.0
2009-10-03,02:10:00,0.228,0.094,240.580,1.000,0.000,0.000,1.0
2009-10-03,02:11:00,0.226,0.094,240.370,1.000,0.000,0.000,1.0
2009-10-03,02:12:00,0.226,0.094,240.460,1.000,0.000,0.000,0.0
2009-10-03,02:13:00,0.292,0.166,240.420,1.600,0.000,0.000,1.0
2009-10-03,02:14:00,0.260,0.136,240.760,1.200,0.000,2.000,0.0
2009-10-03,02:15:00,0.244,0.112,240.840,1.000,0.000,1.000,1.0
2009-10-03,02:16:00,0.272,0.132,240.910,1.400,0.000,2.000,1.0
2009-10-03,02:17:00,0.352,0.244,240.480,1.800,0.000,1.000,0.0
2009-10-03,02:18:00,0.348,0.244,240.550,1.800,0.000,2.000,1.0
2009-10-03,02:19:00,0.344,0.244,240.180,1.600,0.000,1.000,1.0
2009-10-03,02:20:00,0.342,0.244,240.590,1.600,0.000,1.000,0.0
2009-10-03,02:21:00,0.340,0.246,240.670,1.600,0.000,2.000,1.0
2009-10-03,02:22:00,0.338,0.244,240.570,1.600,0.000,1.000,1.0
2009-10-03,02:23:00,0.336,0.244,240.620,1.600,0.000,2.000,0.0
2009-10-03,02:24:00,0.336,0.244,240.540,1.600,0.000,1.000,1.0
2009-10-03,02:25:00,0.334,0.246,240.910,1.600,0.000,1.000,1.0
2009-10-03,02:26:00,0.334,0.246,240.930,1.600,0.000,2.000,0.0
2009-10-03,02:27:00,0.332,0.246,241.120,1.600,0.000,1.000,1.0
2009-10-03,02:28:00,0.330,0.246,241.040,1.600,0.000,2.000,1.0
2009-10-03,02:29:00,0.328,0.246,241.060,1.600,0.000,1.000,0.0
2009-10-03,02:30:00,0.328,0.246,241.110,1.600,0.000,1.000,1.0
2009-10-03,02:31:00,0.328,0.250,242.000,1.600,0.000,1.000,1.0
2009-10-03,02:32:00,0.328,0.250,242.170,1.600,0.000,2.000,0.0
2009-10-03,02:33:00,0.244,0.130,242.430,1.200,0.000,1.000,1.0
2009-10-03,02:34:00,0.234,0.116,242.170,1.000,0.000,1.000,1.0
2009-10-03,02:35:00,0.234,0.116,242.400,1.000,0.000,2.000,0.0
2009-10-03,02:36:00,0.234,0.116,242.290,1.000,0.000,1.000,1.0
2009-10-03,02:37:00,0.234,0.116,242.650,1.000,0.000,1.000,0.0
2009-10-03,02:38:00,0.236,0.120,243.710,1.000,0.000,1.000,1.0
2009-10-03,02:39:00,0.234,0.120,243.680,1.000,0.000,1.000,1.0
2009-10-03,02:40:00,0.234,0.120,243.570,1.000,0.000,2.000,0.0
2009-10-03,02:41:00,0.234,0.120,243.590,1.000,0.000,1.000,1.0
2009-10-03,02:42:00,0.232,0.116,242.720,1.000,0.000,1.000,1.0
2009-10-03,02:43:00,0.232,0.116,242.450,1.000,0.000,1.000,0.0
2009-10-03,02:44:00,0.232,0.118,243.060,1.000,0.000,2.000,1.0
2009-10-03,02:45:00,0.232,0.118,243.260,1.000,0.000,1.000,1.0
2009-10-03,02:46:00,0.232,0.118,243.370,1.000,0.000,1.000,0.0
2009-10-03,02:47:00,0.230,0.118,243.080,1.000,0.000,1.000,1.0
2009-10-03,02:48:00,0.232,0.118,243.210,1.000,0.000,1.000,1.0
2009-10-03,02:49:00,0.232,0.118,243.140,1.000,0.000,2.000,0.0
2009-10-03,02:50:00,0.230,0.118,243.050,1.000,0.000,1.000,1.0
2009-10-03,02:51:00,0.342,0.230,242.880,1.800,0.000,1.000,1.0
2009-10-03,02:52:00,0.414,0.358,242.690,2.200,0.000,1.000,0.0
2009-10-03,02:53:00,0.410,0.358,242.390,2.200,0.000,1.000,1.0
2009-10-03,02:54:00,0.404,0.354,242.130,2.200,0.000,2.000,1.0
2009-10-03,02:55:00,0.334,0.236,242.830,1.600,0.000,0.000,0.0
2009-10-03,02:56:00,0.332,0.238,243.290,1.600,0.000,0.000,1.0
2009-10-03,02:57:00,0.328,0.236,243.100,1.600,0.000,0.000,1.0
2009-10-03,02:58:00,0.324,0.234,242.710,1.600,0.000,0.000,0.0
2009-10-03,02:59:00,0.324,0.238,243.260,1.600,0.000,0.000,1.0
2009-10-03,03:00:00,0.324,0.238,243.310,1.600,0.000,0.000,1.0
2009-10-03,03:01:00,0.322,0.236,242.960,1.600,0.000,0.000,0.0
2009-10-03,03:02:00,0.322,0.236,242.880,1.600,0.000,0.000,1.0
2009-10-03,03:03:00,0.294,0.196,243.150,1.400,0.000,0.000,1.0
2009-10-03,03:04:00,0.252,0.132,243.240,1.200,0.000,0.000,0.0
2009-10-03,03:05:00,0.252,0.130,242.780,1.200,0.000,0.000,1.0
2009-10-03,03:06:00,0.252,0.130,242.870,1.200,0.000,0.000,1.0
2009-10-03,03:07:00,0.250,0.132,243.090,1.200,0.000,0.000,0.0
2009-10-03,03:08:00,0.192,0.046,243.660,0.800,0.000,0.000,1.0
2009-10-03,03:09:00,0.158,0.000,243.480,0.600,0.000,0.000,1.0
2009-10-03,03:10:00,0.158,0.000,243.680,0.600,0.000,0.000,0.0
2009-10-03,03:11:00,0.158,0.000,243.780,0.600,0.000,0.000,1.0
2009-10-03,03:12:00,0.158,0.000,243.730,0.600,0.000,0.000,1.0
2009-10-03,03:13:00,0.158,0.000,243.530,0.600,0.000,0.000,0.0
2009-10-03,03:14:00,0.158,0.000,243.690,0.600,0.000,0.000,1.0
2009-10-03,03:15:00,0.158,0.000,243.470,0.600,0.000,0.000,1.0
2009-10-03,03:16:00,0.158,0.000,243.540,0.600,0.000,0.000,0.0
2009-10-03,03:17:00,0.158,0.000,243.820,0.600,0.000,0.000,1.0
2009-10-03,03:18:00,0.158,0.000,243.940,0.600,0.000,0.000,1.0
2009-10-03,03:19:00,0.158,0.000,243.760,0.600,0.000,0.000,0.0
2009-10-03,03:20:00,0.158,0.000,243.740,0.600,0.000,0.000,1.0
2009-10-03,03:21:00,0.158,0.000,243.630,0.600,0.000,0.000,1.0
2009-10-03,03:22:00,0.158,0.000,243.550,0.600,0.000,0.000,0.0
2009-10-03,03:23:00,0.158,0.000,243.650,0.600,0.000,0.000,1.0
2009-10-03,03:24:00,0.160,0.000,243.370,0.600,0.000,0.000,1.0
2009-10-03,03:25:00,0.160,0.000,243.340,0.600,0.000,0.000,0.0
2009-10-03,03:26:00,0.160,0.000,243.110,0.600,0.000,0.000,1.0
2009-10-03,03:27:00,0.738,0.214,242.440,3.400,0.000,0.000,9.0
2009-10-03,03:28:00,0.902,0.302,242.530,3.800,0.000,0.000,11.0
2009-10-03,03:29:00,0.932,0.308,243.230,4.000,0.000,0.000,12.0
2009-10-03,03:30:00,0.946,0.306,243.240,4.000,0.000,0.000,12.0
2009-10-03,03:31:00,0.288,0.140,243.960,1.400,0.000,0.000,1.0
2009-10-03,03:32:00,0.260,0.134,243.760,1.200,0.000,0.000,1.0
2009-10-03,03:33:00,0.258,0.134,243.760,1.200,0.000,0.000,1.0
2009-10-03,03:34:00,0.258,0.132,243.780,1.200,0.000,0.000,0.0
2009-10-03,03:35:00,0.256,0.132,243.640,1.200,0.000,0.000,1.0
2009-10-03,03:36:00,0.256,0.132,243.720,1.200,0.000,0.000,1.0
2009-10-03,03:37:00,0.256,0.132,243.570,1.200,0.000,0.000,0.0
2009-10-03,03:38:00,0.254,0.132,243.480,1.200,0.000,0.000,1.0
2009-10-03,03:39:00,0.254,0.132,243.100,1.200,0.000,0.000,1.0
2009-10-03,03:40:00,0.254,0.132,243.320,1.200,0.000,0.000,0.0
2009-10-03,03:41:00,0.322,0.204,243.230,1.600,0.000,0.000,1.0
2009-10-03,03:42:00,0.332,0.240,244.020,1.600,0.000,0.000,1.0
2009-10-03,03:43:00,0.278,0.162,243.870,1.200,0.000,0.000,0.0
2009-10-03,03:44:00,0.238,0.102,244.000,1.000,0.000,0.000,1.0
2009-10-03,03:45:00,0.236,0.102,243.740,1.000,0.000,0.000,1.0
2009-10-03,03:46:00,0.236,0.102,243.710,1.000,0.000,0.000,0.0
2009-10-03,03:47:00,0.234,0.102,243.700,1.000,0.000,0.000,1.0
2009-10-03,03:48:00,0.232,0.102,243.790,1.000,0.000,0.000,1.0
2009-10-03,03:49:00,0.232,0.102,243.560,1.000,0.000,0.000,0.0
2009-10-03,03:50:00,0.230,0.100,243.520,1.000,0.000,0.000,1.0
2009-10-03,03:51:00,0.230,0.102,243.700,1.000,0.000,0.000,1.0
2009-10-03,03:52:00,0.230,0.102,243.600,1.000,0.000,0.000,0.0
2009-10-03,03:53:00,0.190,0.000,243.390,0.800,0.000,0.000,1.0
2009-10-03,03:54:00,0.158,0.000,243.290,0.600,0.000,0.000,1.0
2009-10-03,03:55:00,0.160,0.000,243.620,0.600,0.000,0.000,0.0
2009-10-03,03:56:00,0.158,0.000,243.460,0.600,0.000,0.000,1.0
2009-10-03,03:57:00,0.158,0.000,243.330,0.600,0.000,0.000,1.0
2009-10-03,03:58:00,0.158,0.000,243.420,0.600,0.000,0.000,0.0
2009-10-03,03:59:00,0.160,0.000,243.900,0.600,0.000,0.000,1.0
2009-10-03,04:00:00,0.158,0.000,243.510,0.600,0.000,0.000,1.0
2009-10-03,04:01:00,0.160,0.000,243.400,0.600,0.000,0.000,0.0
2009-10-03,04:02:00,0.210,0.000,243.540,1.000,0.000,0.000,1.0
2009-10-03,04:03:00,0.268,0.132,243.500,1.200,0.000,0.000,1.0
2009-10-03,04:04:00,0.264,0.130,243.250,1.200,0.000,0.000,0.0
2009-10-03,04:05:00,0.260,0.128,242.820,1.200,0.000,0.000,1.0
2009-10-03,04:06:00,0.260,0.130,243.170,1.200,0.000,0.000,1.0
2009-10-03,04:07:00,0.258,0.132,243.420,1.200,0.000,0.000,0.0
2009-10-03,04:08:00,0.258,0.132,243.570,1.200,0.000,0.000,1.0
2009-10-03,04:09:00,0.256,0.132,243.360,1.200,0.000,0.000,1.0
2009-10-03,04:10:00,0.256,0.132,243.570,1.200,0.000,0.000,0.0
2009-10-03,04:11:00,0.254,0.132,243.390,1.200,0.000,0.000,1.0
2009-10-03,04:12:00,0.254,0.132,243.640,1.200,0.000,0.000,1.0
2009-10-03,04:13:00,0.254,0.132,243.680,1.200,0.000,0.000,0.0
2009-10-03,04:14:00,0.254,0.132,243.430,1.200,0.000,0.000,1.0
2009-10-03,04:15:00,0.252,0.132,243.330,1.200,0.000,0.000,1.0
2009-10-03,04:16:00,0.252,0.132,243.500,1.200,0.000,0.000,0.0
2009-10-03,04:17:00,0.252,0.132,243.630,1.200,0.000,0.000,1.0
2009-10-03,04:18:00,0.228,0.096,243.840,1.000,0.000,0.000,1.0
2009-10-03,04:19:00,0.160,0.000,243.880,0.600,0.000,0.000,0.0
2009-10-03,04:20:00,0.160,0.000,243.740,0.600,0.000,0.000,1.0
2009-10-03,04:21:00,0.160,0.000,243.950,0.600,0.000,0.000,1.0
2009-10-03,04:22:00,0.158,0.000,243.880,0.600,0.000,0.000,0.0
2009-10-03,04:23:00,0.158,0.000,243.910,0.600,0.000,0.000,1.0
2009-10-03,04:24:00,0.158,0.000,243.720,0.600,0.000,0.000,1.0
2009-10-03,04:25:00,0.160,0.000,244.000,0.600,0.000,0.000,0.0
2009-10-03,04:26:00,0.160,0.000,244.410,0.600,0.000,0.000,1.0
2009-10-03,04:27:00,0.160,0.000,244.480,0.600,0.000,0.000,1.0
2009-10-03,04:28:00,0.160,0.000,244.750,0.600,0.000,0.000,0.0
2009-10-03,04:29:00,0.160,0.000,244.240,0.600,0.000,0.000,1.0
2009-10-03,04:30:00,0.158,0.000,243.880,0.600,0.000,0.000,1.0
2009-10-03,04:31:00,0.194,0.000,243.650,1.000,0.000,0.000,0.0
2009-10-03,04:32:00,0.236,0.100,243.640,1.000,0.000,0.000,1.0
2009-10-03,04:33:00,0.236,0.100,243.630,1.000,0.000,0.000,1.0
2009-10-03,04:34:00,0.284,0.148,243.600,1.400,0.000,0.000,0.0
2009-10-03,04:35:00,0.322,0.224,243.430,1.600,0.000,1.000,1.0
2009-10-03,04:36:00,0.320,0.226,243.680,1.600,0.000,1.000,1.0
2009-10-03,04:37:00,0.320,0.226,243.770,1.600,0.000,1.000,0.0
2009-10-03,04:38:00,0.420,0.340,243.720,2.200,0.000,2.000,1.0
2009-10-03,04:39:00,0.424,0.364,243.530,2.200,0.000,1.000,1.0
2009-10-03,04:40:00,0.420,0.366,244.170,2.200,0.000,2.000,0.0
2009-10-03,04:41:00,0.416,0.366,244.020,2.200,0.000,1.000,1.0
2009-10-03,04:42:00,0.414,0.364,243.580,2.200,0.000,2.000,1.0
2009-10-03,04:43:00,0.384,0.318,243.890,2.000,0.000,1.000,0.0
2009-10-03,04:44:00,0.344,0.260,244.050,1.600,0.000,2.000,1.0
2009-10-03,04:45:00,0.342,0.260,244.060,1.600,0.000,1.000,1.0
2009-10-03,04:46:00,0.342,0.260,244.070,1.600,0.000,1.000,0.0
2009-10-03,04:47:00,0.340,0.258,243.910,1.600,0.000,2.000,1.0
2009-10-03,04:48:00,0.432,0.258,243.970,2.400,0.000,1.000,1.0
2009-10-03,04:49:00,1.528,0.262,243.030,6.400,0.000,1.000,20.0
2009-10-03,04:50:00,2.072,0.416,242.520,8.600,0.000,2.000,30.0
2009-10-03,04:51:00,2.072,0.412,242.210,8.600,0.000,1.000,30.0
2009-10-03,04:52:00,2.088,0.408,241.860,8.800,0.000,1.000,30.0
2009-10-03,04:53:00,1.830,0.344,242.420,7.800,0.000,2.000,26.0
2009-10-03,04:54:00,1.340,0.126,242.670,5.400,0.000,1.000,18.0
2009-10-03,04:55:00,1.326,0.106,242.910,5.400,0.000,1.000,19.0
2009-10-03,04:56:00,1.322,0.104,242.710,5.400,0.000,1.000,19.0
2009-10-03,04:57:00,1.322,0.104,242.710,5.400,0.000,2.000,19.0
2009-10-03,04:58:00,1.322,0.104,242.810,5.400,0.000,1.000,18.0
2009-10-03,04:59:00,1.322,0.106,242.900,5.400,0.000,1.000,19.0
2009-10-03,05:00:00,1.320,0.104,242.790,5.400,0.000,1.000,19.0
2009-10-03,05:01:00,1.316,0.104,242.570,5.400,0.000,2.000,18.0
2009-10-03,05:02:00,1.318,0.104,242.680,5.400,0.000,1.000,19.0
2009-10-03,05:03:00,1.318,0.104,242.720,5.400,0.000,1.000,19.0
2009-10-03,05:04:00,1.312,0.104,242.210,5.400,0.000,1.000,18.0
2009-10-03,05:05:00,1.312,0.104,242.210,5.400,0.000,2.000,19.0
2009-10-03,05:06:00,1.314,0.104,242.650,5.400,0.000,1.000,19.0
2009-10-03,05:07:00,1.318,0.104,242.850,5.400,0.000,1.000,18.0
2009-10-03,05:08:00,1.310,0.102,242.140,5.400,0.000,1.000,19.0
2009-10-03,05:09:00,1.304,0.102,241.680,5.400,0.000,1.000,19.0
2009-10-03,05:10:00,1.306,0.102,241.830,5.400,0.000,1.000,18.0
2009-10-03,05:11:00,1.306,0.102,241.770,5.400,0.000,2.000,19.0
2009-10-03,05:12:00,1.306,0.102,241.930,5.400,0.000,1.000,18.0
2009-10-03,05:13:00,1.340,0.132,241.790,5.600,0.000,1.000,19.0
2009-10-03,05:14:00,1.416,0.238,241.900,5.800,0.000,1.000,18.0
2009-10-03,05:15:00,1.408,0.236,241.710,5.800,0.000,1.000,19.0
2009-10-03,05:16:00,1.344,0.136,241.400,5.600,0.000,1.000,18.0
2009-10-03,05:17:00,1.332,0.114,241.500,5.400,0.000,0.000,19.0
2009-10-03,05:18:00,1.332,0.116,241.840,5.400,0.000,0.000,18.0
2009-10-03,05:19:00,1.336,0.116,242.360,5.400,0.000,0.000,19.0
2009-10-03,05:20:00,1.336,0.116,242.420,5.400,0.000,0.000,19.0
2009-10-03,05:21:00,1.338,0.118,242.670,5.400,0.000,0.000,18.0
2009-10-03,05:22:00,1.416,0.206,242.700,5.800,0.000,0.000,19.0
2009-10-03,05:23:00,0.540,0.234,243.420,3.000,0.000,0.000,5.0
2009-10-03,05:24:00,0.332,0.238,243.850,1.600,0.000,0.000,1.0
2009-10-03,05:25:00,0.330,0.240,244.060,1.600,0.000,0.000,0.0
2009-10-03,05:26:00,0.328,0.238,243.520,1.600,0.000,0.000,1.0
2009-10-03,05:27:00,0.326,0.236,243.030,1.600,0.000,0.000,1.0
2009-10-03,05:28:00,0.324,0.236,243.310,1.600,0.000,0.000,0.0
2009-10-03,05:29:00,0.268,0.156,243.500,1.200,0.000,0.000,1.0
2009-10-03,05:30:00,0.230,0.102,243.490,1.000,0.000,0.000,1.0
2009-10-03,05:31:00,0.228,0.100,243.300,1.000,0.000,0.000,0.0
2009-10-03,05:32:00,0.228,0.102,243.620,1.000,0.000,0.000,1.0
2009-10-03,05:33:00,0.228,0.102,243.650,1.000,0.000,0.000,1.0
2009-10-03,05:34:00,0.184,0.000,244.290,0.800,0.000,0.000,0.0
2009-10-03,05:35:00,0.158,0.000,244.060,0.600,0.000,0.000,1.0
2009-10-03,05:36:00,0.160,0.000,244.240,0.600,0.000,0.000,1.0
2009-10-03,05:37:00,0.158,0.000,244.010,0.600,0.000,0.000,0.0
2009-10-03,05:38:00,0.158,0.000,243.610,0.600,0.000,0.000,1.0
2009-10-03,05:39:00,0.158,0.000,243.330,0.600,0.000,0.000,1.0
2009-10-03,05:40:00,0.158,0.000,243.680,0.600,0.000,0.000,0.0
2009-10-03,05:41:00,0.158,0.000,243.500,0.600,0.000,0.000,1.0
2009-10-03,05:42:00,0.158,0.000,243.290,0.600,0.000,0.000,1.0
2009-10-03,05:43:00,0.158,0.000,243.270,0.600,0.000,0.000,0.0
2009-10-03,05:44:00,0.158,0.000,243.460,0.600,0.000,0.000,1.0
2009-10-03,05:45:00,0.158,0.000,243.280,0.600,0.000,0.000,1.0
2009-10-03,05:46:00,0.158,0.000,243.390,0.600,0.000,0.000,0.0
2009-10-03,05:47:00,0.158,0.000,243.870,0.600,0.000,0.000,1.0
2009-10-03,05:48:00,0.158,0.000,243.340,0.600,0.000,0.000,1.0
2009-10-03,05:49:00,0.254,0.098,242.860,1.200,0.000,0.000,0.0
2009-10-03,05:50:00,0.266,0.130,243.310,1.200,0.000,0.000,1.0
2009-10-03,05:51:00,0.262,0.132,243.740,1.200,0.000,0.000,0.0
2009-10-03,05:52:00,0.262,0.132,243.870,1.200,0.000,0.000,1.0
2009-10-03,05:53:00,0.260,0.132,243.710,1.200,0.000,0.000,1.0
2009-10-03,05:54:00,0.258,0.132,243.820,1.200,0.000,0.000,0.0
2009-10-03,05:55:00,0.256,0.132,243.900,1.200,0.000,0.000,1.0
2009-10-03,05:56:00,0.256,0.132,243.850,1.200,0.000,0.000,1.0
2009-10-03,05:57:00,0.256,0.132,243.880,1.200,0.000,0.000,0.0
2009-10-03,05:58:00,0.254,0.130,243.280,1.200,0.000,0.000,1.0
2009-10-03,05:59:00,0.254,0.130,243.300,1.200,0.000,0.000,1.0
2009-10-03,06:00:00,0.254,0.132,243.560,1.200,0.000,0.000,0.0
2009-10-03,06:01:00,0.254,0.130,243.060,1.200,0.000,0.000,1.0
2009-10-03,06:02:00,0.254,0.130,243.290,1.200,0.000,0.000,1.0
2009-10-03,06:03:00,0.252,0.130,242.930,1.200,0.000,0.000,0.0
2009-10-03,06:04:00,0.224,0.086,242.870,1.000,0.000,0.000,1.0
2009-10-03,06:05:00,0.160,0.000,243.270,0.600,0.000,0.000,1.0
2009-10-03,06:06:00,0.160,0.000,243.420,0.600,0.000,0.000,0.0
2009-10-03,06:07:00,0.160,0.000,243.520,0.600,0.000,0.000,1.0
2009-10-03,06:08:00,0.160,0.000,244.150,0.600,0.000,0.000,1.0
2009-10-03,06:09:00,0.160,0.000,243.990,0.600,0.000,0.000,0.0
2009-10-03,06:10:00,0.160,0.000,244.230,0.600,0.000,0.000,1.0
2009-10-03,06:11:00,0.182,0.000,243.910,1.000,0.000,0.000,1.0
2009-10-03,06:12:00,0.782,0.176,243.590,3.200,0.000,0.000,11.0
2009-10-03,06:13:00,0.844,0.212,243.820,3.600,0.000,0.000,11.0
2009-10-03,06:14:00,0.908,0.274,243.110,3.800,0.000,0.000,12.0
2009-10-03,06:15:00,0.800,0.240,242.590,3.600,0.000,0.000,11.0
2009-10-03,06:16:00,0.236,0.098,242.570,1.000,0.000,0.000,0.0
2009-10-03,06:17:00,0.236,0.098,242.670,1.000,0.000,0.000,1.0
2009-10-03,06:18:00,0.234,0.098,242.620,1.000,0.000,0.000,0.0
2009-10-03,06:19:00,0.234,0.100,242.880,1.000,0.000,0.000,1.0
2009-10-03,06:20:00,0.232,0.100,242.970,1.000,0.000,0.000,1.0
2009-10-03,06:21:00,0.232,0.100,243.100,1.000,0.000,0.000,0.0
2009-10-03,06:22:00,0.230,0.098,242.240,1.000,0.000,0.000,1.0
2009-10-03,06:23:00,0.228,0.098,242.140,1.000,0.000,0.000,1.0
2009-10-03,06:24:00,0.252,0.112,241.900,1.200,0.000,0.000,0.0
2009-10-03,06:25:00,0.282,0.148,241.760,1.200,0.000,0.000,1.0
2009-10-03,06:26:00,0.264,0.126,241.750,1.200,0.000,0.000,1.0
2009-10-03,06:27:00,0.260,0.126,241.430,1.200,0.000,0.000,0.0
2009-10-03,06:28:00,0.258,0.126,241.710,1.200,0.000,0.000,1.0
2009-10-03,06:29:00,0.258,0.126,241.610,1.200,0.000,0.000,1.0
2009-10-03,06:30:00,0.256,0.128,242.060,1.200,0.000,0.000,0.0
2009-10-03,06:31:00,0.254,0.126,241.540,1.200,0.000,0.000,1.0
2009-10-03,06:32:00,0.254,0.126,241.540,1.200,0.000,0.000,1.0
2009-10-03,06:33:00,0.254,0.126,241.860,1.200,0.000,0.000,0.0
2009-10-03,06:34:00,0.252,0.128,242.000,1.200,0.000,0.000,1.0
2009-10-03,06:35:00,0.252,0.126,241.260,1.200,0.000,0.000,1.0
2009-10-03,06:36:00,0.252,0.128,242.160,1.200,0.000,0.000,0.0
2009-10-03,06:37:00,0.252,0.130,242.600,1.200,0.000,0.000,1.0
2009-10-03,06:38:00,0.252,0.128,242.140,1.200,0.000,0.000,1.0
2009-10-03,06:39:00,0.250,0.128,242.030,1.200,0.000,0.000,0.0
2009-10-03,06:40:00,0.238,0.110,242.210,1.000,0.000,0.000,1.0
2009-10-03,06:41:00,0.156,0.000,241.950,0.600,0.000,0.000,1.0
2009-10-03,06:42:00,0.156,0.000,241.940,0.600,0.000,0.000,0.0
2009-10-03,06:43:00,0.156,0.000,242.240,0.600,0.000,0.000,1.0
2009-10-03,06:44:00,0.156,0.000,242.210,0.600,0.000,0.000,1.0
2009-10-03,06:45:00,0.438,0.000,242.250,1.800,0.000,0.000,0.0
2009-10-03,06:46:00,0.408,0.000,242.090,1.600,0.000,0.000,1.0
2009-10-03,06:47:00,0.270,0.000,242.490,1.000,0.000,0.000,1.0
2009-10-03,06:48:00,0.270,0.000,243.020,1.000,0.000,0.000,0.0
2009-10-03,06:49:00,0.270,0.000,243.120,1.000,0.000,0.000,1.0
2009-10-03,06:50:00,1.064,0.000,242.660,4.800,0.000,0.000,13.0
2009-10-03,06:51:00,1.390,0.000,241.880,5.600,0.000,0.000,19.0
2009-10-03,06:52:00,1.374,0.000,241.680,5.600,0.000,0.000,19.0
2009-10-03,06:53:00,1.358,0.000,241.450,5.600,0.000,0.000,19.0
2009-10-03,06:54:00,1.348,0.000,241.080,5.600,0.000,0.000,19.0
2009-10-03,06:55:00,1.348,0.000,241.220,5.600,0.000,0.000,18.0
2009-10-03,06:56:00,1.396,0.000,241.070,5.800,0.000,0.000,19.0
2009-10-03,06:57:00,1.428,0.098,240.920,5.800,0.000,1.000,18.0
2009-10-03,06:58:00,1.430,0.100,241.310,5.800,0.000,1.000,19.0
2009-10-03,06:59:00,1.428,0.100,241.220,5.800,0.000,2.000,18.0
2009-10-03,07:00:00,1.426,0.098,240.980,5.800,0.000,1.000,19.0
2009-10-03,07:01:00,1.500,0.174,241.080,6.200,0.000,2.000,18.0
2009-10-03,07:02:00,1.534,0.234,241.170,6.400,0.000,1.000,19.0
2009-10-03,07:03:00,1.524,0.232,240.770,6.400,0.000,1.000,18.0
2009-10-03,07:04:00,1.586,0.298,240.990,6.600,0.000,2.000,18.0
2009-10-03,07:05:00,1.596,0.336,240.970,6.600,0.000,1.000,19.0
2009-10-03,07:06:00,1.594,0.334,240.740,6.600,0.000,2.000,18.0
2009-10-03,07:07:00,1.806,0.332,240.400,7.600,0.000,1.000,19.0
2009-10-03,07:08:00,1.758,0.332,240.310,7.400,0.000,1.000,18.0
2009-10-03,07:09:00,1.658,0.332,240.420,7.000,0.000,2.000,18.0
2009-10-03,07:10:00,2.038,0.486,240.290,8.800,0.000,1.000,19.0
2009-10-03,07:11:00,2.194,0.522,239.790,9.400,0.000,2.000,18.0
2009-10-03,07:12:00,2.192,0.522,239.780,9.400,0.000,1.000,18.0
2009-10-03,07:13:00,2.778,0.680,238.510,12.200,0.000,1.000,23.0
2009-10-03,07:14:00,2.780,0.660,237.870,12.000,0.000,1.000,28.0
2009-10-03,07:15:00,2.816,0.664,238.340,12.200,0.000,2.000,29.0
2009-10-03,07:16:00,2.822,0.626,238.470,12.000,0.000,1.000,29.0
2009-10-03,07:17:00,2.652,0.448,238.810,11.200,0.000,1.000,29.0
2009-10-03,07:18:00,1.612,0.154,239.590,6.800,0.000,1.000,18.0
2009-10-03,07:19:00,1.634,0.092,239.410,6.800,0.000,2.000,18.0
2009-10-03,07:20:00,1.636,0.102,239.330,6.800,0.000,1.000,19.0
2009-10-03,07:21:00,1.636,0.102,239.260,6.800,0.000,1.000,18.0
2009-10-03,07:22:00,1.632,0.102,239.040,6.800,0.000,1.000,18.0
2009-10-03,07:23:00,1.630,0.100,238.880,6.800,0.000,2.000,18.0
2009-10-03,07:24:00,1.630,0.102,239.010,6.800,0.000,1.000,18.0
2009-10-03,07:25:00,1.646,0.104,240.240,6.800,0.000,1.000,18.0
2009-10-03,07:26:00,1.652,0.106,240.710,6.800,0.000,1.000,19.0
2009-10-03,07:27:00,1.648,0.106,240.410,6.800,0.000,1.000,18.0
2009-10-03,07:28:00,1.640,0.104,239.790,6.800,0.000,2.000,18.0
2009-10-03,07:29:00,1.640,0.104,239.730,6.800,0.000,1.000,19.0
2009-10-03,07:30:00,1.638,0.104,239.660,6.800,0.000,1.000,18.0
2009-10-03,07:31:00,1.634,0.102,238.980,6.800,0.000,1.000,18.0
2009-10-03,07:32:00,2.000,0.184,238.940,8.400,0.000,1.000,18.0
2009-10-03,07:33:00,2.940,0.116,237.610,12.600,0.000,2.000,18.0
2009-10-03,07:34:00,2.538,0.130,237.950,11.000,0.000,1.000,18.0
2009-10-03,07:35:00,2.426,0.192,237.690,10.400,0.000,1.000,18.0
2009-10-03,07:36:00,2.792,0.262,238.000,12.000,0.000,1.000,18.0
2009-10-03,07:37:00,2.646,0.214,238.380,11.400,0.000,1.000,18.0
2009-10-03,07:38:00,2.494,0.144,238.650,10.800,0.000,0.000,18.0
2009-10-03,07:39:00,1.866,0.118,239.290,8.000,0.000,0.000,18.0
2009-10-03,07:40:00,1.666,0.116,239.720,6.800,0.000,0.000,18.0
2009-10-03,07:41:00,1.664,0.116,239.030,6.800,0.000,0.000,19.0
2009-10-03,07:42:00,1.730,0.114,239.140,7.200,0.000,0.000,18.0
2009-10-03,07:43:00,1.720,0.114,238.810,7.200,0.000,0.000,18.0
2009-10-03,07:44:00,1.708,0.114,238.580,7.200,0.000,0.000,18.0
2009-10-03,07:45:00,1.702,0.114,238.360,7.000,0.000,0.000,18.0
2009-10-03,07:46:00,1.706,0.114,238.600,7.200,0.000,0.000,18.0
2009-10-03,07:47:00,1.782,0.116,239.630,7.400,0.000,0.000,18.0
2009-10-03,07:48:00,1.974,0.196,238.900,8.200,0.000,0.000,18.0
2009-10-03,07:49:00,1.954,0.212,239.230,8.200,0.000,0.000,19.0
2009-10-03,07:50:00,3.084,0.204,238.350,13.000,0.000,0.000,18.0
2009-10-03,07:51:00,3.198,0.198,237.020,13.400,0.000,0.000,17.0
2009-10-03,07:52:00,2.830,0.200,237.240,12.200,0.000,0.000,18.0
2009-10-03,07:53:00,1.772,0.212,238.170,7.400,0.000,0.000,18.0
2009-10-03,07:54:00,1.688,0.086,238.450,7.000,0.000,0.000,18.0
2009-10-03,07:55:00,1.686,0.086,238.810,7.000,0.000,0.000,18.0
2009-10-03,07:56:00,1.686,0.086,238.810,7.000,0.000,0.000,19.0
2009-10-03,07:57:00,1.682,0.084,238.310,7.000,0.000,0.000,18.0
2009-10-03,07:58:00,1.678,0.084,238.500,7.000,0.000,0.000,18.0
2009-10-03,07:59:00,1.674,0.084,238.410,7.000,0.000,0.000,18.0
2009-10-03,08:00:00,1.634,0.000,239.050,6.800,0.000,0.000,18.0
2009-10-03,08:01:00,1.626,0.000,239.470,6.800,0.000,0.000,18.0
2009-10-03,08:02:00,1.626,0.000,239.570,6.800,0.000,0.000,18.0
2009-10-03,08:03:00,1.608,0.000,238.960,6.600,0.000,0.000,18.0
2009-10-03,08:04:00,1.470,0.000,238.050,6.200,0.000,0.000,18.0
2009-10-03,08:05:00,1.266,0.000,238.530,5.200,0.000,0.000,18.0
2009-10-03,08:06:00,1.332,0.000,238.810,5.600,0.000,0.000,19.0
2009-10-03,08:07:00,1.262,0.000,237.850,5.200,0.000,0.000,17.0
2009-10-03,08:08:00,1.266,0.000,237.630,5.200,0.000,0.000,18.0
2009-10-03,08:09:00,1.260,0.000,236.970,5.200,0.000,0.000,18.0
2009-10-03,08:10:00,1.256,0.000,237.580,5.200,0.000,0.000,18.0
2009-10-03,08:11:00,1.258,0.000,237.970,5.200,0.000,0.000,18.0
2009-10-03,08:12:00,1.288,0.000,237.540,5.400,0.000,0.000,18.0
2009-10-03,08:13:00,1.316,0.116,238.040,5.400,0.000,0.000,18.0
2009-10-03,08:14:00,1.304,0.116,238.240,5.400,0.000,0.000,18.0
2009-10-03,08:15:00,1.300,0.116,238.210,5.400,0.000,0.000,18.0
2009-10-03,08:16:00,1.302,0.118,238.470,5.400,0.000,0.000,18.0
2009-10-03,08:17:00,1.396,0.144,238.790,5.800,0.000,0.000,19.0
2009-10-03,08:18:00,1.910,0.262,237.760,8.000,0.000,0.000,29.0
2009-10-03,08:19:00,1.928,0.262,237.780,8.200,0.000,0.000,28.0
2009-10-03,08:20:00,1.956,0.262,237.920,8.200,0.000,0.000,29.0
2009-10-03,08:21:00,1.970,0.266,238.400,8.200,0.000,0.000,29.0
2009-10-03,08:22:00,1.464,0.146,238.810,6.200,0.000,0.000,21.0
2009-10-03,08:23:00,1.502,0.114,238.580,6.200,0.000,0.000,18.0
2009-10-03,08:24:00,1.570,0.112,238.410,6.600,0.000,0.000,18.0
2009-10-03,08:25:00,1.576,0.114,238.970,6.600,0.000,0.000,18.0
2009-10-03,08:26:00,1.458,0.114,237.850,6.000,0.000,0.000,18.0
2009-10-03,08:27:00,1.290,0.116,237.990,5.400,0.000,0.000,18.0
2009-10-03,08:28:00,1.256,0.060,238.680,5.200,0.000,0.000,18.0
2009-10-03,08:29:00,1.212,0.000,239.280,5.000,0.000,0.000,18.0
2009-10-03,08:30:00,1.210,0.000,239.110,5.000,0.000,0.000,18.0
2009-10-03,08:31:00,1.208,0.000,238.910,5.000,0.000,0.000,19.0
2009-10-03,08:32:00,1.212,0.000,238.880,5.000,0.000,0.000,18.0
2009-10-03,08:33:00,1.210,0.000,238.720,5.000,0.000,0.000,18.0
2009-10-03,08:34:00,1.266,0.000,238.240,5.200,0.000,0.000,18.0
2009-10-03,08:35:00,1.282,0.000,238.480,5.200,2.000,0.000,18.0
2009-10-03,08:36:00,1.278,0.000,238.860,5.200,1.000,0.000,18.0
2009-10-03,08:37:00,1.270,0.000,238.390,5.200,1.000,0.000,18.0
2009-10-03,08:38:00,1.270,0.000,238.210,5.200,1.000,0.000,18.0
2009-10-03,08:39:00,1.300,0.000,238.470,5.400,1.000,0.000,18.0
2009-10-03,08:40:00,1.344,0.096,238.060,5.600,2.000,0.000,18.0
2009-10-03,08:41:00,1.340,0.096,237.830,5.600,1.000,0.000,18.0
2009-10-03,08:42:00,1.344,0.098,238.040,5.600,1.000,0.000,18.0
2009-10-03,08:43:00,1.346,0.098,238.200,5.600,1.000,0.000,18.0
2009-10-03,08:44:00,1.344,0.098,238.240,5.600,1.000,0.000,18.0
2009-10-03,08:45:00,1.332,0.096,237.240,5.600,2.000,0.000,18.0
2009-10-03,08:46:00,1.338,0.100,237.290,5.600,1.000,0.000,18.0
2009-10-03,08:47:00,1.330,0.096,237.060,5.600,1.000,0.000,18.0
2009-10-03,08:48:00,1.360,0.118,237.400,5.600,1.000,0.000,18.0
2009-10-03,08:49:00,1.438,0.224,237.380,6.000,2.000,0.000,17.0
2009-10-03,08:50:00,1.436,0.226,237.800,6.000,1.000,0.000,18.0
2009-10-03,08:51:00,1.392,0.164,237.560,5.800,1.000,0.000,18.0
2009-10-03,08:52:00,1.358,0.150,237.410,5.600,1.000,0.000,18.0
2009-10-03,08:53:00,1.320,0.148,236.760,5.600,1.000,0.000,18.0
2009-10-03,08:54:00,1.362,0.132,237.040,5.600,1.000,0.000,18.0
2009-10-03,08:55:00,2.708,0.114,235.630,12.200,22.000,0.000,17.0
2009-10-03,08:56:00,3.506,0.104,235.880,14.800,38.000,0.000,18.0
2009-10-03,08:57:00,3.494,0.104,235.630,14.800,37.000,0.000,18.0
2009-10-03,08:58:00,3.476,0.104,235.170,14.800,36.000,0.000,17.0
2009-10-03,08:59:00,3.512,0.108,236.630,14.800,38.000,0.000,18.0
2009-10-03,09:00:00,3.564,0.112,238.550,14.800,37.000,0.000,18.0
2009-10-03,09:01:00,3.536,0.110,237.580,14.800,38.000,0.000,18.0
2009-10-03,09:02:00,3.538,0.110,237.730,14.800,37.000,0.000,18.0
2009-10-03,09:03:00,3.550,0.112,238.230,14.800,38.000,0.000,18.0
2009-10-03,09:04:00,3.464,0.000,237.940,14.400,37.000,0.000,18.0
2009-10-03,09:05:00,3.478,0.000,239.020,14.400,38.000,0.000,18.0
2009-10-03,09:06:00,3.118,0.000,239.670,13.400,33.000,0.000,18.0
2009-10-03,09:07:00,1.316,0.000,241.630,5.400,1.000,0.000,19.0
2009-10-03,09:08:00,1.318,0.000,242.290,5.400,2.000,0.000,18.0
2009-10-03,09:09:00,1.316,0.000,242.730,5.400,1.000,0.000,19.0
2009-10-03,09:10:00,1.314,0.000,242.610,5.400,1.000,0.000,19.0
2009-10-03,09:11:00,1.318,0.000,242.770,5.400,1.000,0.000,19.0
2009-10-03,09:12:00,1.298,0.000,241.110,5.200,1.000,0.000,18.0
2009-10-03,09:13:00,1.294,0.000,240.460,5.200,2.000,0.000,18.0
2009-10-03,09:14:00,1.278,0.000,239.240,5.200,1.000,0.000,19.0
2009-10-03,09:15:00,1.280,0.000,239.190,5.200,1.000,0.000,18.0
2009-10-03,09:16:00,1.274,0.000,238.770,5.200,1.000,0.000,18.0
2009-10-03,09:17:00,1.282,0.000,239.450,5.200,1.000,0.000,18.0
2009-10-03,09:18:00,1.360,0.092,239.260,5.600,2.000,0.000,18.0
2009-10-03,09:19:00,1.366,0.118,239.290,5.600,1.000,1.000,18.0
2009-10-03,09:20:00,1.366,0.118,239.420,5.600,1.000,2.000,19.0
2009-10-03,09:21:00,1.376,0.122,240.070,5.600,1.000,1.000,18.0
2009-10-03,09:22:00,1.376,0.122,240.280,5.600,1.000,2.000,18.0
2009-10-03,09:23:00,1.378,0.122,240.340,5.600,2.000,1.000,18.0
2009-10-03,09:24:00,1.400,0.144,239.690,5.800,1.000,1.000,19.0
2009-10-03,09:25:00,1.474,0.250,239.410,6.200,1.000,2.000,18.0
2009-10-03,09:26:00,1.454,0.244,237.960,6.200,1.000,1.000,18.0
2009-10-03,09:27:00,1.444,0.240,237.290,6.000,1.000,2.000,18.0
2009-10-03,09:28:00,1.440,0.240,237.010,6.000,1.000,1.000,18.0
2009-10-03,09:29:00,1.450,0.244,238.280,6.000,2.000,1.000,18.0
2009-10-03,09:30:00,1.468,0.254,240.160,6.200,1.000,2.000,18.0
2009-10-03,09:31:00,1.464,0.252,240.050,6.200,1.000,1.000,18.0
2009-10-03,09:32:00,1.544,0.342,240.030,6.600,1.000,2.000,18.0
2009-10-03,09:33:00,1.532,0.356,239.920,6.400,1.000,1.000,19.0
2009-10-03,09:34:00,1.520,0.348,238.560,6.400,2.000,1.000,18.0
2009-10-03,09:35:00,2.022,0.478,239.330,8.600,1.000,2.000,26.0
2009-10-03,09:36:00,2.152,0.508,239.510,9.200,1.000,1.000,28.0
2009-10-03,09:37:00,2.178,0.510,239.620,9.200,1.000,1.000,30.0
2009-10-03,09:38:00,2.188,0.502,239.100,9.400,1.000,1.000,29.0
2009-10-03,09:39:00,1.694,0.390,239.050,7.400,2.000,2.000,21.0
2009-10-03,09:40:00,1.432,0.224,239.720,6.000,1.000,1.000,19.0
2009-10-03,09:41:00,1.426,0.220,239.660,6.000,1.000,1.000,18.0
2009-10-03,09:42:00,1.406,0.214,237.690,6.000,1.000,1.000,18.0
2009-10-03,09:43:00,1.410,0.214,238.620,5.800,1.000,2.000,18.0
2009-10-03,09:44:00,1.352,0.118,239.030,5.600,2.000,1.000,18.0
2009-10-03,09:45:00,1.336,0.112,237.730,5.600,1.000,1.000,18.0
2009-10-03,09:46:00,1.338,0.114,237.830,5.600,1.000,1.000,18.0
2009-10-03,09:47:00,1.342,0.116,238.480,5.600,1.000,1.000,18.0
2009-10-03,09:48:00,1.348,0.116,238.830,5.600,1.000,2.000,18.0
2009-10-03,09:49:00,1.348,0.116,238.930,5.600,2.000,1.000,18.0
2009-10-03,09:50:00,1.354,0.118,239.300,5.600,1.000,1.000,18.0
2009-10-03,09:51:00,1.354,0.118,239.450,5.600,1.000,1.000,19.0
2009-10-03,09:52:00,1.358,0.118,239.760,5.600,1.000,1.000,18.0
2009-10-03,09:53:00,1.354,0.118,239.540,5.600,1.000,2.000,18.0
2009-10-03,09:54:00,1.346,0.116,238.820,5.600,2.000,1.000,18.0
2009-10-03,09:55:00,1.346,0.116,238.760,5.600,1.000,1.000,18.0
2009-10-03,09:56:00,1.342,0.114,238.500,5.600,1.000,1.000,18.0
2009-10-03,09:57:00,1.334,0.112,237.770,5.600,1.000,1.000,18.0
2009-10-03,09:58:00,1.336,0.118,237.530,5.600,1.000,1.000,18.0
2009-10-03,09:59:00,0.438,0.120,238.380,2.600,1.000,1.000,5.0
2009-10-03,10:00:00,0.214,0.062,238.150,1.000,1.000,0.000,0.0
2009-10-03,10:01:00,0.294,0.172,239.120,1.400,0.000,0.000,1.0
2009-10-03,10:02:00,0.268,0.136,238.590,1.200,0.000,0.000,1.0
2009-10-03,10:03:00,0.312,0.148,238.670,1.400,1.000,0.000,0.0
2009-10-03,10:04:00,0.474,0.140,237.430,2.000,2.000,0.000,1.0
2009-10-03,10:05:00,0.496,0.136,237.790,2.200,1.000,0.000,0.0
2009-10-03,10:06:00,0.492,0.134,238.540,2.200,1.000,0.000,1.0
2009-10-03,10:07:00,0.488,0.130,237.610,2.200,1.000,0.000,1.0
2009-10-03,10:08:00,0.488,0.128,236.980,2.200,1.000,0.000,0.0
2009-10-03,10:09:00,0.488,0.128,237.380,2.200,1.000,0.000,1.0
2009-10-03,10:10:00,0.398,0.144,237.610,1.800,1.000,0.000,1.0
2009-10-03,10:11:00,0.340,0.160,238.100,1.600,1.000,0.000,0.0
2009-10-03,10:12:00,0.384,0.146,238.450,1.800,1.000,0.000,1.0
2009-10-03,10:13:00,2.266,0.118,237.300,10.000,32.000,0.000,0.0
2009-10-03,10:14:00,2.626,0.116,237.070,11.000,37.000,0.000,1.0
2009-10-03,10:15:00,2.798,0.110,237.220,11.800,37.000,0.000,1.0
2009-10-03,10:16:00,2.742,0.000,237.710,11.400,37.000,0.000,0.0
2009-10-03,10:17:00,2.726,0.000,237.740,11.400,38.000,0.000,1.0
2009-10-03,10:18:00,2.800,0.176,237.860,11.800,37.000,0.000,1.0
2009-10-03,10:19:00,2.808,0.166,237.700,11.800,37.000,0.000,0.0
2009-10-03,10:20:00,2.824,0.162,238.230,11.800,38.000,0.000,1.0
2009-10-03,10:21:00,2.848,0.174,238.100,12.000,37.000,0.000,1.0
2009-10-03,10:22:00,2.874,0.258,237.320,12.000,37.000,0.000,0.0
2009-10-03,10:23:00,3.618,0.256,236.070,15.600,37.000,0.000,1.0
2009-10-03,10:24:00,3.072,0.178,235.340,13.200,37.000,0.000,0.0
2009-10-03,10:25:00,3.100,0.118,235.950,13.400,36.000,0.000,1.0
2009-10-03,10:26:00,2.914,0.096,236.150,12.600,37.000,0.000,1.0
2009-10-03,10:27:00,0.800,0.100,238.580,5.200,11.000,0.000,0.0
2009-10-03,10:28:00,0.254,0.102,239.430,1.400,0.000,0.000,1.0
2009-10-03,10:29:00,0.266,0.104,239.600,1.400,0.000,0.000,1.0
2009-10-03,10:30:00,0.240,0.114,239.610,1.000,0.000,0.000,0.0
2009-10-03,10:31:00,0.284,0.138,239.400,1.600,0.000,0.000,1.0
2009-10-03,10:32:00,0.234,0.106,238.440,1.000,0.000,0.000,0.0
2009-10-03,10:33:00,0.250,0.102,239.100,1.200,0.000,0.000,1.0
2009-10-03,10:34:00,0.248,0.102,238.990,1.200,0.000,0.000,1.0
2009-10-03,10:35:00,0.246,0.102,239.220,1.200,0.000,0.000,0.0
2009-10-03,10:36:00,0.336,0.098,238.910,1.400,0.000,0.000,1.0
2009-10-03,10:37:00,0.426,0.168,238.450,2.000,0.000,0.000,1.0
2009-10-03,10:38:00,0.452,0.228,238.740,2.200,0.000,0.000,0.0
2009-10-03,10:39:00,0.414,0.196,238.800,1.800,0.000,0.000,1.0
2009-10-03,10:40:00,0.364,0.126,238.720,1.600,0.000,0.000,1.0
2009-10-03,10:41:00,0.372,0.126,238.390,1.600,0.000,0.000,0.0
2009-10-03,10:42:00,0.384,0.128,238.460,1.600,0.000,0.000,1.0
2009-10-03,10:43:00,0.392,0.136,238.540,1.800,0.000,0.000,1.0
2009-10-03,10:44:00,0.344,0.152,238.790,1.600,0.000,0.000,0.0
2009-10-03,10:45:00,0.300,0.164,240.260,1.400,0.000,0.000,1.0
2009-10-03,10:46:00,0.360,0.310,240.180,2.000,0.000,0.000,0.0
2009-10-03,10:47:00,0.254,0.136,240.450,1.200,0.000,0.000,1.0
2009-10-03,10:48:00,0.256,0.132,239.750,1.200,0.000,0.000,1.0
2009-10-03,10:49:00,0.452,0.128,239.500,2.000,0.000,0.000,0.0
2009-10-03,10:50:00,0.412,0.130,239.060,1.800,0.000,0.000,1.0
2009-10-03,10:51:00,0.268,0.132,238.890,1.200,0.000,0.000,1.0
2009-10-03,10:52:00,0.340,0.128,238.670,1.600,0.000,0.000,0.0
2009-10-03,10:53:00,0.262,0.000,238.830,1.200,0.000,0.000,1.0
2009-10-03,10:54:00,0.180,0.000,238.350,0.800,0.000,0.000,1.0
2009-10-03,10:55:00,0.180,0.000,238.090,0.800,0.000,0.000,0.0
2009-10-03,10:56:00,0.180,0.000,238.180,0.800,0.000,0.000,1.0
2009-10-03,10:57:00,0.178,0.000,238.240,0.800,0.000,0.000,0.0
2009-10-03,10:58:00,0.180,0.000,239.410,0.800,0.000,0.000,1.0
2009-10-03,10:59:00,0.180,0.000,239.000,0.800,0.000,0.000,1.0
2009-10-03,11:00:00,0.180,0.000,239.470,0.800,0.000,0.000,0.0
2009-10-03,11:01:00,0.374,0.070,239.190,2.000,0.000,0.000,4.0
2009-10-03,11:02:00,0.814,0.166,237.940,3.400,0.000,0.000,10.0
2009-10-03,11:03:00,0.810,0.134,237.160,3.400,0.000,0.000,12.0
2009-10-03,11:04:00,0.838,0.132,236.780,3.600,0.000,0.000,11.0
2009-10-03,11:05:00,0.846,0.132,236.960,3.600,0.000,0.000,12.0
2009-10-03,11:06:00,0.232,0.000,237.670,1.200,0.000,0.000,2.0
2009-10-03,11:07:00,0.178,0.000,237.440,0.800,0.000,0.000,1.0
2009-10-03,11:08:00,0.432,0.066,237.280,3.200,0.000,0.000,0.0
2009-10-03,11:09:00,1.062,0.230,236.420,5.800,0.000,0.000,1.0
2009-10-03,11:10:00,1.326,0.302,236.450,6.800,0.000,0.000,0.0
2009-10-03,11:11:00,0.970,0.114,237.480,4.400,0.000,0.000,1.0
2009-10-03,11:12:00,1.066,0.144,237.660,4.800,0.000,0.000,1.0
2009-10-03,11:13:00,0.356,0.224,238.190,1.800,0.000,0.000,0.0
2009-10-03,11:14:00,0.354,0.226,238.520,1.800,0.000,0.000,1.0
2009-10-03,11:15:00,0.350,0.222,237.660,1.600,0.000,0.000,1.0
2009-10-03,11:16:00,0.348,0.222,237.690,1.600,0.000,0.000,0.0
2009-10-03,11:17:00,0.344,0.214,235.710,1.600,0.000,0.000,1.0
2009-10-03,11:18:00,0.342,0.216,236.350,1.600,0.000,0.000,1.0
2009-10-03,11:19:00,0.342,0.218,236.690,1.600,0.000,0.000,0.0
2009-10-03,11:20:00,0.522,0.222,237.730,2.400,0.000,0.000,1.0
2009-10-03,11:21:00,0.414,0.224,238.210,2.000,0.000,0.000,0.0
2009-10-03,11:22:00,0.342,0.226,238.440,1.600,0.000,0.000,1.0
2009-10-03,11:23:00,0.342,0.228,238.850,1.600,0.000,0.000,1.0
2009-10-03,11:24:00,0.476,0.228,239.100,2.400,0.000,0.000,0.0
2009-10-03,11:25:00,0.376,0.232,239.650,1.800,0.000,0.000,1.0
2009-10-03,11:26:00,0.342,0.232,240.180,1.600,0.000,0.000,1.0
2009-10-03,11:27:00,0.306,0.178,240.460,1.400,0.000,0.000,0.0
2009-10-03,11:28:00,0.276,0.136,241.580,1.200,0.000,0.000,1.0
2009-10-03,11:29:00,0.276,0.134,241.430,1.200,0.000,0.000,1.0
2009-10-03,11:30:00,0.210,0.000,240.630,1.000,0.000,0.000,0.0
2009-10-03,11:31:00,0.182,0.000,240.340,0.800,0.000,0.000,1.0
2009-10-03,11:32:00,0.186,0.000,243.560,0.800,0.000,0.000,1.0
2009-10-03,11:33:00,0.186,0.000,242.860,0.800,0.000,0.000,0.0
2009-10-03,11:34:00,0.186,0.000,242.990,0.800,0.000,0.000,1.0
2009-10-03,11:35:00,0.184,0.000,242.300,0.800,0.000,0.000,1.0
2009-10-03,11:36:00,0.184,0.000,241.910,0.800,0.000,0.000,0.0
2009-10-03,11:37:00,0.184,0.000,241.920,0.800,0.000,0.000,1.0
2009-10-03,11:38:00,0.182,0.000,241.190,0.800,0.000,0.000,0.0
2009-10-03,11:39:00,0.180,0.000,239.490,0.800,0.000,0.000,1.0
2009-10-03,11:40:00,0.210,0.000,242.270,1.000,0.000,0.000,1.0
2009-10-03,11:41:00,0.274,0.128,243.260,1.200,0.000,1.000,0.0
2009-10-03,11:42:00,0.268,0.120,240.990,1.200,0.000,1.000,1.0
2009-10-03,11:43:00,0.270,0.122,241.420,1.200,0.000,2.000,1.0
2009-10-03,11:44:00,0.272,0.124,241.780,1.200,0.000,1.000,0.0
2009-10-03,11:45:00,0.270,0.122,241.120,1.200,0.000,2.000,1.0
2009-10-03,11:46:00,0.268,0.118,239.750,1.200,0.000,1.000,1.0
2009-10-03,11:47:00,0.270,0.120,240.720,1.200,0.000,1.000,0.0
2009-10-03,11:48:00,0.270,0.122,241.300,1.200,0.000,2.000,1.0
2009-10-03,11:49:00,0.268,0.120,240.460,1.200,0.000,1.000,1.0
2009-10-03,11:50:00,0.266,0.118,240.070,1.200,0.000,2.000,0.0
2009-10-03,11:51:00,0.268,0.122,241.440,1.200,0.000,1.000,1.0
2009-10-03,11:52:00,0.266,0.122,241.050,1.200,0.000,2.000,1.0
2009-10-03,11:53:00,0.346,0.204,240.550,1.800,0.000,1.000,0.0
2009-10-03,11:54:00,0.376,0.262,242.600,1.800,0.000,1.000,1.0
2009-10-03,11:55:00,0.368,0.260,242.070,1.800,0.000,2.000,1.0
2009-10-03,11:56:00,0.362,0.252,240.400,1.800,0.000,1.000,0.0
2009-10-03,11:57:00,0.360,0.252,240.690,1.800,0.000,1.000,1.0
2009-10-03,11:58:00,0.358,0.254,241.030,1.800,0.000,2.000,1.0
2009-10-03,11:59:00,0.356,0.254,240.920,1.800,0.000,1.000,0.0
2009-10-03,12:00:00,0.352,0.248,239.700,1.800,0.000,1.000,1.0
2009-10-03,12:01:00,0.352,0.252,240.620,1.800,0.000,1.000,0.0
2009-10-03,12:02:00,0.374,0.266,241.500,2.000,0.000,2.000,1.0
2009-10-03,12:03:00,0.426,0.360,241.350,2.200,0.000,1.000,1.0
2009-10-03,12:04:00,0.422,0.358,240.870,2.200,0.000,1.000,0.0
2009-10-03,12:05:00,0.420,0.356,240.600,2.200,0.000,1.000,1.0
2009-10-03,12:06:00,0.416,0.350,239.370,2.200,0.000,2.000,1.0
2009-10-03,12:07:00,0.414,0.348,238.890,2.200,0.000,1.000,0.0
2009-10-03,12:08:00,0.412,0.352,239.570,2.200,0.000,1.000,1.0
2009-10-03,12:09:00,0.410,0.352,239.460,2.200,0.000,1.000,1.0
2009-10-03,12:10:00,0.408,0.354,239.880,2.200,0.000,1.000,0.0
2009-10-03,12:11:00,0.406,0.352,239.470,2.200,0.000,2.000,1.0
2009-10-03,12:12:00,0.404,0.354,239.820,2.200,0.000,1.000,1.0
2009-10-03,12:13:00,0.318,0.228,240.370,1.600,0.000,1.000,0.0
2009-10-03,12:14:00,0.314,0.226,241.090,1.600,0.000,1.000,1.0
2009-10-03,12:15:00,0.312,0.222,240.310,1.600,0.000,1.000,1.0
2009-10-03,12:16:00,0.284,0.182,240.250,1.400,0.000,2.000,0.0
2009-10-03,12:17:00,0.244,0.120,240.000,1.000,0.000,1.000,1.0
2009-10-03,12:18:00,0.244,0.122,240.310,1.000,0.000,1.000,0.0
2009-10-03,12:19:00,0.242,0.120,240.110,1.000,0.000,1.000,1.0
2009-10-03,12:20:00,0.242,0.120,240.120,1.000,0.000,1.000,1.0
2009-10-03,12:21:00,0.238,0.114,241.210,1.000,0.000,2.000,0.0
2009-10-03,12:22:00,0.170,0.000,240.670,0.600,0.000,0.000,1.0
2009-10-03,12:23:00,0.170,0.000,240.830,0.600,0.000,0.000,1.0
2009-10-03,12:24:00,0.170,0.000,241.280,0.800,0.000,0.000,0.0
2009-10-03,12:25:00,0.170,0.000,241.380,0.800,0.000,0.000,1.0
2009-10-03,12:26:00,0.170,0.000,241.190,0.600,0.000,0.000,1.0
2009-10-03,12:27:00,0.170,0.000,241.660,0.600,0.000,0.000,0.0
2009-10-03,12:28:00,0.168,0.000,241.130,0.600,0.000,0.000,1.0
2009-10-03,12:29:00,0.168,0.000,241.260,0.600,0.000,0.000,1.0
2009-10-03,12:30:00,0.168,0.000,241.080,0.600,0.000,0.000,0.0
2009-10-03,12:31:00,0.168,0.000,241.470,0.600,0.000,0.000,1.0
2009-10-03,12:32:00,0.168,0.000,241.270,0.600,0.000,0.000,1.0
2009-10-03,12:33:00,0.172,0.000,241.500,0.800,0.000,0.000,0.0
2009-10-03,12:34:00,0.170,0.000,241.100,0.800,0.000,0.000,1.0
2009-10-03,12:35:00,0.680,0.142,241.250,3.000,0.000,0.000,9.0
2009-10-03,12:36:00,0.834,0.194,240.700,3.600,0.000,0.000,11.0
2009-10-03,12:37:00,0.936,0.300,241.070,4.000,0.000,0.000,11.0
2009-10-03,12:38:00,0.958,0.306,241.770,4.200,0.000,0.000,12.0
2009-10-03,12:39:00,0.334,0.156,242.630,1.600,0.000,0.000,2.0
2009-10-03,12:40:00,0.278,0.136,241.380,1.200,0.000,0.000,1.0
2009-10-03,12:41:00,0.272,0.134,240.820,1.200,0.000,0.000,1.0
2009-10-03,12:42:00,0.270,0.136,241.000,1.200,0.000,0.000,0.0
2009-10-03,12:43:00,0.268,0.136,240.960,1.200,0.000,0.000,1.0
2009-10-03,12:44:00,0.264,0.134,240.290,1.200,0.000,0.000,1.0
2009-10-03,12:45:00,0.268,0.134,240.740,1.200,0.000,0.000,0.0
2009-10-03,12:46:00,0.270,0.136,240.960,1.200,0.000,0.000,1.0
2009-10-03,12:47:00,0.266,0.134,240.150,1.200,0.000,0.000,0.0
2009-10-03,12:48:00,0.268,0.134,240.240,1.200,0.000,0.000,1.0
2009-10-03,12:49:00,0.266,0.132,240.040,1.200,0.000,0.000,1.0
2009-10-03,12:50:00,0.270,0.136,241.260,1.200,0.000,0.000,0.0
2009-10-03,12:51:00,0.276,0.140,242.050,1.200,0.000,0.000,1.0
2009-10-03,12:52:00,0.332,0.204,241.940,1.600,0.000,0.000,1.0
2009-10-03,12:53:00,0.342,0.248,242.450,1.600,0.000,0.000,0.0
2009-10-03,12:54:00,0.342,0.250,243.130,1.600,0.000,0.000,1.0
2009-10-03,12:55:00,0.306,0.200,243.690,1.400,0.000,0.000,1.0
2009-10-03,12:56:00,0.250,0.114,243.310,1.000,0.000,0.000,0.0
2009-10-03,12:57:00,1.116,0.108,243.300,7.200,0.000,0.000,1.0
2009-10-03,12:58:00,4.164,0.076,239.760,17.200,0.000,0.000,19.0
2009-10-03,12:59:00,4.152,0.076,239.910,17.200,0.000,0.000,19.0
2009-10-03,13:00:00,1.480,0.098,241.700,6.600,0.000,0.000,19.0
2009-10-03,13:01:00,1.334,0.098,242.140,5.400,0.000,0.000,19.0
2009-10-03,13:02:00,1.340,0.102,243.310,5.400,0.000,0.000,18.0
2009-10-03,13:03:00,1.336,0.102,243.360,5.400,0.000,0.000,19.0
2009-10-03,13:04:00,1.332,0.102,242.920,5.400,0.000,0.000,19.0
2009-10-03,13:05:00,1.516,0.254,242.270,6.400,0.000,0.000,19.0
2009-10-03,13:06:00,1.566,0.292,242.030,6.600,0.000,0.000,18.0
2009-10-03,13:07:00,1.560,0.282,241.830,6.400,0.000,0.000,19.0
2009-10-03,13:08:00,1.564,0.278,242.610,6.400,0.000,0.000,19.0
2009-10-03,13:09:00,1.592,0.258,243.000,6.600,0.000,0.000,18.0
2009-10-03,13:10:00,1.656,0.190,242.490,6.800,0.000,0.000,19.0
2009-10-03,13:11:00,1.734,0.296,241.650,7.200,0.000,0.000,19.0
2009-10-03,13:12:00,1.728,0.294,241.430,7.200,0.000,0.000,18.0
2009-10-03,13:13:00,1.716,0.290,240.680,7.200,0.000,0.000,19.0
2009-10-03,13:14:00,1.670,0.194,241.770,6.800,0.000,0.000,18.0
2009-10-03,13:15:00,1.672,0.192,242.300,6.800,0.000,0.000,19.0
2009-10-03,13:16:00,1.668,0.190,241.880,6.800,0.000,0.000,18.0
2009-10-03,13:17:00,1.662,0.188,241.290,6.800,0.000,0.000,19.0
2009-10-03,13:18:00,1.664,0.190,241.780,6.800,0.000,0.000,18.0
2009-10-03,13:19:00,1.674,0.192,242.570,6.800,0.000,0.000,19.0
2009-10-03,13:20:00,1.670,0.192,242.370,6.800,0.000,0.000,19.0
2009-10-03,13:21:00,1.676,0.194,242.920,6.800,0.000,0.000,18.0
2009-10-03,13:22:00,1.672,0.192,242.580,6.800,0.000,0.000,19.0
2009-10-03,13:23:00,1.672,0.192,242.540,6.800,0.000,0.000,19.0
2009-10-03,13:24:00,1.684,0.198,243.540,6.800,0.000,0.000,19.0
2009-10-03,13:25:00,1.644,0.148,242.640,6.800,0.000,0.000,18.0
2009-10-03,13:26:00,1.560,0.110,242.780,6.400,0.000,0.000,19.0
2009-10-03,13:27:00,1.556,0.128,243.320,6.400,0.000,0.000,19.0
2009-10-03,13:28:00,1.556,0.124,243.520,6.400,0.000,0.000,18.0
2009-10-03,13:29:00,1.536,0.122,241.990,6.200,0.000,0.000,19.0
2009-10-03,13:30:00,1.528,0.120,241.500,6.200,0.000,0.000,19.0
2009-10-03,13:31:00,1.536,0.118,241.940,6.200,0.000,0.000,18.0
2009-10-03,13:32:00,1.460,0.118,242.100,6.000,0.000,0.000,18.0
2009-10-03,13:33:00,0.454,0.126,241.400,1.800,0.000,0.000,1.0
2009-10-03,13:34:00,0.454,0.126,241.670,1.800,0.000,0.000,0.0
2009-10-03,13:35:00,0.456,0.126,242.360,1.800,0.000,0.000,1.0
2009-10-03,13:36:00,0.460,0.126,243.270,2.000,0.000,0.000,1.0
2009-10-03,13:37:00,0.456,0.126,242.540,1.800,0.000,0.000,0.0
2009-10-03,13:38:00,0.456,0.124,241.860,2.000,0.000,0.000,1.0
2009-10-03,13:39:00,0.458,0.126,242.180,2.000,0.000,0.000,1.0
2009-10-03,13:40:00,0.460,0.126,243.070,2.000,0.000,0.000,0.0
2009-10-03,13:41:00,0.458,0.126,242.730,2.000,0.000,0.000,1.0
2009-10-03,13:42:00,0.456,0.126,242.240,1.800,0.000,0.000,1.0
2009-10-03,13:43:00,0.454,0.124,241.760,1.800,0.000,0.000,0.0
2009-10-03,13:44:00,0.532,0.200,242.190,2.400,0.000,0.000,1.0
2009-10-03,13:45:00,1.212,0.254,242.720,5.800,0.000,0.000,1.0
2009-10-03,13:46:00,0.884,0.272,242.800,4.400,0.000,0.000,0.0
2009-10-03,13:47:00,0.582,0.258,242.070,2.600,0.000,0.000,1.0
2009-10-03,13:48:00,0.594,0.292,243.390,2.800,0.000,0.000,1.0
2009-10-03,13:49:00,0.440,0.220,243.490,2.000,0.000,0.000,0.0
2009-10-03,13:50:00,0.898,0.238,242.930,4.600,0.000,0.000,1.0
2009-10-03,13:51:00,0.784,0.236,243.070,4.000,0.000,0.000,1.0
2009-10-03,13:52:00,0.560,0.190,243.070,2.400,0.000,0.000,0.0
2009-10-03,13:53:00,0.722,0.142,241.960,3.200,0.000,0.000,2.0
2009-10-03,13:54:00,1.734,0.128,240.550,7.200,0.000,0.000,19.0
2009-10-03,13:55:00,1.730,0.132,241.620,7.200,0.000,0.000,19.0
2009-10-03,13:56:00,1.704,0.130,240.900,7.000,0.000,0.000,19.0
2009-10-03,13:57:00,1.700,0.132,241.370,7.000,0.000,0.000,19.0
2009-10-03,13:58:00,1.646,0.152,241.830,6.800,0.000,0.000,18.0
2009-10-03,13:59:00,1.456,0.182,242.050,6.000,0.000,0.000,19.0
2009-10-03,14:00:00,1.990,0.328,241.030,8.400,0.000,0.000,27.0
2009-10-03,14:01:00,2.044,0.294,241.650,8.400,0.000,0.000,29.0
2009-10-03,14:02:00,2.046,0.232,241.100,8.400,0.000,0.000,30.0
2009-10-03,14:03:00,2.098,0.328,240.160,8.800,0.000,0.000,29.0
2009-10-03,14:04:00,1.764,0.248,239.690,7.600,0.000,2.000,25.0
2009-10-03,14:05:00,1.406,0.170,239.810,5.800,0.000,1.000,18.0
2009-10-03,14:06:00,1.400,0.168,239.280,5.800,0.000,1.000,18.0
2009-10-03,14:07:00,1.402,0.168,239.470,5.800,0.000,2.000,18.0
2009-10-03,14:08:00,1.400,0.168,239.350,5.800,0.000,1.000,18.0
2009-10-03,14:09:00,1.398,0.168,239.340,5.800,0.000,2.000,19.0
2009-10-03,14:10:00,1.390,0.160,239.010,5.800,0.000,1.000,18.0
2009-10-03,14:11:00,1.332,0.066,239.400,5.400,0.000,2.000,18.0
2009-10-03,14:12:00,1.336,0.068,239.960,5.400,0.000,1.000,18.0
2009-10-03,14:13:00,1.332,0.066,239.340,5.400,0.000,1.000,18.0
2009-10-03,14:14:00,1.372,0.098,239.960,5.600,0.000,2.000,19.0
2009-10-03,14:15:00,1.440,0.198,239.720,6.000,0.000,1.000,18.0
2009-10-03,14:16:00,1.428,0.194,238.860,6.000,0.000,2.000,18.0
2009-10-03,14:17:00,1.426,0.196,239.080,6.000,0.000,1.000,18.0
2009-10-03,14:18:00,1.428,0.198,239.530,6.000,0.000,1.000,18.0
2009-10-03,14:19:00,1.506,0.196,239.780,6.200,0.000,2.000,19.0
2009-10-03,14:20:00,1.638,0.196,240.030,6.800,0.000,1.000,18.0
2009-10-03,14:21:00,1.636,0.196,240.110,6.800,0.000,1.000,18.0
2009-10-03,14:22:00,1.654,0.194,239.750,6.800,0.000,1.000,18.0
2009-10-03,14:23:00,1.688,0.192,239.230,7.000,0.000,2.000,19.0
2009-10-03,14:24:00,1.688,0.192,239.310,7.000,0.000,1.000,18.0
2009-10-03,14:25:00,1.692,0.194,239.700,7.000,0.000,1.000,18.0
2009-10-03,14:26:00,1.688,0.194,239.460,7.000,0.000,1.000,18.0
2009-10-03,14:27:00,1.690,0.194,239.690,7.000,0.000,2.000,18.0
2009-10-03,14:28:00,1.700,0.198,240.780,7.000,0.000,1.000,19.0
2009-10-03,14:29:00,1.702,0.200,241.010,7.000,0.000,1.000,18.0
2009-10-03,14:30:00,1.614,0.080,240.460,6.600,0.000,1.000,19.0
2009-10-03,14:31:00,1.610,0.066,240.980,6.600,0.000,1.000,18.0
2009-10-03,14:32:00,1.600,0.064,240.220,6.600,0.000,2.000,18.0
2009-10-03,14:33:00,1.600,0.064,240.370,6.600,0.000,1.000,19.0
2009-10-03,14:34:00,1.600,0.064,240.420,6.600,0.000,1.000,18.0
2009-10-03,14:35:00,1.600,0.064,240.410,6.600,0.000,1.000,18.0
2009-10-03,14:36:00,1.596,0.064,240.220,6.600,0.000,1.000,19.0
2009-10-03,14:37:00,1.590,0.062,239.800,6.600,0.000,2.000,18.0
2009-10-03,14:38:00,1.592,0.064,240.020,6.600,0.000,1.000,18.0
2009-10-03,14:39:00,1.594,0.064,240.170,6.600,0.000,1.000,18.0
2009-10-03,14:40:00,1.590,0.064,240.010,6.600,0.000,1.000,19.0
2009-10-03,14:41:00,1.600,0.066,240.900,6.600,0.000,1.000,18.0
2009-10-03,14:42:00,1.600,0.066,240.700,6.600,0.000,2.000,19.0
2009-10-03,14:43:00,1.604,0.066,241.330,6.600,0.000,1.000,18.0
2009-10-03,14:44:00,1.768,0.246,241.150,7.400,0.000,1.000,18.0
2009-10-03,14:45:00,1.770,0.290,240.850,7.400,0.000,1.000,19.0
2009-10-03,14:46:00,1.702,0.182,240.550,7.000,0.000,0.000,18.0
2009-10-03,14:47:00,1.702,0.182,240.740,7.000,0.000,0.000,19.0
2009-10-03,14:48:00,2.356,0.208,240.200,10.800,8.000,0.000,18.0
2009-10-03,14:49:00,4.034,0.272,238.820,16.800,39.000,0.000,18.0
2009-10-03,14:50:00,4.134,0.302,238.920,17.200,39.000,0.000,18.0
2009-10-03,14:51:00,3.998,0.278,237.910,16.800,38.000,0.000,18.0
2009-10-03,14:52:00,3.956,0.268,237.910,16.600,39.000,0.000,18.0
2009-10-03,14:53:00,3.964,0.270,238.250,16.600,38.000,0.000,18.0
2009-10-03,14:54:00,3.952,0.268,237.890,16.600,38.000,0.000,18.0
2009-10-03,14:55:00,3.944,0.266,237.600,16.600,39.000,0.000,18.0
2009-10-03,14:56:00,3.950,0.266,237.800,16.600,38.000,0.000,18.0
2009-10-03,14:57:00,3.974,0.270,238.620,16.600,38.000,0.000,18.0
2009-10-03,14:58:00,3.980,0.270,238.810,16.600,39.000,0.000,18.0
2009-10-03,14:59:00,3.872,0.144,238.120,16.200,38.000,0.000,18.0
2009-10-03,15:00:00,3.874,0.138,238.440,16.200,39.000,0.000,18.0
2009-10-03,15:01:00,3.844,0.134,237.530,16.200,38.000,0.000,18.0
2009-10-03,15:02:00,3.840,0.122,237.550,16.000,38.000,0.000,18.0
2009-10-03,15:03:00,3.174,0.000,238.180,13.800,29.000,0.000,18.0
2009-10-03,15:04:00,1.778,0.198,240.480,7.400,2.000,0.000,18.0
2009-10-03,15:05:00,1.832,0.234,239.850,7.600,1.000,0.000,18.0
2009-10-03,15:06:00,2.036,0.288,240.210,8.600,1.000,0.000,22.0
2009-10-03,15:07:00,4.346,0.354,237.720,18.600,32.000,0.000,28.0
2009-10-03,15:08:00,4.636,0.344,237.160,19.600,38.000,0.000,29.0
2009-10-03,15:09:00,4.194,0.350,237.750,18.000,32.000,0.000,29.0
2009-10-03,15:10:00,2.286,0.328,241.460,9.600,1.000,0.000,26.0
2009-10-03,15:11:00,3.586,0.204,240.410,15.400,29.000,0.000,18.0
2009-10-03,15:12:00,4.022,0.204,239.870,16.800,39.000,0.000,19.0
2009-10-03,15:13:00,3.994,0.330,239.170,16.600,39.000,0.000,18.0
2009-10-03,15:14:00,3.988,0.326,239.210,16.600,38.000,0.000,18.0
2009-10-03,15:15:00,3.986,0.326,239.300,16.600,39.000,0.000,18.0
2009-10-03,15:16:00,1.768,0.352,242.030,7.400,3.000,0.000,19.0
2009-10-03,15:17:00,1.766,0.352,242.250,7.400,1.000,0.000,18.0
2009-10-03,15:18:00,3.322,0.334,240.350,14.400,26.000,0.000,19.0
2009-10-03,15:19:00,3.990,0.326,239.820,16.600,39.000,0.000,18.0
2009-10-03,15:20:00,3.960,0.322,238.790,16.600,39.000,0.000,18.0
2009-10-03,15:21:00,3.770,0.324,238.790,16.000,36.000,0.000,18.0
2009-10-03,15:22:00,1.748,0.348,241.030,7.400,2.000,0.000,18.0
2009-10-03,15:23:00,1.748,0.348,241.320,7.400,1.000,0.000,19.0
2009-10-03,15:24:00,2.408,0.340,240.690,11.000,11.000,0.000,18.0
2009-10-03,15:25:00,3.956,0.320,238.810,16.600,38.000,0.000,18.0
2009-10-03,15:26:00,3.862,0.318,238.550,16.200,39.000,0.000,19.0
2009-10-03,15:27:00,1.690,0.282,240.580,7.000,0.000,0.000,18.0
2009-10-03,15:28:00,1.594,0.150,240.450,6.600,1.000,0.000,18.0
2009-10-03,15:29:00,1.654,0.214,240.310,6.800,0.000,0.000,19.0
2009-10-03,15:30:00,1.668,0.252,240.300,7.000,1.000,0.000,18.0
2009-10-03,15:31:00,1.670,0.252,240.170,7.000,0.000,0.000,18.0
2009-10-03,15:32:00,1.672,0.252,240.540,7.000,1.000,0.000,18.0
2009-10-03,15:33:00,1.706,0.294,241.110,7.200,1.000,0.000,19.0
2009-10-03,15:34:00,1.724,0.316,241.030,7.200,1.000,0.000,18.0
2009-10-03,15:35:00,3.414,0.298,239.570,14.800,28.000,0.000,19.0
2009-10-03,15:36:00,3.914,0.288,238.280,16.400,39.000,0.000,18.0
2009-10-03,15:37:00,3.146,0.296,238.960,13.800,26.000,0.000,18.0
2009-10-03,15:38:00,1.710,0.312,240.350,7.200,2.000,0.000,18.0
2009-10-03,15:39:00,1.714,0.312,240.290,7.200,1.000,0.000,18.0
2009-10-03,15:40:00,1.710,0.310,240.200,7.200,1.000,0.000,19.0
2009-10-03,15:41:00,1.722,0.318,239.910,7.200,2.000,0.000,18.0
2009-10-03,15:42:00,2.592,0.430,238.930,11.800,13.000,0.000,18.0
2009-10-03,15:43:00,3.986,0.410,237.190,16.800,38.000,0.000,18.0
2009-10-03,15:44:00,3.910,0.416,238.140,16.600,38.000,0.000,18.0
2009-10-03,15:45:00,1.804,0.442,240.030,7.600,1.000,0.000,18.0
2009-10-03,15:46:00,3.638,0.418,238.000,15.600,31.000,0.000,18.0
2009-10-03,15:47:00,3.982,0.412,237.470,16.800,38.000,0.000,18.0
2009-10-03,15:48:00,3.982,0.412,237.470,16.800,38.000,0.000,18.0
2009-10-03,15:49:00,2.710,0.428,238.750,12.400,18.000,0.000,18.0
2009-10-03,15:50:00,1.796,0.440,239.850,7.600,2.000,0.000,18.0
2009-10-03,15:51:00,1.794,0.440,239.690,7.600,1.000,0.000,18.0
2009-10-03,15:52:00,1.802,0.444,240.330,7.600,1.000,0.000,19.0
2009-10-03,15:53:00,3.420,0.362,239.630,14.800,28.000,0.000,18.0
2009-10-03,15:54:00,3.992,0.322,239.940,16.600,38.000,0.000,18.0
2009-10-03,15:55:00,3.548,0.326,240.640,15.200,33.000,0.000,19.0
2009-10-03,15:56:00,1.774,0.336,242.410,7.400,2.000,0.000,18.0
2009-10-03,15:57:00,1.754,0.238,242.330,7.200,1.000,0.000,19.0
2009-10-03,15:58:00,1.726,0.202,242.130,7.000,1.000,0.000,19.0
2009-10-03,15:59:00,2.368,0.194,241.330,10.600,11.000,0.000,18.0
2009-10-03,16:00:00,3.960,0.180,239.790,16.400,39.000,0.000,18.0
2009-10-03,16:01:00,3.954,0.180,239.720,16.400,39.000,0.000,18.0
2009-10-03,16:02:00,2.264,0.196,241.300,10.200,12.000,0.000,19.0
2009-10-03,16:03:00,1.726,0.200,241.720,7.200,1.000,0.000,18.0
2009-10-03,16:04:00,1.758,0.200,241.760,7.200,1.000,0.000,19.0
2009-10-03,16:05:00,1.788,0.200,241.740,7.400,1.000,0.000,19.0
2009-10-03,16:06:00,2.004,0.154,241.640,8.800,5.000,0.000,18.0
2009-10-03,16:07:00,1.766,0.148,241.780,7.200,1.000,0.000,19.0
2009-10-03,16:08:00,1.782,0.274,241.710,7.400,0.000,0.000,18.0
2009-10-03,16:09:00,1.670,0.276,241.930,7.000,1.000,0.000,19.0
2009-10-03,16:10:00,1.668,0.274,241.790,7.000,0.000,0.000,18.0
2009-10-03,16:11:00,1.666,0.274,241.650,7.000,1.000,0.000,19.0
2009-10-03,16:12:00,1.658,0.276,241.750,6.800,0.000,0.000,18.0
2009-10-03,16:13:00,1.654,0.276,241.460,6.800,1.000,0.000,19.0
2009-10-03,16:14:00,1.636,0.276,240.940,6.800,0.000,0.000,18.0
2009-10-03,16:15:00,1.700,0.344,240.700,7.200,1.000,0.000,19.0
2009-10-03,16:16:00,1.714,0.380,240.750,7.200,0.000,0.000,18.0
2009-10-03,16:17:00,1.722,0.382,241.210,7.200,1.000,0.000,18.0
2009-10-03,16:18:00,1.730,0.384,241.550,7.200,0.000,0.000,19.0
2009-10-03,16:19:00,1.840,0.384,241.680,7.600,0.000,0.000,18.0
2009-10-03,16:20:00,1.826,0.384,241.680,7.600,1.000,0.000,19.0
2009-10-03,16:21:00,1.822,0.382,241.350,7.600,0.000,0.000,18.0
2009-10-03,16:22:00,1.828,0.380,240.800,7.600,1.000,0.000,19.0
2009-10-03,16:23:00,1.800,0.402,240.810,7.600,0.000,0.000,19.0
2009-10-03,16:24:00,2.326,0.544,240.820,9.800,1.000,0.000,29.0
2009-10-03,16:25:00,2.338,0.544,240.710,10.000,0.000,0.000,29.0
2009-10-03,16:26:00,2.404,0.562,240.530,10.200,1.000,0.000,29.0
2009-10-03,16:27:00,2.388,0.636,240.640,10.200,0.000,1.000,29.0
2009-10-03,16:28:00,1.770,0.466,241.480,7.600,0.000,1.000,19.0
2009-10-03,16:29:00,1.772,0.464,241.410,7.600,0.000,2.000,18.0
2009-10-03,16:30:00,1.772,0.464,241.450,7.600,0.000,1.000,19.0
2009-10-03,16:31:00,1.860,0.524,241.960,8.000,0.000,1.000,18.0
2009-10-03,16:32:00,2.092,0.668,242.030,9.000,0.000,2.000,19.0
2009-10-03,16:33:00,2.088,0.650,241.570,9.000,0.000,1.000,18.0
2009-10-03,16:34:00,2.092,0.650,242.040,9.000,0.000,2.000,19.0
2009-10-03,16:35:00,2.084,0.648,241.500,9.000,0.000,1.000,18.0
2009-10-03,16:36:00,2.086,0.650,241.510,9.000,0.000,2.000,19.0
2009-10-03,16:37:00,2.088,0.654,241.900,9.000,0.000,1.000,18.0
2009-10-03,16:38:00,2.086,0.654,241.780,9.000,0.000,1.000,19.0
2009-10-03,16:39:00,2.082,0.652,241.510,9.000,0.000,2.000,18.0
2009-10-03,16:40:00,2.082,0.650,241.470,9.000,0.000,1.000,19.0
2009-10-03,16:41:00,2.072,0.648,240.950,9.000,0.000,2.000,18.0
2009-10-03,16:42:00,2.066,0.650,240.900,9.000,0.000,1.000,19.0
2009-10-03,16:43:00,2.060,0.648,240.680,8.800,0.000,1.000,18.0
2009-10-03,16:44:00,2.062,0.648,240.850,8.800,0.000,1.000,19.0
2009-10-03,16:45:00,2.064,0.652,241.140,8.800,0.000,2.000,18.0
2009-10-03,16:46:00,2.070,0.650,240.980,9.000,0.000,1.000,18.0
2009-10-03,16:47:00,2.066,0.652,241.050,9.000,0.000,1.000,19.0
2009-10-03,16:48:00,2.060,0.648,240.730,8.800,0.000,2.000,18.0
2009-10-03,16:49:00,2.060,0.648,240.680,8.800,0.000,1.000,19.0
2009-10-03,16:50:00,2.532,0.636,240.300,10.800,0.000,1.000,18.0
2009-10-03,16:51:00,2.330,0.490,240.320,9.800,0.000,1.000,18.0
2009-10-03,16:52:00,2.348,0.510,240.510,10.000,0.000,1.000,19.0
2009-10-03,16:53:00,2.432,0.526,240.690,10.200,1.000,2.000,18.0
2009-10-03,16:54:00,2.424,0.510,241.290,10.200,1.000,1.000,18.0
2009-10-03,16:55:00,2.432,0.510,242.250,10.200,1.000,1.000,19.0
2009-10-03,16:56:00,2.432,0.508,242.130,10.200,2.000,1.000,19.0
2009-10-03,16:57:00,2.434,0.508,242.180,10.200,1.000,1.000,18.0
2009-10-03,16:58:00,2.428,0.504,241.660,10.200,1.000,2.000,19.0
2009-10-03,16:59:00,2.422,0.504,241.530,10.200,1.000,1.000,18.0
2009-10-03,17:00:00,2.402,0.496,240.570,10.200,1.000,1.000,19.0
2009-10-03,17:01:00,2.400,0.494,240.340,10.200,2.000,1.000,18.0
2009-10-03,17:02:00,2.384,0.488,239.690,10.000,1.000,1.000,18.0
2009-10-03,17:03:00,2.390,0.488,239.750,10.000,1.000,2.000,18.0
2009-10-03,17:04:00,2.396,0.488,239.440,10.200,1.000,1.000,19.0
2009-10-03,17:05:00,2.384,0.490,239.250,10.000,2.000,1.000,18.0
2009-10-03,17:06:00,2.378,0.484,239.230,10.000,1.000,1.000,18.0
2009-10-03,17:07:00,2.382,0.484,239.190,10.000,1.000,1.000,18.0
2009-10-03,17:08:00,2.376,0.484,239.230,10.000,1.000,2.000,18.0
2009-10-03,17:09:00,2.380,0.486,239.370,10.000,1.000,1.000,18.0
2009-10-03,17:10:00,2.332,0.420,239.110,9.800,2.000,0.000,18.0
2009-10-03,17:11:00,2.288,0.404,239.460,9.600,0.000,0.000,19.0
2009-10-03,17:12:00,2.310,0.380,239.760,9.600,1.000,0.000,18.0
2009-10-03,17:13:00,2.638,0.372,239.490,11.600,5.000,0.000,18.0
2009-10-03,17:14:00,4.486,0.342,237.520,18.800,38.000,0.000,18.0
2009-10-03,17:15:00,4.484,0.342,237.810,18.800,38.000,0.000,18.0
2009-10-03,17:16:00,4.484,0.346,238.020,18.800,37.000,0.000,18.0
2009-10-03,17:17:00,4.524,0.340,237.270,19.000,38.000,0.000,18.0
2009-10-03,17:18:00,4.624,0.334,236.170,19.600,37.000,0.000,17.0
2009-10-03,17:19:00,4.484,0.320,236.170,19.000,37.000,0.000,18.0
2009-10-03,17:20:00,4.448,0.316,235.880,18.800,37.000,1.000,18.0
2009-10-03,17:21:00,4.426,0.318,236.090,18.800,37.000,0.000,18.0
2009-10-03,17:22:00,4.336,0.322,236.270,18.400,36.000,1.000,17.0
2009-10-03,17:23:00,5.594,0.314,235.500,24.000,26.000,37.000,18.0
2009-10-03,17:24:00,4.272,0.336,237.350,18.000,1.000,37.000,18.0
2009-10-03,17:25:00,4.264,0.338,237.150,18.000,1.000,37.000,18.0
2009-10-03,17:26:00,4.262,0.336,236.990,18.000,2.000,38.000,17.0
2009-10-03,17:27:00,4.252,0.332,236.540,18.000,1.000,37.000,18.0
2009-10-03,17:28:00,4.306,0.332,236.900,18.200,1.000,37.000,18.0
2009-10-03,17:29:00,4.380,0.334,237.290,18.400,1.000,37.000,18.0
2009-10-03,17:30:00,3.052,0.352,239.060,13.600,1.000,18.000,18.0
2009-10-03,17:31:00,1.720,0.372,240.670,7.200,1.000,1.000,18.0
2009-10-03,17:32:00,3.424,0.356,238.770,14.800,2.000,29.000,18.0
2009-10-03,17:33:00,1.566,0.310,240.870,6.600,1.000,0.000,19.0
2009-10-03,17:34:00,1.504,0.236,240.980,6.200,1.000,1.000,18.0
2009-10-03,17:35:00,1.496,0.204,240.930,6.200,1.000,1.000,19.0
2009-10-03,17:36:00,1.514,0.192,240.980,6.200,2.000,0.000,18.0
2009-10-03,17:37:00,2.372,0.192,240.010,10.200,1.000,1.000,18.0
2009-10-03,17:38:00,2.840,0.196,239.450,11.800,1.000,1.000,19.0
2009-10-03,17:39:00,2.864,0.226,239.430,12.000,1.000,1.000,18.0
2009-10-03,17:40:00,2.892,0.244,239.590,12.000,1.000,1.000,18.0
2009-10-03,17:41:00,2.822,0.232,239.790,11.800,2.000,1.000,18.0
2009-10-03,17:42:00,2.808,0.208,239.640,11.600,1.000,0.000,18.0
2009-10-03,17:43:00,2.818,0.200,239.530,11.800,1.000,1.000,19.0
2009-10-03,17:44:00,2.838,0.198,239.980,11.800,1.000,1.000,18.0
2009-10-03,17:45:00,3.242,0.302,239.210,13.600,1.000,1.000,25.0
2009-10-03,17:46:00,3.438,0.360,238.610,14.400,2.000,1.000,28.0
2009-10-03,17:47:00,3.452,0.378,238.380,14.400,1.000,0.000,29.0
2009-10-03,17:48:00,3.572,0.396,238.120,15.000,1.000,3.000,29.0
2009-10-03,17:49:00,3.510,0.368,238.590,14.800,1.000,5.000,26.0
2009-10-03,17:50:00,3.056,0.272,239.390,12.800,1.000,4.000,18.0
2009-10-03,17:51:00,3.040,0.268,238.750,12.600,2.000,5.000,18.0
2009-10-03,17:52:00,3.036,0.268,238.260,12.800,1.000,5.000,18.0
2009-10-03,17:53:00,2.782,0.234,238.950,11.600,1.000,0.000,18.0
2009-10-03,17:54:00,2.766,0.200,238.760,11.600,1.000,0.000,19.0
2009-10-03,17:55:00,2.770,0.204,239.120,11.600,1.000,0.000,18.0
2009-10-03,17:56:00,2.752,0.204,238.640,11.400,2.000,0.000,18.0
2009-10-03,17:57:00,2.754,0.206,238.650,11.400,1.000,0.000,18.0
2009-10-03,17:58:00,2.748,0.204,238.510,11.400,1.000,0.000,18.0
2009-10-03,17:59:00,2.746,0.202,238.270,11.400,1.000,0.000,18.0
2009-10-03,18:00:00,2.744,0.202,238.240,11.400,1.000,0.000,18.0
2009-10-03,18:01:00,2.750,0.204,238.530,11.400,2.000,0.000,18.0
2009-10-03,18:02:00,2.744,0.202,238.200,11.400,1.000,0.000,18.0
2009-10-03,18:03:00,2.750,0.202,238.270,11.400,1.000,0.000,18.0
2009-10-03,18:04:00,2.744,0.202,238.220,11.400,1.000,0.000,18.0
2009-10-03,18:05:00,2.756,0.206,238.550,11.400,1.000,0.000,18.0
2009-10-03,18:06:00,2.754,0.208,238.540,11.400,2.000,0.000,18.0
2009-10-03,18:07:00,2.746,0.202,238.200,11.400,1.000,0.000,18.0
2009-10-03,18:08:00,2.754,0.204,238.760,11.400,1.000,0.000,18.0
2009-10-03,18:09:00,2.918,0.204,238.530,12.200,1.000,0.000,18.0
2009-10-03,18:10:00,2.798,0.206,239.030,11.600,2.000,0.000,18.0
2009-10-03,18:11:00,2.072,0.200,239.760,9.000,1.000,0.000,19.0
2009-10-03,18:12:00,1.456,0.200,240.350,6.000,1.000,0.000,18.0
2009-10-03,18:13:00,1.462,0.200,240.610,6.000,1.000,0.000,18.0
2009-10-03,18:14:00,1.464,0.212,240.510,6.000,1.000,0.000,19.0
2009-10-03,18:15:00,1.430,0.236,240.810,6.000,1.000,0.000,18.0
2009-10-03,18:16:00,1.464,0.210,241.020,6.000,1.000,0.000,18.0
2009-10-03,18:17:00,1.476,0.204,240.740,6.200,2.000,0.000,19.0
2009-10-03,18:18:00,1.466,0.200,240.490,6.000,1.000,0.000,18.0
2009-10-03,18:19:00,1.462,0.196,240.410,6.000,1.000,0.000,18.0
2009-10-03,18:20:00,1.468,0.198,241.090,6.000,1.000,0.000,19.0
2009-10-03,18:21:00,1.462,0.198,240.550,6.000,1.000,0.000,18.0
2009-10-03,18:22:00,1.442,0.196,239.580,6.000,1.000,0.000,18.0
2009-10-03,18:23:00,1.424,0.214,239.510,6.000,1.000,0.000,19.0
2009-10-03,18:24:00,1.404,0.220,239.240,5.800,1.000,0.000,18.0
2009-10-03,18:25:00,1.454,0.206,239.610,6.000,1.000,0.000,18.0
2009-10-03,18:26:00,3.534,0.160,237.280,15.000,34.000,0.000,18.0
2009-10-03,18:27:00,3.668,0.152,237.460,15.400,38.000,0.000,18.0
2009-10-03,18:28:00,3.738,0.166,237.800,15.600,37.000,0.000,18.0
2009-10-03,18:29:00,3.912,0.236,235.530,16.600,37.000,0.000,17.0
2009-10-03,18:30:00,3.608,0.188,235.170,15.200,36.000,0.000,18.0
2009-10-03,18:31:00,3.670,0.162,235.120,15.600,37.000,0.000,17.0
2009-10-03,18:32:00,3.632,0.162,234.920,15.400,37.000,0.000,18.0
2009-10-03,18:33:00,3.768,0.156,234.930,16.000,36.000,0.000,17.0
2009-10-03,18:34:00,3.716,0.158,235.140,15.800,37.000,0.000,18.0
2009-10-03,18:35:00,3.610,0.162,235.550,15.200,36.000,0.000,18.0
2009-10-03,18:36:00,3.630,0.164,236.350,15.200,37.000,0.000,17.0
2009-10-03,18:37:00,3.636,0.164,236.570,15.200,37.000,0.000,18.0
2009-10-03,18:38:00,3.628,0.164,236.410,15.200,36.000,0.000,18.0
2009-10-03,18:39:00,1.770,0.178,238.820,8.000,7.000,0.000,18.0
2009-10-03,18:40:00,1.444,0.176,238.620,6.000,0.000,0.000,18.0
2009-10-03,18:41:00,1.492,0.238,237.210,6.400,0.000,0.000,18.0
2009-10-03,18:42:00,1.524,0.304,237.120,6.400,0.000,2.000,18.0
2009-10-03,18:43:00,1.536,0.322,237.610,6.600,1.000,1.000,18.0
2009-10-03,18:44:00,1.524,0.296,237.910,6.400,0.000,2.000,18.0
2009-10-03,18:45:00,1.518,0.292,237.910,6.400,0.000,1.000,18.0
2009-10-03,18:46:00,1.516,0.290,237.790,6.400,0.000,2.000,18.0
2009-10-03,18:47:00,1.514,0.292,237.830,6.400,0.000,1.000,18.0
2009-10-03,18:48:00,1.512,0.292,237.660,6.400,0.000,2.000,17.0
2009-10-03,18:49:00,1.514,0.292,237.940,6.400,0.000,1.000,18.0
2009-10-03,18:50:00,1.522,0.296,238.800,6.400,0.000,1.000,19.0
2009-10-03,18:51:00,1.520,0.296,238.760,6.400,0.000,2.000,18.0
2009-10-03,18:52:00,1.520,0.296,239.070,6.400,0.000,1.000,18.0
2009-10-03,18:53:00,1.518,0.296,238.860,6.400,0.000,2.000,18.0
2009-10-03,18:54:00,1.524,0.300,239.350,6.400,0.000,1.000,18.0
2009-10-03,18:55:00,1.524,0.306,239.070,6.400,0.000,1.000,18.0
2009-10-03,18:56:00,1.532,0.322,239.080,6.400,0.000,2.000,18.0
2009-10-03,18:57:00,1.530,0.322,239.200,6.400,0.000,1.000,18.0
2009-10-03,18:58:00,1.522,0.302,239.650,6.400,0.000,1.000,19.0
2009-10-03,18:59:00,1.520,0.300,239.980,6.400,0.000,2.000,18.0
2009-10-03,19:00:00,1.518,0.300,239.980,6.400,0.000,1.000,18.0
2009-10-03,19:01:00,1.514,0.298,239.630,6.400,0.000,1.000,18.0
2009-10-03,19:02:00,1.512,0.298,239.570,6.400,0.000,2.000,19.0
2009-10-03,19:03:00,1.508,0.298,239.450,6.400,0.000,1.000,18.0
2009-10-03,19:04:00,1.502,0.296,238.850,6.400,0.000,1.000,18.0
2009-10-03,19:05:00,2.034,0.426,237.930,8.800,0.000,1.000,27.0
2009-10-03,19:06:00,2.114,0.434,237.530,9.000,0.000,2.000,28.0
2009-10-03,19:07:00,2.146,0.438,237.680,9.200,0.000,1.000,29.0
2009-10-03,19:08:00,2.160,0.436,237.640,9.200,0.000,1.000,29.0
2009-10-03,19:09:00,1.758,0.352,238.470,7.600,0.000,1.000,23.0
2009-10-03,19:10:00,1.496,0.294,238.690,6.400,0.000,2.000,18.0
2009-10-03,19:11:00,1.502,0.298,239.390,6.400,0.000,1.000,18.0
2009-10-03,19:12:00,1.500,0.296,239.120,6.400,0.000,1.000,18.0
2009-10-03,19:13:00,1.522,0.330,239.580,6.400,0.000,1.000,18.0
2009-10-03,19:14:00,1.518,0.316,238.930,6.400,0.000,2.000,19.0
2009-10-03,19:15:00,1.494,0.296,238.890,6.200,0.000,1.000,18.0
2009-10-03,19:16:00,1.496,0.296,238.980,6.200,0.000,1.000,18.0
2009-10-03,19:17:00,1.488,0.294,238.400,6.200,0.000,1.000,18.0
2009-10-03,19:18:00,1.484,0.292,238.020,6.200,0.000,1.000,18.0
2009-10-03,19:19:00,1.480,0.290,237.650,6.200,0.000,2.000,18.0
2009-10-03,19:20:00,1.482,0.290,237.840,6.200,0.000,1.000,18.0
2009-10-03,19:21:00,1.484,0.292,238.000,6.200,0.000,1.000,18.0
2009-10-03,19:22:00,1.490,0.294,238.640,6.200,0.000,1.000,18.0
2009-10-03,19:23:00,1.484,0.292,238.100,6.200,0.000,1.000,18.0
2009-10-03,19:24:00,1.416,0.186,237.470,6.000,0.000,1.000,18.0
2009-10-03,19:25:00,1.408,0.172,237.400,5.800,0.000,0.000,18.0
2009-10-03,19:26:00,1.410,0.172,237.700,5.800,0.000,0.000,17.0
2009-10-03,19:27:00,1.410,0.172,237.780,5.800,0.000,0.000,18.0
2009-10-03,19:28:00,1.408,0.172,237.460,5.800,0.000,0.000,18.0
2009-10-03,19:29:00,1.406,0.172,237.290,5.800,0.000,0.000,18.0
2009-10-03,19:30:00,1.404,0.170,237.130,5.800,0.000,0.000,18.0
2009-10-03,19:31:00,1.404,0.170,237.260,5.800,0.000,0.000,18.0
2009-10-03,19:32:00,1.402,0.170,237.010,5.800,0.000,0.000,18.0
2009-10-03,19:33:00,1.400,0.170,236.880,5.800,0.000,0.000,18.0
2009-10-03,19:34:00,1.402,0.170,237.010,5.800,0.000,0.000,17.0
2009-10-03,19:35:00,1.396,0.168,236.520,5.800,0.000,0.000,18.0
2009-10-03,19:36:00,1.402,0.170,237.150,5.800,0.000,0.000,18.0
2009-10-03,19:37:00,1.402,0.172,237.180,5.800,0.000,0.000,18.0
2009-10-03,19:38:00,1.402,0.172,237.160,5.800,0.000,0.000,18.0
2009-10-03,19:39:00,1.404,0.172,237.240,5.800,0.000,0.000,18.0
2009-10-03,19:40:00,1.400,0.170,236.970,5.800,0.000,0.000,17.0
2009-10-03,19:41:00,1.402,0.170,237.080,5.800,0.000,0.000,18.0
2009-10-03,19:42:00,1.400,0.170,237.030,5.800,0.000,0.000,18.0
2009-10-03,19:43:00,1.400,0.170,236.890,5.800,0.000,0.000,18.0
2009-10-03,19:44:00,1.396,0.168,236.570,5.800,0.000,0.000,18.0
2009-10-03,19:45:00,1.396,0.168,236.570,5.800,0.000,0.000,17.0
2009-10-03,19:46:00,1.392,0.168,236.290,5.800,0.000,0.000,18.0
2009-10-03,19:47:00,1.388,0.166,235.870,5.800,0.000,0.000,18.0
2009-10-03,19:48:00,1.390,0.166,236.010,5.800,0.000,0.000,18.0
2009-10-03,19:49:00,1.388,0.166,235.770,5.800,0.000,0.000,17.0
2009-10-03,19:50:00,1.390,0.166,236.110,5.800,0.000,0.000,18.0
2009-10-03,19:51:00,1.388,0.166,235.910,5.800,0.000,0.000,18.0
2009-10-03,19:52:00,1.384,0.166,235.590,5.800,0.000,0.000,17.0
2009-10-03,19:53:00,1.388,0.166,235.870,5.800,0.000,0.000,18.0
2009-10-03,19:54:00,1.390,0.166,236.080,5.800,0.000,0.000,18.0
2009-10-03,19:55:00,1.392,0.168,236.200,5.800,0.000,0.000,17.0
2009-10-03,19:56:00,1.386,0.166,235.710,5.800,0.000,0.000,18.0
2009-10-03,19:57:00,1.386,0.166,235.620,5.800,0.000,0.000,18.0
2009-10-03,19:58:00,1.390,0.166,236.060,5.800,0.000,0.000,17.0
2009-10-03,19:59:00,1.388,0.166,235.890,5.800,0.000,0.000,18.0
2009-10-03,20:00:00,1.390,0.166,236.110,5.800,0.000,0.000,18.0
2009-10-03,20:01:00,1.388,0.166,235.930,5.800,0.000,0.000,17.0
2009-10-03,20:02:00,1.390,0.166,236.080,5.800,0.000,0.000,18.0
2009-10-03,20:03:00,1.386,0.166,235.820,5.800,0.000,0.000,18.0
2009-10-03,20:04:00,1.388,0.166,236.000,5.800,0.000,0.000,17.0
2009-10-03,20:05:00,1.396,0.168,236.740,5.800,0.000,0.000,18.0
2009-10-03,20:06:00,1.400,0.170,237.040,5.800,0.000,0.000,18.0
2009-10-03,20:07:00,1.402,0.170,237.480,5.800,0.000,0.000,18.0
2009-10-03,20:08:00,1.398,0.170,237.370,5.800,0.000,0.000,18.0
2009-10-03,20:09:00,1.402,0.170,237.560,5.800,0.000,0.000,18.0
2009-10-03,20:10:00,1.406,0.172,238.050,5.800,0.000,0.000,18.0
2009-10-03,20:11:00,1.414,0.174,238.760,5.800,0.000,0.000,18.0
2009-10-03,20:12:00,1.404,0.172,237.960,5.800,0.000,0.000,18.0
2009-10-03,20:13:00,1.408,0.172,238.170,5.800,0.000,0.000,18.0
2009-10-03,20:14:00,1.404,0.172,237.980,5.800,0.000,0.000,18.0
2009-10-03,20:15:00,1.404,0.172,237.960,5.800,0.000,0.000,18.0
2009-10-03,20:16:00,1.406,0.172,238.060,5.800,0.000,0.000,18.0
2009-10-03,20:17:00,1.404,0.172,237.940,5.800,0.000,0.000,18.0
2009-10-03,20:18:00,1.408,0.172,238.230,5.800,0.000,0.000,18.0
2009-10-03,20:19:00,1.412,0.174,238.560,5.800,0.000,0.000,18.0
2009-10-03,20:20:00,1.410,0.174,238.470,5.800,0.000,0.000,18.0
2009-10-03,20:21:00,1.406,0.172,238.030,5.800,0.000,0.000,18.0
2009-10-03,20:22:00,1.406,0.172,238.170,5.800,0.000,0.000,18.0
2009-10-03,20:23:00,1.408,0.172,238.190,5.800,0.000,0.000,18.0
2009-10-03,20:24:00,1.402,0.172,237.750,5.800,0.000,0.000,18.0
2009-10-03,20:25:00,1.404,0.172,237.830,5.800,0.000,0.000,18.0
2009-10-03,20:26:00,1.408,0.174,238.360,5.800,0.000,0.000,18.0
2009-10-03,20:27:00,1.408,0.174,238.200,5.800,0.000,0.000,18.0
2009-10-03,20:28:00,1.410,0.174,238.440,5.800,0.000,0.000,18.0
2009-10-03,20:29:00,1.408,0.172,238.320,5.800,0.000,0.000,18.0
2009-10-03,20:30:00,1.526,0.206,238.370,6.400,0.000,0.000,19.0
2009-10-03,20:31:00,2.022,0.322,238.210,8.600,0.000,0.000,28.0
2009-10-03,20:32:00,2.032,0.314,237.390,8.600,0.000,0.000,29.0
2009-10-03,20:33:00,2.064,0.316,237.540,8.800,0.000,0.000,29.0
2009-10-03,20:34:00,2.076,0.316,237.730,8.800,0.000,0.000,29.0
2009-10-03,20:35:00,1.500,0.194,238.720,6.400,0.000,0.000,20.0
2009-10-03,20:36:00,1.416,0.176,239.050,5.800,0.000,0.000,18.0
2009-10-03,20:37:00,1.418,0.176,239.230,5.800,0.000,0.000,18.0
2009-10-03,20:38:00,1.422,0.178,239.670,5.800,0.000,0.000,18.0
2009-10-03,20:39:00,1.430,0.180,240.380,6.000,0.000,0.000,19.0
2009-10-03,20:40:00,1.428,0.178,240.110,6.000,0.000,0.000,18.0
2009-10-03,20:41:00,1.430,0.180,240.360,6.000,0.000,0.000,18.0
2009-10-03,20:42:00,1.442,0.184,241.480,6.000,0.000,0.000,19.0
2009-10-03,20:43:00,1.448,0.186,242.140,6.000,0.000,0.000,19.0
2009-10-03,20:44:00,1.440,0.184,241.410,6.000,0.000,0.000,18.0
2009-10-03,20:45:00,1.442,0.184,241.480,6.000,0.000,0.000,19.0
2009-10-03,20:46:00,1.438,0.182,241.170,6.000,0.000,0.000,18.0
2009-10-03,20:47:00,1.438,0.182,241.090,6.000,0.000,0.000,18.0
2009-10-03,20:48:00,1.440,0.182,241.280,6.000,0.000,0.000,19.0
2009-10-03,20:49:00,1.436,0.182,240.900,6.000,0.000,0.000,18.0
2009-10-03,20:50:00,1.432,0.180,240.680,6.000,0.000,0.000,19.0
2009-10-03,20:51:00,1.434,0.182,240.910,6.000,0.000,0.000,18.0
2009-10-03,20:52:00,1.432,0.182,240.670,6.000,0.000,0.000,18.0
2009-10-03,20:53:00,1.406,0.136,241.190,5.800,0.000,0.000,19.0
2009-10-03,20:54:00,1.346,0.050,241.090,5.600,0.000,0.000,18.0
2009-10-03,20:55:00,1.342,0.050,240.700,5.400,0.000,0.000,19.0
2009-10-03,20:56:00,1.334,0.046,240.040,5.400,0.000,0.000,18.0
2009-10-03,20:57:00,1.268,0.052,239.660,5.200,0.000,0.000,18.0
2009-10-03,20:58:00,1.274,0.052,240.090,5.200,0.000,0.000,18.0
2009-10-03,20:59:00,1.272,0.052,240.030,5.200,0.000,0.000,19.0
2009-10-03,21:00:00,1.274,0.052,240.120,5.200,0.000,0.000,18.0
2009-10-03,21:01:00,1.328,0.000,240.430,5.400,0.000,0.000,18.0
2009-10-03,21:02:00,1.366,0.068,240.760,5.600,0.000,1.000,19.0
2009-10-03,21:03:00,1.422,0.124,241.110,5.800,0.000,1.000,18.0
2009-10-03,21:04:00,1.472,0.202,240.930,6.000,0.000,2.000,19.0
2009-10-03,21:05:00,1.460,0.200,240.030,6.000,0.000,1.000,18.0
2009-10-03,21:06:00,1.620,0.196,239.820,6.800,0.000,2.000,18.0
2009-10-03,21:07:00,1.498,0.198,239.810,6.200,0.000,1.000,18.0
2009-10-03,21:08:00,1.454,0.200,240.070,6.000,0.000,2.000,19.0
2009-10-03,21:09:00,1.454,0.200,240.170,6.000,0.000,1.000,18.0
2009-10-03,21:10:00,1.452,0.200,240.270,6.000,0.000,2.000,18.0
2009-10-03,21:11:00,1.450,0.198,240.100,6.000,0.000,1.000,19.0
2009-10-03,21:12:00,1.448,0.198,240.040,6.000,0.000,1.000,18.0
2009-10-03,21:13:00,1.446,0.198,239.790,6.000,0.000,2.000,18.0
2009-10-03,21:14:00,1.446,0.198,239.960,6.000,0.000,1.000,18.0
2009-10-03,21:15:00,1.446,0.198,240.140,6.000,0.000,2.000,19.0
2009-10-03,21:16:00,1.448,0.200,240.520,6.000,0.000,1.000,18.0
2009-10-03,21:17:00,1.448,0.200,240.610,6.000,0.000,1.000,18.0
2009-10-03,21:18:00,1.450,0.202,240.910,6.000,0.000,2.000,19.0
2009-10-03,21:19:00,1.450,0.202,241.030,6.000,0.000,1.000,18.0
2009-10-03,21:20:00,1.448,0.202,240.980,6.000,0.000,1.000,19.0
2009-10-03,21:21:00,1.454,0.202,241.460,6.000,0.000,2.000,18.0
2009-10-03,21:22:00,1.446,0.202,240.850,6.000,0.000,1.000,18.0
2009-10-03,21:23:00,1.444,0.200,240.740,6.000,0.000,1.000,19.0
2009-10-03,21:24:00,1.442,0.200,240.510,6.000,0.000,1.000,18.0
2009-10-03,21:25:00,1.436,0.198,240.060,6.000,0.000,2.000,18.0
2009-10-03,21:26:00,1.438,0.198,240.310,6.000,0.000,1.000,19.0
2009-10-03,21:27:00,1.442,0.200,240.760,6.000,0.000,1.000,18.0
2009-10-03,21:28:00,1.442,0.200,240.760,6.000,0.000,1.000,19.0
2009-10-03,21:29:00,1.440,0.200,240.620,6.000,0.000,2.000,18.0
2009-10-03,21:30:00,1.440,0.200,240.570,6.000,0.000,1.000,18.0
2009-10-03,21:31:00,1.444,0.202,241.040,6.000,0.000,1.000,19.0
2009-10-03,21:32:00,1.444,0.202,241.000,6.000,0.000,1.000,18.0
2009-10-03,21:33:00,1.442,0.200,240.900,6.000,0.000,2.000,19.0
2009-10-03,21:34:00,1.440,0.200,240.780,6.000,0.000,1.000,18.0
2009-10-03,21:35:00,1.442,0.200,240.890,6.000,0.000,1.000,18.0
2009-10-03,21:36:00,1.440,0.200,240.770,6.000,0.000,1.000,19.0
2009-10-03,21:37:00,1.488,0.248,240.310,6.200,0.000,1.000,18.0
2009-10-03,21:38:00,1.506,0.300,239.920,6.400,0.000,2.000,18.0
2009-10-03,21:39:00,1.508,0.300,240.110,6.400,0.000,1.000,19.0
2009-10-03,21:40:00,1.500,0.298,239.560,6.200,0.000,1.000,18.0
2009-10-03,21:41:00,0.664,0.274,240.310,3.400,0.000,1.000,5.0
2009-10-03,21:42:00,0.348,0.174,241.320,1.600,0.000,2.000,1.0
2009-10-03,21:43:00,0.282,0.062,241.500,1.200,0.000,0.000,1.0
2009-10-03,21:44:00,0.352,0.060,241.620,1.400,0.000,0.000,0.0
2009-10-03,21:45:00,0.664,0.054,241.340,2.800,0.000,0.000,1.0
2009-10-03,21:46:00,3.172,0.000,238.310,13.600,0.000,0.000,0.0
2009-10-03,21:47:00,3.322,0.000,237.660,13.800,0.000,0.000,1.0
2009-10-03,21:48:00,3.316,0.000,237.840,13.800,0.000,0.000,1.0
2009-10-03,21:49:00,0.568,0.054,240.680,2.400,0.000,0.000,0.0
2009-10-03,21:50:00,0.464,0.058,241.250,2.000,0.000,0.000,1.0
2009-10-03,21:51:00,0.730,0.058,240.650,3.000,0.000,0.000,1.0
2009-10-03,21:52:00,0.662,0.174,240.770,3.000,0.000,0.000,0.0
2009-10-03,21:53:00,0.506,0.180,240.580,2.200,0.000,0.000,1.0
2009-10-03,21:54:00,0.460,0.180,240.620,2.000,0.000,0.000,1.0
2009-10-03,21:55:00,0.460,0.180,240.600,2.000,0.000,0.000,0.0
2009-10-03,21:56:00,0.458,0.180,240.610,2.000,0.000,0.000,1.0
2009-10-03,21:57:00,0.456,0.178,240.640,2.000,0.000,0.000,1.0
2009-10-03,21:58:00,0.856,0.286,240.140,4.000,0.000,0.000,7.0
2009-10-03,21:59:00,1.088,0.336,239.900,4.600,0.000,0.000,11.0
2009-10-03,22:00:00,1.214,0.332,240.180,5.200,0.000,0.000,11.0
2009-10-03,22:01:00,1.170,0.246,239.970,5.000,0.000,0.000,12.0
2009-10-03,22:02:00,0.688,0.118,240.860,3.200,0.000,0.000,4.0
2009-10-03,22:03:00,0.482,0.072,240.950,2.000,0.000,0.000,1.0
2009-10-03,22:04:00,0.490,0.068,240.210,2.000,0.000,0.000,1.0
2009-10-03,22:05:00,0.468,0.080,240.550,2.000,0.000,0.000,0.0
2009-10-03,22:06:00,0.466,0.080,240.190,2.000,0.000,0.000,1.0
2009-10-03,22:07:00,0.464,0.080,240.120,2.000,0.000,0.000,1.0
2009-10-03,22:08:00,0.464,0.080,240.430,2.000,0.000,0.000,0.0
2009-10-03,22:09:00,0.462,0.082,240.980,2.000,0.000,0.000,1.0
2009-10-03,22:10:00,0.462,0.082,240.980,2.000,0.000,0.000,1.0
2009-10-03,22:11:00,0.458,0.084,241.310,2.000,0.000,0.000,0.0
2009-10-03,22:12:00,0.460,0.084,241.460,2.000,0.000,0.000,1.0
2009-10-03,22:13:00,0.466,0.084,241.680,2.000,0.000,0.000,1.0
2009-10-03,22:14:00,0.470,0.084,241.910,2.000,0.000,0.000,0.0
2009-10-03,22:15:00,0.468,0.086,243.290,2.000,0.000,0.000,1.0
2009-10-03,22:16:00,0.466,0.088,243.610,2.000,0.000,0.000,1.0
2009-10-03,22:17:00,0.466,0.086,243.150,2.000,0.000,0.000,0.0
2009-10-03,22:18:00,0.466,0.088,243.240,2.000,0.000,0.000,1.0
2009-10-03,22:19:00,0.464,0.088,243.180,2.000,0.000,0.000,1.0
2009-10-03,22:20:00,0.462,0.086,242.920,2.000,0.000,0.000,0.0
2009-10-03,22:21:00,0.464,0.088,243.470,2.000,0.000,0.000,1.0
2009-10-03,22:22:00,0.464,0.088,243.030,2.000,0.000,0.000,1.0
2009-10-03,22:23:00,0.466,0.088,243.490,2.000,0.000,0.000,0.0
2009-10-03,22:24:00,0.466,0.088,243.120,2.000,0.000,0.000,1.0
2009-10-03,22:25:00,0.464,0.088,243.020,2.000,0.000,0.000,1.0
2009-10-03,22:26:00,0.404,0.000,243.280,1.800,0.000,0.000,0.0
2009-10-03,22:27:00,0.378,0.046,243.430,1.600,0.000,0.000,1.0
2009-10-03,22:28:00,0.378,0.000,244.050,1.600,0.000,0.000,1.0
2009-10-03,22:29:00,0.444,0.000,244.320,2.000,0.000,0.000,0.0
2009-10-03,22:30:00,0.450,0.060,244.000,1.800,0.000,0.000,1.0
2009-10-03,22:31:00,0.450,0.060,243.460,1.800,0.000,0.000,1.0
2009-10-03,22:32:00,0.448,0.058,243.170,1.800,0.000,0.000,0.0
2009-10-03,22:33:00,0.448,0.060,243.610,1.800,0.000,0.000,1.0
2009-10-03,22:34:00,0.442,0.060,243.700,1.800,0.000,0.000,1.0
2009-10-03,22:35:00,0.444,0.060,243.530,1.800,0.000,0.000,0.0
2009-10-03,22:36:00,0.452,0.062,243.610,2.000,0.000,0.000,1.0
2009-10-03,22:37:00,0.562,0.196,243.330,2.400,0.000,0.000,1.0
2009-10-03,22:38:00,0.552,0.194,243.450,2.400,0.000,0.000,0.0
2009-10-03,22:39:00,0.540,0.196,243.470,2.400,0.000,0.000,1.0
2009-10-03,22:40:00,0.544,0.198,244.330,2.400,0.000,0.000,1.0
2009-10-03,22:41:00,0.548,0.200,244.790,2.400,0.000,0.000,0.0
2009-10-03,22:42:00,0.550,0.202,245.180,2.400,0.000,0.000,1.0
2009-10-03,22:43:00,0.540,0.202,245.190,2.400,0.000,0.000,1.0
2009-10-03,22:44:00,0.542,0.204,245.770,2.400,0.000,0.000,0.0
2009-10-03,22:45:00,0.540,0.206,246.040,2.400,0.000,0.000,1.0
2009-10-03,22:46:00,0.540,0.202,245.460,2.400,0.000,0.000,1.0
2009-10-03,22:47:00,0.496,0.136,245.430,2.200,0.000,0.000,0.0
2009-10-03,22:48:00,0.470,0.096,245.530,2.000,0.000,0.000,1.0
2009-10-03,22:49:00,0.482,0.096,246.020,2.000,0.000,0.000,1.0
2009-10-03,22:50:00,0.478,0.096,245.800,2.000,0.000,0.000,0.0
2009-10-03,22:51:00,0.468,0.094,245.100,2.000,0.000,0.000,1.0
2009-10-03,22:52:00,0.468,0.094,244.510,2.000,0.000,0.000,1.0
2009-10-03,22:53:00,0.468,0.094,244.530,2.000,0.000,0.000,0.0
2009-10-03,22:54:00,0.466,0.092,243.910,2.000,0.000,0.000,1.0
2009-10-03,22:55:00,0.466,0.092,244.010,2.000,0.000,0.000,1.0
2009-10-03,22:56:00,0.466,0.090,243.790,2.000,0.000,0.000,0.0
2009-10-03,22:57:00,0.466,0.090,244.180,2.000,0.000,0.000,1.0
2009-10-03,22:58:00,0.464,0.090,243.400,2.000,0.000,0.000,1.0
2009-10-03,22:59:00,0.464,0.090,243.330,2.000,0.000,0.000,0.0
2009-10-03,23:00:00,0.472,0.090,243.690,2.000,0.000,0.000,1.0
2009-10-03,23:01:00,0.538,0.090,244.040,2.200,0.000,0.000,1.0
2009-10-03,23:02:00,0.592,0.086,243.730,2.400,0.000,0.000,0.0
2009-10-03,23:03:00,0.580,0.086,243.380,2.400,0.000,0.000,1.0
2009-10-03,23:04:00,0.578,0.086,242.940,2.400,0.000,0.000,1.0
2009-10-03,23:05:00,0.584,0.082,242.370,2.400,0.000,0.000,0.0
2009-10-03,23:06:00,0.520,0.048,240.950,2.200,0.000,0.000,1.0
2009-10-03,23:07:00,0.362,0.046,241.200,1.600,0.000,0.000,1.0
2009-10-03,23:08:00,0.520,0.000,240.880,2.400,0.000,0.000,0.0
2009-10-03,23:09:00,0.802,0.048,240.090,3.400,0.000,0.000,1.0
2009-10-03,23:10:00,0.788,0.052,240.400,3.200,0.000,0.000,0.0
2009-10-03,23:11:00,0.768,0.054,240.080,3.200,0.000,0.000,1.0
2009-10-03,23:12:00,0.806,0.048,240.140,3.400,0.000,0.000,1.0
2009-10-03,23:13:00,0.876,0.000,240.040,3.600,0.000,0.000,0.0
2009-10-03,23:14:00,0.968,0.000,239.930,4.000,0.000,0.000,1.0
2009-10-03,23:15:00,1.092,0.056,240.080,4.600,0.000,0.000,1.0
2009-10-03,23:16:00,1.118,0.060,239.970,4.600,0.000,0.000,0.0
2009-10-03,23:17:00,0.628,0.122,240.150,2.800,0.000,0.000,1.0
2009-10-03,23:18:00,0.644,0.182,240.240,2.800,0.000,0.000,1.0
2009-10-03,23:19:00,0.634,0.182,240.140,2.800,0.000,0.000,0.0
2009-10-03,23:20:00,0.630,0.182,240.640,2.600,0.000,0.000,1.0
2009-10-03,23:21:00,0.852,0.306,240.740,4.000,0.000,0.000,3.0
2009-10-03,23:22:00,1.332,0.464,239.940,5.800,0.000,1.000,11.0
2009-10-03,23:23:00,1.354,0.462,240.000,6.000,0.000,2.000,11.0
2009-10-03,23:24:00,1.382,0.460,239.780,6.000,0.000,1.000,12.0
2009-10-03,23:25:00,1.222,0.422,239.940,5.400,0.000,2.000,9.0
2009-10-03,23:26:00,0.704,0.306,240.380,3.200,0.000,1.000,1.0
2009-10-03,23:27:00,0.706,0.306,240.630,3.200,0.000,2.000,1.0
2009-10-03,23:28:00,0.732,0.304,240.250,3.200,0.000,1.000,0.0
2009-10-03,23:29:00,0.812,0.300,240.280,3.600,0.000,1.000,1.0
2009-10-03,23:30:00,0.726,0.300,240.050,3.200,0.000,2.000,1.0
2009-10-03,23:31:00,0.700,0.300,240.240,3.200,0.000,1.000,0.0
2009-10-03,23:32:00,0.700,0.300,240.210,3.200,0.000,2.000,1.0
2009-10-03,23:33:00,0.696,0.292,240.010,3.000,0.000,1.000,1.0
2009-10-03,23:34:00,0.634,0.198,240.370,2.800,0.000,2.000,0.0
2009-10-03,23:35:00,0.634,0.200,240.860,2.800,0.000,1.000,1.0
2009-10-03,23:36:00,0.632,0.198,240.510,2.800,0.000,1.000,1.0
2009-10-03,23:37:00,0.632,0.196,240.450,2.800,0.000,2.000,0.0
2009-10-03,23:38:00,0.626,0.196,240.030,2.600,0.000,1.000,1.0
2009-10-03,23:39:00,0.628,0.196,239.870,2.600,0.000,1.000,1.0
2009-10-03,23:40:00,0.558,0.196,239.900,2.400,0.000,2.000,0.0
2009-10-03,23:41:00,0.512,0.198,240.260,2.200,0.000,1.000,1.0
2009-10-03,23:42:00,0.510,0.200,240.630,2.200,0.000,1.000,1.0
2009-10-03,23:43:00,0.512,0.202,241.400,2.200,0.000,2.000,0.0
2009-10-03,23:44:00,0.512,0.204,241.870,2.200,0.000,1.000,1.0
2009-10-03,23:45:00,0.440,0.098,241.830,1.800,0.000,1.000,0.0
2009-10-03,23:46:00,0.418,0.070,241.570,1.600,0.000,1.000,1.0
2009-10-03,23:47:00,0.418,0.070,241.600,1.600,0.000,2.000,1.0
2009-10-03,23:48:00,0.416,0.068,241.100,1.600,0.000,1.000,0.0
2009-10-03,23:49:00,0.416,0.066,240.800,1.600,0.000,1.000,1.0
2009-10-03,23:50:00,0.416,0.066,241.000,1.600,0.000,1.000,1.0
2009-10-03,23:51:00,0.416,0.066,241.190,1.600,0.000,2.000,0.0
2009-10-03,23:52:00,0.416,0.068,241.290,1.600,0.000,1.000,1.0
2009-10-03,23:53:00,0.416,0.066,241.100,1.600,0.000,1.000,1.0
2009-10-03,23:54:00,0.416,0.068,241.110,1.600,0.000,1.000,0.0
2009-10-03,23:55:00,0.416,0.068,241.180,1.600,0.000,1.000,1.0
2009-10-03,23:56:00,0.490,0.148,241.050,2.200,0.000,2.000,1.0
2009-10-03,23:57:00,0.520,0.200,240.960,2.200,0.000,1.000,0.0
2009-10-03,23:58:00,0.478,0.200,240.680,2.000,0.000,1.000,1.0
2009-10-03,23:59:00,0.390,0.206,240.260,1.800,0.000,1.000,1.0
