Date,Time,Global_active_power,Global_reactive_power,Voltage,Global_intensity,Sub_metering_1,Sub_metering_2,Sub_metering_3
2008-09-01,00:00:00,1.300,0.000,243.040,5.400,0.000,0.000,19.0
2008-09-01,00:01:00,1.282,0.000,243.300,5.200,0.000,0.000,19.0
2008-09-01,00:02:00,1.302,0.000,243.400,5.200,0.000,0.000,18.0
2008-09-01,00:03:00,1.284,0.000,243.470,5.200,0.000,0.000,19.0
2008-09-01,00:04:00,1.304,0.000,243.550,5.400,0.000,1.000,19.0
2008-09-01,00:05:00,1.358,0.054,243.730,5.600,0.000,0.000,19.0
2008-09-01,00:06:00,1.374,0.086,243.240,5.600,0.000,0.000,19.0
2008-09-01,00:07:00,1.356,0.080,243.240,5.600,0.000,0.000,18.0
2008-09-01,00:08:00,1.380,0.088,243.950,5.600,0.000,0.000,19.0
2008-09-01,00:09:00,1.354,0.080,243.320,5.600,0.000,0.000,19.0
2008-09-01,00:10:00,1.484,0.214,243.060,6.200,0.000,0.000,19.0
2008-09-01,00:11:00,1.460,0.216,243.230,6.000,0.000,0.000,18.0
2008-09-01,00:12:00,1.472,0.222,243.150,6.000,0.000,1.000,19.0
2008-09-01,00:13:00,1.452,0.218,243.160,6.000,0.000,0.000,19.0
2008-09-01,00:14:00,1.468,0.224,243.240,6.000,0.000,0.000,19.0
2008-09-01,00:15:00,1.450,0.218,243.300,6.000,0.000,0.000,18.0
2008-09-01,00:16:00,1.466,0.224,243.410,6.000,0.000,0.000,19.0
2008-09-01,00:17:00,1.448,0.218,243.400,6.000,0.000,0.000,19.0
2008-09-01,00:18:00,1.464,0.224,243.380,6.000,0.000,1.000,19.0
2008-09-01,00:19:00,1.408,0.162,243.470,5.800,0.000,0.000,19.0
2008-09-01,00:20:00,1.398,0.120,243.930,5.800,0.000,0.000,18.0
2008-09-01,00:21:00,1.378,0.114,243.900,5.600,0.000,0.000,19.0
2008-09-01,00:22:00,1.398,0.120,244.050,5.600,0.000,0.000,19.0
2008-09-01,00:23:00,1.380,0.114,243.980,5.600,0.000,0.000,19.0
2008-09-01,00:24:00,1.386,0.116,243.020,5.600,0.000,1.000,19.0
2008-09-01,00:25:00,1.372,0.112,243.390,5.600,0.000,0.000,19.0
2008-09-01,00:26:00,1.402,0.122,244.220,5.800,0.000,0.000,18.0
2008-09-01,00:27:00,1.390,0.118,244.000,5.600,0.000,0.000,19.0
2008-09-01,00:28:00,1.390,0.120,244.540,5.600,0.000,0.000,19.0
2008-09-01,00:29:00,0.870,0.218,246.050,4.200,0.000,2.000,10.0
2008-09-01,00:30:00,0.354,0.270,246.550,1.800,0.000,1.000,1.0
2008-09-01,00:31:00,0.372,0.272,245.870,1.800,0.000,2.000,1.0
2008-09-01,00:32:00,0.352,0.266,245.650,1.800,0.000,2.000,0.0
2008-09-01,00:33:00,0.284,0.142,245.690,1.400,0.000,1.000,1.0
2008-09-01,00:34:00,0.258,0.126,245.910,1.200,0.000,2.000,1.0
2008-09-01,00:35:00,0.276,0.130,245.980,1.200,0.000,2.000,1.0
2008-09-01,00:36:00,0.258,0.126,246.030,1.200,0.000,1.000,0.0
2008-09-01,00:37:00,0.276,0.132,246.240,1.200,0.000,2.000,1.0
2008-09-01,00:38:00,0.256,0.126,246.150,1.200,0.000,1.000,1.0
2008-09-01,00:39:00,0.274,0.132,246.180,1.200,0.000,2.000,0.0
2008-09-01,00:40:00,0.252,0.128,246.450,1.200,0.000,1.000,1.0
2008-09-01,00:41:00,0.270,0.132,246.400,1.200,0.000,2.000,1.0
2008-09-01,00:42:00,0.250,0.126,246.170,1.200,0.000,1.000,0.0
2008-09-01,00:43:00,0.354,0.230,245.910,1.800,0.000,2.000,1.0
2008-09-01,00:44:00,0.322,0.232,245.600,1.600,0.000,1.000,1.0
2008-09-01,00:45:00,0.340,0.236,245.550,1.600,0.000,2.000,0.0
2008-09-01,00:46:00,0.326,0.232,245.690,1.600,0.000,1.000,1.0
2008-09-01,00:47:00,0.386,0.236,245.490,1.800,0.000,2.000,1.0
2008-09-01,00:48:00,0.366,0.232,245.790,1.800,0.000,1.000,0.0
2008-09-01,00:49:00,0.384,0.242,246.860,1.800,0.000,2.000,1.0
2008-09-01,00:50:00,0.364,0.234,246.370,1.800,0.000,1.000,1.0
2008-09-01,00:51:00,0.312,0.122,245.300,1.400,0.000,1.000,0.0
2008-09-01,00:52:00,0.284,0.102,245.240,1.200,0.000,0.000,1.0
2008-09-01,00:53:00,0.688,0.192,244.800,3.200,0.000,0.000,7.0
2008-09-01,00:54:00,0.942,0.238,244.040,4.000,0.000,0.000,11.0
2008-09-01,00:55:00,0.988,0.236,243.700,4.200,0.000,0.000,12.0
2008-09-01,00:56:00,0.926,0.132,244.100,3.800,0.000,0.000,13.0
2008-09-01,00:57:00,0.948,0.132,243.500,3.800,0.000,1.000,12.0
2008-09-01,00:58:00,0.474,0.000,243.830,2.400,0.000,0.000,6.0
2008-09-01,00:59:00,0.218,0.000,244.230,1.000,0.000,0.000,1.0
2008-09-01,01:00:00,0.272,0.000,244.200,1.400,0.000,0.000,0.0
2008-09-01,01:01:00,0.328,0.130,244.230,1.400,0.000,0.000,1.0
2008-09-01,01:02:00,0.342,0.136,244.010,1.600,0.000,1.000,1.0
2008-09-01,01:03:00,0.316,0.124,242.210,1.400,0.000,0.000,0.0
2008-09-01,01:04:00,0.334,0.128,241.930,1.400,0.000,0.000,1.0
2008-09-01,01:05:00,0.314,0.124,242.400,1.400,0.000,0.000,1.0
2008-09-01,01:06:00,0.334,0.130,242.440,1.400,0.000,0.000,0.0
2008-09-01,01:07:00,0.312,0.124,242.470,1.400,0.000,0.000,1.0
2008-09-01,01:08:00,0.330,0.130,242.590,1.400,0.000,0.000,1.0
2008-09-01,01:09:00,0.310,0.124,242.570,1.400,0.000,0.000,0.0
2008-09-01,01:10:00,0.328,0.130,242.470,1.400,0.000,1.000,1.0
2008-09-01,01:11:00,0.312,0.126,243.130,1.400,0.000,0.000,1.0
2008-09-01,01:12:00,0.328,0.132,243.300,1.400,0.000,0.000,0.0
2008-09-01,01:13:00,0.304,0.130,243.800,1.400,0.000,0.000,1.0
2008-09-01,01:14:00,0.328,0.136,243.950,1.400,0.000,0.000,1.0
2008-09-01,01:15:00,0.310,0.128,243.780,1.400,0.000,0.000,0.0
2008-09-01,01:16:00,0.326,0.132,242.910,1.400,0.000,1.000,1.0
2008-09-01,01:17:00,0.308,0.124,242.620,1.400,0.000,0.000,1.0
2008-09-01,01:18:00,0.326,0.130,242.510,1.400,0.000,0.000,0.0
2008-09-01,01:19:00,0.306,0.124,242.320,1.400,0.000,0.000,1.0
2008-09-01,01:20:00,0.414,0.226,241.970,2.000,0.000,0.000,1.0
2008-09-01,01:21:00,0.384,0.228,242.140,1.800,0.000,0.000,0.0
2008-09-01,01:22:00,0.402,0.234,242.430,1.800,0.000,1.000,1.0
2008-09-01,01:23:00,0.310,0.126,242.580,1.400,0.000,0.000,1.0
2008-09-01,01:24:00,0.304,0.100,242.550,1.400,0.000,0.000,0.0
2008-09-01,01:25:00,0.284,0.094,242.450,1.200,0.000,0.000,1.0
2008-09-01,01:26:00,0.302,0.100,242.370,1.400,0.000,0.000,1.0
2008-09-01,01:27:00,0.288,0.092,241.390,1.200,0.000,0.000,0.0
2008-09-01,01:28:00,0.292,0.096,242.100,1.200,0.000,1.000,1.0
2008-09-01,01:29:00,0.298,0.096,241.820,1.400,0.000,0.000,1.0
2008-09-01,01:30:00,0.284,0.092,242.100,1.200,0.000,0.000,0.0
2008-09-01,01:31:00,0.300,0.100,242.590,1.400,0.000,0.000,1.0
2008-09-01,01:32:00,0.282,0.094,242.470,1.200,0.000,0.000,1.0
2008-09-01,01:33:00,0.244,0.000,242.670,1.000,0.000,0.000,0.0
2008-09-01,01:34:00,0.212,0.000,242.880,0.800,0.000,0.000,1.0
2008-09-01,01:35:00,0.232,0.000,243.420,1.000,0.000,1.000,1.0
2008-09-01,01:36:00,0.218,0.000,244.200,1.000,0.000,0.000,0.0
2008-09-01,01:37:00,0.232,0.000,243.400,1.000,0.000,0.000,1.0
2008-09-01,01:38:00,0.212,0.000,242.930,0.800,0.000,0.000,1.0
2008-09-01,01:39:00,0.230,0.000,241.500,1.000,0.000,0.000,0.0
2008-09-01,01:40:00,0.208,0.000,241.540,0.800,0.000,0.000,1.0
2008-09-01,01:41:00,0.226,0.000,241.550,1.000,0.000,1.000,1.0
2008-09-01,01:42:00,0.210,0.000,241.500,0.800,0.000,0.000,0.0
2008-09-01,01:43:00,0.228,0.000,241.380,1.000,0.000,0.000,1.0
2008-09-01,01:44:00,0.212,0.000,241.210,1.000,0.000,0.000,1.0
2008-09-01,01:45:00,0.226,0.000,241.290,1.000,0.000,0.000,0.0
2008-09-01,01:46:00,0.212,0.000,241.470,0.800,0.000,0.000,1.0
2008-09-01,01:47:00,0.230,0.000,241.520,1.000,0.000,1.000,1.0
2008-09-01,01:48:00,0.208,0.000,241.460,0.800,0.000,0.000,0.0
2008-09-01,01:49:00,0.230,0.000,241.380,1.000,0.000,0.000,1.0
2008-09-01,01:50:00,0.238,0.000,241.240,1.200,0.000,0.000,1.0
2008-09-01,01:51:00,0.338,0.122,240.730,1.400,0.000,0.000,0.0
2008-09-01,01:52:00,0.318,0.116,240.810,1.400,0.000,0.000,1.0
2008-09-01,01:53:00,0.334,0.122,240.780,1.400,0.000,0.000,1.0
2008-09-01,01:54:00,0.388,0.190,240.680,1.800,0.000,2.000,0.0
2008-09-01,01:55:00,0.426,0.244,240.550,2.000,0.000,1.000,1.0
2008-09-01,01:56:00,0.404,0.238,240.390,2.000,0.000,2.000,1.0
2008-09-01,01:57:00,0.458,0.282,240.680,2.200,0.000,2.000,0.0
2008-09-01,01:58:00,0.478,0.344,240.670,2.400,0.000,1.000,1.0
2008-09-01,01:59:00,0.478,0.344,240.500,2.400,0.000,2.000,1.0
2008-09-01,02:00:00,0.486,0.348,240.710,2.400,0.000,2.000,0.0
2008-09-01,02:01:00,0.464,0.342,240.520,2.400,0.000,1.000,1.0
2008-09-01,02:02:00,0.478,0.346,240.380,2.400,0.000,2.000,0.0
2008-09-01,02:03:00,0.460,0.342,240.580,2.400,0.000,1.000,1.0
2008-09-01,02:04:00,0.474,0.346,240.460,2.400,0.000,2.000,1.0
2008-09-01,02:05:00,0.454,0.342,240.480,2.400,0.000,1.000,0.0
2008-09-01,02:06:00,0.472,0.346,240.530,2.400,0.000,2.000,1.0
2008-09-01,02:07:00,0.450,0.338,239.930,2.200,0.000,1.000,1.0
2008-09-01,02:08:00,0.470,0.342,239.930,2.400,0.000,2.000,0.0
2008-09-01,02:09:00,0.450,0.338,239.900,2.200,0.000,1.000,1.0
2008-09-01,02:10:00,0.456,0.326,239.930,2.400,0.000,2.000,1.0
2008-09-01,02:11:00,0.378,0.236,240.120,1.800,0.000,1.000,0.0
2008-09-01,02:12:00,0.382,0.222,240.930,1.800,0.000,2.000,1.0
2008-09-01,02:13:00,0.288,0.106,241.270,1.200,0.000,1.000,1.0
2008-09-01,02:14:00,0.306,0.112,241.350,1.400,0.000,2.000,0.0
2008-09-01,02:15:00,0.266,0.074,241.330,1.200,0.000,1.000,1.0
2008-09-01,02:16:00,0.228,0.000,241.430,1.000,0.000,0.000,1.0
2008-09-01,02:17:00,0.212,0.000,241.740,0.800,0.000,0.000,0.0
2008-09-01,02:18:00,0.746,0.084,240.500,3.400,0.000,0.000,9.0
2008-09-01,02:19:00,0.860,0.098,240.260,3.600,0.000,0.000,11.0
2008-09-01,02:20:00,0.874,0.110,240.930,3.600,0.000,1.000,13.0
2008-09-01,02:21:00,0.868,0.100,240.480,3.600,0.000,0.000,12.0
2008-09-01,02:22:00,0.894,0.104,240.390,3.800,0.000,0.000,12.0
2008-09-01,02:23:00,0.584,0.052,241.020,2.800,0.000,0.000,9.0
2008-09-01,02:24:00,0.186,0.000,241.910,0.800,0.000,0.000,0.0
2008-09-01,02:25:00,0.168,0.000,241.570,0.800,0.000,0.000,1.0
2008-09-01,02:26:00,0.186,0.000,241.170,0.800,0.000,1.000,1.0
2008-09-01,02:27:00,0.168,0.000,241.040,0.800,0.000,0.000,0.0
2008-09-01,02:28:00,0.184,0.000,240.490,0.800,0.000,0.000,1.0
2008-09-01,02:29:00,0.178,0.000,240.510,0.800,0.000,0.000,1.0
2008-09-01,02:30:00,0.172,0.000,240.520,0.800,0.000,0.000,0.0
2008-09-01,02:31:00,0.184,0.000,240.380,0.800,0.000,0.000,1.0
2008-09-01,02:32:00,0.166,0.000,240.500,0.800,0.000,1.000,1.0
2008-09-01,02:33:00,0.184,0.000,240.320,0.800,0.000,0.000,0.0
2008-09-01,02:34:00,0.166,0.000,240.350,0.800,0.000,0.000,1.0
2008-09-01,02:35:00,0.242,0.046,240.310,1.200,0.000,0.000,0.0
2008-09-01,02:36:00,0.244,0.088,240.650,1.000,0.000,0.000,1.0
2008-09-01,02:37:00,0.258,0.092,240.210,1.200,0.000,0.000,1.0
2008-09-01,02:38:00,0.240,0.088,240.110,1.000,0.000,0.000,0.0
2008-09-01,02:39:00,0.258,0.092,239.970,1.200,0.000,1.000,1.0
2008-09-01,02:40:00,0.354,0.212,239.810,1.800,0.000,0.000,1.0
2008-09-01,02:41:00,0.362,0.222,239.680,1.800,0.000,0.000,0.0
2008-09-01,02:42:00,0.340,0.216,239.760,1.600,0.000,0.000,1.0
2008-09-01,02:43:00,0.356,0.222,239.690,1.800,0.000,0.000,1.0
2008-09-01,02:44:00,0.336,0.218,239.840,1.600,0.000,0.000,0.0
2008-09-01,02:45:00,0.346,0.222,239.740,1.600,0.000,1.000,1.0
2008-09-01,02:46:00,0.332,0.216,239.820,1.600,0.000,0.000,1.0
2008-09-01,02:47:00,0.298,0.176,239.810,1.400,0.000,0.000,0.0
2008-09-01,02:48:00,0.242,0.116,239.800,1.000,0.000,0.000,1.0
2008-09-01,02:49:00,0.262,0.120,239.450,1.200,0.000,0.000,1.0
2008-09-01,02:50:00,0.240,0.116,239.920,1.000,0.000,0.000,0.0
2008-09-01,02:51:00,0.258,0.122,240.040,1.200,0.000,1.000,1.0
2008-09-01,02:52:00,0.240,0.116,240.090,1.000,0.000,0.000,1.0
2008-09-01,02:53:00,0.258,0.122,239.960,1.200,0.000,0.000,0.0
2008-09-01,02:54:00,0.240,0.116,240.070,1.000,0.000,0.000,1.0
2008-09-01,02:55:00,0.258,0.122,240.050,1.200,0.000,0.000,1.0
2008-09-01,02:56:00,0.238,0.118,239.940,1.000,0.000,0.000,0.0
2008-09-01,02:57:00,0.256,0.122,239.930,1.200,0.000,0.000,1.0
2008-09-01,02:58:00,0.242,0.118,239.880,1.000,0.000,0.000,1.0
2008-09-01,02:59:00,0.252,0.120,239.770,1.200,0.000,1.000,0.0
2008-09-01,03:00:00,0.254,0.120,239.810,1.200,0.000,0.000,1.0
2008-09-01,03:01:00,0.234,0.110,240.220,1.000,0.000,0.000,0.0
2008-09-01,03:02:00,0.162,0.000,240.150,0.800,0.000,0.000,1.0
2008-09-01,03:03:00,0.142,0.000,238.970,0.600,0.000,0.000,1.0
2008-09-01,03:04:00,0.160,0.000,239.200,0.800,0.000,1.000,0.0
2008-09-01,03:05:00,0.144,0.000,240.050,0.600,0.000,0.000,1.0
2008-09-01,03:06:00,0.162,0.000,240.220,0.800,0.000,0.000,1.0
2008-09-01,03:07:00,0.144,0.000,240.440,0.600,0.000,0.000,0.0
2008-09-01,03:08:00,0.162,0.000,240.440,0.800,0.000,0.000,1.0
2008-09-01,03:09:00,0.144,0.000,240.570,0.600,0.000,0.000,1.0
2008-09-01,03:10:00,0.162,0.000,240.610,0.800,0.000,1.000,0.0
2008-09-01,03:11:00,0.144,0.000,240.930,0.600,0.000,0.000,1.0
2008-09-01,03:12:00,0.218,0.000,241.180,1.200,0.000,0.000,1.0
2008-09-01,03:13:00,0.224,0.092,241.760,1.000,0.000,0.000,0.0
2008-09-01,03:14:00,0.242,0.094,241.220,1.000,0.000,0.000,1.0
2008-09-01,03:15:00,0.222,0.090,241.330,1.000,0.000,0.000,1.0
2008-09-01,03:16:00,0.238,0.094,241.050,1.000,0.000,0.000,0.0
2008-09-01,03:17:00,0.218,0.088,240.290,1.000,0.000,0.000,1.0
2008-09-01,03:18:00,0.234,0.092,240.000,1.000,0.000,1.000,1.0
2008-09-01,03:19:00,0.214,0.086,240.020,1.000,0.000,0.000,0.0
2008-09-01,03:20:00,0.340,0.214,239.880,1.800,0.000,2.000,1.0
2008-09-01,03:21:00,0.302,0.206,239.910,1.400,0.000,1.000,1.0
2008-09-01,03:22:00,0.320,0.212,239.790,1.600,0.000,2.000,0.0
2008-09-01,03:23:00,0.302,0.208,240.030,1.400,0.000,2.000,1.0
2008-09-01,03:24:00,0.258,0.120,240.060,1.200,0.000,1.000,1.0
2008-09-01,03:25:00,0.232,0.106,240.050,1.000,0.000,2.000,0.0
2008-09-01,03:26:00,0.250,0.110,240.080,1.200,0.000,2.000,1.0
2008-09-01,03:27:00,0.232,0.106,239.950,1.000,0.000,1.000,1.0
2008-09-01,03:28:00,0.250,0.110,239.880,1.200,0.000,2.000,0.0
2008-09-01,03:29:00,0.284,0.148,239.930,1.400,0.000,1.000,1.0
2008-09-01,03:30:00,0.348,0.238,239.780,1.800,0.000,2.000,0.0
2008-09-01,03:31:00,0.352,0.240,239.740,1.800,0.000,1.000,1.0
2008-09-01,03:32:00,0.330,0.236,239.920,1.600,0.000,2.000,1.0
2008-09-01,03:33:00,0.346,0.240,239.930,1.800,0.000,2.000,0.0
2008-09-01,03:34:00,0.324,0.236,239.940,1.600,0.000,1.000,1.0
2008-09-01,03:35:00,0.340,0.242,240.040,1.800,0.000,2.000,1.0
2008-09-01,03:36:00,0.322,0.238,240.300,1.600,0.000,1.000,0.0
2008-09-01,03:37:00,0.338,0.242,240.270,1.600,0.000,1.000,1.0
2008-09-01,03:38:00,0.318,0.238,240.210,1.600,0.000,2.000,1.0
2008-09-01,03:39:00,0.334,0.242,240.000,1.600,0.000,1.000,0.0
2008-09-01,03:40:00,0.316,0.236,240.150,1.600,0.000,2.000,1.0
2008-09-01,03:41:00,0.270,0.140,240.220,1.200,0.000,0.000,1.0
2008-09-01,03:42:00,0.240,0.118,240.170,1.000,0.000,0.000,0.0
2008-09-01,03:43:00,0.258,0.122,240.180,1.200,0.000,0.000,1.0
2008-09-01,03:44:00,0.238,0.116,239.960,1.000,0.000,0.000,1.0
2008-09-01,03:45:00,0.258,0.124,240.510,1.200,0.000,1.000,0.0
2008-09-01,03:46:00,0.240,0.118,240.300,1.000,0.000,0.000,1.0
2008-09-01,03:47:00,0.258,0.122,240.330,1.200,0.000,0.000,1.0
2008-09-01,03:48:00,0.238,0.118,240.240,1.000,0.000,0.000,0.0
2008-09-01,03:49:00,0.330,0.200,240.270,1.600,0.000,0.000,1.0
2008-09-01,03:50:00,0.798,0.304,239.670,3.800,0.000,0.000,8.0
2008-09-01,03:51:00,0.902,0.222,239.620,3.800,0.000,1.000,11.0
2008-09-01,03:52:00,0.900,0.194,239.600,3.800,0.000,0.000,12.0
2008-09-01,03:53:00,0.934,0.202,239.970,4.000,0.000,0.000,13.0
2008-09-01,03:54:00,0.920,0.196,239.790,3.800,0.000,0.000,12.0
2008-09-01,03:55:00,0.532,0.138,239.810,2.800,0.000,0.000,6.0
2008-09-01,03:56:00,0.216,0.088,240.140,1.000,0.000,0.000,1.0
2008-09-01,03:57:00,0.232,0.092,240.080,1.000,0.000,1.000,1.0
2008-09-01,03:58:00,0.214,0.088,240.270,1.000,0.000,0.000,0.0
2008-09-01,03:59:00,0.232,0.092,240.360,1.000,0.000,0.000,1.0
2008-09-01,04:00:00,0.224,0.090,240.380,1.000,0.000,0.000,1.0
2008-09-01,04:01:00,0.152,0.000,241.040,0.600,0.000,0.000,0.0
2008-09-01,04:02:00,0.164,0.000,241.340,0.800,0.000,0.000,1.0
2008-09-01,04:03:00,0.146,0.000,241.320,0.600,0.000,0.000,1.0
2008-09-01,04:04:00,0.164,0.000,240.490,0.800,0.000,1.000,0.0
2008-09-01,04:05:00,0.144,0.000,240.500,0.600,0.000,0.000,1.0
2008-09-01,04:06:00,0.162,0.000,240.360,0.800,0.000,0.000,1.0
2008-09-01,04:07:00,0.144,0.000,240.470,0.600,0.000,0.000,0.0
2008-09-01,04:08:00,0.164,0.000,240.960,0.800,0.000,0.000,1.0
2008-09-01,04:09:00,0.144,0.000,240.750,0.600,0.000,0.000,1.0
2008-09-01,04:10:00,0.164,0.000,240.750,0.800,0.000,1.000,0.0
2008-09-01,04:11:00,0.146,0.000,241.210,0.600,0.000,0.000,1.0
2008-09-01,04:12:00,0.164,0.000,241.250,0.800,0.000,0.000,1.0
2008-09-01,04:13:00,0.146,0.000,241.290,0.600,0.000,0.000,0.0
2008-09-01,04:14:00,0.164,0.000,241.110,0.800,0.000,0.000,1.0
2008-09-01,04:15:00,0.146,0.000,241.240,0.600,0.000,0.000,1.0
2008-09-01,04:16:00,0.164,0.000,241.070,0.800,0.000,1.000,0.0
2008-09-01,04:17:00,0.144,0.000,241.110,0.600,0.000,0.000,1.0
2008-09-01,04:18:00,0.164,0.000,240.990,0.800,0.000,0.000,1.0
2008-09-01,04:19:00,0.270,0.122,241.580,1.200,0.000,0.000,0.0
2008-09-01,04:20:00,0.274,0.124,241.370,1.200,0.000,0.000,1.0
2008-09-01,04:21:00,0.252,0.120,241.350,1.200,0.000,0.000,0.0
2008-09-01,04:22:00,0.282,0.126,241.360,1.200,0.000,1.000,1.0
2008-09-01,04:23:00,0.270,0.120,241.000,1.200,0.000,0.000,1.0
2008-09-01,04:24:00,0.280,0.124,240.910,1.200,0.000,0.000,0.0
2008-09-01,04:25:00,0.246,0.118,240.800,1.000,0.000,0.000,1.0
2008-09-01,04:26:00,0.338,0.202,241.040,1.800,0.000,0.000,1.0
2008-09-01,04:27:00,0.320,0.222,241.260,1.600,0.000,0.000,0.0
2008-09-01,04:28:00,0.340,0.230,241.720,1.600,0.000,0.000,1.0
2008-09-01,04:29:00,0.318,0.224,241.520,1.600,0.000,0.000,1.0
2008-09-01,04:30:00,0.334,0.228,241.550,1.600,0.000,1.000,0.0
2008-09-01,04:31:00,0.328,0.228,241.610,1.600,0.000,0.000,1.0
2008-09-01,04:32:00,0.316,0.224,241.140,1.600,0.000,0.000,1.0
2008-09-01,04:33:00,0.328,0.226,240.970,1.600,0.000,0.000,0.0
2008-09-01,04:34:00,0.310,0.222,240.980,1.600,0.000,0.000,1.0
2008-09-01,04:35:00,0.326,0.226,240.970,1.600,0.000,1.000,1.0
2008-09-01,04:36:00,0.306,0.220,240.480,1.600,0.000,0.000,0.0
2008-09-01,04:37:00,0.324,0.224,240.220,1.600,0.000,0.000,1.0
2008-09-01,04:38:00,0.238,0.118,239.990,1.000,0.000,0.000,1.0
2008-09-01,04:39:00,0.256,0.120,240.030,1.200,0.000,0.000,0.0
2008-09-01,04:40:00,0.190,0.052,240.170,0.800,0.000,0.000,1.0
2008-09-01,04:41:00,0.162,0.000,240.070,0.800,0.000,1.000,1.0
2008-09-01,04:42:00,0.144,0.000,240.160,0.600,0.000,0.000,0.0
2008-09-01,04:43:00,0.162,0.000,240.120,0.800,0.000,0.000,1.0
2008-09-01,04:44:00,0.144,0.000,240.260,0.600,0.000,0.000,1.0
2008-09-01,04:45:00,0.162,0.000,240.430,0.800,0.000,0.000,0.0
2008-09-01,04:46:00,0.244,0.098,240.070,1.200,0.000,2.000,1.0
2008-09-01,04:47:00,0.254,0.110,240.100,1.200,0.000,2.000,1.0
2008-09-01,04:48:00,0.234,0.106,240.480,1.000,0.000,1.000,0.0
2008-09-01,04:49:00,0.252,0.112,240.510,1.200,0.000,2.000,1.0
2008-09-01,04:50:00,0.234,0.106,240.500,1.000,0.000,1.000,1.0
2008-09-01,04:51:00,0.252,0.110,240.280,1.200,0.000,2.000,0.0
2008-09-01,04:52:00,0.232,0.106,240.190,1.000,0.000,2.000,1.0
2008-09-01,04:53:00,0.250,0.110,240.150,1.200,0.000,1.000,1.0
2008-09-01,04:54:00,0.230,0.104,240.220,1.000,0.000,2.000,0.0
2008-09-01,04:55:00,0.248,0.110,240.210,1.200,0.000,2.000,1.0
2008-09-01,04:56:00,0.228,0.104,239.990,1.000,0.000,1.000,0.0
2008-09-01,04:57:00,0.246,0.110,240.140,1.200,0.000,2.000,1.0
2008-09-01,04:58:00,0.228,0.106,240.580,1.000,0.000,1.000,1.0
2008-09-01,04:59:00,0.244,0.112,240.870,1.200,0.000,2.000,0.0
2008-09-01,05:00:00,0.232,0.108,240.820,1.000,0.000,1.000,1.0
2008-09-01,05:01:00,0.236,0.110,240.640,1.000,0.000,2.000,1.0
2008-09-01,05:02:00,0.240,0.108,239.530,1.000,0.000,1.000,0.0
2008-09-01,05:03:00,0.292,0.174,239.430,1.400,0.000,1.000,1.0
2008-09-01,05:04:00,0.314,0.206,238.990,1.600,0.000,2.000,1.0
2008-09-01,05:05:00,0.294,0.200,238.720,1.400,0.000,1.000,0.0
2008-09-01,05:06:00,0.306,0.198,239.190,1.600,0.000,2.000,1.0
2008-09-01,05:07:00,0.218,0.086,239.700,1.000,0.000,0.000,1.0
2008-09-01,05:08:00,0.276,0.126,239.630,1.400,0.000,0.000,0.0
2008-09-01,05:09:00,0.324,0.216,239.440,1.600,0.000,0.000,1.0
2008-09-01,05:10:00,0.320,0.216,239.470,1.600,0.000,0.000,1.0
2008-09-01,05:11:00,0.318,0.216,239.530,1.600,0.000,0.000,0.0
2008-09-01,05:12:00,0.316,0.216,239.460,1.600,0.000,0.000,1.0
2008-09-01,05:13:00,0.314,0.218,239.930,1.600,0.000,0.000,1.0
2008-09-01,05:14:00,0.264,0.144,239.400,1.200,0.000,0.000,0.0
2008-09-01,05:15:00,0.244,0.116,239.860,1.000,0.000,0.000,1.0
2008-09-01,05:16:00,0.242,0.116,239.800,1.000,0.000,0.000,1.0
2008-09-01,05:17:00,0.242,0.116,240.220,1.000,0.000,0.000,0.0
2008-09-01,05:18:00,0.242,0.118,240.670,1.000,0.000,0.000,1.0
2008-09-01,05:19:00,0.242,0.118,240.740,1.000,0.000,0.000,0.0
2008-09-01,05:20:00,0.240,0.116,240.240,1.000,0.000,0.000,1.0
2008-09-01,05:21:00,0.238,0.114,239.480,1.000,0.000,0.000,1.0
2008-09-01,05:22:00,0.358,0.138,239.430,2.000,0.000,0.000,2.0
2008-09-01,05:23:00,0.868,0.216,238.630,3.600,0.000,0.000,11.0
2008-09-01,05:24:00,0.892,0.216,238.610,3.800,0.000,0.000,12.0
2008-09-01,05:25:00,0.920,0.216,238.500,4.000,0.000,0.000,12.0
2008-09-01,05:26:00,0.928,0.214,238.200,4.000,0.000,0.000,12.0
2008-09-01,05:27:00,0.744,0.186,238.460,3.400,0.000,0.000,10.0
2008-09-01,05:28:00,0.236,0.116,239.370,1.000,0.000,0.000,0.0
2008-09-01,05:29:00,0.236,0.114,239.270,1.000,0.000,0.000,1.0
2008-09-01,05:30:00,0.168,0.000,239.630,0.800,0.000,0.000,1.0
2008-09-01,05:31:00,0.142,0.000,239.790,0.600,0.000,0.000,0.0
2008-09-01,05:32:00,0.142,0.000,239.590,0.600,0.000,0.000,1.0
2008-09-01,05:33:00,0.142,0.000,238.840,0.600,0.000,0.000,1.0
2008-09-01,05:34:00,0.142,0.000,238.740,0.600,0.000,0.000,0.0
2008-09-01,05:35:00,0.142,0.000,239.560,0.600,0.000,0.000,1.0
2008-09-01,05:36:00,0.142,0.000,239.260,0.600,0.000,0.000,0.0
2008-09-01,05:37:00,0.142,0.000,239.400,0.600,0.000,0.000,1.0
2008-09-01,05:38:00,0.142,0.000,239.600,0.600,0.000,0.000,1.0
2008-09-01,05:39:00,0.174,0.000,239.280,1.000,0.000,0.000,0.0
2008-09-01,05:40:00,0.220,0.084,238.870,1.000,0.000,0.000,1.0
2008-09-01,05:41:00,0.220,0.084,238.750,1.000,0.000,0.000,1.0
2008-09-01,05:42:00,0.218,0.084,238.560,1.000,0.000,0.000,0.0
2008-09-01,05:43:00,0.218,0.084,238.640,1.000,0.000,0.000,1.0
2008-09-01,05:44:00,0.216,0.084,238.780,1.000,0.000,0.000,1.0
2008-09-01,05:45:00,0.214,0.084,238.900,1.000,0.000,0.000,0.0
2008-09-01,05:46:00,0.214,0.084,238.800,1.000,0.000,0.000,1.0
2008-09-01,05:47:00,0.214,0.084,239.060,1.000,0.000,0.000,1.0
2008-09-01,05:48:00,0.212,0.084,239.000,1.000,0.000,0.000,0.0
2008-09-01,05:49:00,0.212,0.084,239.060,1.000,0.000,0.000,1.0
2008-09-01,05:50:00,0.184,0.000,238.960,0.800,0.000,0.000,1.0
2008-09-01,05:51:00,0.142,0.000,239.520,0.600,0.000,0.000,0.0
2008-09-01,05:52:00,0.142,0.000,239.200,0.600,0.000,0.000,1.0
2008-09-01,05:53:00,0.142,0.000,239.230,0.600,0.000,0.000,0.0
2008-09-01,05:54:00,0.142,0.000,239.070,0.600,0.000,0.000,1.0
2008-09-01,05:55:00,0.142,0.000,239.240,0.600,0.000,0.000,1.0
2008-09-01,05:56:00,0.142,0.000,239.240,0.600,0.000,0.000,0.0
2008-09-01,05:57:00,0.142,0.000,238.950,0.600,0.000,0.000,1.0
2008-09-01,05:58:00,0.188,0.000,238.810,1.000,0.000,0.000,1.0
2008-09-01,05:59:00,0.254,0.112,238.330,1.200,0.000,0.000,0.0
2008-09-01,06:00:00,0.250,0.112,238.310,1.000,0.000,0.000,1.0
2008-09-01,06:01:00,0.248,0.112,238.290,1.000,0.000,0.000,1.0
2008-09-01,06:02:00,0.246,0.112,238.240,1.000,0.000,0.000,0.0
2008-09-01,06:03:00,0.244,0.112,238.110,1.000,0.000,0.000,1.0
2008-09-01,06:04:00,0.242,0.112,238.140,1.000,0.000,0.000,1.0
2008-09-01,06:05:00,0.242,0.112,238.360,1.000,0.000,0.000,0.0
2008-09-01,06:06:00,0.240,0.112,238.210,1.000,0.000,0.000,1.0
2008-09-01,06:07:00,0.240,0.114,238.510,1.000,0.000,0.000,1.0
2008-09-01,06:08:00,0.238,0.112,238.520,1.000,0.000,0.000,0.0
2008-09-01,06:09:00,0.238,0.114,238.500,1.000,0.000,0.000,1.0
2008-09-01,06:10:00,0.238,0.112,238.360,1.000,0.000,0.000,0.0
2008-09-01,06:11:00,0.238,0.112,238.480,1.000,0.000,0.000,1.0
2008-09-01,06:12:00,0.312,0.194,238.540,1.600,0.000,0.000,1.0
2008-09-01,06:13:00,0.326,0.232,238.450,1.600,0.000,2.000,0.0
2008-09-01,06:14:00,0.324,0.230,238.510,1.600,0.000,1.000,1.0
2008-09-01,06:15:00,0.324,0.232,238.520,1.600,0.000,2.000,1.0
2008-09-01,06:16:00,0.376,0.280,238.260,2.000,0.000,1.000,0.0
2008-09-01,06:17:00,0.398,0.330,237.930,2.200,0.000,2.000,1.0
2008-09-01,06:18:00,0.398,0.332,238.510,2.200,0.000,1.000,1.0
2008-09-01,06:19:00,0.394,0.328,237.810,2.000,0.000,2.000,0.0
2008-09-01,06:20:00,0.316,0.218,237.920,1.600,0.000,1.000,1.0
2008-09-01,06:21:00,0.300,0.200,238.280,1.400,0.000,2.000,1.0
2008-09-01,06:22:00,0.298,0.202,238.640,1.400,0.000,1.000,0.0
2008-09-01,06:23:00,0.296,0.202,238.890,1.400,0.000,1.000,1.0
2008-09-01,06:24:00,0.294,0.202,238.550,1.400,0.000,2.000,0.0
2008-09-01,06:25:00,0.290,0.200,238.190,1.400,0.000,1.000,1.0
2008-09-01,06:26:00,0.290,0.202,238.300,1.400,0.000,1.000,1.0
2008-09-01,06:27:00,0.270,0.174,238.800,1.400,0.000,2.000,0.0
2008-09-01,06:28:00,0.224,0.106,240.410,1.000,0.000,1.000,1.0
2008-09-01,06:29:00,0.222,0.106,240.220,1.000,0.000,1.000,1.0
2008-09-01,06:30:00,0.222,0.106,240.520,1.000,0.000,2.000,0.0
2008-09-01,06:31:00,0.222,0.106,240.540,1.000,0.000,1.000,1.0
2008-09-01,06:32:00,0.222,0.108,241.190,1.000,0.000,1.000,1.0
2008-09-01,06:33:00,0.164,0.000,240.430,0.800,0.000,0.000,0.0
2008-09-01,06:34:00,0.144,0.000,240.290,0.600,0.000,0.000,1.0
2008-09-01,06:35:00,0.144,0.000,240.290,0.600,0.000,0.000,1.0
2008-09-01,06:36:00,0.142,0.000,239.970,0.600,0.000,0.000,0.0
2008-09-01,06:37:00,0.142,0.000,239.900,0.600,0.000,0.000,1.0
2008-09-01,06:38:00,0.142,0.000,239.930,0.600,0.000,0.000,1.0
2008-09-01,06:39:00,0.142,0.000,239.780,0.600,0.000,0.000,0.0
2008-09-01,06:40:00,0.144,0.000,240.030,0.600,0.000,0.000,1.0
2008-09-01,06:41:00,0.142,0.000,239.990,0.600,0.000,0.000,1.0
2008-09-01,06:42:00,0.142,0.000,239.790,0.600,0.000,0.000,0.0
2008-09-01,06:43:00,0.142,0.000,239.840,0.600,0.000,0.000,1.0
2008-09-01,06:44:00,0.144,0.000,240.070,0.600,0.000,0.000,1.0
2008-09-01,06:45:00,0.144,0.000,239.970,0.600,0.000,0.000,0.0
2008-09-01,06:46:00,0.144,0.000,240.200,0.600,0.000,0.000,1.0
2008-09-01,06:47:00,0.142,0.000,239.910,0.600,0.000,0.000,1.0
2008-09-01,06:48:00,0.192,0.000,239.880,1.000,0.000,0.000,0.0
2008-09-01,06:49:00,0.254,0.116,239.700,1.200,0.000,0.000,1.0
2008-09-01,06:50:00,0.252,0.116,240.120,1.200,0.000,0.000,0.0
2008-09-01,06:51:00,0.250,0.118,240.140,1.200,0.000,0.000,1.0
2008-09-01,06:52:00,0.248,0.118,240.240,1.000,0.000,0.000,1.0
2008-09-01,06:53:00,0.288,0.152,240.580,1.400,0.000,0.000,0.0
2008-09-01,06:54:00,0.322,0.218,240.290,1.600,0.000,0.000,1.0
2008-09-01,06:55:00,0.788,0.298,239.410,3.600,0.000,0.000,8.0
2008-09-01,06:56:00,0.958,0.320,239.120,4.200,0.000,0.000,11.0
2008-09-01,06:57:00,0.988,0.322,239.330,4.200,0.000,0.000,12.0
2008-09-01,06:58:00,1.002,0.318,238.780,4.400,0.000,0.000,12.0
2008-09-01,06:59:00,1.002,0.312,238.240,4.400,0.000,0.000,12.0
2008-09-01,07:00:00,0.394,0.230,239.810,2.000,0.000,0.000,3.0
2008-09-01,07:01:00,0.308,0.216,239.450,1.600,0.000,0.000,1.0
2008-09-01,07:02:00,0.308,0.218,239.910,1.600,0.000,0.000,1.0
2008-09-01,07:03:00,0.306,0.218,239.690,1.600,0.000,0.000,0.0
2008-09-01,07:04:00,0.290,0.192,239.580,1.400,0.000,0.000,1.0
2008-09-01,07:05:00,0.364,0.112,239.110,1.600,0.000,0.000,0.0
2008-09-01,07:06:00,0.564,0.108,238.780,2.400,0.000,0.000,1.0
2008-09-01,07:07:00,2.140,0.104,237.250,11.800,0.000,0.000,1.0
2008-09-01,07:08:00,3.980,0.086,234.830,17.000,0.000,0.000,0.0
2008-09-01,07:09:00,3.984,0.072,234.690,17.000,0.000,0.000,10.0
2008-09-01,07:10:00,4.058,0.052,234.630,17.600,0.000,0.000,18.0
2008-09-01,07:11:00,2.538,0.146,236.360,11.400,0.000,0.000,19.0
2008-09-01,07:12:00,1.756,0.000,237.200,7.800,0.000,0.000,18.0
2008-09-01,07:13:00,2.228,0.000,236.860,9.600,0.000,0.000,18.0
2008-09-01,07:14:00,2.464,0.000,236.690,10.400,0.000,0.000,18.0
2008-09-01,07:15:00,2.340,0.000,237.160,10.000,0.000,0.000,17.0
2008-09-01,07:16:00,2.378,0.000,236.730,10.200,0.000,0.000,18.0
2008-09-01,07:17:00,2.568,0.000,236.370,10.800,0.000,0.000,18.0
2008-09-01,07:18:00,2.796,0.000,236.090,12.200,0.000,0.000,18.0
2008-09-01,07:19:00,2.312,0.000,237.390,10.000,0.000,0.000,18.0
2008-09-01,07:20:00,1.908,0.000,237.800,8.200,0.000,0.000,18.0
2008-09-01,07:21:00,1.650,0.000,237.740,7.000,0.000,0.000,18.0
2008-09-01,07:22:00,1.616,0.000,237.800,6.800,0.000,0.000,18.0
2008-09-01,07:23:00,1.446,0.072,238.070,6.200,0.000,0.000,18.0
2008-09-01,07:24:00,1.814,0.118,237.520,7.600,0.000,0.000,18.0
2008-09-01,07:25:00,1.810,0.118,237.230,7.600,0.000,0.000,17.0
2008-09-01,07:26:00,1.810,0.116,236.960,7.600,0.000,0.000,18.0
2008-09-01,07:27:00,1.814,0.116,236.920,7.600,0.000,0.000,18.0
2008-09-01,07:28:00,1.814,0.116,236.940,7.600,0.000,0.000,18.0
2008-09-01,07:29:00,1.800,0.114,236.350,7.600,0.000,0.000,18.0
2008-09-01,07:30:00,1.792,0.114,235.950,7.600,0.000,0.000,17.0
2008-09-01,07:31:00,1.796,0.114,236.070,7.600,0.000,0.000,18.0
2008-09-01,07:32:00,1.856,0.170,236.390,7.800,0.000,0.000,18.0
2008-09-01,07:33:00,1.900,0.242,236.120,8.000,0.000,0.000,18.0
2008-09-01,07:34:00,1.896,0.240,235.860,8.000,0.000,0.000,17.0
2008-09-01,07:35:00,1.898,0.240,235.810,8.000,0.000,0.000,18.0
2008-09-01,07:36:00,1.832,0.152,235.120,7.800,0.000,0.000,17.0
2008-09-01,07:37:00,1.822,0.140,235.400,7.800,0.000,0.000,18.0
2008-09-01,07:38:00,1.832,0.144,236.770,7.800,0.000,0.000,18.0
2008-09-01,07:39:00,1.892,0.196,237.150,8.000,0.000,0.000,18.0
2008-09-01,07:40:00,1.920,0.262,236.560,8.200,0.000,2.000,17.0
2008-09-01,07:41:00,1.912,0.260,236.280,8.200,0.000,1.000,18.0
2008-09-01,07:42:00,1.912,0.260,236.480,8.200,0.000,2.000,18.0
2008-09-01,07:43:00,1.912,0.260,236.460,8.000,0.000,1.000,18.0
2008-09-01,07:44:00,1.908,0.260,236.180,8.000,0.000,2.000,17.0
2008-09-01,07:45:00,1.904,0.258,235.980,8.000,0.000,1.000,18.0
2008-09-01,07:46:00,1.926,0.264,237.640,8.200,0.000,2.000,18.0
2008-09-01,07:47:00,1.932,0.266,238.220,8.200,0.000,1.000,18.0
2008-09-01,07:48:00,1.922,0.264,237.520,8.200,0.000,1.000,18.0
2008-09-01,07:49:00,1.926,0.266,238.030,8.200,0.000,2.000,18.0
2008-09-01,07:50:00,1.950,0.272,239.700,8.200,0.000,1.000,18.0
2008-09-01,07:51:00,1.952,0.274,240.020,8.200,0.000,2.000,18.0
2008-09-01,07:52:00,1.956,0.274,240.390,8.200,0.000,1.000,19.0
2008-09-01,07:53:00,2.080,0.272,240.290,8.600,0.000,1.000,18.0
2008-09-01,07:54:00,2.002,0.272,240.020,8.400,0.000,2.000,18.0
2008-09-01,07:55:00,2.030,0.272,240.320,8.400,0.000,1.000,19.0
2008-09-01,07:56:00,1.596,0.130,240.560,6.800,0.000,1.000,18.0
2008-09-01,07:57:00,1.346,0.094,240.340,5.600,0.000,1.000,18.0
2008-09-01,07:58:00,1.424,0.092,240.250,5.800,0.000,2.000,19.0
2008-09-01,07:59:00,1.456,0.092,240.670,6.000,0.000,1.000,18.0
2008-09-01,08:00:00,1.414,0.000,240.870,5.800,0.000,1.000,18.0
2008-09-01,08:01:00,1.384,0.000,240.850,5.600,0.000,0.000,19.0
2008-09-01,08:02:00,1.432,0.000,240.240,6.000,0.000,0.000,18.0
2008-09-01,08:03:00,1.450,0.072,240.060,6.000,0.000,0.000,18.0
2008-09-01,08:04:00,1.450,0.074,240.100,6.000,0.000,0.000,19.0
2008-09-01,08:05:00,1.450,0.074,240.080,6.000,0.000,0.000,18.0
2008-09-01,08:06:00,1.418,0.072,239.590,5.800,0.000,0.000,18.0
2008-09-01,08:07:00,1.564,0.088,239.690,6.800,0.000,0.000,18.0
2008-09-01,08:08:00,3.382,0.182,238.110,14.200,0.000,0.000,25.0
2008-09-01,08:09:00,3.132,0.224,238.790,13.400,0.000,0.000,28.0
2008-09-01,08:10:00,2.518,0.230,239.220,10.600,0.000,0.000,30.0
2008-09-01,08:11:00,2.500,0.228,238.980,10.400,0.000,0.000,29.0
2008-09-01,08:12:00,2.484,0.220,238.510,10.400,0.000,0.000,30.0
2008-09-01,08:13:00,2.420,0.180,238.240,10.200,0.000,0.000,29.0
2008-09-01,08:14:00,1.976,0.174,238.610,8.200,1.000,0.000,18.0
2008-09-01,08:15:00,1.440,0.156,239.050,6.000,1.000,0.000,18.0
2008-09-01,08:16:00,1.508,0.270,238.640,6.400,1.000,0.000,18.0
2008-09-01,08:17:00,1.504,0.178,239.240,6.200,1.000,0.000,18.0
2008-09-01,08:18:00,1.348,0.000,239.420,5.600,2.000,0.000,19.0
2008-09-01,08:19:00,1.272,0.000,239.540,5.200,1.000,0.000,18.0
2008-09-01,08:20:00,1.272,0.000,239.160,5.200,1.000,0.000,18.0
2008-09-01,08:21:00,1.260,0.000,238.450,5.200,1.000,0.000,18.0
2008-09-01,08:22:00,1.264,0.000,238.540,5.200,1.000,0.000,18.0
2008-09-01,08:23:00,1.262,0.000,238.660,5.200,2.000,0.000,18.0
2008-09-01,08:24:00,1.364,0.088,238.130,5.600,1.000,0.000,18.0
2008-09-01,08:25:00,1.378,0.112,239.310,5.600,1.000,0.000,18.0
2008-09-01,08:26:00,1.386,0.118,239.630,5.800,1.000,0.000,19.0
2008-09-01,08:27:00,1.370,0.110,239.130,5.600,2.000,0.000,18.0
2008-09-01,08:28:00,1.368,0.110,238.830,5.600,1.000,0.000,18.0
2008-09-01,08:29:00,1.362,0.110,238.610,5.600,1.000,0.000,18.0
2008-09-01,08:30:00,1.362,0.108,238.480,5.600,1.000,0.000,18.0
2008-09-01,08:31:00,1.364,0.114,239.240,5.600,1.000,0.000,18.0
2008-09-01,08:32:00,1.354,0.150,239.380,5.600,1.000,0.000,18.0
2008-09-01,08:33:00,1.344,0.126,238.580,5.600,1.000,0.000,18.0
2008-09-01,08:34:00,1.364,0.118,238.470,5.600,1.000,0.000,18.0
2008-09-01,08:35:00,3.480,0.090,236.860,14.600,35.000,0.000,18.0
2008-09-01,08:36:00,3.514,0.090,236.580,14.800,38.000,0.000,18.0
2008-09-01,08:37:00,3.524,0.092,237.150,14.800,37.000,0.000,18.0
2008-09-01,08:38:00,3.514,0.090,236.870,14.800,37.000,0.000,18.0
2008-09-01,08:39:00,3.524,0.092,237.200,14.800,38.000,0.000,18.0
2008-09-01,08:40:00,3.524,0.092,237.360,14.800,37.000,0.000,17.0
2008-09-01,08:41:00,3.516,0.092,237.080,14.800,37.000,0.000,18.0
2008-09-01,08:42:00,3.500,0.090,236.630,14.800,38.000,0.000,18.0
2008-09-01,08:43:00,3.500,0.090,236.700,14.800,37.000,0.000,18.0
2008-09-01,08:44:00,3.442,0.092,237.470,14.600,37.000,0.000,18.0
2008-09-01,08:45:00,1.434,0.180,239.430,6.000,2.000,0.000,18.0
2008-09-01,08:46:00,1.384,0.126,239.850,5.800,2.000,0.000,18.0
2008-09-01,08:47:00,1.350,0.082,239.450,5.600,1.000,0.000,18.0
2008-09-01,08:48:00,1.342,0.082,239.030,5.600,1.000,0.000,18.0
2008-09-01,08:49:00,1.340,0.082,238.810,5.600,1.000,0.000,19.0
2008-09-01,08:50:00,1.336,0.080,238.760,5.600,1.000,0.000,18.0
2008-09-01,08:51:00,1.338,0.082,238.990,5.600,2.000,0.000,18.0
2008-09-01,08:52:00,1.336,0.082,238.940,5.600,1.000,0.000,18.0
2008-09-01,08:53:00,1.336,0.080,238.870,5.600,1.000,0.000,18.0
2008-09-01,08:54:00,1.336,0.082,239.190,5.600,1.000,0.000,18.0
2008-09-01,08:55:00,1.336,0.082,239.130,5.600,1.000,0.000,18.0
2008-09-01,08:56:00,1.330,0.080,238.640,5.600,2.000,0.000,18.0
2008-09-01,08:57:00,1.272,0.000,238.730,5.200,1.000,0.000,18.0
2008-09-01,08:58:00,1.262,0.000,238.420,5.200,1.000,0.000,18.0
2008-09-01,08:59:00,1.254,0.000,237.590,5.200,1.000,0.000,18.0
2008-09-01,09:00:00,1.256,0.000,237.910,5.200,1.000,0.000,18.0
2008-09-01,09:01:00,1.254,0.000,237.690,5.200,1.000,0.000,18.0
2008-09-01,09:02:00,1.254,0.000,237.620,5.200,2.000,0.000,18.0
2008-09-01,09:03:00,1.264,0.000,238.630,5.200,1.000,0.000,18.0
2008-09-01,09:04:00,1.258,0.000,238.010,5.200,1.000,0.000,18.0
2008-09-01,09:05:00,1.266,0.000,238.820,5.200,1.000,0.000,18.0
2008-09-01,09:06:00,1.268,0.000,239.000,5.200,1.000,0.000,18.0
2008-09-01,09:07:00,1.370,0.098,239.140,5.600,2.000,0.000,19.0
2008-09-01,09:08:00,1.358,0.100,239.180,5.600,1.000,2.000,18.0
2008-09-01,09:09:00,1.352,0.100,238.810,5.600,1.000,1.000,18.0
2008-09-01,09:10:00,1.364,0.102,239.710,5.600,1.000,1.000,18.0
2008-09-01,09:11:00,1.364,0.102,240.010,5.600,1.000,2.000,18.0
2008-09-01,09:12:00,1.366,0.102,240.030,5.600,2.000,1.000,19.0
2008-09-01,09:13:00,1.366,0.104,240.410,5.600,1.000,2.000,18.0
2008-09-01,09:14:00,1.410,0.140,240.650,5.800,1.000,1.000,18.0
2008-09-01,09:15:00,1.474,0.236,240.370,6.200,1.000,2.000,19.0
2008-09-01,09:16:00,1.476,0.238,240.670,6.200,1.000,1.000,18.0
2008-09-01,09:17:00,1.470,0.238,240.700,6.200,2.000,1.000,18.0
2008-09-01,09:18:00,1.462,0.234,239.910,6.000,1.000,2.000,19.0
2008-09-01,09:19:00,1.454,0.234,239.740,6.000,1.000,1.000,18.0
2008-09-01,09:20:00,1.456,0.234,239.870,6.000,1.000,1.000,18.0
2008-09-01,09:21:00,1.460,0.236,240.000,6.000,1.000,2.000,18.0
2008-09-01,09:22:00,1.940,0.320,239.350,8.200,2.000,1.000,26.0
2008-09-01,09:23:00,2.102,0.342,239.040,8.800,1.000,1.000,29.0
2008-09-01,09:24:00,2.228,0.442,239.010,9.400,1.000,2.000,29.0
2008-09-01,09:25:00,2.222,0.440,238.660,9.400,1.000,1.000,30.0
2008-09-01,09:26:00,2.224,0.432,238.130,9.400,1.000,1.000,29.0
2008-09-01,09:27:00,1.936,0.388,238.070,8.400,2.000,1.000,26.0
2008-09-01,09:28:00,1.448,0.210,238.080,6.000,1.000,0.000,18.0
2008-09-01,09:29:00,1.452,0.214,238.740,6.000,1.000,0.000,18.0
2008-09-01,09:30:00,1.456,0.214,239.190,6.000,1.000,0.000,18.0
2008-09-01,09:31:00,1.452,0.214,239.130,6.000,1.000,0.000,18.0
2008-09-01,09:32:00,1.452,0.214,239.110,6.000,1.000,0.000,18.0
2008-09-01,09:33:00,1.450,0.214,239.060,6.000,2.000,0.000,19.0
2008-09-01,09:34:00,1.450,0.214,239.030,6.000,1.000,0.000,18.0
2008-09-01,09:35:00,1.432,0.190,238.520,6.000,1.000,0.000,18.0
2008-09-01,09:36:00,0.758,0.000,239.100,4.000,1.000,0.000,9.0
2008-09-01,09:37:00,0.230,0.000,239.950,1.000,1.000,0.000,1.0
2008-09-01,09:38:00,0.210,0.000,240.530,1.000,1.000,0.000,1.0
2008-09-01,09:39:00,0.204,0.000,240.640,0.800,0.000,0.000,0.0
2008-09-01,09:40:00,0.248,0.000,240.510,1.000,1.000,0.000,1.0
2008-09-01,09:41:00,0.298,0.000,240.200,1.200,0.000,0.000,1.0
2008-09-01,09:42:00,0.310,0.000,240.490,1.400,1.000,0.000,0.0
2008-09-01,09:43:00,0.620,0.000,239.960,2.600,1.000,0.000,1.0
2008-09-01,09:44:00,0.622,0.000,240.240,2.600,2.000,0.000,1.0
2008-09-01,09:45:00,0.618,0.000,240.250,2.600,1.000,0.000,0.0
2008-09-01,09:46:00,0.614,0.000,240.330,2.600,1.000,0.000,1.0
2008-09-01,09:47:00,0.616,0.000,240.640,2.600,1.000,0.000,1.0
2008-09-01,09:48:00,0.612,0.000,240.030,2.600,1.000,0.000,0.0
2008-09-01,09:49:00,0.548,0.000,240.960,2.200,2.000,0.000,1.0
2008-09-01,09:50:00,0.310,0.000,240.670,1.400,0.000,0.000,1.0
2008-09-01,09:51:00,0.218,0.000,239.890,1.000,1.000,0.000,0.0
2008-09-01,09:52:00,0.252,0.000,239.710,1.000,1.000,0.000,1.0
2008-09-01,09:53:00,0.344,0.000,239.760,1.400,1.000,0.000,1.0
2008-09-01,09:54:00,1.620,0.000,238.540,8.200,20.000,0.000,0.0
2008-09-01,09:55:00,3.386,0.000,236.700,14.400,37.000,0.000,14.0
2008-09-01,09:56:00,3.568,0.000,236.540,15.000,38.000,0.000,19.0
2008-09-01,09:57:00,3.556,0.000,236.600,15.000,37.000,0.000,18.0
2008-09-01,09:58:00,3.526,0.000,235.900,14.800,37.000,0.000,18.0
2008-09-01,09:59:00,3.506,0.000,235.680,14.800,36.000,0.000,18.0
2008-09-01,10:00:00,3.518,0.000,235.400,14.800,37.000,0.000,17.0
2008-09-01,10:01:00,3.748,0.000,236.390,15.800,37.000,0.000,18.0
2008-09-01,10:02:00,3.710,0.000,236.180,15.600,37.000,0.000,18.0
2008-09-01,10:03:00,3.752,0.054,235.840,15.800,37.000,0.000,17.0
2008-09-01,10:04:00,3.788,0.092,235.550,16.000,37.000,0.000,18.0
2008-09-01,10:05:00,3.862,0.182,236.270,16.400,36.000,0.000,18.0
2008-09-01,10:06:00,3.844,0.178,236.110,16.200,37.000,0.000,18.0
2008-09-01,10:07:00,2.154,0.190,237.350,10.000,12.000,0.000,17.0
2008-09-01,10:08:00,1.552,0.194,238.320,6.600,0.000,0.000,18.0
2008-09-01,10:09:00,1.550,0.192,238.180,6.600,0.000,0.000,18.0
2008-09-01,10:10:00,1.548,0.204,238.020,6.600,0.000,0.000,18.0
2008-09-01,10:11:00,1.568,0.230,238.470,6.600,1.000,0.000,19.0
2008-09-01,10:12:00,1.538,0.200,238.040,6.600,0.000,0.000,18.0
2008-09-01,10:13:00,1.536,0.196,238.210,6.400,0.000,0.000,18.0
2008-09-01,10:14:00,1.536,0.194,238.180,6.600,0.000,0.000,18.0
2008-09-01,10:15:00,1.540,0.194,238.240,6.600,0.000,0.000,18.0
2008-09-01,10:16:00,1.542,0.198,238.780,6.600,0.000,0.000,18.0
2008-09-01,10:17:00,1.540,0.198,238.730,6.600,0.000,0.000,18.0
2008-09-01,10:18:00,1.546,0.198,239.340,6.600,0.000,0.000,18.0
2008-09-01,10:19:00,1.516,0.158,239.080,6.400,0.000,0.000,18.0
2008-09-01,10:20:00,2.028,0.094,237.880,9.000,0.000,0.000,18.0
2008-09-01,10:21:00,2.726,0.090,237.190,11.400,0.000,0.000,18.0
2008-09-01,10:22:00,2.354,0.094,238.240,10.200,0.000,0.000,18.0
2008-09-01,10:23:00,1.996,0.098,239.050,8.400,0.000,0.000,18.0
2008-09-01,10:24:00,2.178,0.094,238.840,9.200,0.000,0.000,18.0
2008-09-01,10:25:00,1.644,0.096,238.880,7.000,0.000,0.000,18.0
2008-09-01,10:26:00,1.750,0.146,238.610,7.400,0.000,0.000,22.0
2008-09-01,10:27:00,2.108,0.196,237.890,8.800,0.000,0.000,29.0
2008-09-01,10:28:00,2.122,0.196,237.990,9.000,0.000,0.000,29.0
2008-09-01,10:29:00,2.150,0.200,238.340,9.000,0.000,0.000,30.0
2008-09-01,10:30:00,2.148,0.186,238.510,9.000,0.000,0.000,29.0
2008-09-01,10:31:00,2.078,0.070,238.590,8.600,0.000,0.000,30.0
2008-09-01,10:32:00,1.840,0.000,238.740,7.800,0.000,0.000,19.0
2008-09-01,10:33:00,1.882,0.000,238.510,7.800,0.000,0.000,18.0
2008-09-01,10:34:00,1.910,0.000,239.210,8.000,0.000,0.000,19.0
2008-09-01,10:35:00,1.978,0.134,239.380,8.200,0.000,1.000,18.0
2008-09-01,10:36:00,1.974,0.132,238.950,8.200,0.000,2.000,18.0
2008-09-01,10:37:00,1.972,0.132,238.930,8.200,0.000,1.000,18.0
2008-09-01,10:38:00,1.972,0.132,238.930,8.200,0.000,2.000,18.0
2008-09-01,10:39:00,1.976,0.132,239.230,8.200,0.000,1.000,18.0
2008-09-01,10:40:00,1.980,0.132,239.430,8.200,0.000,1.000,18.0
2008-09-01,10:41:00,1.700,0.132,239.750,7.200,0.000,2.000,19.0
2008-09-01,10:42:00,1.500,0.114,239.740,6.200,0.000,1.000,18.0
2008-09-01,10:43:00,1.486,0.082,239.790,6.200,0.000,2.000,18.0
2008-09-01,10:44:00,1.496,0.080,239.840,6.200,0.000,1.000,18.0
2008-09-01,10:45:00,1.500,0.080,239.920,6.200,0.000,1.000,19.0
2008-09-01,10:46:00,1.494,0.082,239.960,6.200,0.000,2.000,18.0
2008-09-01,10:47:00,1.508,0.088,239.590,6.400,0.000,1.000,18.0
2008-09-01,10:48:00,1.564,0.182,239.580,6.600,0.000,2.000,18.0
2008-09-01,10:49:00,1.560,0.182,239.680,6.600,0.000,1.000,19.0
2008-09-01,10:50:00,1.564,0.184,239.950,6.600,0.000,1.000,18.0
2008-09-01,10:51:00,1.564,0.186,240.250,6.600,0.000,1.000,18.0
2008-09-01,10:52:00,1.562,0.184,240.150,6.600,0.000,2.000,19.0
2008-09-01,10:53:00,1.562,0.186,240.430,6.600,0.000,1.000,18.0
2008-09-01,10:54:00,1.556,0.184,239.960,6.600,0.000,1.000,18.0
2008-09-01,10:55:00,1.540,0.160,239.910,6.400,0.000,1.000,18.0
2008-09-01,10:56:00,1.482,0.066,240.250,6.200,0.000,0.000,19.0
2008-09-01,10:57:00,1.486,0.066,240.530,6.200,0.000,0.000,18.0
2008-09-01,10:58:00,1.476,0.058,240.260,6.200,0.000,0.000,18.0
2008-09-01,10:59:00,1.482,0.000,240.300,6.200,0.000,0.000,19.0
2008-09-01,11:00:00,1.524,0.094,240.210,6.400,0.000,0.000,18.0
2008-09-01,11:01:00,1.522,0.096,240.530,6.400,0.000,0.000,18.0
2008-09-01,11:02:00,1.516,0.094,240.050,6.400,0.000,0.000,19.0
2008-09-01,11:03:00,1.508,0.092,239.520,6.400,0.000,0.000,18.0
2008-09-01,11:04:00,1.508,0.094,239.540,6.400,0.000,0.000,18.0
2008-09-01,11:05:00,1.506,0.092,239.710,6.400,0.000,0.000,18.0
2008-09-01,11:06:00,1.500,0.092,239.300,6.400,0.000,0.000,18.0
2008-09-01,11:07:00,1.504,0.094,239.650,6.400,0.000,0.000,19.0
2008-09-01,11:08:00,1.508,0.094,240.010,6.400,0.000,0.000,18.0
2008-09-01,11:09:00,1.504,0.094,239.790,6.400,0.000,0.000,18.0
2008-09-01,11:10:00,1.508,0.094,240.180,6.400,0.000,0.000,18.0
2008-09-01,11:11:00,1.504,0.094,239.940,6.400,0.000,0.000,19.0
2008-09-01,11:12:00,1.508,0.094,240.200,6.400,0.000,0.000,18.0
2008-09-01,11:13:00,1.500,0.092,239.520,6.200,0.000,0.000,18.0
2008-09-01,11:14:00,1.498,0.092,239.380,6.200,0.000,0.000,18.0
2008-09-01,11:15:00,1.498,0.092,239.480,6.200,0.000,0.000,19.0
2008-09-01,11:16:00,1.496,0.090,239.180,6.200,0.000,0.000,18.0
2008-09-01,11:17:00,1.494,0.090,239.050,6.200,0.000,0.000,18.0
2008-09-01,11:18:00,1.494,0.090,239.090,6.200,0.000,0.000,18.0
2008-09-01,11:19:00,1.496,0.092,239.210,6.200,0.000,0.000,18.0
2008-09-01,11:20:00,1.500,0.094,239.510,6.200,0.000,0.000,18.0
2008-09-01,11:21:00,1.452,0.000,239.220,6.200,0.000,0.000,19.0
2008-09-01,11:22:00,1.408,0.000,238.670,6.000,0.000,0.000,18.0
2008-09-01,11:23:00,1.408,0.000,238.620,6.000,0.000,0.000,18.0
2008-09-01,11:24:00,1.406,0.000,238.360,6.000,0.000,0.000,18.0
2008-09-01,11:25:00,1.406,0.000,238.290,6.000,0.000,0.000,18.0
2008-09-01,11:26:00,1.406,0.000,238.130,6.000,0.000,0.000,18.0
2008-09-01,11:27:00,1.420,0.000,238.630,6.000,0.000,0.000,18.0
2008-09-01,11:28:00,1.482,0.060,239.520,6.200,0.000,0.000,18.0
2008-09-01,11:29:00,1.476,0.060,239.520,6.200,0.000,0.000,18.0
2008-09-01,11:30:00,1.456,0.062,239.640,6.000,0.000,0.000,18.0
2008-09-01,11:31:00,1.452,0.062,239.450,6.000,0.000,0.000,19.0
2008-09-01,11:32:00,1.448,0.062,239.220,6.000,0.000,0.000,18.0
2008-09-01,11:33:00,1.458,0.062,239.400,6.000,0.000,0.000,18.0
2008-09-01,11:34:00,1.460,0.058,239.550,6.200,0.000,0.000,18.0
2008-09-01,11:35:00,1.464,0.058,239.360,6.200,0.000,0.000,18.0
2008-09-01,11:36:00,1.496,0.058,239.220,6.200,0.000,0.000,19.0
2008-09-01,11:37:00,1.564,0.058,239.140,6.600,0.000,0.000,18.0
2008-09-01,11:38:00,1.554,0.060,239.290,6.400,0.000,0.000,18.0
2008-09-01,11:39:00,1.550,0.060,239.060,6.400,0.000,0.000,18.0
2008-09-01,11:40:00,1.548,0.060,239.020,6.400,0.000,0.000,18.0
2008-09-01,11:41:00,1.546,0.060,238.790,6.400,0.000,0.000,18.0
2008-09-01,11:42:00,1.900,0.122,238.610,8.000,0.000,0.000,24.0
2008-09-01,11:43:00,2.178,0.164,238.170,9.200,0.000,0.000,28.0
2008-09-01,11:44:00,2.192,0.146,237.510,9.200,0.000,0.000,29.0
2008-09-01,11:45:00,2.156,0.058,237.430,9.000,0.000,0.000,30.0
2008-09-01,11:46:00,2.170,0.060,238.080,9.000,0.000,0.000,29.0
2008-09-01,11:47:00,1.972,0.000,237.930,8.400,0.000,0.000,27.0
2008-09-01,11:48:00,1.474,0.000,238.510,6.200,0.000,0.000,18.0
2008-09-01,11:49:00,1.374,0.000,238.780,5.800,0.000,0.000,18.0
2008-09-01,11:50:00,1.464,0.046,238.910,6.200,0.000,0.000,18.0
2008-09-01,11:51:00,1.488,0.090,238.980,6.200,0.000,0.000,18.0
2008-09-01,11:52:00,1.764,0.086,238.670,8.200,0.000,0.000,19.0
2008-09-01,11:53:00,4.184,0.066,236.130,17.600,0.000,0.000,17.0
2008-09-01,11:54:00,4.174,0.066,235.810,17.600,0.000,0.000,18.0
2008-09-01,11:55:00,2.192,0.084,238.100,10.600,0.000,0.000,18.0
2008-09-01,11:56:00,1.488,0.102,238.760,6.200,0.000,0.000,18.0
2008-09-01,11:57:00,1.720,0.286,238.550,7.200,0.000,0.000,18.0
2008-09-01,11:58:00,2.276,0.408,237.720,10.400,0.000,0.000,18.0
2008-09-01,11:59:00,3.288,0.538,236.540,14.200,0.000,0.000,18.0
2008-09-01,12:00:00,2.602,0.478,237.410,11.600,0.000,0.000,18.0
2008-09-01,12:01:00,1.790,0.384,238.500,7.600,0.000,2.000,18.0
2008-09-01,12:02:00,1.780,0.382,238.240,7.600,0.000,1.000,18.0
2008-09-01,12:03:00,1.776,0.378,238.050,7.600,0.000,2.000,18.0
2008-09-01,12:04:00,1.706,0.322,238.780,7.200,0.000,1.000,18.0
2008-09-01,12:05:00,1.556,0.212,239.050,6.600,0.000,2.000,18.0
2008-09-01,12:06:00,1.554,0.212,238.870,6.600,0.000,1.000,18.0
2008-09-01,12:07:00,1.550,0.210,238.600,6.600,0.000,2.000,18.0
2008-09-01,12:08:00,1.550,0.212,238.850,6.600,0.000,1.000,18.0
2008-09-01,12:09:00,1.550,0.212,238.920,6.600,0.000,1.000,18.0
2008-09-01,12:10:00,1.642,0.310,239.140,7.000,0.000,2.000,18.0
2008-09-01,12:11:00,1.630,0.314,239.480,7.000,0.000,1.000,19.0
2008-09-01,12:12:00,1.594,0.260,239.090,6.800,0.000,2.000,18.0
2008-09-01,12:13:00,1.530,0.180,238.830,6.400,0.000,1.000,18.0
2008-09-01,12:14:00,1.524,0.178,238.500,6.400,0.000,1.000,18.0
2008-09-01,12:15:00,1.520,0.178,238.270,6.400,0.000,1.000,18.0
2008-09-01,12:16:00,1.516,0.178,238.170,6.400,0.000,2.000,18.0
2008-09-01,12:17:00,1.522,0.178,238.240,6.400,0.000,1.000,18.0
2008-09-01,12:18:00,1.520,0.178,238.190,6.400,0.000,1.000,18.0
2008-09-01,12:19:00,1.518,0.178,238.360,6.400,0.000,2.000,18.0
2008-09-01,12:20:00,1.522,0.180,238.700,6.400,0.000,1.000,18.0
2008-09-01,12:21:00,1.470,0.094,239.190,6.200,0.000,0.000,18.0
2008-09-01,12:22:00,1.448,0.062,239.160,6.000,0.000,0.000,18.0
2008-09-01,12:23:00,1.448,0.064,239.140,6.000,0.000,0.000,18.0
2008-09-01,12:24:00,1.452,0.064,239.560,6.000,0.000,0.000,19.0
2008-09-01,12:25:00,1.454,0.066,239.870,6.000,0.000,0.000,18.0
2008-09-01,12:26:00,1.458,0.068,240.440,6.000,0.000,0.000,18.0
2008-09-01,12:27:00,1.458,0.066,240.170,6.000,0.000,0.000,19.0
2008-09-01,12:28:00,1.456,0.066,240.250,6.000,0.000,0.000,18.0
2008-09-01,12:29:00,1.452,0.066,239.850,6.000,0.000,0.000,18.0
2008-09-01,12:30:00,1.458,0.068,240.420,6.000,0.000,0.000,18.0
2008-09-01,12:31:00,1.460,0.068,240.650,6.000,0.000,0.000,19.0
2008-09-01,12:32:00,1.460,0.070,240.700,6.000,0.000,0.000,18.0
2008-09-01,12:33:00,1.454,0.068,240.180,6.000,0.000,0.000,19.0
2008-09-01,12:34:00,1.460,0.068,240.690,6.000,0.000,0.000,18.0
2008-09-01,12:35:00,1.458,0.070,240.700,6.000,0.000,0.000,18.0
2008-09-01,12:36:00,1.460,0.070,240.860,6.000,0.000,0.000,19.0
2008-09-01,12:37:00,1.458,0.068,240.630,6.000,0.000,0.000,18.0
2008-09-01,12:38:00,1.456,0.068,240.420,6.000,0.000,0.000,18.0
2008-09-01,12:39:00,1.444,0.000,241.010,6.000,0.000,0.000,19.0
2008-09-01,12:40:00,1.394,0.000,240.840,5.800,0.000,0.000,18.0
2008-09-01,12:41:00,1.476,0.058,240.170,6.200,0.000,0.000,19.0
2008-09-01,12:42:00,1.498,0.096,240.290,6.200,0.000,0.000,18.0
2008-09-01,12:43:00,1.490,0.094,239.910,6.200,0.000,0.000,18.0
2008-09-01,12:44:00,1.486,0.094,239.820,6.200,0.000,0.000,18.0
2008-09-01,12:45:00,1.486,0.096,239.850,6.200,0.000,0.000,19.0
2008-09-01,12:46:00,1.490,0.098,240.540,6.200,0.000,0.000,18.0
2008-09-01,12:47:00,1.488,0.098,240.400,6.200,0.000,0.000,18.0
2008-09-01,12:48:00,1.488,0.098,240.460,6.200,0.000,0.000,19.0
2008-09-01,12:49:00,1.486,0.098,240.460,6.200,0.000,0.000,18.0
2008-09-01,12:50:00,1.488,0.098,240.740,6.200,0.000,0.000,18.0
2008-09-01,12:51:00,1.912,0.174,239.990,8.000,0.000,0.000,25.0
2008-09-01,12:52:00,2.134,0.212,240.260,8.800,0.000,0.000,29.0
2008-09-01,12:53:00,2.160,0.208,239.990,9.000,0.000,0.000,30.0
2008-09-01,12:54:00,2.180,0.210,240.260,9.000,0.000,0.000,30.0
2008-09-01,12:55:00,2.188,0.212,240.490,9.200,0.000,0.000,30.0
2008-09-01,12:56:00,1.634,0.120,240.440,7.000,0.000,0.000,21.0
2008-09-01,12:57:00,1.484,0.096,240.500,6.200,0.000,0.000,19.0
2008-09-01,12:58:00,1.484,0.094,240.330,6.200,0.000,0.000,18.0
2008-09-01,12:59:00,1.480,0.096,240.290,6.200,0.000,0.000,18.0
2008-09-01,13:00:00,1.478,0.096,240.150,6.200,0.000,0.000,19.0
2008-09-01,13:01:00,1.476,0.094,239.930,6.200,0.000,0.000,18.0
2008-09-01,13:02:00,1.474,0.094,239.810,6.200,0.000,0.000,18.0
2008-09-01,13:03:00,1.474,0.088,240.030,6.200,0.000,0.000,18.0
2008-09-01,13:04:00,1.390,0.000,240.390,5.800,0.000,0.000,19.0
2008-09-01,13:05:00,1.392,0.000,240.690,5.800,0.000,0.000,18.0
2008-09-01,13:06:00,1.390,0.000,240.520,5.800,0.000,0.000,19.0
2008-09-01,13:07:00,1.388,0.000,240.260,5.800,0.000,0.000,18.0
2008-09-01,13:08:00,1.392,0.000,240.650,5.800,0.000,0.000,18.0
2008-09-01,13:09:00,1.442,0.000,240.650,6.000,0.000,0.000,19.0
2008-09-01,13:10:00,1.460,0.064,240.000,6.000,0.000,0.000,18.0
2008-09-01,13:11:00,1.464,0.066,240.430,6.000,0.000,0.000,18.0
2008-09-01,13:12:00,1.466,0.066,240.550,6.000,0.000,0.000,19.0
2008-09-01,13:13:00,1.462,0.066,240.350,6.000,0.000,0.000,18.0
2008-09-01,13:14:00,1.464,0.068,240.660,6.000,0.000,0.000,18.0
2008-09-01,13:15:00,1.464,0.068,240.910,6.000,0.000,0.000,19.0
2008-09-01,13:16:00,1.462,0.068,240.810,6.000,0.000,0.000,18.0
2008-09-01,13:17:00,1.444,0.062,239.010,6.000,0.000,0.000,18.0
2008-09-01,13:18:00,1.446,0.064,239.320,6.000,0.000,0.000,18.0
2008-09-01,13:19:00,1.450,0.064,239.700,6.000,0.000,0.000,19.0
2008-09-01,13:20:00,1.452,0.066,239.910,6.000,0.000,0.000,18.0
2008-09-01,13:21:00,1.438,0.000,240.130,6.000,0.000,0.000,18.0
2008-09-01,13:22:00,1.386,0.000,240.070,5.800,0.000,0.000,18.0
2008-09-01,13:23:00,1.392,0.000,240.630,5.800,0.000,0.000,19.0
2008-09-01,13:24:00,1.388,0.000,240.100,5.800,0.000,0.000,18.0
2008-09-01,13:25:00,1.394,0.000,240.670,5.800,0.000,0.000,18.0
2008-09-01,13:26:00,1.394,0.000,240.600,5.800,0.000,0.000,19.0
2008-09-01,13:27:00,1.392,0.000,240.540,5.800,0.000,0.000,18.0
2008-09-01,13:28:00,1.434,0.000,240.520,6.000,0.000,0.000,19.0
2008-09-01,13:29:00,1.478,0.084,240.250,6.200,0.000,1.000,18.0
2008-09-01,13:30:00,1.470,0.082,239.390,6.200,0.000,2.000,18.0
2008-09-01,13:31:00,1.464,0.080,239.070,6.200,0.000,1.000,18.0
2008-09-01,13:32:00,1.516,0.132,238.580,6.400,0.000,1.000,18.0
2008-09-01,13:33:00,1.568,0.210,238.600,6.600,0.000,2.000,18.0
2008-09-01,13:34:00,1.566,0.210,238.760,6.600,0.000,1.000,18.0
2008-09-01,13:35:00,1.558,0.208,238.380,6.600,0.000,2.000,18.0
2008-09-01,13:36:00,1.560,0.210,238.730,6.600,0.000,1.000,18.0
2008-09-01,13:37:00,1.550,0.208,238.160,6.600,0.000,2.000,18.0
2008-09-01,13:38:00,1.546,0.206,237.820,6.600,0.000,1.000,18.0
2008-09-01,13:39:00,1.552,0.208,238.630,6.600,0.000,1.000,19.0
2008-09-01,13:40:00,1.530,0.202,236.790,6.600,0.000,2.000,17.0
2008-09-01,13:41:00,1.522,0.200,236.260,6.400,0.000,1.000,18.0
2008-09-01,13:42:00,1.524,0.202,236.600,6.400,0.000,1.000,18.0
2008-09-01,13:43:00,1.526,0.202,236.970,6.400,0.000,2.000,18.0
2008-09-01,13:44:00,0.742,0.218,239.020,3.800,0.000,1.000,5.0
2008-09-01,13:45:00,0.494,0.220,239.390,2.400,0.000,1.000,1.0
2008-09-01,13:46:00,0.490,0.218,238.920,2.400,0.000,2.000,1.0
2008-09-01,13:47:00,0.490,0.216,238.280,2.400,0.000,1.000,0.0
2008-09-01,13:48:00,0.552,0.280,238.770,2.800,0.000,1.000,1.0
2008-09-01,13:49:00,0.528,0.262,239.390,2.600,0.000,1.000,1.0
2008-09-01,13:50:00,0.490,0.202,239.450,2.400,0.000,0.000,0.0
2008-09-01,13:51:00,0.492,0.206,240.800,2.400,0.000,0.000,1.0
2008-09-01,13:52:00,0.490,0.208,240.800,2.400,0.000,0.000,1.0
2008-09-01,13:53:00,0.486,0.200,239.140,2.400,0.000,0.000,0.0
2008-09-01,13:54:00,0.478,0.194,239.490,2.400,0.000,0.000,1.0
2008-09-01,13:55:00,0.392,0.072,239.970,1.800,0.000,0.000,1.0
2008-09-01,13:56:00,0.392,0.072,239.890,1.800,0.000,0.000,0.0
2008-09-01,13:57:00,0.392,0.072,239.800,1.800,0.000,0.000,1.0
2008-09-01,13:58:00,0.392,0.072,239.760,1.800,0.000,0.000,0.0
2008-09-01,13:59:00,0.390,0.070,239.090,1.800,0.000,0.000,1.0
2008-09-01,14:00:00,0.352,0.000,239.110,1.800,0.000,0.000,1.0
2008-09-01,14:01:00,0.322,0.000,239.580,1.600,0.000,0.000,0.0
2008-09-01,14:02:00,0.322,0.000,239.770,1.600,0.000,0.000,1.0
2008-09-01,14:03:00,0.322,0.000,239.810,1.600,0.000,0.000,1.0
2008-09-01,14:04:00,0.322,0.000,239.790,1.600,0.000,0.000,0.0
2008-09-01,14:05:00,0.322,0.000,239.520,1.600,0.000,0.000,1.0
2008-09-01,14:06:00,0.322,0.000,239.490,1.600,0.000,0.000,1.0
2008-09-01,14:07:00,0.322,0.000,239.730,1.600,0.000,0.000,0.0
2008-09-01,14:08:00,0.322,0.000,240.110,1.600,0.000,0.000,1.0
2008-09-01,14:09:00,0.322,0.000,239.630,1.600,0.000,0.000,1.0
2008-09-01,14:10:00,0.322,0.000,239.360,1.600,0.000,0.000,0.0
2008-09-01,14:11:00,0.322,0.000,239.240,1.600,0.000,0.000,1.0
2008-09-01,14:12:00,0.322,0.000,239.220,1.600,0.000,0.000,1.0
2008-09-01,14:13:00,0.322,0.000,239.340,1.600,0.000,0.000,0.0
2008-09-01,14:14:00,0.324,0.000,240.880,1.600,0.000,0.000,1.0
2008-09-01,14:15:00,0.324,0.000,240.840,1.600,0.000,0.000,1.0
2008-09-01,14:16:00,0.852,0.068,239.960,3.800,0.000,0.000,8.0
2008-09-01,14:17:00,0.974,0.084,240.140,4.200,0.000,0.000,12.0
2008-09-01,14:18:00,1.004,0.080,239.390,4.200,0.000,0.000,12.0
2008-09-01,14:19:00,1.020,0.078,239.520,4.400,0.000,0.000,12.0
2008-09-01,14:20:00,1.026,0.080,239.550,4.400,0.000,0.000,12.0
2008-09-01,14:21:00,0.680,0.000,240.200,3.200,0.000,0.000,8.0
2008-09-01,14:22:00,0.324,0.000,240.610,1.600,0.000,0.000,0.0
2008-09-01,14:23:00,0.394,0.000,240.700,2.000,0.000,0.000,1.0
2008-09-01,14:24:00,0.434,0.106,240.930,2.000,0.000,0.000,0.0
2008-09-01,14:25:00,0.430,0.106,240.950,2.000,0.000,0.000,1.0
2008-09-01,14:26:00,0.452,0.116,240.050,2.200,0.000,0.000,1.0
2008-09-01,14:27:00,0.502,0.204,239.890,2.400,0.000,0.000,0.0
2008-09-01,14:28:00,0.500,0.204,240.040,2.400,0.000,0.000,1.0
2008-09-01,14:29:00,0.498,0.206,240.440,2.400,0.000,0.000,1.0
2008-09-01,14:30:00,0.496,0.208,240.710,2.400,0.000,0.000,0.0
2008-09-01,14:31:00,0.494,0.208,240.640,2.400,0.000,0.000,1.0
2008-09-01,14:32:00,0.492,0.208,240.740,2.400,0.000,0.000,1.0
2008-09-01,14:33:00,0.490,0.210,240.980,2.400,0.000,0.000,0.0
2008-09-01,14:34:00,0.488,0.208,240.710,2.400,0.000,0.000,1.0
2008-09-01,14:35:00,0.486,0.204,239.810,2.400,0.000,0.000,1.0
2008-09-01,14:36:00,0.484,0.202,239.830,2.400,0.000,0.000,0.0
2008-09-01,14:37:00,0.484,0.202,239.910,2.400,0.000,0.000,1.0
2008-09-01,14:38:00,0.450,0.154,239.920,2.200,0.000,0.000,1.0
2008-09-01,14:39:00,0.416,0.102,239.720,2.000,0.000,0.000,0.0
2008-09-01,14:40:00,0.416,0.102,239.940,2.000,0.000,0.000,1.0
2008-09-01,14:41:00,0.416,0.104,240.080,2.000,0.000,0.000,1.0
2008-09-01,14:42:00,0.416,0.102,239.520,2.000,0.000,0.000,0.0
2008-09-01,14:43:00,0.416,0.106,240.330,2.000,0.000,0.000,1.0
2008-09-01,14:44:00,0.416,0.106,240.740,2.000,0.000,0.000,1.0
2008-09-01,14:45:00,0.358,0.000,241.080,1.800,0.000,0.000,0.0
2008-09-01,14:46:00,0.324,0.000,241.490,1.600,0.000,0.000,1.0
2008-09-01,14:47:00,0.324,0.000,241.250,1.600,0.000,0.000,1.0
2008-09-01,14:48:00,0.324,0.000,241.240,1.600,0.000,0.000,0.0
2008-09-01,14:49:00,0.322,0.000,240.490,1.600,0.000,0.000,1.0
2008-09-01,14:50:00,0.324,0.000,240.910,1.600,0.000,0.000,1.0
2008-09-01,14:51:00,0.324,0.000,240.900,1.600,0.000,0.000,0.0
2008-09-01,14:52:00,0.324,0.000,240.850,1.600,0.000,0.000,1.0
2008-09-01,14:53:00,0.324,0.000,240.910,1.600,0.000,0.000,1.0
2008-09-01,14:54:00,0.324,0.000,241.050,1.600,0.000,0.000,0.0
2008-09-01,14:55:00,0.324,0.000,241.090,1.600,0.000,0.000,1.0
2008-09-01,14:56:00,0.358,0.000,241.060,1.800,0.000,0.000,1.0
2008-09-01,14:57:00,0.414,0.096,241.000,2.000,0.000,1.000,0.0
2008-09-01,14:58:00,0.414,0.096,240.850,2.000,0.000,1.000,1.0
2008-09-01,14:59:00,0.414,0.094,240.700,2.000,0.000,2.000,0.0
2008-09-01,15:00:00,0.414,0.096,241.230,2.000,0.000,1.000,1.0
2008-09-01,15:01:00,0.412,0.094,240.720,2.000,0.000,1.000,1.0
2008-09-01,15:02:00,0.412,0.096,241.290,2.000,0.000,2.000,0.0
2008-09-01,15:03:00,0.412,0.096,240.770,2.000,0.000,1.000,1.0
2008-09-01,15:04:00,0.438,0.112,241.310,2.200,0.000,2.000,1.0
2008-09-01,15:05:00,0.486,0.198,240.910,2.400,0.000,1.000,0.0
2008-09-01,15:06:00,0.484,0.200,241.450,2.400,0.000,2.000,1.0
2008-09-01,15:07:00,0.484,0.198,241.170,2.400,0.000,1.000,1.0
2008-09-01,15:08:00,0.482,0.202,242.070,2.200,0.000,1.000,0.0
2008-09-01,15:09:00,0.478,0.200,241.510,2.200,0.000,2.000,1.0
2008-09-01,15:10:00,0.478,0.204,242.280,2.200,0.000,1.000,1.0
2008-09-01,15:11:00,0.474,0.200,241.510,2.200,0.000,1.000,0.0
2008-09-01,15:12:00,0.472,0.202,242.100,2.200,0.000,2.000,1.0
2008-09-01,15:13:00,0.500,0.222,242.170,2.400,0.000,1.000,1.0
2008-09-01,15:14:00,0.582,0.340,242.420,2.800,0.000,1.000,0.0
2008-09-01,15:15:00,0.564,0.316,242.410,2.800,0.000,2.000,1.0
2008-09-01,15:16:00,0.506,0.234,242.470,2.400,0.000,1.000,1.0
2008-09-01,15:17:00,0.488,0.208,241.890,2.400,0.000,1.000,0.0
2008-09-01,15:18:00,0.428,0.114,242.590,2.000,0.000,0.000,1.0
2008-09-01,15:19:00,0.428,0.112,242.290,2.000,0.000,0.000,1.0
2008-09-01,15:20:00,0.426,0.114,243.050,2.000,0.000,0.000,0.0
2008-09-01,15:21:00,0.426,0.112,242.880,2.000,0.000,0.000,1.0
2008-09-01,15:22:00,0.426,0.114,243.500,2.000,0.000,0.000,1.0
2008-09-01,15:23:00,0.424,0.114,243.180,2.000,0.000,0.000,0.0
2008-09-01,15:24:00,0.424,0.114,243.300,2.000,0.000,0.000,1.0
2008-09-01,15:25:00,0.422,0.112,242.910,2.000,0.000,0.000,1.0
2008-09-01,15:26:00,0.422,0.114,243.000,2.000,0.000,0.000,0.0
2008-09-01,15:27:00,0.422,0.112,242.810,2.000,0.000,0.000,1.0
2008-09-01,15:28:00,0.422,0.114,243.060,2.000,0.000,0.000,1.0
2008-09-01,15:29:00,0.420,0.112,242.670,2.000,0.000,0.000,0.0
2008-09-01,15:30:00,0.420,0.114,243.100,2.000,0.000,0.000,1.0
2008-09-01,15:31:00,0.420,0.112,242.520,2.000,0.000,0.000,1.0
2008-09-01,15:32:00,0.420,0.112,242.660,2.000,0.000,0.000,0.0
2008-09-01,15:33:00,0.420,0.112,242.690,2.000,0.000,0.000,1.0
2008-09-01,15:34:00,0.420,0.112,242.570,2.000,0.000,0.000,1.0
2008-09-01,15:35:00,0.418,0.108,241.620,2.000,0.000,0.000,0.0
2008-09-01,15:36:00,0.334,0.000,241.850,1.600,0.000,0.000,1.0
2008-09-01,15:37:00,0.326,0.000,241.750,1.600,0.000,0.000,1.0
2008-09-01,15:38:00,0.324,0.000,242.100,1.600,0.000,0.000,0.0
2008-09-01,15:39:00,0.324,0.000,241.660,1.600,0.000,0.000,1.0
2008-09-01,15:40:00,0.324,0.000,241.290,1.600,0.000,0.000,1.0
2008-09-01,15:41:00,0.324,0.000,241.570,1.600,0.000,0.000,0.0
2008-09-01,15:42:00,0.400,0.056,241.370,2.000,0.000,0.000,1.0
2008-09-01,15:43:00,0.402,0.076,241.710,1.800,0.000,0.000,1.0
2008-09-01,15:44:00,0.402,0.076,241.530,1.800,0.000,0.000,0.0
2008-09-01,15:45:00,0.400,0.076,241.680,1.800,0.000,0.000,1.0
2008-09-01,15:46:00,0.400,0.076,241.670,1.800,0.000,0.000,1.0
2008-09-01,15:47:00,0.398,0.078,241.780,1.800,0.000,0.000,0.0
2008-09-01,15:48:00,0.396,0.078,241.940,1.800,0.000,0.000,1.0
2008-09-01,15:49:00,0.396,0.078,241.910,1.800,0.000,0.000,1.0
2008-09-01,15:50:00,0.396,0.078,242.110,1.800,0.000,0.000,0.0
2008-09-01,15:51:00,0.738,0.148,241.760,3.600,0.000,0.000,6.0
2008-09-01,15:52:00,1.036,0.198,241.150,4.400,0.000,0.000,11.0
2008-09-01,15:53:00,1.026,0.134,241.030,4.400,0.000,0.000,12.0
2008-09-01,15:54:00,1.022,0.094,240.870,4.400,0.000,0.000,13.0
2008-09-01,15:55:00,1.030,0.094,241.080,4.400,0.000,0.000,12.0
2008-09-01,15:56:00,0.680,0.000,241.520,3.200,0.000,0.000,7.0
2008-09-01,15:57:00,0.326,0.000,241.780,1.600,0.000,0.000,1.0
2008-09-01,15:58:00,0.326,0.000,242.140,1.600,0.000,0.000,0.0
2008-09-01,15:59:00,0.326,0.000,242.060,1.600,0.000,0.000,1.0
2008-09-01,16:00:00,0.324,0.000,241.940,1.600,0.000,0.000,1.0
2008-09-01,16:01:00,0.326,0.000,242.060,1.600,0.000,0.000,0.0
2008-09-01,16:02:00,0.326,0.000,242.570,1.600,0.000,0.000,1.0
2008-09-01,16:03:00,0.326,0.000,242.490,1.600,0.000,0.000,1.0
2008-09-01,16:04:00,0.440,0.100,242.090,2.200,0.000,0.000,0.0
2008-09-01,16:05:00,0.434,0.114,242.330,2.000,0.000,0.000,1.0
2008-09-01,16:06:00,0.432,0.112,242.190,2.000,0.000,0.000,1.0
2008-09-01,16:07:00,0.430,0.112,242.310,2.000,0.000,0.000,0.0
2008-09-01,16:08:00,0.428,0.110,241.630,2.000,0.000,0.000,1.0
2008-09-01,16:09:00,0.426,0.110,241.530,2.000,0.000,0.000,1.0
2008-09-01,16:10:00,0.426,0.112,242.310,2.000,0.000,0.000,0.0
2008-09-01,16:11:00,0.426,0.114,242.640,2.000,0.000,0.000,1.0
2008-09-01,16:12:00,0.424,0.114,242.940,2.000,0.000,0.000,1.0
2008-09-01,16:13:00,0.424,0.114,242.930,2.000,0.000,0.000,0.0
2008-09-01,16:14:00,0.424,0.114,242.680,2.000,0.000,0.000,1.0
2008-09-01,16:15:00,0.422,0.114,243.030,2.000,0.000,0.000,1.0
2008-09-01,16:16:00,0.422,0.116,243.180,2.000,0.000,0.000,0.0
2008-09-01,16:17:00,0.422,0.116,243.180,2.000,0.000,0.000,1.0
2008-09-01,16:18:00,0.422,0.116,243.190,2.000,0.000,0.000,1.0
2008-09-01,16:19:00,0.422,0.116,243.290,2.000,0.000,0.000,0.0
2008-09-01,16:20:00,0.482,0.178,243.350,2.400,0.000,0.000,1.0
2008-09-01,16:21:00,0.498,0.222,243.570,2.400,0.000,0.000,1.0
2008-09-01,16:22:00,0.496,0.220,243.110,2.400,0.000,0.000,0.0
2008-09-01,16:23:00,0.496,0.220,243.370,2.400,0.000,0.000,1.0
2008-09-01,16:24:00,0.494,0.218,242.990,2.400,0.000,0.000,1.0
2008-09-01,16:25:00,0.576,0.316,242.510,2.800,0.000,0.000,1.0
2008-09-01,16:26:00,0.518,0.254,243.020,2.600,0.000,2.000,0.0
2008-09-01,16:27:00,0.486,0.210,243.470,2.400,0.000,1.000,1.0
2008-09-01,16:28:00,0.486,0.208,243.300,2.400,0.000,2.000,1.0
2008-09-01,16:29:00,0.484,0.206,242.960,2.400,0.000,1.000,0.0
2008-09-01,16:30:00,0.482,0.206,242.730,2.200,0.000,1.000,1.0
2008-09-01,16:31:00,0.482,0.208,243.180,2.200,0.000,2.000,1.0
2008-09-01,16:32:00,0.422,0.114,243.310,2.000,0.000,1.000,0.0
2008-09-01,16:33:00,0.414,0.102,242.780,2.000,0.000,2.000,1.0
2008-09-01,16:34:00,0.412,0.102,243.020,2.000,0.000,1.000,1.0
2008-09-01,16:35:00,0.412,0.102,242.700,2.000,0.000,2.000,0.0
2008-09-01,16:36:00,0.410,0.100,242.180,2.000,0.000,1.000,1.0
2008-09-01,16:37:00,0.408,0.100,242.480,2.000,0.000,1.000,1.0
2008-09-01,16:38:00,0.408,0.098,242.200,2.000,0.000,2.000,0.0
2008-09-01,16:39:00,0.406,0.100,242.470,2.000,0.000,1.000,1.0
2008-09-01,16:40:00,0.404,0.098,242.260,2.000,0.000,1.000,1.0
2008-09-01,16:41:00,0.406,0.100,242.560,2.000,0.000,2.000,0.0
2008-09-01,16:42:00,0.404,0.098,242.020,2.000,0.000,1.000,1.0
2008-09-01,16:43:00,0.402,0.096,241.360,2.000,0.000,1.000,1.0
2008-09-01,16:44:00,0.402,0.098,241.500,2.000,0.000,1.000,0.0
2008-09-01,16:45:00,0.400,0.096,240.940,2.000,0.000,2.000,1.0
2008-09-01,16:46:00,0.336,0.000,240.560,1.600,0.000,0.000,1.0
2008-09-01,16:47:00,0.324,0.000,240.650,1.600,0.000,0.000,0.0
2008-09-01,16:48:00,0.322,0.000,240.400,1.600,0.000,0.000,1.0
2008-09-01,16:49:00,0.324,0.000,241.930,1.600,0.000,0.000,0.0
2008-09-01,16:50:00,0.324,0.000,241.380,1.600,0.000,0.000,1.0
2008-09-01,16:51:00,0.324,0.000,241.650,1.600,0.000,0.000,1.0
2008-09-01,16:52:00,0.322,0.000,240.170,1.600,0.000,0.000,0.0
2008-09-01,16:53:00,0.322,0.000,239.540,1.600,0.000,0.000,1.0
2008-09-01,16:54:00,0.408,0.062,239.410,2.000,0.000,0.000,1.0
2008-09-01,16:55:00,0.432,0.104,239.340,2.000,0.000,0.000,0.0
2008-09-01,16:56:00,0.428,0.102,239.020,2.000,0.000,0.000,1.0
2008-09-01,16:57:00,0.426,0.104,239.160,2.000,0.000,0.000,1.0
2008-09-01,16:58:00,0.456,0.124,238.940,2.200,0.000,0.000,0.0
2008-09-01,16:59:00,0.498,0.202,238.390,2.400,0.000,0.000,1.0
2008-09-01,17:00:00,0.496,0.204,238.950,2.400,0.000,0.000,1.0
2008-09-01,17:01:00,0.496,0.204,239.180,2.400,0.000,0.000,0.0
2008-09-01,17:02:00,0.492,0.204,239.130,2.400,0.000,0.000,1.0
2008-09-01,17:03:00,0.490,0.206,239.190,2.400,0.000,0.000,1.0
2008-09-01,17:04:00,0.488,0.204,239.140,2.400,0.000,0.000,0.0
2008-09-01,17:05:00,0.486,0.204,239.030,2.400,0.000,0.000,1.0
2008-09-01,17:06:00,0.482,0.200,237.850,2.400,0.000,0.000,1.0
2008-09-01,17:07:00,0.482,0.196,237.050,2.400,0.000,0.000,0.0
2008-09-01,17:08:00,0.482,0.196,237.320,2.400,0.000,0.000,1.0
2008-09-01,17:09:00,0.480,0.196,237.160,2.400,0.000,0.000,0.0
2008-09-01,17:10:00,0.450,0.154,236.850,2.200,0.000,0.000,1.0
2008-09-01,17:11:00,0.412,0.098,236.790,2.000,0.000,0.000,1.0
2008-09-01,17:12:00,0.412,0.096,236.350,2.000,0.000,0.000,0.0
2008-09-01,17:13:00,0.410,0.096,235.970,2.000,0.000,0.000,1.0
2008-09-01,17:14:00,0.412,0.098,237.300,2.000,0.000,0.000,1.0
2008-09-01,17:15:00,0.414,0.102,238.600,2.000,0.000,0.000,0.0
2008-09-01,17:16:00,0.412,0.098,237.580,2.000,0.000,0.000,1.0
2008-09-01,17:17:00,0.322,0.000,237.410,1.600,0.000,0.000,1.0
2008-09-01,17:18:00,0.320,0.000,237.470,1.600,0.000,0.000,0.0
2008-09-01,17:19:00,0.320,0.000,237.770,1.600,0.000,0.000,1.0
2008-09-01,17:20:00,0.322,0.000,239.040,1.600,0.000,0.000,0.0
2008-09-01,17:21:00,0.320,0.000,238.030,1.600,0.000,0.000,1.0
2008-09-01,17:22:00,0.320,0.000,238.590,1.600,0.000,0.000,1.0
2008-09-01,17:23:00,0.322,0.000,238.810,1.600,0.000,0.000,0.0
2008-09-01,17:24:00,0.594,0.000,237.290,3.000,0.000,0.000,5.0
2008-09-01,17:25:00,0.950,0.066,236.710,4.000,0.000,0.000,11.0
2008-09-01,17:26:00,0.980,0.064,236.460,4.200,0.000,0.000,12.0
2008-09-01,17:27:00,1.006,0.066,236.970,4.400,0.000,0.000,12.0
2008-09-01,17:28:00,1.016,0.066,237.030,4.400,0.000,0.000,12.0
2008-09-01,17:29:00,0.886,0.048,236.960,4.000,0.000,0.000,11.0
2008-09-01,17:30:00,0.320,0.000,236.600,1.600,0.000,0.000,0.0
2008-09-01,17:31:00,0.320,0.000,236.990,1.600,0.000,0.000,1.0
2008-09-01,17:32:00,0.318,0.000,236.750,1.600,0.000,0.000,0.0
2008-09-01,17:33:00,0.320,0.000,237.140,1.600,0.000,0.000,1.0
2008-09-01,17:34:00,0.318,0.000,236.680,1.600,0.000,0.000,1.0
2008-09-01,17:35:00,0.318,0.000,236.700,1.600,0.000,0.000,0.0
2008-09-01,17:36:00,0.360,0.000,237.050,1.800,0.000,0.000,1.0
2008-09-01,17:37:00,0.396,0.068,236.940,1.800,0.000,0.000,1.0
2008-09-01,17:38:00,0.396,0.070,237.770,1.800,0.000,0.000,0.0
2008-09-01,17:39:00,0.396,0.072,237.670,1.800,0.000,0.000,1.0
2008-09-01,17:40:00,0.394,0.070,237.580,1.800,0.000,0.000,1.0
2008-09-01,17:41:00,0.392,0.070,237.280,1.800,0.000,0.000,0.0
2008-09-01,17:42:00,0.390,0.070,237.130,1.800,0.000,0.000,1.0
2008-09-01,17:43:00,0.390,0.068,237.010,1.800,0.000,0.000,0.0
2008-09-01,17:44:00,0.390,0.070,237.460,1.800,0.000,0.000,1.0
2008-09-01,17:45:00,0.482,0.166,237.160,2.400,0.000,0.000,1.0
2008-09-01,17:46:00,0.496,0.196,237.090,2.400,0.000,0.000,0.0
2008-09-01,17:47:00,0.474,0.168,237.010,2.200,0.000,0.000,1.0
2008-09-01,17:48:00,0.422,0.098,237.270,2.000,0.000,0.000,1.0
2008-09-01,17:49:00,0.420,0.098,237.250,2.000,0.000,0.000,0.0
2008-09-01,17:50:00,0.306,0.104,237.700,1.400,0.000,0.000,1.0
2008-09-01,17:51:00,0.244,0.104,237.640,1.000,0.000,0.000,1.0
2008-09-01,17:52:00,0.242,0.104,237.640,1.000,0.000,0.000,0.0
2008-09-01,17:53:00,0.308,0.172,237.420,1.600,0.000,0.000,1.0
2008-09-01,17:54:00,0.328,0.218,236.880,1.600,0.000,1.000,1.0
2008-09-01,17:55:00,0.328,0.220,237.210,1.600,0.000,2.000,0.0
2008-09-01,17:56:00,0.326,0.220,236.890,1.600,0.000,1.000,1.0
2008-09-01,17:57:00,0.324,0.220,236.920,1.600,0.000,2.000,0.0
2008-09-01,17:58:00,0.326,0.222,237.410,1.600,0.000,1.000,1.0
2008-09-01,17:59:00,0.324,0.220,236.950,1.600,0.000,2.000,1.0
2008-09-01,18:00:00,0.320,0.216,236.150,1.600,0.000,1.000,0.0
2008-09-01,18:01:00,0.320,0.216,235.980,1.600,0.000,2.000,1.0
2008-09-01,18:02:00,0.320,0.216,236.230,1.600,0.000,1.000,1.0
2008-09-01,18:03:00,0.318,0.218,236.670,1.600,0.000,1.000,0.0
2008-09-01,18:04:00,0.318,0.218,236.610,1.600,0.000,2.000,1.0
2008-09-01,18:05:00,0.316,0.218,236.570,1.600,0.000,1.000,0.0
2008-09-01,18:06:00,0.314,0.216,236.200,1.600,0.000,1.000,1.0
2008-09-01,18:07:00,0.312,0.218,236.660,1.600,0.000,2.000,1.0
2008-09-01,18:08:00,0.224,0.096,237.560,1.000,0.000,1.000,0.0
2008-09-01,18:09:00,0.220,0.090,236.270,1.000,0.000,1.000,1.0
2008-09-01,18:10:00,0.222,0.094,237.730,1.000,0.000,2.000,1.0
2008-09-01,18:11:00,0.220,0.092,237.160,1.000,0.000,1.000,0.0
2008-09-01,18:12:00,0.220,0.092,237.110,1.000,0.000,1.000,1.0
2008-09-01,18:13:00,0.220,0.092,237.100,1.000,0.000,1.000,1.0
2008-09-01,18:14:00,0.256,0.110,237.270,1.200,0.000,1.000,0.0
2008-09-01,18:15:00,0.220,0.076,237.960,1.000,0.000,0.000,1.0
2008-09-01,18:16:00,0.222,0.078,238.650,1.000,0.000,0.000,1.0
2008-09-01,18:17:00,0.220,0.078,238.180,1.000,0.000,0.000,0.0
2008-09-01,18:18:00,0.218,0.076,237.840,1.000,0.000,0.000,1.0
2008-09-01,18:19:00,0.216,0.076,237.980,1.000,0.000,0.000,0.0
2008-09-01,18:20:00,0.216,0.076,237.900,1.000,0.000,0.000,1.0
2008-09-01,18:21:00,0.214,0.076,237.700,1.000,0.000,0.000,1.0
2008-09-01,18:22:00,0.214,0.076,237.770,1.000,0.000,0.000,0.0
2008-09-01,18:23:00,0.214,0.076,237.850,1.000,0.000,0.000,1.0
2008-09-01,18:24:00,0.212,0.076,238.030,1.000,0.000,0.000,1.0
2008-09-01,18:25:00,0.182,0.000,238.410,0.800,0.000,0.000,0.0
2008-09-01,18:26:00,0.144,0.000,238.350,0.600,0.000,0.000,1.0
2008-09-01,18:27:00,0.144,0.000,239.030,0.600,0.000,0.000,1.0
2008-09-01,18:28:00,0.144,0.000,238.990,0.600,0.000,0.000,0.0
2008-09-01,18:29:00,0.144,0.000,238.880,0.600,0.000,0.000,1.0
2008-09-01,18:30:00,0.144,0.000,239.130,0.600,0.000,0.000,1.0
2008-09-01,18:31:00,0.144,0.000,239.160,0.600,0.000,0.000,0.0
2008-09-01,18:32:00,0.144,0.000,239.050,0.600,0.000,0.000,1.0
2008-09-01,18:33:00,0.144,0.000,238.990,0.600,0.000,0.000,0.0
2008-09-01,18:34:00,0.144,0.000,239.160,0.600,0.000,0.000,1.0
2008-09-01,18:35:00,0.144,0.000,238.520,0.600,0.000,0.000,1.0
2008-09-01,18:36:00,0.228,0.062,238.920,1.000,0.000,0.000,0.0
2008-09-01,18:37:00,0.254,0.106,238.290,1.200,0.000,0.000,1.0
2008-09-01,18:38:00,0.250,0.104,237.970,1.000,0.000,0.000,1.0
2008-09-01,18:39:00,0.248,0.106,238.490,1.000,0.000,0.000,0.0
2008-09-01,18:40:00,0.248,0.108,238.950,1.000,0.000,0.000,1.0
2008-09-01,18:41:00,0.246,0.106,238.450,1.000,0.000,0.000,1.0
2008-09-01,18:42:00,0.244,0.106,238.450,1.000,0.000,0.000,0.0
2008-09-01,18:43:00,0.244,0.106,238.810,1.000,0.000,0.000,1.0
2008-09-01,18:44:00,0.242,0.108,238.920,1.000,0.000,0.000,1.0
2008-09-01,18:45:00,0.242,0.108,238.800,1.000,0.000,0.000,0.0
2008-09-01,18:46:00,0.242,0.108,239.070,1.000,0.000,0.000,1.0
2008-09-01,18:47:00,0.242,0.108,239.090,1.000,0.000,0.000,0.0
2008-09-01,18:48:00,0.246,0.110,239.600,1.000,0.000,0.000,1.0
2008-09-01,18:49:00,0.240,0.112,239.640,1.000,0.000,0.000,1.0
2008-09-01,18:50:00,0.256,0.108,238.830,1.200,0.000,0.000,0.0
2008-09-01,18:51:00,0.334,0.178,238.670,1.600,0.000,0.000,1.0
2008-09-01,18:52:00,0.342,0.208,238.880,1.600,0.000,0.000,1.0
2008-09-01,18:53:00,0.338,0.210,239.490,1.600,0.000,0.000,0.0
2008-09-01,18:54:00,0.338,0.210,239.420,1.600,0.000,0.000,1.0
2008-09-01,18:55:00,0.340,0.206,238.670,1.600,0.000,0.000,1.0
2008-09-01,18:56:00,0.332,0.206,238.440,1.600,0.000,0.000,0.0
2008-09-01,18:57:00,0.330,0.206,238.350,1.600,0.000,0.000,1.0
2008-09-01,18:58:00,0.330,0.210,239.400,1.600,0.000,0.000,1.0
2008-09-01,18:59:00,0.654,0.166,239.070,3.000,0.000,0.000,6.0
2008-09-01,19:00:00,0.874,0.186,238.950,3.600,0.000,0.000,12.0
2008-09-01,19:01:00,0.904,0.186,238.950,3.800,0.000,0.000,12.0
2008-09-01,19:02:00,0.914,0.186,238.760,3.800,0.000,0.000,12.0
2008-09-01,19:03:00,0.914,0.188,239.200,3.800,0.000,0.000,12.0
2008-09-01,19:04:00,0.462,0.116,238.340,2.400,0.000,0.000,5.0
2008-09-01,19:05:00,0.170,0.000,238.120,0.800,0.000,0.000,1.0
2008-09-01,19:06:00,0.144,0.000,238.520,0.600,0.000,0.000,1.0
2008-09-01,19:07:00,0.144,0.000,239.520,0.600,0.000,0.000,0.0
2008-09-01,19:08:00,0.144,0.000,239.040,0.600,0.000,0.000,1.0
2008-09-01,19:09:00,0.142,0.000,238.020,0.600,0.000,0.000,1.0
2008-09-01,19:10:00,0.142,0.000,237.910,0.600,0.000,0.000,0.0
2008-09-01,19:11:00,0.144,0.000,238.300,0.600,0.000,0.000,1.0
2008-09-01,19:12:00,0.142,0.000,238.350,0.600,0.000,0.000,1.0
2008-09-01,19:13:00,0.142,0.000,238.120,0.600,0.000,0.000,0.0
2008-09-01,19:14:00,0.142,0.000,238.020,0.600,0.000,0.000,1.0
2008-09-01,19:15:00,0.144,0.000,238.540,0.600,0.000,0.000,1.0
2008-09-01,19:16:00,0.144,0.000,238.750,0.600,0.000,0.000,0.0
2008-09-01,19:17:00,0.142,0.000,238.270,0.600,0.000,0.000,1.0
2008-09-01,19:18:00,0.142,0.000,238.030,0.600,0.000,0.000,1.0
2008-09-01,19:19:00,0.142,0.000,238.070,0.600,0.000,0.000,0.0
2008-09-01,19:20:00,0.142,0.000,238.150,0.600,0.000,0.000,1.0
2008-09-01,19:21:00,0.180,0.000,237.890,1.000,0.000,0.000,0.0
2008-09-01,19:22:00,0.234,0.094,237.470,1.000,0.000,1.000,1.0
2008-09-01,19:23:00,0.234,0.094,237.600,1.000,0.000,1.000,1.0
2008-09-01,19:24:00,0.232,0.096,238.020,1.000,0.000,2.000,0.0
2008-09-01,19:25:00,0.234,0.096,238.140,1.000,0.000,1.000,1.0
2008-09-01,19:26:00,0.234,0.096,238.300,1.000,0.000,2.000,1.0
2008-09-01,19:27:00,0.332,0.198,237.170,1.600,0.000,1.000,0.0
2008-09-01,19:28:00,0.340,0.224,237.760,1.600,0.000,2.000,1.0
2008-09-01,19:29:00,0.334,0.224,238.160,1.600,0.000,1.000,1.0
2008-09-01,19:30:00,0.332,0.224,238.180,1.600,0.000,1.000,0.0
2008-09-01,19:31:00,0.330,0.222,237.860,1.600,0.000,2.000,1.0
2008-09-01,19:32:00,0.406,0.306,237.330,2.200,0.000,1.000,1.0
2008-09-01,19:33:00,0.402,0.324,238.000,2.000,0.000,1.000,0.0
2008-09-01,19:34:00,0.400,0.324,238.210,2.000,0.000,2.000,1.0
2008-09-01,19:35:00,0.394,0.322,237.580,2.000,0.000,1.000,0.0
2008-09-01,19:36:00,0.390,0.320,237.180,2.000,0.000,1.000,1.0
2008-09-01,19:37:00,0.390,0.326,238.480,2.000,0.000,2.000,1.0
2008-09-01,19:38:00,0.386,0.326,238.560,2.000,0.000,1.000,0.0
2008-09-01,19:39:00,0.384,0.324,238.230,2.000,0.000,1.000,1.0
2008-09-01,19:40:00,0.384,0.326,238.450,2.000,0.000,2.000,1.0
2008-09-01,19:41:00,0.382,0.326,238.650,2.000,0.000,1.000,0.0
2008-09-01,19:42:00,0.364,0.300,238.890,2.000,0.000,1.000,1.0
2008-09-01,19:43:00,0.306,0.208,238.550,1.400,0.000,0.000,1.0
2008-09-01,19:44:00,0.248,0.122,239.450,1.200,0.000,0.000,0.0
2008-09-01,19:45:00,0.238,0.110,239.260,1.000,0.000,0.000,1.0
2008-09-01,19:46:00,0.238,0.110,239.160,1.000,0.000,0.000,1.0
2008-09-01,19:47:00,0.238,0.108,238.430,1.000,0.000,0.000,0.0
2008-09-01,19:48:00,0.236,0.104,237.640,1.000,0.000,0.000,1.0
2008-09-01,19:49:00,0.236,0.104,237.770,1.000,0.000,0.000,0.0
2008-09-01,19:50:00,0.154,0.000,237.730,0.600,0.000,0.000,1.0
2008-09-01,19:51:00,0.142,0.000,237.930,0.600,0.000,0.000,1.0
2008-09-01,19:52:00,0.144,0.000,238.820,0.600,0.000,0.000,0.0
2008-09-01,19:53:00,0.144,0.000,238.820,0.600,0.000,0.000,1.0
2008-09-01,19:54:00,0.144,0.000,239.020,0.600,0.000,0.000,1.0
2008-09-01,19:55:00,0.144,0.000,239.090,0.600,0.000,0.000,0.0
2008-09-01,19:56:00,0.144,0.000,238.630,0.600,0.000,0.000,1.0
2008-09-01,19:57:00,0.144,0.000,239.060,0.600,0.000,0.000,1.0
2008-09-01,19:58:00,0.144,0.000,238.900,0.600,0.000,0.000,0.0
2008-09-01,19:59:00,0.144,0.000,238.890,0.600,0.000,0.000,1.0
2008-09-01,20:00:00,0.144,0.000,239.160,0.600,0.000,0.000,1.0
2008-09-01,20:01:00,0.144,0.000,239.520,0.600,0.000,0.000,0.0
2008-09-01,20:02:00,0.146,0.000,240.070,0.600,0.000,0.000,1.0
2008-09-01,20:03:00,0.146,0.000,240.280,0.600,0.000,0.000,1.0
2008-09-01,20:04:00,0.146,0.000,240.550,0.600,0.000,0.000,0.0
2008-09-01,20:05:00,0.146,0.000,241.520,0.600,0.000,0.000,1.0
2008-09-01,20:06:00,0.146,0.000,241.040,0.600,0.000,0.000,0.0
2008-09-01,20:07:00,0.146,0.000,240.870,0.600,0.000,0.000,1.0
2008-09-01,20:08:00,0.146,0.000,240.970,0.600,0.000,0.000,1.0
2008-09-01,20:09:00,0.146,0.000,240.450,0.600,0.000,0.000,0.0
2008-09-01,20:10:00,0.170,0.000,240.730,1.000,0.000,0.000,1.0
2008-09-01,20:11:00,0.224,0.082,240.200,1.000,0.000,0.000,1.0
2008-09-01,20:12:00,0.224,0.082,240.150,1.000,0.000,0.000,0.0
2008-09-01,20:13:00,0.222,0.082,239.930,1.000,0.000,0.000,1.0
2008-09-01,20:14:00,0.222,0.082,239.880,1.000,0.000,0.000,1.0
2008-09-01,20:15:00,0.220,0.080,239.270,1.000,0.000,0.000,0.0
2008-09-01,20:16:00,0.216,0.078,238.620,1.000,0.000,0.000,1.0
2008-09-01,20:17:00,0.216,0.080,238.920,1.000,0.000,0.000,1.0
2008-09-01,20:18:00,0.254,0.112,239.010,1.200,0.000,0.000,0.0
2008-09-01,20:19:00,0.326,0.212,239.730,1.600,0.000,0.000,1.0
2008-09-01,20:20:00,0.322,0.212,239.710,1.600,0.000,0.000,1.0
2008-09-01,20:21:00,0.302,0.184,239.220,1.400,0.000,0.000,0.0
2008-09-01,20:22:00,0.250,0.110,239.320,1.000,0.000,0.000,1.0
2008-09-01,20:23:00,0.248,0.108,238.810,1.000,0.000,0.000,1.0
2008-09-01,20:24:00,0.246,0.108,239.010,1.000,0.000,0.000,0.0
2008-09-01,20:25:00,0.244,0.108,238.720,1.000,0.000,0.000,1.0
2008-09-01,20:26:00,0.242,0.106,238.140,1.000,0.000,0.000,1.0
2008-09-01,20:27:00,0.242,0.108,238.620,1.000,0.000,0.000,0.0
2008-09-01,20:28:00,0.242,0.108,238.940,1.000,0.000,0.000,1.0
2008-09-01,20:29:00,0.652,0.176,238.300,3.000,0.000,0.000,7.0
2008-09-01,20:30:00,0.876,0.204,237.560,3.800,0.000,0.000,11.0
2008-09-01,20:31:00,0.908,0.202,237.230,3.800,0.000,0.000,12.0
2008-09-01,20:32:00,0.928,0.200,237.190,4.000,0.000,0.000,12.0
2008-09-01,20:33:00,0.932,0.196,236.720,4.000,0.000,0.000,12.0
2008-09-01,20:34:00,0.414,0.128,237.590,2.200,0.000,0.000,4.0
2008-09-01,20:35:00,0.238,0.104,237.260,1.000,0.000,0.000,1.0
2008-09-01,20:36:00,0.238,0.104,237.290,1.000,0.000,0.000,1.0
2008-09-01,20:37:00,0.238,0.106,237.730,1.000,0.000,0.000,0.0
2008-09-01,20:38:00,0.236,0.104,237.710,1.000,0.000,0.000,1.0
2008-09-01,20:39:00,0.236,0.104,237.210,1.000,0.000,0.000,1.0
2008-09-01,20:40:00,0.236,0.102,236.960,1.000,0.000,0.000,0.0
2008-09-01,20:41:00,0.162,0.000,237.340,0.800,0.000,0.000,1.0
2008-09-01,20:42:00,0.142,0.000,236.860,0.600,0.000,0.000,0.0
2008-09-01,20:43:00,0.142,0.000,236.580,0.600,0.000,0.000,1.0
2008-09-01,20:44:00,0.142,0.000,237.620,0.600,0.000,0.000,1.0
2008-09-01,20:45:00,0.144,0.000,239.050,0.600,0.000,0.000,0.0
2008-09-01,20:46:00,0.144,0.000,238.930,0.600,0.000,0.000,1.0
2008-09-01,20:47:00,0.144,0.000,239.110,0.600,0.000,0.000,1.0
2008-09-01,20:48:00,0.194,0.000,239.580,1.000,0.000,0.000,0.0
2008-09-01,20:49:00,0.222,0.080,239.570,1.000,0.000,0.000,1.0
2008-09-01,20:50:00,0.326,0.198,238.990,1.600,0.000,0.000,1.0
2008-09-01,20:51:00,0.312,0.200,239.280,1.400,0.000,2.000,0.0
2008-09-01,20:52:00,0.310,0.200,239.870,1.400,0.000,1.000,1.0
2008-09-01,20:53:00,0.308,0.202,240.280,1.400,0.000,2.000,1.0
2008-09-01,20:54:00,0.306,0.200,239.660,1.400,0.000,1.000,0.0
2008-09-01,20:55:00,0.302,0.198,238.700,1.400,0.000,2.000,1.0
2008-09-01,20:56:00,0.302,0.198,238.630,1.400,0.000,1.000,1.0
2008-09-01,20:57:00,0.300,0.196,238.250,1.400,0.000,2.000,0.0
2008-09-01,20:58:00,0.298,0.196,238.550,1.400,0.000,1.000,1.0
2008-09-01,20:59:00,0.268,0.152,238.740,1.200,0.000,1.000,0.0
2008-09-01,21:00:00,0.230,0.096,238.850,1.000,0.000,2.000,1.0
2008-09-01,21:01:00,0.230,0.098,239.100,1.000,0.000,1.000,1.0
2008-09-01,21:02:00,0.228,0.096,239.140,1.000,0.000,1.000,0.0
2008-09-01,21:03:00,0.226,0.096,239.100,1.000,0.000,2.000,1.0
2008-09-01,21:04:00,0.226,0.096,239.130,1.000,0.000,1.000,1.0
2008-09-01,21:05:00,0.224,0.098,239.430,1.000,0.000,1.000,0.0
2008-09-01,21:06:00,0.224,0.098,239.710,1.000,0.000,2.000,1.0
2008-09-01,21:07:00,0.224,0.096,239.130,1.000,0.000,1.000,1.0
2008-09-01,21:08:00,0.398,0.092,238.840,1.800,0.000,1.000,0.0
2008-09-01,21:09:00,1.300,0.106,238.200,5.400,0.000,1.000,1.0
2008-09-01,21:10:00,1.424,0.208,237.880,6.000,0.000,2.000,1.0
2008-09-01,21:11:00,1.154,0.100,238.300,4.800,0.000,0.000,0.0
2008-09-01,21:12:00,1.434,0.184,238.110,6.200,0.000,0.000,1.0
2008-09-01,21:13:00,1.120,0.098,238.220,4.600,0.000,0.000,1.0
2008-09-01,21:14:00,1.202,0.096,238.250,5.000,0.000,0.000,0.0
2008-09-01,21:15:00,1.300,0.094,238.030,5.400,0.000,0.000,1.0
2008-09-01,21:16:00,1.270,0.094,238.340,5.200,0.000,0.000,0.0
2008-09-01,21:17:00,1.190,0.094,238.030,5.000,0.000,0.000,1.0
2008-09-01,21:18:00,1.190,0.094,237.820,5.000,0.000,0.000,1.0
2008-09-01,21:19:00,1.098,0.096,237.980,4.600,0.000,0.000,0.0
2008-09-01,21:20:00,1.106,0.096,238.000,4.600,0.000,0.000,1.0
2008-09-01,21:21:00,1.154,0.134,238.070,4.800,0.000,0.000,1.0
2008-09-01,21:22:00,1.272,0.272,238.280,5.400,0.000,0.000,0.0
2008-09-01,21:23:00,1.420,0.394,238.260,6.200,0.000,0.000,1.0
2008-09-01,21:24:00,1.410,0.386,238.210,6.000,0.000,0.000,1.0
2008-09-01,21:25:00,1.408,0.380,238.250,6.000,0.000,0.000,0.0
2008-09-01,21:26:00,1.408,0.374,237.890,6.000,0.000,0.000,1.0
2008-09-01,21:27:00,1.590,0.430,237.720,7.200,0.000,0.000,1.0
2008-09-01,21:28:00,2.976,0.634,236.050,13.000,0.000,0.000,0.0
2008-09-01,21:29:00,2.944,0.600,236.560,12.800,0.000,0.000,1.0
2008-09-01,21:30:00,2.934,0.524,237.030,12.600,0.000,0.000,0.0
2008-09-01,21:31:00,1.638,0.358,238.620,8.200,0.000,0.000,1.0
2008-09-01,21:32:00,0.916,0.294,239.450,4.000,0.000,0.000,1.0
2008-09-01,21:33:00,0.928,0.294,239.540,4.000,0.000,0.000,0.0
2008-09-01,21:34:00,0.916,0.292,239.330,4.000,0.000,0.000,1.0
2008-09-01,21:35:00,0.914,0.292,239.170,4.000,0.000,0.000,1.0
2008-09-01,21:36:00,0.914,0.294,239.300,4.000,0.000,0.000,0.0
2008-09-01,21:37:00,0.914,0.294,239.350,4.000,0.000,0.000,1.0
2008-09-01,21:38:00,0.916,0.294,239.680,4.000,0.000,0.000,1.0
2008-09-01,21:39:00,0.918,0.296,240.020,4.000,0.000,0.000,0.0
2008-09-01,21:40:00,0.916,0.294,239.670,4.000,0.000,0.000,1.0
2008-09-01,21:41:00,0.916,0.294,239.820,4.000,0.000,0.000,1.0
2008-09-01,21:42:00,0.916,0.294,239.940,4.000,0.000,0.000,0.0
2008-09-01,21:43:00,0.918,0.296,240.250,4.000,0.000,0.000,1.0
2008-09-01,21:44:00,0.918,0.296,240.140,4.000,0.000,0.000,1.0
2008-09-01,21:45:00,0.918,0.296,240.200,4.000,0.000,0.000,0.0
2008-09-01,21:46:00,0.686,0.222,240.680,3.000,0.000,0.000,1.0
2008-09-01,21:47:00,0.644,0.206,240.450,2.800,0.000,0.000,1.0
2008-09-01,21:48:00,0.644,0.206,240.560,2.800,0.000,0.000,0.0
2008-09-01,21:49:00,0.644,0.206,240.510,2.800,0.000,0.000,1.0
2008-09-01,21:50:00,0.656,0.206,240.700,2.800,0.000,0.000,1.0
2008-09-01,21:51:00,0.646,0.208,240.760,2.800,0.000,0.000,0.0
2008-09-01,21:52:00,0.646,0.208,240.940,2.800,0.000,0.000,1.0
2008-09-01,21:53:00,0.646,0.208,241.140,2.800,0.000,0.000,1.0
2008-09-01,21:54:00,0.646,0.210,241.140,2.800,0.000,0.000,0.0
2008-09-01,21:55:00,0.646,0.210,241.020,2.800,0.000,0.000,1.0
2008-09-01,21:56:00,0.640,0.206,239.940,2.800,0.000,0.000,0.0
2008-09-01,21:57:00,0.638,0.204,239.460,2.800,0.000,0.000,1.0
2008-09-01,21:58:00,0.656,0.208,239.040,2.800,0.000,0.000,1.0
2008-09-01,21:59:00,1.282,0.304,238.090,5.400,0.000,0.000,11.0
2008-09-01,22:00:00,1.554,0.300,238.000,6.600,0.000,0.000,11.0
2008-09-01,22:01:00,1.686,0.306,238.680,7.200,0.000,0.000,12.0
2008-09-01,22:02:00,1.696,0.306,238.820,7.200,0.000,0.000,12.0
2008-09-01,22:03:00,1.486,0.274,239.110,6.400,0.000,0.000,10.0
2008-09-01,22:04:00,1.002,0.200,239.640,4.200,0.000,0.000,0.0
2008-09-01,22:05:00,1.002,0.200,239.650,4.200,0.000,0.000,1.0
2008-09-01,22:06:00,1.004,0.202,240.300,4.200,0.000,0.000,1.0
2008-09-01,22:07:00,1.002,0.200,239.880,4.200,0.000,0.000,0.0
2008-09-01,22:08:00,0.998,0.198,239.340,4.200,0.000,0.000,1.0
2008-09-01,22:09:00,1.006,0.200,239.800,4.200,0.000,0.000,1.0
2008-09-01,22:10:00,1.016,0.216,240.380,4.200,0.000,0.000,0.0
2008-09-01,22:11:00,1.886,0.230,239.660,8.000,0.000,0.000,14.0
2008-09-01,22:12:00,2.120,0.226,239.380,8.800,0.000,0.000,19.0
2008-09-01,22:13:00,2.106,0.228,239.670,8.800,0.000,0.000,19.0
2008-09-01,22:14:00,2.098,0.230,239.870,8.800,0.000,0.000,18.0
2008-09-01,22:15:00,2.094,0.230,239.900,8.600,0.000,0.000,19.0
2008-09-01,22:16:00,2.086,0.226,239.850,8.600,0.000,0.000,18.0
2008-09-01,22:17:00,2.080,0.196,240.850,8.600,0.000,0.000,18.0
2008-09-01,22:18:00,2.140,0.248,241.500,8.800,0.000,0.000,19.0
2008-09-01,22:19:00,2.174,0.320,241.330,9.000,0.000,1.000,19.0
2008-09-01,22:20:00,2.980,0.324,240.520,12.600,0.000,1.000,18.0
2008-09-01,22:21:00,2.602,0.340,241.040,11.200,0.000,2.000,18.0
2008-09-01,22:22:00,2.884,0.348,240.900,12.400,0.000,1.000,19.0
2008-09-01,22:23:00,2.206,0.324,242.030,9.200,0.000,2.000,18.0
2008-09-01,22:24:00,2.180,0.324,242.090,9.000,0.000,1.000,19.0
2008-09-01,22:25:00,2.174,0.322,241.770,9.000,0.000,2.000,19.0
2008-09-01,22:26:00,2.164,0.320,241.150,9.000,0.000,1.000,18.0
2008-09-01,22:27:00,2.146,0.314,240.070,9.000,0.000,2.000,18.0
2008-09-01,22:28:00,2.154,0.316,240.630,9.000,0.000,1.000,19.0
2008-09-01,22:29:00,2.150,0.316,240.410,9.000,0.000,1.000,18.0
2008-09-01,22:30:00,2.150,0.316,240.460,9.000,0.000,2.000,18.0
2008-09-01,22:31:00,2.154,0.316,240.790,9.000,0.000,1.000,19.0
2008-09-01,22:32:00,2.150,0.316,240.640,9.000,0.000,1.000,18.0
2008-09-01,22:33:00,2.156,0.318,241.100,9.000,0.000,2.000,19.0
2008-09-01,22:34:00,2.156,0.318,241.230,9.000,0.000,1.000,18.0
2008-09-01,22:35:00,2.158,0.318,241.420,9.000,0.000,1.000,19.0
2008-09-01,22:36:00,2.166,0.322,241.980,9.000,0.000,2.000,18.0
2008-09-01,22:37:00,2.172,0.324,242.450,9.000,0.000,1.000,19.0
2008-09-01,22:38:00,2.174,0.326,242.560,9.000,0.000,1.000,18.0
2008-09-01,22:39:00,2.136,0.260,242.620,8.800,0.000,1.000,19.0
2008-09-01,22:40:00,2.308,0.196,242.450,9.400,0.000,0.000,19.0
2008-09-01,22:41:00,2.262,0.198,242.160,9.400,0.000,0.000,18.0
2008-09-01,22:42:00,2.248,0.246,242.320,9.200,0.000,0.000,19.0
2008-09-01,22:43:00,2.386,0.248,242.080,9.800,0.000,0.000,19.0
2008-09-01,22:44:00,2.414,0.248,242.230,10.000,0.000,0.000,18.0
2008-09-01,22:45:00,2.368,0.252,242.720,9.800,0.000,0.000,19.0
2008-09-01,22:46:00,2.308,0.252,242.700,9.400,0.000,0.000,19.0
2008-09-01,22:47:00,2.448,0.250,242.620,10.000,0.000,0.000,18.0
2008-09-01,22:48:00,2.406,0.252,243.060,9.800,0.000,0.000,19.0
2008-09-01,22:49:00,2.250,0.256,243.130,9.200,0.000,0.000,19.0
2008-09-01,22:50:00,2.282,0.252,242.450,9.400,0.000,0.000,18.0
2008-09-01,22:51:00,2.298,0.252,242.330,9.400,0.000,0.000,19.0
2008-09-01,22:52:00,2.188,0.252,242.140,9.000,0.000,0.000,19.0
2008-09-01,22:53:00,2.166,0.246,240.690,9.000,0.000,0.000,18.0
2008-09-01,22:54:00,2.160,0.246,240.300,9.000,0.000,0.000,18.0
2008-09-01,22:55:00,2.156,0.246,240.060,9.000,0.000,0.000,19.0
2008-09-01,22:56:00,2.158,0.246,240.210,9.000,0.000,0.000,18.0
2008-09-01,22:57:00,2.156,0.246,240.040,9.000,0.000,0.000,18.0
2008-09-01,22:58:00,2.112,0.178,240.190,8.800,0.000,0.000,18.0
2008-09-01,22:59:00,2.070,0.114,240.110,8.600,0.000,0.000,19.0
2008-09-01,23:00:00,2.070,0.114,240.240,8.600,0.000,0.000,18.0
2008-09-01,23:01:00,2.074,0.114,240.430,8.600,0.000,0.000,18.0
2008-09-01,23:02:00,2.074,0.114,240.420,8.600,0.000,0.000,19.0
2008-09-01,23:03:00,2.182,0.112,240.300,9.000,0.000,0.000,18.0
2008-09-01,23:04:00,1.948,0.080,240.680,8.000,0.000,0.000,18.0
2008-09-01,23:05:00,1.788,0.064,240.670,7.400,0.000,0.000,19.0
2008-09-01,23:06:00,1.816,0.064,240.500,7.400,0.000,0.000,18.0
2008-09-01,23:07:00,1.732,0.064,240.430,7.200,0.000,0.000,19.0
2008-09-01,23:08:00,1.674,0.066,240.590,6.800,0.000,0.000,18.0
2008-09-01,23:09:00,1.672,0.066,240.480,6.800,0.000,0.000,18.0
2008-09-01,23:10:00,1.672,0.066,240.410,6.800,0.000,0.000,19.0
2008-09-01,23:11:00,1.674,0.066,240.520,6.800,0.000,0.000,18.0
2008-09-01,23:12:00,1.676,0.066,240.770,6.800,0.000,0.000,18.0
2008-09-01,23:13:00,1.630,0.066,240.810,6.600,0.000,0.000,19.0
2008-09-01,23:14:00,1.572,0.068,240.980,6.400,0.000,0.000,18.0
2008-09-01,23:15:00,1.604,0.090,241.270,6.600,0.000,0.000,19.0
2008-09-01,23:16:00,0.902,0.212,242.050,4.200,0.000,0.000,6.0
2008-09-01,23:17:00,0.610,0.218,242.730,2.600,0.000,0.000,1.0
2008-09-01,23:18:00,0.606,0.216,242.560,2.600,0.000,0.000,0.0
2008-09-01,23:19:00,0.606,0.216,242.760,2.600,0.000,0.000,1.0
2008-09-01,23:20:00,0.652,0.230,242.700,3.000,0.000,0.000,1.0
2008-09-01,23:21:00,1.244,0.342,242.190,5.200,0.000,0.000,11.0
2008-09-01,23:22:00,1.264,0.342,242.140,5.400,0.000,0.000,12.0
2008-09-01,23:23:00,1.300,0.348,242.210,5.400,0.000,0.000,12.0
2008-09-01,23:24:00,1.332,0.374,242.120,5.600,0.000,0.000,13.0
2008-09-01,23:25:00,1.234,0.356,242.180,5.400,0.000,0.000,11.0
2008-09-01,23:26:00,0.632,0.252,242.590,2.800,0.000,0.000,1.0
2008-09-01,23:27:00,0.630,0.252,242.490,2.800,0.000,0.000,0.0
2008-09-01,23:28:00,0.632,0.254,242.650,2.800,0.000,0.000,1.0
2008-09-01,23:29:00,0.632,0.256,242.890,2.800,0.000,0.000,1.0
2008-09-01,23:30:00,0.634,0.256,243.060,2.800,0.000,0.000,0.0
2008-09-01,23:31:00,0.632,0.254,242.970,2.800,0.000,0.000,1.0
2008-09-01,23:32:00,0.632,0.254,242.970,2.800,0.000,0.000,1.0
2008-09-01,23:33:00,0.632,0.256,243.040,2.800,0.000,0.000,0.0
2008-09-01,23:34:00,0.632,0.256,243.040,2.800,0.000,0.000,1.0
2008-09-01,23:35:00,0.632,0.254,242.990,2.800,0.000,0.000,1.0
2008-09-01,23:36:00,0.630,0.254,242.570,2.800,0.000,0.000,0.0
2008-09-01,23:37:00,0.626,0.248,241.640,2.800,0.000,0.000,1.0
2008-09-01,23:38:00,0.582,0.178,241.810,2.400,0.000,0.000,1.0
2008-09-01,23:39:00,0.562,0.146,241.970,2.400,0.000,0.000,0.0
2008-09-01,23:40:00,0.564,0.148,242.300,2.400,0.000,0.000,1.0
2008-09-01,23:41:00,0.562,0.146,241.690,2.400,0.000,0.000,1.0
2008-09-01,23:42:00,0.562,0.146,241.800,2.400,0.000,0.000,0.0
2008-09-01,23:43:00,0.562,0.146,241.940,2.400,0.000,0.000,1.0
2008-09-01,23:44:00,0.562,0.146,241.880,2.400,0.000,0.000,1.0
2008-09-01,23:45:00,0.562,0.146,241.870,2.400,0.000,0.000,0.0
2008-09-01,23:46:00,0.562,0.146,241.910,2.400,0.000,0.000,1.0
2008-09-01,23:47:00,0.666,0.268,241.840,3.000,0.000,0.000,1.0
2008-09-01,23:48:00,0.650,0.270,242.060,2.800,0.000,2.000,0.0
2008-09-01,23:49:00,0.650,0.270,242.160,2.800,0.000,1.000,1.0
2008-09-01,23:50:00,0.650,0.270,242.300,2.800,0.000,2.000,1.0
2008-09-01,23:51:00,0.652,0.270,242.340,2.800,0.000,1.000,0.0
2008-09-01,23:52:00,0.646,0.266,241.310,2.800,0.000,2.000,1.0
2008-09-01,23:53:00,0.650,0.270,242.330,2.800,0.000,1.000,1.0
2008-09-01,23:54:00,0.648,0.270,242.360,2.800,0.000,2.000,0.0
2008-09-01,23:55:00,0.676,0.270,242.140,3.000,0.000,1.000,1.0
2008-09-01,23:56:00,0.668,0.270,242.110,3.000,0.000,1.000,1.0
2008-09-01,23:57:00,0.644,0.276,242.200,2.800,0.000,2.000,0.0
2008-09-01,23:58:00,0.644,0.276,242.170,2.800,0.000,1.000,1.0
2008-09-01,23:59:00,0.642,0.276,242.130,2.800,0.000,1.000,1.0
