Date,Time,Global_active_power,Global_reactive_power,Voltage,Global_intensity,Sub_metering_1,Sub_metering_2,Sub_metering_3
2008-09-22,00:00:00,0.404,0.220,241.190,2.000,0.000,1.000,1.0
2008-09-22,00:01:00,0.404,0.240,241.220,2.000,0.000,1.000,0.0
2008-09-22,00:02:00,0.404,0.240,241.120,2.000,0.000,2.000,1.0
2008-09-22,00:03:00,0.324,0.126,240.790,1.400,0.000,1.000,1.0
2008-09-22,00:04:00,0.308,0.106,241.260,1.400,0.000,1.000,0.0
2008-09-22,00:05:00,0.310,0.106,241.660,1.400,0.000,2.000,1.0
2008-09-22,00:06:00,0.310,0.108,241.920,1.400,0.000,1.000,1.0
2008-09-22,00:07:00,0.310,0.108,242.150,1.400,0.000,2.000,0.0
2008-09-22,00:08:00,0.310,0.106,241.990,1.400,0.000,1.000,1.0
2008-09-22,00:09:00,0.308,0.106,241.940,1.400,0.000,2.000,1.0
2008-09-22,00:10:00,0.308,0.108,242.140,1.400,0.000,1.000,0.0
2008-09-22,00:11:00,0.308,0.106,242.120,1.400,0.000,2.000,1.0
2008-09-22,00:12:00,0.306,0.108,242.230,1.400,0.000,1.000,1.0
2008-09-22,00:13:00,0.304,0.108,242.060,1.400,0.000,1.000,0.0
2008-09-22,00:14:00,0.304,0.108,242.220,1.400,0.000,2.000,1.0
2008-09-22,00:15:00,0.304,0.108,242.120,1.400,0.000,1.000,1.0
2008-09-22,00:16:00,0.282,0.076,242.250,1.200,0.000,1.000,0.0
2008-09-22,00:17:00,0.222,0.000,242.270,1.000,0.000,0.000,1.0
2008-09-22,00:18:00,0.222,0.000,242.350,1.000,0.000,0.000,1.0
2008-09-22,00:19:00,0.224,0.000,241.960,1.000,0.000,0.000,0.0
2008-09-22,00:20:00,0.222,0.000,241.710,1.000,0.000,0.000,1.0
2008-09-22,00:21:00,0.294,0.060,241.630,1.400,0.000,0.000,1.0
2008-09-22,00:22:00,0.298,0.088,241.800,1.200,0.000,0.000,0.0
2008-09-22,00:23:00,0.300,0.088,241.780,1.200,0.000,0.000,1.0
2008-09-22,00:24:00,0.300,0.088,241.840,1.200,0.000,0.000,1.0
2008-09-22,00:25:00,0.298,0.090,242.140,1.200,0.000,0.000,0.0
2008-09-22,00:26:00,0.296,0.090,242.180,1.200,0.000,0.000,1.0
2008-09-22,00:27:00,0.298,0.090,242.240,1.200,0.000,0.000,1.0
2008-09-22,00:28:00,0.296,0.090,242.250,1.200,0.000,0.000,0.0
2008-09-22,00:29:00,0.292,0.090,242.190,1.200,0.000,0.000,1.0
2008-09-22,00:30:00,0.294,0.090,242.200,1.200,0.000,0.000,1.0
2008-09-22,00:31:00,0.358,0.154,242.440,1.600,0.000,0.000,0.0
2008-09-22,00:32:00,0.386,0.200,242.230,1.800,0.000,0.000,1.0
2008-09-22,00:33:00,0.332,0.120,242.460,1.400,0.000,0.000,1.0
2008-09-22,00:34:00,0.330,0.120,242.710,1.400,0.000,0.000,0.0
2008-09-22,00:35:00,0.330,0.120,242.570,1.400,0.000,0.000,1.0
2008-09-22,00:36:00,0.330,0.120,242.620,1.400,0.000,0.000,1.0
2008-09-22,00:37:00,0.326,0.122,242.800,1.400,0.000,0.000,0.0
2008-09-22,00:38:00,0.326,0.120,242.630,1.400,0.000,0.000,1.0
2008-09-22,00:39:00,0.324,0.122,243.080,1.400,0.000,0.000,1.0
2008-09-22,00:40:00,0.322,0.122,242.920,1.400,0.000,0.000,0.0
2008-09-22,00:41:00,0.322,0.120,242.620,1.400,0.000,0.000,1.0
2008-09-22,00:42:00,0.318,0.116,241.490,1.400,0.000,0.000,1.0
2008-09-22,00:43:00,0.316,0.118,241.740,1.400,0.000,0.000,0.0
2008-09-22,00:44:00,0.318,0.118,242.250,1.400,0.000,0.000,1.0
2008-09-22,00:45:00,0.318,0.118,242.240,1.400,0.000,0.000,1.0
2008-09-22,00:46:00,0.318,0.118,242.300,1.400,0.000,0.000,0.0
2008-09-22,00:47:00,0.318,0.118,242.080,1.400,0.000,0.000,1.0
2008-09-22,00:48:00,0.244,0.000,242.300,1.000,0.000,0.000,1.0
2008-09-22,00:49:00,0.222,0.000,242.480,1.000,0.000,0.000,0.0
2008-09-22,00:50:00,0.216,0.000,242.600,1.000,0.000,0.000,1.0
2008-09-22,00:51:00,0.216,0.000,242.700,1.000,0.000,0.000,1.0
2008-09-22,00:52:00,0.220,0.000,242.650,1.000,0.000,0.000,0.0
2008-09-22,00:53:00,0.226,0.000,241.810,1.000,0.000,0.000,1.0
2008-09-22,00:54:00,0.222,0.000,241.620,1.000,0.000,0.000,1.0
2008-09-22,00:55:00,0.220,0.000,241.280,1.000,0.000,0.000,0.0
2008-09-22,00:56:00,0.216,0.000,241.200,1.000,0.000,0.000,1.0
2008-09-22,00:57:00,0.160,0.000,241.320,0.600,0.000,0.000,1.0
2008-09-22,00:58:00,0.158,0.000,241.400,0.600,0.000,0.000,0.0
2008-09-22,00:59:00,0.158,0.000,241.340,0.600,0.000,0.000,1.0
2008-09-22,01:00:00,0.156,0.000,240.770,0.600,0.000,0.000,1.0
2008-09-22,01:01:00,0.158,0.000,241.100,0.600,0.000,0.000,0.0
2008-09-22,01:02:00,0.158,0.000,241.080,0.600,0.000,0.000,1.0
2008-09-22,01:03:00,0.180,0.000,241.150,1.000,0.000,0.000,1.0
2008-09-22,01:04:00,0.236,0.088,241.450,1.000,0.000,0.000,0.0
2008-09-22,01:05:00,0.234,0.088,241.220,1.000,0.000,0.000,1.0
2008-09-22,01:06:00,0.234,0.088,241.180,1.000,0.000,0.000,1.0
2008-09-22,01:07:00,0.234,0.088,241.270,1.000,0.000,0.000,0.0
2008-09-22,01:08:00,0.234,0.088,241.400,1.000,0.000,0.000,1.0
2008-09-22,01:09:00,0.232,0.086,241.150,1.000,0.000,0.000,1.0
2008-09-22,01:10:00,0.230,0.088,241.230,1.000,0.000,0.000,0.0
2008-09-22,01:11:00,0.228,0.086,241.180,1.000,0.000,0.000,1.0
2008-09-22,01:12:00,0.228,0.086,241.060,1.000,0.000,0.000,1.0
2008-09-22,01:13:00,0.228,0.086,240.960,1.000,0.000,0.000,0.0
2008-09-22,01:14:00,0.226,0.086,240.760,1.000,0.000,0.000,1.0
2008-09-22,01:15:00,0.174,0.000,240.980,0.800,0.000,0.000,1.0
2008-09-22,01:16:00,0.218,0.000,240.890,1.000,0.000,0.000,0.0
2008-09-22,01:17:00,0.292,0.122,240.440,1.600,0.000,0.000,1.0
2008-09-22,01:18:00,0.862,0.226,239.660,3.600,0.000,0.000,10.0
2008-09-22,01:19:00,0.876,0.226,239.790,3.800,0.000,0.000,11.0
2008-09-22,01:20:00,0.904,0.226,239.700,3.800,0.000,0.000,11.0
2008-09-22,01:21:00,0.912,0.226,239.770,3.800,0.000,0.000,12.0
2008-09-22,01:22:00,0.914,0.222,239.570,3.800,0.000,0.000,12.0
2008-09-22,01:23:00,0.560,0.164,240.040,2.800,0.000,0.000,6.0
2008-09-22,01:24:00,0.256,0.114,240.200,1.200,0.000,0.000,1.0
2008-09-22,01:25:00,0.254,0.114,240.260,1.200,0.000,0.000,1.0
2008-09-22,01:26:00,0.314,0.180,240.300,1.600,0.000,0.000,0.0
2008-09-22,01:27:00,0.338,0.234,240.130,1.600,0.000,1.000,1.0
2008-09-22,01:28:00,0.336,0.236,240.240,1.600,0.000,2.000,0.0
2008-09-22,01:29:00,0.336,0.234,240.080,1.600,0.000,1.000,1.0
2008-09-22,01:30:00,0.336,0.232,239.790,1.600,0.000,2.000,1.0
2008-09-22,01:31:00,0.338,0.236,240.610,1.600,0.000,1.000,0.0
2008-09-22,01:32:00,0.336,0.236,240.510,1.600,0.000,2.000,1.0
2008-09-22,01:33:00,0.270,0.142,240.650,1.200,0.000,1.000,1.0
2008-09-22,01:34:00,0.244,0.106,241.120,1.000,0.000,2.000,0.0
2008-09-22,01:35:00,0.242,0.104,240.970,1.000,0.000,1.000,1.0
2008-09-22,01:36:00,0.242,0.104,241.020,1.000,0.000,1.000,1.0
2008-09-22,01:37:00,0.242,0.106,241.760,1.000,0.000,2.000,0.0
2008-09-22,01:38:00,0.242,0.108,241.940,1.000,0.000,1.000,1.0
2008-09-22,01:39:00,0.242,0.108,242.060,1.000,0.000,2.000,1.0
2008-09-22,01:40:00,0.240,0.108,242.240,1.000,0.000,1.000,0.0
2008-09-22,01:41:00,0.238,0.108,242.220,1.000,0.000,1.000,1.0
2008-09-22,01:42:00,0.238,0.108,242.300,1.000,0.000,2.000,1.0
2008-09-22,01:43:00,0.176,0.000,242.660,0.800,0.000,0.000,0.0
2008-09-22,01:44:00,0.158,0.000,242.960,0.600,0.000,0.000,1.0
2008-09-22,01:45:00,0.158,0.000,242.640,0.600,0.000,0.000,1.0
2008-09-22,01:46:00,0.172,0.000,242.470,1.000,0.000,0.000,0.0
2008-09-22,01:47:00,0.240,0.088,241.980,1.000,0.000,0.000,1.0
2008-09-22,01:48:00,0.234,0.088,241.870,1.000,0.000,0.000,1.0
2008-09-22,01:49:00,0.234,0.086,241.240,1.000,0.000,0.000,0.0
2008-09-22,01:50:00,0.234,0.086,241.350,1.000,0.000,0.000,1.0
2008-09-22,01:51:00,0.232,0.086,241.420,1.000,0.000,0.000,1.0
2008-09-22,01:52:00,0.230,0.086,241.310,1.000,0.000,0.000,0.0
2008-09-22,01:53:00,0.230,0.086,241.450,1.000,0.000,0.000,1.0
2008-09-22,01:54:00,0.228,0.086,241.350,1.000,0.000,0.000,1.0
2008-09-22,01:55:00,0.228,0.086,241.040,1.000,0.000,0.000,0.0
2008-09-22,01:56:00,0.226,0.086,240.820,1.000,0.000,0.000,1.0
2008-09-22,01:57:00,0.226,0.086,240.850,1.000,0.000,0.000,1.0
2008-09-22,01:58:00,0.170,0.000,241.510,0.800,0.000,0.000,0.0
2008-09-22,01:59:00,0.156,0.000,241.420,0.600,0.000,0.000,1.0
2008-09-22,02:00:00,0.156,0.000,241.300,0.600,0.000,0.000,1.0
2008-09-22,02:01:00,0.156,0.000,241.220,0.600,0.000,0.000,0.0
2008-09-22,02:02:00,0.252,0.080,241.090,1.200,0.000,0.000,1.0
2008-09-22,02:03:00,0.268,0.116,241.130,1.200,0.000,0.000,1.0
2008-09-22,02:04:00,0.264,0.116,241.260,1.200,0.000,0.000,0.0
2008-09-22,02:05:00,0.262,0.116,241.340,1.200,0.000,0.000,1.0
2008-09-22,02:06:00,0.262,0.116,241.290,1.200,0.000,0.000,1.0
2008-09-22,02:07:00,0.260,0.116,241.310,1.200,0.000,0.000,0.0
2008-09-22,02:08:00,0.260,0.116,241.250,1.200,0.000,0.000,1.0
2008-09-22,02:09:00,0.258,0.116,241.070,1.200,0.000,0.000,1.0
2008-09-22,02:10:00,0.256,0.116,241.220,1.200,0.000,0.000,0.0
2008-09-22,02:11:00,0.256,0.118,241.350,1.200,0.000,0.000,1.0
2008-09-22,02:12:00,0.256,0.116,241.230,1.200,0.000,0.000,1.0
2008-09-22,02:13:00,0.254,0.116,241.170,1.200,0.000,0.000,0.0
2008-09-22,02:14:00,0.254,0.116,241.210,1.200,0.000,0.000,1.0
2008-09-22,02:15:00,0.252,0.118,241.320,1.200,0.000,0.000,1.0
2008-09-22,02:16:00,0.252,0.116,241.350,1.200,0.000,0.000,0.0
2008-09-22,02:17:00,0.252,0.118,241.470,1.200,0.000,0.000,1.0
2008-09-22,02:18:00,0.252,0.118,241.430,1.200,0.000,0.000,1.0
2008-09-22,02:19:00,0.160,0.000,241.800,0.600,0.000,0.000,0.0
2008-09-22,02:20:00,0.156,0.000,241.770,0.600,0.000,0.000,1.0
2008-09-22,02:21:00,0.158,0.000,241.880,0.600,0.000,0.000,1.0
2008-09-22,02:22:00,0.156,0.000,241.730,0.600,0.000,0.000,0.0
2008-09-22,02:23:00,0.156,0.000,241.760,0.600,0.000,0.000,1.0
2008-09-22,02:24:00,0.156,0.000,241.530,0.600,0.000,0.000,1.0
2008-09-22,02:25:00,0.156,0.000,241.570,0.600,0.000,0.000,0.0
2008-09-22,02:26:00,0.156,0.000,241.700,0.600,0.000,0.000,1.0
2008-09-22,02:27:00,0.156,0.000,241.720,0.600,0.000,0.000,1.0
2008-09-22,02:28:00,0.156,0.000,241.640,0.600,0.000,0.000,0.0
2008-09-22,02:29:00,0.156,0.000,241.510,0.600,0.000,0.000,1.0
2008-09-22,02:30:00,0.238,0.072,241.300,1.200,0.000,0.000,1.0
2008-09-22,02:31:00,0.234,0.086,241.100,1.000,0.000,0.000,0.0
2008-09-22,02:32:00,0.234,0.086,241.250,1.000,0.000,0.000,1.0
2008-09-22,02:33:00,0.234,0.086,241.280,1.000,0.000,0.000,1.0
2008-09-22,02:34:00,0.232,0.086,241.390,1.000,0.000,0.000,0.0
2008-09-22,02:35:00,0.232,0.088,241.450,1.000,0.000,0.000,1.0
2008-09-22,02:36:00,0.230,0.088,241.650,1.000,0.000,0.000,1.0
2008-09-22,02:37:00,0.230,0.088,241.780,1.000,0.000,0.000,0.0
2008-09-22,02:38:00,0.228,0.088,241.700,1.000,0.000,0.000,1.0
2008-09-22,02:39:00,0.228,0.086,241.500,1.000,0.000,0.000,1.0
2008-09-22,02:40:00,0.226,0.088,241.480,1.000,0.000,0.000,0.0
2008-09-22,02:41:00,0.174,0.000,241.750,0.800,0.000,0.000,1.0
2008-09-22,02:42:00,0.158,0.000,241.920,0.600,0.000,0.000,1.0
2008-09-22,02:43:00,0.158,0.000,242.320,0.600,0.000,0.000,0.0
2008-09-22,02:44:00,0.158,0.000,242.670,0.600,0.000,0.000,1.0
2008-09-22,02:45:00,0.158,0.000,242.750,0.600,0.000,0.000,1.0
2008-09-22,02:46:00,0.158,0.000,242.740,0.600,0.000,0.000,0.0
2008-09-22,02:47:00,0.188,0.000,242.640,1.000,0.000,0.000,1.0
2008-09-22,02:48:00,0.270,0.118,242.190,1.200,0.000,0.000,1.0
2008-09-22,02:49:00,0.266,0.116,241.560,1.200,0.000,0.000,0.0
2008-09-22,02:50:00,0.264,0.116,241.470,1.200,0.000,0.000,1.0
2008-09-22,02:51:00,0.264,0.118,241.740,1.200,0.000,0.000,1.0
2008-09-22,02:52:00,0.262,0.116,241.370,1.200,0.000,0.000,0.0
2008-09-22,02:53:00,0.760,0.240,240.550,3.600,0.000,0.000,8.0
2008-09-22,02:54:00,0.952,0.352,240.210,4.200,0.000,1.000,11.0
2008-09-22,02:55:00,0.976,0.348,239.940,4.200,0.000,2.000,11.0
2008-09-22,02:56:00,0.992,0.348,239.990,4.400,0.000,1.000,11.0
2008-09-22,02:57:00,0.994,0.348,240.020,4.400,0.000,1.000,12.0
2008-09-22,02:58:00,0.708,0.300,240.390,3.400,0.000,2.000,8.0
2008-09-22,02:59:00,0.338,0.236,240.650,1.600,0.000,1.000,0.0
2008-09-22,03:00:00,0.338,0.236,240.780,1.600,0.000,2.000,1.0
2008-09-22,03:01:00,0.336,0.236,240.590,1.600,0.000,1.000,1.0
2008-09-22,03:02:00,0.336,0.236,240.590,1.600,0.000,2.000,0.0
2008-09-22,03:03:00,0.334,0.234,240.330,1.600,0.000,1.000,1.0
2008-09-22,03:04:00,0.286,0.168,240.710,1.400,0.000,2.000,1.0
2008-09-22,03:05:00,0.240,0.104,240.580,1.000,0.000,1.000,0.0
2008-09-22,03:06:00,0.240,0.104,240.770,1.000,0.000,1.000,1.0
2008-09-22,03:07:00,0.238,0.104,241.060,1.000,0.000,2.000,1.0
2008-09-22,03:08:00,0.238,0.104,240.910,1.000,0.000,1.000,0.0
2008-09-22,03:09:00,0.236,0.104,240.950,1.000,0.000,1.000,1.0
2008-09-22,03:10:00,0.198,0.046,241.130,0.800,0.000,1.000,1.0
2008-09-22,03:11:00,0.156,0.000,240.990,0.600,0.000,0.000,0.0
2008-09-22,03:12:00,0.156,0.000,240.960,0.600,0.000,0.000,1.0
2008-09-22,03:13:00,0.200,0.000,241.820,1.000,0.000,0.000,1.0
2008-09-22,03:14:00,0.234,0.086,241.160,1.000,0.000,0.000,0.0
2008-09-22,03:15:00,0.234,0.088,241.360,1.000,0.000,0.000,1.0
2008-09-22,03:16:00,0.234,0.088,241.510,1.000,0.000,0.000,1.0
2008-09-22,03:17:00,0.234,0.088,241.670,1.000,0.000,0.000,0.0
2008-09-22,03:18:00,0.232,0.088,241.680,1.000,0.000,0.000,1.0
2008-09-22,03:19:00,0.232,0.088,241.840,1.000,0.000,0.000,1.0
2008-09-22,03:20:00,0.230,0.088,241.810,1.000,0.000,0.000,0.0
2008-09-22,03:21:00,0.228,0.088,241.750,1.000,0.000,0.000,1.0
2008-09-22,03:22:00,0.228,0.086,241.350,1.000,0.000,0.000,1.0
2008-09-22,03:23:00,0.228,0.086,241.240,1.000,0.000,0.000,0.0
2008-09-22,03:24:00,0.204,0.052,241.410,0.800,0.000,0.000,1.0
2008-09-22,03:25:00,0.156,0.000,241.470,0.600,0.000,0.000,1.0
2008-09-22,03:26:00,0.156,0.000,241.910,0.600,0.000,0.000,0.0
2008-09-22,03:27:00,0.156,0.000,241.790,0.600,0.000,0.000,1.0
2008-09-22,03:28:00,0.158,0.000,242.210,0.600,0.000,0.000,1.0
2008-09-22,03:29:00,0.156,0.000,241.960,0.600,0.000,0.000,0.0
2008-09-22,03:30:00,0.158,0.000,241.960,0.600,0.000,0.000,1.0
2008-09-22,03:31:00,0.156,0.000,241.950,0.600,0.000,0.000,1.0
2008-09-22,03:32:00,0.156,0.000,241.770,0.600,0.000,0.000,0.0
2008-09-22,03:33:00,0.232,0.058,241.710,1.200,0.000,0.000,1.0
2008-09-22,03:34:00,0.268,0.116,241.480,1.200,0.000,0.000,1.0
2008-09-22,03:35:00,0.266,0.116,241.520,1.200,0.000,0.000,0.0
2008-09-22,03:36:00,0.378,0.116,241.450,2.200,0.000,0.000,1.0
2008-09-22,03:37:00,1.376,0.102,240.510,5.600,0.000,0.000,20.0
2008-09-22,03:38:00,1.358,0.102,240.370,5.600,0.000,0.000,19.0
2008-09-22,03:39:00,1.342,0.100,240.200,5.600,0.000,0.000,18.0
2008-09-22,03:40:00,1.336,0.102,240.630,5.400,0.000,0.000,19.0
2008-09-22,03:41:00,1.332,0.104,240.800,5.400,0.000,0.000,18.0
2008-09-22,03:42:00,1.326,0.102,240.530,5.400,0.000,0.000,19.0
2008-09-22,03:43:00,1.324,0.102,240.620,5.400,0.000,0.000,18.0
2008-09-22,03:44:00,1.320,0.102,240.480,5.400,0.000,0.000,19.0
2008-09-22,03:45:00,1.320,0.102,240.620,5.400,0.000,0.000,18.0
2008-09-22,03:46:00,1.320,0.104,240.770,5.400,0.000,0.000,19.0
2008-09-22,03:47:00,1.322,0.104,241.040,5.400,0.000,0.000,18.0
2008-09-22,03:48:00,1.320,0.104,240.870,5.400,0.000,0.000,19.0
2008-09-22,03:49:00,1.316,0.098,240.900,5.400,0.000,0.000,18.0
2008-09-22,03:50:00,1.228,0.000,240.990,5.000,0.000,0.000,18.0
2008-09-22,03:51:00,1.226,0.000,240.910,5.000,0.000,0.000,19.0
2008-09-22,03:52:00,1.226,0.000,240.910,5.000,0.000,0.000,18.0
2008-09-22,03:53:00,1.224,0.000,240.620,5.000,0.000,0.000,19.0
2008-09-22,03:54:00,1.226,0.000,240.870,5.000,0.000,0.000,18.0
2008-09-22,03:55:00,1.224,0.000,240.720,5.000,0.000,0.000,19.0
2008-09-22,03:56:00,1.224,0.000,240.740,5.000,0.000,0.000,18.0
2008-09-22,03:57:00,1.282,0.000,240.630,5.200,0.000,0.000,18.0
2008-09-22,03:58:00,1.296,0.072,240.420,5.400,0.000,0.000,19.0
2008-09-22,03:59:00,1.286,0.068,239.330,5.400,0.000,0.000,18.0
2008-09-22,04:00:00,1.290,0.070,239.860,5.400,0.000,0.000,18.0
2008-09-22,04:01:00,1.290,0.070,239.750,5.400,0.000,0.000,18.0
2008-09-22,04:02:00,1.286,0.068,239.590,5.200,0.000,0.000,19.0
2008-09-22,04:03:00,1.284,0.070,239.480,5.200,0.000,0.000,18.0
2008-09-22,04:04:00,0.414,0.082,240.400,2.400,0.000,0.000,5.0
2008-09-22,04:05:00,0.228,0.084,240.510,1.000,0.000,0.000,1.0
2008-09-22,04:06:00,0.228,0.084,240.560,1.000,0.000,0.000,0.0
2008-09-22,04:07:00,0.228,0.084,240.770,1.000,0.000,0.000,1.0
2008-09-22,04:08:00,0.182,0.000,240.910,0.800,0.000,0.000,1.0
2008-09-22,04:09:00,0.156,0.000,241.220,0.600,0.000,0.000,0.0
2008-09-22,04:10:00,0.156,0.000,241.210,0.600,0.000,0.000,1.0
2008-09-22,04:11:00,0.156,0.000,241.110,0.600,0.000,0.000,1.0
2008-09-22,04:12:00,0.156,0.000,241.110,0.600,0.000,0.000,0.0
2008-09-22,04:13:00,0.156,0.000,241.360,0.600,0.000,0.000,1.0
2008-09-22,04:14:00,0.158,0.000,241.450,0.600,0.000,0.000,1.0
2008-09-22,04:15:00,0.158,0.000,241.390,0.600,0.000,0.000,0.0
2008-09-22,04:16:00,0.156,0.000,241.450,0.600,0.000,0.000,1.0
2008-09-22,04:17:00,0.156,0.000,241.450,0.600,0.000,0.000,1.0
2008-09-22,04:18:00,0.156,0.000,241.270,0.600,0.000,0.000,0.0
2008-09-22,04:19:00,0.280,0.114,241.030,1.400,0.000,0.000,1.0
2008-09-22,04:20:00,0.266,0.112,240.490,1.200,0.000,0.000,0.0
2008-09-22,04:21:00,0.358,0.228,240.970,1.800,0.000,1.000,1.0
2008-09-22,04:22:00,0.350,0.238,241.120,1.800,0.000,1.000,1.0
2008-09-22,04:23:00,0.348,0.240,241.670,1.600,0.000,2.000,0.0
2008-09-22,04:24:00,0.348,0.240,241.600,1.600,0.000,1.000,1.0
2008-09-22,04:25:00,0.346,0.238,241.190,1.600,0.000,1.000,1.0
2008-09-22,04:26:00,0.346,0.240,241.560,1.600,0.000,2.000,0.0
2008-09-22,04:27:00,0.344,0.240,241.700,1.600,0.000,1.000,1.0
2008-09-22,04:28:00,0.826,0.336,240.490,3.800,0.000,2.000,8.0
2008-09-22,04:29:00,0.946,0.352,240.160,4.200,0.000,1.000,11.0
2008-09-22,04:30:00,0.974,0.352,240.140,4.200,0.000,2.000,11.0
2008-09-22,04:31:00,0.986,0.350,240.130,4.200,0.000,1.000,12.0
2008-09-22,04:32:00,0.988,0.348,239.870,4.400,0.000,2.000,11.0
2008-09-22,04:33:00,0.640,0.290,240.590,3.200,0.000,1.000,7.0
2008-09-22,04:34:00,0.332,0.236,240.690,1.600,0.000,1.000,1.0
2008-09-22,04:35:00,0.270,0.150,240.930,1.200,0.000,2.000,0.0
2008-09-22,04:36:00,0.236,0.106,241.410,1.000,0.000,1.000,1.0
2008-09-22,04:37:00,0.206,0.058,241.450,1.000,0.000,1.000,1.0
2008-09-22,04:38:00,0.156,0.000,241.250,0.600,0.000,0.000,0.0
2008-09-22,04:39:00,0.156,0.000,241.210,0.600,0.000,0.000,1.0
2008-09-22,04:40:00,0.156,0.000,241.070,0.600,0.000,0.000,1.0
2008-09-22,04:41:00,0.236,0.068,241.120,1.200,0.000,0.000,0.0
2008-09-22,04:42:00,0.234,0.086,241.030,1.000,0.000,0.000,1.0
2008-09-22,04:43:00,0.234,0.086,241.100,1.000,0.000,0.000,1.0
2008-09-22,04:44:00,0.234,0.086,241.140,1.000,0.000,0.000,0.0
2008-09-22,04:45:00,0.232,0.086,241.410,1.000,0.000,0.000,1.0
2008-09-22,04:46:00,0.232,0.088,241.880,1.000,0.000,0.000,1.0
2008-09-22,04:47:00,0.230,0.088,241.970,1.000,0.000,0.000,0.0
2008-09-22,04:48:00,0.230,0.088,241.880,1.000,0.000,0.000,1.0
2008-09-22,04:49:00,0.228,0.088,241.760,1.000,0.000,0.000,1.0
2008-09-22,04:50:00,0.228,0.088,241.970,1.000,0.000,0.000,0.0
2008-09-22,04:51:00,0.222,0.078,241.450,1.000,0.000,0.000,1.0
2008-09-22,04:52:00,0.156,0.000,241.430,0.600,0.000,0.000,1.0
2008-09-22,04:53:00,0.156,0.000,241.100,0.600,0.000,0.000,0.0
2008-09-22,04:54:00,0.156,0.000,240.670,0.600,0.000,0.000,1.0
2008-09-22,04:55:00,0.156,0.000,240.430,0.600,0.000,0.000,1.0
2008-09-22,04:56:00,0.156,0.000,240.620,0.600,0.000,0.000,0.0
2008-09-22,04:57:00,0.156,0.000,240.520,0.600,0.000,0.000,1.0
2008-09-22,04:58:00,0.156,0.000,240.500,0.600,0.000,0.000,0.0
2008-09-22,04:59:00,0.156,0.000,240.380,0.600,0.000,0.000,1.0
2008-09-22,05:00:00,0.156,0.000,240.720,0.600,0.000,0.000,1.0
2008-09-22,05:01:00,0.156,0.000,241.200,0.600,0.000,0.000,0.0
2008-09-22,05:02:00,0.156,0.000,240.870,0.600,0.000,0.000,1.0
2008-09-22,05:03:00,0.156,0.000,240.940,0.600,0.000,0.000,1.0
2008-09-22,05:04:00,0.244,0.070,240.610,1.200,0.000,0.000,0.0
2008-09-22,05:05:00,0.268,0.112,240.440,1.200,0.000,0.000,1.0
2008-09-22,05:06:00,0.264,0.114,240.520,1.200,0.000,0.000,1.0
2008-09-22,05:07:00,0.262,0.114,240.860,1.200,0.000,0.000,0.0
2008-09-22,05:08:00,0.262,0.116,241.290,1.200,0.000,0.000,1.0
2008-09-22,05:09:00,0.260,0.116,241.130,1.200,0.000,0.000,1.0
2008-09-22,05:10:00,0.260,0.116,241.060,1.200,0.000,0.000,0.0
2008-09-22,05:11:00,0.258,0.116,241.130,1.200,0.000,0.000,1.0
2008-09-22,05:12:00,0.258,0.118,242.050,1.200,0.000,0.000,1.0
2008-09-22,05:13:00,0.258,0.118,242.050,1.200,0.000,0.000,0.0
2008-09-22,05:14:00,0.256,0.116,241.300,1.200,0.000,0.000,1.0
2008-09-22,05:15:00,0.254,0.116,241.080,1.200,0.000,0.000,1.0
2008-09-22,05:16:00,0.254,0.116,241.270,1.200,0.000,0.000,0.0
2008-09-22,05:17:00,0.252,0.116,241.230,1.200,0.000,0.000,1.0
2008-09-22,05:18:00,0.252,0.116,241.240,1.200,0.000,0.000,1.0
2008-09-22,05:19:00,0.252,0.116,241.120,1.200,0.000,0.000,0.0
2008-09-22,05:20:00,0.222,0.074,241.020,1.000,0.000,0.000,1.0
2008-09-22,05:21:00,0.156,0.000,240.670,0.600,0.000,0.000,1.0
2008-09-22,05:22:00,0.156,0.000,240.850,0.600,0.000,0.000,0.0
2008-09-22,05:23:00,0.156,0.000,240.380,0.600,0.000,0.000,1.0
2008-09-22,05:24:00,0.154,0.000,240.050,0.600,0.000,0.000,1.0
2008-09-22,05:25:00,0.218,0.000,239.890,1.200,0.000,0.000,0.0
2008-09-22,05:26:00,0.232,0.082,240.040,1.000,0.000,0.000,1.0
2008-09-22,05:27:00,0.232,0.084,240.220,1.000,0.000,0.000,1.0
2008-09-22,05:28:00,0.232,0.084,240.470,1.000,0.000,0.000,0.0
2008-09-22,05:29:00,0.232,0.084,240.540,1.000,0.000,0.000,1.0
2008-09-22,05:30:00,0.232,0.086,241.120,1.000,0.000,0.000,1.0
2008-09-22,05:31:00,0.230,0.086,241.440,1.000,0.000,0.000,0.0
2008-09-22,05:32:00,0.228,0.086,241.020,1.000,0.000,0.000,1.0
2008-09-22,05:33:00,0.228,0.086,241.160,1.000,0.000,0.000,1.0
2008-09-22,05:34:00,0.228,0.086,241.090,1.000,0.000,0.000,0.0
2008-09-22,05:35:00,0.226,0.084,240.890,1.000,0.000,0.000,1.0
2008-09-22,05:36:00,0.166,0.000,240.440,0.800,0.000,0.000,1.0
2008-09-22,05:37:00,0.156,0.000,240.620,0.600,0.000,0.000,0.0
2008-09-22,05:38:00,0.156,0.000,240.680,0.600,0.000,0.000,1.0
2008-09-22,05:39:00,0.156,0.000,240.490,0.600,0.000,0.000,1.0
2008-09-22,05:40:00,0.156,0.000,240.480,0.600,0.000,0.000,0.0
2008-09-22,05:41:00,0.156,0.000,240.300,0.600,0.000,0.000,1.0
2008-09-22,05:42:00,0.156,0.000,240.480,0.600,0.000,0.000,1.0
2008-09-22,05:43:00,0.154,0.000,240.070,0.600,0.000,0.000,0.0
2008-09-22,05:44:00,0.154,0.000,239.970,0.600,0.000,0.000,1.0
2008-09-22,05:45:00,0.154,0.000,239.940,0.600,0.000,0.000,1.0
2008-09-22,05:46:00,0.154,0.000,239.990,0.600,0.000,0.000,0.0
2008-09-22,05:47:00,0.154,0.000,239.940,0.600,0.000,0.000,1.0
2008-09-22,05:48:00,0.250,0.092,240.340,1.200,0.000,0.000,0.0
2008-09-22,05:49:00,0.268,0.120,240.240,1.400,0.000,2.000,1.0
2008-09-22,05:50:00,0.352,0.232,239.850,1.800,0.000,1.000,1.0
2008-09-22,05:51:00,0.350,0.232,239.840,1.600,0.000,2.000,0.0
2008-09-22,05:52:00,0.350,0.236,240.710,1.600,0.000,1.000,1.0
2008-09-22,05:53:00,0.348,0.238,240.880,1.600,0.000,2.000,1.0
2008-09-22,05:54:00,0.348,0.238,241.210,1.600,0.000,1.000,0.0
2008-09-22,05:55:00,0.346,0.238,241.220,1.600,0.000,1.000,1.0
2008-09-22,05:56:00,0.342,0.236,240.910,1.600,0.000,2.000,1.0
2008-09-22,05:57:00,0.340,0.234,240.560,1.600,0.000,1.000,0.0
2008-09-22,05:58:00,0.338,0.232,240.150,1.600,0.000,2.000,1.0
2008-09-22,05:59:00,0.336,0.234,240.400,1.600,0.000,1.000,1.0
2008-09-22,06:00:00,0.334,0.232,240.120,1.600,0.000,2.000,0.0
2008-09-22,06:01:00,0.332,0.232,240.230,1.600,0.000,1.000,1.0
2008-09-22,06:02:00,0.332,0.232,240.260,1.600,0.000,1.000,1.0
2008-09-22,06:03:00,0.330,0.232,240.010,1.600,0.000,2.000,0.0
2008-09-22,06:04:00,0.874,0.310,239.400,3.800,0.000,1.000,10.0
2008-09-22,06:05:00,0.856,0.226,239.490,3.600,0.000,0.000,11.0
2008-09-22,06:06:00,0.804,0.110,239.250,3.400,0.000,0.000,11.0
2008-09-22,06:07:00,0.806,0.094,239.690,3.400,0.000,0.000,11.0
2008-09-22,06:08:00,0.816,0.098,240.110,3.400,0.000,0.000,12.0
2008-09-22,06:09:00,0.546,0.116,241.600,2.600,0.000,0.000,6.0
2008-09-22,06:10:00,0.284,0.090,242.000,1.200,0.000,0.000,0.0
2008-09-22,06:11:00,0.284,0.088,241.820,1.200,0.000,0.000,1.0
2008-09-22,06:12:00,0.282,0.086,241.340,1.200,0.000,0.000,1.0
2008-09-22,06:13:00,0.282,0.086,241.290,1.200,0.000,0.000,0.0
2008-09-22,06:14:00,0.280,0.086,241.580,1.200,0.000,0.000,1.0
2008-09-22,06:15:00,0.280,0.086,241.390,1.200,0.000,0.000,1.0
2008-09-22,06:16:00,0.278,0.088,241.590,1.200,0.000,0.000,0.0
2008-09-22,06:17:00,0.276,0.086,241.100,1.200,0.000,0.000,1.0
2008-09-22,06:18:00,0.276,0.084,240.830,1.200,0.000,0.000,1.0
2008-09-22,06:19:00,0.266,0.070,241.120,1.200,0.000,0.000,0.0
2008-09-22,06:20:00,0.206,0.000,240.900,0.800,0.000,0.000,1.0
2008-09-22,06:21:00,0.278,0.000,240.280,1.200,0.000,0.000,1.0
2008-09-22,06:22:00,0.372,0.000,240.450,1.600,0.000,0.000,0.0
2008-09-22,06:23:00,0.370,0.000,239.910,1.600,0.000,0.000,1.0
2008-09-22,06:24:00,0.370,0.000,239.790,1.600,0.000,0.000,1.0
2008-09-22,06:25:00,0.372,0.000,240.090,1.600,0.000,0.000,0.0
2008-09-22,06:26:00,0.308,0.000,240.170,1.200,0.000,0.000,1.0
2008-09-22,06:27:00,0.308,0.000,239.870,1.200,0.000,0.000,1.0
2008-09-22,06:28:00,0.452,0.000,239.590,2.400,0.000,0.000,1.0
2008-09-22,06:29:00,1.408,0.000,238.620,5.800,0.000,0.000,19.0
2008-09-22,06:30:00,1.394,0.000,238.670,5.800,0.000,0.000,19.0
2008-09-22,06:31:00,1.376,0.000,238.390,5.800,0.000,0.000,18.0
2008-09-22,06:32:00,1.364,0.000,237.980,5.600,0.000,0.000,19.0
2008-09-22,06:33:00,1.356,0.000,237.770,5.600,0.000,0.000,18.0
2008-09-22,06:34:00,1.354,0.000,237.700,5.600,0.000,0.000,18.0
2008-09-22,06:35:00,1.354,0.000,237.910,5.600,0.000,0.000,18.0
2008-09-22,06:36:00,1.354,0.000,238.060,5.600,0.000,0.000,18.0
2008-09-22,06:37:00,1.408,0.000,237.930,5.800,0.000,0.000,18.0
2008-09-22,06:38:00,1.454,0.090,237.260,6.000,0.000,0.000,18.0
2008-09-22,06:39:00,1.444,0.088,236.740,6.000,0.000,0.000,18.0
2008-09-22,06:40:00,1.448,0.090,237.120,6.000,0.000,0.000,17.0
2008-09-22,06:41:00,1.446,0.090,237.150,6.000,0.000,0.000,18.0
2008-09-22,06:42:00,1.470,0.090,237.250,6.200,0.000,0.000,18.0
2008-09-22,06:43:00,1.504,0.088,237.000,6.200,0.000,0.000,18.0
2008-09-22,06:44:00,1.552,0.088,237.120,6.600,0.000,0.000,18.0
2008-09-22,06:45:00,1.672,0.108,236.580,7.000,0.000,0.000,18.0
2008-09-22,06:46:00,1.842,0.116,235.920,7.800,0.000,0.000,17.0
2008-09-22,06:47:00,2.294,0.118,235.840,10.000,0.000,0.000,18.0
2008-09-22,06:48:00,3.046,0.120,235.510,13.200,0.000,0.000,18.0
2008-09-22,06:49:00,4.576,0.094,233.760,19.800,0.000,0.000,17.0
2008-09-22,06:50:00,3.584,0.104,236.090,16.200,0.000,0.000,18.0
2008-09-22,06:51:00,2.308,0.122,239.600,9.600,0.000,0.000,18.0
2008-09-22,06:52:00,2.342,0.160,239.340,9.800,0.000,0.000,18.0
2008-09-22,06:53:00,2.380,0.228,240.320,9.800,0.000,0.000,19.0
2008-09-22,06:54:00,3.224,0.122,238.950,13.400,0.000,0.000,18.0
2008-09-22,06:55:00,5.008,0.112,236.930,22.200,0.000,0.000,18.0
2008-09-22,06:56:00,5.574,0.106,236.000,24.000,0.000,0.000,17.0
2008-09-22,06:57:00,2.892,0.102,238.930,12.600,0.000,0.000,19.0
2008-09-22,06:58:00,2.070,0.104,239.510,8.600,0.000,0.000,18.0
2008-09-22,06:59:00,2.304,0.108,238.670,9.600,0.000,0.000,18.0
2008-09-22,07:00:00,2.782,0.104,237.810,11.600,0.000,0.000,18.0
2008-09-22,07:01:00,2.874,0.102,237.190,12.000,0.000,0.000,18.0
2008-09-22,07:02:00,2.848,0.114,237.120,12.000,0.000,0.000,18.0
2008-09-22,07:03:00,3.356,0.198,236.050,14.200,0.000,0.000,27.0
2008-09-22,07:04:00,3.104,0.202,236.310,13.000,0.000,0.000,28.0
2008-09-22,07:05:00,3.064,0.198,235.700,13.000,0.000,0.000,29.0
2008-09-22,07:06:00,3.056,0.194,235.190,13.000,0.000,0.000,28.0
2008-09-22,07:07:00,3.232,0.188,234.690,13.800,0.000,0.000,28.0
2008-09-22,07:08:00,3.112,0.190,234.820,13.200,0.000,0.000,28.0
2008-09-22,07:09:00,2.328,0.000,235.110,9.800,0.000,0.000,20.0
2008-09-22,07:10:00,2.256,0.000,236.310,9.400,0.000,0.000,18.0
2008-09-22,07:11:00,2.262,0.000,236.000,9.600,0.000,0.000,17.0
2008-09-22,07:12:00,2.248,0.000,235.450,9.400,0.000,0.000,18.0
2008-09-22,07:13:00,2.266,0.000,236.370,9.600,0.000,0.000,18.0
2008-09-22,07:14:00,2.280,0.000,237.180,9.600,0.000,0.000,18.0
2008-09-22,07:15:00,2.318,0.000,236.920,9.800,0.000,0.000,17.0
2008-09-22,07:16:00,2.358,0.126,236.860,10.000,0.000,1.000,18.0
2008-09-22,07:17:00,2.638,0.124,237.160,11.000,0.000,1.000,18.0
2008-09-22,07:18:00,2.684,0.122,236.740,11.200,0.000,2.000,18.0
2008-09-22,07:19:00,2.682,0.124,236.860,11.200,0.000,1.000,18.0
2008-09-22,07:20:00,2.706,0.128,237.920,11.400,0.000,1.000,18.0
2008-09-22,07:21:00,2.504,0.132,238.890,10.400,0.000,2.000,18.0
2008-09-22,07:22:00,2.140,0.134,238.210,9.000,0.000,1.000,18.0
2008-09-22,07:23:00,1.810,0.268,238.880,7.600,0.000,2.000,18.0
2008-09-22,07:24:00,1.798,0.270,239.280,7.600,0.000,1.000,18.0
2008-09-22,07:25:00,1.794,0.270,239.180,7.600,0.000,2.000,18.0
2008-09-22,07:26:00,1.844,0.272,239.880,7.800,0.000,1.000,19.0
2008-09-22,07:27:00,2.190,0.266,239.760,9.200,0.000,1.000,18.0
2008-09-22,07:28:00,2.186,0.266,239.510,9.200,0.000,2.000,18.0
2008-09-22,07:29:00,2.178,0.264,239.280,9.200,0.000,1.000,18.0
2008-09-22,07:30:00,2.174,0.262,239.050,9.000,0.000,1.000,19.0
2008-09-22,07:31:00,2.240,0.264,239.280,9.400,0.000,2.000,18.0
2008-09-22,07:32:00,2.376,0.158,239.180,9.800,0.000,0.000,18.0
2008-09-22,07:33:00,2.262,0.140,239.050,9.400,0.000,0.000,18.0
2008-09-22,07:34:00,2.204,0.142,239.640,9.200,0.000,0.000,18.0
2008-09-22,07:35:00,2.178,0.144,239.500,9.000,0.000,0.000,19.0
2008-09-22,07:36:00,2.166,0.148,238.960,9.000,0.000,0.000,18.0
2008-09-22,07:37:00,1.988,0.152,238.870,8.200,0.000,0.000,18.0
2008-09-22,07:38:00,1.992,0.196,238.220,8.400,0.000,0.000,18.0
2008-09-22,07:39:00,1.906,0.152,237.340,8.000,0.000,0.000,18.0
2008-09-22,07:40:00,1.894,0.118,237.120,8.000,0.000,0.000,18.0
2008-09-22,07:41:00,1.954,0.114,236.580,8.200,0.000,0.000,17.0
2008-09-22,07:42:00,1.914,0.116,236.930,8.000,0.000,0.000,18.0
2008-09-22,07:43:00,2.050,0.136,237.660,8.600,0.000,0.000,18.0
2008-09-22,07:44:00,1.892,0.122,238.440,7.800,0.000,0.000,18.0
2008-09-22,07:45:00,1.884,0.120,237.920,7.800,0.000,0.000,18.0
2008-09-22,07:46:00,1.894,0.122,238.580,7.800,0.000,0.000,18.0
2008-09-22,07:47:00,1.838,0.118,236.820,7.800,0.000,0.000,18.0
2008-09-22,07:48:00,1.882,0.148,236.490,8.000,0.000,0.000,18.0
2008-09-22,07:49:00,2.018,0.206,236.630,8.600,0.000,0.000,18.0
2008-09-22,07:50:00,2.126,0.218,238.670,9.000,0.000,0.000,18.0
2008-09-22,07:51:00,2.334,0.098,240.510,9.800,0.000,0.000,18.0
2008-09-22,07:52:00,3.540,0.064,239.890,14.600,0.000,0.000,18.0
2008-09-22,07:53:00,3.488,0.000,239.470,14.400,0.000,0.000,19.0
2008-09-22,07:54:00,3.212,0.000,239.560,13.400,0.000,0.000,18.0
2008-09-22,07:55:00,2.126,0.000,241.090,9.200,0.000,0.000,18.0
2008-09-22,07:56:00,1.526,0.000,241.310,6.200,0.000,0.000,19.0
2008-09-22,07:57:00,1.372,0.000,241.810,5.600,0.000,0.000,18.0
2008-09-22,07:58:00,1.586,0.072,241.500,6.600,0.000,0.000,24.0
2008-09-22,07:59:00,1.858,0.124,241.490,7.600,0.000,0.000,29.0
2008-09-22,08:00:00,1.872,0.118,240.880,7.800,0.000,0.000,29.0
2008-09-22,08:01:00,1.888,0.118,240.910,7.800,0.000,0.000,29.0
2008-09-22,08:02:00,1.890,0.116,240.790,7.800,0.000,0.000,30.0
2008-09-22,08:03:00,1.890,0.116,240.750,7.800,0.000,0.000,29.0
2008-09-22,08:04:00,1.342,0.000,241.590,5.600,0.000,0.000,21.0
2008-09-22,08:05:00,1.236,0.000,241.860,5.000,0.000,0.000,19.0
2008-09-22,08:06:00,1.394,0.130,241.470,5.800,0.000,0.000,18.0
2008-09-22,08:07:00,1.256,0.000,241.390,5.200,0.000,0.000,19.0
2008-09-22,08:08:00,1.304,0.074,240.870,5.400,0.000,0.000,18.0
2008-09-22,08:09:00,1.338,0.130,240.820,5.600,0.000,0.000,18.0
2008-09-22,08:10:00,1.336,0.130,241.070,5.400,0.000,0.000,19.0
2008-09-22,08:11:00,1.336,0.130,241.220,5.400,0.000,0.000,18.0
2008-09-22,08:12:00,1.332,0.130,241.090,5.400,0.000,0.000,19.0
2008-09-22,08:13:00,1.332,0.130,241.140,5.400,0.000,0.000,18.0
2008-09-22,08:14:00,1.328,0.128,240.800,5.400,0.000,0.000,19.0
2008-09-22,08:15:00,1.324,0.128,240.690,5.400,0.000,0.000,18.0
2008-09-22,08:16:00,1.320,0.128,240.380,5.400,0.000,0.000,18.0
2008-09-22,08:17:00,1.314,0.124,239.750,5.400,0.000,0.000,19.0
2008-09-22,08:18:00,1.312,0.124,239.660,5.400,0.000,0.000,18.0
2008-09-22,08:19:00,1.318,0.126,240.300,5.400,0.000,0.000,18.0
2008-09-22,08:20:00,1.392,0.204,240.630,5.800,0.000,0.000,19.0
2008-09-22,08:21:00,1.394,0.230,240.500,5.800,0.000,0.000,18.0
2008-09-22,08:22:00,1.382,0.226,239.380,5.800,0.000,0.000,18.0
2008-09-22,08:23:00,1.394,0.232,240.680,5.800,0.000,0.000,19.0
2008-09-22,08:24:00,1.370,0.204,240.170,5.600,0.000,0.000,18.0
2008-09-22,08:25:00,1.296,0.098,240.470,5.400,0.000,0.000,18.0
2008-09-22,08:26:00,1.292,0.098,240.220,5.400,0.000,0.000,19.0
2008-09-22,08:27:00,1.294,0.098,240.590,5.400,0.000,0.000,18.0
2008-09-22,08:28:00,1.290,0.098,240.280,5.400,0.000,0.000,18.0
2008-09-22,08:29:00,1.290,0.098,240.370,5.400,0.000,0.000,19.0
2008-09-22,08:30:00,1.294,0.100,240.720,5.400,0.000,0.000,18.0
2008-09-22,08:31:00,1.294,0.100,240.840,5.400,0.000,0.000,19.0
2008-09-22,08:32:00,1.292,0.098,240.640,5.400,0.000,0.000,18.0
2008-09-22,08:33:00,1.230,0.000,241.180,5.000,0.000,0.000,18.0
2008-09-22,08:34:00,1.230,0.000,241.050,5.000,0.000,0.000,19.0
2008-09-22,08:35:00,1.224,0.000,240.590,5.000,0.000,0.000,18.0
2008-09-22,08:36:00,1.234,0.000,241.510,5.000,0.000,0.000,19.0
2008-09-22,08:37:00,1.234,0.000,241.600,5.000,0.000,0.000,18.0
2008-09-22,08:38:00,1.228,0.000,240.940,5.000,0.000,0.000,19.0
2008-09-22,08:39:00,1.232,0.000,241.320,5.000,0.000,0.000,18.0
2008-09-22,08:40:00,1.230,0.000,241.120,5.000,0.000,0.000,19.0
2008-09-22,08:41:00,1.224,0.000,240.630,5.000,0.000,0.000,18.0
2008-09-22,08:42:00,1.218,0.000,239.880,5.000,0.000,0.000,18.0
2008-09-22,08:43:00,1.308,0.096,240.260,5.400,0.000,0.000,19.0
2008-09-22,08:44:00,1.308,0.116,240.300,5.400,0.000,2.000,18.0
2008-09-22,08:45:00,1.304,0.116,240.000,5.400,0.000,1.000,18.0
2008-09-22,08:46:00,1.304,0.116,240.100,5.400,0.000,2.000,19.0
2008-09-22,08:47:00,1.306,0.116,240.110,5.400,0.000,1.000,18.0
2008-09-22,08:48:00,1.306,0.116,240.310,5.400,0.000,2.000,18.0
2008-09-22,08:49:00,1.304,0.116,240.140,5.400,0.000,1.000,19.0
2008-09-22,08:50:00,1.306,0.116,240.240,5.400,0.000,2.000,18.0
2008-09-22,08:51:00,1.294,0.112,239.050,5.400,0.000,1.000,18.0
2008-09-22,08:52:00,1.294,0.112,239.170,5.400,0.000,1.000,18.0
2008-09-22,08:53:00,1.294,0.112,239.230,5.400,0.000,2.000,19.0
2008-09-22,08:54:00,1.392,0.220,238.740,5.800,0.000,1.000,18.0
2008-09-22,08:55:00,1.394,0.240,238.590,5.800,0.000,2.000,18.0
2008-09-22,08:56:00,1.390,0.240,238.620,5.800,0.000,1.000,18.0
2008-09-22,08:57:00,1.384,0.238,238.300,5.800,0.000,1.000,18.0
2008-09-22,08:58:00,1.382,0.238,238.360,5.800,0.000,2.000,18.0
2008-09-22,08:59:00,1.362,0.212,238.420,5.800,0.000,1.000,18.0
2008-09-22,09:00:00,1.304,0.120,238.560,5.400,0.000,0.000,18.0
2008-09-22,09:01:00,1.306,0.122,238.890,5.400,0.000,0.000,18.0
2008-09-22,09:02:00,1.308,0.122,239.120,5.400,0.000,0.000,18.0
2008-09-22,09:03:00,1.354,0.170,238.640,5.600,0.000,0.000,18.0
2008-09-22,09:04:00,1.384,0.226,239.450,5.800,0.000,0.000,19.0
2008-09-22,09:05:00,1.386,0.226,239.630,5.800,0.000,0.000,18.0
2008-09-22,09:06:00,1.388,0.228,239.980,5.800,0.000,0.000,18.0
2008-09-22,09:07:00,1.392,0.230,240.470,5.800,0.000,0.000,18.0
2008-09-22,09:08:00,1.390,0.230,240.480,5.800,0.000,0.000,19.0
2008-09-22,09:09:00,1.378,0.226,239.610,5.800,0.000,0.000,18.0
2008-09-22,09:10:00,1.324,0.152,239.500,5.400,0.000,0.000,18.0
2008-09-22,09:11:00,1.282,0.094,239.390,5.200,0.000,0.000,19.0
2008-09-22,09:12:00,1.384,0.116,239.060,5.800,0.000,0.000,19.0
2008-09-22,09:13:00,1.880,0.206,238.970,7.800,0.000,0.000,28.0
2008-09-22,09:14:00,1.892,0.202,238.630,7.800,0.000,0.000,28.0
2008-09-22,09:15:00,1.912,0.194,238.510,8.000,0.000,0.000,29.0
2008-09-22,09:16:00,1.862,0.102,239.080,7.800,0.000,0.000,29.0
2008-09-22,09:17:00,1.864,0.100,238.860,7.800,0.000,0.000,29.0
2008-09-22,09:18:00,1.456,0.000,238.790,6.200,0.000,0.000,23.0
2008-09-22,09:19:00,1.208,0.000,238.990,5.000,0.000,0.000,18.0
2008-09-22,09:20:00,1.210,0.000,239.220,5.000,0.000,0.000,18.0
2008-09-22,09:21:00,1.206,0.000,238.720,5.000,0.000,0.000,18.0
2008-09-22,09:22:00,1.204,0.000,238.580,5.000,0.000,0.000,18.0
2008-09-22,09:23:00,1.202,0.000,238.280,5.000,0.000,0.000,19.0
2008-09-22,09:24:00,1.202,0.000,238.220,5.000,0.000,0.000,18.0
2008-09-22,09:25:00,1.214,0.000,239.410,5.000,0.000,0.000,18.0
2008-09-22,09:26:00,1.212,0.000,239.370,5.000,0.000,0.000,18.0
2008-09-22,09:27:00,1.214,0.000,239.570,5.000,0.000,0.000,18.0
2008-09-22,09:28:00,1.214,0.000,239.580,5.000,0.000,0.000,18.0
2008-09-22,09:29:00,1.212,0.000,239.270,5.000,0.000,0.000,19.0
2008-09-22,09:30:00,1.210,0.000,239.130,5.000,0.000,0.000,18.0
2008-09-22,09:31:00,1.212,0.000,239.330,5.000,0.000,0.000,18.0
2008-09-22,09:32:00,1.214,0.000,239.590,5.000,0.000,0.000,18.0
2008-09-22,09:33:00,1.210,0.000,239.030,5.000,0.000,0.000,18.0
2008-09-22,09:34:00,1.208,0.000,238.900,5.000,0.000,0.000,18.0
2008-09-22,09:35:00,1.206,0.000,238.810,5.000,0.000,0.000,19.0
2008-09-22,09:36:00,1.208,0.000,239.020,5.000,0.000,0.000,18.0
2008-09-22,09:37:00,1.212,0.000,239.300,5.000,0.000,0.000,18.0
2008-09-22,09:38:00,1.212,0.000,239.320,5.000,0.000,0.000,18.0
2008-09-22,09:39:00,1.212,0.000,239.280,5.000,0.000,0.000,18.0
2008-09-22,09:40:00,1.310,0.102,238.450,5.400,0.000,0.000,18.0
2008-09-22,09:41:00,1.310,0.120,238.370,5.400,0.000,0.000,18.0
2008-09-22,09:42:00,1.310,0.122,238.720,5.400,0.000,0.000,19.0
2008-09-22,09:43:00,1.316,0.124,239.290,5.400,0.000,0.000,18.0
2008-09-22,09:44:00,1.324,0.128,240.310,5.400,0.000,0.000,18.0
2008-09-22,09:45:00,1.318,0.126,239.740,5.400,0.000,0.000,18.0
2008-09-22,09:46:00,1.322,0.128,240.320,5.400,0.000,0.000,19.0
2008-09-22,09:47:00,1.400,0.220,239.610,5.800,0.000,0.000,18.0
2008-09-22,09:48:00,1.386,0.226,239.440,5.800,0.000,0.000,18.0
2008-09-22,09:49:00,1.390,0.228,239.960,5.800,0.000,0.000,18.0
2008-09-22,09:50:00,1.384,0.226,239.560,5.800,0.000,0.000,19.0
2008-09-22,09:51:00,1.386,0.228,239.880,5.800,0.000,0.000,18.0
2008-09-22,09:52:00,1.386,0.228,240.060,5.800,0.000,0.000,18.0
2008-09-22,09:53:00,1.382,0.228,239.940,5.800,0.000,0.000,19.0
2008-09-22,09:54:00,1.374,0.226,239.260,5.800,0.000,0.000,18.0
2008-09-22,09:55:00,1.374,0.226,239.340,5.800,0.000,0.000,18.0
2008-09-22,09:56:00,1.308,0.140,238.910,5.400,0.000,0.000,18.0
2008-09-22,09:57:00,1.274,0.092,238.790,5.200,0.000,0.000,18.0
2008-09-22,09:58:00,1.272,0.094,238.740,5.200,0.000,0.000,18.0
2008-09-22,09:59:00,1.230,0.000,238.930,5.000,0.000,0.000,18.0
2008-09-22,10:00:00,1.206,0.000,238.790,5.000,0.000,0.000,19.0
2008-09-22,10:01:00,1.208,0.000,238.870,5.000,0.000,0.000,18.0
2008-09-22,10:02:00,1.206,0.000,238.590,5.000,0.000,0.000,18.0
2008-09-22,10:03:00,1.202,0.000,238.150,5.000,0.000,0.000,18.0
2008-09-22,10:04:00,1.206,0.000,238.570,5.000,0.000,0.000,18.0
2008-09-22,10:05:00,1.206,0.000,238.620,5.000,0.000,0.000,18.0
2008-09-22,10:06:00,1.208,0.000,238.820,5.000,0.000,0.000,18.0
2008-09-22,10:07:00,1.214,0.000,239.460,5.000,0.000,0.000,18.0
2008-09-22,10:08:00,1.218,0.000,239.850,5.000,0.000,0.000,18.0
2008-09-22,10:09:00,1.214,0.000,239.510,5.000,0.000,0.000,19.0
2008-09-22,10:10:00,1.212,0.000,239.340,5.000,0.000,0.000,18.0
2008-09-22,10:11:00,1.262,0.054,238.250,5.200,0.000,0.000,18.0
2008-09-22,10:12:00,1.286,0.110,238.130,5.400,0.000,1.000,18.0
2008-09-22,10:13:00,1.284,0.110,238.020,5.400,0.000,1.000,18.0
2008-09-22,10:14:00,1.288,0.110,238.330,5.400,0.000,2.000,18.0
2008-09-22,10:15:00,1.288,0.110,238.210,5.400,0.000,1.000,18.0
2008-09-22,10:16:00,1.286,0.110,238.180,5.400,0.000,2.000,18.0
2008-09-22,10:17:00,1.290,0.110,238.460,5.400,0.000,1.000,18.0
2008-09-22,10:18:00,1.288,0.110,238.290,5.400,0.000,2.000,18.0
2008-09-22,10:19:00,1.290,0.110,238.700,5.400,0.000,1.000,18.0
2008-09-22,10:20:00,1.288,0.110,238.420,5.400,0.000,2.000,18.0
2008-09-22,10:21:00,1.290,0.110,238.620,5.400,0.000,1.000,18.0
2008-09-22,10:22:00,1.288,0.110,238.630,5.400,0.000,1.000,18.0
2008-09-22,10:23:00,1.288,0.110,238.660,5.400,0.000,2.000,19.0
2008-09-22,10:24:00,1.290,0.112,238.950,5.400,0.000,1.000,18.0
2008-09-22,10:25:00,1.316,0.132,238.820,5.400,0.000,1.000,18.0
2008-09-22,10:26:00,1.390,0.240,238.240,5.800,0.000,2.000,18.0
2008-09-22,10:27:00,1.376,0.234,237.420,5.800,0.000,1.000,18.0
2008-09-22,10:28:00,1.302,0.118,237.730,5.400,0.000,0.000,18.0
2008-09-22,10:29:00,1.298,0.118,237.560,5.400,0.000,0.000,18.0
2008-09-22,10:30:00,1.294,0.118,237.220,5.400,0.000,0.000,18.0
2008-09-22,10:31:00,1.348,0.172,237.060,5.600,0.000,0.000,17.0
2008-09-22,10:32:00,1.370,0.220,237.700,5.800,0.000,0.000,18.0
2008-09-22,10:33:00,1.372,0.220,237.990,5.800,0.000,0.000,18.0
2008-09-22,10:34:00,1.374,0.222,238.310,5.800,0.000,0.000,18.0
2008-09-22,10:35:00,1.372,0.222,238.240,5.800,0.000,0.000,18.0
2008-09-22,10:36:00,1.362,0.218,237.520,5.800,0.000,0.000,18.0
2008-09-22,10:37:00,1.352,0.216,236.770,5.800,0.000,0.000,18.0
2008-09-22,10:38:00,1.344,0.212,236.150,5.600,0.000,0.000,18.0
2008-09-22,10:39:00,1.344,0.214,236.370,5.600,0.000,0.000,18.0
2008-09-22,10:40:00,1.352,0.218,237.170,5.600,0.000,0.000,17.0
2008-09-22,10:41:00,1.358,0.220,237.960,5.800,0.000,0.000,18.0
2008-09-22,10:42:00,1.288,0.134,236.870,5.400,0.000,0.000,18.0
2008-09-22,10:43:00,1.240,0.064,236.960,5.200,0.000,0.000,18.0
2008-09-22,10:44:00,1.186,0.000,236.720,5.000,0.000,0.000,18.0
2008-09-22,10:45:00,1.188,0.000,236.980,5.000,0.000,0.000,18.0
2008-09-22,10:46:00,1.188,0.000,236.810,5.000,0.000,0.000,18.0
2008-09-22,10:47:00,1.418,0.000,236.520,6.000,0.000,0.000,20.0
2008-09-22,10:48:00,1.772,0.084,236.120,7.400,0.000,0.000,28.0
2008-09-22,10:49:00,1.788,0.080,235.500,7.600,0.000,0.000,28.0
2008-09-22,10:50:00,1.820,0.082,235.970,7.600,0.000,0.000,28.0
2008-09-22,10:51:00,1.826,0.082,236.060,7.600,0.000,0.000,28.0
2008-09-22,10:52:00,1.840,0.088,236.970,7.600,0.000,0.000,29.0
2008-09-22,10:53:00,1.360,0.000,238.060,5.800,0.000,0.000,21.0
2008-09-22,10:54:00,1.196,0.000,237.800,5.000,0.000,0.000,18.0
2008-09-22,10:55:00,1.192,0.000,237.300,5.000,0.000,0.000,18.0
2008-09-22,10:56:00,1.194,0.000,237.500,5.000,0.000,0.000,18.0
2008-09-22,10:57:00,1.196,0.000,237.830,5.000,0.000,0.000,18.0
2008-09-22,10:58:00,1.202,0.000,238.420,5.000,0.000,0.000,18.0
2008-09-22,10:59:00,1.198,0.000,238.040,5.000,0.000,0.000,18.0
2008-09-22,11:00:00,1.192,0.000,237.390,5.000,0.000,0.000,18.0
2008-09-22,11:01:00,1.186,0.000,236.780,5.000,0.000,0.000,18.0
2008-09-22,11:02:00,1.198,0.000,237.890,5.000,0.000,0.000,18.0
2008-09-22,11:03:00,1.184,0.000,236.480,5.000,0.000,0.000,18.0
2008-09-22,11:04:00,1.180,0.000,236.000,5.000,0.000,0.000,17.0
2008-09-22,11:05:00,1.186,0.000,236.660,5.000,0.000,0.000,18.0
2008-09-22,11:06:00,1.172,0.000,235.230,5.000,0.000,0.000,18.0
2008-09-22,11:07:00,1.180,0.000,236.030,5.000,0.000,0.000,18.0
2008-09-22,11:08:00,1.178,0.000,235.820,5.000,0.000,0.000,17.0
2008-09-22,11:09:00,1.182,0.000,236.230,5.000,0.000,0.000,18.0
2008-09-22,11:10:00,1.180,0.000,236.060,5.000,0.000,0.000,18.0
2008-09-22,11:11:00,1.234,0.000,236.400,5.200,0.000,0.000,17.0
2008-09-22,11:12:00,1.292,0.114,236.310,5.400,0.000,0.000,18.0
2008-09-22,11:13:00,1.290,0.114,236.540,5.400,0.000,0.000,18.0
2008-09-22,11:14:00,1.290,0.116,236.720,5.400,0.000,0.000,18.0
2008-09-22,11:15:00,1.340,0.174,235.420,5.600,0.000,0.000,17.0
2008-09-22,11:16:00,1.354,0.212,235.990,5.800,0.000,0.000,18.0
2008-09-22,11:17:00,1.348,0.210,235.430,5.800,0.000,0.000,18.0
2008-09-22,11:18:00,1.358,0.214,236.510,5.800,0.000,0.000,17.0
2008-09-22,11:19:00,1.356,0.214,236.560,5.800,0.000,0.000,18.0
2008-09-22,11:20:00,1.360,0.218,237.180,5.800,0.000,0.000,18.0
2008-09-22,11:21:00,1.364,0.220,237.780,5.800,0.000,0.000,18.0
2008-09-22,11:22:00,1.368,0.222,238.360,5.800,0.000,0.000,18.0
2008-09-22,11:23:00,1.358,0.218,237.550,5.800,0.000,0.000,18.0
2008-09-22,11:24:00,1.362,0.222,238.220,5.800,0.000,0.000,18.0
2008-09-22,11:25:00,1.350,0.218,237.040,5.600,0.000,0.000,18.0
2008-09-22,11:26:00,1.348,0.218,237.100,5.600,0.000,0.000,18.0
2008-09-22,11:27:00,1.312,0.164,237.120,5.600,0.000,0.000,18.0
2008-09-22,11:28:00,1.236,0.046,237.780,5.200,0.000,0.000,18.0
2008-09-22,11:29:00,1.200,0.000,238.070,5.000,0.000,0.000,18.0
2008-09-22,11:30:00,1.202,0.000,238.270,5.000,0.000,0.000,18.0
2008-09-22,11:31:00,1.202,0.000,238.410,5.000,0.000,0.000,18.0
2008-09-22,11:32:00,1.196,0.000,237.850,5.000,0.000,0.000,18.0
2008-09-22,11:33:00,1.196,0.000,237.770,5.000,0.000,0.000,18.0
2008-09-22,11:34:00,1.196,0.000,237.720,5.000,0.000,0.000,18.0
2008-09-22,11:35:00,1.196,0.000,237.830,5.000,0.000,0.000,18.0
2008-09-22,11:36:00,1.202,0.000,238.320,5.000,0.000,0.000,18.0
2008-09-22,11:37:00,1.204,0.000,238.460,5.000,0.000,0.000,18.0
2008-09-22,11:38:00,1.202,0.000,238.280,5.000,0.000,0.000,18.0
2008-09-22,11:39:00,1.244,0.000,237.860,5.200,0.000,0.000,18.0
2008-09-22,11:40:00,1.282,0.108,237.830,5.400,0.000,1.000,18.0
2008-09-22,11:41:00,1.276,0.106,237.260,5.400,0.000,2.000,18.0
2008-09-22,11:42:00,1.274,0.106,237.250,5.400,0.000,1.000,17.0
2008-09-22,11:43:00,1.274,0.106,237.040,5.400,0.000,2.000,18.0
2008-09-22,11:44:00,1.270,0.104,236.600,5.400,0.000,1.000,18.0
2008-09-22,11:45:00,1.274,0.106,236.940,5.400,0.000,1.000,18.0
2008-09-22,11:46:00,1.270,0.104,236.590,5.400,0.000,2.000,18.0
2008-09-22,11:47:00,1.276,0.108,237.340,5.400,0.000,1.000,18.0
2008-09-22,11:48:00,1.272,0.106,236.910,5.400,0.000,2.000,17.0
2008-09-22,11:49:00,1.276,0.108,237.540,5.400,0.000,1.000,18.0
2008-09-22,11:50:00,1.280,0.108,237.990,5.400,0.000,2.000,18.0
2008-09-22,11:51:00,1.284,0.110,238.490,5.400,0.000,1.000,18.0
2008-09-22,11:52:00,1.290,0.112,239.110,5.400,0.000,1.000,18.0
2008-09-22,11:53:00,1.292,0.112,239.360,5.400,0.000,2.000,19.0
2008-09-22,11:54:00,1.288,0.112,239.120,5.400,0.000,1.000,18.0
2008-09-22,11:55:00,1.280,0.110,238.410,5.400,0.000,1.000,18.0
2008-09-22,11:56:00,1.232,0.000,238.960,5.000,0.000,1.000,18.0
2008-09-22,11:57:00,1.200,0.000,238.250,5.000,0.000,0.000,18.0
2008-09-22,11:58:00,1.274,0.068,237.630,5.400,0.000,0.000,18.0
2008-09-22,11:59:00,1.372,0.190,237.480,5.800,0.000,0.000,18.0
2008-09-22,12:00:00,1.372,0.218,237.410,5.800,0.000,0.000,18.0
2008-09-22,12:01:00,1.372,0.218,237.440,5.800,0.000,0.000,18.0
2008-09-22,12:02:00,1.376,0.220,238.060,5.800,0.000,0.000,18.0
2008-09-22,12:03:00,1.372,0.220,237.810,5.800,0.000,0.000,18.0
2008-09-22,12:04:00,1.368,0.220,237.850,5.800,0.000,0.000,18.0
2008-09-22,12:05:00,1.360,0.218,237.270,5.800,0.000,0.000,18.0
2008-09-22,12:06:00,1.356,0.216,237.070,5.800,0.000,0.000,17.0
2008-09-22,12:07:00,1.352,0.216,236.830,5.800,0.000,0.000,18.0
2008-09-22,12:08:00,1.360,0.220,237.690,5.800,0.000,0.000,18.0
2008-09-22,12:09:00,1.364,0.222,238.350,5.800,0.000,0.000,18.0
2008-09-22,12:10:00,1.350,0.216,236.990,5.600,0.000,0.000,18.0
2008-09-22,12:11:00,1.310,0.138,238.580,5.400,0.000,0.000,18.0
2008-09-22,12:12:00,1.294,0.120,238.240,5.400,0.000,0.000,18.0
2008-09-22,12:13:00,1.280,0.116,236.980,5.400,0.000,0.000,18.0
2008-09-22,12:14:00,1.282,0.116,237.160,5.400,0.000,0.000,18.0
2008-09-22,12:15:00,1.222,0.000,237.220,5.000,0.000,0.000,18.0
2008-09-22,12:16:00,1.188,0.000,236.940,5.000,0.000,0.000,18.0
2008-09-22,12:17:00,1.180,0.000,236.190,5.000,0.000,0.000,17.0
2008-09-22,12:18:00,1.178,0.000,235.870,5.000,0.000,0.000,18.0
2008-09-22,12:19:00,1.184,0.000,236.610,5.000,0.000,0.000,18.0
2008-09-22,12:20:00,1.188,0.000,236.840,5.000,0.000,0.000,18.0
2008-09-22,12:21:00,1.194,0.000,237.530,5.000,0.000,0.000,17.0
2008-09-22,12:22:00,1.206,0.000,238.740,5.000,0.000,0.000,19.0
2008-09-22,12:23:00,1.212,0.000,239.420,5.000,0.000,0.000,18.0
2008-09-22,12:24:00,1.210,0.000,239.200,5.000,0.000,0.000,18.0
2008-09-22,12:25:00,1.210,0.000,239.150,5.000,0.000,0.000,18.0
2008-09-22,12:26:00,1.208,0.000,239.040,5.000,0.000,0.000,18.0
2008-09-22,12:27:00,1.196,0.000,237.810,5.000,0.000,0.000,18.0
2008-09-22,12:28:00,1.198,0.000,237.990,5.000,0.000,0.000,18.0
2008-09-22,12:29:00,1.320,0.000,238.250,5.600,0.000,0.000,20.0
2008-09-22,12:30:00,1.790,0.094,237.660,7.400,0.000,0.000,27.0
2008-09-22,12:31:00,1.804,0.092,237.330,7.600,0.000,0.000,28.0
2008-09-22,12:32:00,1.834,0.092,237.290,7.600,0.000,0.000,29.0
2008-09-22,12:33:00,1.848,0.094,237.800,7.800,0.000,0.000,29.0
2008-09-22,12:34:00,1.846,0.088,237.310,7.800,0.000,0.000,28.0
2008-09-22,12:35:00,1.490,0.000,237.570,6.400,0.000,0.000,24.0
2008-09-22,12:36:00,1.202,0.000,238.480,5.000,0.000,0.000,18.0
2008-09-22,12:37:00,1.198,0.000,238.060,5.000,0.000,0.000,18.0
2008-09-22,12:38:00,1.208,0.000,239.030,5.000,0.000,0.000,18.0
2008-09-22,12:39:00,1.206,0.000,238.790,5.000,0.000,0.000,18.0
2008-09-22,12:40:00,1.214,0.000,239.650,5.000,0.000,0.000,18.0
2008-09-22,12:41:00,1.206,0.000,238.860,5.000,0.000,0.000,18.0
2008-09-22,12:42:00,1.204,0.000,238.580,5.000,0.000,0.000,19.0
2008-09-22,12:43:00,1.246,0.000,237.780,5.200,0.000,0.000,18.0
2008-09-22,12:44:00,1.334,0.150,238.090,5.600,0.000,0.000,18.0
2008-09-22,12:45:00,1.380,0.218,237.690,5.800,0.000,0.000,17.0
2008-09-22,12:46:00,1.380,0.222,238.220,5.800,0.000,0.000,19.0
2008-09-22,12:47:00,1.372,0.218,237.590,5.800,0.000,0.000,17.0
2008-09-22,12:48:00,1.378,0.222,238.310,5.800,0.000,0.000,18.0
2008-09-22,12:49:00,1.370,0.220,237.940,5.800,0.000,0.000,18.0
2008-09-22,12:50:00,1.374,0.222,238.520,5.800,0.000,0.000,19.0
2008-09-22,12:51:00,1.360,0.218,237.420,5.800,0.000,0.000,17.0
2008-09-22,12:52:00,1.366,0.220,238.120,5.800,0.000,0.000,18.0
2008-09-22,12:53:00,1.370,0.222,238.610,5.800,0.000,0.000,19.0
2008-09-22,12:54:00,1.372,0.224,238.890,5.800,0.000,0.000,18.0
2008-09-22,12:55:00,1.330,0.166,238.780,5.600,0.000,0.000,18.0
2008-09-22,12:56:00,1.298,0.122,238.590,5.400,0.000,0.000,18.0
2008-09-22,12:57:00,1.298,0.122,238.680,5.400,0.000,0.000,18.0
2008-09-22,12:58:00,1.298,0.122,238.620,5.400,0.000,0.000,18.0
2008-09-22,12:59:00,1.298,0.122,238.650,5.400,0.000,0.000,18.0
2008-09-22,13:00:00,1.298,0.122,238.650,5.400,0.000,0.000,18.0
2008-09-22,13:01:00,1.262,0.078,238.200,5.200,0.000,0.000,18.0
2008-09-22,13:02:00,1.200,0.000,238.160,5.000,0.000,0.000,18.0
2008-09-22,13:03:00,1.202,0.000,238.400,5.000,0.000,0.000,18.0
2008-09-22,13:04:00,1.198,0.000,237.860,5.000,0.000,0.000,18.0
2008-09-22,13:05:00,1.200,0.000,238.110,5.000,0.000,0.000,18.0
2008-09-22,13:06:00,0.470,0.000,239.200,2.800,0.000,0.000,7.0
2008-09-22,13:07:00,0.156,0.000,240.180,0.600,0.000,0.000,1.0
2008-09-22,13:08:00,0.260,0.128,240.010,1.400,0.000,0.000,1.0
2008-09-22,13:09:00,0.244,0.128,240.290,1.200,0.000,2.000,0.0
2008-09-22,13:10:00,0.244,0.128,240.150,1.200,0.000,1.000,1.0
2008-09-22,13:11:00,0.244,0.128,239.950,1.200,0.000,2.000,1.0
2008-09-22,13:12:00,0.244,0.126,239.640,1.200,0.000,1.000,0.0
2008-09-22,13:13:00,0.244,0.124,239.310,1.200,0.000,2.000,1.0
2008-09-22,13:14:00,0.244,0.126,239.620,1.200,0.000,1.000,1.0
2008-09-22,13:15:00,0.244,0.126,239.680,1.200,0.000,2.000,0.0
2008-09-22,13:16:00,0.244,0.126,240.000,1.200,0.000,1.000,1.0
2008-09-22,13:17:00,0.242,0.126,240.120,1.200,0.000,1.000,1.0
2008-09-22,13:18:00,0.242,0.128,240.200,1.200,0.000,2.000,0.0
2008-09-22,13:19:00,0.242,0.128,240.270,1.200,0.000,1.000,1.0
2008-09-22,13:20:00,0.240,0.128,240.490,1.000,0.000,2.000,1.0
2008-09-22,13:21:00,0.240,0.130,240.920,1.000,0.000,1.000,0.0
2008-09-22,13:22:00,0.238,0.128,240.280,1.000,0.000,1.000,1.0
2008-09-22,13:23:00,0.236,0.126,239.630,1.000,0.000,2.000,1.0
2008-09-22,13:24:00,0.218,0.098,239.170,1.000,0.000,1.000,0.0
2008-09-22,13:25:00,0.156,0.000,239.120,0.600,0.000,0.000,1.0
2008-09-22,13:26:00,0.156,0.000,240.280,0.600,0.000,0.000,1.0
2008-09-22,13:27:00,0.204,0.046,240.420,1.000,0.000,0.000,0.0
2008-09-22,13:28:00,0.234,0.112,240.880,1.000,0.000,0.000,1.0
2008-09-22,13:29:00,0.234,0.114,241.140,1.000,0.000,0.000,0.0
2008-09-22,13:30:00,0.236,0.114,241.300,1.000,0.000,0.000,1.0
2008-09-22,13:31:00,0.342,0.230,241.350,1.800,0.000,0.000,1.0
2008-09-22,13:32:00,0.344,0.248,241.460,1.600,0.000,0.000,0.0
2008-09-22,13:33:00,0.338,0.248,241.460,1.600,0.000,0.000,1.0
2008-09-22,13:34:00,0.336,0.246,241.310,1.600,0.000,0.000,1.0
2008-09-22,13:35:00,0.334,0.246,241.350,1.600,0.000,0.000,0.0
2008-09-22,13:36:00,0.332,0.246,241.290,1.600,0.000,0.000,1.0
2008-09-22,13:37:00,0.330,0.246,241.270,1.600,0.000,0.000,1.0
2008-09-22,13:38:00,0.328,0.246,241.340,1.600,0.000,0.000,0.0
2008-09-22,13:39:00,0.286,0.184,241.160,1.400,0.000,0.000,1.0
2008-09-22,13:40:00,0.256,0.142,240.850,1.200,0.000,0.000,1.0
2008-09-22,13:41:00,0.256,0.142,241.080,1.200,0.000,0.000,0.0
2008-09-22,13:42:00,0.254,0.140,240.450,1.200,0.000,0.000,1.0
2008-09-22,13:43:00,0.254,0.140,240.620,1.200,0.000,0.000,1.0
2008-09-22,13:44:00,0.252,0.138,240.260,1.200,0.000,0.000,0.0
2008-09-22,13:45:00,0.252,0.138,240.200,1.200,0.000,0.000,1.0
2008-09-22,13:46:00,0.252,0.138,240.270,1.200,0.000,0.000,1.0
2008-09-22,13:47:00,0.252,0.140,240.760,1.200,0.000,0.000,0.0
2008-09-22,13:48:00,0.178,0.000,240.380,0.800,0.000,0.000,1.0
2008-09-22,13:49:00,0.158,0.000,240.950,0.600,0.000,0.000,1.0
2008-09-22,13:50:00,0.158,0.000,240.520,0.600,0.000,0.000,0.0
2008-09-22,13:51:00,0.158,0.000,240.460,0.600,0.000,0.000,1.0
2008-09-22,13:52:00,0.158,0.000,240.410,0.600,0.000,0.000,1.0
2008-09-22,13:53:00,0.156,0.000,240.030,0.600,0.000,0.000,0.0
2008-09-22,13:54:00,0.156,0.000,239.920,0.600,0.000,0.000,1.0
2008-09-22,13:55:00,0.156,0.000,240.110,0.600,0.000,0.000,1.0
2008-09-22,13:56:00,0.156,0.000,239.900,0.600,0.000,0.000,0.0
2008-09-22,13:57:00,0.158,0.000,240.310,0.600,0.000,0.000,1.0
2008-09-22,13:58:00,0.156,0.000,239.700,0.600,0.000,0.000,1.0
2008-09-22,13:59:00,0.156,0.000,240.130,0.600,0.000,0.000,0.0
2008-09-22,14:00:00,0.156,0.000,239.590,0.600,0.000,0.000,1.0
2008-09-22,14:01:00,0.156,0.000,239.120,0.600,0.000,0.000,1.0
2008-09-22,14:02:00,0.154,0.000,238.680,0.600,0.000,0.000,0.0
2008-09-22,14:03:00,0.156,0.000,238.840,0.600,0.000,0.000,1.0
2008-09-22,14:04:00,0.154,0.000,238.250,0.600,0.000,0.000,1.0
2008-09-22,14:05:00,0.154,0.000,238.370,0.600,0.000,0.000,0.0
2008-09-22,14:06:00,0.154,0.000,238.360,0.600,0.000,0.000,1.0
2008-09-22,14:07:00,0.156,0.000,238.920,0.600,0.000,0.000,0.0
2008-09-22,14:08:00,0.154,0.000,238.790,0.600,0.000,0.000,1.0
2008-09-22,14:09:00,0.154,0.000,238.750,0.600,0.000,0.000,1.0
2008-09-22,14:10:00,0.154,0.000,238.420,0.600,0.000,0.000,0.0
2008-09-22,14:11:00,0.382,0.052,238.670,2.200,0.000,0.000,4.0
2008-09-22,14:12:00,0.826,0.208,238.180,3.600,0.000,0.000,10.0
2008-09-22,14:13:00,0.848,0.208,238.370,3.600,0.000,0.000,11.0
2008-09-22,14:14:00,0.876,0.212,238.810,3.800,0.000,0.000,12.0
2008-09-22,14:15:00,0.880,0.208,238.300,3.800,0.000,0.000,11.0
2008-09-22,14:16:00,0.886,0.210,238.640,3.800,0.000,0.000,12.0
2008-09-22,14:17:00,0.472,0.230,240.030,2.400,0.000,0.000,4.0
2008-09-22,14:18:00,0.338,0.242,240.460,1.600,0.000,0.000,0.0
2008-09-22,14:19:00,0.334,0.242,240.510,1.600,0.000,0.000,1.0
2008-09-22,14:20:00,0.332,0.240,240.110,1.600,0.000,0.000,1.0
2008-09-22,14:21:00,0.330,0.238,239.760,1.600,0.000,0.000,0.0
2008-09-22,14:22:00,0.328,0.240,240.030,1.600,0.000,0.000,1.0
2008-09-22,14:23:00,0.302,0.204,240.100,1.400,0.000,0.000,1.0
2008-09-22,14:24:00,0.258,0.138,240.400,1.200,0.000,0.000,0.0
2008-09-22,14:25:00,0.256,0.138,240.260,1.200,0.000,0.000,1.0
2008-09-22,14:26:00,0.254,0.136,239.560,1.200,0.000,0.000,1.0
2008-09-22,14:27:00,0.252,0.132,238.760,1.200,0.000,0.000,0.0
2008-09-22,14:28:00,0.252,0.134,239.170,1.200,0.000,0.000,1.0
2008-09-22,14:29:00,0.252,0.136,239.290,1.200,0.000,0.000,1.0
2008-09-22,14:30:00,0.252,0.136,239.360,1.200,0.000,0.000,0.0
2008-09-22,14:31:00,0.252,0.136,239.530,1.200,0.000,0.000,1.0
2008-09-22,14:32:00,0.250,0.136,239.580,1.200,0.000,0.000,1.0
2008-09-22,14:33:00,0.250,0.136,239.630,1.200,0.000,0.000,0.0
2008-09-22,14:34:00,0.192,0.056,239.920,0.800,0.000,0.000,1.0
2008-09-22,14:35:00,0.156,0.000,239.690,0.600,0.000,0.000,1.0
2008-09-22,14:36:00,0.224,0.078,239.680,1.200,0.000,0.000,0.0
2008-09-22,14:37:00,0.244,0.126,239.480,1.200,0.000,1.000,1.0
2008-09-22,14:38:00,0.242,0.126,239.510,1.200,0.000,2.000,0.0
2008-09-22,14:39:00,0.244,0.126,239.820,1.200,0.000,1.000,1.0
2008-09-22,14:40:00,0.244,0.126,239.640,1.200,0.000,2.000,1.0
2008-09-22,14:41:00,0.244,0.126,239.780,1.200,0.000,1.000,0.0
2008-09-22,14:42:00,0.244,0.124,239.230,1.200,0.000,2.000,1.0
2008-09-22,14:43:00,0.244,0.126,239.690,1.200,0.000,1.000,1.0
2008-09-22,14:44:00,0.242,0.126,239.640,1.200,0.000,1.000,0.0
2008-09-22,14:45:00,0.242,0.126,239.960,1.200,0.000,2.000,1.0
2008-09-22,14:46:00,0.242,0.128,240.280,1.200,0.000,1.000,1.0
2008-09-22,14:47:00,0.242,0.128,240.470,1.200,0.000,2.000,0.0
2008-09-22,14:48:00,0.240,0.126,239.580,1.000,0.000,1.000,1.0
2008-09-22,14:49:00,0.238,0.124,239.250,1.000,0.000,1.000,1.0
2008-09-22,14:50:00,0.238,0.124,239.370,1.000,0.000,2.000,0.0
2008-09-22,14:51:00,0.238,0.126,239.790,1.000,0.000,1.000,1.0
2008-09-22,14:52:00,0.238,0.130,240.680,1.000,0.000,1.000,1.0
2008-09-22,14:53:00,0.182,0.000,240.840,0.800,0.000,1.000,0.0
2008-09-22,14:54:00,0.158,0.000,241.110,0.600,0.000,0.000,1.0
2008-09-22,14:55:00,0.158,0.000,240.860,0.600,0.000,0.000,1.0
2008-09-22,14:56:00,0.226,0.078,241.080,1.200,0.000,0.000,0.0
2008-09-22,14:57:00,0.234,0.114,241.050,1.000,0.000,0.000,1.0
2008-09-22,14:58:00,0.236,0.114,241.040,1.000,0.000,0.000,1.0
2008-09-22,14:59:00,0.234,0.114,241.130,1.000,0.000,0.000,0.0
2008-09-22,15:00:00,0.234,0.114,241.120,1.000,0.000,0.000,1.0
2008-09-22,15:01:00,0.234,0.114,241.300,1.000,0.000,0.000,1.0
2008-09-22,15:02:00,0.232,0.114,241.180,1.000,0.000,0.000,0.0
2008-09-22,15:03:00,0.348,0.240,240.980,1.800,0.000,0.000,1.0
2008-09-22,15:04:00,0.338,0.246,241.060,1.600,0.000,0.000,1.0
2008-09-22,15:05:00,0.334,0.246,241.060,1.600,0.000,0.000,0.0
2008-09-22,15:06:00,0.332,0.244,240.650,1.600,0.000,0.000,1.0
2008-09-22,15:07:00,0.324,0.236,241.030,1.600,0.000,0.000,1.0
2008-09-22,15:08:00,0.260,0.142,241.020,1.200,0.000,0.000,0.0
2008-09-22,15:09:00,0.258,0.140,240.620,1.200,0.000,0.000,1.0
2008-09-22,15:10:00,0.258,0.142,241.350,1.200,0.000,0.000,1.0
2008-09-22,15:11:00,0.258,0.144,241.420,1.200,0.000,0.000,0.0
2008-09-22,15:12:00,0.256,0.142,241.290,1.200,0.000,0.000,1.0
2008-09-22,15:13:00,0.258,0.146,242.060,1.200,0.000,0.000,1.0
2008-09-22,15:14:00,0.256,0.148,242.410,1.200,0.000,0.000,0.0
2008-09-22,15:15:00,0.256,0.146,242.030,1.200,0.000,0.000,1.0
2008-09-22,15:16:00,0.254,0.144,241.880,1.200,0.000,0.000,1.0
2008-09-22,15:17:00,0.254,0.144,241.620,1.200,0.000,0.000,0.0
2008-09-22,15:18:00,0.254,0.144,241.780,1.200,0.000,0.000,1.0
2008-09-22,15:19:00,0.254,0.144,241.720,1.200,0.000,0.000,1.0
2008-09-22,15:20:00,0.166,0.000,241.310,0.800,0.000,0.000,0.0
2008-09-22,15:21:00,0.158,0.000,241.310,0.600,0.000,0.000,1.0
2008-09-22,15:22:00,0.158,0.000,241.760,0.600,0.000,0.000,1.0
2008-09-22,15:23:00,0.158,0.000,241.600,0.600,0.000,0.000,0.0
2008-09-22,15:24:00,0.158,0.000,241.420,0.600,0.000,0.000,1.0
2008-09-22,15:25:00,0.158,0.000,241.390,0.600,0.000,0.000,1.0
2008-09-22,15:26:00,0.158,0.000,241.490,0.600,0.000,0.000,0.0
2008-09-22,15:27:00,0.158,0.000,241.550,0.600,0.000,0.000,1.0
2008-09-22,15:28:00,0.158,0.000,241.490,0.600,0.000,0.000,1.0
2008-09-22,15:29:00,0.158,0.000,241.160,0.600,0.000,0.000,0.0
2008-09-22,15:30:00,0.158,0.000,240.890,0.600,0.000,0.000,1.0
2008-09-22,15:31:00,0.158,0.000,241.280,0.600,0.000,0.000,0.0
2008-09-22,15:32:00,0.158,0.000,240.950,0.600,0.000,0.000,1.0
2008-09-22,15:33:00,0.158,0.000,240.930,0.600,0.000,0.000,1.0
2008-09-22,15:34:00,0.158,0.000,241.130,0.600,0.000,0.000,0.0
2008-09-22,15:35:00,0.158,0.000,241.370,0.600,0.000,0.000,1.0
2008-09-22,15:36:00,0.158,0.000,241.240,0.600,0.000,0.000,1.0
2008-09-22,15:37:00,0.158,0.000,241.270,0.600,0.000,0.000,0.0
2008-09-22,15:38:00,0.158,0.000,241.520,0.600,0.000,0.000,1.0
2008-09-22,15:39:00,0.158,0.000,241.930,0.600,0.000,0.000,1.0
2008-09-22,15:40:00,0.220,0.072,241.740,1.200,0.000,0.000,0.0
2008-09-22,15:41:00,0.236,0.114,241.620,1.000,0.000,0.000,1.0
2008-09-22,15:42:00,0.236,0.114,241.660,1.000,0.000,0.000,1.0
2008-09-22,15:43:00,0.236,0.114,241.690,1.000,0.000,0.000,0.0
2008-09-22,15:44:00,0.236,0.116,242.150,1.000,0.000,0.000,1.0
2008-09-22,15:45:00,0.234,0.116,241.930,1.000,0.000,0.000,1.0
2008-09-22,15:46:00,0.232,0.114,241.720,1.000,0.000,0.000,0.0
2008-09-22,15:47:00,0.230,0.114,241.860,1.000,0.000,0.000,1.0
2008-09-22,15:48:00,0.300,0.184,241.330,1.600,0.000,0.000,1.0
2008-09-22,15:49:00,0.340,0.244,241.180,1.600,0.000,0.000,0.0
2008-09-22,15:50:00,0.336,0.248,241.620,1.600,0.000,0.000,1.0
2008-09-22,15:51:00,0.414,0.250,241.910,2.200,0.000,0.000,2.0
2008-09-22,15:52:00,0.866,0.270,241.470,3.600,0.000,0.000,10.0
2008-09-22,15:53:00,0.882,0.266,241.210,3.800,0.000,0.000,11.0
2008-09-22,15:54:00,0.912,0.270,241.460,3.800,0.000,0.000,12.0
2008-09-22,15:55:00,0.918,0.270,241.570,4.000,0.000,0.000,11.0
2008-09-22,15:56:00,0.920,0.270,241.430,4.000,0.000,0.000,12.0
2008-09-22,15:57:00,0.368,0.168,241.800,2.000,0.000,0.000,4.0
2008-09-22,15:58:00,0.258,0.146,242.020,1.200,0.000,0.000,0.0
2008-09-22,15:59:00,0.256,0.146,242.070,1.200,0.000,0.000,1.0
2008-09-22,16:00:00,0.256,0.148,242.390,1.200,0.000,0.000,0.0
2008-09-22,16:01:00,0.256,0.150,242.820,1.200,0.000,0.000,1.0
2008-09-22,16:02:00,0.256,0.148,242.600,1.200,0.000,0.000,1.0
2008-09-22,16:03:00,0.256,0.148,242.710,1.200,0.000,0.000,0.0
2008-09-22,16:04:00,0.278,0.160,242.710,1.400,0.000,0.000,1.0
2008-09-22,16:05:00,0.298,0.208,242.430,1.400,0.000,1.000,1.0
2008-09-22,16:06:00,0.248,0.136,242.440,1.200,0.000,1.000,0.0
2008-09-22,16:07:00,0.246,0.136,242.370,1.200,0.000,2.000,1.0
2008-09-22,16:08:00,0.248,0.136,242.450,1.200,0.000,1.000,1.0
2008-09-22,16:09:00,0.248,0.134,242.460,1.200,0.000,2.000,0.0
2008-09-22,16:10:00,0.246,0.134,242.050,1.200,0.000,1.000,1.0
2008-09-22,16:11:00,0.246,0.132,241.830,1.200,0.000,1.000,1.0
2008-09-22,16:12:00,0.246,0.132,241.800,1.200,0.000,2.000,0.0
2008-09-22,16:13:00,0.246,0.130,241.160,1.200,0.000,1.000,1.0
2008-09-22,16:14:00,0.244,0.130,241.070,1.200,0.000,2.000,1.0
2008-09-22,16:15:00,0.244,0.130,241.020,1.200,0.000,1.000,0.0
2008-09-22,16:16:00,0.242,0.130,241.080,1.200,0.000,2.000,1.0
2008-09-22,16:17:00,0.242,0.130,241.410,1.200,0.000,1.000,1.0
2008-09-22,16:18:00,0.240,0.130,241.390,1.000,0.000,1.000,0.0
2008-09-22,16:19:00,0.240,0.132,241.730,1.000,0.000,2.000,1.0
2008-09-22,16:20:00,0.238,0.130,241.210,1.000,0.000,1.000,1.0
2008-09-22,16:21:00,0.226,0.112,241.570,1.000,0.000,1.000,0.0
2008-09-22,16:22:00,0.160,0.000,242.640,0.600,0.000,0.000,1.0
2008-09-22,16:23:00,0.160,0.000,242.870,0.600,0.000,0.000,1.0
2008-09-22,16:24:00,0.160,0.000,243.000,0.600,0.000,0.000,0.0
2008-09-22,16:25:00,0.238,0.096,242.600,1.200,0.000,0.000,1.0
2008-09-22,16:26:00,0.236,0.116,242.080,1.000,0.000,0.000,1.0
2008-09-22,16:27:00,0.236,0.116,242.080,1.000,0.000,0.000,0.0
2008-09-22,16:28:00,0.236,0.118,242.960,1.000,0.000,0.000,1.0
2008-09-22,16:29:00,0.236,0.116,242.650,1.000,0.000,0.000,1.0
2008-09-22,16:30:00,0.234,0.116,242.660,1.000,0.000,0.000,0.0
2008-09-22,16:31:00,0.232,0.116,242.440,1.000,0.000,0.000,1.0
2008-09-22,16:32:00,0.230,0.114,241.530,1.000,0.000,0.000,1.0
2008-09-22,16:33:00,0.230,0.114,241.860,1.000,0.000,0.000,0.0
2008-09-22,16:34:00,0.324,0.212,241.420,1.600,0.000,0.000,1.0
2008-09-22,16:35:00,0.338,0.248,241.690,1.600,0.000,0.000,1.0
2008-09-22,16:36:00,0.300,0.194,241.850,1.400,0.000,0.000,0.0
2008-09-22,16:37:00,0.266,0.146,242.520,1.200,0.000,0.000,1.0
2008-09-22,16:38:00,0.266,0.150,243.110,1.200,0.000,0.000,1.0
2008-09-22,16:39:00,0.264,0.150,243.040,1.200,0.000,0.000,0.0
2008-09-22,16:40:00,0.262,0.148,242.970,1.200,0.000,0.000,1.0
2008-09-22,16:41:00,0.260,0.146,242.470,1.200,0.000,0.000,1.0
2008-09-22,16:42:00,0.260,0.146,242.450,1.200,0.000,0.000,1.0
2008-09-22,16:43:00,0.260,0.148,242.730,1.200,0.000,0.000,0.0
2008-09-22,16:44:00,0.260,0.150,243.090,1.200,0.000,0.000,1.0
2008-09-22,16:45:00,0.258,0.148,242.610,1.200,0.000,0.000,1.0
2008-09-22,16:46:00,0.254,0.142,241.220,1.200,0.000,0.000,0.0
2008-09-22,16:47:00,0.256,0.146,242.130,1.200,0.000,0.000,1.0
2008-09-22,16:48:00,0.254,0.142,241.360,1.200,0.000,0.000,1.0
2008-09-22,16:49:00,0.252,0.142,241.180,1.200,0.000,0.000,0.0
2008-09-22,16:50:00,0.252,0.144,241.510,1.200,0.000,0.000,1.0
2008-09-22,16:51:00,0.174,0.000,241.370,0.800,0.000,0.000,0.0
2008-09-22,16:52:00,0.158,0.000,242.050,0.600,0.000,0.000,1.0
2008-09-22,16:53:00,0.158,0.000,241.560,0.600,0.000,0.000,1.0
2008-09-22,16:54:00,0.158,0.000,241.160,0.600,0.000,0.000,0.0
2008-09-22,16:55:00,0.158,0.000,241.650,0.600,0.000,0.000,1.0
2008-09-22,16:56:00,0.158,0.000,241.130,0.600,0.000,0.000,1.0
2008-09-22,16:57:00,0.158,0.000,240.990,0.600,0.000,0.000,0.0
2008-09-22,16:58:00,0.158,0.000,241.080,0.600,0.000,0.000,1.0
2008-09-22,16:59:00,0.158,0.000,241.250,0.600,0.000,0.000,1.0
2008-09-22,17:00:00,0.158,0.000,241.000,0.600,0.000,0.000,0.0
2008-09-22,17:01:00,0.158,0.000,240.990,0.600,0.000,0.000,1.0
2008-09-22,17:02:00,0.158,0.000,241.070,0.600,0.000,0.000,1.0
2008-09-22,17:03:00,0.158,0.000,241.510,0.600,0.000,0.000,0.0
2008-09-22,17:04:00,0.158,0.000,241.910,0.600,0.000,0.000,1.0
2008-09-22,17:05:00,0.158,0.000,241.810,0.600,0.000,0.000,1.0
2008-09-22,17:06:00,0.158,0.000,241.440,0.600,0.000,0.000,0.0
2008-09-22,17:07:00,0.158,0.000,241.640,0.600,0.000,0.000,1.0
2008-09-22,17:08:00,0.158,0.000,242.130,0.600,0.000,0.000,1.0
2008-09-22,17:09:00,0.232,0.086,242.210,1.200,0.000,0.000,0.0
2008-09-22,17:10:00,0.236,0.116,242.200,1.000,0.000,0.000,1.0
2008-09-22,17:11:00,0.236,0.114,241.680,1.000,0.000,0.000,1.0
2008-09-22,17:12:00,0.236,0.114,241.490,1.000,0.000,0.000,0.0
2008-09-22,17:13:00,0.234,0.114,241.290,1.000,0.000,0.000,1.0
2008-09-22,17:14:00,0.232,0.114,241.720,1.000,0.000,0.000,1.0
2008-09-22,17:15:00,0.230,0.114,241.710,1.000,0.000,0.000,0.0
2008-09-22,17:16:00,0.230,0.114,241.470,1.000,0.000,0.000,1.0
2008-09-22,17:17:00,0.230,0.114,241.450,1.000,0.000,0.000,1.0
2008-09-22,17:18:00,0.230,0.114,241.790,1.000,0.000,0.000,0.0
2008-09-22,17:19:00,0.294,0.142,241.760,1.400,0.000,0.000,1.0
2008-09-22,17:20:00,0.342,0.202,242.410,1.600,0.000,0.000,1.0
2008-09-22,17:21:00,0.302,0.148,242.760,1.400,0.000,0.000,0.0
2008-09-22,17:22:00,0.300,0.152,243.740,1.400,0.000,0.000,1.0
2008-09-22,17:23:00,0.298,0.152,243.740,1.400,0.000,0.000,1.0
2008-09-22,17:24:00,0.296,0.150,243.440,1.400,0.000,0.000,0.0
2008-09-22,17:25:00,0.294,0.152,243.630,1.400,0.000,0.000,1.0
2008-09-22,17:26:00,0.290,0.148,242.900,1.400,0.000,0.000,1.0
2008-09-22,17:27:00,0.696,0.238,242.470,3.200,0.000,0.000,7.0
2008-09-22,17:28:00,0.902,0.278,242.500,3.800,0.000,0.000,10.0
2008-09-22,17:29:00,0.928,0.278,242.490,4.000,0.000,0.000,12.0
2008-09-22,17:30:00,0.946,0.278,242.520,4.000,0.000,0.000,11.0
2008-09-22,17:31:00,0.950,0.268,241.640,4.000,0.000,0.000,12.0
2008-09-22,17:32:00,0.762,0.234,241.880,3.400,0.000,0.000,10.0
2008-09-22,17:33:00,0.328,0.190,242.610,1.600,0.000,0.000,0.0
2008-09-22,17:34:00,0.368,0.272,242.500,1.800,0.000,1.000,1.0
2008-09-22,17:35:00,0.368,0.274,242.660,1.800,0.000,2.000,1.0
2008-09-22,17:36:00,0.360,0.266,242.710,1.800,0.000,1.000,0.0
2008-09-22,17:37:00,0.282,0.140,243.180,1.200,0.000,2.000,1.0
2008-09-22,17:38:00,0.276,0.138,243.000,1.200,0.000,1.000,1.0
2008-09-22,17:39:00,0.274,0.140,243.630,1.200,0.000,2.000,0.0
2008-09-22,17:40:00,0.272,0.138,242.770,1.200,0.000,1.000,1.0
2008-09-22,17:41:00,0.272,0.138,242.970,1.200,0.000,2.000,1.0
2008-09-22,17:42:00,0.270,0.138,243.000,1.200,0.000,1.000,0.0
2008-09-22,17:43:00,0.270,0.140,243.430,1.200,0.000,1.000,1.0
2008-09-22,17:44:00,0.246,0.140,243.560,1.200,0.000,2.000,1.0
2008-09-22,17:45:00,0.246,0.140,243.660,1.200,0.000,1.000,0.0
2008-09-22,17:46:00,0.246,0.140,243.990,1.200,0.000,2.000,1.0
2008-09-22,17:47:00,0.244,0.140,243.840,1.200,0.000,1.000,1.0
2008-09-22,17:48:00,0.244,0.140,243.770,1.200,0.000,1.000,0.0
2008-09-22,17:49:00,0.242,0.140,243.740,1.200,0.000,2.000,1.0
2008-09-22,17:50:00,0.214,0.096,243.980,1.000,0.000,1.000,1.0
2008-09-22,17:51:00,0.232,0.088,243.320,1.200,0.000,0.000,0.0
2008-09-22,17:52:00,0.238,0.116,242.420,1.000,0.000,0.000,1.0
2008-09-22,17:53:00,0.236,0.116,242.240,1.000,0.000,0.000,1.0
2008-09-22,17:54:00,0.236,0.118,242.590,1.000,0.000,0.000,0.0
2008-09-22,17:55:00,0.234,0.116,242.220,1.000,0.000,0.000,1.0
2008-09-22,17:56:00,0.232,0.116,242.220,1.000,0.000,0.000,1.0
2008-09-22,17:57:00,0.232,0.118,242.370,1.000,0.000,0.000,0.0
2008-09-22,17:58:00,0.230,0.118,242.510,1.000,0.000,0.000,1.0
2008-09-22,17:59:00,0.230,0.118,242.930,1.000,0.000,0.000,1.0
2008-09-22,18:00:00,0.230,0.118,242.670,1.000,0.000,0.000,0.0
2008-09-22,18:01:00,0.228,0.118,242.430,1.000,0.000,0.000,1.0
2008-09-22,18:02:00,0.228,0.118,242.750,1.000,0.000,0.000,1.0
2008-09-22,18:03:00,0.164,0.000,242.660,0.800,0.000,0.000,0.0
2008-09-22,18:04:00,0.158,0.000,242.190,0.600,0.000,0.000,1.0
2008-09-22,18:05:00,0.226,0.080,242.020,1.200,0.000,0.000,1.0
2008-09-22,18:06:00,0.270,0.146,242.140,1.200,0.000,0.000,0.0
2008-09-22,18:07:00,0.266,0.146,242.040,1.200,0.000,0.000,1.0
2008-09-22,18:08:00,0.264,0.144,241.690,1.200,0.000,0.000,1.0
2008-09-22,18:09:00,0.264,0.146,241.890,1.200,0.000,0.000,0.0
2008-09-22,18:10:00,0.260,0.142,240.910,1.200,0.000,0.000,1.0
2008-09-22,18:11:00,0.260,0.144,241.340,1.200,0.000,0.000,1.0
2008-09-22,18:12:00,0.258,0.144,241.470,1.200,0.000,0.000,0.0
2008-09-22,18:13:00,0.258,0.144,241.310,1.200,0.000,0.000,1.0
2008-09-22,18:14:00,0.256,0.144,241.480,1.200,0.000,0.000,1.0
2008-09-22,18:15:00,0.256,0.144,241.620,1.200,0.000,0.000,0.0
2008-09-22,18:16:00,0.254,0.144,241.660,1.200,0.000,0.000,1.0
2008-09-22,18:17:00,0.254,0.144,241.280,1.200,0.000,0.000,1.0
2008-09-22,18:18:00,0.254,0.146,241.740,1.200,0.000,0.000,0.0
2008-09-22,18:19:00,0.254,0.146,241.870,1.200,0.000,0.000,1.0
2008-09-22,18:20:00,0.254,0.146,242.060,1.200,0.000,0.000,1.0
2008-09-22,18:21:00,0.336,0.212,242.040,1.800,0.000,0.000,0.0
2008-09-22,18:22:00,0.546,0.292,241.740,2.600,0.000,0.000,1.0
2008-09-22,18:23:00,0.492,0.192,241.230,2.200,0.000,0.000,1.0
2008-09-22,18:24:00,0.300,0.000,241.460,1.200,0.000,0.000,0.0
2008-09-22,18:25:00,0.192,0.000,241.450,0.800,0.000,0.000,1.0
2008-09-22,18:26:00,0.190,0.000,241.360,0.800,0.000,0.000,1.0
2008-09-22,18:27:00,0.190,0.000,242.040,0.800,0.000,0.000,0.0
2008-09-22,18:28:00,0.190,0.000,242.010,0.800,0.000,0.000,1.0
2008-09-22,18:29:00,0.190,0.000,242.030,0.800,0.000,0.000,1.0
2008-09-22,18:30:00,0.190,0.000,242.130,0.800,0.000,0.000,0.0
2008-09-22,18:31:00,0.190,0.000,242.680,0.800,0.000,0.000,1.0
2008-09-22,18:32:00,0.190,0.000,242.440,0.800,0.000,0.000,1.0
2008-09-22,18:33:00,0.190,0.000,242.820,0.800,0.000,0.000,0.0
2008-09-22,18:34:00,0.190,0.000,242.220,0.800,0.000,0.000,1.0
2008-09-22,18:35:00,0.190,0.000,242.820,0.800,0.000,0.000,1.0
2008-09-22,18:36:00,0.276,0.110,242.630,1.400,0.000,0.000,0.0
2008-09-22,18:37:00,0.268,0.122,242.690,1.200,0.000,0.000,1.0
2008-09-22,18:38:00,0.270,0.124,243.440,1.200,0.000,0.000,1.0
2008-09-22,18:39:00,0.264,0.126,244.030,1.200,0.000,0.000,0.0
2008-09-22,18:40:00,0.258,0.126,243.600,1.200,0.000,0.000,1.0
2008-09-22,18:41:00,0.258,0.126,243.510,1.200,0.000,0.000,1.0
2008-09-22,18:42:00,0.258,0.126,243.990,1.200,0.000,0.000,0.0
2008-09-22,18:43:00,0.256,0.126,243.750,1.200,0.000,0.000,1.0
2008-09-22,18:44:00,0.252,0.118,243.040,1.200,0.000,0.000,1.0
2008-09-22,18:45:00,0.256,0.118,243.750,1.200,0.000,0.000,1.0
2008-09-22,18:46:00,0.248,0.114,242.360,1.000,0.000,0.000,0.0
2008-09-22,18:47:00,0.214,0.064,242.450,1.000,0.000,0.000,1.0
2008-09-22,18:48:00,0.176,0.000,242.490,0.800,0.000,0.000,1.0
2008-09-22,18:49:00,0.176,0.000,242.790,0.800,0.000,0.000,0.0
2008-09-22,18:50:00,0.176,0.000,242.620,0.800,0.000,0.000,1.0
2008-09-22,18:51:00,0.218,0.000,242.380,1.000,0.000,0.000,1.0
2008-09-22,18:52:00,0.288,0.144,242.640,1.200,0.000,0.000,0.0
2008-09-22,18:53:00,0.286,0.144,242.710,1.200,0.000,0.000,1.0
2008-09-22,18:54:00,0.286,0.144,242.730,1.200,0.000,0.000,1.0
2008-09-22,18:55:00,0.284,0.146,243.170,1.200,0.000,0.000,0.0
2008-09-22,18:56:00,0.284,0.146,243.460,1.200,0.000,0.000,1.0
2008-09-22,18:57:00,0.282,0.146,243.360,1.200,0.000,0.000,1.0
2008-09-22,18:58:00,0.280,0.146,243.180,1.200,0.000,0.000,0.0
2008-09-22,18:59:00,0.278,0.142,242.520,1.200,0.000,0.000,1.0
2008-09-22,19:00:00,0.350,0.160,242.300,1.800,0.000,0.000,1.0
2008-09-22,19:01:00,0.878,0.262,241.160,3.800,0.000,0.000,11.0
2008-09-22,19:02:00,0.960,0.338,241.480,4.200,0.000,0.000,11.0
2008-09-22,19:03:00,1.012,0.388,241.450,4.400,0.000,1.000,11.0
2008-09-22,19:04:00,1.016,0.388,241.470,4.400,0.000,2.000,12.0
2008-09-22,19:05:00,1.022,0.390,241.650,4.400,0.000,1.000,12.0
2008-09-22,19:06:00,0.418,0.276,241.830,2.200,0.000,1.000,2.0
2008-09-22,19:07:00,0.358,0.266,241.960,1.800,0.000,2.000,1.0
2008-09-22,19:08:00,0.348,0.252,242.120,1.800,0.000,1.000,1.0
2008-09-22,19:09:00,0.264,0.134,242.610,1.200,0.000,2.000,0.0
2008-09-22,19:10:00,0.264,0.134,242.820,1.200,0.000,1.000,1.0
2008-09-22,19:11:00,0.264,0.132,242.340,1.200,0.000,2.000,1.0
2008-09-22,19:12:00,0.262,0.128,241.470,1.200,0.000,1.000,0.0
2008-09-22,19:13:00,0.262,0.128,241.390,1.200,0.000,2.000,1.0
2008-09-22,19:14:00,0.260,0.124,240.530,1.200,0.000,1.000,1.0
2008-09-22,19:15:00,0.258,0.124,240.780,1.200,0.000,1.000,0.0
2008-09-22,19:16:00,0.258,0.126,240.770,1.200,0.000,2.000,1.0
2008-09-22,19:17:00,0.256,0.128,241.440,1.200,0.000,1.000,1.0
2008-09-22,19:18:00,0.356,0.126,241.210,1.600,0.000,1.000,0.0
2008-09-22,19:19:00,0.604,0.118,240.040,2.600,0.000,1.000,1.0
2008-09-22,19:20:00,0.812,0.210,239.820,3.600,0.000,0.000,1.0
2008-09-22,19:21:00,0.884,0.262,239.900,3.800,0.000,1.000,0.0
2008-09-22,19:22:00,0.620,0.258,239.940,2.800,0.000,0.000,1.0
2008-09-22,19:23:00,2.912,0.230,237.850,12.400,0.000,32.000,0.0
2008-09-22,19:24:00,3.072,0.228,237.420,12.800,0.000,38.000,1.0
2008-09-22,19:25:00,5.394,0.208,234.630,23.200,0.000,37.000,1.0
2008-09-22,19:26:00,5.636,0.202,233.200,24.000,0.000,36.000,0.0
2008-09-22,19:27:00,3.702,0.214,234.890,16.400,0.000,37.000,1.0
2008-09-22,19:28:00,3.030,0.208,233.940,13.000,0.000,36.000,1.0
2008-09-22,19:29:00,3.100,0.206,234.100,13.200,0.000,37.000,0.0
2008-09-22,19:30:00,3.152,0.254,234.180,13.400,0.000,37.000,1.0
2008-09-22,19:31:00,3.164,0.330,234.340,13.400,0.000,37.000,0.0
2008-09-22,19:32:00,2.446,0.342,236.100,11.200,0.000,28.000,1.0
2008-09-22,19:33:00,0.968,0.358,238.240,4.200,0.000,1.000,1.0
2008-09-22,19:34:00,2.300,0.312,237.060,10.600,0.000,21.000,0.0
2008-09-22,19:35:00,1.230,0.292,237.700,6.200,0.000,10.000,1.0
2008-09-22,19:36:00,0.856,0.300,238.720,3.800,0.000,0.000,1.0
2008-09-22,19:37:00,0.632,0.140,239.240,2.600,0.000,1.000,0.0
2008-09-22,19:38:00,0.652,0.118,239.200,2.800,0.000,1.000,1.0
2008-09-22,19:39:00,0.680,0.112,238.700,2.800,0.000,1.000,1.0
2008-09-22,19:40:00,0.680,0.112,238.310,2.800,0.000,1.000,0.0
2008-09-22,19:41:00,0.674,0.132,238.350,2.800,0.000,2.000,1.0
2008-09-22,19:42:00,0.656,0.158,238.210,2.800,0.000,1.000,1.0
2008-09-22,19:43:00,0.648,0.154,238.590,2.800,0.000,1.000,0.0
2008-09-22,19:44:00,0.624,0.122,239.790,2.600,0.000,0.000,1.0
2008-09-22,19:45:00,1.604,0.354,239.310,7.800,0.000,1.000,1.0
2008-09-22,19:46:00,0.674,0.118,240.610,2.800,0.000,1.000,0.0
2008-09-22,19:47:00,0.674,0.118,240.360,2.800,0.000,1.000,1.0
2008-09-22,19:48:00,0.592,0.000,241.060,2.400,0.000,1.000,1.0
2008-09-22,19:49:00,0.636,0.000,240.710,2.600,0.000,2.000,0.0
2008-09-22,19:50:00,0.862,0.078,240.390,3.600,0.000,6.000,1.0
2008-09-22,19:51:00,0.840,0.070,240.340,3.400,0.000,6.000,1.0
2008-09-22,19:52:00,1.174,0.168,240.460,5.800,0.000,5.000,0.0
2008-09-22,19:53:00,0.834,0.070,240.230,3.400,0.000,6.000,1.0
2008-09-22,19:54:00,0.594,0.000,240.500,2.400,0.000,2.000,0.0
2008-09-22,19:55:00,0.514,0.000,240.340,2.000,0.000,0.000,1.0
2008-09-22,19:56:00,0.550,0.000,239.570,2.200,0.000,0.000,1.0
2008-09-22,19:57:00,0.504,0.000,238.950,2.000,0.000,0.000,0.0
2008-09-22,19:58:00,0.504,0.000,238.970,2.000,0.000,0.000,1.0
2008-09-22,19:59:00,0.506,0.000,239.420,2.000,0.000,0.000,1.0
2008-09-22,20:00:00,0.506,0.000,239.350,2.000,0.000,0.000,0.0
2008-09-22,20:01:00,0.510,0.000,240.140,2.000,0.000,0.000,1.0
2008-09-22,20:02:00,0.498,0.000,240.280,2.000,0.000,0.000,1.0
2008-09-22,20:03:00,0.488,0.000,238.630,2.000,0.000,0.000,0.0
2008-09-22,20:04:00,0.778,0.060,236.670,3.400,0.000,0.000,1.0
2008-09-22,20:05:00,1.906,0.110,234.410,8.400,0.000,0.000,15.0
2008-09-22,20:06:00,2.314,0.118,234.200,9.800,0.000,0.000,18.0
2008-09-22,20:07:00,2.174,0.080,234.390,9.200,0.000,0.000,18.0
2008-09-22,20:08:00,2.446,0.212,233.820,10.600,0.000,0.000,17.0
2008-09-22,20:09:00,4.992,0.218,230.910,21.800,2.000,32.000,18.0
2008-09-22,20:10:00,4.302,0.244,231.800,19.000,1.000,31.000,17.0
2008-09-22,20:11:00,4.670,0.216,231.640,20.200,1.000,30.000,17.0
2008-09-22,20:12:00,4.508,0.222,232.180,19.600,1.000,33.000,17.0
2008-09-22,20:13:00,4.366,0.210,232.630,19.000,1.000,28.000,17.0
2008-09-22,20:14:00,5.092,0.254,231.830,22.000,2.000,35.000,17.0
2008-09-22,20:15:00,6.014,0.226,230.960,26.600,1.000,47.000,17.0
2008-09-22,20:16:00,6.646,0.212,230.750,28.800,1.000,68.000,17.0
2008-09-22,20:17:00,6.612,0.196,231.050,28.600,1.000,69.000,17.0
2008-09-22,20:18:00,6.610,0.212,230.830,28.600,1.000,69.000,17.0
2008-09-22,20:19:00,6.680,0.174,232.620,28.600,1.000,70.000,18.0
2008-09-22,20:20:00,6.684,0.128,233.230,28.600,2.000,71.000,17.0
2008-09-22,20:21:00,6.706,0.108,233.990,28.600,1.000,70.000,17.0
2008-09-22,20:22:00,6.738,0.128,234.380,28.600,1.000,71.000,18.0
2008-09-22,20:23:00,5.980,0.122,236.440,25.600,1.000,61.000,18.0
2008-09-22,20:24:00,4.702,0.148,237.090,19.800,2.000,37.000,17.0
2008-09-22,20:25:00,6.196,0.120,234.530,26.600,1.000,59.000,18.0
2008-09-22,20:26:00,4.674,0.212,235.090,20.000,0.000,40.000,17.0
2008-09-22,20:27:00,4.622,0.254,235.190,19.600,2.000,37.000,18.0
2008-09-22,20:28:00,3.942,0.298,235.840,17.000,5.000,18.000,18.0
2008-09-22,20:29:00,6.470,0.222,233.190,27.800,36.000,34.000,17.0
2008-09-22,20:30:00,6.704,0.232,233.110,28.600,37.000,37.000,17.0
2008-09-22,20:31:00,6.088,0.158,233.480,26.000,36.000,30.000,19.0
2008-09-22,20:32:00,6.270,0.224,233.140,27.000,37.000,22.000,27.0
2008-09-22,20:33:00,7.318,0.254,231.750,31.600,35.000,37.000,28.0
2008-09-22,20:34:00,6.872,0.288,231.940,29.600,36.000,27.000,28.0
2008-09-22,20:35:00,6.836,0.234,232.090,29.400,36.000,23.000,28.0
2008-09-22,20:36:00,6.972,0.148,231.440,30.000,36.000,36.000,28.0
2008-09-22,20:37:00,5.316,0.122,232.990,22.800,36.000,10.000,27.0
2008-09-22,20:38:00,5.128,0.070,233.740,22.000,37.000,12.000,18.0
2008-09-22,20:39:00,5.908,0.050,233.470,25.400,36.000,26.000,17.0
2008-09-22,20:40:00,5.770,0.112,232.720,25.000,25.000,38.000,17.0
2008-09-22,20:41:00,4.358,0.152,232.870,18.800,2.000,37.000,17.0
2008-09-22,20:42:00,2.844,0.178,235.140,12.000,1.000,12.000,18.0
2008-09-22,20:43:00,3.410,0.154,235.170,14.400,1.000,19.000,18.0
2008-09-22,20:44:00,3.854,0.156,234.230,16.800,1.000,26.000,17.0
2008-09-22,20:45:00,4.412,0.104,233.640,18.800,2.000,37.000,17.0
2008-09-22,20:46:00,3.868,0.076,234.160,16.800,1.000,28.000,18.0
2008-09-22,20:47:00,2.796,0.082,235.660,12.000,1.000,12.000,17.0
2008-09-22,20:48:00,2.720,0.096,236.600,11.600,1.000,8.000,18.0
2008-09-22,20:49:00,3.606,0.046,235.770,15.400,1.000,21.000,18.0
2008-09-22,20:50:00,3.810,0.000,234.840,16.600,1.000,27.000,17.0
2008-09-22,20:51:00,3.894,0.000,234.820,16.600,2.000,30.000,18.0
2008-09-22,20:52:00,2.412,0.000,237.070,10.200,1.000,4.000,18.0
2008-09-22,20:53:00,2.508,0.046,237.330,10.600,1.000,3.000,18.0
2008-09-22,20:54:00,2.490,0.088,237.380,10.400,1.000,3.000,18.0
2008-09-22,20:55:00,2.510,0.078,237.100,10.600,1.000,4.000,17.0
2008-09-22,20:56:00,2.462,0.082,235.640,10.400,2.000,3.000,18.0
2008-09-22,20:57:00,2.488,0.074,235.850,10.400,1.000,3.000,18.0
2008-09-22,20:58:00,2.482,0.088,236.740,10.400,1.000,4.000,18.0
2008-09-22,20:59:00,2.542,0.082,237.330,10.600,1.000,3.000,17.0
2008-09-22,21:00:00,2.462,0.106,237.190,10.600,1.000,2.000,13.0
2008-09-22,21:01:00,1.832,0.138,238.150,7.600,2.000,0.000,0.0
2008-09-22,21:02:00,1.896,0.220,238.570,8.000,1.000,0.000,1.0
2008-09-22,21:03:00,1.864,0.212,237.530,7.800,1.000,0.000,0.0
2008-09-22,21:04:00,1.886,0.216,238.300,8.000,1.000,0.000,1.0
2008-09-22,21:05:00,1.796,0.110,237.730,7.600,1.000,0.000,1.0
2008-09-22,21:06:00,1.814,0.116,237.940,7.600,2.000,1.000,0.0
2008-09-22,21:07:00,1.792,0.110,237.630,7.600,1.000,0.000,1.0
2008-09-22,21:08:00,1.810,0.116,237.780,7.600,1.000,0.000,1.0
2008-09-22,21:09:00,1.796,0.112,238.330,7.600,1.000,0.000,0.0
2008-09-22,21:10:00,1.814,0.116,238.060,7.600,1.000,0.000,1.0
2008-09-22,21:11:00,1.804,0.114,237.780,7.600,2.000,0.000,1.0
2008-09-22,21:12:00,1.800,0.116,238.450,7.600,1.000,1.000,0.0
2008-09-22,21:13:00,1.814,0.120,238.840,7.600,1.000,0.000,1.0
2008-09-22,21:14:00,1.798,0.116,239.060,7.400,1.000,0.000,1.0
2008-09-22,21:15:00,1.812,0.120,238.890,7.600,1.000,0.000,0.0
2008-09-22,21:16:00,1.360,0.076,239.630,5.600,2.000,0.000,1.0
2008-09-22,21:17:00,1.314,0.076,239.830,5.400,1.000,0.000,1.0
2008-09-22,21:18:00,1.296,0.070,239.600,5.400,1.000,0.000,0.0
2008-09-22,21:19:00,1.314,0.076,239.890,5.400,1.000,1.000,1.0
2008-09-22,21:20:00,1.302,0.072,240.310,5.400,1.000,0.000,1.0
2008-09-22,21:21:00,1.316,0.078,240.500,5.400,2.000,0.000,0.0
2008-09-22,21:22:00,1.310,0.074,240.760,5.400,1.000,0.000,1.0
2008-09-22,21:23:00,1.282,0.076,240.770,5.200,1.000,0.000,1.0
2008-09-22,21:24:00,1.190,0.000,240.700,5.000,1.000,0.000,0.0
2008-09-22,21:25:00,1.190,0.054,240.920,5.000,2.000,1.000,1.0
2008-09-22,21:26:00,1.174,0.060,240.870,4.800,1.000,0.000,1.0
2008-09-22,21:27:00,1.192,0.054,240.970,5.000,1.000,0.000,0.0
2008-09-22,21:28:00,1.178,0.058,241.400,4.800,1.000,0.000,1.0
2008-09-22,21:29:00,1.196,0.054,241.340,5.000,1.000,0.000,1.0
2008-09-22,21:30:00,1.180,0.058,241.580,4.800,2.000,0.000,0.0
2008-09-22,21:31:00,1.188,0.054,240.620,5.000,1.000,1.000,1.0
2008-09-22,21:32:00,1.176,0.046,240.600,4.800,1.000,0.000,0.0
2008-09-22,21:33:00,1.122,0.000,240.780,4.600,1.000,0.000,1.0
2008-09-22,21:34:00,0.988,0.000,241.640,4.000,1.000,0.000,1.0
2008-09-22,21:35:00,1.032,0.000,241.200,4.200,0.000,0.000,0.0
2008-09-22,21:36:00,1.226,0.056,240.460,5.000,0.000,0.000,1.0
2008-09-22,21:37:00,1.270,0.000,240.300,5.200,1.000,1.000,1.0
2008-09-22,21:38:00,1.266,0.000,239.960,5.200,1.000,0.000,0.0
2008-09-22,21:39:00,1.394,0.000,240.490,5.800,1.000,0.000,1.0
2008-09-22,21:40:00,1.374,0.046,240.010,5.600,2.000,0.000,1.0
2008-09-22,21:41:00,1.376,0.000,239.920,5.600,1.000,0.000,0.0
2008-09-22,21:42:00,1.380,0.000,240.050,5.800,1.000,0.000,1.0
2008-09-22,21:43:00,1.132,0.000,239.080,4.800,1.000,0.000,1.0
2008-09-22,21:44:00,1.084,0.046,239.210,4.400,1.000,1.000,0.0
2008-09-22,21:45:00,1.016,0.070,239.030,4.200,2.000,0.000,1.0
2008-09-22,21:46:00,0.998,0.110,239.870,4.200,0.000,0.000,1.0
2008-09-22,21:47:00,0.990,0.104,240.180,4.000,1.000,0.000,0.0
2008-09-22,21:48:00,1.000,0.104,240.200,4.200,0.000,0.000,1.0
2008-09-22,21:49:00,1.024,0.084,240.410,4.200,2.000,0.000,1.0
2008-09-22,21:50:00,3.148,0.000,238.280,13.200,34.000,1.000,0.0
2008-09-22,21:51:00,3.144,0.000,238.560,13.000,38.000,0.000,1.0
2008-09-22,21:52:00,3.172,0.000,239.110,13.200,38.000,0.000,1.0
2008-09-22,21:53:00,3.200,0.000,239.290,13.400,38.000,1.000,0.0
2008-09-22,21:54:00,3.264,0.082,239.560,13.600,38.000,1.000,1.0
2008-09-22,21:55:00,3.242,0.078,239.540,13.400,38.000,2.000,1.0
2008-09-22,21:56:00,3.242,0.080,238.740,13.600,37.000,2.000,0.0
2008-09-22,21:57:00,3.240,0.076,239.140,13.400,38.000,1.000,1.0
2008-09-22,21:58:00,3.250,0.080,239.160,13.600,38.000,2.000,1.0
2008-09-22,21:59:00,3.244,0.084,239.110,13.400,38.000,2.000,0.0
2008-09-22,22:00:00,3.946,0.306,238.280,16.600,37.000,5.000,8.0
2008-09-22,22:01:00,4.122,0.370,238.000,17.400,38.000,4.000,11.0
2008-09-22,22:02:00,3.778,0.394,238.960,16.200,33.000,5.000,11.0
2008-09-22,22:03:00,1.944,0.406,240.830,8.200,0.000,5.000,12.0
2008-09-22,22:04:00,1.946,0.414,240.730,8.200,0.000,5.000,12.0
2008-09-22,22:05:00,1.782,0.376,241.120,7.600,0.000,4.000,10.0
2008-09-22,22:06:00,1.254,0.296,241.000,5.200,1.000,5.000,0.0
2008-09-22,22:07:00,1.228,0.264,240.670,5.200,0.000,5.000,1.0
2008-09-22,22:08:00,1.028,0.192,240.850,4.200,0.000,1.000,1.0
2008-09-22,22:09:00,1.042,0.196,240.970,4.400,0.000,2.000,0.0
2008-09-22,22:10:00,1.022,0.190,240.900,4.200,0.000,1.000,1.0
2008-09-22,22:11:00,1.040,0.196,241.140,4.400,0.000,2.000,1.0
2008-09-22,22:12:00,0.980,0.120,241.350,4.000,0.000,1.000,0.0
2008-09-22,22:13:00,0.966,0.076,241.530,4.000,0.000,0.000,1.0
2008-09-22,22:14:00,0.946,0.070,241.180,3.800,0.000,0.000,1.0
2008-09-22,22:15:00,0.964,0.074,241.080,4.000,0.000,0.000,0.0
2008-09-22,22:16:00,0.940,0.070,240.890,3.800,0.000,0.000,1.0
2008-09-22,22:17:00,0.960,0.074,240.970,4.000,0.000,0.000,1.0
2008-09-22,22:18:00,0.950,0.074,242.520,3.800,0.000,0.000,0.0
2008-09-22,22:19:00,0.968,0.078,242.670,4.000,0.000,1.000,1.0
2008-09-22,22:20:00,0.950,0.076,242.970,3.800,0.000,0.000,1.0
2008-09-22,22:21:00,0.972,0.080,243.090,4.000,0.000,0.000,0.0
2008-09-22,22:22:00,0.954,0.076,243.330,3.800,0.000,0.000,1.0
2008-09-22,22:23:00,0.920,0.000,243.030,3.800,0.000,0.000,1.0
2008-09-22,22:24:00,0.864,0.060,243.010,3.600,0.000,0.000,0.0
2008-09-22,22:25:00,0.932,0.000,242.810,3.800,0.000,1.000,1.0
2008-09-22,22:26:00,0.934,0.000,242.690,3.800,0.000,0.000,1.0
2008-09-22,22:27:00,0.950,0.048,242.310,4.000,0.000,0.000,0.0
2008-09-22,22:28:00,0.932,0.000,242.020,3.800,0.000,0.000,1.0
2008-09-22,22:29:00,0.950,0.046,241.860,4.000,0.000,0.000,1.0
2008-09-22,22:30:00,0.930,0.000,242.210,3.800,0.000,0.000,0.0
2008-09-22,22:31:00,0.946,0.048,242.140,3.800,0.000,1.000,1.0
2008-09-22,22:32:00,0.928,0.000,242.170,3.800,0.000,0.000,1.0
2008-09-22,22:33:00,0.944,0.048,242.320,3.800,0.000,0.000,0.0
2008-09-22,22:34:00,0.928,0.000,242.850,3.800,0.000,0.000,1.0
2008-09-22,22:35:00,0.946,0.050,243.180,3.800,0.000,0.000,1.0
2008-09-22,22:36:00,0.944,0.052,243.440,3.800,0.000,0.000,0.0
2008-09-22,22:37:00,0.910,0.000,243.500,3.800,0.000,1.000,1.0
2008-09-22,22:38:00,0.876,0.054,243.260,3.600,0.000,0.000,1.0
2008-09-22,22:39:00,0.784,0.000,243.180,3.200,0.000,0.000,1.0
2008-09-22,22:40:00,0.784,0.000,243.150,3.200,0.000,0.000,0.0
2008-09-22,22:41:00,0.826,0.000,243.430,3.400,0.000,0.000,1.0
2008-09-22,22:42:00,0.828,0.000,243.490,3.400,0.000,0.000,1.0
2008-09-22,22:43:00,0.766,0.000,243.600,3.000,0.000,0.000,0.0
2008-09-22,22:44:00,0.768,0.000,243.370,3.200,0.000,1.000,1.0
2008-09-22,22:45:00,0.720,0.000,242.930,3.000,0.000,0.000,1.0
2008-09-22,22:46:00,0.742,0.000,243.960,3.000,0.000,0.000,0.0
2008-09-22,22:47:00,0.728,0.000,244.650,3.000,0.000,0.000,1.0
2008-09-22,22:48:00,0.744,0.000,244.360,3.000,0.000,0.000,1.0
2008-09-22,22:49:00,0.728,0.000,244.550,3.000,0.000,0.000,0.0
2008-09-22,22:50:00,0.744,0.000,244.430,3.000,0.000,1.000,1.0
2008-09-22,22:51:00,0.848,0.000,244.480,3.600,0.000,0.000,1.0
2008-09-22,22:52:00,1.372,0.000,243.780,5.600,0.000,0.000,0.0
2008-09-22,22:53:00,1.418,0.000,243.580,5.800,0.000,0.000,1.0
2008-09-22,22:54:00,1.378,0.000,243.580,5.600,0.000,0.000,1.0
2008-09-22,22:55:00,0.990,0.000,243.720,4.200,0.000,0.000,0.0
2008-09-22,22:56:00,0.640,0.046,244.020,2.800,0.000,1.000,1.0
2008-09-22,22:57:00,0.380,0.000,244.390,1.600,0.000,0.000,1.0
2008-09-22,22:58:00,0.484,0.000,244.490,2.000,0.000,0.000,0.0
2008-09-22,22:59:00,0.364,0.000,245.100,1.400,0.000,0.000,1.0
2008-09-22,23:00:00,0.310,0.064,245.470,1.400,0.000,0.000,1.0
2008-09-22,23:01:00,0.364,0.178,245.220,1.600,0.000,0.000,0.0
2008-09-22,23:02:00,0.380,0.184,245.280,1.800,0.000,1.000,1.0
2008-09-22,23:03:00,0.358,0.178,245.120,1.600,0.000,0.000,1.0
2008-09-22,23:04:00,0.376,0.182,245.140,1.600,0.000,0.000,0.0
2008-09-22,23:05:00,0.304,0.154,245.270,1.400,0.000,0.000,1.0
2008-09-22,23:06:00,0.284,0.148,245.670,1.200,0.000,0.000,1.0
2008-09-22,23:07:00,0.290,0.150,245.630,1.400,0.000,0.000,1.0
2008-09-22,23:08:00,0.270,0.146,245.630,1.200,0.000,0.000,0.0
2008-09-22,23:09:00,0.288,0.150,245.510,1.400,0.000,1.000,1.0
2008-09-22,23:10:00,0.268,0.144,245.370,1.200,0.000,0.000,1.0
2008-09-22,23:11:00,0.284,0.150,245.240,1.400,0.000,0.000,0.0
2008-09-22,23:12:00,0.316,0.192,245.510,1.600,0.000,0.000,1.0
2008-09-22,23:13:00,0.360,0.260,245.580,1.800,0.000,0.000,1.0
2008-09-22,23:14:00,0.342,0.254,245.590,1.600,0.000,0.000,0.0
2008-09-22,23:15:00,0.360,0.260,245.830,1.800,0.000,1.000,1.0
2008-09-22,23:16:00,0.340,0.254,245.540,1.600,0.000,0.000,1.0
2008-09-22,23:17:00,0.358,0.260,245.710,1.800,0.000,0.000,0.0
2008-09-22,23:18:00,0.338,0.256,246.090,1.600,0.000,0.000,1.0
2008-09-22,23:19:00,0.406,0.316,246.160,2.200,0.000,1.000,1.0
2008-09-22,23:20:00,0.422,0.378,244.790,2.200,0.000,2.000,0.0
2008-09-22,23:21:00,0.436,0.376,243.910,2.400,0.000,1.000,1.0
2008-09-22,23:22:00,0.418,0.372,244.030,2.200,0.000,2.000,1.0
2008-09-22,23:23:00,0.436,0.376,243.970,2.400,0.000,2.000,0.0
2008-09-22,23:24:00,0.298,0.192,244.120,1.400,0.000,1.000,1.0
2008-09-22,23:25:00,0.274,0.132,244.180,1.200,0.000,2.000,1.0
2008-09-22,23:26:00,0.610,0.210,243.780,3.000,0.000,2.000,6.0
2008-09-22,23:27:00,0.892,0.270,243.410,3.800,0.000,1.000,11.0
2008-09-22,23:28:00,0.902,0.266,243.750,3.800,0.000,2.000,11.0
2008-09-22,23:29:00,0.938,0.270,243.820,4.000,0.000,2.000,12.0
2008-09-22,23:30:00,0.920,0.262,243.640,3.800,0.000,1.000,12.0
2008-09-22,23:31:00,0.742,0.228,243.930,3.400,0.000,2.000,9.0
2008-09-22,23:32:00,0.250,0.128,244.510,1.200,0.000,1.000,1.0
2008-09-22,23:33:00,0.266,0.132,244.470,1.200,0.000,2.000,1.0
2008-09-22,23:34:00,0.248,0.128,244.530,1.200,0.000,1.000,0.0
2008-09-22,23:35:00,0.264,0.134,244.580,1.200,0.000,2.000,1.0
2008-09-22,23:36:00,0.244,0.112,244.090,1.200,0.000,1.000,1.0
2008-09-22,23:37:00,0.174,0.000,243.420,0.800,0.000,0.000,0.0
2008-09-22,23:38:00,0.182,0.000,242.890,0.800,0.000,1.000,1.0
2008-09-22,23:39:00,0.164,0.000,243.180,0.600,0.000,0.000,1.0
2008-09-22,23:40:00,0.182,0.000,243.250,0.800,0.000,0.000,0.0
2008-09-22,23:41:00,0.164,0.000,243.320,0.600,0.000,0.000,1.0
2008-09-22,23:42:00,0.182,0.000,243.100,0.800,0.000,0.000,1.0
2008-09-22,23:43:00,0.164,0.000,243.220,0.600,0.000,0.000,0.0
2008-09-22,23:44:00,0.182,0.000,241.950,0.800,0.000,1.000,1.0
2008-09-22,23:45:00,0.164,0.000,242.010,0.600,0.000,0.000,1.0
2008-09-22,23:46:00,0.182,0.000,242.010,0.800,0.000,0.000,0.0
2008-09-22,23:47:00,0.164,0.000,242.230,0.600,0.000,0.000,1.0
2008-09-22,23:48:00,0.182,0.000,242.370,0.800,0.000,0.000,1.0
2008-09-22,23:49:00,0.164,0.000,242.070,0.600,0.000,0.000,0.0
2008-09-22,23:50:00,0.182,0.000,241.910,0.800,0.000,1.000,1.0
2008-09-22,23:51:00,0.162,0.000,241.510,0.600,0.000,0.000,1.0
2008-09-22,23:52:00,0.180,0.000,241.560,0.800,0.000,0.000,0.0
2008-09-22,23:53:00,0.162,0.000,240.930,0.600,0.000,0.000,1.0
2008-09-22,23:54:00,0.182,0.000,241.540,0.800,0.000,0.000,1.0
2008-09-22,23:55:00,0.164,0.000,241.690,0.600,0.000,0.000,0.0
2008-09-22,23:56:00,0.182,0.000,241.790,0.800,0.000,0.000,1.0
2008-09-22,23:57:00,0.164,0.000,241.730,0.600,0.000,0.000,1.0
2008-09-22,23:58:00,0.182,0.000,241.710,0.800,0.000,1.000,0.0
2008-09-22,23:59:00,0.164,0.000,241.290,0.600,0.000,0.000,1.0
