Date,Time,Global_active_power,Global_reactive_power,Voltage,Global_intensity,Sub_metering_1,Sub_metering_2,Sub_metering_3
2008-09-28,00:00:00,2.552,0.242,239.930,10.600,0.000,0.000,1.0
2008-09-28,00:01:00,2.638,0.352,239.590,11.000,0.000,0.000,0.0
2008-09-28,00:02:00,2.636,0.364,240.440,11.000,0.000,2.000,1.0
2008-09-28,00:03:00,2.640,0.366,240.580,11.000,0.000,1.000,1.0
2008-09-28,00:04:00,2.608,0.302,241.120,10.800,0.000,2.000,0.0
2008-09-28,00:05:00,2.586,0.266,241.310,10.800,0.000,1.000,1.0
2008-09-28,00:06:00,2.634,0.254,239.240,11.000,0.000,2.000,1.0
2008-09-28,00:07:00,2.878,0.244,237.570,12.200,0.000,1.000,0.0
2008-09-28,00:08:00,2.876,0.244,237.490,12.000,0.000,1.000,1.0
2008-09-28,00:09:00,2.874,0.244,237.500,12.000,0.000,2.000,0.0
2008-09-28,00:10:00,2.882,0.242,237.410,12.200,0.000,1.000,1.0
2008-09-28,00:11:00,2.688,0.246,237.980,11.200,0.000,2.000,1.0
2008-09-28,00:12:00,2.378,0.254,238.670,10.000,0.000,1.000,0.0
2008-09-28,00:13:00,2.264,0.254,238.510,9.600,0.000,1.000,1.0
2008-09-28,00:14:00,2.252,0.254,238.460,9.400,0.000,2.000,1.0
2008-09-28,00:15:00,2.302,0.304,238.420,9.600,0.000,1.000,0.0
2008-09-28,00:16:00,2.370,0.384,238.710,10.000,0.000,1.000,1.0
2008-09-28,00:17:00,2.246,0.388,239.020,9.400,0.000,2.000,1.0
2008-09-28,00:18:00,2.036,0.284,239.070,8.600,0.000,0.000,0.0
2008-09-28,00:19:00,2.024,0.272,238.920,8.400,0.000,0.000,1.0
2008-09-28,00:20:00,2.018,0.272,239.100,8.400,0.000,0.000,1.0
2008-09-28,00:21:00,2.082,0.278,239.670,8.800,0.000,0.000,0.0
2008-09-28,00:22:00,2.022,0.276,239.850,8.400,0.000,0.000,1.0
2008-09-28,00:23:00,2.126,0.284,239.810,9.000,0.000,0.000,1.0
2008-09-28,00:24:00,2.580,0.318,239.200,10.800,0.000,0.000,0.0
2008-09-28,00:25:00,2.626,0.318,239.160,11.000,0.000,0.000,1.0
2008-09-28,00:26:00,2.628,0.318,239.380,11.000,0.000,0.000,1.0
2008-09-28,00:27:00,2.628,0.368,239.530,11.000,0.000,0.000,0.0
2008-09-28,00:28:00,2.526,0.456,239.440,10.600,0.000,0.000,1.0
2008-09-28,00:29:00,2.570,0.466,239.470,10.800,0.000,0.000,1.0
2008-09-28,00:30:00,2.624,0.444,239.550,11.000,0.000,0.000,0.0
2008-09-28,00:31:00,2.590,0.432,239.600,11.000,0.000,0.000,1.0
2008-09-28,00:32:00,1.942,0.382,240.340,8.200,0.000,0.000,1.0
2008-09-28,00:33:00,1.994,0.394,240.320,8.400,0.000,0.000,0.0
2008-09-28,00:34:00,2.052,0.412,240.420,8.600,0.000,0.000,1.0
2008-09-28,00:35:00,1.946,0.400,240.560,8.200,2.000,0.000,0.0
2008-09-28,00:36:00,1.788,0.394,240.760,7.600,1.000,0.000,1.0
2008-09-28,00:37:00,1.270,0.254,240.680,5.400,1.000,0.000,1.0
2008-09-28,00:38:00,1.080,0.166,240.870,4.600,1.000,0.000,0.0
2008-09-28,00:39:00,1.066,0.166,240.700,4.400,1.000,0.000,1.0
2008-09-28,00:40:00,1.060,0.168,240.700,4.400,2.000,0.000,1.0
2008-09-28,00:41:00,1.034,0.176,240.530,4.400,1.000,0.000,0.0
2008-09-28,00:42:00,1.090,0.176,240.450,4.600,1.000,0.000,1.0
2008-09-28,00:43:00,1.086,0.176,240.490,4.600,1.000,0.000,1.0
2008-09-28,00:44:00,0.982,0.178,240.460,4.200,1.000,0.000,0.0
2008-09-28,00:45:00,0.934,0.182,240.650,4.000,2.000,0.000,1.0
2008-09-28,00:46:00,0.860,0.186,240.110,3.600,1.000,0.000,1.0
2008-09-28,00:47:00,0.864,0.178,239.680,3.800,1.000,0.000,0.0
2008-09-28,00:48:00,0.854,0.178,239.790,3.600,1.000,0.000,1.0
2008-09-28,00:49:00,0.784,0.070,240.030,3.200,2.000,0.000,1.0
2008-09-28,00:50:00,0.770,0.048,240.270,3.200,1.000,0.000,0.0
2008-09-28,00:51:00,0.790,0.048,240.150,3.400,1.000,0.000,1.0
2008-09-28,00:52:00,0.736,0.070,240.200,3.000,1.000,0.000,1.0
2008-09-28,00:53:00,0.696,0.000,240.210,3.000,1.000,0.000,0.0
2008-09-28,00:54:00,0.722,0.000,240.860,3.000,1.000,0.000,1.0
2008-09-28,00:55:00,2.688,0.068,238.830,11.600,32.000,0.000,1.0
2008-09-28,00:56:00,2.920,0.070,238.470,12.200,38.000,0.000,0.0
2008-09-28,00:57:00,2.902,0.070,238.490,12.200,38.000,0.000,1.0
2008-09-28,00:58:00,2.916,0.068,239.040,12.200,37.000,0.000,1.0
2008-09-28,00:59:00,2.938,0.068,239.160,12.200,38.000,0.000,0.0
2008-09-28,01:00:00,2.908,0.068,239.460,12.000,38.000,0.000,1.0
2008-09-28,01:01:00,2.924,0.068,239.660,12.200,39.000,0.000,1.0
2008-09-28,01:02:00,2.942,0.068,239.650,12.200,38.000,0.000,0.0
2008-09-28,01:03:00,2.898,0.068,239.250,12.000,37.000,0.000,1.0
2008-09-28,01:04:00,1.016,0.054,240.900,5.400,10.000,0.000,1.0
2008-09-28,01:05:00,0.698,0.050,241.380,3.000,1.000,0.000,0.0
2008-09-28,01:06:00,0.738,0.000,241.630,3.200,1.000,0.000,1.0
2008-09-28,01:07:00,0.798,0.082,241.520,3.200,1.000,0.000,1.0
2008-09-28,01:08:00,0.816,0.082,241.400,3.400,2.000,0.000,0.0
2008-09-28,01:09:00,0.806,0.082,241.410,3.400,1.000,0.000,1.0
2008-09-28,01:10:00,0.814,0.082,241.460,3.400,1.000,0.000,1.0
2008-09-28,01:11:00,0.804,0.080,241.540,3.400,1.000,0.000,0.0
2008-09-28,01:12:00,0.810,0.080,241.240,3.400,1.000,0.000,1.0
2008-09-28,01:13:00,0.808,0.080,241.170,3.400,2.000,0.000,1.0
2008-09-28,01:14:00,0.788,0.082,241.280,3.400,1.000,0.000,0.0
2008-09-28,01:15:00,0.732,0.086,241.420,3.000,1.000,0.000,1.0
2008-09-28,01:16:00,0.780,0.084,241.370,3.200,1.000,0.000,1.0
2008-09-28,01:17:00,0.746,0.084,241.270,3.200,2.000,0.000,0.0
2008-09-28,01:18:00,1.208,0.190,240.550,5.200,1.000,0.000,7.0
2008-09-28,01:19:00,1.434,0.304,240.170,6.000,1.000,0.000,11.0
2008-09-28,01:20:00,1.460,0.302,240.080,6.200,1.000,0.000,11.0
2008-09-28,01:21:00,1.480,0.302,240.000,6.200,1.000,0.000,12.0
2008-09-28,01:22:00,1.470,0.300,239.830,6.200,2.000,0.000,12.0
2008-09-28,01:23:00,1.288,0.268,240.080,5.600,1.000,0.000,9.0
2008-09-28,01:24:00,0.812,0.186,240.530,3.400,1.000,0.000,1.0
2008-09-28,01:25:00,0.810,0.186,240.370,3.400,1.000,0.000,0.0
2008-09-28,01:26:00,0.806,0.186,240.300,3.400,2.000,0.000,1.0
2008-09-28,01:27:00,0.812,0.186,240.420,3.400,1.000,0.000,1.0
2008-09-28,01:28:00,0.894,0.282,240.450,4.000,1.000,0.000,0.0
2008-09-28,01:29:00,0.884,0.308,240.330,3.800,1.000,1.000,1.0
2008-09-28,01:30:00,0.886,0.306,240.150,3.800,1.000,2.000,1.0
2008-09-28,01:31:00,0.802,0.176,240.320,3.400,2.000,1.000,0.0
2008-09-28,01:32:00,0.802,0.172,239.490,3.400,1.000,2.000,1.0
2008-09-28,01:33:00,0.802,0.172,239.340,3.400,1.000,1.000,0.0
2008-09-28,01:34:00,0.788,0.178,240.110,3.400,1.000,2.000,1.0
2008-09-28,01:35:00,0.730,0.154,240.510,3.200,2.000,1.000,1.0
2008-09-28,01:36:00,0.670,0.086,240.530,2.800,1.000,2.000,0.0
2008-09-28,01:37:00,0.670,0.086,240.610,2.800,1.000,1.000,1.0
2008-09-28,01:38:00,0.682,0.086,241.010,2.800,1.000,1.000,1.0
2008-09-28,01:39:00,0.670,0.086,240.830,2.800,2.000,2.000,0.0
2008-09-28,01:40:00,0.666,0.088,240.830,2.800,1.000,1.000,1.0
2008-09-28,01:41:00,0.718,0.076,240.580,3.000,1.000,2.000,1.0
2008-09-28,01:42:00,0.736,0.072,241.120,3.000,1.000,1.000,0.0
2008-09-28,01:43:00,0.718,0.074,241.210,3.000,1.000,1.000,1.0
2008-09-28,01:44:00,0.706,0.062,241.290,3.000,2.000,1.000,1.0
2008-09-28,01:45:00,0.650,0.046,241.710,2.800,1.000,0.000,0.0
2008-09-28,01:46:00,0.658,0.000,241.560,2.800,1.000,0.000,1.0
2008-09-28,01:47:00,0.652,0.046,241.340,2.800,1.000,0.000,1.0
2008-09-28,01:48:00,0.656,0.048,241.400,2.800,2.000,0.000,0.0
2008-09-28,01:49:00,0.732,0.000,241.170,3.000,1.000,0.000,1.0
2008-09-28,01:50:00,0.754,0.084,241.650,3.200,1.000,0.000,1.0
2008-09-28,01:51:00,0.762,0.084,241.670,3.200,1.000,0.000,0.0
2008-09-28,01:52:00,0.748,0.086,242.030,3.000,2.000,0.000,1.0
2008-09-28,01:53:00,0.746,0.084,241.540,3.000,1.000,0.000,1.0
2008-09-28,01:54:00,0.744,0.084,241.070,3.000,1.000,0.000,0.0
2008-09-28,01:55:00,0.748,0.112,240.660,3.200,1.000,0.000,1.0
2008-09-28,01:56:00,0.720,0.114,241.010,3.000,1.000,0.000,1.0
2008-09-28,01:57:00,0.698,0.116,240.640,3.000,1.000,0.000,0.0
2008-09-28,01:58:00,0.756,0.096,240.210,3.200,1.000,0.000,1.0
2008-09-28,01:59:00,0.766,0.092,239.990,3.200,1.000,0.000,1.0
2008-09-28,02:00:00,0.760,0.088,239.830,3.200,1.000,0.000,0.0
2008-09-28,02:01:00,0.768,0.082,239.540,3.200,2.000,0.000,1.0
2008-09-28,02:02:00,0.812,0.122,239.330,3.600,1.000,0.000,1.0
2008-09-28,02:03:00,0.818,0.184,239.310,3.400,1.000,0.000,0.0
2008-09-28,02:04:00,0.842,0.184,239.590,3.600,1.000,0.000,1.0
2008-09-28,02:05:00,0.828,0.192,239.740,3.600,1.000,0.000,1.0
2008-09-28,02:06:00,0.802,0.222,239.820,3.400,1.000,0.000,0.0
2008-09-28,02:07:00,0.782,0.216,239.820,3.400,1.000,0.000,1.0
2008-09-28,02:08:00,0.798,0.200,239.320,3.400,0.000,0.000,1.0
2008-09-28,02:09:00,1.438,0.184,238.640,7.400,9.000,0.000,0.0
2008-09-28,02:10:00,2.978,0.160,236.970,12.600,38.000,0.000,1.0
2008-09-28,02:11:00,2.930,0.064,237.460,12.200,37.000,0.000,1.0
2008-09-28,02:12:00,2.898,0.000,237.620,12.200,37.000,0.000,0.0
2008-09-28,02:13:00,2.900,0.000,237.840,12.200,38.000,0.000,1.0
2008-09-28,02:14:00,2.902,0.000,237.940,12.200,37.000,0.000,0.0
2008-09-28,02:15:00,2.906,0.000,238.510,12.200,38.000,0.000,1.0
2008-09-28,02:16:00,2.914,0.000,238.120,12.200,38.000,0.000,1.0
2008-09-28,02:17:00,2.856,0.000,237.550,12.000,37.000,0.000,0.0
2008-09-28,02:18:00,2.830,0.064,237.730,11.800,37.000,0.000,1.0
2008-09-28,02:19:00,2.804,0.064,237.610,11.800,38.000,0.000,1.0
2008-09-28,02:20:00,2.822,0.064,237.530,11.800,37.000,0.000,0.0
2008-09-28,02:21:00,2.642,0.064,237.630,11.400,37.000,0.000,1.0
2008-09-28,02:22:00,0.596,0.054,239.750,2.600,0.000,0.000,1.0
2008-09-28,02:23:00,0.596,0.056,239.880,2.600,0.000,0.000,0.0
2008-09-28,02:24:00,0.584,0.056,239.890,2.400,0.000,0.000,1.0
2008-09-28,02:25:00,0.600,0.000,239.800,2.600,0.000,0.000,1.0
2008-09-28,02:26:00,0.612,0.000,239.700,2.600,1.000,0.000,0.0
2008-09-28,02:27:00,0.600,0.054,239.390,2.600,0.000,0.000,1.0
2008-09-28,02:28:00,0.574,0.056,239.430,2.400,0.000,0.000,1.0
2008-09-28,02:29:00,0.596,0.056,239.570,2.600,0.000,0.000,0.0
2008-09-28,02:30:00,0.714,0.074,239.530,3.000,0.000,0.000,1.0
2008-09-28,02:31:00,0.678,0.074,239.860,2.800,0.000,0.000,1.0
2008-09-28,02:32:00,0.688,0.074,240.000,2.800,0.000,0.000,0.0
2008-09-28,02:33:00,0.700,0.074,240.050,3.000,0.000,0.000,1.0
2008-09-28,02:34:00,0.700,0.076,240.480,3.000,0.000,0.000,1.0
2008-09-28,02:35:00,0.676,0.076,240.660,2.800,0.000,0.000,0.0
2008-09-28,02:36:00,0.698,0.076,240.650,3.000,0.000,0.000,1.0
2008-09-28,02:37:00,0.686,0.076,240.660,2.800,0.000,0.000,0.0
2008-09-28,02:38:00,0.696,0.076,240.650,3.000,0.000,0.000,1.0
2008-09-28,02:39:00,0.682,0.076,240.170,2.800,0.000,0.000,1.0
2008-09-28,02:40:00,0.690,0.074,240.080,3.000,0.000,0.000,0.0
2008-09-28,02:41:00,0.670,0.076,240.300,2.800,0.000,0.000,1.0
2008-09-28,02:42:00,0.688,0.076,240.620,3.000,0.000,0.000,1.0
2008-09-28,02:43:00,0.682,0.076,241.020,2.800,0.000,0.000,0.0
2008-09-28,02:44:00,0.688,0.076,240.880,2.800,0.000,0.000,1.0
2008-09-28,02:45:00,0.776,0.170,240.740,3.400,0.000,0.000,1.0
2008-09-28,02:46:00,0.762,0.180,240.900,3.200,0.000,0.000,0.0
2008-09-28,02:47:00,0.764,0.178,240.620,3.200,0.000,0.000,1.0
2008-09-28,02:48:00,0.742,0.178,240.490,3.200,0.000,0.000,1.0
2008-09-28,02:49:00,0.762,0.178,240.620,3.200,0.000,0.000,0.0
2008-09-28,02:50:00,0.774,0.156,240.510,3.200,0.000,0.000,1.0
2008-09-28,02:51:00,1.238,0.166,240.220,5.200,0.000,0.000,10.0
2008-09-28,02:52:00,1.272,0.172,240.500,5.200,0.000,0.000,11.0
2008-09-28,02:53:00,1.306,0.170,240.320,5.400,0.000,0.000,11.0
2008-09-28,02:54:00,1.402,0.172,239.940,6.000,0.000,0.000,11.0
2008-09-28,02:55:00,1.784,0.280,239.230,7.600,0.000,1.000,12.0
2008-09-28,02:56:00,1.298,0.242,239.540,5.600,0.000,1.000,4.0
2008-09-28,02:57:00,1.044,0.168,239.590,4.400,0.000,2.000,1.0
2008-09-28,02:58:00,0.888,0.138,239.600,3.800,0.000,1.000,1.0
2008-09-28,02:59:00,0.750,0.068,240.430,3.200,0.000,2.000,0.0
2008-09-28,03:00:00,0.752,0.068,240.970,3.200,0.000,1.000,1.0
2008-09-28,03:01:00,0.764,0.070,241.150,3.200,0.000,2.000,1.0
2008-09-28,03:02:00,1.814,0.060,240.190,7.600,0.000,1.000,17.0
2008-09-28,03:03:00,1.832,0.060,240.510,7.600,0.000,1.000,19.0
2008-09-28,03:04:00,1.778,0.060,240.780,7.400,0.000,2.000,18.0
2008-09-28,03:05:00,1.754,0.060,240.830,7.200,0.000,1.000,19.0
2008-09-28,03:06:00,1.738,0.058,239.900,7.200,0.000,2.000,19.0
2008-09-28,03:07:00,1.748,0.060,240.050,7.200,0.000,1.000,18.0
2008-09-28,03:08:00,1.752,0.060,240.640,7.200,0.000,1.000,18.0
2008-09-28,03:09:00,1.772,0.104,240.420,7.400,0.000,2.000,19.0
2008-09-28,03:10:00,1.838,0.192,240.270,7.600,0.000,1.000,18.0
2008-09-28,03:11:00,1.824,0.158,240.310,7.600,0.000,1.000,19.0
2008-09-28,03:12:00,1.768,0.072,240.370,7.400,0.000,0.000,18.0
2008-09-28,03:13:00,1.746,0.072,240.510,7.200,0.000,0.000,18.0
2008-09-28,03:14:00,1.762,0.072,240.390,7.200,0.000,0.000,19.0
2008-09-28,03:15:00,1.750,0.072,240.320,7.200,0.000,0.000,18.0
2008-09-28,03:16:00,1.754,0.070,239.930,7.200,0.000,0.000,18.0
2008-09-28,03:17:00,1.746,0.070,239.520,7.200,0.000,0.000,19.0
2008-09-28,03:18:00,1.736,0.070,239.270,7.200,0.000,0.000,18.0
2008-09-28,03:19:00,1.740,0.070,239.240,7.200,0.000,0.000,18.0
2008-09-28,03:20:00,1.732,0.070,239.220,7.200,0.000,0.000,18.0
2008-09-28,03:21:00,1.738,0.070,239.250,7.200,0.000,0.000,18.0
2008-09-28,03:22:00,1.736,0.070,239.540,7.200,0.000,0.000,19.0
2008-09-28,03:23:00,1.736,0.070,239.220,7.200,0.000,0.000,18.0
2008-09-28,03:24:00,1.728,0.068,238.890,7.200,0.000,0.000,18.0
2008-09-28,03:25:00,1.730,0.068,238.970,7.200,0.000,0.000,18.0
2008-09-28,03:26:00,1.732,0.068,239.160,7.200,0.000,0.000,18.0
2008-09-28,03:27:00,1.818,0.170,239.010,7.600,0.000,0.000,18.0
2008-09-28,03:28:00,1.814,0.170,239.100,7.600,0.000,0.000,19.0
2008-09-28,03:29:00,1.792,0.152,239.220,7.400,0.000,0.000,18.0
2008-09-28,03:30:00,1.714,0.000,239.280,7.200,0.000,0.000,18.0
2008-09-28,03:31:00,1.722,0.000,239.160,7.200,0.000,0.000,18.0
2008-09-28,03:32:00,1.712,0.000,239.400,7.000,0.000,0.000,18.0
2008-09-28,03:33:00,1.718,0.000,239.110,7.200,0.000,0.000,18.0
2008-09-28,03:34:00,1.368,0.000,239.650,6.000,0.000,0.000,14.0
2008-09-28,03:35:00,0.640,0.050,239.930,2.600,0.000,0.000,1.0
2008-09-28,03:36:00,0.650,0.050,239.700,2.800,0.000,0.000,0.0
2008-09-28,03:37:00,0.664,0.050,240.110,2.800,0.000,0.000,1.0
2008-09-28,03:38:00,0.662,0.050,240.230,2.800,0.000,0.000,1.0
2008-09-28,03:39:00,0.622,0.000,240.250,2.600,0.000,0.000,0.0
2008-09-28,03:40:00,0.582,0.050,240.180,2.400,0.000,0.000,1.0
2008-09-28,03:41:00,0.596,0.050,240.150,2.600,0.000,0.000,1.0
2008-09-28,03:42:00,0.594,0.052,240.110,2.600,0.000,0.000,0.0
2008-09-28,03:43:00,0.572,0.050,240.500,2.400,0.000,0.000,1.0
2008-09-28,03:44:00,0.596,0.050,240.720,2.600,0.000,0.000,1.0
2008-09-28,03:45:00,0.584,0.050,240.230,2.400,0.000,0.000,0.0
2008-09-28,03:46:00,0.584,0.052,240.230,2.400,0.000,0.000,1.0
2008-09-28,03:47:00,0.594,0.052,240.450,2.600,0.000,0.000,1.0
2008-09-28,03:48:00,0.614,0.000,240.580,2.600,0.000,0.000,0.0
2008-09-28,03:49:00,0.692,0.080,240.490,2.800,0.000,0.000,1.0
2008-09-28,03:50:00,0.690,0.080,240.630,2.800,0.000,0.000,1.0
2008-09-28,03:51:00,0.694,0.080,240.760,3.000,0.000,0.000,0.0
2008-09-28,03:52:00,0.692,0.080,240.640,3.000,0.000,0.000,1.0
2008-09-28,03:53:00,0.688,0.080,240.110,2.800,0.000,0.000,1.0
2008-09-28,03:54:00,0.682,0.078,239.670,2.800,0.000,0.000,0.0
2008-09-28,03:55:00,0.682,0.078,239.890,2.800,0.000,0.000,1.0
2008-09-28,03:56:00,0.678,0.080,239.900,2.800,0.000,0.000,1.0
2008-09-28,03:57:00,0.692,0.078,239.740,3.000,0.000,0.000,0.0
2008-09-28,03:58:00,0.678,0.080,239.940,2.800,0.000,0.000,1.0
2008-09-28,03:59:00,0.680,0.080,240.030,2.800,0.000,0.000,1.0
2008-09-28,04:00:00,0.688,0.080,240.040,3.000,0.000,0.000,0.0
2008-09-28,04:01:00,0.680,0.080,240.240,2.800,0.000,0.000,1.0
2008-09-28,04:02:00,0.678,0.080,240.300,2.800,0.000,0.000,1.0
2008-09-28,04:03:00,0.680,0.080,240.300,2.800,0.000,0.000,0.0
2008-09-28,04:04:00,0.688,0.078,239.940,3.000,0.000,0.000,1.0
2008-09-28,04:05:00,0.688,0.080,240.220,3.000,0.000,0.000,1.0
2008-09-28,04:06:00,0.666,0.080,240.190,2.800,0.000,0.000,0.0
2008-09-28,04:07:00,0.688,0.080,240.610,3.000,0.000,0.000,1.0
2008-09-28,04:08:00,0.682,0.062,240.710,2.800,0.000,0.000,1.0
2008-09-28,04:09:00,0.674,0.050,240.960,2.800,0.000,0.000,0.0
2008-09-28,04:10:00,0.660,0.050,240.590,2.800,0.000,0.000,1.0
2008-09-28,04:11:00,0.658,0.050,240.050,2.800,0.000,0.000,0.0
2008-09-28,04:12:00,0.658,0.050,240.110,2.800,0.000,0.000,1.0
2008-09-28,04:13:00,0.666,0.050,240.030,2.800,0.000,0.000,1.0
2008-09-28,04:14:00,0.656,0.050,240.210,2.800,0.000,0.000,0.0
2008-09-28,04:15:00,0.654,0.050,240.320,2.800,0.000,0.000,1.0
2008-09-28,04:16:00,0.662,0.050,240.150,2.800,0.000,0.000,1.0
2008-09-28,04:17:00,0.654,0.050,240.270,2.800,0.000,0.000,0.0
2008-09-28,04:18:00,0.664,0.050,240.690,2.800,0.000,0.000,1.0
2008-09-28,04:19:00,0.652,0.050,240.590,2.800,0.000,0.000,1.0
2008-09-28,04:20:00,0.630,0.000,240.280,2.600,0.000,0.000,0.0
2008-09-28,04:21:00,0.596,0.050,240.580,2.600,0.000,0.000,1.0
2008-09-28,04:22:00,0.670,0.000,240.560,2.800,0.000,0.000,1.0
2008-09-28,04:23:00,0.702,0.070,240.380,3.000,0.000,1.000,0.0
2008-09-28,04:24:00,0.678,0.070,240.500,2.800,0.000,2.000,1.0
2008-09-28,04:25:00,0.806,0.100,240.610,3.600,0.000,1.000,2.0
2008-09-28,04:26:00,1.280,0.190,240.180,5.400,0.000,2.000,11.0
2008-09-28,04:27:00,1.288,0.190,240.560,5.400,0.000,1.000,11.0
2008-09-28,04:28:00,1.402,0.292,239.930,6.000,0.000,2.000,11.0
2008-09-28,04:29:00,1.398,0.346,240.070,6.000,0.000,1.000,12.0
2008-09-28,04:30:00,1.282,0.358,240.550,5.400,0.000,1.000,11.0
2008-09-28,04:31:00,1.080,0.244,240.460,4.600,0.000,2.000,3.0
2008-09-28,04:32:00,0.982,0.232,240.680,4.200,0.000,1.000,1.0
2008-09-28,04:33:00,1.156,0.234,240.670,4.800,0.000,2.000,0.0
2008-09-28,04:34:00,1.182,0.232,240.620,5.000,0.000,1.000,1.0
2008-09-28,04:35:00,1.188,0.232,240.350,5.000,0.000,1.000,1.0
2008-09-28,04:36:00,1.192,0.220,240.280,5.000,0.000,2.000,0.0
2008-09-28,04:37:00,1.032,0.216,241.040,4.400,0.000,1.000,1.0
2008-09-28,04:38:00,1.000,0.218,241.270,4.200,0.000,1.000,1.0
2008-09-28,04:39:00,0.990,0.124,241.260,4.200,0.000,1.000,0.0
2008-09-28,04:40:00,0.860,0.096,240.780,3.600,0.000,0.000,1.0
2008-09-28,04:41:00,0.654,0.106,241.090,2.800,0.000,0.000,1.0
2008-09-28,04:42:00,0.828,0.106,240.450,3.600,0.000,0.000,0.0
2008-09-28,04:43:00,0.662,0.108,240.610,2.800,0.000,0.000,1.0
2008-09-28,04:44:00,0.646,0.118,241.030,2.800,0.000,0.000,1.0
2008-09-28,04:45:00,0.624,0.118,241.060,2.600,0.000,0.000,0.0
2008-09-28,04:46:00,0.576,0.118,241.020,2.400,0.000,0.000,1.0
2008-09-28,04:47:00,0.422,0.046,241.210,1.800,0.000,0.000,1.0
2008-09-28,04:48:00,0.368,0.000,241.270,1.600,0.000,0.000,0.0
2008-09-28,04:49:00,0.184,0.000,241.370,1.000,0.000,0.000,1.0
2008-09-28,04:50:00,0.254,0.092,241.400,1.200,0.000,0.000,1.0
2008-09-28,04:51:00,0.252,0.096,241.430,1.200,0.000,0.000,0.0
2008-09-28,04:52:00,0.272,0.096,241.110,1.400,0.000,0.000,1.0
2008-09-28,04:53:00,0.240,0.094,240.760,1.000,0.000,0.000,1.0
2008-09-28,04:54:00,0.256,0.094,240.800,1.200,0.000,0.000,0.0
2008-09-28,04:55:00,0.248,0.096,241.130,1.200,0.000,0.000,1.0
2008-09-28,04:56:00,0.252,0.096,241.100,1.200,0.000,0.000,1.0
2008-09-28,04:57:00,0.250,0.094,240.840,1.200,0.000,0.000,0.0
2008-09-28,04:58:00,0.248,0.096,241.240,1.200,0.000,0.000,1.0
2008-09-28,04:59:00,0.256,0.096,241.240,1.200,0.000,0.000,1.0
2008-09-28,05:00:00,0.248,0.098,241.690,1.200,0.000,0.000,0.0
2008-09-28,05:01:00,0.224,0.064,241.640,1.000,0.000,0.000,1.0
2008-09-28,05:02:00,0.176,0.000,241.870,0.800,0.000,0.000,1.0
2008-09-28,05:03:00,0.188,0.000,241.910,1.000,0.000,0.000,0.0
2008-09-28,05:04:00,0.176,0.000,242.090,0.800,0.000,0.000,1.0
2008-09-28,05:05:00,0.176,0.000,242.250,0.800,0.000,0.000,1.0
2008-09-28,05:06:00,0.176,0.000,242.020,0.800,0.000,0.000,0.0
2008-09-28,05:07:00,0.292,0.106,241.800,1.600,0.000,0.000,1.0
2008-09-28,05:08:00,0.284,0.126,241.690,1.400,0.000,0.000,1.0
2008-09-28,05:09:00,0.292,0.126,241.830,1.400,0.000,0.000,0.0
2008-09-28,05:10:00,0.280,0.126,241.900,1.400,0.000,0.000,1.0
2008-09-28,05:11:00,0.278,0.124,241.140,1.400,0.000,0.000,1.0
2008-09-28,05:12:00,0.288,0.124,241.150,1.400,0.000,0.000,0.0
2008-09-28,05:13:00,0.264,0.124,241.000,1.200,0.000,0.000,1.0
2008-09-28,05:14:00,0.286,0.124,240.700,1.400,0.000,0.000,1.0
2008-09-28,05:15:00,0.286,0.124,240.610,1.400,0.000,0.000,0.0
2008-09-28,05:16:00,0.262,0.124,240.620,1.200,0.000,0.000,1.0
2008-09-28,05:17:00,0.284,0.124,240.690,1.400,0.000,0.000,1.0
2008-09-28,05:18:00,0.272,0.124,240.640,1.200,0.000,0.000,0.0
2008-09-28,05:19:00,0.282,0.122,240.450,1.400,0.000,0.000,1.0
2008-09-28,05:20:00,0.270,0.124,240.560,1.200,0.000,0.000,1.0
2008-09-28,05:21:00,0.270,0.124,240.670,1.200,0.000,0.000,0.0
2008-09-28,05:22:00,0.270,0.124,241.070,1.200,0.000,0.000,1.0
2008-09-28,05:23:00,0.282,0.126,241.730,1.400,0.000,0.000,1.0
2008-09-28,05:24:00,0.270,0.126,241.750,1.200,0.000,0.000,0.0
2008-09-28,05:25:00,0.240,0.084,242.050,1.200,0.000,0.000,1.0
2008-09-28,05:26:00,0.186,0.000,242.040,1.000,0.000,0.000,1.0
2008-09-28,05:27:00,0.184,0.000,241.990,1.000,0.000,0.000,0.0
2008-09-28,05:28:00,0.164,0.000,242.140,0.600,0.000,0.000,1.0
2008-09-28,05:29:00,0.186,0.000,242.880,1.000,0.000,0.000,1.0
2008-09-28,05:30:00,0.178,0.000,242.860,0.800,0.000,0.000,0.0
2008-09-28,05:31:00,0.242,0.048,242.630,1.400,0.000,0.000,1.0
2008-09-28,05:32:00,0.254,0.100,242.970,1.200,0.000,0.000,1.0
2008-09-28,05:33:00,0.262,0.100,243.160,1.200,0.000,0.000,0.0
2008-09-28,05:34:00,0.260,0.098,242.530,1.200,0.000,0.000,1.0
2008-09-28,05:35:00,0.260,0.100,242.870,1.200,0.000,0.000,1.0
2008-09-28,05:36:00,0.256,0.100,242.720,1.200,0.000,0.000,0.0
2008-09-28,05:37:00,0.238,0.098,242.470,1.000,0.000,0.000,1.0
2008-09-28,05:38:00,0.252,0.096,241.850,1.200,0.000,0.000,1.0
2008-09-28,05:39:00,0.262,0.096,241.470,1.400,0.000,0.000,0.0
2008-09-28,05:40:00,0.250,0.096,241.620,1.200,0.000,0.000,1.0
2008-09-28,05:41:00,0.248,0.096,241.540,1.200,0.000,0.000,1.0
2008-09-28,05:42:00,0.226,0.062,241.480,1.200,0.000,0.000,0.0
2008-09-28,05:43:00,0.178,0.000,241.330,1.000,0.000,0.000,1.0
2008-09-28,05:44:00,0.176,0.000,241.780,0.800,0.000,0.000,1.0
2008-09-28,05:45:00,0.178,0.000,242.100,1.000,0.000,0.000,0.0
2008-09-28,05:46:00,0.298,0.124,241.730,1.400,0.000,0.000,1.0
2008-09-28,05:47:00,0.286,0.126,241.610,1.400,0.000,0.000,1.0
2008-09-28,05:48:00,0.284,0.128,242.080,1.400,0.000,0.000,0.0
2008-09-28,05:49:00,0.292,0.128,242.080,1.400,0.000,0.000,1.0
2008-09-28,05:50:00,0.340,0.190,241.580,1.800,0.000,0.000,1.0
2008-09-28,05:51:00,0.364,0.248,241.360,1.800,0.000,1.000,0.0
2008-09-28,05:52:00,0.362,0.248,241.210,1.800,0.000,1.000,1.0
2008-09-28,05:53:00,0.372,0.246,241.160,2.000,0.000,2.000,1.0
2008-09-28,05:54:00,0.360,0.248,241.140,1.800,0.000,1.000,0.0
2008-09-28,05:55:00,0.372,0.248,241.530,2.000,0.000,2.000,1.0
2008-09-28,05:56:00,0.358,0.248,241.390,1.800,0.000,1.000,1.0
2008-09-28,05:57:00,0.358,0.246,241.020,1.800,0.000,1.000,0.0
2008-09-28,05:58:00,0.356,0.246,240.880,1.800,0.000,2.000,1.0
2008-09-28,05:59:00,0.356,0.246,240.930,1.800,0.000,1.000,1.0
2008-09-28,06:00:00,0.366,0.246,240.950,2.000,0.000,2.000,0.0
2008-09-28,06:01:00,0.364,0.244,240.850,1.800,0.000,1.000,1.0
2008-09-28,06:02:00,0.340,0.246,241.130,1.600,0.000,2.000,1.0
2008-09-28,06:03:00,0.360,0.242,241.000,1.800,0.000,1.000,0.0
2008-09-28,06:04:00,0.798,0.220,240.230,3.600,0.000,1.000,9.0
2008-09-28,06:05:00,0.872,0.226,240.060,3.800,0.000,2.000,11.0
2008-09-28,06:06:00,0.876,0.206,240.050,3.800,0.000,1.000,11.0
2008-09-28,06:07:00,0.824,0.106,240.150,3.400,0.000,0.000,12.0
2008-09-28,06:08:00,0.830,0.104,240.270,3.400,0.000,0.000,11.0
2008-09-28,06:09:00,0.428,0.000,240.790,2.400,0.000,0.000,6.0
2008-09-28,06:10:00,0.174,0.000,240.840,0.800,0.000,0.000,0.0
2008-09-28,06:11:00,0.174,0.000,240.960,0.800,0.000,0.000,1.0
2008-09-28,06:12:00,0.174,0.000,240.950,0.800,0.000,0.000,1.0
2008-09-28,06:13:00,0.254,0.058,240.930,1.400,0.000,0.000,0.0
2008-09-28,06:14:00,0.250,0.094,240.400,1.200,0.000,0.000,1.0
2008-09-28,06:15:00,0.264,0.094,240.360,1.400,0.000,0.000,1.0
2008-09-28,06:16:00,0.252,0.094,240.460,1.200,0.000,0.000,0.0
2008-09-28,06:17:00,0.250,0.094,240.830,1.200,0.000,0.000,1.0
2008-09-28,06:18:00,0.250,0.094,241.100,1.200,0.000,0.000,1.0
2008-09-28,06:19:00,0.260,0.094,240.950,1.400,0.000,0.000,0.0
2008-09-28,06:20:00,0.246,0.094,240.890,1.200,0.000,0.000,1.0
2008-09-28,06:21:00,0.246,0.094,240.900,1.200,0.000,0.000,1.0
2008-09-28,06:22:00,0.256,0.094,240.730,1.200,0.000,0.000,0.0
2008-09-28,06:23:00,0.244,0.094,240.730,1.200,0.000,0.000,1.0
2008-09-28,06:24:00,0.210,0.000,240.800,1.200,0.000,0.000,1.0
2008-09-28,06:25:00,0.286,0.124,240.810,1.400,0.000,0.000,0.0
2008-09-28,06:26:00,0.294,0.122,240.640,1.400,0.000,0.000,1.0
2008-09-28,06:27:00,0.280,0.124,240.970,1.400,0.000,0.000,1.0
2008-09-28,06:28:00,0.292,0.124,241.100,1.400,0.000,0.000,0.0
2008-09-28,06:29:00,0.268,0.124,241.190,1.200,0.000,0.000,1.0
2008-09-28,06:30:00,0.290,0.124,241.200,1.400,0.000,0.000,1.0
2008-09-28,06:31:00,0.276,0.124,240.750,1.400,0.000,0.000,0.0
2008-09-28,06:32:00,0.286,0.124,240.790,1.400,0.000,0.000,1.0
2008-09-28,06:33:00,0.274,0.124,240.620,1.400,0.000,0.000,1.0
2008-09-28,06:34:00,0.272,0.124,240.530,1.200,0.000,0.000,0.0
2008-09-28,06:35:00,0.284,0.122,240.430,1.400,0.000,0.000,1.0
2008-09-28,06:36:00,0.272,0.124,240.510,1.200,0.000,0.000,1.0
2008-09-28,06:37:00,0.270,0.122,240.250,1.200,0.000,0.000,0.0
2008-09-28,06:38:00,0.280,0.122,240.240,1.400,0.000,0.000,1.0
2008-09-28,06:39:00,0.278,0.122,240.390,1.400,0.000,0.000,1.0
2008-09-28,06:40:00,0.258,0.124,241.020,1.200,0.000,0.000,0.0
2008-09-28,06:41:00,0.270,0.124,240.730,1.200,0.000,0.000,1.0
2008-09-28,06:42:00,0.250,0.068,240.610,1.400,0.000,0.000,1.0
2008-09-28,06:43:00,0.164,0.000,241.000,0.600,0.000,0.000,0.0
2008-09-28,06:44:00,0.186,0.000,241.120,1.000,0.000,0.000,1.0
2008-09-28,06:45:00,0.182,0.000,241.140,1.000,0.000,0.000,1.0
2008-09-28,06:46:00,0.176,0.000,241.310,0.800,0.000,0.000,0.0
2008-09-28,06:47:00,0.176,0.000,241.260,0.800,0.000,0.000,1.0
2008-09-28,06:48:00,0.182,0.000,241.130,1.000,0.000,0.000,1.0
2008-09-28,06:49:00,0.182,0.000,241.270,1.000,0.000,0.000,0.0
2008-09-28,06:50:00,0.164,0.000,241.440,0.600,0.000,0.000,1.0
2008-09-28,06:51:00,0.182,0.000,241.370,1.000,0.000,0.000,0.0
2008-09-28,06:52:00,0.182,0.000,241.140,1.000,0.000,0.000,1.0
2008-09-28,06:53:00,0.182,0.000,241.070,1.000,0.000,0.000,1.0
2008-09-28,06:54:00,0.176,0.000,241.630,0.800,0.000,0.000,0.0
2008-09-28,06:55:00,0.270,0.096,241.980,1.400,0.000,0.000,1.0
2008-09-28,06:56:00,0.258,0.096,241.820,1.200,0.000,0.000,1.0
2008-09-28,06:57:00,0.252,0.094,241.000,1.200,0.000,0.000,0.0
2008-09-28,06:58:00,0.268,0.094,241.210,1.400,0.000,0.000,1.0
2008-09-28,06:59:00,0.250,0.096,241.020,1.200,0.000,0.000,1.0
2008-09-28,07:00:00,0.252,0.096,241.030,1.200,0.000,0.000,0.0
2008-09-28,07:01:00,0.248,0.096,241.260,1.200,0.000,0.000,1.0
2008-09-28,07:02:00,0.250,0.096,241.680,1.200,0.000,0.000,1.0
2008-09-28,07:03:00,0.264,0.102,241.090,1.400,0.000,0.000,0.0
2008-09-28,07:04:00,0.366,0.226,241.060,1.800,0.000,0.000,1.0
2008-09-28,07:05:00,0.332,0.194,241.030,1.600,0.000,0.000,1.0
2008-09-28,07:06:00,0.282,0.124,241.280,1.400,0.000,0.000,0.0
2008-09-28,07:07:00,0.282,0.126,241.540,1.400,0.000,0.000,1.0
2008-09-28,07:08:00,0.280,0.124,241.390,1.400,0.000,0.000,1.0
2008-09-28,07:09:00,0.278,0.124,241.030,1.400,0.000,0.000,0.0
2008-09-28,07:10:00,0.288,0.124,241.080,1.400,0.000,0.000,1.0
2008-09-28,07:11:00,0.278,0.126,241.570,1.400,0.000,0.000,1.0
2008-09-28,07:12:00,0.276,0.124,241.320,1.400,0.000,0.000,0.0
2008-09-28,07:13:00,0.276,0.124,241.270,1.400,0.000,0.000,1.0
2008-09-28,07:14:00,0.286,0.124,241.330,1.400,0.000,0.000,1.0
2008-09-28,07:15:00,0.274,0.124,241.220,1.400,0.000,0.000,0.0
2008-09-28,07:16:00,0.272,0.124,241.280,1.200,0.000,0.000,1.0
2008-09-28,07:17:00,0.310,0.158,241.390,1.600,0.000,0.000,1.0
2008-09-28,07:18:00,0.368,0.246,241.220,2.000,0.000,1.000,0.0
2008-09-28,07:19:00,0.356,0.248,241.370,1.800,0.000,1.000,1.0
2008-09-28,07:20:00,0.354,0.244,240.660,1.800,0.000,1.000,1.0
2008-09-28,07:21:00,0.294,0.142,240.500,1.600,0.000,2.000,0.0
2008-09-28,07:22:00,0.264,0.114,241.320,1.200,0.000,1.000,1.0
2008-09-28,07:23:00,0.264,0.114,241.390,1.200,0.000,2.000,1.0
2008-09-28,07:24:00,0.264,0.116,241.500,1.200,0.000,1.000,0.0
2008-09-28,07:25:00,0.274,0.114,241.040,1.400,0.000,2.000,1.0
2008-09-28,07:26:00,0.262,0.114,240.880,1.200,0.000,1.000,1.0
2008-09-28,07:27:00,0.272,0.112,240.710,1.400,0.000,1.000,0.0
2008-09-28,07:28:00,0.260,0.114,240.970,1.200,0.000,2.000,1.0
2008-09-28,07:29:00,0.260,0.114,241.310,1.200,0.000,1.000,1.0
2008-09-28,07:30:00,0.260,0.116,241.930,1.200,0.000,2.000,0.0
2008-09-28,07:31:00,0.372,0.110,241.540,1.800,0.000,1.000,1.0
2008-09-28,07:32:00,0.366,0.110,241.680,1.600,0.000,1.000,1.0
2008-09-28,07:33:00,0.366,0.110,241.540,1.600,0.000,2.000,0.0
2008-09-28,07:34:00,0.294,0.000,241.570,1.200,0.000,0.000,1.0
2008-09-28,07:35:00,0.298,0.000,241.760,1.400,0.000,0.000,1.0
2008-09-28,07:36:00,0.326,0.000,241.940,1.600,0.000,0.000,0.0
2008-09-28,07:37:00,0.372,0.096,242.600,1.600,0.000,0.000,1.0
2008-09-28,07:38:00,0.364,0.094,242.310,1.600,0.000,0.000,1.0
2008-09-28,07:39:00,0.276,0.096,241.820,1.200,0.000,0.000,0.0
2008-09-28,07:40:00,0.256,0.098,241.690,1.200,0.000,0.000,1.0
2008-09-28,07:41:00,0.252,0.100,242.230,1.200,0.000,0.000,1.0
2008-09-28,07:42:00,0.264,0.100,242.590,1.400,0.000,0.000,0.0
2008-09-28,07:43:00,0.350,0.210,242.920,1.800,0.000,0.000,1.0
2008-09-28,07:44:00,0.460,0.260,242.270,2.400,0.000,0.000,2.0
2008-09-28,07:45:00,0.948,0.364,241.820,4.200,0.000,0.000,10.0
2008-09-28,07:46:00,0.976,0.362,241.920,4.400,0.000,0.000,11.0
2008-09-28,07:47:00,0.942,0.284,241.750,4.000,0.000,0.000,12.0
2008-09-28,07:48:00,0.930,0.256,241.860,4.000,0.000,0.000,11.0
2008-09-28,07:49:00,0.882,0.244,242.050,3.800,0.000,0.000,12.0
2008-09-28,07:50:00,0.278,0.132,242.760,1.400,0.000,0.000,0.0
2008-09-28,07:51:00,0.278,0.132,242.920,1.400,0.000,0.000,1.0
2008-09-28,07:52:00,0.276,0.132,242.970,1.400,0.000,0.000,1.0
2008-09-28,07:53:00,0.296,0.130,242.820,1.600,0.000,0.000,0.0
2008-09-28,07:54:00,0.264,0.130,242.730,1.200,0.000,0.000,1.0
2008-09-28,07:55:00,0.284,0.130,242.890,1.400,0.000,0.000,1.0
2008-09-28,07:56:00,0.284,0.130,242.670,1.400,0.000,0.000,0.0
2008-09-28,07:57:00,0.264,0.132,243.350,1.200,0.000,0.000,1.0
2008-09-28,07:58:00,0.298,0.132,243.330,1.600,0.000,0.000,1.0
2008-09-28,07:59:00,0.262,0.130,242.940,1.200,0.000,0.000,0.0
2008-09-28,08:00:00,0.192,0.000,242.490,1.000,0.000,0.000,1.0
2008-09-28,08:01:00,0.188,0.000,242.300,1.000,0.000,0.000,1.0
2008-09-28,08:02:00,0.178,0.000,242.550,0.800,0.000,0.000,0.0
2008-09-28,08:03:00,0.178,0.000,242.770,0.800,0.000,0.000,1.0
2008-09-28,08:04:00,0.190,0.000,242.980,1.000,0.000,0.000,1.0
2008-09-28,08:05:00,0.176,0.000,242.250,0.800,0.000,0.000,0.0
2008-09-28,08:06:00,0.210,0.000,242.500,1.000,0.000,0.000,1.0
2008-09-28,08:07:00,0.270,0.000,242.350,1.200,0.000,0.000,1.0
2008-09-28,08:08:00,0.582,0.000,242.450,2.400,0.000,0.000,0.0
2008-09-28,08:09:00,0.602,0.000,242.470,2.400,0.000,0.000,1.0
2008-09-28,08:10:00,0.972,0.000,241.080,4.400,0.000,0.000,1.0
2008-09-28,08:11:00,3.894,0.000,237.880,16.800,0.000,0.000,0.0
2008-09-28,08:12:00,4.268,0.000,237.590,17.800,0.000,0.000,1.0
2008-09-28,08:13:00,2.846,0.046,239.880,13.200,0.000,0.000,1.0
2008-09-28,08:14:00,1.602,0.056,240.170,7.600,0.000,0.000,0.0
2008-09-28,08:15:00,0.640,0.000,240.890,3.000,0.000,0.000,1.0
2008-09-28,08:16:00,0.654,0.114,243.210,2.800,0.000,0.000,1.0
2008-09-28,08:17:00,0.324,0.144,243.790,1.400,0.000,0.000,0.0
2008-09-28,08:18:00,0.320,0.140,243.430,1.400,0.000,0.000,1.0
2008-09-28,08:19:00,0.352,0.140,243.600,1.600,0.000,0.000,1.0
2008-09-28,08:20:00,0.350,0.140,243.460,1.600,0.000,0.000,0.0
2008-09-28,08:21:00,0.354,0.142,244.200,1.600,0.000,0.000,1.0
2008-09-28,08:22:00,0.418,0.212,244.490,2.000,0.000,0.000,1.0
2008-09-28,08:23:00,0.462,0.284,244.790,2.200,0.000,0.000,0.0
2008-09-28,08:24:00,0.460,0.284,244.760,2.200,0.000,0.000,1.0
2008-09-28,08:25:00,0.448,0.280,244.020,2.200,0.000,0.000,1.0
2008-09-28,08:26:00,0.448,0.284,244.450,2.200,0.000,0.000,0.0
2008-09-28,08:27:00,0.444,0.284,244.450,2.200,0.000,0.000,1.0
2008-09-28,08:28:00,0.444,0.282,244.160,2.200,0.000,0.000,1.0
2008-09-28,08:29:00,0.334,0.144,243.600,1.600,0.000,0.000,0.0
2008-09-28,08:30:00,0.328,0.138,244.530,1.400,0.000,0.000,1.0
2008-09-28,08:31:00,0.326,0.136,244.220,1.400,0.000,0.000,1.0
2008-09-28,08:32:00,0.322,0.134,243.470,1.400,0.000,0.000,0.0
2008-09-28,08:33:00,0.332,0.134,243.570,1.400,0.000,0.000,1.0
2008-09-28,08:34:00,0.334,0.128,243.300,1.600,0.000,0.000,1.0
2008-09-28,08:35:00,0.372,0.112,243.290,1.600,0.000,0.000,0.0
2008-09-28,08:36:00,0.376,0.112,243.430,1.600,0.000,0.000,1.0
2008-09-28,08:37:00,0.376,0.112,243.250,1.600,0.000,0.000,1.0
2008-09-28,08:38:00,0.370,0.112,242.770,1.600,0.000,0.000,0.0
2008-09-28,08:39:00,0.326,0.048,243.090,1.400,0.000,0.000,1.0
2008-09-28,08:40:00,0.280,0.000,243.310,1.200,0.000,0.000,1.0
2008-09-28,08:41:00,0.278,0.000,243.200,1.200,0.000,0.000,0.0
2008-09-28,08:42:00,0.276,0.000,243.390,1.200,0.000,0.000,1.0
2008-09-28,08:43:00,0.274,0.000,243.500,1.200,0.000,0.000,1.0
2008-09-28,08:44:00,0.272,0.000,243.380,1.200,0.000,0.000,0.0
2008-09-28,08:45:00,0.274,0.000,243.020,1.200,0.000,0.000,1.0
2008-09-28,08:46:00,0.368,0.090,242.450,1.800,0.000,0.000,1.0
2008-09-28,08:47:00,0.356,0.098,242.380,1.600,0.000,2.000,0.0
2008-09-28,08:48:00,0.358,0.098,242.370,1.600,0.000,1.000,1.0
2008-09-28,08:49:00,0.358,0.098,242.560,1.600,0.000,1.000,1.0
2008-09-28,08:50:00,0.360,0.098,242.700,1.600,0.000,2.000,0.0
2008-09-28,08:51:00,0.362,0.100,242.740,1.600,0.000,1.000,1.0
2008-09-28,08:52:00,0.362,0.098,242.450,1.600,0.000,2.000,1.0
2008-09-28,08:53:00,0.364,0.100,243.260,1.600,0.000,1.000,0.0
2008-09-28,08:54:00,0.364,0.100,243.340,1.600,0.000,2.000,1.0
2008-09-28,08:55:00,0.358,0.100,243.580,1.600,0.000,1.000,1.0
2008-09-28,08:56:00,0.358,0.102,243.620,1.600,0.000,2.000,1.0
2008-09-28,08:57:00,0.358,0.102,244.480,1.600,0.000,1.000,0.0
2008-09-28,08:58:00,0.354,0.104,244.650,1.600,0.000,1.000,1.0
2008-09-28,08:59:00,0.358,0.102,244.560,1.600,0.000,2.000,1.0
2008-09-28,09:00:00,0.414,0.152,244.450,2.000,0.000,1.000,0.0
2008-09-28,09:01:00,0.518,0.206,244.150,2.200,0.000,1.000,1.0
2008-09-28,09:02:00,0.532,0.200,244.390,2.400,0.000,1.000,1.0
2008-09-28,09:03:00,0.550,0.220,244.260,2.400,0.000,0.000,0.0
2008-09-28,09:04:00,0.508,0.220,244.220,2.200,0.000,0.000,1.0
2008-09-28,09:05:00,0.456,0.224,244.290,2.000,0.000,0.000,1.0
2008-09-28,09:06:00,0.450,0.222,244.110,2.000,0.000,0.000,0.0
2008-09-28,09:07:00,0.446,0.222,244.220,2.000,0.000,0.000,1.0
2008-09-28,09:08:00,0.452,0.222,244.440,2.000,0.000,0.000,1.0
2008-09-28,09:09:00,0.454,0.224,244.700,2.000,0.000,0.000,0.0
2008-09-28,09:10:00,0.452,0.220,243.680,2.000,0.000,0.000,1.0
2008-09-28,09:11:00,0.430,0.192,243.630,2.000,0.000,0.000,1.0
2008-09-28,09:12:00,0.366,0.116,243.850,1.600,0.000,0.000,0.0
2008-09-28,09:13:00,0.318,0.114,243.920,1.400,0.000,0.000,1.0
2008-09-28,09:14:00,0.326,0.122,244.080,1.400,0.000,0.000,1.0
2008-09-28,09:15:00,0.324,0.120,243.850,1.400,0.000,0.000,0.0
2008-09-28,09:16:00,0.320,0.122,243.810,1.400,0.000,0.000,1.0
2008-09-28,09:17:00,0.320,0.118,243.140,1.400,0.000,0.000,1.0
2008-09-28,09:18:00,0.312,0.116,242.240,1.400,0.000,0.000,0.0
2008-09-28,09:19:00,0.304,0.110,242.330,1.200,0.000,0.000,1.0
2008-09-28,09:20:00,0.304,0.110,242.450,1.200,0.000,0.000,1.0
2008-09-28,09:21:00,0.250,0.000,242.970,1.000,0.000,0.000,0.0
2008-09-28,09:22:00,0.212,0.000,243.080,0.800,0.000,0.000,1.0
2008-09-28,09:23:00,0.254,0.000,242.540,1.000,0.000,0.000,1.0
2008-09-28,09:24:00,0.792,0.106,241.950,3.400,0.000,0.000,9.0
2008-09-28,09:25:00,0.820,0.106,242.030,3.400,0.000,0.000,11.0
2008-09-28,09:26:00,0.844,0.104,242.000,3.400,0.000,0.000,12.0
2008-09-28,09:27:00,0.836,0.102,241.810,3.400,0.000,0.000,11.0
2008-09-28,09:28:00,0.842,0.100,241.610,3.400,0.000,0.000,12.0
2008-09-28,09:29:00,0.192,0.000,242.650,0.800,0.000,0.000,1.0
2008-09-28,09:30:00,0.422,0.000,242.290,2.000,0.000,0.000,1.0
2008-09-28,09:31:00,0.268,0.000,242.640,1.200,0.000,0.000,1.0
2008-09-28,09:32:00,0.202,0.000,243.360,0.800,0.000,0.000,0.0
2008-09-28,09:33:00,0.186,0.000,243.020,0.800,0.000,0.000,1.0
2008-09-28,09:34:00,0.184,0.000,242.210,0.800,0.000,0.000,1.0
2008-09-28,09:35:00,0.186,0.000,242.620,0.800,0.000,0.000,0.0
2008-09-28,09:36:00,0.186,0.000,243.180,0.800,0.000,0.000,1.0
2008-09-28,09:37:00,0.186,0.000,242.900,0.800,0.000,0.000,1.0
2008-09-28,09:38:00,0.184,0.000,242.650,0.800,0.000,0.000,0.0
2008-09-28,09:39:00,0.248,0.000,242.320,1.200,0.000,0.000,1.0
2008-09-28,09:40:00,0.262,0.080,242.310,1.000,0.000,0.000,1.0
2008-09-28,09:41:00,0.262,0.080,242.480,1.000,0.000,0.000,0.0
2008-09-28,09:42:00,0.942,0.072,241.990,4.400,0.000,0.000,11.0
2008-09-28,09:43:00,1.372,0.066,241.090,5.600,0.000,0.000,19.0
2008-09-28,09:44:00,1.430,0.148,240.370,6.000,0.000,0.000,19.0
2008-09-28,09:45:00,1.440,0.196,240.000,6.000,0.000,0.000,19.0
2008-09-28,09:46:00,1.428,0.194,239.910,6.000,0.000,0.000,18.0
2008-09-28,09:47:00,1.432,0.198,240.800,6.000,0.000,0.000,18.0
2008-09-28,09:48:00,1.428,0.200,240.840,6.000,0.000,0.000,19.0
2008-09-28,09:49:00,1.418,0.196,240.130,5.800,0.000,0.000,18.0
2008-09-28,09:50:00,1.386,0.150,240.270,5.800,0.000,0.000,19.0
2008-09-28,09:51:00,1.350,0.094,240.440,5.600,0.000,0.000,18.0
2008-09-28,09:52:00,1.442,0.094,240.950,6.000,0.000,0.000,19.0
2008-09-28,09:53:00,1.360,0.096,241.650,5.600,0.000,0.000,18.0
2008-09-28,09:54:00,1.356,0.096,241.400,5.600,0.000,0.000,19.0
2008-09-28,09:55:00,1.354,0.096,241.370,5.600,0.000,0.000,18.0
2008-09-28,09:56:00,1.354,0.096,241.450,5.600,0.000,0.000,19.0
2008-09-28,09:57:00,1.352,0.096,241.250,5.600,0.000,0.000,18.0
2008-09-28,09:58:00,1.352,0.096,241.310,5.600,0.000,0.000,19.0
2008-09-28,09:59:00,1.342,0.094,240.520,5.600,0.000,0.000,18.0
2008-09-28,10:00:00,1.344,0.094,240.640,5.600,0.000,0.000,19.0
2008-09-28,10:01:00,1.336,0.092,239.790,5.600,0.000,0.000,18.0
2008-09-28,10:02:00,1.254,0.000,239.950,5.200,0.000,0.000,18.0
2008-09-28,10:03:00,1.252,0.000,240.670,5.200,0.000,0.000,18.0
2008-09-28,10:04:00,1.256,0.000,241.010,5.200,0.000,0.000,19.0
2008-09-28,10:05:00,1.254,0.000,240.870,5.200,0.000,0.000,18.0
2008-09-28,10:06:00,1.252,0.000,240.570,5.200,0.000,0.000,19.0
2008-09-28,10:07:00,1.252,0.000,240.640,5.200,0.000,0.000,18.0
2008-09-28,10:08:00,1.252,0.000,240.630,5.200,0.000,0.000,19.0
2008-09-28,10:09:00,1.248,0.000,240.180,5.200,0.000,0.000,18.0
2008-09-28,10:10:00,1.248,0.000,240.220,5.200,0.000,0.000,18.0
2008-09-28,10:11:00,1.246,0.000,240.060,5.200,0.000,0.000,18.0
2008-09-28,10:12:00,1.246,0.000,239.960,5.200,0.000,0.000,19.0
2008-09-28,10:13:00,1.244,0.000,239.880,5.200,0.000,0.000,18.0
2008-09-28,10:14:00,1.278,0.000,239.790,5.200,0.000,0.000,18.0
2008-09-28,10:15:00,1.326,0.080,239.550,5.400,0.000,1.000,19.0
2008-09-28,10:16:00,1.326,0.080,239.590,5.400,0.000,1.000,18.0
2008-09-28,10:17:00,1.324,0.080,239.440,5.400,0.000,2.000,18.0
2008-09-28,10:18:00,1.328,0.080,239.710,5.400,0.000,1.000,18.0
2008-09-28,10:19:00,1.330,0.080,239.710,5.400,0.000,1.000,18.0
2008-09-28,10:20:00,1.330,0.080,239.820,5.400,0.000,2.000,19.0
2008-09-28,10:21:00,1.328,0.080,239.670,5.400,0.000,1.000,18.0
2008-09-28,10:22:00,1.002,0.096,240.750,4.600,0.000,2.000,14.0
2008-09-28,10:23:00,0.348,0.202,241.860,1.600,0.000,1.000,0.0
2008-09-28,10:24:00,0.346,0.202,241.840,1.600,0.000,2.000,1.0
2008-09-28,10:25:00,0.346,0.200,241.650,1.600,0.000,1.000,1.0
2008-09-28,10:26:00,0.346,0.202,242.310,1.600,0.000,1.000,0.0
2008-09-28,10:27:00,0.436,0.302,242.270,2.200,0.000,2.000,1.0
2008-09-28,10:28:00,0.448,0.336,241.800,2.200,0.000,1.000,1.0
2008-09-28,10:29:00,0.444,0.340,242.490,2.200,0.000,1.000,0.0
2008-09-28,10:30:00,0.442,0.340,242.550,2.200,0.000,2.000,1.0
2008-09-28,10:31:00,0.410,0.294,242.500,2.000,0.000,1.000,1.0
2008-09-28,10:32:00,0.360,0.216,242.620,1.600,0.000,0.000,0.0
2008-09-28,10:33:00,0.348,0.200,242.130,1.600,0.000,0.000,1.0
2008-09-28,10:34:00,0.286,0.110,241.830,1.200,0.000,0.000,1.0
2008-09-28,10:35:00,0.286,0.112,242.640,1.200,0.000,0.000,0.0
2008-09-28,10:36:00,0.284,0.108,241.310,1.200,0.000,0.000,1.0
2008-09-28,10:37:00,0.284,0.110,241.750,1.200,0.000,0.000,1.0
2008-09-28,10:38:00,0.282,0.108,241.220,1.200,0.000,0.000,0.0
2008-09-28,10:39:00,0.282,0.108,241.190,1.200,0.000,0.000,1.0
2008-09-28,10:40:00,0.282,0.108,241.500,1.200,0.000,0.000,1.0
2008-09-28,10:41:00,0.280,0.106,240.760,1.200,0.000,0.000,0.0
2008-09-28,10:42:00,0.278,0.104,239.980,1.200,0.000,0.000,1.0
2008-09-28,10:43:00,0.278,0.104,240.210,1.200,0.000,0.000,1.0
2008-09-28,10:44:00,0.276,0.104,239.730,1.200,0.000,0.000,0.0
2008-09-28,10:45:00,0.276,0.104,240.000,1.200,0.000,0.000,1.0
2008-09-28,10:46:00,0.182,0.000,239.700,0.800,0.000,0.000,1.0
2008-09-28,10:47:00,0.182,0.000,240.080,0.800,0.000,0.000,0.0
2008-09-28,10:48:00,0.182,0.000,240.020,0.800,0.000,0.000,1.0
2008-09-28,10:49:00,0.184,0.000,240.570,0.800,0.000,0.000,1.0
2008-09-28,10:50:00,0.184,0.000,240.530,0.800,0.000,0.000,0.0
2008-09-28,10:51:00,0.182,0.000,240.090,0.800,0.000,0.000,1.0
2008-09-28,10:52:00,0.184,0.000,240.520,0.800,0.000,0.000,1.0
2008-09-28,10:53:00,0.184,0.000,240.930,0.800,0.000,0.000,0.0
2008-09-28,10:54:00,0.184,0.000,240.620,0.800,0.000,0.000,1.0
2008-09-28,10:55:00,0.186,0.000,241.920,0.800,0.000,0.000,1.0
2008-09-28,10:56:00,0.186,0.000,242.640,0.800,0.000,0.000,0.0
2008-09-28,10:57:00,0.750,0.094,241.440,3.200,0.000,0.000,10.0
2008-09-28,10:58:00,0.800,0.102,241.900,3.200,0.000,0.000,10.0
2008-09-28,10:59:00,0.828,0.098,241.750,3.400,0.000,0.000,12.0
2008-09-28,11:00:00,0.836,0.090,240.550,3.400,0.000,0.000,11.0
2008-09-28,11:01:00,0.838,0.084,239.880,3.400,0.000,0.000,12.0
2008-09-28,11:02:00,0.454,0.000,240.610,2.200,0.000,0.000,6.0
2008-09-28,11:03:00,0.184,0.000,240.420,0.800,0.000,0.000,1.0
2008-09-28,11:04:00,0.182,0.000,240.220,0.800,0.000,0.000,0.0
2008-09-28,11:05:00,0.182,0.000,240.050,0.800,0.000,0.000,1.0
2008-09-28,11:06:00,0.232,0.000,240.150,1.200,0.000,0.000,0.0
2008-09-28,11:07:00,0.260,0.076,240.310,1.000,0.000,0.000,1.0
2008-09-28,11:08:00,0.262,0.076,240.840,1.000,0.000,0.000,1.0
2008-09-28,11:09:00,0.260,0.076,240.430,1.000,0.000,0.000,0.0
2008-09-28,11:10:00,0.260,0.076,240.420,1.000,0.000,0.000,1.0
2008-09-28,11:11:00,0.260,0.078,241.250,1.000,0.000,0.000,1.0
2008-09-28,11:12:00,0.348,0.170,240.550,1.600,0.000,0.000,0.0
2008-09-28,11:13:00,0.494,0.204,239.810,2.600,0.000,0.000,1.0
2008-09-28,11:14:00,0.960,0.196,239.120,5.000,0.000,0.000,1.0
2008-09-28,11:15:00,0.360,0.206,239.950,1.600,0.000,0.000,0.0
2008-09-28,11:16:00,0.656,0.216,239.380,3.600,0.000,0.000,1.0
2008-09-28,11:17:00,0.914,0.170,239.510,4.600,0.000,0.000,1.0
2008-09-28,11:18:00,0.366,0.104,240.260,2.000,0.000,0.000,0.0
2008-09-28,11:19:00,0.310,0.104,240.430,1.400,0.000,0.000,1.0
2008-09-28,11:20:00,0.296,0.104,239.600,1.400,0.000,0.000,1.0
2008-09-28,11:21:00,0.308,0.100,238.390,1.400,0.000,0.000,0.0
2008-09-28,11:22:00,0.302,0.100,238.550,1.400,0.000,0.000,1.0
2008-09-28,11:23:00,0.282,0.102,239.290,1.200,0.000,0.000,1.0
2008-09-28,11:24:00,0.302,0.102,239.700,1.400,0.000,0.000,0.0
2008-09-28,11:25:00,0.300,0.102,239.640,1.400,0.000,0.000,1.0
2008-09-28,11:26:00,0.298,0.102,239.390,1.400,0.000,0.000,1.0
2008-09-28,11:27:00,0.298,0.104,240.330,1.400,0.000,0.000,0.0
2008-09-28,11:28:00,0.292,0.104,240.170,1.400,0.000,0.000,1.0
2008-09-28,11:29:00,0.304,0.100,239.080,1.400,0.000,0.000,1.0
2008-09-28,11:30:00,0.324,0.000,238.670,1.400,0.000,0.000,0.0
2008-09-28,11:31:00,0.212,0.000,239.090,1.200,0.000,0.000,1.0
2008-09-28,11:32:00,0.200,0.000,239.090,1.000,0.000,0.000,1.0
2008-09-28,11:33:00,0.200,0.000,239.300,1.000,0.000,0.000,0.0
2008-09-28,11:34:00,0.200,0.000,239.850,1.000,0.000,0.000,1.0
2008-09-28,11:35:00,0.200,0.000,240.040,1.000,0.000,0.000,1.0
2008-09-28,11:36:00,0.196,0.000,240.620,1.000,0.000,0.000,0.0
2008-09-28,11:37:00,0.424,0.000,240.400,2.600,0.000,0.000,3.0
2008-09-28,11:38:00,1.304,0.000,238.870,5.400,0.000,0.000,19.0
2008-09-28,11:39:00,1.512,0.000,238.910,6.600,0.000,0.000,19.0
2008-09-28,11:40:00,2.598,0.000,238.670,10.800,0.000,0.000,18.0
2008-09-28,11:41:00,2.606,0.000,239.050,10.800,0.000,0.000,18.0
2008-09-28,11:42:00,2.592,0.000,239.260,10.800,0.000,0.000,19.0
2008-09-28,11:43:00,2.480,0.000,239.400,10.400,0.000,0.000,18.0
2008-09-28,11:44:00,2.106,0.000,239.340,9.800,0.000,0.000,18.0
2008-09-28,11:45:00,3.448,0.088,237.050,14.400,0.000,1.000,18.0
2008-09-28,11:46:00,3.456,0.088,237.030,14.600,0.000,1.000,18.0
2008-09-28,11:47:00,3.508,0.120,237.660,14.800,0.000,2.000,18.0
2008-09-28,11:48:00,2.208,0.188,239.040,10.200,0.000,1.000,18.0
2008-09-28,11:49:00,1.432,0.188,240.250,6.000,0.000,1.000,19.0
2008-09-28,11:50:00,1.462,0.164,239.690,6.000,0.000,2.000,18.0
2008-09-28,11:51:00,1.490,0.164,240.120,6.200,0.000,1.000,18.0
2008-09-28,11:52:00,1.438,0.162,239.110,6.000,0.000,2.000,18.0
2008-09-28,11:53:00,1.466,0.166,239.800,6.200,0.000,1.000,19.0
2008-09-28,11:54:00,1.456,0.166,240.140,6.000,0.000,2.000,18.0
2008-09-28,11:55:00,1.454,0.168,240.180,6.000,0.000,1.000,18.0
2008-09-28,11:56:00,1.516,0.220,240.020,6.400,0.000,1.000,19.0
2008-09-28,11:57:00,1.570,0.302,240.460,6.600,0.000,2.000,18.0
2008-09-28,11:58:00,1.534,0.270,240.560,6.400,0.000,1.000,18.0
2008-09-28,11:59:00,1.482,0.196,240.170,6.200,0.000,1.000,19.0
2008-09-28,12:00:00,1.478,0.194,239.670,6.200,0.000,2.000,18.0
2008-09-28,12:01:00,1.460,0.132,239.680,6.000,0.000,0.000,18.0
2008-09-28,12:02:00,1.398,0.076,240.240,5.800,0.000,0.000,19.0
2008-09-28,12:03:00,1.410,0.076,240.220,5.800,0.000,0.000,18.0
2008-09-28,12:04:00,1.394,0.076,240.180,5.800,0.000,0.000,18.0
2008-09-28,12:05:00,1.396,0.076,240.300,5.800,0.000,0.000,19.0
2008-09-28,12:06:00,1.392,0.076,240.280,5.800,0.000,0.000,18.0
2008-09-28,12:07:00,1.388,0.078,240.270,5.800,0.000,0.000,18.0
2008-09-28,12:08:00,1.384,0.080,239.220,5.800,0.000,0.000,18.0
2008-09-28,12:09:00,1.370,0.090,239.480,5.600,0.000,0.000,19.0
2008-09-28,12:10:00,1.434,0.090,239.710,6.000,0.000,0.000,18.0
2008-09-28,12:11:00,1.512,0.088,239.720,6.200,0.000,0.000,18.0
2008-09-28,12:12:00,1.376,0.092,239.830,5.600,0.000,0.000,18.0
2008-09-28,12:13:00,1.416,0.090,239.980,5.800,0.000,0.000,19.0
2008-09-28,12:14:00,1.324,0.000,239.810,5.400,0.000,0.000,18.0
2008-09-28,12:15:00,1.318,0.000,240.100,5.400,0.000,0.000,18.0
2008-09-28,12:16:00,1.306,0.000,240.020,5.400,0.000,0.000,19.0
2008-09-28,12:17:00,1.308,0.000,240.120,5.400,0.000,0.000,18.0
2008-09-28,12:18:00,1.322,0.000,240.370,5.400,0.000,0.000,18.0
2008-09-28,12:19:00,1.304,0.000,239.930,5.400,0.000,0.000,18.0
2008-09-28,12:20:00,1.298,0.000,239.450,5.400,0.000,0.000,19.0
2008-09-28,12:21:00,1.298,0.000,239.490,5.400,0.000,0.000,18.0
2008-09-28,12:22:00,1.312,0.000,239.970,5.400,0.000,0.000,18.0
2008-09-28,12:23:00,1.304,0.000,240.680,5.400,0.000,0.000,19.0
2008-09-28,12:24:00,1.312,0.000,240.400,5.400,0.000,0.000,18.0
2008-09-28,12:25:00,1.310,0.000,239.880,5.400,0.000,0.000,18.0
2008-09-28,12:26:00,1.288,0.000,240.250,5.200,0.000,0.000,19.0
2008-09-28,12:27:00,1.314,0.000,240.600,5.400,0.000,0.000,18.0
2008-09-28,12:28:00,1.298,0.000,240.290,5.400,0.000,0.000,18.0
2008-09-28,12:29:00,1.304,0.000,240.840,5.400,0.000,0.000,19.0
2008-09-28,12:30:00,1.310,0.000,240.460,5.400,0.000,0.000,18.0
2008-09-28,12:31:00,1.346,0.000,239.820,5.600,0.000,0.000,18.0
2008-09-28,12:32:00,1.702,0.124,239.090,7.200,0.000,0.000,23.0
2008-09-28,12:33:00,1.950,0.164,238.410,8.200,0.000,0.000,28.0
2008-09-28,12:34:00,1.984,0.168,238.900,8.200,0.000,0.000,29.0
2008-09-28,12:35:00,2.004,0.168,238.980,8.400,0.000,0.000,29.0
2008-09-28,12:36:00,2.024,0.170,239.150,8.400,0.000,0.000,29.0
2008-09-28,12:37:00,1.946,0.156,239.230,8.200,0.000,0.000,29.0
2008-09-28,12:38:00,1.360,0.060,239.850,5.600,0.000,0.000,18.0
2008-09-28,12:39:00,1.384,0.060,239.500,5.800,0.000,0.000,18.0
2008-09-28,12:40:00,1.358,0.060,239.620,5.600,0.000,0.000,18.0
2008-09-28,12:41:00,1.460,0.154,239.730,6.000,0.000,0.000,19.0
2008-09-28,12:42:00,1.486,0.192,239.850,6.200,0.000,0.000,18.0
2008-09-28,12:43:00,1.462,0.192,239.760,6.000,0.000,0.000,18.0
2008-09-28,12:44:00,1.460,0.192,239.720,6.000,0.000,0.000,18.0
2008-09-28,12:45:00,1.464,0.190,239.170,6.200,0.000,0.000,18.0
2008-09-28,12:46:00,1.456,0.192,239.640,6.000,0.000,0.000,19.0
2008-09-28,12:47:00,1.460,0.190,238.970,6.200,0.000,0.000,18.0
2008-09-28,12:48:00,1.452,0.192,239.420,6.000,0.000,0.000,18.0
2008-09-28,12:49:00,1.452,0.192,239.900,6.000,0.000,0.000,18.0
2008-09-28,12:50:00,1.462,0.192,239.780,6.200,0.000,0.000,19.0
2008-09-28,12:51:00,1.448,0.192,239.670,6.000,0.000,0.000,18.0
2008-09-28,12:52:00,1.448,0.192,239.760,6.000,0.000,0.000,18.0
2008-09-28,12:53:00,1.430,0.168,239.530,6.000,0.000,0.000,18.0
2008-09-28,12:54:00,1.388,0.090,239.480,5.800,0.000,0.000,18.0
2008-09-28,12:55:00,1.376,0.090,239.490,5.800,0.000,0.000,19.0
2008-09-28,12:56:00,1.372,0.088,238.990,5.600,0.000,0.000,18.0
2008-09-28,12:57:00,1.386,0.090,239.450,5.800,0.000,0.000,18.0
2008-09-28,12:58:00,1.406,0.096,241.300,5.800,0.000,0.000,19.0
2008-09-28,12:59:00,1.322,0.000,241.110,5.400,0.000,0.000,18.0
2008-09-28,13:00:00,1.296,0.000,239.700,5.400,0.000,0.000,18.0
2008-09-28,13:01:00,1.294,0.000,239.560,5.400,0.000,0.000,18.0
2008-09-28,13:02:00,1.280,0.000,239.640,5.200,0.000,0.000,19.0
2008-09-28,13:03:00,1.304,0.000,239.460,5.400,0.000,0.000,18.0
2008-09-28,13:04:00,1.276,0.000,240.050,5.200,0.000,0.000,18.0
2008-09-28,13:05:00,1.302,0.000,240.390,5.400,0.000,0.000,19.0
2008-09-28,13:06:00,1.300,0.000,240.210,5.400,0.000,0.000,18.0
2008-09-28,13:07:00,1.272,0.000,239.500,5.200,0.000,0.000,18.0
2008-09-28,13:08:00,1.294,0.000,239.510,5.400,0.000,0.000,18.0
2008-09-28,13:09:00,1.290,0.000,239.260,5.400,0.000,0.000,18.0
2008-09-28,13:10:00,1.270,0.000,239.050,5.200,0.000,0.000,19.0
2008-09-28,13:11:00,1.302,0.000,240.030,5.400,0.000,0.000,18.0
2008-09-28,13:12:00,2.336,0.050,238.850,10.000,0.000,0.000,18.0
2008-09-28,13:13:00,2.554,0.000,237.970,10.600,0.000,0.000,18.0
2008-09-28,13:14:00,2.614,0.068,237.930,11.000,0.000,1.000,18.0
2008-09-28,13:15:00,2.524,0.068,238.090,10.600,0.000,1.000,18.0
2008-09-28,13:16:00,1.344,0.080,239.870,5.600,0.000,2.000,18.0
2008-09-28,13:17:00,1.364,0.080,239.700,5.600,0.000,1.000,19.0
2008-09-28,13:18:00,1.358,0.080,239.970,5.600,0.000,2.000,18.0
2008-09-28,13:19:00,1.362,0.102,239.570,5.600,0.000,1.000,18.0
2008-09-28,13:20:00,1.426,0.180,239.260,6.000,0.000,1.000,18.0
2008-09-28,13:21:00,1.420,0.178,238.770,6.000,0.000,2.000,18.0
2008-09-28,13:22:00,1.398,0.180,238.870,5.800,0.000,1.000,18.0
2008-09-28,13:23:00,1.422,0.180,239.130,6.000,0.000,2.000,19.0
2008-09-28,13:24:00,1.658,0.174,238.560,7.000,0.000,1.000,18.0
2008-09-28,13:25:00,1.516,0.176,238.140,6.400,0.000,1.000,18.0
2008-09-28,13:26:00,1.618,0.296,238.190,6.800,0.000,2.000,18.0
2008-09-28,13:27:00,1.616,0.306,238.560,6.800,0.000,1.000,18.0
2008-09-28,13:28:00,1.620,0.310,239.140,6.800,0.000,1.000,18.0
2008-09-28,13:29:00,1.632,0.312,239.620,6.800,0.000,2.000,18.0
2008-09-28,13:30:00,1.610,0.296,239.860,6.800,0.000,1.000,18.0
2008-09-28,13:31:00,1.558,0.194,240.230,6.400,0.000,0.000,19.0
2008-09-28,13:32:00,1.546,0.194,240.380,6.400,0.000,0.000,18.0
2008-09-28,13:33:00,1.544,0.194,240.310,6.400,0.000,0.000,18.0
2008-09-28,13:34:00,1.544,0.194,240.440,6.400,0.000,0.000,19.0
2008-09-28,13:35:00,1.542,0.194,240.300,6.400,0.000,0.000,18.0
2008-09-28,13:36:00,1.550,0.194,240.100,6.400,0.000,0.000,18.0
2008-09-28,13:37:00,1.548,0.192,240.010,6.400,0.000,0.000,19.0
2008-09-28,13:38:00,1.528,0.194,240.300,6.400,0.000,0.000,18.0
2008-09-28,13:39:00,1.548,0.194,240.170,6.400,0.000,0.000,18.0
2008-09-28,13:40:00,1.566,0.194,239.300,6.600,0.000,0.000,19.0
2008-09-28,13:41:00,2.048,0.226,239.750,9.000,0.000,0.000,18.0
2008-09-28,13:42:00,1.872,0.200,240.020,8.200,0.000,0.000,18.0
2008-09-28,13:43:00,1.518,0.194,239.990,6.200,0.000,0.000,18.0
2008-09-28,13:44:00,1.514,0.192,239.630,6.200,0.000,0.000,19.0
2008-09-28,13:45:00,1.520,0.194,240.150,6.200,0.000,0.000,18.0
2008-09-28,13:46:00,1.518,0.194,240.170,6.200,0.000,0.000,18.0
2008-09-28,13:47:00,1.514,0.192,239.850,6.200,0.000,0.000,19.0
2008-09-28,13:48:00,1.460,0.108,239.950,6.000,0.000,0.000,18.0
2008-09-28,13:49:00,1.454,0.092,240.320,6.000,0.000,0.000,18.0
2008-09-28,13:50:00,1.452,0.092,240.210,6.000,0.000,0.000,19.0
2008-09-28,13:51:00,1.444,0.090,239.440,6.000,0.000,0.000,18.0
2008-09-28,13:52:00,1.374,0.000,239.890,5.600,0.000,0.000,18.0
2008-09-28,13:53:00,1.362,0.000,240.390,5.600,0.000,0.000,18.0
2008-09-28,13:54:00,1.352,0.000,239.510,5.600,0.000,0.000,19.0
2008-09-28,13:55:00,1.350,0.000,239.320,5.600,0.000,0.000,18.0
2008-09-28,13:56:00,1.346,0.000,238.960,5.600,0.000,0.000,18.0
2008-09-28,13:57:00,1.340,0.000,237.990,5.600,0.000,0.000,18.0
2008-09-28,13:58:00,1.400,0.000,237.780,5.800,0.000,0.000,18.0
2008-09-28,13:59:00,1.404,0.000,238.080,5.800,0.000,0.000,18.0
2008-09-28,14:00:00,1.402,0.000,237.850,5.800,0.000,0.000,18.0
2008-09-28,14:01:00,1.404,0.000,238.140,5.800,0.000,0.000,18.0
2008-09-28,14:02:00,1.412,0.000,238.740,5.800,0.000,0.000,18.0
2008-09-28,14:03:00,1.402,0.000,237.980,5.800,0.000,0.000,18.0
2008-09-28,14:04:00,1.398,0.000,237.470,5.800,0.000,0.000,18.0
2008-09-28,14:05:00,1.404,0.000,237.990,5.800,0.000,0.000,18.0
2008-09-28,14:06:00,1.402,0.000,237.990,5.800,0.000,0.000,18.0
2008-09-28,14:07:00,1.412,0.000,238.890,5.800,0.000,0.000,18.0
2008-09-28,14:08:00,1.412,0.000,238.780,5.800,0.000,0.000,18.0
2008-09-28,14:09:00,1.414,0.000,239.050,5.800,0.000,0.000,18.0
2008-09-28,14:10:00,1.606,0.000,238.300,6.800,0.000,0.000,21.0
2008-09-28,14:11:00,1.998,0.060,237.830,8.400,0.000,0.000,28.0
2008-09-28,14:12:00,2.106,0.144,238.230,8.800,0.000,0.000,28.0
2008-09-28,14:13:00,2.156,0.188,237.950,9.000,0.000,0.000,29.0
2008-09-28,14:14:00,2.156,0.186,237.730,9.000,0.000,0.000,29.0
2008-09-28,14:15:00,2.158,0.184,237.540,9.000,0.000,0.000,28.0
2008-09-28,14:16:00,1.694,0.196,237.980,7.200,0.000,0.000,21.0
2008-09-28,14:17:00,1.580,0.184,238.110,6.600,0.000,0.000,18.0
2008-09-28,14:18:00,1.580,0.186,238.050,6.600,0.000,0.000,18.0
2008-09-28,14:19:00,1.578,0.186,238.100,6.600,0.000,0.000,18.0
2008-09-28,14:20:00,1.574,0.186,238.050,6.600,0.000,0.000,18.0
2008-09-28,14:21:00,1.570,0.184,237.870,6.600,0.000,0.000,18.0
2008-09-28,14:22:00,1.570,0.186,238.040,6.600,0.000,0.000,18.0
2008-09-28,14:23:00,1.570,0.186,238.130,6.600,0.000,0.000,18.0
2008-09-28,14:24:00,1.572,0.186,238.390,6.600,0.000,0.000,18.0
2008-09-28,14:25:00,1.568,0.186,238.360,6.600,0.000,0.000,18.0
2008-09-28,14:26:00,1.570,0.188,238.570,6.600,0.000,0.000,18.0
2008-09-28,14:27:00,1.570,0.188,238.530,6.600,0.000,0.000,18.0
2008-09-28,14:28:00,1.566,0.186,238.320,6.600,0.000,0.000,18.0
2008-09-28,14:29:00,1.568,0.188,238.520,6.600,0.000,0.000,18.0
2008-09-28,14:30:00,1.566,0.186,238.470,6.600,0.000,0.000,18.0
2008-09-28,14:31:00,1.566,0.186,238.310,6.600,0.000,0.000,18.0
2008-09-28,14:32:00,1.568,0.188,238.590,6.600,0.000,0.000,18.0
2008-09-28,14:33:00,1.526,0.122,238.680,6.400,0.000,0.000,18.0
2008-09-28,14:34:00,1.466,0.000,238.970,6.000,0.000,0.000,19.0
2008-09-28,14:35:00,1.414,0.000,238.840,5.800,0.000,0.000,18.0
2008-09-28,14:36:00,1.412,0.000,238.870,5.800,0.000,0.000,18.0
2008-09-28,14:37:00,1.418,0.000,239.140,5.800,0.000,0.000,18.0
2008-09-28,14:38:00,1.420,0.000,239.320,5.800,0.000,0.000,18.0
2008-09-28,14:39:00,1.424,0.000,239.810,5.800,0.000,0.000,18.0
2008-09-28,14:40:00,1.424,0.000,239.780,5.800,0.000,0.000,19.0
2008-09-28,14:41:00,1.424,0.000,239.870,5.800,0.000,0.000,18.0
2008-09-28,14:42:00,1.430,0.000,240.210,5.800,0.000,0.000,18.0
2008-09-28,14:43:00,1.516,0.064,240.000,6.200,0.000,0.000,19.0
2008-09-28,14:44:00,1.508,0.078,239.540,6.200,0.000,2.000,18.0
2008-09-28,14:45:00,1.504,0.078,239.480,6.200,0.000,1.000,18.0
2008-09-28,14:46:00,1.506,0.078,239.440,6.200,0.000,1.000,18.0
2008-09-28,14:47:00,1.508,0.078,239.580,6.200,0.000,2.000,18.0
2008-09-28,14:48:00,1.508,0.078,239.670,6.200,0.000,1.000,19.0
2008-09-28,14:49:00,1.504,0.076,239.300,6.200,0.000,2.000,18.0
2008-09-28,14:50:00,1.508,0.076,239.370,6.200,0.000,1.000,18.0
2008-09-28,14:51:00,1.506,0.076,239.290,6.200,0.000,2.000,18.0
2008-09-28,14:52:00,1.502,0.076,238.840,6.200,0.000,1.000,18.0
2008-09-28,14:53:00,1.500,0.076,239.070,6.200,0.000,1.000,18.0
2008-09-28,14:54:00,1.502,0.076,239.330,6.200,0.000,2.000,19.0
2008-09-28,14:55:00,1.502,0.078,239.380,6.200,0.000,1.000,18.0
2008-09-28,14:56:00,1.520,0.088,239.420,6.400,0.000,2.000,18.0
2008-09-28,14:57:00,1.602,0.206,238.910,6.600,0.000,1.000,18.0
2008-09-28,14:58:00,1.600,0.208,238.970,6.600,0.000,1.000,18.0
2008-09-28,14:59:00,1.592,0.198,239.330,6.600,0.000,1.000,18.0
2008-09-28,15:00:00,1.528,0.090,239.800,6.200,0.000,0.000,19.0
2008-09-28,15:01:00,1.552,0.104,239.720,6.400,0.000,0.000,18.0
2008-09-28,15:02:00,1.604,0.192,240.070,6.600,0.000,0.000,18.0
2008-09-28,15:03:00,1.604,0.194,240.250,6.600,0.000,0.000,19.0
2008-09-28,15:04:00,1.600,0.192,240.040,6.600,0.000,0.000,18.0
2008-09-28,15:05:00,1.606,0.192,239.990,6.600,0.000,0.000,18.0
2008-09-28,15:06:00,1.698,0.190,239.980,7.000,0.000,0.000,18.0
2008-09-28,15:07:00,1.596,0.194,240.370,6.600,0.000,0.000,19.0
2008-09-28,15:08:00,1.592,0.192,240.170,6.600,0.000,0.000,18.0
2008-09-28,15:09:00,1.588,0.192,239.960,6.600,0.000,0.000,18.0
2008-09-28,15:10:00,1.586,0.192,239.950,6.600,0.000,0.000,19.0
2008-09-28,15:11:00,1.590,0.192,240.250,6.600,0.000,0.000,18.0
2008-09-28,15:12:00,1.590,0.194,240.320,6.600,0.000,0.000,18.0
2008-09-28,15:13:00,1.588,0.192,240.130,6.600,0.000,0.000,19.0
2008-09-28,15:14:00,1.586,0.192,240.100,6.600,0.000,0.000,18.0
2008-09-28,15:15:00,1.584,0.192,240.080,6.600,0.000,0.000,18.0
2008-09-28,15:16:00,1.576,0.190,239.280,6.600,0.000,0.000,18.0
2008-09-28,15:17:00,1.564,0.166,239.500,6.400,0.000,0.000,19.0
2008-09-28,15:18:00,1.498,0.070,239.530,6.200,0.000,0.000,18.0
2008-09-28,15:19:00,1.418,0.000,239.310,5.800,0.000,0.000,18.0
2008-09-28,15:20:00,1.424,0.000,239.850,5.800,0.000,0.000,18.0
2008-09-28,15:21:00,1.420,0.000,239.530,5.800,0.000,0.000,19.0
2008-09-28,15:22:00,1.422,0.000,239.610,5.800,0.000,0.000,18.0
2008-09-28,15:23:00,1.424,0.000,239.740,5.800,0.000,0.000,18.0
2008-09-28,15:24:00,1.422,0.000,239.670,5.800,0.000,0.000,18.0
2008-09-28,15:25:00,1.432,0.000,240.490,5.800,0.000,0.000,19.0
2008-09-28,15:26:00,1.424,0.000,239.820,5.800,0.000,0.000,18.0
2008-09-28,15:27:00,1.420,0.000,239.550,5.800,0.000,0.000,18.0
2008-09-28,15:28:00,1.420,0.000,239.490,5.800,0.000,0.000,18.0
2008-09-28,15:29:00,1.424,0.000,239.950,5.800,0.000,0.000,19.0
2008-09-28,15:30:00,1.424,0.000,239.870,5.800,0.000,0.000,18.0
2008-09-28,15:31:00,1.424,0.000,239.790,5.800,0.000,0.000,18.0
2008-09-28,15:32:00,1.422,0.000,239.670,5.800,0.000,0.000,18.0
2008-09-28,15:33:00,1.426,0.000,240.010,5.800,0.000,0.000,19.0
2008-09-28,15:34:00,1.432,0.000,240.620,5.800,0.000,0.000,18.0
2008-09-28,15:35:00,1.428,0.000,240.160,5.800,0.000,0.000,18.0
2008-09-28,15:36:00,1.432,0.000,240.480,5.800,0.000,0.000,19.0
2008-09-28,15:37:00,1.432,0.000,240.530,5.800,0.000,0.000,18.0
2008-09-28,15:38:00,1.430,0.000,240.500,5.800,0.000,0.000,18.0
2008-09-28,15:39:00,1.490,0.000,240.810,6.200,0.000,0.000,19.0
2008-09-28,15:40:00,1.524,0.000,241.090,6.200,0.000,0.000,18.0
2008-09-28,15:41:00,1.552,0.000,241.270,6.400,0.000,0.000,19.0
2008-09-28,15:42:00,1.666,0.000,240.970,6.800,0.000,0.000,18.0
2008-09-28,15:43:00,1.806,0.090,241.020,7.400,0.000,0.000,19.0
2008-09-28,15:44:00,1.770,0.092,241.470,7.200,0.000,0.000,18.0
2008-09-28,15:45:00,1.780,0.092,241.160,7.400,0.000,0.000,19.0
2008-09-28,15:46:00,1.778,0.086,241.240,7.400,0.000,0.000,18.0
2008-09-28,15:47:00,1.786,0.170,241.030,7.400,0.000,0.000,18.0
2008-09-28,15:48:00,1.646,0.186,241.130,6.800,0.000,0.000,19.0
2008-09-28,15:49:00,1.636,0.182,240.350,6.800,0.000,0.000,18.0
2008-09-28,15:50:00,1.638,0.182,240.590,6.800,0.000,0.000,19.0
2008-09-28,15:51:00,1.912,0.238,239.850,8.000,0.000,0.000,22.0
2008-09-28,15:52:00,2.224,0.294,239.730,9.200,0.000,0.000,28.0
2008-09-28,15:53:00,2.334,0.290,239.540,9.800,0.000,0.000,29.0
2008-09-28,15:54:00,2.458,0.290,239.640,10.200,0.000,0.000,29.0
2008-09-28,15:55:00,2.524,0.286,239.450,10.600,0.000,0.000,29.0
2008-09-28,15:56:00,2.466,0.274,239.440,10.400,0.000,0.000,29.0
2008-09-28,15:57:00,1.712,0.182,240.500,7.000,0.000,0.000,18.0
2008-09-28,15:58:00,1.536,0.184,240.770,6.400,0.000,0.000,19.0
2008-09-28,15:59:00,1.628,0.188,240.550,6.800,0.000,0.000,18.0
2008-09-28,16:00:00,1.720,0.194,240.850,7.200,0.000,0.000,19.0
2008-09-28,16:01:00,1.728,0.196,240.960,7.200,0.000,0.000,18.0
2008-09-28,16:02:00,1.660,0.092,240.820,6.800,0.000,0.000,18.0
2008-09-28,16:03:00,1.654,0.090,240.620,6.800,0.000,0.000,19.0
2008-09-28,16:04:00,1.614,0.000,240.750,6.600,0.000,0.000,18.0
2008-09-28,16:05:00,1.560,0.000,240.060,6.400,0.000,0.000,19.0
2008-09-28,16:06:00,1.562,0.000,240.340,6.400,0.000,0.000,18.0
2008-09-28,16:07:00,1.566,0.000,240.910,6.400,0.000,0.000,18.0
2008-09-28,16:08:00,1.566,0.000,240.880,6.400,0.000,0.000,19.0
2008-09-28,16:09:00,1.574,0.000,241.620,6.400,0.000,0.000,18.0
2008-09-28,16:10:00,1.578,0.000,241.970,6.400,0.000,0.000,19.0
2008-09-28,16:11:00,1.542,0.000,241.260,6.400,0.000,0.000,18.0
2008-09-28,16:12:00,1.434,0.084,241.330,5.800,0.000,1.000,19.0
2008-09-28,16:13:00,1.434,0.084,241.430,5.800,0.000,2.000,18.0
2008-09-28,16:14:00,1.432,0.084,241.090,5.800,0.000,1.000,19.0
2008-09-28,16:15:00,1.430,0.082,240.860,5.800,0.000,2.000,18.0
2008-09-28,16:16:00,1.440,0.084,241.480,5.800,0.000,1.000,19.0
2008-09-28,16:17:00,1.432,0.084,241.080,5.800,0.000,2.000,18.0
2008-09-28,16:18:00,1.432,0.084,241.190,5.800,0.000,1.000,19.0
2008-09-28,16:19:00,1.436,0.084,241.430,5.800,0.000,2.000,18.0
2008-09-28,16:20:00,1.430,0.082,241.030,5.800,0.000,1.000,19.0
2008-09-28,16:21:00,1.532,0.078,240.300,6.400,0.000,1.000,18.0
2008-09-28,16:22:00,1.608,0.078,240.100,6.600,0.000,2.000,18.0
2008-09-28,16:23:00,1.602,0.078,240.080,6.600,0.000,1.000,18.0
2008-09-28,16:24:00,1.420,0.082,240.360,5.800,0.000,2.000,19.0
2008-09-28,16:25:00,1.420,0.082,240.550,5.800,0.000,1.000,18.0
2008-09-28,16:26:00,1.422,0.080,240.490,5.800,0.000,1.000,18.0
2008-09-28,16:27:00,1.422,0.082,240.860,5.800,0.000,1.000,19.0
2008-09-28,16:28:00,1.394,0.000,240.750,5.800,0.000,1.000,18.0
2008-09-28,16:29:00,1.446,0.070,240.950,6.000,0.000,0.000,19.0
2008-09-28,16:30:00,1.456,0.094,241.210,6.000,0.000,0.000,18.0
2008-09-28,16:31:00,1.486,0.118,241.310,6.200,0.000,0.000,19.0
2008-09-28,16:32:00,1.528,0.198,241.190,6.400,0.000,0.000,18.0
2008-09-28,16:33:00,1.524,0.198,240.990,6.200,0.000,0.000,19.0
2008-09-28,16:34:00,1.524,0.198,241.070,6.200,0.000,0.000,18.0
2008-09-28,16:35:00,1.520,0.198,241.080,6.200,0.000,0.000,18.0
2008-09-28,16:36:00,1.516,0.196,240.760,6.200,0.000,0.000,19.0
2008-09-28,16:37:00,1.516,0.198,240.990,6.200,0.000,0.000,18.0
2008-09-28,16:38:00,1.512,0.198,240.950,6.200,0.000,0.000,19.0
2008-09-28,16:39:00,1.514,0.198,241.330,6.200,0.000,0.000,18.0
2008-09-28,16:40:00,1.518,0.200,241.720,6.200,0.000,0.000,19.0
2008-09-28,16:41:00,1.522,0.202,242.180,6.200,0.000,0.000,18.0
2008-09-28,16:42:00,1.518,0.202,242.060,6.200,0.000,0.000,19.0
2008-09-28,16:43:00,1.518,0.202,242.100,6.200,0.000,0.000,19.0
2008-09-28,16:44:00,1.516,0.200,241.880,6.200,0.000,0.000,18.0
2008-09-28,16:45:00,1.516,0.202,241.960,6.200,0.000,0.000,19.0
2008-09-28,16:46:00,1.484,0.148,242.310,6.000,0.000,0.000,18.0
2008-09-28,16:47:00,1.460,0.100,242.860,6.000,0.000,0.000,19.0
2008-09-28,16:48:00,1.462,0.100,243.120,6.000,0.000,0.000,19.0
2008-09-28,16:49:00,1.464,0.102,243.420,6.000,0.000,0.000,19.0
2008-09-28,16:50:00,1.428,0.000,243.880,5.800,0.000,0.000,18.0
2008-09-28,16:51:00,1.376,0.000,243.820,5.600,0.000,0.000,19.0
2008-09-28,16:52:00,1.370,0.000,243.370,5.600,0.000,0.000,19.0
2008-09-28,16:53:00,1.370,0.000,243.290,5.600,0.000,0.000,19.0
2008-09-28,16:54:00,1.376,0.000,243.840,5.600,0.000,0.000,19.0
2008-09-28,16:55:00,1.510,0.000,243.070,6.200,0.000,0.000,18.0
2008-09-28,16:56:00,1.552,0.000,242.330,6.400,0.000,0.000,19.0
2008-09-28,16:57:00,1.552,0.000,242.160,6.400,0.000,0.000,19.0
2008-09-28,16:58:00,1.550,0.000,242.080,6.400,0.000,0.000,18.0
2008-09-28,16:59:00,1.370,0.000,241.950,5.600,0.000,0.000,19.0
2008-09-28,17:00:00,1.372,0.000,241.680,5.600,0.000,0.000,18.0
2008-09-28,17:01:00,1.446,0.164,241.370,6.000,0.000,0.000,19.0
2008-09-28,17:02:00,1.420,0.086,241.820,5.800,0.000,0.000,18.0
2008-09-28,17:03:00,1.358,0.000,242.140,5.600,0.000,0.000,19.0
2008-09-28,17:04:00,1.358,0.000,242.210,5.600,0.000,0.000,19.0
2008-09-28,17:05:00,1.354,0.000,241.950,5.600,0.000,0.000,18.0
2008-09-28,17:06:00,1.352,0.000,241.730,5.600,0.000,0.000,19.0
2008-09-28,17:07:00,1.356,0.000,241.770,5.600,0.000,0.000,18.0
2008-09-28,17:08:00,1.358,0.000,242.180,5.600,0.000,0.000,19.0
2008-09-28,17:09:00,1.358,0.000,242.300,5.600,0.000,0.000,19.0
2008-09-28,17:10:00,1.350,0.000,241.580,5.600,0.000,0.000,18.0
2008-09-28,17:11:00,1.350,0.000,241.550,5.600,0.000,0.000,19.0
2008-09-28,17:12:00,1.360,0.000,242.390,5.600,0.000,0.000,18.0
2008-09-28,17:13:00,1.358,0.000,242.260,5.600,0.000,0.000,19.0
2008-09-28,17:14:00,1.354,0.000,241.910,5.600,0.000,0.000,18.0
2008-09-28,17:15:00,1.556,0.000,241.360,6.400,0.000,0.000,19.0
2008-09-28,17:16:00,1.502,0.138,240.860,6.200,0.000,0.000,18.0
2008-09-28,17:17:00,1.528,0.196,240.740,6.400,0.000,0.000,19.0
2008-09-28,17:18:00,1.528,0.198,241.170,6.400,0.000,0.000,18.0
2008-09-28,17:19:00,1.522,0.196,240.850,6.200,0.000,0.000,19.0
2008-09-28,17:20:00,1.516,0.196,240.630,6.200,0.000,0.000,18.0
2008-09-28,17:21:00,1.508,0.194,240.110,6.200,0.000,0.000,18.0
2008-09-28,17:22:00,1.510,0.196,240.480,6.200,0.000,0.000,19.0
2008-09-28,17:23:00,1.504,0.194,240.030,6.200,0.000,0.000,18.0
2008-09-28,17:24:00,1.500,0.194,239.850,6.200,0.000,0.000,18.0
2008-09-28,17:25:00,1.780,0.188,239.490,7.400,0.000,0.000,18.0
2008-09-28,17:26:00,1.872,0.184,238.880,7.800,0.000,0.000,18.0
2008-09-28,17:27:00,2.406,0.286,238.400,10.200,0.000,0.000,27.0
2008-09-28,17:28:00,2.486,0.292,238.270,10.400,0.000,0.000,28.0
2008-09-28,17:29:00,2.536,0.286,237.640,10.600,0.000,0.000,28.0
2008-09-28,17:30:00,2.514,0.280,237.650,10.600,0.000,0.000,29.0
2008-09-28,17:31:00,2.512,0.224,237.450,10.600,0.000,0.000,29.0
2008-09-28,17:32:00,2.224,0.126,237.690,9.400,0.000,0.000,26.0
2008-09-28,17:33:00,1.824,0.064,238.140,7.600,0.000,0.000,18.0
2008-09-28,17:34:00,1.824,0.062,238.120,7.600,0.000,0.000,18.0
2008-09-28,17:35:00,1.822,0.064,238.090,7.600,0.000,0.000,18.0
2008-09-28,17:36:00,1.610,0.060,238.780,6.800,0.000,0.000,18.0
2008-09-28,17:37:00,1.358,0.056,239.100,5.600,0.000,0.000,18.0
2008-09-28,17:38:00,1.364,0.056,239.060,5.600,0.000,0.000,18.0
2008-09-28,17:39:00,1.362,0.056,238.930,5.600,0.000,0.000,18.0
2008-09-28,17:40:00,1.434,0.000,238.860,6.000,0.000,0.000,18.0
2008-09-28,17:41:00,1.444,0.060,238.540,6.000,0.000,2.000,18.0
2008-09-28,17:42:00,0.972,0.066,239.390,4.600,0.000,1.000,11.0
2008-09-28,17:43:00,0.394,0.074,239.710,1.600,0.000,2.000,1.0
2008-09-28,17:44:00,0.396,0.076,240.430,1.600,0.000,1.000,1.0
2008-09-28,17:45:00,0.396,0.074,240.560,1.600,0.000,1.000,0.0
2008-09-28,17:46:00,0.398,0.082,240.390,1.600,0.000,2.000,1.0
2008-09-28,17:47:00,0.472,0.130,239.950,2.200,0.000,1.000,1.0
2008-09-28,17:48:00,0.422,0.082,240.360,1.800,0.000,2.000,0.0
2008-09-28,17:49:00,0.464,0.082,240.350,2.000,0.000,1.000,1.0
2008-09-28,17:50:00,0.486,0.082,240.390,2.000,0.000,2.000,1.0
2008-09-28,17:51:00,0.490,0.080,240.190,2.000,0.000,1.000,0.0
2008-09-28,17:52:00,0.482,0.082,240.650,2.000,0.000,1.000,1.0
2008-09-28,17:53:00,0.476,0.082,240.640,2.000,0.000,2.000,1.0
2008-09-28,17:54:00,0.426,0.088,241.630,1.800,0.000,1.000,0.0
2008-09-28,17:55:00,0.412,0.088,241.220,1.800,0.000,1.000,1.0
2008-09-28,17:56:00,0.434,0.088,241.800,1.800,0.000,2.000,1.0
2008-09-28,17:57:00,0.446,0.046,242.050,1.800,0.000,1.000,0.0
2008-09-28,17:58:00,0.336,0.000,242.380,1.400,0.000,0.000,1.0
2008-09-28,17:59:00,0.330,0.000,241.560,1.400,0.000,0.000,1.0
2008-09-28,18:00:00,0.332,0.000,242.000,1.400,0.000,0.000,0.0
2008-09-28,18:01:00,0.330,0.000,242.090,1.400,0.000,0.000,1.0
2008-09-28,18:02:00,0.476,0.118,241.830,2.200,0.000,0.000,1.0
2008-09-28,18:03:00,0.516,0.202,241.380,2.200,0.000,0.000,0.0
2008-09-28,18:04:00,0.512,0.202,240.920,2.200,0.000,0.000,1.0
2008-09-28,18:05:00,0.508,0.200,240.630,2.200,0.000,0.000,1.0
2008-09-28,18:06:00,0.504,0.200,240.610,2.200,0.000,0.000,0.0
2008-09-28,18:07:00,0.502,0.198,240.530,2.200,0.000,0.000,1.0
2008-09-28,18:08:00,0.500,0.198,240.090,2.200,0.000,0.000,1.0
2008-09-28,18:09:00,0.498,0.198,240.310,2.200,0.000,0.000,0.0
2008-09-28,18:10:00,0.494,0.198,240.210,2.200,0.000,0.000,1.0
2008-09-28,18:11:00,0.490,0.196,239.400,2.200,0.000,0.000,1.0
2008-09-28,18:12:00,0.486,0.190,237.830,2.200,0.000,0.000,0.0
2008-09-28,18:13:00,0.536,0.190,238.880,2.400,0.000,0.000,1.0
2008-09-28,18:14:00,0.524,0.198,239.550,2.400,0.000,0.000,0.0
2008-09-28,18:15:00,0.518,0.198,239.310,2.400,0.000,0.000,1.0
2008-09-28,18:16:00,0.554,0.200,239.720,2.400,0.000,0.000,1.0
2008-09-28,18:17:00,0.520,0.198,239.260,2.400,0.000,0.000,0.0
2008-09-28,18:18:00,0.674,0.194,238.900,3.000,0.000,0.000,1.0
2008-09-28,18:19:00,0.840,0.194,239.360,3.600,0.000,0.000,1.0
2008-09-28,18:20:00,0.804,0.196,239.420,3.600,0.000,0.000,0.0
2008-09-28,18:21:00,0.778,0.196,239.560,3.400,0.000,0.000,1.0
2008-09-28,18:22:00,0.716,0.166,239.940,3.000,0.000,0.000,1.0
2008-09-28,18:23:00,0.556,0.064,239.360,2.400,0.000,0.000,0.0
2008-09-28,18:24:00,0.466,0.066,239.570,2.000,0.000,0.000,1.0
2008-09-28,18:25:00,0.418,0.068,239.480,1.800,0.000,0.000,1.0
2008-09-28,18:26:00,0.416,0.068,239.230,1.800,0.000,0.000,0.0
2008-09-28,18:27:00,0.394,0.000,239.490,1.600,0.000,0.000,1.0
2008-09-28,18:28:00,0.354,0.000,239.350,1.600,0.000,0.000,1.0
2008-09-28,18:29:00,0.356,0.000,239.920,1.600,0.000,0.000,0.0
2008-09-28,18:30:00,0.360,0.000,240.400,1.600,0.000,0.000,1.0
2008-09-28,18:31:00,0.358,0.000,240.920,1.600,0.000,0.000,1.0
2008-09-28,18:32:00,0.358,0.000,240.730,1.600,0.000,0.000,0.0
2008-09-28,18:33:00,0.356,0.000,240.310,1.600,0.000,0.000,1.0
2008-09-28,18:34:00,0.326,0.000,239.710,1.400,0.000,0.000,1.0
2008-09-28,18:35:00,0.326,0.000,239.900,1.400,0.000,0.000,0.0
2008-09-28,18:36:00,0.332,0.000,240.830,1.400,0.000,0.000,1.0
2008-09-28,18:37:00,0.340,0.000,241.340,1.400,0.000,0.000,1.0
2008-09-28,18:38:00,0.338,0.000,240.930,1.400,0.000,0.000,0.0
2008-09-28,18:39:00,0.296,0.000,241.050,1.200,0.000,0.000,1.0
2008-09-28,18:40:00,0.446,0.046,240.850,1.800,0.000,0.000,1.0
2008-09-28,18:41:00,0.562,0.048,240.550,2.400,0.000,0.000,0.0
2008-09-28,18:42:00,0.470,0.046,240.520,2.000,0.000,0.000,1.0
2008-09-28,18:43:00,0.378,0.000,241.070,1.600,0.000,0.000,1.0
2008-09-28,18:44:00,0.284,0.000,240.990,1.200,0.000,0.000,0.0
2008-09-28,18:45:00,0.262,0.000,241.490,1.000,0.000,0.000,1.0
2008-09-28,18:46:00,0.368,0.052,241.840,1.600,0.000,0.000,1.0
2008-09-28,18:47:00,0.218,0.046,241.460,1.000,0.000,0.000,0.0
2008-09-28,18:48:00,0.252,0.000,241.280,1.200,0.000,0.000,1.0
2008-09-28,18:49:00,0.300,0.086,241.210,1.200,0.000,0.000,1.0
2008-09-28,18:50:00,0.294,0.088,241.400,1.200,0.000,0.000,0.0
2008-09-28,18:51:00,0.322,0.086,241.470,1.400,0.000,0.000,1.0
2008-09-28,18:52:00,0.314,0.088,241.580,1.400,0.000,0.000,0.0
2008-09-28,18:53:00,0.310,0.086,241.110,1.400,0.000,0.000,1.0
2008-09-28,18:54:00,0.314,0.086,241.000,1.400,0.000,0.000,1.0
2008-09-28,18:55:00,0.324,0.084,241.300,1.400,0.000,0.000,0.0
2008-09-28,18:56:00,0.324,0.082,241.050,1.400,0.000,0.000,1.0
2008-09-28,18:57:00,0.380,0.138,241.300,1.800,0.000,0.000,1.0
2008-09-28,18:58:00,0.382,0.190,241.500,1.800,0.000,0.000,0.0
2008-09-28,18:59:00,0.376,0.190,241.160,1.800,0.000,0.000,1.0
2008-09-28,19:00:00,0.376,0.190,241.390,1.800,0.000,0.000,1.0
2008-09-28,19:01:00,0.534,0.224,240.960,2.600,0.000,0.000,2.0
2008-09-28,19:02:00,1.006,0.306,240.410,4.400,0.000,0.000,11.0
2008-09-28,19:03:00,1.038,0.302,240.240,4.400,0.000,0.000,11.0
2008-09-28,19:04:00,1.152,0.294,239.510,4.800,0.000,0.000,12.0
2008-09-28,19:05:00,1.172,0.292,239.300,5.000,0.000,0.000,12.0
2008-09-28,19:06:00,1.180,0.298,240.030,5.000,0.000,0.000,11.0
2008-09-28,19:07:00,0.548,0.200,241.130,2.600,0.000,0.000,3.0
2008-09-28,19:08:00,0.458,0.174,240.370,2.000,0.000,0.000,1.0
2008-09-28,19:09:00,0.438,0.122,240.460,2.000,0.000,0.000,0.0
2008-09-28,19:10:00,0.466,0.176,240.620,2.000,0.000,1.000,1.0
2008-09-28,19:11:00,0.460,0.174,240.140,2.000,0.000,1.000,0.0
2008-09-28,19:12:00,0.464,0.174,240.250,2.000,0.000,2.000,1.0
2008-09-28,19:13:00,0.464,0.174,240.410,2.000,0.000,1.000,1.0
2008-09-28,19:14:00,0.468,0.176,240.790,2.000,0.000,2.000,0.0
2008-09-28,19:15:00,0.480,0.176,240.760,2.000,0.000,1.000,1.0
2008-09-28,19:16:00,0.674,0.084,240.560,2.800,0.000,2.000,1.0
2008-09-28,19:17:00,0.660,0.068,240.460,2.800,0.000,1.000,0.0
2008-09-28,19:18:00,0.662,0.068,240.430,2.800,0.000,1.000,1.0
2008-09-28,19:19:00,0.664,0.068,240.330,2.800,0.000,2.000,1.0
2008-09-28,19:20:00,0.654,0.068,240.120,2.600,0.000,1.000,0.0
2008-09-28,19:21:00,0.644,0.068,240.070,2.600,0.000,2.000,1.0
2008-09-28,19:22:00,0.740,0.068,240.670,3.000,0.000,1.000,1.0
2008-09-28,19:23:00,0.762,0.072,240.950,3.200,0.000,1.000,0.0
2008-09-28,19:24:00,0.838,0.102,240.430,3.400,0.000,2.000,1.0
2008-09-28,19:25:00,0.972,0.268,240.370,4.200,0.000,1.000,1.0
2008-09-28,19:26:00,0.932,0.204,239.870,4.000,0.000,1.000,0.0
2008-09-28,19:27:00,0.888,0.134,240.220,3.600,0.000,0.000,1.0
2008-09-28,19:28:00,0.888,0.128,240.060,3.600,0.000,0.000,1.0
2008-09-28,19:29:00,1.860,0.116,238.880,9.600,0.000,0.000,0.0
2008-09-28,19:30:00,3.612,0.100,237.040,15.200,0.000,0.000,1.0
2008-09-28,19:31:00,3.668,0.300,236.580,15.600,0.000,0.000,1.0
2008-09-28,19:32:00,3.620,0.164,236.720,15.200,0.000,0.000,0.0
2008-09-28,19:33:00,1.946,0.104,238.300,9.800,0.000,0.000,1.0
2008-09-28,19:34:00,0.898,0.126,239.630,3.800,0.000,0.000,1.0
2008-09-28,19:35:00,0.986,0.240,239.390,4.200,0.000,0.000,0.0
2008-09-28,19:36:00,0.982,0.240,239.240,4.200,0.000,0.000,1.0
2008-09-28,19:37:00,0.980,0.240,239.810,4.200,0.000,0.000,1.0
2008-09-28,19:38:00,0.978,0.238,239.580,4.200,0.000,0.000,0.0
2008-09-28,19:39:00,0.972,0.236,238.790,4.200,0.000,0.000,1.0
2008-09-28,19:40:00,0.980,0.234,238.080,4.200,0.000,0.000,0.0
2008-09-28,19:41:00,1.012,0.232,238.060,4.200,0.000,0.000,1.0
2008-09-28,19:42:00,1.052,0.274,237.790,4.600,0.000,0.000,1.0
2008-09-28,19:43:00,1.080,0.330,237.860,4.600,0.000,0.000,0.0
2008-09-28,19:44:00,1.084,0.334,238.530,4.600,0.000,0.000,1.0
2008-09-28,19:45:00,1.086,0.336,239.020,4.600,0.000,0.000,1.0
2008-09-28,19:46:00,1.082,0.334,238.880,4.600,0.000,0.000,0.0
2008-09-28,19:47:00,1.078,0.330,238.040,4.600,0.000,0.000,1.0
2008-09-28,19:48:00,1.070,0.328,237.820,4.600,0.000,0.000,1.0
2008-09-28,19:49:00,1.032,0.326,237.150,4.400,0.000,0.000,0.0
2008-09-28,19:50:00,1.014,0.326,236.980,4.400,0.000,0.000,1.0
2008-09-28,19:51:00,1.016,0.328,237.400,4.400,0.000,0.000,1.0
2008-09-28,19:52:00,0.920,0.348,237.420,4.000,0.000,0.000,0.0
2008-09-28,19:53:00,0.890,0.350,237.960,4.000,0.000,0.000,1.0
2008-09-28,19:54:00,0.890,0.350,238.030,4.000,0.000,0.000,1.0
2008-09-28,19:55:00,0.802,0.232,237.640,3.400,0.000,0.000,0.0
2008-09-28,19:56:00,0.794,0.220,237.630,3.400,0.000,0.000,1.0
2008-09-28,19:57:00,0.794,0.220,237.620,3.400,0.000,0.000,0.0
2008-09-28,19:58:00,0.770,0.204,238.010,3.400,0.000,0.000,1.0
2008-09-28,19:59:00,0.572,0.074,238.730,2.400,0.000,0.000,1.0
2008-09-28,20:00:00,0.572,0.076,239.290,2.400,0.000,0.000,0.0
2008-09-28,20:01:00,0.572,0.078,239.580,2.400,0.000,0.000,1.0
2008-09-28,20:02:00,0.572,0.076,239.570,2.400,0.000,0.000,1.0
2008-09-28,20:03:00,0.574,0.076,239.870,2.400,0.000,0.000,0.0
2008-09-28,20:04:00,0.572,0.076,239.830,2.400,0.000,0.000,1.0
2008-09-28,20:05:00,0.572,0.076,239.880,2.400,0.000,0.000,1.0
2008-09-28,20:06:00,0.572,0.076,239.580,2.400,0.000,0.000,0.0
2008-09-28,20:07:00,0.570,0.074,239.050,2.400,0.000,0.000,1.0
2008-09-28,20:08:00,0.560,0.062,238.820,2.400,0.000,0.000,1.0
2008-09-28,20:09:00,0.506,0.000,239.600,2.000,0.000,0.000,0.0
2008-09-28,20:10:00,0.504,0.000,239.390,2.000,0.000,0.000,1.0
2008-09-28,20:11:00,0.518,0.000,238.940,2.200,0.000,0.000,1.0
2008-09-28,20:12:00,0.504,0.000,239.150,2.000,0.000,0.000,0.0
2008-09-28,20:13:00,0.506,0.000,239.820,2.000,0.000,0.000,1.0
2008-09-28,20:14:00,0.508,0.000,240.020,2.000,0.000,0.000,1.0
2008-09-28,20:15:00,0.504,0.000,239.160,2.000,0.000,0.000,0.0
2008-09-28,20:16:00,0.522,0.000,239.390,2.200,0.000,0.000,1.0
2008-09-28,20:17:00,0.594,0.068,238.970,2.600,0.000,0.000,1.0
2008-09-28,20:18:00,0.616,0.104,239.090,2.600,0.000,0.000,0.0
2008-09-28,20:19:00,0.610,0.104,239.300,2.600,0.000,0.000,1.0
2008-09-28,20:20:00,0.766,0.100,238.780,3.200,0.000,0.000,0.0
2008-09-28,20:21:00,0.890,0.098,238.590,3.600,0.000,0.000,1.0
2008-09-28,20:22:00,1.300,0.102,238.860,5.600,0.000,0.000,1.0
2008-09-28,20:23:00,1.584,0.096,238.750,6.600,0.000,0.000,0.0
2008-09-28,20:24:00,1.666,0.090,238.740,7.000,0.000,0.000,1.0
2008-09-28,20:25:00,1.662,0.086,237.920,7.000,0.000,0.000,1.0
2008-09-28,20:26:00,1.756,0.086,237.870,7.400,0.000,0.000,0.0
2008-09-28,20:27:00,1.732,0.102,238.220,7.400,0.000,0.000,1.0
2008-09-28,20:28:00,1.530,0.128,238.610,6.400,0.000,0.000,1.0
2008-09-28,20:29:00,1.464,0.192,238.660,6.200,0.000,0.000,0.0
2008-09-28,20:30:00,2.528,0.180,237.140,10.600,0.000,0.000,17.0
2008-09-28,20:31:00,2.506,0.184,236.790,10.600,0.000,0.000,19.0
2008-09-28,20:32:00,2.900,0.256,235.840,12.600,0.000,0.000,18.0
2008-09-28,20:33:00,3.832,0.300,234.800,16.400,1.000,0.000,27.0
2008-09-28,20:34:00,4.004,0.276,234.900,17.000,2.000,0.000,27.0
2008-09-28,20:35:00,3.900,0.284,234.920,16.600,1.000,0.000,29.0
2008-09-28,20:36:00,3.884,0.286,235.010,16.600,1.000,0.000,28.0
2008-09-28,20:37:00,3.928,0.304,235.340,16.800,1.000,0.000,29.0
2008-09-28,20:38:00,4.366,0.408,234.530,18.600,1.000,0.000,25.0
2008-09-28,20:39:00,3.958,0.296,235.780,16.800,2.000,2.000,18.0
2008-09-28,20:40:00,3.916,0.234,236.130,16.600,1.000,1.000,17.0
2008-09-28,20:41:00,3.760,0.236,236.060,16.000,1.000,2.000,18.0
2008-09-28,20:42:00,3.732,0.236,235.720,15.800,1.000,1.000,18.0
2008-09-28,20:43:00,3.728,0.238,235.770,15.800,1.000,1.000,17.0
2008-09-28,20:44:00,3.724,0.240,235.730,15.800,1.000,2.000,18.0
2008-09-28,20:45:00,3.730,0.240,235.810,15.800,2.000,1.000,18.0
2008-09-28,20:46:00,3.720,0.236,235.730,15.800,1.000,2.000,17.0
2008-09-28,20:47:00,3.710,0.234,235.580,15.800,1.000,1.000,18.0
2008-09-28,20:48:00,3.720,0.238,236.080,15.800,1.000,1.000,18.0
2008-09-28,20:49:00,3.730,0.238,236.170,15.800,2.000,2.000,17.0
2008-09-28,20:50:00,3.776,0.246,235.640,16.000,1.000,1.000,18.0
2008-09-28,20:51:00,3.812,0.264,235.450,16.200,0.000,2.000,18.0
2008-09-28,20:52:00,3.902,0.246,236.270,16.600,2.000,1.000,17.0
2008-09-28,20:53:00,4.538,0.236,235.620,19.800,9.000,1.000,18.0
2008-09-28,20:54:00,5.958,0.218,233.890,25.400,37.000,1.000,17.0
2008-09-28,20:55:00,5.890,0.112,233.490,25.200,36.000,1.000,18.0
2008-09-28,20:56:00,5.990,0.056,233.340,25.600,37.000,0.000,17.0
2008-09-28,20:57:00,5.988,0.054,233.270,25.600,36.000,0.000,17.0
2008-09-28,20:58:00,5.980,0.054,233.130,25.600,36.000,0.000,18.0
2008-09-28,20:59:00,5.992,0.050,233.400,25.600,37.000,0.000,17.0
2008-09-28,21:00:00,5.986,0.050,233.340,25.600,36.000,0.000,17.0
2008-09-28,21:01:00,5.986,0.050,233.340,25.600,36.000,0.000,17.0
2008-09-28,21:02:00,5.784,0.000,233.700,24.600,37.000,0.000,18.0
2008-09-28,21:03:00,5.666,0.000,233.930,24.200,36.000,0.000,17.0
2008-09-28,21:04:00,5.382,0.000,234.430,23.000,37.000,0.000,18.0
2008-09-28,21:05:00,4.056,0.124,236.250,17.800,17.000,0.000,17.0
2008-09-28,21:06:00,3.470,0.132,237.170,14.800,1.000,0.000,18.0
2008-09-28,21:07:00,3.946,0.138,236.270,16.800,2.000,0.000,18.0
2008-09-28,21:08:00,3.780,0.162,236.840,16.200,1.000,0.000,18.0
2008-09-28,21:09:00,3.786,0.150,236.540,16.200,1.000,0.000,18.0
2008-09-28,21:10:00,3.250,0.130,237.130,13.600,1.000,0.000,17.0
2008-09-28,21:11:00,3.094,0.132,237.590,13.000,1.000,0.000,18.0
2008-09-28,21:12:00,3.100,0.150,237.400,13.000,2.000,0.000,18.0
2008-09-28,21:13:00,3.378,0.182,236.980,14.200,1.000,0.000,18.0
2008-09-28,21:14:00,3.380,0.184,237.160,14.200,1.000,0.000,18.0
2008-09-28,21:15:00,3.376,0.184,237.140,14.200,1.000,0.000,18.0
2008-09-28,21:16:00,3.388,0.186,237.680,14.200,1.000,0.000,18.0
2008-09-28,21:17:00,3.404,0.186,237.630,14.400,1.000,0.000,18.0
2008-09-28,21:18:00,3.494,0.184,237.640,14.600,2.000,0.000,18.0
2008-09-28,21:19:00,3.384,0.186,237.540,14.200,1.000,0.000,18.0
2008-09-28,21:20:00,3.390,0.186,237.660,14.200,1.000,0.000,18.0
2008-09-28,21:21:00,3.388,0.186,237.720,14.200,1.000,0.000,17.0
2008-09-28,21:22:00,3.146,0.150,237.890,13.200,1.000,0.000,18.0
2008-09-28,21:23:00,3.056,0.138,237.990,12.800,2.000,0.000,18.0
2008-09-28,21:24:00,3.050,0.128,237.990,12.800,1.000,0.000,18.0
2008-09-28,21:25:00,2.962,0.000,238.040,12.400,1.000,0.000,18.0
2008-09-28,21:26:00,2.966,0.000,238.140,12.400,1.000,0.000,18.0
2008-09-28,21:27:00,2.958,0.000,237.730,12.400,1.000,0.000,18.0
2008-09-28,21:28:00,2.958,0.000,237.480,12.400,2.000,0.000,18.0
2008-09-28,21:29:00,2.680,0.000,237.920,11.200,1.000,0.000,18.0
2008-09-28,21:30:00,2.532,0.000,238.850,10.600,1.000,0.000,18.0
2008-09-28,21:31:00,2.526,0.000,238.650,10.600,1.000,0.000,18.0
2008-09-28,21:32:00,2.410,0.000,238.820,10.000,1.000,0.000,19.0
2008-09-28,21:33:00,2.354,0.000,239.270,9.800,2.000,0.000,18.0
2008-09-28,21:34:00,2.350,0.000,239.100,9.800,1.000,0.000,18.0
2008-09-28,21:35:00,2.344,0.000,238.920,9.800,1.000,0.000,18.0
2008-09-28,21:36:00,2.344,0.000,238.650,9.800,1.000,0.000,18.0
2008-09-28,21:37:00,2.348,0.000,238.800,9.800,1.000,0.000,18.0
2008-09-28,21:38:00,2.346,0.000,238.800,9.800,2.000,0.000,18.0
2008-09-28,21:39:00,2.346,0.000,239.060,9.800,1.000,0.000,18.0
2008-09-28,21:40:00,2.354,0.000,239.600,9.800,1.000,0.000,19.0
2008-09-28,21:41:00,2.354,0.000,239.930,9.800,1.000,0.000,18.0
2008-09-28,21:42:00,2.360,0.000,240.160,9.800,2.000,0.000,18.0
2008-09-28,21:43:00,2.360,0.000,240.150,9.800,1.000,0.000,18.0
2008-09-28,21:44:00,2.526,0.000,239.730,10.600,1.000,0.000,19.0
2008-09-28,21:45:00,2.698,0.000,239.710,11.200,1.000,0.000,18.0
2008-09-28,21:46:00,2.700,0.000,239.870,11.200,1.000,0.000,18.0
2008-09-28,21:47:00,2.698,0.000,239.680,11.200,2.000,0.000,18.0
2008-09-28,21:48:00,2.540,0.000,239.650,10.600,1.000,0.000,19.0
2008-09-28,21:49:00,2.510,0.000,238.700,10.400,1.000,0.000,18.0
2008-09-28,21:50:00,2.454,0.072,238.940,10.200,1.000,0.000,18.0
2008-09-28,21:51:00,2.468,0.072,239.540,10.200,1.000,0.000,18.0
2008-09-28,21:52:00,2.566,0.000,239.470,10.600,2.000,0.000,18.0
2008-09-28,21:53:00,2.558,0.056,238.700,10.600,1.000,0.000,18.0
2008-09-28,21:54:00,2.538,0.054,237.940,10.600,1.000,0.000,18.0
2008-09-28,21:55:00,2.544,0.056,238.100,10.600,1.000,0.000,18.0
2008-09-28,21:56:00,2.544,0.074,237.840,10.600,2.000,0.000,18.0
2008-09-28,21:57:00,2.498,0.084,237.290,10.400,0.000,0.000,18.0
2008-09-28,21:58:00,2.490,0.088,237.510,10.400,1.000,0.000,18.0
2008-09-28,21:59:00,2.980,0.154,237.380,12.600,1.000,0.000,25.0
2008-09-28,22:00:00,3.144,0.172,237.600,13.200,1.000,0.000,28.0
2008-09-28,22:01:00,3.182,0.168,237.760,13.400,1.000,0.000,29.0
2008-09-28,22:02:00,3.190,0.160,237.670,13.400,2.000,0.000,28.0
2008-09-28,22:03:00,3.430,0.152,237.180,14.400,1.000,0.000,29.0
2008-09-28,22:04:00,3.302,0.128,237.240,14.000,1.000,0.000,27.0
2008-09-28,22:05:00,2.810,0.052,237.880,11.800,1.000,0.000,18.0
2008-09-28,22:06:00,2.838,0.082,237.830,11.800,1.000,0.000,18.0
2008-09-28,22:07:00,2.804,0.204,237.710,11.800,1.000,0.000,18.0
2008-09-28,22:08:00,2.660,0.204,238.290,11.200,1.000,2.000,18.0
2008-09-28,22:09:00,2.500,0.224,238.080,10.600,0.000,1.000,17.0
2008-09-28,22:10:00,1.760,0.220,238.670,7.800,1.000,2.000,1.0
2008-09-28,22:11:00,3.748,0.150,236.980,15.800,38.000,1.000,1.0
2008-09-28,22:12:00,3.694,0.064,237.510,15.400,37.000,2.000,0.0
2008-09-28,22:13:00,3.684,0.062,237.250,15.400,37.000,1.000,1.0
2008-09-28,22:14:00,3.686,0.062,237.330,15.400,38.000,1.000,1.0
2008-09-28,22:15:00,3.676,0.062,237.280,15.400,37.000,2.000,0.0
2008-09-28,22:16:00,3.676,0.062,237.110,15.400,37.000,1.000,1.0
2008-09-28,22:17:00,3.690,0.062,237.560,15.400,38.000,2.000,0.0
2008-09-28,22:18:00,3.724,0.064,238.540,15.600,37.000,1.000,1.0
2008-09-28,22:19:00,3.722,0.066,238.800,15.600,38.000,1.000,1.0
2008-09-28,22:20:00,3.714,0.066,238.930,15.400,38.000,2.000,0.0
2008-09-28,22:21:00,3.766,0.100,239.370,15.600,38.000,1.000,1.0
2008-09-28,22:22:00,3.768,0.178,239.660,15.600,37.000,1.000,1.0
2008-09-28,22:23:00,3.844,0.162,239.090,16.000,38.000,1.000,0.0
2008-09-28,22:24:00,1.852,0.090,240.920,7.600,3.000,0.000,1.0
2008-09-28,22:25:00,1.768,0.090,241.060,7.200,0.000,0.000,1.0
2008-09-28,22:26:00,1.508,0.100,241.330,6.200,0.000,0.000,0.0
2008-09-28,22:27:00,1.638,0.124,240.970,6.800,0.000,0.000,1.0
2008-09-28,22:28:00,1.448,0.130,241.060,6.000,0.000,0.000,1.0
2008-09-28,22:29:00,1.902,0.140,239.960,7.800,0.000,0.000,0.0
2008-09-28,22:30:00,1.916,0.124,240.110,8.000,0.000,0.000,1.0
2008-09-28,22:31:00,1.910,0.124,239.940,8.000,0.000,0.000,1.0
2008-09-28,22:32:00,1.906,0.122,239.700,7.800,0.000,0.000,0.0
2008-09-28,22:33:00,1.910,0.124,240.090,7.800,0.000,0.000,1.0
2008-09-28,22:34:00,1.910,0.124,240.100,7.800,0.000,0.000,1.0
2008-09-28,22:35:00,1.910,0.124,240.140,7.800,0.000,0.000,0.0
2008-09-28,22:36:00,1.914,0.124,240.390,8.000,0.000,0.000,1.0
2008-09-28,22:37:00,1.914,0.124,240.490,7.800,0.000,0.000,1.0
2008-09-28,22:38:00,1.912,0.124,240.350,7.800,0.000,0.000,0.0
2008-09-28,22:39:00,2.016,0.130,240.390,8.400,0.000,0.000,1.0
2008-09-28,22:40:00,1.950,0.128,240.760,8.000,0.000,0.000,1.0
2008-09-28,22:41:00,1.936,0.128,240.640,8.000,0.000,0.000,0.0
2008-09-28,22:42:00,1.936,0.130,240.890,8.000,0.000,0.000,1.0
2008-09-28,22:43:00,1.936,0.130,241.050,8.000,0.000,0.000,1.0
2008-09-28,22:44:00,3.134,0.256,239.370,13.800,0.000,0.000,0.0
2008-09-28,22:45:00,3.184,0.300,238.710,14.000,0.000,0.000,1.0
2008-09-28,22:46:00,2.660,0.298,239.050,11.800,0.000,0.000,1.0
2008-09-28,22:47:00,2.772,0.300,239.330,12.200,0.000,0.000,0.0
2008-09-28,22:48:00,2.074,0.192,240.500,8.600,0.000,0.000,1.0
2008-09-28,22:49:00,1.426,0.132,241.440,5.800,0.000,0.000,1.0
2008-09-28,22:50:00,1.506,0.130,241.640,6.200,0.000,0.000,0.0
2008-09-28,22:51:00,1.506,0.132,241.930,6.200,0.000,0.000,1.0
2008-09-28,22:52:00,1.502,0.130,241.440,6.200,0.000,0.000,1.0
2008-09-28,22:53:00,1.574,0.130,241.730,6.400,0.000,0.000,0.0
2008-09-28,22:54:00,1.474,0.130,241.000,6.000,0.000,0.000,1.0
2008-09-28,22:55:00,1.530,0.140,240.320,6.400,0.000,0.000,1.0
2008-09-28,22:56:00,2.056,0.160,239.520,8.600,0.000,0.000,0.0
2008-09-28,22:57:00,2.104,0.176,239.970,8.800,0.000,0.000,1.0
2008-09-28,22:58:00,1.870,0.092,240.650,7.800,0.000,0.000,1.0
2008-09-28,22:59:00,1.620,0.054,241.130,6.800,0.000,0.000,0.0
2008-09-28,23:00:00,0.484,0.000,242.750,2.000,0.000,0.000,1.0
2008-09-28,23:01:00,0.474,0.000,242.780,1.800,0.000,0.000,1.0
2008-09-28,23:02:00,0.478,0.000,243.000,2.000,0.000,0.000,0.0
2008-09-28,23:03:00,0.460,0.000,243.060,1.800,0.000,0.000,1.0
2008-09-28,23:04:00,0.430,0.000,243.000,1.800,0.000,0.000,1.0
2008-09-28,23:05:00,0.430,0.000,243.050,1.800,0.000,0.000,0.0
2008-09-28,23:06:00,0.454,0.000,242.900,2.000,0.000,0.000,1.0
2008-09-28,23:07:00,0.508,0.116,243.000,2.000,0.000,0.000,1.0
2008-09-28,23:08:00,0.506,0.116,242.970,2.000,0.000,0.000,0.0
2008-09-28,23:09:00,0.516,0.114,242.810,2.200,0.000,0.000,1.0
2008-09-28,23:10:00,0.528,0.116,242.870,2.200,0.000,0.000,1.0
2008-09-28,23:11:00,0.530,0.116,243.110,2.200,0.000,0.000,0.0
2008-09-28,23:12:00,0.514,0.116,243.090,2.200,0.000,0.000,1.0
2008-09-28,23:13:00,0.420,0.120,243.540,1.800,0.000,0.000,1.0
2008-09-28,23:14:00,0.420,0.122,244.120,1.800,0.000,0.000,0.0
2008-09-28,23:15:00,0.418,0.122,244.140,1.800,0.000,0.000,1.0
2008-09-28,23:16:00,0.416,0.122,244.210,1.800,0.000,0.000,1.0
2008-09-28,23:17:00,0.416,0.122,244.110,1.800,0.000,0.000,0.0
2008-09-28,23:18:00,0.418,0.124,244.280,1.800,0.000,0.000,1.0
2008-09-28,23:19:00,0.418,0.124,244.520,1.800,0.000,0.000,1.0
2008-09-28,23:20:00,0.406,0.118,243.720,1.800,0.000,0.000,0.0
2008-09-28,23:21:00,0.328,0.084,241.670,1.400,0.000,0.000,1.0
2008-09-28,23:22:00,0.286,0.000,241.500,1.200,0.000,0.000,1.0
2008-09-28,23:23:00,0.260,0.000,241.730,1.000,0.000,0.000,0.0
2008-09-28,23:24:00,0.628,0.048,239.710,3.000,0.000,0.000,6.0
2008-09-28,23:25:00,0.914,0.134,239.160,3.800,0.000,0.000,11.0
2008-09-28,23:26:00,1.000,0.220,239.210,4.200,0.000,0.000,11.0
2008-09-28,23:27:00,1.018,0.222,239.480,4.200,0.000,0.000,12.0
2008-09-28,23:28:00,1.020,0.222,239.660,4.200,0.000,0.000,11.0
2008-09-28,23:29:00,0.896,0.202,239.820,4.000,0.000,0.000,11.0
2008-09-28,23:30:00,0.362,0.110,240.090,1.600,0.000,0.000,0.0
2008-09-28,23:31:00,0.360,0.112,240.600,1.600,0.000,0.000,1.0
2008-09-28,23:32:00,0.360,0.112,240.650,1.600,0.000,0.000,1.0
2008-09-28,23:33:00,0.358,0.110,240.560,1.600,0.000,0.000,0.0
2008-09-28,23:34:00,0.388,0.132,240.380,1.800,0.000,0.000,1.0
2008-09-28,23:35:00,0.442,0.232,240.220,2.000,0.000,1.000,1.0
2008-09-28,23:36:00,0.442,0.232,240.390,2.000,0.000,1.000,0.0
2008-09-28,23:37:00,0.440,0.230,240.170,2.000,0.000,2.000,1.0
2008-09-28,23:38:00,0.442,0.232,240.310,2.000,0.000,1.000,1.0
2008-09-28,23:39:00,0.442,0.232,240.480,2.000,0.000,2.000,0.0
2008-09-28,23:40:00,0.440,0.232,240.540,2.000,0.000,1.000,1.0
2008-09-28,23:41:00,0.440,0.232,240.420,2.000,0.000,2.000,1.0
2008-09-28,23:42:00,0.438,0.230,240.180,2.000,0.000,1.000,0.0
2008-09-28,23:43:00,0.430,0.220,240.400,2.000,0.000,1.000,1.0
2008-09-28,23:44:00,0.344,0.098,240.320,1.400,0.000,2.000,1.0
2008-09-28,23:45:00,0.344,0.100,241.050,1.400,0.000,1.000,0.0
2008-09-28,23:46:00,0.344,0.100,241.260,1.400,0.000,2.000,1.0
2008-09-28,23:47:00,0.342,0.100,241.320,1.400,0.000,1.000,1.0
2008-09-28,23:48:00,0.342,0.100,241.160,1.400,0.000,1.000,0.0
2008-09-28,23:49:00,0.340,0.100,241.220,1.400,0.000,2.000,1.0
2008-09-28,23:50:00,0.406,0.168,241.560,1.800,0.000,1.000,1.0
2008-09-28,23:51:00,0.376,0.146,241.400,1.600,0.000,1.000,0.0
2008-09-28,23:52:00,0.336,0.082,241.400,1.400,0.000,0.000,1.0
2008-09-28,23:53:00,0.334,0.082,240.730,1.400,0.000,0.000,1.0
2008-09-28,23:54:00,0.332,0.080,240.140,1.400,0.000,0.000,0.0
2008-09-28,23:55:00,0.330,0.080,240.030,1.400,0.000,0.000,1.0
2008-09-28,23:56:00,0.330,0.082,240.360,1.400,0.000,0.000,1.0
2008-09-28,23:57:00,0.328,0.082,240.700,1.400,0.000,0.000,0.0
2008-09-28,23:58:00,0.328,0.082,240.790,1.400,0.000,0.000,1.0
2008-09-28,23:59:00,0.328,0.082,240.740,1.400,0.000,0.000,1.0
