Date,Time,Global_active_power,Global_reactive_power,Voltage,Global_intensity,Sub_metering_1,Sub_metering_2,Sub_metering_3
2008-09-07,00:00:00,0.686,0.208,240.030,3.000,0.000,0.000,1.0
2008-09-07,00:01:00,0.632,0.208,239.720,2.800,0.000,0.000,1.0
2008-09-07,00:02:00,0.556,0.106,239.250,2.200,0.000,0.000,0.0
2008-09-07,00:03:00,0.552,0.104,238.710,2.200,0.000,0.000,1.0
2008-09-07,00:04:00,0.550,0.102,238.330,2.200,0.000,0.000,1.0
2008-09-07,00:05:00,0.550,0.104,238.760,2.200,0.000,0.000,0.0
2008-09-07,00:06:00,0.550,0.104,238.950,2.200,0.000,0.000,1.0
2008-09-07,00:07:00,0.548,0.104,238.950,2.200,0.000,0.000,0.0
2008-09-07,00:08:00,0.548,0.106,239.040,2.200,0.000,0.000,1.0
2008-09-07,00:09:00,0.548,0.106,239.150,2.200,0.000,0.000,1.0
2008-09-07,00:10:00,0.548,0.104,239.170,2.200,0.000,0.000,0.0
2008-09-07,00:11:00,0.548,0.106,239.680,2.200,0.000,0.000,1.0
2008-09-07,00:12:00,1.014,0.190,239.140,4.400,0.000,0.000,8.0
2008-09-07,00:13:00,1.184,0.216,239.060,5.000,0.000,0.000,11.0
2008-09-07,00:14:00,1.212,0.214,238.910,5.000,0.000,0.000,12.0
2008-09-07,00:15:00,1.226,0.212,238.820,5.200,0.000,0.000,12.0
2008-09-07,00:16:00,0.896,0.160,239.160,4.000,0.000,0.000,7.0
2008-09-07,00:17:00,0.546,0.106,239.540,2.200,0.000,0.000,1.0
2008-09-07,00:18:00,0.544,0.102,239.160,2.200,0.000,0.000,0.0
2008-09-07,00:19:00,0.456,0.000,239.690,1.800,0.000,0.000,1.0
2008-09-07,00:20:00,0.456,0.000,239.820,1.800,0.000,0.000,1.0
2008-09-07,00:21:00,0.456,0.000,239.890,1.800,0.000,0.000,0.0
2008-09-07,00:22:00,0.456,0.000,239.990,1.800,0.000,0.000,1.0
2008-09-07,00:23:00,0.456,0.000,240.090,1.800,0.000,0.000,1.0
2008-09-07,00:24:00,0.456,0.000,240.010,1.800,0.000,0.000,0.0
2008-09-07,00:25:00,0.456,0.000,240.200,1.800,0.000,0.000,1.0
2008-09-07,00:26:00,0.456,0.000,240.210,1.800,0.000,0.000,1.0
2008-09-07,00:27:00,0.458,0.000,240.510,1.800,0.000,0.000,0.0
2008-09-07,00:28:00,0.456,0.000,240.240,1.800,0.000,0.000,1.0
2008-09-07,00:29:00,0.456,0.000,240.140,1.800,0.000,0.000,0.0
2008-09-07,00:30:00,0.456,0.000,240.130,1.800,0.000,0.000,1.0
2008-09-07,00:31:00,0.518,0.000,239.910,2.200,0.000,0.000,1.0
2008-09-07,00:32:00,0.532,0.076,240.020,2.200,0.000,0.000,0.0
2008-09-07,00:33:00,0.532,0.078,240.440,2.200,0.000,0.000,1.0
2008-09-07,00:34:00,0.532,0.078,240.530,2.200,0.000,0.000,1.0
2008-09-07,00:35:00,0.530,0.078,240.590,2.200,0.000,0.000,0.0
2008-09-07,00:36:00,0.512,0.080,241.320,2.200,0.000,0.000,1.0
2008-09-07,00:37:00,0.322,0.084,241.650,1.400,0.000,0.000,1.0
2008-09-07,00:38:00,0.320,0.086,240.990,1.400,0.000,0.000,0.0
2008-09-07,00:39:00,0.318,0.088,241.180,1.400,0.000,0.000,1.0
2008-09-07,00:40:00,0.318,0.090,241.340,1.400,0.000,0.000,1.0
2008-09-07,00:41:00,0.432,0.214,241.240,2.000,0.000,0.000,0.0
2008-09-07,00:42:00,0.426,0.224,241.050,2.000,0.000,0.000,1.0
2008-09-07,00:43:00,0.422,0.220,240.890,2.000,0.000,0.000,1.0
2008-09-07,00:44:00,0.420,0.216,240.820,1.800,0.000,0.000,0.0
2008-09-07,00:45:00,0.418,0.216,240.950,1.800,0.000,0.000,1.0
2008-09-07,00:46:00,0.416,0.218,240.980,1.800,0.000,0.000,1.0
2008-09-07,00:47:00,0.396,0.188,241.020,1.800,0.000,0.000,0.0
2008-09-07,00:48:00,0.310,0.116,241.250,1.400,0.000,0.000,1.0
2008-09-07,00:49:00,0.290,0.118,241.350,1.200,0.000,0.000,1.0
2008-09-07,00:50:00,0.288,0.116,241.110,1.200,0.000,0.000,0.0
2008-09-07,00:51:00,0.288,0.114,240.580,1.200,0.000,0.000,1.0
2008-09-07,00:52:00,0.290,0.112,239.970,1.200,0.000,0.000,1.0
2008-09-07,00:53:00,0.286,0.112,239.760,1.200,0.000,0.000,0.0
2008-09-07,00:54:00,0.284,0.112,239.810,1.200,0.000,0.000,1.0
2008-09-07,00:55:00,0.286,0.114,240.000,1.200,0.000,0.000,1.0
2008-09-07,00:56:00,0.286,0.114,240.210,1.200,0.000,0.000,0.0
2008-09-07,00:57:00,0.284,0.114,240.420,1.200,0.000,0.000,1.0
2008-09-07,00:58:00,0.284,0.114,240.450,1.200,0.000,0.000,1.0
2008-09-07,00:59:00,0.284,0.116,240.570,1.200,0.000,0.000,0.0
2008-09-07,01:00:00,0.340,0.168,240.550,1.600,0.000,0.000,1.0
2008-09-07,01:01:00,0.376,0.236,240.640,1.800,0.000,1.000,0.0
2008-09-07,01:02:00,0.372,0.236,240.610,1.800,0.000,2.000,1.0
2008-09-07,01:03:00,0.372,0.236,240.360,1.800,0.000,1.000,1.0
2008-09-07,01:04:00,0.286,0.110,240.320,1.200,0.000,2.000,0.0
2008-09-07,01:05:00,0.282,0.104,240.540,1.200,0.000,1.000,1.0
2008-09-07,01:06:00,0.282,0.104,241.010,1.200,0.000,2.000,1.0
2008-09-07,01:07:00,0.282,0.106,241.360,1.200,0.000,1.000,0.0
2008-09-07,01:08:00,0.282,0.104,241.460,1.200,0.000,1.000,1.0
2008-09-07,01:09:00,0.278,0.106,241.530,1.200,0.000,2.000,1.0
2008-09-07,01:10:00,0.276,0.106,241.470,1.200,0.000,1.000,0.0
2008-09-07,01:11:00,0.276,0.106,241.380,1.200,0.000,2.000,1.0
2008-09-07,01:12:00,0.276,0.106,241.500,1.200,0.000,1.000,1.0
2008-09-07,01:13:00,0.276,0.106,241.470,1.200,0.000,1.000,0.0
2008-09-07,01:14:00,0.274,0.104,241.280,1.200,0.000,2.000,1.0
2008-09-07,01:15:00,0.270,0.106,241.540,1.200,0.000,1.000,1.0
2008-09-07,01:16:00,0.354,0.140,241.610,1.800,0.000,1.000,0.0
2008-09-07,01:17:00,0.614,0.204,241.160,2.600,0.000,2.000,1.0
2008-09-07,01:18:00,0.570,0.142,239.930,2.400,0.000,0.000,1.0
2008-09-07,01:19:00,0.348,0.088,240.280,1.400,0.000,0.000,0.0
2008-09-07,01:20:00,0.320,0.086,239.650,1.400,0.000,0.000,1.0
2008-09-07,01:21:00,0.318,0.086,239.780,1.400,0.000,0.000,1.0
2008-09-07,01:22:00,0.664,0.150,239.400,3.200,0.000,0.000,5.0
2008-09-07,01:23:00,0.948,0.196,239.140,4.000,0.000,0.000,12.0
2008-09-07,01:24:00,0.974,0.194,239.080,4.000,0.000,0.000,11.0
2008-09-07,01:25:00,0.992,0.194,238.900,4.200,0.000,0.000,12.0
2008-09-07,01:26:00,0.672,0.142,239.420,3.200,0.000,0.000,7.0
2008-09-07,01:27:00,0.316,0.090,240.540,1.400,0.000,0.000,1.0
2008-09-07,01:28:00,0.426,0.208,240.710,2.000,0.000,0.000,1.0
2008-09-07,01:29:00,0.424,0.220,240.290,2.000,0.000,0.000,0.0
2008-09-07,01:30:00,0.420,0.222,240.370,2.000,0.000,0.000,1.0
2008-09-07,01:31:00,0.378,0.158,240.700,1.600,0.000,0.000,1.0
2008-09-07,01:32:00,0.350,0.120,240.810,1.400,0.000,0.000,0.0
2008-09-07,01:33:00,0.348,0.118,240.180,1.400,0.000,0.000,1.0
2008-09-07,01:34:00,0.346,0.116,239.920,1.400,0.000,0.000,1.0
2008-09-07,01:35:00,0.344,0.116,239.540,1.400,0.000,0.000,0.0
2008-09-07,01:36:00,0.344,0.116,239.510,1.400,0.000,0.000,1.0
2008-09-07,01:37:00,0.342,0.116,239.810,1.400,0.000,0.000,1.0
2008-09-07,01:38:00,0.342,0.116,239.810,1.400,0.000,0.000,0.0
2008-09-07,01:39:00,0.342,0.116,239.900,1.400,0.000,0.000,1.0
2008-09-07,01:40:00,0.342,0.116,239.880,1.400,0.000,0.000,1.0
2008-09-07,01:41:00,0.272,0.118,240.130,1.200,0.000,0.000,0.0
2008-09-07,01:42:00,0.262,0.118,240.030,1.200,0.000,0.000,1.0
2008-09-07,01:43:00,0.262,0.118,240.110,1.200,0.000,0.000,1.0
2008-09-07,01:44:00,0.262,0.118,239.990,1.200,0.000,0.000,0.0
2008-09-07,01:45:00,0.262,0.118,240.140,1.200,0.000,0.000,1.0
2008-09-07,01:46:00,0.262,0.120,240.400,1.200,0.000,0.000,0.0
2008-09-07,01:47:00,0.262,0.120,240.510,1.200,0.000,0.000,1.0
2008-09-07,01:48:00,0.260,0.120,240.340,1.200,0.000,0.000,1.0
2008-09-07,01:49:00,0.260,0.120,240.410,1.200,0.000,0.000,0.0
2008-09-07,01:50:00,0.260,0.120,240.420,1.200,0.000,0.000,1.0
2008-09-07,01:51:00,0.252,0.106,240.790,1.200,0.000,0.000,1.0
2008-09-07,01:52:00,0.168,0.000,240.820,0.600,0.000,0.000,0.0
2008-09-07,01:53:00,0.168,0.000,240.720,0.600,0.000,0.000,1.0
2008-09-07,01:54:00,0.168,0.000,241.050,0.600,0.000,0.000,1.0
2008-09-07,01:55:00,0.168,0.000,241.190,0.600,0.000,0.000,0.0
2008-09-07,01:56:00,0.170,0.000,241.150,0.600,0.000,0.000,1.0
2008-09-07,01:57:00,0.168,0.000,240.800,0.600,0.000,0.000,1.0
2008-09-07,01:58:00,0.168,0.000,240.640,0.600,0.000,0.000,0.0
2008-09-07,01:59:00,0.168,0.000,240.540,0.600,0.000,0.000,1.0
2008-09-07,02:00:00,0.216,0.000,239.710,1.000,0.000,0.000,1.0
2008-09-07,02:01:00,0.244,0.090,240.010,1.000,0.000,0.000,0.0
2008-09-07,02:02:00,0.244,0.090,240.060,1.000,0.000,0.000,1.0
2008-09-07,02:03:00,0.244,0.090,239.790,1.000,0.000,0.000,1.0
2008-09-07,02:04:00,0.242,0.090,239.860,1.000,0.000,0.000,0.0
2008-09-07,02:05:00,0.242,0.090,239.990,1.000,0.000,0.000,1.0
2008-09-07,02:06:00,0.240,0.090,240.210,1.000,0.000,0.000,1.0
2008-09-07,02:07:00,0.240,0.090,240.240,1.000,0.000,0.000,0.0
2008-09-07,02:08:00,0.238,0.090,240.250,1.000,0.000,0.000,1.0
2008-09-07,02:09:00,0.238,0.090,240.190,1.000,0.000,0.000,1.0
2008-09-07,02:10:00,0.238,0.090,240.430,1.000,0.000,0.000,0.0
2008-09-07,02:11:00,0.238,0.090,240.260,1.000,0.000,0.000,1.0
2008-09-07,02:12:00,0.236,0.090,240.310,1.000,0.000,0.000,0.0
2008-09-07,02:13:00,0.236,0.090,240.360,1.000,0.000,0.000,1.0
2008-09-07,02:14:00,0.236,0.090,240.260,1.000,0.000,0.000,1.0
2008-09-07,02:15:00,0.172,0.000,240.280,0.600,0.000,0.000,0.0
2008-09-07,02:16:00,0.168,0.000,240.390,0.600,0.000,0.000,1.0
2008-09-07,02:17:00,0.228,0.046,240.360,1.000,0.000,0.000,1.0
2008-09-07,02:18:00,0.278,0.118,240.300,1.200,0.000,0.000,0.0
2008-09-07,02:19:00,0.274,0.118,240.460,1.200,0.000,0.000,1.0
2008-09-07,02:20:00,0.274,0.120,240.660,1.200,0.000,0.000,1.0
2008-09-07,02:21:00,0.272,0.120,240.690,1.200,0.000,0.000,0.0
2008-09-07,02:22:00,0.368,0.234,240.380,1.800,0.000,1.000,1.0
2008-09-07,02:23:00,0.358,0.240,240.420,1.800,0.000,1.000,1.0
2008-09-07,02:24:00,0.356,0.240,240.360,1.800,0.000,2.000,0.0
2008-09-07,02:25:00,0.354,0.240,240.060,1.800,0.000,1.000,1.0
2008-09-07,02:26:00,0.354,0.240,240.170,1.800,0.000,2.000,1.0
2008-09-07,02:27:00,0.352,0.240,240.240,1.800,0.000,1.000,0.0
2008-09-07,02:28:00,0.352,0.242,240.590,1.800,0.000,2.000,1.0
2008-09-07,02:29:00,0.350,0.240,240.300,1.600,0.000,1.000,1.0
2008-09-07,02:30:00,0.348,0.240,240.150,1.600,0.000,1.000,0.0
2008-09-07,02:31:00,0.346,0.238,239.900,1.600,0.000,2.000,1.0
2008-09-07,02:32:00,0.344,0.238,239.580,1.600,0.000,1.000,1.0
2008-09-07,02:33:00,0.592,0.282,239.210,3.000,0.000,2.000,4.0
2008-09-07,02:34:00,0.966,0.344,238.850,4.200,0.000,1.000,11.0
2008-09-07,02:35:00,0.992,0.348,239.310,4.400,0.000,1.000,11.0
2008-09-07,02:36:00,1.018,0.352,240.010,4.400,0.000,2.000,12.0
2008-09-07,02:37:00,0.612,0.288,240.810,3.000,0.000,1.000,6.0
2008-09-07,02:38:00,0.340,0.244,241.370,1.600,0.000,1.000,1.0
2008-09-07,02:39:00,0.302,0.186,241.290,1.400,0.000,1.000,0.0
2008-09-07,02:40:00,0.170,0.000,241.440,0.600,0.000,0.000,1.0
2008-09-07,02:41:00,0.170,0.000,241.420,0.600,0.000,0.000,1.0
2008-09-07,02:42:00,0.168,0.000,241.060,0.600,0.000,0.000,0.0
2008-09-07,02:43:00,0.168,0.000,241.210,0.600,0.000,0.000,1.0
2008-09-07,02:44:00,0.222,0.000,241.150,1.200,0.000,0.000,1.0
2008-09-07,02:45:00,0.246,0.092,241.000,1.000,0.000,0.000,0.0
2008-09-07,02:46:00,0.246,0.092,241.150,1.000,0.000,0.000,1.0
2008-09-07,02:47:00,0.246,0.092,240.920,1.000,0.000,0.000,1.0
2008-09-07,02:48:00,0.246,0.092,241.210,1.000,0.000,0.000,0.0
2008-09-07,02:49:00,0.242,0.092,240.780,1.000,0.000,0.000,1.0
2008-09-07,02:50:00,0.242,0.092,240.830,1.000,0.000,0.000,1.0
2008-09-07,02:51:00,0.240,0.092,240.920,1.000,0.000,0.000,0.0
2008-09-07,02:52:00,0.240,0.092,240.740,1.000,0.000,0.000,1.0
2008-09-07,02:53:00,0.240,0.094,241.410,1.000,0.000,0.000,1.0
2008-09-07,02:54:00,0.240,0.094,241.680,1.000,0.000,0.000,0.0
2008-09-07,02:55:00,0.240,0.094,241.800,1.000,0.000,0.000,1.0
2008-09-07,02:56:00,0.240,0.096,241.790,1.000,0.000,0.000,1.0
2008-09-07,02:57:00,0.238,0.094,241.600,1.000,0.000,0.000,0.0
2008-09-07,02:58:00,0.200,0.000,240.920,0.800,0.000,0.000,1.0
2008-09-07,02:59:00,0.168,0.000,240.690,0.600,0.000,0.000,1.0
2008-09-07,03:00:00,0.168,0.000,241.030,0.600,0.000,0.000,0.0
2008-09-07,03:01:00,0.168,0.000,240.970,0.600,0.000,0.000,1.0
2008-09-07,03:02:00,0.168,0.000,240.910,0.600,0.000,0.000,1.0
2008-09-07,03:03:00,0.168,0.000,240.950,0.600,0.000,0.000,0.0
2008-09-07,03:04:00,0.168,0.000,240.550,0.600,0.000,0.000,1.0
2008-09-07,03:05:00,0.168,0.000,240.750,0.600,0.000,0.000,1.0
2008-09-07,03:06:00,0.288,0.118,240.520,1.400,0.000,0.000,0.0
2008-09-07,03:07:00,0.278,0.120,240.590,1.200,0.000,0.000,1.0
2008-09-07,03:08:00,0.274,0.120,240.650,1.200,0.000,0.000,1.0
2008-09-07,03:09:00,0.272,0.120,240.700,1.200,0.000,0.000,0.0
2008-09-07,03:10:00,0.270,0.120,240.640,1.200,0.000,0.000,1.0
2008-09-07,03:11:00,0.270,0.120,240.650,1.200,0.000,0.000,1.0
2008-09-07,03:12:00,0.268,0.120,240.770,1.200,0.000,0.000,0.0
2008-09-07,03:13:00,0.268,0.120,240.870,1.200,0.000,0.000,1.0
2008-09-07,03:14:00,0.266,0.122,240.980,1.200,0.000,0.000,0.0
2008-09-07,03:15:00,0.266,0.122,241.080,1.200,0.000,0.000,1.0
2008-09-07,03:16:00,0.266,0.122,241.170,1.200,0.000,0.000,1.0
2008-09-07,03:17:00,0.264,0.122,240.930,1.200,0.000,0.000,0.0
2008-09-07,03:18:00,0.264,0.122,240.990,1.200,0.000,0.000,1.0
2008-09-07,03:19:00,0.264,0.122,241.010,1.200,0.000,0.000,1.0
2008-09-07,03:20:00,0.264,0.122,240.990,1.200,0.000,0.000,0.0
2008-09-07,03:21:00,0.264,0.122,241.310,1.200,0.000,0.000,1.0
2008-09-07,03:22:00,0.264,0.122,241.370,1.200,0.000,0.000,1.0
2008-09-07,03:23:00,0.264,0.124,241.630,1.200,0.000,0.000,0.0
2008-09-07,03:24:00,0.264,0.124,241.640,1.200,0.000,0.000,1.0
2008-09-07,03:25:00,0.264,0.124,242.160,1.200,0.000,0.000,1.0
2008-09-07,03:26:00,0.264,0.124,242.060,1.200,0.000,0.000,0.0
2008-09-07,03:27:00,0.220,0.062,241.870,1.000,0.000,0.000,1.0
2008-09-07,03:28:00,0.238,0.058,241.540,1.200,0.000,0.000,1.0
2008-09-07,03:29:00,0.246,0.094,241.600,1.000,0.000,0.000,0.0
2008-09-07,03:30:00,0.248,0.094,241.600,1.000,0.000,0.000,1.0
2008-09-07,03:31:00,0.246,0.092,241.630,1.000,0.000,0.000,1.0
2008-09-07,03:32:00,0.246,0.094,241.680,1.000,0.000,0.000,0.0
2008-09-07,03:33:00,0.244,0.094,241.730,1.000,0.000,0.000,1.0
2008-09-07,03:34:00,0.242,0.094,241.800,1.000,0.000,0.000,1.0
2008-09-07,03:35:00,0.242,0.094,241.880,1.000,0.000,0.000,0.0
2008-09-07,03:36:00,0.240,0.094,241.700,1.000,0.000,0.000,1.0
2008-09-07,03:37:00,0.240,0.094,241.530,1.000,0.000,0.000,1.0
2008-09-07,03:38:00,0.240,0.094,241.510,1.000,0.000,0.000,0.0
2008-09-07,03:39:00,0.238,0.092,241.400,1.000,0.000,0.000,1.0
2008-09-07,03:40:00,0.238,0.094,241.460,1.000,0.000,0.000,1.0
2008-09-07,03:41:00,0.238,0.094,241.480,1.000,0.000,0.000,0.0
2008-09-07,03:42:00,0.390,0.000,241.140,2.000,0.000,0.000,4.0
2008-09-07,03:43:00,0.846,0.148,240.570,3.600,0.000,0.000,11.0
2008-09-07,03:44:00,0.912,0.224,240.380,3.800,0.000,1.000,12.0
2008-09-07,03:45:00,0.934,0.222,240.050,4.000,0.000,2.000,12.0
2008-09-07,03:46:00,0.724,0.186,240.330,3.400,0.000,1.000,9.0
2008-09-07,03:47:00,0.258,0.112,241.300,1.200,0.000,2.000,0.0
2008-09-07,03:48:00,0.258,0.110,241.080,1.200,0.000,1.000,1.0
2008-09-07,03:49:00,0.258,0.110,240.850,1.200,0.000,1.000,1.0
2008-09-07,03:50:00,0.258,0.110,240.770,1.200,0.000,2.000,0.0
2008-09-07,03:51:00,0.256,0.110,240.770,1.200,0.000,1.000,1.0
2008-09-07,03:52:00,0.256,0.110,240.900,1.200,0.000,2.000,1.0
2008-09-07,03:53:00,0.256,0.112,241.560,1.200,0.000,1.000,0.0
2008-09-07,03:54:00,0.360,0.226,241.290,1.800,0.000,2.000,1.0
2008-09-07,03:55:00,0.362,0.246,241.840,1.800,0.000,1.000,1.0
2008-09-07,03:56:00,0.358,0.248,241.950,1.800,0.000,1.000,0.0
2008-09-07,03:57:00,0.354,0.248,241.810,1.800,0.000,2.000,1.0
2008-09-07,03:58:00,0.352,0.246,241.580,1.800,0.000,1.000,1.0
2008-09-07,03:59:00,0.350,0.246,241.690,1.800,0.000,1.000,0.0
2008-09-07,04:00:00,0.348,0.246,241.760,1.600,0.000,2.000,1.0
2008-09-07,04:01:00,0.280,0.140,241.910,1.200,0.000,0.000,1.0
2008-09-07,04:02:00,0.268,0.124,241.880,1.200,0.000,0.000,0.0
2008-09-07,04:03:00,0.268,0.124,241.930,1.200,0.000,0.000,1.0
2008-09-07,04:04:00,0.268,0.126,241.940,1.200,0.000,0.000,1.0
2008-09-07,04:05:00,0.266,0.126,242.010,1.200,0.000,0.000,0.0
2008-09-07,04:06:00,0.266,0.126,242.010,1.200,0.000,0.000,1.0
2008-09-07,04:07:00,0.266,0.126,242.000,1.200,0.000,0.000,1.0
2008-09-07,04:08:00,0.266,0.126,242.140,1.200,0.000,0.000,0.0
2008-09-07,04:09:00,0.266,0.126,242.140,1.200,0.000,0.000,1.0
2008-09-07,04:10:00,0.266,0.126,242.250,1.200,0.000,0.000,1.0
2008-09-07,04:11:00,0.266,0.126,242.260,1.200,0.000,0.000,0.0
2008-09-07,04:12:00,0.322,0.180,242.030,1.600,0.000,0.000,1.0
2008-09-07,04:13:00,0.340,0.228,241.560,1.600,0.000,0.000,1.0
2008-09-07,04:14:00,0.340,0.228,241.700,1.600,0.000,0.000,0.0
2008-09-07,04:15:00,0.298,0.168,242.020,1.400,0.000,0.000,1.0
2008-09-07,04:16:00,0.246,0.094,241.690,1.000,0.000,0.000,1.0
2008-09-07,04:17:00,0.246,0.094,241.700,1.000,0.000,0.000,0.0
2008-09-07,04:18:00,0.244,0.094,241.540,1.000,0.000,0.000,1.0
2008-09-07,04:19:00,0.242,0.094,241.530,1.000,0.000,0.000,0.0
2008-09-07,04:20:00,0.242,0.094,241.340,1.000,0.000,0.000,1.0
2008-09-07,04:21:00,0.240,0.094,241.270,1.000,0.000,0.000,1.0
2008-09-07,04:22:00,0.240,0.094,241.330,1.000,0.000,0.000,0.0
2008-09-07,04:23:00,0.240,0.094,241.450,1.000,0.000,0.000,1.0
2008-09-07,04:24:00,0.240,0.094,241.390,1.000,0.000,0.000,1.0
2008-09-07,04:25:00,0.238,0.094,241.370,1.000,0.000,0.000,0.0
2008-09-07,04:26:00,0.172,0.000,241.480,0.600,0.000,0.000,1.0
2008-09-07,04:27:00,0.170,0.000,241.380,0.600,0.000,0.000,1.0
2008-09-07,04:28:00,0.170,0.000,241.490,0.600,0.000,0.000,0.0
2008-09-07,04:29:00,0.170,0.000,241.510,0.600,0.000,0.000,1.0
2008-09-07,04:30:00,0.170,0.000,242.160,0.600,0.000,0.000,1.0
2008-09-07,04:31:00,0.170,0.000,242.280,0.600,0.000,0.000,0.0
2008-09-07,04:32:00,0.170,0.000,242.340,0.600,0.000,0.000,1.0
2008-09-07,04:33:00,0.170,0.000,241.890,0.600,0.000,0.000,1.0
2008-09-07,04:34:00,0.170,0.000,241.650,0.600,0.000,0.000,0.0
2008-09-07,04:35:00,0.170,0.000,242.050,0.600,0.000,0.000,1.0
2008-09-07,04:36:00,0.170,0.000,242.520,0.600,0.000,0.000,1.0
2008-09-07,04:37:00,0.170,0.000,242.760,0.600,0.000,0.000,0.0
2008-09-07,04:38:00,0.170,0.000,242.870,0.600,0.000,0.000,1.0
2008-09-07,04:39:00,0.170,0.000,242.740,0.600,0.000,0.000,1.0
2008-09-07,04:40:00,0.170,0.000,242.790,0.600,0.000,0.000,0.0
2008-09-07,04:41:00,0.170,0.000,242.290,0.600,0.000,0.000,1.0
2008-09-07,04:42:00,0.196,0.000,242.280,1.000,0.000,0.000,1.0
2008-09-07,04:43:00,0.282,0.124,242.000,1.200,0.000,0.000,0.0
2008-09-07,04:44:00,0.278,0.124,241.670,1.200,0.000,0.000,1.0
2008-09-07,04:45:00,0.276,0.124,241.710,1.200,0.000,0.000,1.0
2008-09-07,04:46:00,0.274,0.124,241.680,1.200,0.000,0.000,0.0
2008-09-07,04:47:00,0.272,0.124,241.500,1.200,0.000,0.000,1.0
2008-09-07,04:48:00,0.272,0.124,241.770,1.200,0.000,0.000,1.0
2008-09-07,04:49:00,0.270,0.124,241.940,1.200,0.000,0.000,0.0
2008-09-07,04:50:00,0.270,0.126,242.220,1.200,0.000,0.000,1.0
2008-09-07,04:51:00,0.270,0.128,242.640,1.200,0.000,0.000,1.0
2008-09-07,04:52:00,0.268,0.128,242.720,1.200,0.000,0.000,0.0
2008-09-07,04:53:00,0.268,0.128,242.960,1.200,0.000,0.000,1.0
2008-09-07,04:54:00,0.268,0.130,243.390,1.200,0.000,0.000,1.0
2008-09-07,04:55:00,0.828,0.244,242.120,3.600,0.000,0.000,9.0
2008-09-07,04:56:00,0.938,0.274,241.680,4.000,0.000,0.000,11.0
2008-09-07,04:57:00,1.012,0.352,241.600,4.400,0.000,0.000,12.0
2008-09-07,04:58:00,1.022,0.350,241.510,4.400,0.000,0.000,12.0
2008-09-07,04:59:00,0.350,0.230,241.710,1.800,0.000,0.000,2.0
2008-09-07,05:00:00,0.338,0.228,241.350,1.600,0.000,0.000,0.0
2008-09-07,05:01:00,0.338,0.228,241.390,1.600,0.000,0.000,1.0
2008-09-07,05:02:00,0.336,0.228,241.410,1.600,0.000,0.000,1.0
2008-09-07,05:03:00,0.334,0.228,241.350,1.600,0.000,0.000,0.0
2008-09-07,05:04:00,0.246,0.102,241.530,1.000,0.000,0.000,1.0
2008-09-07,05:05:00,0.298,0.152,241.420,1.400,0.000,0.000,1.0
2008-09-07,05:06:00,0.328,0.216,241.520,1.600,0.000,1.000,0.0
2008-09-07,05:07:00,0.328,0.216,241.610,1.600,0.000,1.000,1.0
2008-09-07,05:08:00,0.328,0.218,241.810,1.600,0.000,2.000,1.0
2008-09-07,05:09:00,0.328,0.218,241.840,1.600,0.000,1.000,0.0
2008-09-07,05:10:00,0.282,0.148,241.750,1.200,0.000,2.000,1.0
2008-09-07,05:11:00,0.258,0.112,241.550,1.200,0.000,1.000,1.0
2008-09-07,05:12:00,0.258,0.112,241.820,1.200,0.000,2.000,0.0
2008-09-07,05:13:00,0.258,0.114,241.900,1.200,0.000,1.000,1.0
2008-09-07,05:14:00,0.256,0.112,241.680,1.200,0.000,2.000,1.0
2008-09-07,05:15:00,0.256,0.112,241.830,1.200,0.000,1.000,0.0
2008-09-07,05:16:00,0.254,0.114,241.940,1.200,0.000,1.000,1.0
2008-09-07,05:17:00,0.254,0.114,242.200,1.200,0.000,2.000,1.0
2008-09-07,05:18:00,0.252,0.114,242.190,1.000,0.000,1.000,0.0
2008-09-07,05:19:00,0.252,0.114,242.290,1.000,0.000,1.000,1.0
2008-09-07,05:20:00,0.252,0.114,242.540,1.000,0.000,2.000,1.0
2008-09-07,05:21:00,0.250,0.114,242.600,1.000,0.000,1.000,0.0
2008-09-07,05:22:00,0.244,0.106,242.760,1.000,0.000,1.000,1.0
2008-09-07,05:23:00,0.172,0.000,242.980,0.600,0.000,0.000,1.0
2008-09-07,05:24:00,0.172,0.000,242.830,0.600,0.000,0.000,0.0
2008-09-07,05:25:00,0.172,0.000,242.980,0.600,0.000,0.000,1.0
2008-09-07,05:26:00,0.172,0.000,243.240,0.600,0.000,0.000,1.0
2008-09-07,05:27:00,0.172,0.000,243.260,0.600,0.000,0.000,0.0
2008-09-07,05:28:00,0.172,0.000,243.180,0.600,0.000,0.000,1.0
2008-09-07,05:29:00,0.172,0.000,243.170,0.600,0.000,0.000,1.0
2008-09-07,05:30:00,0.172,0.000,243.360,0.600,0.000,0.000,0.0
2008-09-07,05:31:00,0.172,0.000,243.540,0.600,0.000,0.000,1.0
2008-09-07,05:32:00,0.268,0.096,242.400,1.200,0.000,0.000,1.0
2008-09-07,05:33:00,0.280,0.124,241.850,1.200,0.000,0.000,0.0
2008-09-07,05:34:00,0.276,0.122,241.430,1.200,0.000,0.000,1.0
2008-09-07,05:35:00,0.274,0.124,241.530,1.200,0.000,0.000,1.0
2008-09-07,05:36:00,0.272,0.124,241.540,1.200,0.000,0.000,0.0
2008-09-07,05:37:00,0.272,0.124,241.590,1.200,0.000,0.000,1.0
2008-09-07,05:38:00,0.270,0.124,241.480,1.200,0.000,0.000,1.0
2008-09-07,05:39:00,0.268,0.122,241.260,1.200,0.000,0.000,0.0
2008-09-07,05:40:00,0.268,0.124,241.360,1.200,0.000,0.000,1.0
2008-09-07,05:41:00,0.348,0.210,241.530,1.800,0.000,0.000,1.0
2008-09-07,05:42:00,0.342,0.228,241.590,1.600,0.000,0.000,0.0
2008-09-07,05:43:00,0.342,0.228,241.930,1.600,0.000,0.000,1.0
2008-09-07,05:44:00,0.342,0.228,241.970,1.600,0.000,0.000,1.0
2008-09-07,05:45:00,0.340,0.230,241.950,1.600,0.000,0.000,0.0
2008-09-07,05:46:00,0.338,0.230,241.860,1.600,0.000,0.000,1.0
2008-09-07,05:47:00,0.336,0.228,241.860,1.600,0.000,0.000,1.0
2008-09-07,05:48:00,0.336,0.228,241.840,1.600,0.000,0.000,0.0
2008-09-07,05:49:00,0.334,0.228,241.770,1.600,0.000,0.000,1.0
2008-09-07,05:50:00,0.334,0.228,241.610,1.600,0.000,0.000,1.0
2008-09-07,05:51:00,0.334,0.228,242.080,1.600,0.000,0.000,0.0
2008-09-07,05:52:00,0.306,0.190,242.470,1.400,0.000,0.000,1.0
2008-09-07,05:53:00,0.240,0.096,242.690,1.000,0.000,0.000,1.0
2008-09-07,05:54:00,0.226,0.074,242.660,1.000,0.000,0.000,0.0
2008-09-07,05:55:00,0.172,0.000,243.170,0.600,0.000,0.000,1.0
2008-09-07,05:56:00,0.170,0.000,242.560,0.600,0.000,0.000,1.0
2008-09-07,05:57:00,0.172,0.000,242.900,0.600,0.000,0.000,0.0
2008-09-07,05:58:00,0.172,0.000,242.980,0.600,0.000,0.000,1.0
2008-09-07,05:59:00,0.172,0.000,243.360,0.600,0.000,0.000,1.0
2008-09-07,06:00:00,0.170,0.000,242.700,0.600,0.000,0.000,0.0
2008-09-07,06:01:00,0.170,0.000,242.520,0.600,0.000,0.000,1.0
2008-09-07,06:02:00,0.170,0.000,242.440,0.600,0.000,0.000,1.0
2008-09-07,06:03:00,0.170,0.000,242.490,0.600,0.000,0.000,0.0
2008-09-07,06:04:00,0.170,0.000,241.810,0.600,0.000,0.000,1.0
2008-09-07,06:05:00,0.170,0.000,241.910,0.600,0.000,0.000,1.0
2008-09-07,06:06:00,0.170,0.000,241.940,0.600,0.000,0.000,0.0
2008-09-07,06:07:00,0.294,0.000,241.480,1.600,0.000,0.000,2.0
2008-09-07,06:08:00,0.796,0.108,240.880,3.200,0.000,0.000,11.0
2008-09-07,06:09:00,0.816,0.108,240.880,3.400,0.000,0.000,12.0
2008-09-07,06:10:00,0.844,0.106,240.670,3.400,0.000,0.000,12.0
2008-09-07,06:11:00,0.760,0.090,240.760,3.200,0.000,0.000,11.0
2008-09-07,06:12:00,0.170,0.000,241.600,0.600,0.000,0.000,1.0
2008-09-07,06:13:00,0.170,0.000,241.500,0.600,0.000,0.000,0.0
2008-09-07,06:14:00,0.170,0.000,241.540,0.600,0.000,0.000,1.0
2008-09-07,06:15:00,0.170,0.000,241.420,0.600,0.000,0.000,1.0
2008-09-07,06:16:00,0.170,0.000,241.380,0.600,0.000,0.000,0.0
2008-09-07,06:17:00,0.170,0.000,241.400,0.600,0.000,0.000,1.0
2008-09-07,06:18:00,0.168,0.000,241.290,0.600,0.000,0.000,1.0
2008-09-07,06:19:00,0.170,0.000,241.370,0.600,0.000,0.000,0.0
2008-09-07,06:20:00,0.170,0.000,241.450,0.600,0.000,0.000,1.0
2008-09-07,06:21:00,0.274,0.100,241.130,1.200,0.000,0.000,0.0
2008-09-07,06:22:00,0.278,0.122,241.040,1.200,0.000,0.000,1.0
2008-09-07,06:23:00,0.276,0.122,241.290,1.200,0.000,0.000,1.0
2008-09-07,06:24:00,0.274,0.122,241.220,1.200,0.000,0.000,0.0
2008-09-07,06:25:00,0.272,0.122,241.010,1.200,0.000,0.000,1.0
2008-09-07,06:26:00,0.354,0.214,240.880,1.800,0.000,0.000,1.0
2008-09-07,06:27:00,0.344,0.224,240.830,1.600,0.000,0.000,0.0
2008-09-07,06:28:00,0.432,0.326,240.750,2.200,0.000,1.000,1.0
2008-09-07,06:29:00,0.432,0.348,240.870,2.200,0.000,1.000,1.0
2008-09-07,06:30:00,0.428,0.348,240.900,2.200,0.000,2.000,0.0
2008-09-07,06:31:00,0.426,0.350,241.220,2.200,0.000,1.000,1.0
2008-09-07,06:32:00,0.424,0.350,241.230,2.200,0.000,2.000,1.0
2008-09-07,06:33:00,0.422,0.348,241.150,2.200,0.000,1.000,0.0
2008-09-07,06:34:00,0.420,0.348,240.970,2.200,0.000,1.000,1.0
2008-09-07,06:35:00,0.418,0.348,241.120,2.200,0.000,2.000,1.0
2008-09-07,06:36:00,0.418,0.348,241.080,2.200,0.000,1.000,0.0
2008-09-07,06:37:00,0.416,0.346,240.780,2.200,0.000,2.000,1.0
2008-09-07,06:38:00,0.414,0.346,240.620,2.200,0.000,1.000,1.0
2008-09-07,06:39:00,0.370,0.280,240.770,1.800,0.000,1.000,0.0
2008-09-07,06:40:00,0.344,0.242,240.490,1.600,0.000,2.000,1.0
2008-09-07,06:41:00,0.282,0.156,240.560,1.400,0.000,1.000,1.0
2008-09-07,06:42:00,0.250,0.110,240.530,1.000,0.000,2.000,0.0
2008-09-07,06:43:00,0.248,0.110,241.000,1.000,0.000,1.000,1.0
2008-09-07,06:44:00,0.248,0.110,241.150,1.000,0.000,1.000,1.0
2008-09-07,06:45:00,0.214,0.060,240.980,1.000,0.000,1.000,0.0
2008-09-07,06:46:00,0.168,0.000,241.080,0.600,0.000,0.000,1.0
2008-09-07,06:47:00,0.168,0.000,240.930,0.600,0.000,0.000,1.0
2008-09-07,06:48:00,0.168,0.000,240.890,0.600,0.000,0.000,0.0
2008-09-07,06:49:00,0.168,0.000,240.910,0.600,0.000,0.000,1.0
2008-09-07,06:50:00,0.168,0.000,241.110,0.600,0.000,0.000,1.0
2008-09-07,06:51:00,0.168,0.000,241.010,0.600,0.000,0.000,0.0
2008-09-07,06:52:00,0.168,0.000,241.060,0.600,0.000,0.000,1.0
2008-09-07,06:53:00,0.168,0.000,241.100,0.600,0.000,0.000,1.0
2008-09-07,06:54:00,0.170,0.000,241.340,0.600,0.000,0.000,0.0
2008-09-07,06:55:00,0.168,0.000,241.220,0.600,0.000,0.000,1.0
2008-09-07,06:56:00,0.168,0.000,241.330,0.600,0.000,0.000,1.0
2008-09-07,06:57:00,0.170,0.000,241.510,0.600,0.000,0.000,0.0
2008-09-07,06:58:00,0.170,0.000,242.090,0.600,0.000,0.000,1.0
2008-09-07,06:59:00,0.170,0.000,241.930,0.600,0.000,0.000,1.0
2008-09-07,07:00:00,0.170,0.000,242.100,0.600,0.000,0.000,0.0
2008-09-07,07:01:00,0.168,0.000,241.330,0.600,0.000,0.000,1.0
2008-09-07,07:02:00,0.170,0.000,241.550,0.600,0.000,0.000,0.0
2008-09-07,07:03:00,0.168,0.000,241.380,0.600,0.000,0.000,1.0
2008-09-07,07:04:00,0.168,0.000,241.360,0.600,0.000,0.000,1.0
2008-09-07,07:05:00,0.170,0.000,241.680,0.600,0.000,0.000,0.0
2008-09-07,07:06:00,0.170,0.000,241.740,0.600,0.000,0.000,1.0
2008-09-07,07:07:00,0.168,0.000,241.570,0.600,0.000,0.000,1.0
2008-09-07,07:08:00,0.170,0.000,241.580,0.600,0.000,0.000,0.0
2008-09-07,07:09:00,0.168,0.000,241.170,0.600,0.000,0.000,1.0
2008-09-07,07:10:00,0.294,0.124,241.140,1.400,0.000,0.000,1.0
2008-09-07,07:11:00,0.360,0.210,241.120,1.800,0.000,0.000,0.0
2008-09-07,07:12:00,0.350,0.226,241.320,1.600,0.000,0.000,1.0
2008-09-07,07:13:00,0.350,0.228,241.680,1.600,0.000,0.000,1.0
2008-09-07,07:14:00,0.348,0.228,241.680,1.600,0.000,0.000,0.0
2008-09-07,07:15:00,0.346,0.228,241.870,1.600,0.000,0.000,1.0
2008-09-07,07:16:00,0.344,0.228,241.870,1.600,0.000,0.000,1.0
2008-09-07,07:17:00,0.342,0.232,242.470,1.600,0.000,0.000,0.0
2008-09-07,07:18:00,0.340,0.232,242.520,1.600,0.000,0.000,1.0
2008-09-07,07:19:00,0.338,0.230,242.320,1.600,0.000,0.000,1.0
2008-09-07,07:20:00,0.338,0.232,242.390,1.600,0.000,0.000,0.0
2008-09-07,07:21:00,0.336,0.232,242.750,1.600,0.000,0.000,1.0
2008-09-07,07:22:00,0.336,0.232,242.560,1.600,0.000,0.000,1.0
2008-09-07,07:23:00,0.364,0.230,241.930,1.800,0.000,0.000,0.0
2008-09-07,07:24:00,0.886,0.244,241.030,3.800,0.000,0.000,11.0
2008-09-07,07:25:00,0.902,0.240,240.640,3.800,0.000,0.000,12.0
2008-09-07,07:26:00,0.932,0.240,240.750,4.000,0.000,0.000,12.0
2008-09-07,07:27:00,0.942,0.238,240.530,4.000,0.000,0.000,12.0
2008-09-07,07:28:00,0.374,0.142,241.050,2.000,0.000,0.000,3.0
2008-09-07,07:29:00,0.262,0.124,241.100,1.200,0.000,0.000,0.0
2008-09-07,07:30:00,0.178,0.000,241.110,0.800,0.000,0.000,1.0
2008-09-07,07:31:00,0.168,0.000,240.990,0.600,0.000,0.000,1.0
2008-09-07,07:32:00,0.168,0.000,241.000,0.600,0.000,0.000,0.0
2008-09-07,07:33:00,0.170,0.000,241.370,0.600,0.000,0.000,1.0
2008-09-07,07:34:00,0.170,0.000,241.330,0.600,0.000,0.000,1.0
2008-09-07,07:35:00,0.168,0.000,240.960,0.600,0.000,0.000,0.0
2008-09-07,07:36:00,0.168,0.000,240.320,0.600,0.000,0.000,1.0
2008-09-07,07:37:00,0.168,0.000,240.410,0.600,0.000,0.000,1.0
2008-09-07,07:38:00,0.168,0.000,241.030,0.600,0.000,0.000,0.0
2008-09-07,07:39:00,0.168,0.000,240.880,0.600,0.000,0.000,1.0
2008-09-07,07:40:00,0.168,0.000,241.230,0.600,0.000,0.000,1.0
2008-09-07,07:41:00,0.168,0.000,241.210,0.600,0.000,0.000,0.0
2008-09-07,07:42:00,0.168,0.000,241.180,0.600,0.000,0.000,1.0
2008-09-07,07:43:00,0.168,0.000,241.130,0.600,0.000,0.000,1.0
2008-09-07,07:44:00,0.168,0.000,241.400,0.600,0.000,0.000,0.0
2008-09-07,07:45:00,0.168,0.000,241.350,0.600,0.000,0.000,1.0
2008-09-07,07:46:00,0.168,0.000,241.240,0.600,0.000,0.000,1.0
2008-09-07,07:47:00,0.170,0.000,241.530,0.600,0.000,0.000,0.0
2008-09-07,07:48:00,0.170,0.000,241.530,0.600,0.000,0.000,1.0
2008-09-07,07:49:00,0.170,0.000,241.550,0.600,0.000,0.000,1.0
2008-09-07,07:50:00,0.168,0.000,241.410,0.600,0.000,0.000,0.0
2008-09-07,07:51:00,0.250,0.078,241.300,1.200,0.000,0.000,1.0
2008-09-07,07:52:00,0.260,0.112,241.420,1.200,0.000,2.000,1.0
2008-09-07,07:53:00,0.258,0.112,241.550,1.200,0.000,1.000,0.0
2008-09-07,07:54:00,0.258,0.112,241.030,1.200,0.000,1.000,1.0
2008-09-07,07:55:00,0.290,0.134,241.310,1.400,0.000,2.000,1.0
2008-09-07,07:56:00,0.334,0.214,241.240,1.600,0.000,1.000,0.0
2008-09-07,07:57:00,0.334,0.216,241.560,1.600,0.000,2.000,1.0
2008-09-07,07:58:00,0.334,0.216,241.560,1.600,0.000,1.000,0.0
2008-09-07,07:59:00,0.404,0.290,240.970,2.000,0.000,2.000,1.0
2008-09-07,08:00:00,0.756,0.414,240.520,3.600,0.000,1.000,1.0
2008-09-07,08:01:00,2.420,0.328,238.440,11.400,0.000,1.000,0.0
2008-09-07,08:02:00,3.152,0.310,237.570,13.200,0.000,2.000,1.0
2008-09-07,08:03:00,1.800,0.328,239.190,9.600,0.000,1.000,1.0
2008-09-07,08:04:00,0.462,0.348,241.050,2.400,0.000,2.000,0.0
2008-09-07,08:05:00,0.422,0.348,241.020,2.200,0.000,1.000,1.0
2008-09-07,08:06:00,0.398,0.348,240.940,2.200,0.000,1.000,1.0
2008-09-07,08:07:00,1.236,0.352,240.810,6.000,0.000,2.000,0.0
2008-09-07,08:08:00,0.594,0.270,242.670,3.200,0.000,0.000,1.0
2008-09-07,08:09:00,0.888,0.230,242.710,4.400,0.000,0.000,1.0
2008-09-07,08:10:00,2.068,0.260,242.110,9.000,0.000,0.000,0.0
2008-09-07,08:11:00,1.998,0.256,241.490,8.800,0.000,0.000,1.0
2008-09-07,08:12:00,0.582,0.238,242.850,3.200,0.000,0.000,1.0
2008-09-07,08:13:00,0.384,0.234,242.810,1.800,0.000,0.000,0.0
2008-09-07,08:14:00,0.374,0.234,242.730,1.800,0.000,0.000,1.0
2008-09-07,08:15:00,0.372,0.234,242.750,1.800,0.000,0.000,1.0
2008-09-07,08:16:00,0.372,0.232,242.370,1.800,0.000,0.000,0.0
2008-09-07,08:17:00,0.372,0.232,242.320,1.800,0.000,0.000,1.0
2008-09-07,08:18:00,0.374,0.232,242.410,1.800,0.000,0.000,1.0
2008-09-07,08:19:00,0.336,0.182,242.760,1.600,0.000,0.000,0.0
2008-09-07,08:20:00,0.278,0.098,242.730,1.200,0.000,0.000,1.0
2008-09-07,08:21:00,0.280,0.100,243.380,1.200,0.000,0.000,1.0
2008-09-07,08:22:00,0.280,0.100,243.140,1.200,0.000,0.000,0.0
2008-09-07,08:23:00,0.282,0.100,243.460,1.200,0.000,0.000,1.0
2008-09-07,08:24:00,0.284,0.100,243.240,1.200,0.000,0.000,1.0
2008-09-07,08:25:00,0.278,0.102,243.440,1.200,0.000,0.000,0.0
2008-09-07,08:26:00,0.278,0.098,242.800,1.200,0.000,0.000,1.0
2008-09-07,08:27:00,0.282,0.098,242.650,1.200,0.000,0.000,1.0
2008-09-07,08:28:00,0.282,0.098,242.840,1.200,0.000,0.000,0.0
2008-09-07,08:29:00,0.280,0.098,242.950,1.200,0.000,0.000,1.0
2008-09-07,08:30:00,0.278,0.100,242.970,1.200,0.000,0.000,1.0
2008-09-07,08:31:00,0.274,0.098,242.590,1.200,0.000,0.000,0.0
2008-09-07,08:32:00,0.276,0.096,241.980,1.200,0.000,0.000,1.0
2008-09-07,08:33:00,0.282,0.096,242.130,1.200,0.000,0.000,1.0
2008-09-07,08:34:00,0.284,0.096,241.990,1.200,0.000,0.000,0.0
2008-09-07,08:35:00,0.288,0.096,242.010,1.400,0.000,0.000,1.0
2008-09-07,08:36:00,0.284,0.096,241.990,1.200,0.000,0.000,1.0
2008-09-07,08:37:00,0.274,0.094,241.550,1.200,0.000,0.000,0.0
2008-09-07,08:38:00,0.278,0.094,241.650,1.200,0.000,0.000,1.0
2008-09-07,08:39:00,0.270,0.080,241.650,1.200,0.000,0.000,1.0
2008-09-07,08:40:00,0.214,0.000,241.090,1.000,0.000,0.000,0.0
2008-09-07,08:41:00,0.212,0.000,241.780,1.000,0.000,0.000,1.0
2008-09-07,08:42:00,0.212,0.000,242.540,1.000,0.000,0.000,1.0
2008-09-07,08:43:00,0.700,0.096,242.120,3.200,0.000,0.000,8.0
2008-09-07,08:44:00,0.842,0.116,241.550,3.400,0.000,0.000,11.0
2008-09-07,08:45:00,0.878,0.114,241.360,3.600,0.000,0.000,12.0
2008-09-07,08:46:00,0.890,0.116,241.770,3.600,0.000,0.000,12.0
2008-09-07,08:47:00,0.206,0.000,242.480,1.000,0.000,0.000,1.0
2008-09-07,08:48:00,0.206,0.000,242.250,1.000,0.000,0.000,1.0
2008-09-07,08:49:00,0.326,0.126,241.840,1.600,0.000,0.000,0.0
2008-09-07,08:50:00,0.332,0.118,241.930,1.400,0.000,0.000,1.0
2008-09-07,08:51:00,0.358,0.098,241.930,1.600,0.000,0.000,1.0
2008-09-07,08:52:00,0.304,0.094,241.630,1.200,0.000,0.000,0.0
2008-09-07,08:53:00,0.300,0.096,242.060,1.200,0.000,0.000,1.0
2008-09-07,08:54:00,0.296,0.094,240.850,1.200,0.000,0.000,1.0
2008-09-07,08:55:00,0.296,0.096,241.610,1.200,0.000,0.000,0.0
2008-09-07,08:56:00,0.294,0.096,241.450,1.200,0.000,0.000,1.0
2008-09-07,08:57:00,0.294,0.096,241.450,1.200,0.000,0.000,1.0
2008-09-07,08:58:00,0.292,0.100,241.780,1.200,0.000,0.000,0.0
2008-09-07,08:59:00,0.292,0.100,242.130,1.200,0.000,0.000,1.0
2008-09-07,09:00:00,0.292,0.102,242.680,1.200,0.000,0.000,1.0
2008-09-07,09:01:00,0.292,0.100,242.120,1.200,0.000,0.000,0.0
2008-09-07,09:02:00,0.898,0.088,240.920,4.400,0.000,0.000,10.0
2008-09-07,09:03:00,1.396,0.082,240.380,5.800,0.000,0.000,19.0
2008-09-07,09:04:00,1.378,0.082,240.090,5.600,0.000,0.000,19.0
2008-09-07,09:05:00,1.372,0.084,240.690,5.600,0.000,0.000,19.0
2008-09-07,09:06:00,1.362,0.080,240.220,5.600,0.000,0.000,18.0
2008-09-07,09:07:00,1.358,0.080,240.330,5.600,0.000,0.000,18.0
2008-09-07,09:08:00,1.356,0.082,240.490,5.600,0.000,0.000,19.0
2008-09-07,09:09:00,1.382,0.084,240.650,5.800,0.000,0.000,18.0
2008-09-07,09:10:00,1.328,0.050,239.650,5.400,0.000,0.000,19.0
2008-09-07,09:11:00,1.322,0.048,238.940,5.400,0.000,0.000,18.0
2008-09-07,09:12:00,1.330,0.048,239.480,5.400,0.000,0.000,18.0
2008-09-07,09:13:00,1.320,0.048,238.980,5.400,0.000,0.000,18.0
2008-09-07,09:14:00,1.404,0.134,240.180,5.800,0.000,0.000,19.0
2008-09-07,09:15:00,1.416,0.172,239.930,5.800,0.000,1.000,18.0
2008-09-07,09:16:00,1.406,0.170,239.410,5.800,0.000,2.000,18.0
2008-09-07,09:17:00,1.408,0.170,239.590,5.800,0.000,1.000,18.0
2008-09-07,09:18:00,1.412,0.172,239.930,5.800,0.000,2.000,19.0
2008-09-07,09:19:00,1.410,0.172,239.940,5.800,0.000,1.000,18.0
2008-09-07,09:20:00,1.410,0.172,239.940,5.800,0.000,2.000,18.0
2008-09-07,09:21:00,1.402,0.170,239.390,5.800,0.000,1.000,18.0
2008-09-07,09:22:00,1.406,0.170,239.590,5.800,0.000,2.000,19.0
2008-09-07,09:23:00,1.402,0.170,239.440,5.800,0.000,1.000,18.0
2008-09-07,09:24:00,1.402,0.170,239.530,5.800,0.000,1.000,18.0
2008-09-07,09:25:00,1.400,0.170,239.630,5.800,0.000,2.000,18.0
2008-09-07,09:26:00,1.392,0.168,238.910,5.800,0.000,1.000,18.0
2008-09-07,09:27:00,1.370,0.136,238.760,5.600,0.000,2.000,18.0
2008-09-07,09:28:00,1.324,0.066,238.720,5.400,0.000,1.000,18.0
2008-09-07,09:29:00,1.328,0.068,239.310,5.400,0.000,1.000,19.0
2008-09-07,09:30:00,1.324,0.066,238.940,5.400,0.000,1.000,18.0
2008-09-07,09:31:00,1.280,0.000,239.460,5.200,0.000,1.000,18.0
2008-09-07,09:32:00,1.258,0.050,240.010,5.200,0.000,0.000,18.0
2008-09-07,09:33:00,1.250,0.050,239.250,5.200,0.000,0.000,18.0
2008-09-07,09:34:00,1.254,0.050,239.590,5.200,0.000,0.000,19.0
2008-09-07,09:35:00,1.248,0.050,239.190,5.200,0.000,0.000,18.0
2008-09-07,09:36:00,1.252,0.050,239.430,5.200,0.000,0.000,18.0
2008-09-07,09:37:00,1.250,0.050,239.210,5.200,0.000,0.000,18.0
2008-09-07,09:38:00,1.256,0.050,239.860,5.200,0.000,0.000,18.0
2008-09-07,09:39:00,1.364,0.066,239.900,5.600,0.000,0.000,19.0
2008-09-07,09:40:00,1.360,0.080,239.520,5.600,0.000,0.000,18.0
2008-09-07,09:41:00,1.358,0.080,239.680,5.600,0.000,0.000,18.0
2008-09-07,09:42:00,1.358,0.080,239.740,5.600,0.000,0.000,18.0
2008-09-07,09:43:00,1.356,0.080,239.780,5.600,0.000,0.000,19.0
2008-09-07,09:44:00,1.352,0.080,239.440,5.600,0.000,0.000,18.0
2008-09-07,09:45:00,1.344,0.078,238.760,5.600,0.000,0.000,18.0
2008-09-07,09:46:00,1.340,0.076,238.440,5.600,0.000,0.000,18.0
2008-09-07,09:47:00,1.336,0.076,238.190,5.600,0.000,0.000,18.0
2008-09-07,09:48:00,1.346,0.080,239.340,5.600,0.000,0.000,18.0
2008-09-07,09:49:00,1.350,0.080,239.660,5.600,0.000,0.000,18.0
2008-09-07,09:50:00,0.632,0.092,241.360,3.200,0.000,0.000,8.0
2008-09-07,09:51:00,0.292,0.098,241.860,1.200,0.000,0.000,0.0
2008-09-07,09:52:00,0.294,0.096,241.800,1.200,0.000,0.000,1.0
2008-09-07,09:53:00,0.292,0.096,241.750,1.200,0.000,0.000,1.0
2008-09-07,09:54:00,0.290,0.096,241.440,1.200,0.000,0.000,0.0
2008-09-07,09:55:00,0.292,0.098,241.870,1.200,0.000,0.000,1.0
2008-09-07,09:56:00,0.330,0.128,241.840,1.600,0.000,0.000,1.0
2008-09-07,09:57:00,0.366,0.200,241.770,1.600,0.000,0.000,0.0
2008-09-07,09:58:00,0.366,0.200,241.930,1.600,0.000,0.000,1.0
2008-09-07,09:59:00,0.648,0.150,241.530,3.000,0.000,0.000,6.0
2008-09-07,10:00:00,0.900,0.184,241.130,3.800,0.000,0.000,11.0
2008-09-07,10:01:00,0.926,0.180,240.780,3.800,0.000,0.000,12.0
2008-09-07,10:02:00,0.946,0.182,241.070,4.000,0.000,0.000,12.0
2008-09-07,10:03:00,0.446,0.098,241.670,2.200,0.000,0.000,4.0
2008-09-07,10:04:00,0.286,0.064,241.410,1.200,0.000,0.000,1.0
2008-09-07,10:05:00,0.344,0.058,239.570,1.600,0.000,0.000,0.0
2008-09-07,10:06:00,0.342,0.056,238.890,1.600,0.000,0.000,1.0
2008-09-07,10:07:00,0.340,0.056,238.600,1.600,0.000,0.000,1.0
2008-09-07,10:08:00,0.338,0.056,238.840,1.600,0.000,0.000,0.0
2008-09-07,10:09:00,0.334,0.054,237.650,1.600,0.000,0.000,1.0
2008-09-07,10:10:00,0.332,0.054,238.000,1.400,0.000,0.000,1.0
2008-09-07,10:11:00,0.362,0.058,237.420,1.600,0.000,0.000,0.0
2008-09-07,10:12:00,0.320,0.052,240.310,1.400,0.000,0.000,1.0
2008-09-07,10:13:00,0.338,0.000,240.350,1.600,0.000,0.000,1.0
2008-09-07,10:14:00,0.276,0.000,240.120,1.200,0.000,0.000,0.0
2008-09-07,10:15:00,0.278,0.000,239.620,1.400,0.000,0.000,1.0
2008-09-07,10:16:00,0.286,0.000,239.820,1.400,0.000,0.000,0.0
2008-09-07,10:17:00,0.298,0.000,240.390,1.400,0.000,0.000,1.0
2008-09-07,10:18:00,0.286,0.000,241.630,1.400,0.000,0.000,1.0
2008-09-07,10:19:00,0.308,0.000,242.030,1.400,0.000,0.000,0.0
2008-09-07,10:20:00,0.436,0.000,242.020,2.800,0.000,0.000,1.0
2008-09-07,10:21:00,1.294,0.200,240.280,6.600,0.000,0.000,1.0
2008-09-07,10:22:00,0.272,0.000,240.560,1.200,0.000,0.000,0.0
2008-09-07,10:23:00,0.804,0.000,240.450,4.000,0.000,0.000,1.0
2008-09-07,10:24:00,1.332,0.080,241.210,5.600,0.000,0.000,1.0
2008-09-07,10:25:00,0.892,0.088,241.860,4.200,0.000,0.000,0.0
2008-09-07,10:26:00,0.376,0.094,241.940,1.600,0.000,0.000,1.0
2008-09-07,10:27:00,0.372,0.092,241.910,1.600,0.000,0.000,1.0
2008-09-07,10:28:00,0.374,0.092,241.360,1.600,0.000,0.000,0.0
2008-09-07,10:29:00,0.374,0.092,241.950,1.600,0.000,0.000,1.0
2008-09-07,10:30:00,0.382,0.092,242.180,1.800,0.000,0.000,1.0
2008-09-07,10:31:00,0.370,0.092,241.700,1.600,0.000,0.000,0.0
2008-09-07,10:32:00,0.362,0.092,241.660,1.600,0.000,0.000,1.0
2008-09-07,10:33:00,0.414,0.144,242.030,2.000,0.000,0.000,1.0
2008-09-07,10:34:00,0.440,0.196,242.120,2.000,0.000,0.000,0.0
2008-09-07,10:35:00,0.448,0.196,241.900,2.000,0.000,0.000,1.0
2008-09-07,10:36:00,0.438,0.198,242.270,2.000,0.000,0.000,1.0
2008-09-07,10:37:00,0.482,0.234,241.930,2.400,0.000,0.000,0.0
2008-09-07,10:38:00,0.526,0.322,242.220,2.600,0.000,1.000,1.0
2008-09-07,10:39:00,1.078,0.306,240.290,5.400,0.000,1.000,1.0
2008-09-07,10:40:00,1.000,0.322,240.770,5.000,0.000,2.000,0.0
2008-09-07,10:41:00,0.634,0.320,241.000,3.400,0.000,1.000,1.0
2008-09-07,10:42:00,0.994,0.340,240.840,5.200,0.000,2.000,1.0
2008-09-07,10:43:00,0.482,0.318,241.600,2.400,0.000,1.000,0.0
2008-09-07,10:44:00,0.426,0.302,241.300,2.200,0.000,2.000,1.0
2008-09-07,10:45:00,0.340,0.188,241.940,1.600,0.000,1.000,1.0
2008-09-07,10:46:00,0.390,0.190,242.310,1.800,0.000,1.000,0.0
2008-09-07,10:47:00,0.336,0.190,242.230,1.600,0.000,2.000,1.0
2008-09-07,10:48:00,0.336,0.192,242.500,1.600,0.000,1.000,1.0
2008-09-07,10:49:00,0.336,0.192,242.480,1.600,0.000,2.000,0.0
2008-09-07,10:50:00,0.338,0.190,242.360,1.600,0.000,1.000,1.0
2008-09-07,10:51:00,0.338,0.192,243.030,1.600,0.000,1.000,1.0
2008-09-07,10:52:00,0.336,0.192,242.900,1.600,0.000,2.000,0.0
2008-09-07,10:53:00,0.332,0.190,242.190,1.600,0.000,1.000,1.0
2008-09-07,10:54:00,0.322,0.174,242.570,1.400,0.000,1.000,1.0
2008-09-07,10:55:00,0.254,0.068,242.320,1.000,0.000,0.000,0.0
2008-09-07,10:56:00,0.254,0.068,242.370,1.000,0.000,0.000,1.0
2008-09-07,10:57:00,0.252,0.068,242.540,1.000,0.000,0.000,1.0
2008-09-07,10:58:00,0.260,0.066,241.550,1.000,0.000,0.000,0.0
2008-09-07,10:59:00,0.250,0.066,241.450,1.000,0.000,0.000,1.0
2008-09-07,11:00:00,0.250,0.066,241.330,1.000,0.000,0.000,1.0
2008-09-07,11:01:00,0.250,0.066,241.070,1.000,0.000,0.000,0.0
2008-09-07,11:02:00,0.336,0.062,241.500,1.400,0.000,0.000,1.0
2008-09-07,11:03:00,0.262,0.066,241.250,1.000,0.000,0.000,1.0
2008-09-07,11:04:00,0.234,0.000,240.970,1.000,0.000,0.000,0.0
2008-09-07,11:05:00,0.184,0.000,240.980,0.800,0.000,0.000,1.0
2008-09-07,11:06:00,0.182,0.000,241.270,0.800,0.000,0.000,1.0
2008-09-07,11:07:00,0.180,0.000,241.040,0.800,0.000,0.000,0.0
2008-09-07,11:08:00,0.178,0.000,240.830,0.800,0.000,0.000,1.0
2008-09-07,11:09:00,0.178,0.000,241.340,0.800,0.000,0.000,1.0
2008-09-07,11:10:00,0.178,0.000,241.370,0.800,0.000,0.000,0.0
2008-09-07,11:11:00,0.178,0.000,241.520,0.800,0.000,0.000,1.0
2008-09-07,11:12:00,0.178,0.000,241.840,0.800,0.000,0.000,1.0
2008-09-07,11:13:00,0.178,0.000,241.910,0.800,0.000,0.000,0.0
2008-09-07,11:14:00,0.484,0.084,241.570,2.600,0.000,0.000,4.0
2008-09-07,11:15:00,0.912,0.212,240.460,3.800,0.000,0.000,11.0
2008-09-07,11:16:00,0.934,0.214,240.680,4.000,0.000,0.000,12.0
2008-09-07,11:17:00,0.960,0.220,241.400,4.000,0.000,0.000,12.0
2008-09-07,11:18:00,0.592,0.154,241.410,2.800,0.000,0.000,6.0
2008-09-07,11:19:00,0.280,0.100,241.590,1.200,0.000,0.000,1.0
2008-09-07,11:20:00,0.278,0.100,241.960,1.200,0.000,0.000,1.0
2008-09-07,11:21:00,0.348,0.100,242.790,1.400,0.000,0.000,0.0
2008-09-07,11:22:00,0.304,0.098,241.630,1.200,0.000,0.000,1.0
2008-09-07,11:23:00,0.274,0.100,241.780,1.200,0.000,0.000,1.0
2008-09-07,11:24:00,0.274,0.100,241.860,1.200,0.000,0.000,0.0
2008-09-07,11:25:00,0.378,0.110,241.790,1.800,0.000,0.000,1.0
2008-09-07,11:26:00,0.542,0.124,242.230,2.200,0.000,0.000,1.0
2008-09-07,11:27:00,0.454,0.120,242.210,2.000,0.000,0.000,0.0
2008-09-07,11:28:00,0.366,0.110,241.680,1.600,0.000,0.000,1.0
2008-09-07,11:29:00,0.384,0.112,241.610,1.800,0.000,0.000,0.0
2008-09-07,11:30:00,0.358,0.106,240.640,1.600,0.000,0.000,1.0
2008-09-07,11:31:00,0.398,0.110,240.290,1.800,0.000,0.000,1.0
2008-09-07,11:32:00,0.376,0.106,240.110,1.800,0.000,0.000,0.0
2008-09-07,11:33:00,0.400,0.110,240.400,1.800,0.000,0.000,1.0
2008-09-07,11:34:00,0.444,0.112,240.020,2.000,0.000,0.000,1.0
2008-09-07,11:35:00,0.396,0.000,239.230,1.800,0.000,0.000,0.0
2008-09-07,11:36:00,0.352,0.000,239.330,1.600,0.000,0.000,1.0
2008-09-07,11:37:00,0.352,0.076,239.850,1.600,0.000,0.000,1.0
2008-09-07,11:38:00,0.312,0.072,240.110,1.400,0.000,0.000,0.0
2008-09-07,11:39:00,0.288,0.070,239.810,1.400,0.000,0.000,1.0
2008-09-07,11:40:00,0.440,0.090,240.570,2.000,0.000,0.000,1.0
2008-09-07,11:41:00,0.248,0.068,241.090,1.000,0.000,0.000,0.0
2008-09-07,11:42:00,0.246,0.070,242.070,1.000,0.000,0.000,1.0
2008-09-07,11:43:00,0.244,0.068,240.880,1.000,0.000,0.000,1.0
2008-09-07,11:44:00,0.372,0.082,241.400,1.800,0.000,0.000,0.0
2008-09-07,11:45:00,0.258,0.074,242.380,1.200,0.000,0.000,1.0
2008-09-07,11:46:00,0.378,0.070,242.310,1.600,0.000,0.000,1.0
2008-09-07,11:47:00,0.424,0.070,242.480,1.800,0.000,0.000,0.0
2008-09-07,11:48:00,0.422,0.068,241.590,1.800,0.000,0.000,1.0
2008-09-07,11:49:00,0.420,0.066,241.250,1.800,0.000,0.000,1.0
2008-09-07,11:50:00,0.420,0.066,241.130,1.800,0.000,0.000,0.0
2008-09-07,11:51:00,0.420,0.068,241.740,1.800,0.000,0.000,1.0
2008-09-07,11:52:00,0.414,0.056,242.390,1.600,0.000,0.000,1.0
2008-09-07,11:53:00,0.356,0.000,242.220,1.400,0.000,0.000,0.0
2008-09-07,11:54:00,0.354,0.000,241.550,1.400,0.000,0.000,1.0
2008-09-07,11:55:00,0.350,0.000,240.270,1.400,0.000,0.000,1.0
2008-09-07,11:56:00,0.424,0.066,239.370,1.800,0.000,0.000,0.0
2008-09-07,11:57:00,0.500,0.088,241.010,2.000,0.000,0.000,1.0
2008-09-07,11:58:00,0.498,0.088,241.240,2.000,0.000,0.000,1.0
2008-09-07,11:59:00,0.496,0.088,240.460,2.000,0.000,0.000,0.0
2008-09-07,12:00:00,0.506,0.088,240.550,2.200,0.000,0.000,1.0
2008-09-07,12:01:00,0.572,0.000,241.830,2.400,0.000,0.000,1.0
2008-09-07,12:02:00,0.620,0.052,241.660,2.600,0.000,1.000,0.0
2008-09-07,12:03:00,0.616,0.052,240.970,2.600,0.000,2.000,1.0
2008-09-07,12:04:00,0.610,0.054,241.440,2.600,0.000,1.000,1.0
2008-09-07,12:05:00,0.708,0.154,240.760,3.000,0.000,1.000,0.0
2008-09-07,12:06:00,0.718,0.184,240.350,3.000,0.000,2.000,1.0
2008-09-07,12:07:00,0.714,0.184,240.510,3.000,0.000,1.000,1.0
2008-09-07,12:08:00,0.712,0.186,240.930,3.000,0.000,2.000,0.0
2008-09-07,12:09:00,0.708,0.186,240.890,3.000,0.000,1.000,1.0
2008-09-07,12:10:00,0.708,0.188,241.200,3.000,0.000,2.000,0.0
2008-09-07,12:11:00,0.548,0.190,240.960,2.400,0.000,1.000,1.0
2008-09-07,12:12:00,0.526,0.190,241.090,2.200,0.000,1.000,1.0
2008-09-07,12:13:00,0.526,0.192,241.710,2.200,0.000,2.000,0.0
2008-09-07,12:14:00,0.524,0.190,241.300,2.200,0.000,1.000,1.0
2008-09-07,12:15:00,0.540,0.190,241.110,2.400,0.000,2.000,1.0
2008-09-07,12:16:00,0.518,0.190,241.460,2.200,0.000,1.000,0.0
2008-09-07,12:17:00,0.518,0.192,241.570,2.200,0.000,1.000,1.0
2008-09-07,12:18:00,0.490,0.150,241.630,2.200,0.000,1.000,1.0
2008-09-07,12:19:00,0.486,0.068,241.580,2.000,0.000,0.000,0.0
2008-09-07,12:20:00,0.444,0.068,241.190,1.800,0.000,0.000,1.0
2008-09-07,12:21:00,0.770,0.070,241.360,3.800,0.000,0.000,5.0
2008-09-07,12:22:00,1.584,0.074,240.140,6.600,0.000,0.000,19.0
2008-09-07,12:23:00,1.620,0.160,240.380,6.800,0.000,0.000,19.0
2008-09-07,12:24:00,1.600,0.158,240.440,6.600,0.000,0.000,19.0
2008-09-07,12:25:00,1.518,0.068,240.520,6.200,0.000,0.000,18.0
2008-09-07,12:26:00,1.470,0.000,240.580,6.000,0.000,0.000,19.0
2008-09-07,12:27:00,1.472,0.000,241.090,6.000,0.000,0.000,19.0
2008-09-07,12:28:00,1.660,0.134,241.120,6.800,0.000,0.000,18.0
2008-09-07,12:29:00,2.106,0.268,240.680,8.800,0.000,0.000,23.0
2008-09-07,12:30:00,2.330,0.316,240.630,9.600,0.000,0.000,29.0
2008-09-07,12:31:00,2.358,0.312,240.800,9.800,0.000,0.000,29.0
2008-09-07,12:32:00,2.356,0.296,239.230,9.800,0.000,0.000,30.0
2008-09-07,12:33:00,2.126,0.256,239.900,9.000,0.000,0.000,26.0
2008-09-07,12:34:00,1.696,0.184,240.960,7.000,0.000,0.000,18.0
2008-09-07,12:35:00,1.764,0.182,241.810,7.200,0.000,0.000,19.0
2008-09-07,12:36:00,1.708,0.178,240.520,7.000,0.000,0.000,18.0
2008-09-07,12:37:00,1.704,0.186,242.000,7.000,0.000,0.000,19.0
2008-09-07,12:38:00,1.770,0.214,241.970,7.200,0.000,0.000,18.0
2008-09-07,12:39:00,1.792,0.198,242.750,7.400,1.000,0.000,19.0
2008-09-07,12:40:00,1.774,0.186,241.630,7.400,2.000,0.000,19.0
2008-09-07,12:41:00,1.942,0.250,241.800,8.400,1.000,0.000,18.0
2008-09-07,12:42:00,2.458,0.338,242.310,10.800,1.000,0.000,19.0
2008-09-07,12:43:00,1.814,0.190,244.950,7.400,1.000,0.000,19.0
2008-09-07,12:44:00,1.798,0.186,243.750,7.400,1.000,0.000,19.0
2008-09-07,12:45:00,1.726,0.210,243.470,7.000,2.000,0.000,19.0
2008-09-07,12:46:00,1.672,0.224,242.590,6.800,1.000,0.000,18.0
2008-09-07,12:47:00,1.654,0.222,242.250,6.800,1.000,0.000,19.0
2008-09-07,12:48:00,1.660,0.224,242.690,6.800,1.000,0.000,19.0
2008-09-07,12:49:00,1.658,0.224,242.700,6.800,2.000,0.000,18.0
2008-09-07,12:50:00,1.714,0.292,243.570,7.000,1.000,0.000,19.0
2008-09-07,12:51:00,1.764,0.372,243.430,7.400,1.000,0.000,19.0
2008-09-07,12:52:00,1.740,0.362,242.050,7.200,1.000,0.000,18.0
2008-09-07,12:53:00,1.732,0.360,241.560,7.200,2.000,0.000,19.0
2008-09-07,12:54:00,2.052,0.458,242.140,9.000,1.000,0.000,19.0
2008-09-07,12:55:00,2.028,0.422,241.570,9.000,1.000,0.000,18.0
2008-09-07,12:56:00,1.732,0.394,242.450,7.200,1.000,0.000,19.0
2008-09-07,12:57:00,3.716,0.456,239.430,16.000,33.000,0.000,18.0
2008-09-07,12:58:00,4.040,0.452,239.360,17.000,40.000,0.000,18.0
2008-09-07,12:59:00,5.468,0.428,237.410,23.400,62.000,0.000,18.0
2008-09-07,13:00:00,6.108,0.416,236.610,25.800,75.000,0.000,18.0
2008-09-07,13:01:00,6.056,0.410,235.690,25.600,75.000,0.000,17.0
2008-09-07,13:02:00,6.080,0.412,236.250,25.800,74.000,0.000,18.0
2008-09-07,13:03:00,6.108,0.414,236.880,25.800,75.000,0.000,18.0
2008-09-07,13:04:00,6.146,0.418,237.630,25.800,76.000,0.000,18.0
2008-09-07,13:05:00,6.096,0.412,236.720,25.800,74.000,0.000,18.0
2008-09-07,13:06:00,6.076,0.410,236.300,25.600,75.000,0.000,17.0
2008-09-07,13:07:00,6.094,0.412,236.730,25.800,75.000,0.000,18.0
2008-09-07,13:08:00,5.818,0.416,237.450,24.600,75.000,0.000,14.0
2008-09-07,13:09:00,2.990,0.262,239.640,13.400,47.000,0.000,1.0
2008-09-07,13:10:00,0.412,0.220,242.680,1.800,1.000,0.000,0.0
2008-09-07,13:11:00,0.408,0.218,242.420,1.800,2.000,0.000,1.0
2008-09-07,13:12:00,0.412,0.222,243.070,1.800,1.000,0.000,1.0
2008-09-07,13:13:00,0.408,0.220,242.960,1.800,1.000,0.000,0.0
2008-09-07,13:14:00,0.408,0.214,241.260,1.800,1.000,0.000,1.0
2008-09-07,13:15:00,0.404,0.210,240.620,1.800,2.000,0.000,1.0
2008-09-07,13:16:00,0.406,0.210,240.560,1.800,1.000,0.000,0.0
2008-09-07,13:17:00,0.392,0.194,241.450,1.800,1.000,0.000,1.0
2008-09-07,13:18:00,0.342,0.112,241.740,1.400,1.000,0.000,1.0
2008-09-07,13:19:00,0.342,0.110,241.210,1.400,1.000,0.000,0.0
2008-09-07,13:20:00,0.342,0.114,242.100,1.400,2.000,0.000,1.0
2008-09-07,13:21:00,0.340,0.110,241.390,1.400,1.000,0.000,1.0
2008-09-07,13:22:00,0.322,0.084,241.280,1.400,1.000,0.000,0.0
2008-09-07,13:23:00,0.246,0.000,241.110,1.000,1.000,0.000,1.0
2008-09-07,13:24:00,0.254,0.000,240.940,1.000,2.000,0.000,1.0
2008-09-07,13:25:00,0.318,0.054,241.070,1.400,1.000,0.000,0.0
2008-09-07,13:26:00,0.338,0.100,241.520,1.400,1.000,2.000,1.0
2008-09-07,13:27:00,0.336,0.100,241.470,1.400,1.000,1.000,1.0
2008-09-07,13:28:00,0.336,0.098,241.240,1.400,1.000,1.000,0.0
2008-09-07,13:29:00,0.336,0.100,241.700,1.400,2.000,2.000,1.0
2008-09-07,13:30:00,0.336,0.102,242.100,1.400,1.000,1.000,0.0
2008-09-07,13:31:00,0.336,0.100,241.990,1.400,1.000,2.000,1.0
2008-09-07,13:32:00,0.334,0.100,241.860,1.400,1.000,1.000,1.0
2008-09-07,13:33:00,0.424,0.098,241.820,1.800,2.000,2.000,0.0
2008-09-07,13:34:00,0.446,0.096,241.620,1.800,1.000,1.000,1.0
2008-09-07,13:35:00,0.804,0.094,241.400,4.200,1.000,2.000,1.0
2008-09-07,13:36:00,1.012,0.116,241.130,5.000,1.000,1.000,0.0
2008-09-07,13:37:00,0.760,0.120,240.090,4.000,1.000,1.000,1.0
2008-09-07,13:38:00,0.766,0.116,240.700,4.000,2.000,2.000,1.0
2008-09-07,13:39:00,0.428,0.074,241.790,2.000,1.000,1.000,0.0
2008-09-07,13:40:00,0.476,0.048,242.070,2.000,1.000,1.000,1.0
2008-09-07,13:41:00,0.478,0.048,242.240,2.000,1.000,2.000,1.0
2008-09-07,13:42:00,0.424,0.000,241.940,1.800,2.000,0.000,0.0
2008-09-07,13:43:00,0.378,0.070,242.800,1.600,1.000,0.000,1.0
2008-09-07,13:44:00,0.504,0.076,243.260,2.200,1.000,0.000,1.0
2008-09-07,13:45:00,0.566,0.080,242.740,2.600,1.000,0.000,0.0
2008-09-07,13:46:00,0.570,0.082,242.830,2.600,2.000,0.000,1.0
2008-09-07,13:47:00,0.576,0.080,243.260,2.600,1.000,0.000,1.0
2008-09-07,13:48:00,0.614,0.000,243.630,2.800,1.000,0.000,0.0
2008-09-07,13:49:00,0.650,0.000,242.780,2.800,1.000,0.000,1.0
2008-09-07,13:50:00,0.898,0.074,242.240,4.000,1.000,0.000,4.0
2008-09-07,13:51:00,1.350,0.204,241.930,5.800,2.000,0.000,11.0
2008-09-07,13:52:00,1.420,0.290,241.840,6.000,1.000,0.000,12.0
2008-09-07,13:53:00,1.444,0.292,242.580,6.000,1.000,0.000,12.0
2008-09-07,13:54:00,1.030,0.212,242.350,4.600,2.000,0.000,6.0
2008-09-07,13:55:00,0.756,0.162,242.750,3.400,1.000,0.000,0.0
2008-09-07,13:56:00,0.750,0.158,241.790,3.200,1.000,0.000,1.0
2008-09-07,13:57:00,0.742,0.156,241.500,3.200,1.000,0.000,1.0
2008-09-07,13:58:00,0.740,0.156,241.490,3.200,1.000,0.000,0.0
2008-09-07,13:59:00,0.738,0.158,241.730,3.200,2.000,0.000,1.0
2008-09-07,14:00:00,0.740,0.160,242.040,3.200,1.000,0.000,1.0
2008-09-07,14:01:00,0.728,0.196,241.770,3.200,1.000,0.000,0.0
2008-09-07,14:02:00,0.706,0.188,241.530,3.200,1.000,0.000,1.0
2008-09-07,14:03:00,0.702,0.186,241.410,3.200,0.000,0.000,1.0
2008-09-07,14:04:00,0.744,0.168,241.880,3.200,2.000,0.000,0.0
2008-09-07,14:05:00,0.736,0.166,241.730,3.200,1.000,0.000,1.0
2008-09-07,14:06:00,0.728,0.158,240.700,3.200,1.000,0.000,1.0
2008-09-07,14:07:00,0.718,0.156,241.340,3.200,1.000,0.000,0.0
2008-09-07,14:08:00,0.680,0.096,242.150,3.000,2.000,0.000,1.0
2008-09-07,14:09:00,0.652,0.054,241.650,2.800,1.000,0.000,1.0
2008-09-07,14:10:00,0.652,0.052,241.090,2.800,1.000,0.000,0.0
2008-09-07,14:11:00,0.632,0.070,241.260,2.800,1.000,0.000,1.0
2008-09-07,14:12:00,0.626,0.086,242.050,2.800,1.000,0.000,1.0
2008-09-07,14:13:00,0.602,0.088,241.570,2.600,0.000,0.000,0.0
2008-09-07,14:14:00,0.552,0.060,241.570,2.400,1.000,0.000,1.0
2008-09-07,14:15:00,1.750,0.070,240.820,8.600,20.000,0.000,1.0
2008-09-07,14:16:00,2.654,0.056,239.750,11.000,39.000,0.000,0.0
2008-09-07,14:17:00,2.648,0.056,239.520,11.000,38.000,0.000,1.0
2008-09-07,14:18:00,2.654,0.056,239.820,11.000,38.000,0.000,1.0
2008-09-07,14:19:00,2.630,0.056,238.860,11.000,37.000,0.000,0.0
2008-09-07,14:20:00,2.618,0.054,238.680,11.000,38.000,0.000,1.0
2008-09-07,14:21:00,2.610,0.052,238.630,11.000,38.000,0.000,1.0
2008-09-07,14:22:00,2.600,0.052,237.850,10.800,37.000,0.000,0.0
2008-09-07,14:23:00,2.584,0.054,237.130,10.800,38.000,0.000,1.0
2008-09-07,14:24:00,2.582,0.052,237.660,10.800,37.000,0.000,1.0
2008-09-07,14:25:00,2.622,0.050,238.050,11.000,37.000,0.000,0.0
2008-09-07,14:26:00,2.592,0.052,237.930,10.800,37.000,0.000,1.0
2008-09-07,14:27:00,1.526,0.000,239.400,7.800,22.000,0.000,0.0
2008-09-07,14:28:00,0.348,0.000,240.680,1.600,0.000,0.000,1.0
2008-09-07,14:29:00,0.348,0.000,240.420,1.600,0.000,0.000,1.0
2008-09-07,14:30:00,0.352,0.000,240.650,1.800,0.000,0.000,0.0
2008-09-07,14:31:00,0.370,0.000,240.440,1.800,1.000,0.000,1.0
2008-09-07,14:32:00,0.354,0.000,240.450,1.800,0.000,0.000,1.0
2008-09-07,14:33:00,0.414,0.000,240.400,2.000,0.000,0.000,0.0
2008-09-07,14:34:00,0.452,0.000,240.360,2.000,0.000,0.000,1.0
2008-09-07,14:35:00,0.454,0.000,240.970,2.000,0.000,0.000,1.0
2008-09-07,14:36:00,0.452,0.000,240.210,2.000,0.000,0.000,0.0
2008-09-07,14:37:00,0.452,0.000,240.770,2.000,0.000,0.000,1.0
2008-09-07,14:38:00,0.606,0.000,240.330,2.800,0.000,0.000,1.0
2008-09-07,14:39:00,0.678,0.056,240.090,3.000,0.000,0.000,0.0
2008-09-07,14:40:00,0.634,0.058,240.070,2.800,0.000,0.000,1.0
2008-09-07,14:41:00,0.594,0.062,240.820,2.600,0.000,0.000,1.0
2008-09-07,14:42:00,0.592,0.060,240.590,2.600,0.000,0.000,0.0
2008-09-07,14:43:00,0.702,0.182,240.460,3.200,0.000,0.000,1.0
2008-09-07,14:44:00,0.700,0.196,241.380,3.000,0.000,0.000,1.0
2008-09-07,14:45:00,0.696,0.196,241.360,3.000,0.000,0.000,0.0
2008-09-07,14:46:00,0.694,0.196,241.610,3.000,0.000,0.000,1.0
2008-09-07,14:47:00,0.692,0.198,241.620,3.000,0.000,0.000,1.0
2008-09-07,14:48:00,0.688,0.194,240.880,3.000,0.000,0.000,0.0
2008-09-07,14:49:00,0.740,0.248,239.440,3.400,0.000,0.000,1.0
2008-09-07,14:50:00,0.770,0.310,239.710,3.600,0.000,2.000,1.0
2008-09-07,14:51:00,0.768,0.314,240.390,3.400,0.000,1.000,0.0
2008-09-07,14:52:00,0.766,0.312,240.100,3.400,0.000,1.000,1.0
2008-09-07,14:53:00,0.768,0.314,240.270,3.400,0.000,2.000,1.0
2008-09-07,14:54:00,0.748,0.286,239.710,3.400,0.000,1.000,0.0
2008-09-07,14:55:00,0.698,0.210,239.770,3.200,0.000,2.000,1.0
2008-09-07,14:56:00,0.696,0.210,239.770,3.200,0.000,1.000,0.0
2008-09-07,14:57:00,0.694,0.210,239.640,3.000,0.000,2.000,1.0
2008-09-07,14:58:00,0.694,0.208,239.450,3.000,0.000,1.000,1.0
2008-09-07,14:59:00,0.692,0.206,239.000,3.000,0.000,1.000,0.0
2008-09-07,15:00:00,0.690,0.208,239.140,3.000,0.000,2.000,1.0
2008-09-07,15:01:00,0.696,0.218,239.030,3.200,0.000,1.000,1.0
2008-09-07,15:02:00,0.722,0.248,239.580,3.200,0.000,2.000,0.0
2008-09-07,15:03:00,0.688,0.210,239.820,3.000,0.000,1.000,1.0
2008-09-07,15:04:00,0.642,0.146,240.650,2.800,0.000,1.000,1.0
2008-09-07,15:05:00,0.596,0.078,240.200,2.600,0.000,2.000,0.0
2008-09-07,15:06:00,0.554,0.000,239.550,2.400,0.000,0.000,1.0
2008-09-07,15:07:00,0.516,0.000,239.110,2.200,0.000,0.000,1.0
2008-09-07,15:08:00,0.518,0.000,240.150,2.400,0.000,0.000,0.0
2008-09-07,15:09:00,0.832,0.000,239.380,3.800,0.000,0.000,6.0
2008-09-07,15:10:00,1.160,0.076,240.310,4.800,0.000,0.000,11.0
2008-09-07,15:11:00,1.188,0.074,240.050,5.000,0.000,0.000,11.0
2008-09-07,15:12:00,1.210,0.070,239.770,5.000,0.000,0.000,12.0
2008-09-07,15:13:00,0.740,0.000,240.700,3.400,0.000,0.000,5.0
2008-09-07,15:14:00,0.520,0.000,240.830,2.400,0.000,0.000,1.0
2008-09-07,15:15:00,0.418,0.000,240.920,1.800,0.000,0.000,0.0
2008-09-07,15:16:00,0.404,0.000,241.650,1.600,0.000,0.000,1.0
2008-09-07,15:17:00,0.404,0.000,241.450,1.600,0.000,0.000,1.0
2008-09-07,15:18:00,0.400,0.000,241.110,1.600,0.000,0.000,0.0
2008-09-07,15:19:00,0.446,0.000,241.740,1.800,0.000,0.000,1.0
2008-09-07,15:20:00,0.508,0.000,241.370,2.000,0.000,0.000,1.0
2008-09-07,15:21:00,0.510,0.000,240.410,2.200,0.000,0.000,0.0
2008-09-07,15:22:00,0.506,0.000,240.540,2.000,0.000,0.000,1.0
2008-09-07,15:23:00,0.510,0.000,240.850,2.200,0.000,0.000,0.0
2008-09-07,15:24:00,0.508,0.000,240.460,2.200,0.000,0.000,1.0
2008-09-07,15:25:00,0.584,0.054,240.040,2.400,0.000,0.000,1.0
2008-09-07,15:26:00,0.480,0.066,241.100,2.000,0.000,0.000,0.0
2008-09-07,15:27:00,0.486,0.070,241.690,2.000,0.000,0.000,1.0
2008-09-07,15:28:00,0.374,0.058,242.060,1.600,0.000,0.000,1.0
2008-09-07,15:29:00,0.446,0.054,242.500,2.200,0.000,1.000,0.0
2008-09-07,15:30:00,1.182,0.062,241.670,5.600,0.000,1.000,1.0
2008-09-07,15:31:00,2.638,0.000,238.770,11.000,0.000,36.000,1.0
2008-09-07,15:32:00,2.630,0.000,238.870,11.000,0.000,38.000,0.0
2008-09-07,15:33:00,2.644,0.000,239.170,11.000,0.000,38.000,1.0
2008-09-07,15:34:00,2.706,0.130,238.590,11.400,0.000,38.000,1.0
2008-09-07,15:35:00,2.728,0.160,238.310,11.400,0.000,39.000,0.0
2008-09-07,15:36:00,3.428,0.154,238.050,14.600,0.000,38.000,10.0
2008-09-07,15:37:00,4.328,0.186,237.780,18.400,0.000,38.000,19.0
2008-09-07,15:38:00,4.316,0.172,237.740,18.400,0.000,38.000,18.0
2008-09-07,15:39:00,3.766,0.154,237.960,15.800,0.000,39.000,18.0
2008-09-07,15:40:00,1.612,0.178,240.730,6.800,0.000,4.000,19.0
2008-09-07,15:41:00,1.528,0.174,239.260,6.400,0.000,2.000,18.0
2008-09-07,15:42:00,1.502,0.202,239.920,6.200,0.000,1.000,19.0
2008-09-07,15:43:00,1.490,0.222,240.560,6.200,0.000,1.000,18.0
2008-09-07,15:44:00,1.470,0.222,240.040,6.200,0.000,0.000,18.0
2008-09-07,15:45:00,1.512,0.186,240.640,6.200,0.000,1.000,19.0
2008-09-07,15:46:00,1.888,0.300,240.300,8.200,0.000,2.000,18.0
2008-09-07,15:47:00,3.510,0.262,238.150,15.200,30.000,1.000,18.0
2008-09-07,15:48:00,3.844,0.272,237.880,16.200,38.000,2.000,18.0
2008-09-07,15:49:00,3.952,0.296,237.240,16.600,38.000,1.000,18.0
2008-09-07,15:50:00,3.974,0.304,238.150,16.600,38.000,1.000,18.0
2008-09-07,15:51:00,3.818,0.274,238.710,16.000,39.000,0.000,18.0
2008-09-07,15:52:00,3.830,0.272,239.360,16.000,39.000,1.000,18.0
2008-09-07,15:53:00,3.842,0.270,239.330,16.000,39.000,1.000,18.0
2008-09-07,15:54:00,3.854,0.264,239.110,16.000,38.000,2.000,19.0
2008-09-07,15:55:00,3.828,0.218,239.260,16.000,39.000,1.000,18.0
2008-09-07,15:56:00,3.790,0.164,240.360,15.800,39.000,2.000,18.0
2008-09-07,15:57:00,3.706,0.180,239.660,15.400,39.000,1.000,18.0
2008-09-07,15:58:00,1.732,0.242,241.400,7.200,2.000,5.000,19.0
2008-09-07,15:59:00,1.688,0.232,240.990,7.000,1.000,5.000,18.0
2008-09-07,16:00:00,1.674,0.228,240.130,7.000,1.000,5.000,19.0
2008-09-07,16:01:00,2.454,0.220,239.630,11.200,12.000,4.000,18.0
2008-09-07,16:02:00,3.698,0.182,237.940,15.400,38.000,2.000,18.0
2008-09-07,16:03:00,3.586,0.088,237.660,15.000,38.000,0.000,18.0
2008-09-07,16:04:00,1.354,0.060,240.100,5.600,4.000,0.000,18.0
2008-09-07,16:05:00,1.344,0.062,240.990,5.600,1.000,0.000,18.0
2008-09-07,16:06:00,1.344,0.062,240.950,5.600,1.000,0.000,19.0
2008-09-07,16:07:00,2.110,0.052,239.990,9.800,12.000,0.000,18.0
2008-09-07,16:08:00,3.568,0.000,238.180,14.800,38.000,0.000,18.0
2008-09-07,16:09:00,3.564,0.000,238.500,14.800,39.000,0.000,18.0
2008-09-07,16:10:00,3.586,0.000,239.220,15.000,38.000,0.000,18.0
2008-09-07,16:11:00,3.564,0.000,238.440,14.800,39.000,0.000,18.0
2008-09-07,16:12:00,3.566,0.000,238.440,14.800,38.000,0.000,18.0
2008-09-07,16:13:00,3.658,0.158,238.090,15.400,39.000,1.000,18.0
2008-09-07,16:14:00,3.632,0.156,237.740,15.200,38.000,1.000,18.0
2008-09-07,16:15:00,2.002,0.170,238.530,9.400,13.000,2.000,18.0
2008-09-07,16:16:00,1.402,0.178,239.250,5.800,1.000,1.000,19.0
2008-09-07,16:17:00,1.610,0.176,239.350,7.200,2.000,1.000,18.0
2008-09-07,16:18:00,3.634,0.156,237.660,15.200,38.000,2.000,18.0
2008-09-07,16:19:00,3.608,0.152,236.980,15.200,38.000,1.000,18.0
2008-09-07,16:20:00,3.324,0.156,237.780,14.400,32.000,2.000,18.0
2008-09-07,16:21:00,2.066,0.170,238.930,9.400,7.000,1.000,18.0
2008-09-07,16:22:00,3.788,0.150,237.170,15.800,38.000,2.000,18.0
2008-09-07,16:23:00,3.798,0.152,237.440,16.000,38.000,1.000,17.0
2008-09-07,16:24:00,1.830,0.246,239.470,8.000,6.000,2.000,19.0
2008-09-07,16:25:00,2.162,0.360,239.420,9.600,1.000,8.000,18.0
2008-09-07,16:26:00,3.640,0.340,237.850,15.200,1.000,37.000,18.0
2008-09-07,16:27:00,4.920,0.338,236.950,21.200,30.000,28.000,18.0
2008-09-07,16:28:00,6.070,0.302,235.070,25.800,37.000,36.000,20.0
2008-09-07,16:29:00,5.970,0.348,234.370,25.800,37.000,28.000,28.0
2008-09-07,16:30:00,4.854,0.252,235.690,21.000,13.000,35.000,28.0
2008-09-07,16:31:00,4.332,0.284,236.290,18.200,0.000,36.000,29.0
2008-09-07,16:32:00,4.280,0.260,236.780,18.000,1.000,35.000,29.0
2008-09-07,16:33:00,5.470,0.174,236.210,23.400,27.000,35.000,17.0
2008-09-07,16:34:00,5.822,0.150,235.630,24.600,37.000,35.000,18.0
2008-09-07,16:35:00,5.838,0.168,235.920,24.600,38.000,36.000,18.0
2008-09-07,16:36:00,3.688,0.176,238.210,15.400,3.000,35.000,18.0
2008-09-07,16:37:00,3.774,0.252,238.630,15.800,0.000,36.000,18.0
2008-09-07,16:38:00,3.744,0.220,238.760,15.600,1.000,36.000,18.0
2008-09-07,16:39:00,3.750,0.238,238.530,15.600,0.000,36.000,18.0
2008-09-07,16:40:00,3.744,0.220,238.800,15.600,1.000,36.000,18.0
2008-09-07,16:41:00,2.598,0.254,239.920,10.800,0.000,18.000,18.0
2008-09-07,16:42:00,3.694,0.220,238.880,15.600,1.000,32.000,18.0
2008-09-07,16:43:00,3.580,0.240,238.900,15.000,0.000,34.000,19.0
2008-09-07,16:44:00,2.548,0.230,239.400,10.600,1.000,16.000,18.0
2008-09-07,16:45:00,3.474,0.238,238.560,14.600,0.000,35.000,14.0
2008-09-07,16:46:00,1.854,0.138,240.010,8.000,0.000,25.000,1.0
2008-09-07,16:47:00,2.016,0.124,240.120,8.800,1.000,25.000,1.0
2008-09-07,16:48:00,2.122,0.104,240.110,9.200,0.000,29.000,0.0
2008-09-07,16:49:00,1.732,0.126,240.300,7.400,1.000,21.000,1.0
2008-09-07,16:50:00,2.212,0.098,238.970,9.400,0.000,31.000,1.0
2008-09-07,16:51:00,0.644,0.136,239.830,2.800,1.000,5.000,0.0
2008-09-07,16:52:00,1.258,0.108,239.400,5.400,0.000,13.000,1.0
2008-09-07,16:53:00,2.156,0.054,238.420,9.200,1.000,28.000,1.0
2008-09-07,16:54:00,2.500,0.000,237.820,10.400,0.000,36.000,0.0
2008-09-07,16:55:00,1.454,0.000,239.040,6.200,0.000,19.000,1.0
2008-09-07,16:56:00,3.200,0.210,237.090,14.000,1.000,30.000,1.0
2008-09-07,16:57:00,1.682,0.234,239.110,7.200,0.000,1.000,0.0
2008-09-07,16:58:00,1.576,0.196,239.300,6.600,1.000,0.000,1.0
2008-09-07,16:59:00,0.728,0.000,241.050,3.600,0.000,0.000,1.0
2008-09-07,17:00:00,0.514,0.084,241.420,2.200,0.000,0.000,0.0
2008-09-07,17:01:00,0.470,0.084,240.400,2.000,0.000,0.000,1.0
2008-09-07,17:02:00,0.322,0.080,240.810,1.400,0.000,0.000,0.0
2008-09-07,17:03:00,0.314,0.080,240.990,1.400,0.000,0.000,1.0
2008-09-07,17:04:00,0.316,0.080,241.120,1.400,0.000,0.000,1.0
2008-09-07,17:05:00,0.340,0.084,240.700,1.600,0.000,0.000,0.0
2008-09-07,17:06:00,0.342,0.084,240.890,1.600,0.000,0.000,1.0
2008-09-07,17:07:00,0.340,0.086,240.900,1.400,0.000,0.000,1.0
2008-09-07,17:08:00,0.340,0.086,240.590,1.600,0.000,0.000,0.0
2008-09-07,17:09:00,0.342,0.086,240.370,1.600,0.000,0.000,1.0
2008-09-07,17:10:00,0.342,0.086,239.610,1.600,0.000,0.000,1.0
2008-09-07,17:11:00,0.344,0.088,239.420,1.600,0.000,0.000,0.0
2008-09-07,17:12:00,0.342,0.088,240.180,1.600,0.000,0.000,1.0
2008-09-07,17:13:00,0.342,0.088,240.300,1.600,0.000,0.000,1.0
2008-09-07,17:14:00,0.342,0.088,240.000,1.600,0.000,0.000,0.0
2008-09-07,17:15:00,0.388,0.000,240.510,1.800,0.000,0.000,1.0
2008-09-07,17:16:00,0.450,0.000,240.080,1.800,0.000,0.000,1.0
2008-09-07,17:17:00,0.436,0.000,239.410,1.800,0.000,0.000,0.0
2008-09-07,17:18:00,0.430,0.000,239.450,1.800,0.000,0.000,1.0
2008-09-07,17:19:00,0.432,0.000,240.080,1.800,0.000,0.000,1.0
2008-09-07,17:20:00,0.434,0.046,240.580,1.800,0.000,0.000,0.0
2008-09-07,17:21:00,0.430,0.000,239.600,1.800,0.000,0.000,1.0
2008-09-07,17:22:00,0.432,0.046,240.490,1.800,0.000,0.000,1.0
2008-09-07,17:23:00,0.432,0.046,240.620,1.800,0.000,0.000,0.0
2008-09-07,17:24:00,0.430,0.046,240.540,1.800,0.000,0.000,1.0
2008-09-07,17:25:00,0.518,0.140,240.930,2.200,0.000,0.000,1.0
2008-09-07,17:26:00,0.558,0.196,241.040,2.600,0.000,0.000,0.0
2008-09-07,17:27:00,0.592,0.270,240.840,2.600,0.000,1.000,1.0
2008-09-07,17:28:00,0.592,0.270,240.640,2.600,0.000,2.000,1.0
2008-09-07,17:29:00,0.592,0.274,241.340,2.600,0.000,1.000,0.0
2008-09-07,17:30:00,0.588,0.276,241.770,2.600,0.000,2.000,1.0
2008-09-07,17:31:00,0.586,0.274,241.510,2.600,0.000,1.000,1.0
2008-09-07,17:32:00,0.584,0.274,241.330,2.600,0.000,2.000,0.0
2008-09-07,17:33:00,0.580,0.274,241.460,2.600,0.000,1.000,1.0
2008-09-07,17:34:00,0.576,0.272,241.120,2.600,0.000,2.000,0.0
2008-09-07,17:35:00,0.576,0.270,240.510,2.600,0.000,1.000,1.0
2008-09-07,17:36:00,0.568,0.256,240.270,2.600,0.000,2.000,1.0
2008-09-07,17:37:00,0.484,0.138,240.810,2.000,0.000,1.000,0.0
2008-09-07,17:38:00,0.482,0.138,241.100,2.000,0.000,1.000,1.0
2008-09-07,17:39:00,0.482,0.138,241.160,2.000,0.000,2.000,1.0
2008-09-07,17:40:00,0.480,0.136,240.560,2.000,0.000,1.000,0.0
2008-09-07,17:41:00,0.432,0.064,240.530,1.800,0.000,1.000,1.0
2008-09-07,17:42:00,0.640,0.000,240.770,2.800,0.000,2.000,1.0
2008-09-07,17:43:00,0.728,0.000,241.280,3.000,0.000,1.000,0.0
2008-09-07,17:44:00,0.670,0.048,241.300,2.800,0.000,0.000,1.0
2008-09-07,17:45:00,0.650,0.082,241.500,2.600,0.000,0.000,1.0
2008-09-07,17:46:00,0.650,0.082,241.530,2.600,0.000,0.000,0.0
2008-09-07,17:47:00,0.710,0.066,241.170,3.200,0.000,0.000,2.0
2008-09-07,17:48:00,1.272,0.000,240.420,5.200,0.000,0.000,11.0
2008-09-07,17:49:00,1.292,0.000,240.290,5.400,0.000,0.000,11.0
2008-09-07,17:50:00,1.330,0.000,241.430,5.400,0.000,0.000,12.0
2008-09-07,17:51:00,1.334,0.000,240.820,5.400,0.000,0.000,12.0
2008-09-07,17:52:00,0.672,0.078,241.130,2.800,0.000,0.000,2.0
2008-09-07,17:53:00,0.650,0.082,241.040,2.800,0.000,0.000,1.0
2008-09-07,17:54:00,0.648,0.082,240.740,2.600,0.000,0.000,0.0
2008-09-07,17:55:00,0.648,0.082,241.190,2.600,0.000,0.000,1.0
2008-09-07,17:56:00,0.646,0.084,240.390,2.600,0.000,0.000,1.0
2008-09-07,17:57:00,0.646,0.084,240.330,2.600,0.000,0.000,0.0
2008-09-07,17:58:00,0.646,0.084,240.360,2.600,0.000,0.000,1.0
2008-09-07,17:59:00,0.646,0.084,240.550,2.600,0.000,0.000,1.0
2008-09-07,18:00:00,0.646,0.084,240.670,2.600,0.000,0.000,0.0
2008-09-07,18:01:00,0.644,0.084,240.760,2.600,0.000,0.000,1.0
2008-09-07,18:02:00,0.642,0.084,240.400,2.600,0.000,0.000,1.0
2008-09-07,18:03:00,0.646,0.084,240.950,2.600,0.000,0.000,0.0
2008-09-07,18:04:00,0.646,0.084,240.870,2.600,0.000,0.000,1.0
2008-09-07,18:05:00,0.576,0.058,240.490,2.400,0.000,0.000,0.0
2008-09-07,18:06:00,0.608,0.000,240.420,2.600,0.000,0.000,1.0
2008-09-07,18:07:00,0.640,0.090,240.400,2.600,0.000,0.000,1.0
2008-09-07,18:08:00,0.632,0.090,240.540,2.600,0.000,0.000,0.0
2008-09-07,18:09:00,0.670,0.090,240.360,2.800,0.000,0.000,1.0
2008-09-07,18:10:00,0.858,0.092,240.220,3.600,0.000,0.000,1.0
2008-09-07,18:11:00,0.862,0.090,240.310,3.600,0.000,0.000,0.0
2008-09-07,18:12:00,0.794,0.132,240.140,3.400,0.000,0.000,1.0
2008-09-07,18:13:00,0.872,0.194,240.360,3.800,0.000,0.000,1.0
2008-09-07,18:14:00,0.864,0.192,239.660,3.600,0.000,0.000,0.0
2008-09-07,18:15:00,0.864,0.192,239.720,3.600,0.000,0.000,1.0
2008-09-07,18:16:00,0.860,0.192,239.630,3.600,0.000,0.000,1.0
2008-09-07,18:17:00,1.200,0.280,239.180,5.800,0.000,0.000,0.0
2008-09-07,18:18:00,1.046,0.238,239.410,4.800,0.000,0.000,1.0
2008-09-07,18:19:00,1.382,0.326,239.330,6.400,0.000,0.000,1.0
2008-09-07,18:20:00,0.874,0.196,240.160,3.800,0.000,0.000,0.0
2008-09-07,18:21:00,0.764,0.198,240.740,3.400,0.000,0.000,1.0
2008-09-07,18:22:00,0.550,0.196,241.140,2.400,0.000,0.000,1.0
2008-09-07,18:23:00,0.558,0.194,240.580,2.600,0.000,0.000,0.0
2008-09-07,18:24:00,0.556,0.194,240.430,2.600,0.000,0.000,1.0
2008-09-07,18:25:00,0.570,0.194,240.520,2.600,0.000,0.000,1.0
2008-09-07,18:26:00,0.628,0.192,240.290,2.800,0.000,0.000,0.0
2008-09-07,18:27:00,0.582,0.126,240.650,2.600,0.000,0.000,1.0
2008-09-07,18:28:00,0.540,0.062,241.430,2.400,0.000,0.000,1.0
2008-09-07,18:29:00,0.540,0.062,241.600,2.400,0.000,0.000,0.0
2008-09-07,18:30:00,0.468,0.000,241.330,2.000,0.000,0.000,1.0
2008-09-07,18:31:00,0.380,0.000,241.200,1.800,0.000,0.000,1.0
2008-09-07,18:32:00,0.290,0.000,241.230,1.400,0.000,0.000,0.0
2008-09-07,18:33:00,0.278,0.000,241.660,1.400,0.000,0.000,1.0
2008-09-07,18:34:00,0.290,0.000,241.480,1.400,0.000,0.000,1.0
2008-09-07,18:35:00,0.280,0.000,241.490,1.400,0.000,0.000,0.0
2008-09-07,18:36:00,0.280,0.000,241.770,1.400,0.000,0.000,1.0
2008-09-07,18:37:00,0.278,0.000,241.550,1.400,0.000,0.000,1.0
2008-09-07,18:38:00,0.280,0.000,241.570,1.400,0.000,0.000,0.0
2008-09-07,18:39:00,0.284,0.000,242.210,1.400,0.000,0.000,1.0
2008-09-07,18:40:00,0.282,0.000,242.230,1.400,0.000,0.000,1.0
2008-09-07,18:41:00,0.282,0.000,242.040,1.400,0.000,0.000,0.0
2008-09-07,18:42:00,0.280,0.000,242.270,1.400,0.000,0.000,1.0
2008-09-07,18:43:00,0.280,0.000,241.670,1.400,0.000,0.000,1.0
2008-09-07,18:44:00,0.278,0.000,241.570,1.400,0.000,0.000,0.0
2008-09-07,18:45:00,0.276,0.000,241.030,1.400,0.000,0.000,1.0
2008-09-07,18:46:00,0.290,0.000,240.680,1.400,0.000,0.000,0.0
2008-09-07,18:47:00,0.384,0.086,240.840,1.800,0.000,1.000,1.0
2008-09-07,18:48:00,0.364,0.082,240.760,1.600,0.000,1.000,1.0
2008-09-07,18:49:00,0.368,0.084,241.350,1.600,0.000,2.000,0.0
2008-09-07,18:50:00,0.364,0.084,240.920,1.600,0.000,1.000,1.0
2008-09-07,18:51:00,0.364,0.084,241.380,1.600,0.000,2.000,1.0
2008-09-07,18:52:00,0.366,0.084,241.630,1.600,0.000,1.000,0.0
2008-09-07,18:53:00,0.364,0.086,241.840,1.600,0.000,2.000,1.0
2008-09-07,18:54:00,0.364,0.084,241.550,1.600,0.000,1.000,1.0
2008-09-07,18:55:00,0.364,0.086,241.990,1.600,0.000,2.000,0.0
2008-09-07,18:56:00,0.366,0.084,241.350,1.600,0.000,1.000,1.0
2008-09-07,18:57:00,0.450,0.174,241.490,2.200,0.000,1.000,1.0
2008-09-07,18:58:00,0.472,0.218,241.740,2.200,0.000,2.000,0.0
2008-09-07,18:59:00,0.468,0.220,241.920,2.200,0.000,1.000,1.0
2008-09-07,19:00:00,0.514,0.220,241.780,2.400,0.000,1.000,1.0
2008-09-07,19:01:00,0.534,0.218,241.340,2.600,0.000,2.000,0.0
2008-09-07,19:02:00,0.546,0.254,241.430,2.800,0.000,1.000,1.0
2008-09-07,19:03:00,0.662,0.316,240.860,3.200,0.000,1.000,1.0
2008-09-07,19:04:00,1.202,0.284,239.780,5.400,0.000,1.000,7.0
2008-09-07,19:05:00,1.234,0.296,239.230,5.400,0.000,0.000,11.0
2008-09-07,19:06:00,1.186,0.296,239.110,5.200,0.000,0.000,12.0
2008-09-07,19:07:00,1.156,0.302,239.260,5.000,0.000,0.000,12.0
2008-09-07,19:08:00,1.174,0.304,239.690,5.000,0.000,0.000,12.0
2008-09-07,19:09:00,1.286,0.300,239.490,5.600,0.000,0.000,12.0
2008-09-07,19:10:00,1.162,0.298,239.170,5.000,0.000,0.000,12.0
2008-09-07,19:11:00,2.146,0.398,238.770,9.400,0.000,0.000,25.0
2008-09-07,19:12:00,2.024,0.408,239.210,8.600,0.000,0.000,23.0
2008-09-07,19:13:00,1.794,0.370,239.760,7.600,0.000,0.000,19.0
2008-09-07,19:14:00,2.030,0.360,239.280,8.600,0.000,0.000,18.0
2008-09-07,19:15:00,2.098,0.356,239.320,8.800,0.000,0.000,19.0
2008-09-07,19:16:00,2.096,0.352,239.280,8.800,0.000,0.000,18.0
2008-09-07,19:17:00,2.096,0.352,239.620,8.800,0.000,0.000,18.0
2008-09-07,19:18:00,2.014,0.240,239.630,8.400,0.000,0.000,18.0
2008-09-07,19:19:00,1.988,0.214,239.360,8.200,0.000,0.000,19.0
2008-09-07,19:20:00,1.984,0.212,239.260,8.200,0.000,0.000,18.0
2008-09-07,19:21:00,1.992,0.210,239.250,8.400,0.000,0.000,18.0
2008-09-07,19:22:00,1.992,0.210,239.430,8.200,0.000,0.000,18.0
2008-09-07,19:23:00,1.988,0.208,239.420,8.200,0.000,0.000,19.0
2008-09-07,19:24:00,1.974,0.204,239.170,8.200,0.000,0.000,18.0
2008-09-07,19:25:00,2.026,0.204,239.010,8.400,0.000,0.000,18.0
2008-09-07,19:26:00,2.004,0.202,238.630,8.400,0.000,0.000,18.0
2008-09-07,19:27:00,1.946,0.202,238.900,8.200,0.000,0.000,18.0
2008-09-07,19:28:00,1.950,0.202,239.200,8.200,0.000,0.000,18.0
2008-09-07,19:29:00,1.950,0.202,239.290,8.200,0.000,0.000,18.0
2008-09-07,19:30:00,1.950,0.202,239.330,8.200,0.000,0.000,19.0
2008-09-07,19:31:00,1.948,0.202,238.960,8.200,0.000,0.000,18.0
2008-09-07,19:32:00,1.786,0.092,239.170,7.400,0.000,0.000,18.0
2008-09-07,19:33:00,1.718,0.046,239.040,7.200,0.000,0.000,18.0
2008-09-07,19:34:00,1.720,0.046,239.230,7.200,0.000,0.000,18.0
2008-09-07,19:35:00,1.722,0.046,239.440,7.200,0.000,0.000,18.0
2008-09-07,19:36:00,1.722,0.046,239.560,7.200,0.000,0.000,19.0
2008-09-07,19:37:00,1.724,0.046,239.520,7.200,0.000,0.000,18.0
2008-09-07,19:38:00,1.732,0.048,240.410,7.200,0.000,0.000,18.0
2008-09-07,19:39:00,1.730,0.048,240.180,7.200,0.000,0.000,18.0
2008-09-07,19:40:00,1.710,0.000,239.940,7.000,0.000,0.000,19.0
2008-09-07,19:41:00,1.674,0.054,239.870,7.000,0.000,0.000,18.0
2008-09-07,19:42:00,1.670,0.054,240.040,7.000,0.000,0.000,18.0
2008-09-07,19:43:00,1.674,0.052,240.660,7.000,0.000,0.000,19.0
2008-09-07,19:44:00,1.472,0.052,239.550,6.400,0.000,0.000,16.0
2008-09-07,19:45:00,0.600,0.000,240.510,2.600,0.000,0.000,0.0
2008-09-07,19:46:00,0.576,0.000,240.490,2.400,0.000,0.000,1.0
2008-09-07,19:47:00,0.618,0.000,239.480,2.600,0.000,0.000,1.0
2008-09-07,19:48:00,0.680,0.082,238.980,2.800,0.000,0.000,0.0
2008-09-07,19:49:00,0.676,0.082,239.160,2.800,0.000,0.000,1.0
2008-09-07,19:50:00,0.672,0.080,238.470,2.800,0.000,0.000,1.0
2008-09-07,19:51:00,0.670,0.080,238.800,2.800,0.000,0.000,0.0
2008-09-07,19:52:00,0.672,0.082,239.260,2.800,0.000,0.000,1.0
2008-09-07,19:53:00,0.668,0.082,238.640,2.800,0.000,0.000,1.0
2008-09-07,19:54:00,0.668,0.082,238.930,2.800,0.000,0.000,0.0
2008-09-07,19:55:00,0.668,0.082,239.090,2.800,0.000,0.000,1.0
2008-09-07,19:56:00,0.666,0.080,238.880,2.800,0.000,0.000,0.0
2008-09-07,19:57:00,0.660,0.078,237.990,2.800,0.000,0.000,1.0
2008-09-07,19:58:00,0.664,0.082,239.160,2.800,0.000,0.000,1.0
2008-09-07,19:59:00,0.668,0.084,240.000,2.800,0.000,0.000,0.0
2008-09-07,20:00:00,1.024,0.144,239.280,4.600,0.000,0.000,6.0
2008-09-07,20:01:00,1.298,0.180,237.860,5.400,0.000,0.000,12.0
2008-09-07,20:02:00,1.324,0.178,237.820,5.600,0.000,0.000,11.0
2008-09-07,20:03:00,1.338,0.174,237.400,5.600,0.000,0.000,12.0
2008-09-07,20:04:00,1.264,0.164,237.600,5.400,0.000,0.000,12.0
2008-09-07,20:05:00,0.706,0.080,238.900,3.000,0.000,0.000,0.0
2008-09-07,20:06:00,0.698,0.076,237.860,3.000,0.000,0.000,1.0
2008-09-07,20:07:00,0.974,0.150,237.400,4.400,0.000,0.000,1.0
2008-09-07,20:08:00,1.776,0.266,237.190,7.600,0.000,1.000,0.0
2008-09-07,20:09:00,1.836,0.252,236.390,8.000,1.000,1.000,1.0
2008-09-07,20:10:00,2.244,0.240,235.970,9.600,2.000,2.000,0.0
2008-09-07,20:11:00,2.540,0.250,236.330,11.000,1.000,1.000,1.0
2008-09-07,20:12:00,2.990,0.250,235.380,13.200,1.000,1.000,1.0
2008-09-07,20:13:00,2.870,0.340,235.600,12.600,1.000,2.000,0.0
2008-09-07,20:14:00,3.160,0.270,235.560,13.800,1.000,1.000,1.0
2008-09-07,20:15:00,2.278,0.242,236.670,10.200,2.000,2.000,1.0
2008-09-07,20:16:00,1.872,0.234,236.780,8.000,1.000,1.000,0.0
2008-09-07,20:17:00,1.888,0.238,237.360,8.200,1.000,2.000,1.0
2008-09-07,20:18:00,1.892,0.240,238.070,8.200,1.000,1.000,1.0
2008-09-07,20:19:00,1.850,0.232,235.810,8.000,1.000,1.000,0.0
2008-09-07,20:20:00,1.852,0.234,235.240,8.000,2.000,2.000,1.0
2008-09-07,20:21:00,1.854,0.234,235.710,8.000,1.000,1.000,0.0
2008-09-07,20:22:00,1.852,0.236,235.970,8.000,1.000,1.000,1.0
2008-09-07,20:23:00,1.860,0.240,236.620,8.000,1.000,2.000,1.0
2008-09-07,20:24:00,1.888,0.238,236.130,8.200,1.000,1.000,0.0
2008-09-07,20:25:00,1.864,0.122,236.390,8.000,1.000,0.000,1.0
2008-09-07,20:26:00,2.078,0.118,235.870,9.000,1.000,0.000,1.0
2008-09-07,20:27:00,2.258,0.142,235.380,9.800,1.000,0.000,0.0
2008-09-07,20:28:00,2.212,0.122,235.840,9.400,1.000,0.000,1.0
2008-09-07,20:29:00,2.516,0.116,235.520,11.000,3.000,0.000,0.0
2008-09-07,20:30:00,4.168,0.098,233.720,17.800,37.000,0.000,1.0
2008-09-07,20:31:00,4.112,0.172,234.040,17.600,36.000,0.000,1.0
2008-09-07,20:32:00,3.796,0.100,233.280,16.200,36.000,0.000,0.0
2008-09-07,20:33:00,3.774,0.096,232.060,16.200,36.000,0.000,1.0
2008-09-07,20:34:00,3.756,0.110,231.830,16.200,36.000,0.000,1.0
2008-09-07,20:35:00,3.822,0.146,232.220,16.400,36.000,0.000,0.0
2008-09-07,20:36:00,4.306,0.150,232.180,18.600,36.000,0.000,1.0
2008-09-07,20:37:00,4.028,0.112,233.030,17.400,36.000,0.000,0.0
2008-09-07,20:38:00,4.012,0.112,232.510,17.200,36.000,0.000,1.0
2008-09-07,20:39:00,4.004,0.112,232.750,17.200,36.000,0.000,1.0
2008-09-07,20:40:00,1.944,0.138,235.150,8.400,3.000,0.000,0.0
2008-09-07,20:41:00,1.934,0.136,234.580,8.400,2.000,0.000,1.0
2008-09-07,20:42:00,1.774,0.134,236.900,7.600,1.000,0.000,1.0
2008-09-07,20:43:00,1.780,0.138,236.680,7.600,1.000,0.000,0.0
2008-09-07,20:44:00,2.090,0.126,235.610,9.000,1.000,0.000,1.0
2008-09-07,20:45:00,2.364,0.118,235.350,10.200,1.000,0.000,0.0
2008-09-07,20:46:00,2.372,0.118,236.170,10.200,2.000,0.000,1.0
2008-09-07,20:47:00,2.354,0.118,236.020,10.000,1.000,0.000,1.0
2008-09-07,20:48:00,2.360,0.118,235.830,10.200,1.000,0.000,0.0
2008-09-07,20:49:00,2.358,0.120,236.050,10.000,1.000,0.000,1.0
2008-09-07,20:50:00,2.356,0.120,236.000,10.000,1.000,0.000,1.0
2008-09-07,20:51:00,2.360,0.120,235.890,10.200,2.000,0.000,0.0
2008-09-07,20:52:00,2.386,0.128,235.750,10.200,1.000,0.000,1.0
2008-09-07,20:53:00,2.966,0.210,234.870,12.800,1.000,0.000,11.0
2008-09-07,20:54:00,2.944,0.204,235.330,12.600,1.000,0.000,11.0
2008-09-07,20:55:00,2.954,0.190,235.110,12.600,1.000,0.000,12.0
2008-09-07,20:56:00,2.920,0.172,232.590,12.600,1.000,0.000,11.0
2008-09-07,20:57:00,2.616,0.134,232.260,11.400,2.000,0.000,8.0
2008-09-07,20:58:00,2.244,0.094,232.540,9.800,1.000,0.000,0.0
2008-09-07,20:59:00,1.900,0.060,232.140,8.400,1.000,0.000,1.0
2008-09-07,21:00:00,1.636,0.000,233.110,7.000,1.000,0.000,1.0
2008-09-07,21:01:00,1.584,0.078,233.870,6.800,1.000,0.000,0.0
2008-09-07,21:02:00,1.920,0.078,233.880,8.200,1.000,0.000,1.0
2008-09-07,21:03:00,1.850,0.078,233.800,7.800,2.000,0.000,0.0
2008-09-07,21:04:00,1.880,0.078,233.670,8.000,1.000,0.000,1.0
2008-09-07,21:05:00,1.900,0.080,233.860,8.000,1.000,0.000,1.0
2008-09-07,21:06:00,1.834,0.000,234.720,7.800,1.000,0.000,0.0
2008-09-07,21:07:00,1.834,0.000,234.390,7.800,1.000,0.000,1.0
2008-09-07,21:08:00,1.844,0.000,235.720,7.800,2.000,0.000,1.0
2008-09-07,21:09:00,1.850,0.000,235.990,7.800,1.000,0.000,0.0
2008-09-07,21:10:00,1.846,0.000,236.560,7.800,1.000,0.000,1.0
2008-09-07,21:11:00,1.848,0.000,236.710,7.800,1.000,0.000,0.0
2008-09-07,21:12:00,1.850,0.000,236.970,7.800,1.000,0.000,1.0
2008-09-07,21:13:00,1.854,0.000,237.730,7.800,2.000,0.000,1.0
2008-09-07,21:14:00,1.848,0.000,237.210,7.800,1.000,0.000,0.0
2008-09-07,21:15:00,1.850,0.000,237.400,7.800,1.000,0.000,1.0
2008-09-07,21:16:00,1.840,0.000,236.640,7.800,1.000,0.000,1.0
2008-09-07,21:17:00,1.838,0.000,236.160,7.800,1.000,0.000,0.0
2008-09-07,21:18:00,1.840,0.000,236.720,7.800,1.000,0.000,1.0
2008-09-07,21:19:00,1.850,0.000,237.110,7.800,2.000,0.000,1.0
2008-09-07,21:20:00,1.848,0.000,237.080,7.800,1.000,0.000,0.0
2008-09-07,21:21:00,1.848,0.000,237.240,7.800,1.000,0.000,1.0
2008-09-07,21:22:00,1.786,0.050,236.060,7.600,1.000,0.000,0.0
2008-09-07,21:23:00,1.778,0.074,236.490,7.400,1.000,0.000,1.0
2008-09-07,21:24:00,1.864,0.000,237.310,7.800,2.000,0.000,1.0
2008-09-07,21:25:00,1.898,0.054,237.670,8.000,1.000,0.000,0.0
2008-09-07,21:26:00,1.898,0.056,238.350,8.000,1.000,0.000,1.0
2008-09-07,21:27:00,1.888,0.054,237.510,7.800,1.000,0.000,1.0
2008-09-07,21:28:00,1.884,0.052,236.960,7.800,1.000,0.000,0.0
2008-09-07,21:29:00,1.930,0.090,237.690,8.200,2.000,0.000,1.0
2008-09-07,21:30:00,1.974,0.170,237.230,8.200,1.000,1.000,1.0
2008-09-07,21:31:00,1.970,0.172,237.570,8.200,1.000,1.000,0.0
2008-09-07,21:32:00,1.950,0.206,237.120,8.200,1.000,2.000,1.0
2008-09-07,21:33:00,1.932,0.216,237.440,8.200,1.000,1.000,1.0
2008-09-07,21:34:00,1.930,0.210,237.430,8.200,0.000,2.000,0.0
2008-09-07,21:35:00,1.904,0.170,237.740,8.000,0.000,1.000,1.0
2008-09-07,21:36:00,1.936,0.192,237.560,8.200,1.000,2.000,0.0
2008-09-07,21:37:00,1.916,0.196,236.620,8.000,0.000,1.000,1.0
2008-09-07,21:38:00,1.960,0.176,236.370,8.200,2.000,1.000,1.0
2008-09-07,21:39:00,1.970,0.178,237.190,8.200,1.000,2.000,0.0
2008-09-07,21:40:00,1.970,0.176,237.850,8.200,1.000,1.000,1.0
2008-09-07,21:41:00,1.968,0.174,238.130,8.200,2.000,2.000,1.0
2008-09-07,21:42:00,1.960,0.172,237.770,8.200,1.000,1.000,0.0
2008-09-07,21:43:00,1.960,0.172,238.190,8.200,1.000,1.000,1.0
2008-09-07,21:44:00,1.966,0.172,238.350,8.200,1.000,2.000,1.0
2008-09-07,21:45:00,1.942,0.188,238.420,8.200,1.000,1.000,0.0
2008-09-07,21:46:00,1.938,0.204,238.590,8.200,1.000,1.000,1.0
2008-09-07,21:47:00,1.864,0.000,238.390,7.800,0.000,0.000,1.0
2008-09-07,21:48:00,2.054,0.000,238.240,8.600,1.000,0.000,4.0
2008-09-07,21:49:00,3.594,0.000,236.680,15.800,19.000,0.000,11.0
2008-09-07,21:50:00,5.340,0.000,234.880,22.800,37.000,0.000,23.0
2008-09-07,21:51:00,5.618,0.000,234.460,23.800,37.000,0.000,30.0
2008-09-07,21:52:00,5.490,0.000,233.800,23.400,36.000,0.000,28.0
2008-09-07,21:53:00,4.942,0.092,235.130,21.000,37.000,0.000,18.0
2008-09-07,21:54:00,4.992,0.048,235.510,21.200,36.000,0.000,17.0
2008-09-07,21:55:00,5.006,0.000,235.310,21.200,37.000,0.000,18.0
2008-09-07,21:56:00,4.986,0.000,234.670,21.200,37.000,0.000,18.0
2008-09-07,21:57:00,4.992,0.000,234.760,21.200,36.000,0.000,17.0
2008-09-07,21:58:00,4.976,0.000,234.700,21.200,37.000,0.000,18.0
2008-09-07,21:59:00,4.966,0.000,234.630,21.000,36.000,0.000,17.0
2008-09-07,22:00:00,4.964,0.000,234.650,21.000,37.000,0.000,18.0
2008-09-07,22:01:00,4.950,0.000,234.450,21.000,36.000,0.000,17.0
2008-09-07,22:02:00,4.580,0.000,235.100,19.800,32.000,0.000,18.0
2008-09-07,22:03:00,2.816,0.000,237.140,11.800,0.000,0.000,18.0
2008-09-07,22:04:00,2.820,0.000,237.590,11.800,0.000,0.000,18.0
2008-09-07,22:05:00,2.820,0.000,237.570,11.800,0.000,0.000,18.0
2008-09-07,22:06:00,2.824,0.000,237.070,11.800,0.000,0.000,18.0
2008-09-07,22:07:00,2.792,0.000,236.570,11.800,1.000,0.000,17.0
2008-09-07,22:08:00,2.884,0.000,236.080,12.200,0.000,0.000,18.0
2008-09-07,22:09:00,2.764,0.000,236.650,11.600,0.000,0.000,18.0
2008-09-07,22:10:00,2.586,0.090,237.180,10.800,0.000,0.000,18.0
2008-09-07,22:11:00,2.562,0.088,237.400,10.800,0.000,0.000,18.0
2008-09-07,22:12:00,2.524,0.048,236.790,10.600,0.000,0.000,17.0
2008-09-07,22:13:00,2.576,0.000,236.830,10.800,0.000,0.000,18.0
2008-09-07,22:14:00,2.402,0.000,236.940,10.000,0.000,0.000,18.0
2008-09-07,22:15:00,2.736,0.078,236.820,11.600,0.000,0.000,18.0
2008-09-07,22:16:00,2.412,0.046,237.560,10.000,0.000,0.000,18.0
2008-09-07,22:17:00,2.502,0.064,237.980,10.400,0.000,0.000,18.0
2008-09-07,22:18:00,2.472,0.086,240.630,10.200,0.000,0.000,18.0
2008-09-07,22:19:00,2.324,0.122,240.330,9.600,0.000,0.000,18.0
2008-09-07,22:20:00,2.590,0.132,240.190,10.800,0.000,0.000,19.0
2008-09-07,22:21:00,2.370,0.138,240.850,9.800,0.000,0.000,18.0
2008-09-07,22:22:00,2.322,0.142,241.410,9.600,0.000,0.000,19.0
2008-09-07,22:23:00,1.846,0.154,242.490,7.800,0.000,0.000,11.0
2008-09-07,22:24:00,1.014,0.152,243.750,4.400,0.000,0.000,1.0
2008-09-07,22:25:00,0.632,0.116,243.830,2.600,0.000,0.000,1.0
2008-09-07,22:26:00,0.580,0.116,243.870,2.400,0.000,0.000,0.0
2008-09-07,22:27:00,0.450,0.160,244.180,2.000,0.000,0.000,1.0
2008-09-07,22:28:00,0.450,0.160,244.290,2.000,0.000,0.000,1.0
2008-09-07,22:29:00,0.450,0.160,244.230,2.000,0.000,0.000,0.0
2008-09-07,22:30:00,0.450,0.162,244.550,2.000,0.000,0.000,1.0
2008-09-07,22:31:00,0.396,0.164,245.030,1.800,0.000,0.000,1.0
2008-09-07,22:32:00,0.320,0.164,244.450,1.400,0.000,0.000,1.0
2008-09-07,22:33:00,0.316,0.162,244.230,1.400,0.000,0.000,0.0
2008-09-07,22:34:00,0.316,0.162,244.750,1.400,0.000,0.000,1.0
2008-09-07,22:35:00,0.224,0.000,244.710,0.800,0.000,0.000,1.0
2008-09-07,22:36:00,0.226,0.000,244.900,0.800,0.000,0.000,0.0
2008-09-07,22:37:00,0.266,0.076,244.800,1.200,0.000,0.000,1.0
2008-09-07,22:38:00,0.224,0.000,244.950,0.800,0.000,0.000,1.0
2008-09-07,22:39:00,0.226,0.000,245.410,0.800,0.000,0.000,0.0
2008-09-07,22:40:00,0.226,0.000,245.100,0.800,0.000,0.000,1.0
2008-09-07,22:41:00,0.224,0.000,244.210,0.800,0.000,0.000,1.0
2008-09-07,22:42:00,0.314,0.124,244.230,1.400,0.000,0.000,0.0
2008-09-07,22:43:00,0.900,0.258,243.340,3.800,0.000,0.000,10.0
2008-09-07,22:44:00,0.952,0.266,243.890,4.000,0.000,0.000,12.0
2008-09-07,22:45:00,0.986,0.274,244.860,4.200,0.000,0.000,12.0
2008-09-07,22:46:00,0.852,0.246,245.190,3.800,0.000,0.000,10.0
2008-09-07,22:47:00,0.270,0.108,245.980,1.200,0.000,0.000,1.0
2008-09-07,22:48:00,0.254,0.096,245.510,1.200,0.000,0.000,1.0
2008-09-07,22:49:00,0.252,0.096,245.270,1.000,0.000,0.000,1.0
2008-09-07,22:50:00,0.252,0.094,245.160,1.000,0.000,0.000,0.0
2008-09-07,22:51:00,0.252,0.096,245.270,1.000,0.000,0.000,1.0
2008-09-07,22:52:00,0.304,0.150,245.010,1.600,0.000,0.000,1.0
2008-09-07,22:53:00,0.340,0.220,245.070,1.600,0.000,1.000,0.0
2008-09-07,22:54:00,0.338,0.218,244.530,1.600,0.000,2.000,1.0
2008-09-07,22:55:00,0.334,0.214,243.010,1.600,0.000,1.000,1.0
2008-09-07,22:56:00,0.290,0.144,243.050,1.400,0.000,2.000,0.0
2008-09-07,22:57:00,0.266,0.106,242.610,1.200,0.000,1.000,1.0
2008-09-07,22:58:00,0.268,0.108,243.290,1.200,0.000,2.000,1.0
2008-09-07,22:59:00,0.268,0.110,243.970,1.200,0.000,1.000,0.0
2008-09-07,23:00:00,0.326,0.172,244.050,1.600,0.000,2.000,1.0
2008-09-07,23:01:00,0.378,0.250,244.220,1.800,0.000,1.000,1.0
2008-09-07,23:02:00,0.372,0.248,244.010,1.800,0.000,1.000,0.0
2008-09-07,23:03:00,0.368,0.250,244.300,1.800,0.000,2.000,1.0
2008-09-07,23:04:00,0.366,0.250,244.280,1.800,0.000,1.000,1.0
2008-09-07,23:05:00,0.362,0.250,244.370,1.800,0.000,2.000,0.0
2008-09-07,23:06:00,0.362,0.252,244.910,1.800,0.000,1.000,1.0
2008-09-07,23:07:00,0.362,0.256,245.810,1.800,0.000,1.000,1.0
2008-09-07,23:08:00,0.360,0.256,245.630,1.800,0.000,2.000,0.0
2008-09-07,23:09:00,0.334,0.214,245.040,1.600,0.000,1.000,1.0
2008-09-07,23:10:00,0.280,0.126,244.900,1.200,0.000,0.000,1.0
2008-09-07,23:11:00,0.278,0.126,245.140,1.200,0.000,0.000,0.0
2008-09-07,23:12:00,0.286,0.140,245.490,1.200,0.000,0.000,1.0
2008-09-07,23:13:00,0.288,0.148,245.370,1.400,0.000,0.000,1.0
2008-09-07,23:14:00,0.292,0.150,245.820,1.400,0.000,0.000,0.0
2008-09-07,23:15:00,0.294,0.150,245.780,1.400,0.000,0.000,1.0
2008-09-07,23:16:00,0.290,0.146,244.350,1.400,0.000,0.000,1.0
2008-09-07,23:17:00,0.282,0.134,244.340,1.200,0.000,0.000,1.0
2008-09-07,23:18:00,0.276,0.124,244.490,1.200,0.000,0.000,0.0
2008-09-07,23:19:00,0.274,0.124,244.450,1.200,0.000,0.000,1.0
2008-09-07,23:20:00,0.274,0.124,244.280,1.200,0.000,0.000,1.0
2008-09-07,23:21:00,0.266,0.114,244.330,1.200,0.000,0.000,0.0
2008-09-07,23:22:00,0.180,0.000,244.500,0.800,0.000,0.000,1.0
2008-09-07,23:23:00,0.178,0.000,244.820,0.800,0.000,0.000,1.0
2008-09-07,23:24:00,0.178,0.000,244.730,0.800,0.000,0.000,0.0
2008-09-07,23:25:00,0.178,0.000,244.600,0.800,0.000,0.000,1.0
2008-09-07,23:26:00,0.178,0.000,244.500,0.800,0.000,0.000,1.0
2008-09-07,23:27:00,0.178,0.000,244.560,0.800,0.000,0.000,0.0
2008-09-07,23:28:00,0.178,0.000,244.730,0.800,0.000,0.000,1.0
2008-09-07,23:29:00,0.250,0.058,245.110,1.200,0.000,0.000,1.0
2008-09-07,23:30:00,0.258,0.092,244.780,1.200,0.000,0.000,0.0
2008-09-07,23:31:00,0.258,0.092,244.530,1.200,0.000,0.000,1.0
2008-09-07,23:32:00,0.258,0.094,244.780,1.200,0.000,0.000,1.0
2008-09-07,23:33:00,0.256,0.094,244.830,1.200,0.000,0.000,0.0
2008-09-07,23:34:00,0.848,0.230,244.690,3.600,0.000,0.000,10.0
2008-09-07,23:35:00,0.906,0.234,244.290,3.800,0.000,0.000,12.0
2008-09-07,23:36:00,0.932,0.234,244.490,3.800,0.000,0.000,12.0
2008-09-07,23:37:00,0.942,0.232,244.590,4.000,0.000,0.000,12.0
2008-09-07,23:38:00,0.366,0.118,245.460,1.800,0.000,0.000,3.0
2008-09-07,23:39:00,0.250,0.096,245.410,1.000,0.000,0.000,1.0
2008-09-07,23:40:00,0.252,0.096,245.740,1.000,0.000,0.000,1.0
2008-09-07,23:41:00,0.250,0.094,245.320,1.000,0.000,0.000,0.0
2008-09-07,23:42:00,0.250,0.096,245.650,1.000,0.000,0.000,1.0
2008-09-07,23:43:00,0.184,0.000,245.430,0.800,0.000,0.000,1.0
2008-09-07,23:44:00,0.180,0.000,244.740,0.800,0.000,0.000,0.0
2008-09-07,23:45:00,0.178,0.000,244.660,0.800,0.000,0.000,1.0
2008-09-07,23:46:00,0.178,0.000,244.720,0.800,0.000,0.000,1.0
2008-09-07,23:47:00,0.180,0.000,244.810,0.800,0.000,0.000,0.0
2008-09-07,23:48:00,0.262,0.074,244.090,1.200,0.000,0.000,1.0
2008-09-07,23:49:00,0.292,0.126,244.870,1.200,0.000,0.000,1.0
2008-09-07,23:50:00,0.288,0.124,244.710,1.200,0.000,0.000,0.0
2008-09-07,23:51:00,0.286,0.124,244.870,1.200,0.000,0.000,1.0
2008-09-07,23:52:00,0.284,0.126,245.100,1.200,0.000,0.000,1.0
2008-09-07,23:53:00,0.284,0.126,245.170,1.200,0.000,0.000,1.0
2008-09-07,23:54:00,0.282,0.126,244.920,1.200,0.000,0.000,0.0
2008-09-07,23:55:00,0.280,0.128,244.830,1.200,0.000,0.000,1.0
2008-09-07,23:56:00,0.280,0.128,244.830,1.200,0.000,0.000,1.0
2008-09-07,23:57:00,0.278,0.126,244.580,1.200,0.000,0.000,0.0
2008-09-07,23:58:00,0.276,0.124,243.900,1.200,0.000,0.000,1.0
2008-09-07,23:59:00,0.276,0.124,243.680,1.200,0.000,0.000,1.0
