Date,Time,Global_active_power,Global_reactive_power,Voltage,Global_intensity,Sub_metering_1,Sub_metering_2,Sub_metering_3
2010-09-11,00:00:00,1.208,0.500,242.920,5.400,0.000,2.000,1.0
2010-09-11,00:01:00,1.824,0.746,242.350,8.000,0.000,1.000,10.0
2010-09-11,00:02:00,1.826,0.716,242.100,8.000,0.000,1.000,12.0
2010-09-11,00:03:00,1.834,0.620,242.460,8.000,0.000,0.000,12.0
2010-09-11,00:04:00,1.960,0.616,242.390,8.400,0.000,0.000,12.0
2010-09-11,00:05:00,1.822,0.620,242.630,7.800,0.000,0.000,12.0
2010-09-11,00:06:00,1.236,0.412,243.080,5.400,0.000,0.000,4.0
2010-09-11,00:07:00,1.212,0.334,243.370,5.200,0.000,0.000,0.0
2010-09-11,00:08:00,1.058,0.272,244.200,4.400,0.000,0.000,1.0
2010-09-11,00:09:00,1.058,0.272,244.220,4.400,0.000,0.000,1.0
2010-09-11,00:10:00,1.056,0.272,243.860,4.400,0.000,0.000,0.0
2010-09-11,00:11:00,1.054,0.270,243.660,4.400,0.000,0.000,1.0
2010-09-11,00:12:00,1.056,0.272,243.970,4.400,0.000,0.000,1.0
2010-09-11,00:13:00,1.056,0.272,243.760,4.400,0.000,0.000,0.0
2010-09-11,00:14:00,1.068,0.270,243.710,4.400,0.000,0.000,1.0
2010-09-11,00:15:00,1.236,0.268,243.880,5.200,0.000,0.000,1.0
2010-09-11,00:16:00,1.106,0.272,244.330,4.600,0.000,0.000,0.0
2010-09-11,00:17:00,1.056,0.272,244.020,4.400,0.000,0.000,1.0
2010-09-11,00:18:00,1.170,0.270,244.140,4.800,0.000,0.000,1.0
2010-09-11,00:19:00,1.144,0.270,243.790,4.800,0.000,0.000,0.0
2010-09-11,00:20:00,1.032,0.272,243.940,4.400,0.000,0.000,1.0
2010-09-11,00:21:00,0.920,0.274,243.930,3.800,0.000,0.000,1.0
2010-09-11,00:22:00,0.920,0.274,243.990,3.800,0.000,0.000,0.0
2010-09-11,00:23:00,0.918,0.274,243.870,3.800,0.000,0.000,1.0
2010-09-11,00:24:00,0.918,0.272,243.840,3.800,0.000,0.000,1.0
2010-09-11,00:25:00,1.030,0.268,243.290,4.400,0.000,0.000,0.0
2010-09-11,00:26:00,1.106,0.266,243.130,4.600,0.000,0.000,1.0
2010-09-11,00:27:00,1.106,0.266,243.230,4.600,0.000,0.000,1.0
2010-09-11,00:28:00,1.108,0.268,243.510,4.600,0.000,0.000,0.0
2010-09-11,00:29:00,1.110,0.268,243.590,4.600,0.000,0.000,1.0
2010-09-11,00:30:00,1.108,0.268,243.410,4.600,0.000,0.000,1.0
2010-09-11,00:31:00,1.108,0.268,243.500,4.600,0.000,0.000,0.0
2010-09-11,00:32:00,1.196,0.366,243.090,5.200,0.000,0.000,1.0
2010-09-11,00:33:00,1.184,0.370,243.190,5.000,0.000,0.000,1.0
2010-09-11,00:34:00,1.262,0.368,243.040,5.400,0.000,0.000,0.0
2010-09-11,00:35:00,1.186,0.374,243.570,5.000,0.000,0.000,1.0
2010-09-11,00:36:00,1.186,0.374,243.700,5.000,0.000,0.000,1.0
2010-09-11,00:37:00,1.184,0.374,243.720,5.000,0.000,0.000,0.0
2010-09-11,00:38:00,0.990,0.374,243.590,4.400,0.000,0.000,1.0
2010-09-11,00:39:00,0.892,0.374,243.620,4.000,0.000,0.000,1.0
2010-09-11,00:40:00,0.890,0.368,242.980,4.000,0.000,0.000,0.0
2010-09-11,00:41:00,0.886,0.370,243.100,3.800,0.000,0.000,1.0
2010-09-11,00:42:00,0.870,0.334,243.400,3.800,0.000,0.000,1.0
2010-09-11,00:43:00,0.834,0.268,243.420,3.600,0.000,0.000,0.0
2010-09-11,00:44:00,0.828,0.268,243.220,3.600,0.000,0.000,1.0
2010-09-11,00:45:00,0.826,0.266,242.920,3.600,0.000,0.000,0.0
2010-09-11,00:46:00,0.824,0.266,242.970,3.600,0.000,0.000,1.0
2010-09-11,00:47:00,0.818,0.266,242.860,3.600,0.000,0.000,1.0
2010-09-11,00:48:00,0.818,0.264,242.610,3.600,0.000,0.000,0.0
2010-09-11,00:49:00,0.818,0.262,242.280,3.600,0.000,0.000,1.0
2010-09-11,00:50:00,0.760,0.260,241.720,3.400,0.000,0.000,1.0
2010-09-11,00:51:00,0.628,0.258,241.420,2.800,0.000,0.000,0.0
2010-09-11,00:52:00,0.628,0.260,241.440,2.800,0.000,0.000,1.0
2010-09-11,00:53:00,0.630,0.262,241.520,2.800,0.000,0.000,1.0
2010-09-11,00:54:00,0.666,0.262,241.850,3.000,0.000,0.000,0.0
2010-09-11,00:55:00,0.614,0.264,241.870,2.800,0.000,0.000,1.0
2010-09-11,00:56:00,0.496,0.116,242.170,2.200,0.000,0.000,1.0
2010-09-11,00:57:00,0.686,0.084,241.910,3.000,0.000,0.000,0.0
2010-09-11,00:58:00,0.648,0.108,242.060,2.800,0.000,0.000,1.0
2010-09-11,00:59:00,0.496,0.104,242.000,2.200,0.000,0.000,1.0
2010-09-11,01:00:00,0.448,0.184,241.790,2.200,0.000,0.000,0.0
2010-09-11,01:01:00,0.472,0.232,242.370,2.200,0.000,1.000,1.0
2010-09-11,01:02:00,0.470,0.234,242.770,2.200,0.000,2.000,0.0
2010-09-11,01:03:00,0.468,0.234,242.880,2.200,0.000,2.000,1.0
2010-09-11,01:04:00,0.468,0.232,242.430,2.200,0.000,1.000,1.0
2010-09-11,01:05:00,0.466,0.230,242.180,2.200,0.000,2.000,0.0
2010-09-11,01:06:00,0.468,0.232,242.230,2.200,0.000,1.000,1.0
2010-09-11,01:07:00,0.524,0.272,242.460,2.600,0.000,2.000,1.0
2010-09-11,01:08:00,0.462,0.202,242.590,2.000,0.000,1.000,0.0
2010-09-11,01:09:00,0.460,0.202,242.610,2.000,0.000,2.000,1.0
2010-09-11,01:10:00,0.458,0.202,242.380,2.000,0.000,1.000,1.0
2010-09-11,01:11:00,0.454,0.200,242.160,2.000,0.000,1.000,0.0
2010-09-11,01:12:00,0.452,0.200,242.290,2.000,0.000,2.000,1.0
2010-09-11,01:13:00,0.448,0.200,242.270,2.000,0.000,1.000,1.0
2010-09-11,01:14:00,0.446,0.200,241.930,2.000,0.000,2.000,0.0
2010-09-11,01:15:00,0.444,0.200,242.130,2.000,0.000,1.000,1.0
2010-09-11,01:16:00,0.444,0.202,242.300,2.000,0.000,1.000,1.0
2010-09-11,01:17:00,0.438,0.170,242.100,2.000,0.000,2.000,0.0
2010-09-11,01:18:00,0.478,0.230,242.120,2.200,0.000,1.000,1.0
2010-09-11,01:19:00,0.470,0.228,241.600,2.200,0.000,1.000,1.0
2010-09-11,01:20:00,0.468,0.230,241.910,2.200,0.000,1.000,0.0
2010-09-11,01:21:00,0.778,0.354,241.740,3.800,0.000,2.000,5.0
2010-09-11,01:22:00,1.090,0.474,241.710,4.800,0.000,1.000,11.0
2010-09-11,01:23:00,1.116,0.472,241.470,5.000,0.000,1.000,12.0
2010-09-11,01:24:00,1.138,0.468,241.250,5.000,0.000,1.000,12.0
2010-09-11,01:25:00,1.144,0.472,241.780,5.000,0.000,2.000,12.0
2010-09-11,01:26:00,0.922,0.396,242.260,4.400,0.000,1.000,10.0
2010-09-11,01:27:00,0.452,0.234,242.720,2.000,0.000,1.000,0.0
2010-09-11,01:28:00,0.452,0.234,242.690,2.000,0.000,1.000,1.0
2010-09-11,01:29:00,0.450,0.232,242.440,2.000,0.000,2.000,1.0
2010-09-11,01:30:00,0.450,0.232,242.110,2.000,0.000,1.000,0.0
2010-09-11,01:31:00,0.450,0.232,242.310,2.000,0.000,1.000,1.0
2010-09-11,01:32:00,0.450,0.232,242.410,2.000,0.000,1.000,1.0
2010-09-11,01:33:00,0.452,0.234,243.000,2.000,0.000,2.000,0.0
2010-09-11,01:34:00,0.450,0.234,242.880,2.000,0.000,1.000,1.0
2010-09-11,01:35:00,0.450,0.234,242.900,2.000,0.000,1.000,1.0
2010-09-11,01:36:00,0.448,0.232,242.330,2.000,0.000,1.000,0.0
2010-09-11,01:37:00,0.448,0.232,242.370,2.000,0.000,1.000,1.0
2010-09-11,01:38:00,0.448,0.232,242.450,2.000,0.000,2.000,1.0
2010-09-11,01:39:00,0.450,0.234,242.650,2.000,0.000,1.000,0.0
2010-09-11,01:40:00,0.450,0.234,242.620,2.000,0.000,1.000,1.0
2010-09-11,01:41:00,0.450,0.234,242.740,2.000,0.000,1.000,1.0
2010-09-11,01:42:00,0.430,0.248,242.700,2.200,0.000,1.000,0.0
2010-09-11,01:43:00,0.364,0.188,242.880,1.600,0.000,0.000,1.0
2010-09-11,01:44:00,0.364,0.188,242.930,1.600,0.000,0.000,0.0
2010-09-11,01:45:00,0.364,0.188,242.800,1.600,0.000,0.000,1.0
2010-09-11,01:46:00,0.362,0.190,243.080,1.600,0.000,0.000,1.0
2010-09-11,01:47:00,0.314,0.118,243.720,1.400,0.000,0.000,0.0
2010-09-11,01:48:00,0.270,0.056,243.610,1.200,0.000,0.000,1.0
2010-09-11,01:49:00,0.264,0.056,242.850,1.200,0.000,0.000,1.0
2010-09-11,01:50:00,0.258,0.056,242.670,1.200,0.000,0.000,0.0
2010-09-11,01:51:00,0.256,0.050,241.470,1.200,0.000,0.000,1.0
2010-09-11,01:52:00,0.234,0.000,241.930,1.000,0.000,0.000,1.0
2010-09-11,01:53:00,0.184,0.050,242.100,0.800,0.000,0.000,0.0
2010-09-11,01:54:00,0.184,0.050,242.170,0.800,0.000,0.000,1.0
2010-09-11,01:55:00,0.182,0.050,241.740,0.800,0.000,0.000,1.0
2010-09-11,01:56:00,0.182,0.050,241.450,0.800,0.000,0.000,0.0
2010-09-11,01:57:00,0.224,0.000,241.140,1.200,0.000,0.000,1.0
2010-09-11,01:58:00,0.292,0.080,241.260,1.200,0.000,0.000,1.0
2010-09-11,01:59:00,0.288,0.082,241.550,1.200,0.000,0.000,0.0
2010-09-11,02:00:00,0.284,0.082,241.590,1.200,0.000,0.000,1.0
2010-09-11,02:01:00,0.282,0.082,241.650,1.200,0.000,0.000,1.0
2010-09-11,02:02:00,0.282,0.080,241.400,1.200,0.000,0.000,0.0
2010-09-11,02:03:00,0.280,0.082,241.570,1.200,0.000,0.000,1.0
2010-09-11,02:04:00,0.280,0.082,241.490,1.200,0.000,0.000,0.0
2010-09-11,02:05:00,0.278,0.078,240.720,1.200,0.000,0.000,1.0
2010-09-11,02:06:00,0.278,0.078,240.830,1.200,0.000,0.000,1.0
2010-09-11,02:07:00,0.278,0.080,240.990,1.200,0.000,0.000,0.0
2010-09-11,02:08:00,0.276,0.078,240.310,1.200,0.000,0.000,1.0
2010-09-11,02:09:00,0.274,0.076,239.960,1.200,0.000,0.000,1.0
2010-09-11,02:10:00,0.274,0.076,239.960,1.200,0.000,0.000,0.0
2010-09-11,02:11:00,0.274,0.076,240.030,1.200,0.000,0.000,1.0
2010-09-11,02:12:00,0.274,0.078,240.770,1.200,0.000,0.000,1.0
2010-09-11,02:13:00,0.274,0.080,241.180,1.200,0.000,0.000,0.0
2010-09-11,02:14:00,0.272,0.080,240.610,1.200,0.000,0.000,1.0
2010-09-11,02:15:00,0.270,0.078,240.480,1.200,0.000,0.000,1.0
2010-09-11,02:16:00,0.270,0.080,240.710,1.200,0.000,0.000,0.0
2010-09-11,02:17:00,0.270,0.080,241.210,1.200,0.000,0.000,1.0
2010-09-11,02:18:00,0.360,0.180,241.370,1.800,0.000,0.000,0.0
2010-09-11,02:19:00,0.346,0.182,241.210,1.600,0.000,0.000,1.0
2010-09-11,02:20:00,0.346,0.182,241.080,1.600,0.000,0.000,1.0
2010-09-11,02:21:00,0.332,0.164,240.960,1.600,0.000,0.000,0.0
2010-09-11,02:22:00,0.252,0.050,240.950,1.000,0.000,0.000,1.0
2010-09-11,02:23:00,0.250,0.050,241.120,1.000,0.000,0.000,1.0
2010-09-11,02:24:00,0.248,0.050,241.150,1.000,0.000,0.000,0.0
2010-09-11,02:25:00,0.246,0.050,241.170,1.000,0.000,0.000,1.0
2010-09-11,02:26:00,0.244,0.050,240.630,1.000,0.000,0.000,1.0
2010-09-11,02:27:00,0.240,0.046,240.450,1.000,0.000,0.000,0.0
2010-09-11,02:28:00,0.170,0.052,240.350,0.800,0.000,0.000,1.0
2010-09-11,02:29:00,0.170,0.052,240.490,0.800,0.000,0.000,0.0
2010-09-11,02:30:00,0.170,0.052,240.660,0.800,0.000,0.000,1.0
2010-09-11,02:31:00,0.170,0.050,241.040,0.800,0.000,0.000,1.0
2010-09-11,02:32:00,0.280,0.072,240.900,1.200,0.000,0.000,0.0
2010-09-11,02:33:00,0.274,0.080,240.910,1.200,0.000,0.000,1.0
2010-09-11,02:34:00,0.270,0.078,240.600,1.200,0.000,0.000,1.0
2010-09-11,02:35:00,0.268,0.080,240.810,1.200,0.000,0.000,0.0
2010-09-11,02:36:00,0.266,0.080,240.910,1.200,0.000,0.000,1.0
2010-09-11,02:37:00,0.266,0.080,241.050,1.200,0.000,0.000,1.0
2010-09-11,02:38:00,0.266,0.084,242.470,1.200,0.000,0.000,0.0
2010-09-11,02:39:00,0.266,0.084,242.470,1.200,0.000,0.000,1.0
2010-09-11,02:40:00,0.706,0.256,241.530,3.400,0.000,0.000,7.0
2010-09-11,02:41:00,0.900,0.324,241.370,4.000,0.000,0.000,11.0
2010-09-11,02:42:00,0.928,0.322,241.240,4.000,0.000,0.000,12.0
2010-09-11,02:43:00,1.036,0.420,241.230,4.600,0.000,1.000,12.0
2010-09-11,02:44:00,1.044,0.446,241.490,4.600,0.000,1.000,12.0
2010-09-11,02:45:00,0.672,0.318,242.140,3.400,0.000,2.000,7.0
2010-09-11,02:46:00,0.354,0.208,242.390,1.600,0.000,1.000,1.0
2010-09-11,02:47:00,0.354,0.210,242.760,1.600,0.000,2.000,1.0
2010-09-11,02:48:00,0.352,0.210,242.890,1.600,0.000,1.000,0.0
2010-09-11,02:49:00,0.350,0.210,242.750,1.600,0.000,2.000,1.0
2010-09-11,02:50:00,0.350,0.208,242.510,1.600,0.000,1.000,0.0
2010-09-11,02:51:00,0.348,0.210,242.760,1.600,0.000,2.000,1.0
2010-09-11,02:52:00,0.348,0.210,242.900,1.600,0.000,1.000,1.0
2010-09-11,02:53:00,0.314,0.160,242.670,1.400,0.000,2.000,0.0
2010-09-11,02:54:00,0.344,0.174,242.540,1.600,0.000,1.000,1.0
2010-09-11,02:55:00,0.328,0.174,242.010,1.600,0.000,2.000,1.0
2010-09-11,02:56:00,0.328,0.174,241.950,1.600,0.000,1.000,0.0
2010-09-11,02:57:00,0.326,0.178,242.780,1.400,0.000,1.000,1.0
2010-09-11,02:58:00,0.326,0.178,242.990,1.400,0.000,2.000,1.0
2010-09-11,02:59:00,0.322,0.178,242.810,1.400,0.000,1.000,0.0
2010-09-11,03:00:00,0.320,0.176,242.460,1.400,0.000,1.000,1.0
2010-09-11,03:01:00,0.318,0.176,242.530,1.400,0.000,2.000,1.0
2010-09-11,03:02:00,0.314,0.176,242.300,1.400,0.000,1.000,0.0
2010-09-11,03:03:00,0.300,0.140,242.420,1.400,0.000,1.000,1.0
2010-09-11,03:04:00,0.350,0.208,242.630,1.600,0.000,1.000,1.0
2010-09-11,03:05:00,0.346,0.208,242.780,1.600,0.000,2.000,0.0
2010-09-11,03:06:00,0.342,0.208,242.630,1.600,0.000,1.000,1.0
2010-09-11,03:07:00,0.340,0.208,242.720,1.600,0.000,1.000,1.0
2010-09-11,03:08:00,0.338,0.208,242.760,1.600,0.000,1.000,0.0
2010-09-11,03:09:00,0.336,0.208,242.700,1.600,0.000,2.000,1.0
2010-09-11,03:10:00,0.334,0.208,243.050,1.600,0.000,1.000,1.0
2010-09-11,03:11:00,0.332,0.208,243.110,1.600,0.000,1.000,0.0
2010-09-11,03:12:00,0.332,0.210,243.240,1.600,0.000,1.000,1.0
2010-09-11,03:13:00,0.332,0.208,243.000,1.600,0.000,2.000,0.0
2010-09-11,03:14:00,0.332,0.208,242.980,1.600,0.000,1.000,1.0
2010-09-11,03:15:00,0.332,0.208,242.950,1.600,0.000,1.000,1.0
2010-09-11,03:16:00,0.332,0.210,243.290,1.600,0.000,1.000,0.0
2010-09-11,03:17:00,0.332,0.210,243.360,1.600,0.000,2.000,1.0
2010-09-11,03:18:00,0.330,0.210,243.250,1.600,0.000,1.000,1.0
2010-09-11,03:19:00,0.330,0.208,242.650,1.600,0.000,1.000,0.0
2010-09-11,03:20:00,0.330,0.206,242.520,1.600,0.000,1.000,1.0
2010-09-11,03:21:00,0.328,0.206,242.440,1.600,0.000,1.000,1.0
2010-09-11,03:22:00,0.330,0.208,242.900,1.600,0.000,2.000,0.0
2010-09-11,03:23:00,0.330,0.208,243.030,1.600,0.000,1.000,1.0
2010-09-11,03:24:00,0.196,0.000,243.090,0.800,0.000,0.000,1.0
2010-09-11,03:25:00,0.162,0.048,242.520,0.800,0.000,0.000,0.0
2010-09-11,03:26:00,0.162,0.048,242.570,0.800,0.000,0.000,1.0
2010-09-11,03:27:00,0.162,0.048,242.660,0.800,0.000,0.000,1.0
2010-09-11,03:28:00,0.162,0.048,242.830,0.800,0.000,0.000,0.0
2010-09-11,03:29:00,0.206,0.000,242.660,1.000,0.000,0.000,1.0
2010-09-11,03:30:00,0.240,0.054,242.910,1.000,0.000,0.000,1.0
2010-09-11,03:31:00,0.242,0.054,242.870,1.000,0.000,0.000,0.0
2010-09-11,03:32:00,0.240,0.054,242.740,1.000,0.000,0.000,1.0
2010-09-11,03:33:00,0.240,0.054,242.740,1.000,0.000,0.000,1.0
2010-09-11,03:34:00,0.270,0.080,242.690,1.200,0.000,0.000,0.0
2010-09-11,03:35:00,0.344,0.188,242.740,1.600,0.000,0.000,1.0
2010-09-11,03:36:00,0.340,0.188,242.760,1.600,0.000,0.000,0.0
2010-09-11,03:37:00,0.336,0.190,242.880,1.600,0.000,0.000,1.0
2010-09-11,03:38:00,0.332,0.188,242.440,1.600,0.000,0.000,1.0
2010-09-11,03:39:00,0.262,0.086,242.150,1.200,0.000,0.000,0.0
2010-09-11,03:40:00,0.258,0.084,242.150,1.200,0.000,0.000,1.0
2010-09-11,03:41:00,0.258,0.084,242.280,1.200,0.000,0.000,1.0
2010-09-11,03:42:00,0.258,0.084,242.650,1.200,0.000,0.000,0.0
2010-09-11,03:43:00,0.258,0.086,243.190,1.200,0.000,0.000,1.0
2010-09-11,03:44:00,0.258,0.084,242.680,1.200,0.000,0.000,1.0
2010-09-11,03:45:00,0.256,0.084,242.310,1.000,0.000,0.000,0.0
2010-09-11,03:46:00,0.256,0.084,242.600,1.000,0.000,0.000,1.0
2010-09-11,03:47:00,0.258,0.084,242.970,1.000,0.000,0.000,1.0
2010-09-11,03:48:00,0.258,0.086,243.320,1.200,0.000,0.000,0.0
2010-09-11,03:49:00,0.258,0.086,243.270,1.200,0.000,0.000,1.0
2010-09-11,03:50:00,0.256,0.086,243.030,1.000,0.000,0.000,1.0
2010-09-11,03:51:00,0.256,0.086,242.850,1.000,0.000,0.000,0.0
2010-09-11,03:52:00,0.256,0.086,243.060,1.000,0.000,0.000,1.0
2010-09-11,03:53:00,0.256,0.084,242.690,1.000,0.000,0.000,1.0
2010-09-11,03:54:00,0.200,0.000,242.610,0.800,0.000,0.000,0.0
2010-09-11,03:55:00,0.162,0.048,242.850,0.800,0.000,0.000,1.0
2010-09-11,03:56:00,0.162,0.048,242.850,0.800,0.000,0.000,0.0
2010-09-11,03:57:00,0.162,0.050,242.480,0.800,0.000,0.000,1.0
2010-09-11,03:58:00,0.162,0.050,242.560,0.800,0.000,0.000,1.0
2010-09-11,03:59:00,0.160,0.050,242.530,0.800,0.000,0.000,0.0
2010-09-11,04:00:00,0.162,0.050,242.700,0.800,0.000,0.000,1.0
2010-09-11,04:01:00,0.162,0.048,242.980,0.800,0.000,0.000,1.0
2010-09-11,04:02:00,0.594,0.122,242.610,2.800,0.000,0.000,7.0
2010-09-11,04:03:00,0.800,0.196,242.220,3.400,0.000,0.000,11.0
2010-09-11,04:04:00,0.830,0.196,242.310,3.400,0.000,0.000,12.0
2010-09-11,04:05:00,1.050,0.422,242.110,4.600,0.000,0.000,12.0
2010-09-11,04:06:00,1.034,0.430,241.860,4.600,0.000,0.000,12.0
2010-09-11,04:07:00,0.542,0.260,242.680,2.800,0.000,0.000,5.0
2010-09-11,04:08:00,0.340,0.190,243.260,1.600,0.000,0.000,1.0
2010-09-11,04:09:00,0.338,0.192,243.510,1.600,0.000,0.000,0.0
2010-09-11,04:10:00,0.334,0.190,243.150,1.600,0.000,0.000,1.0
2010-09-11,04:11:00,0.334,0.192,243.490,1.600,0.000,0.000,1.0
2010-09-11,04:12:00,0.332,0.192,243.570,1.600,0.000,0.000,0.0
2010-09-11,04:13:00,0.330,0.194,243.800,1.600,0.000,0.000,1.0
2010-09-11,04:14:00,0.290,0.136,244.140,1.400,0.000,0.000,0.0
2010-09-11,04:15:00,0.260,0.090,244.310,1.200,0.000,0.000,1.0
2010-09-11,04:16:00,0.260,0.088,243.990,1.200,0.000,0.000,1.0
2010-09-11,04:17:00,0.258,0.088,243.800,1.200,0.000,0.000,0.0
2010-09-11,04:18:00,0.258,0.086,243.040,1.200,0.000,0.000,1.0
2010-09-11,04:19:00,0.258,0.086,242.790,1.200,0.000,0.000,1.0
2010-09-11,04:20:00,0.256,0.086,242.810,1.000,0.000,0.000,0.0
2010-09-11,04:21:00,0.256,0.086,243.030,1.000,0.000,0.000,1.0
2010-09-11,04:22:00,0.256,0.086,243.210,1.000,0.000,0.000,1.0
2010-09-11,04:23:00,0.186,0.000,243.440,0.800,0.000,0.000,0.0
2010-09-11,04:24:00,0.162,0.048,243.440,0.800,0.000,0.000,1.0
2010-09-11,04:25:00,0.162,0.048,243.480,0.800,0.000,0.000,1.0
2010-09-11,04:26:00,0.162,0.048,243.730,0.800,0.000,0.000,0.0
2010-09-11,04:27:00,0.162,0.048,244.160,0.800,0.000,0.000,1.0
2010-09-11,04:28:00,0.210,0.000,244.080,1.000,0.000,0.000,1.0
2010-09-11,04:29:00,0.258,0.074,243.680,1.000,0.000,1.000,0.0
2010-09-11,04:30:00,0.256,0.074,243.190,1.000,0.000,2.000,1.0
2010-09-11,04:31:00,0.256,0.074,243.260,1.000,0.000,1.000,1.0
2010-09-11,04:32:00,0.254,0.074,243.090,1.000,0.000,2.000,0.0
2010-09-11,04:33:00,0.254,0.074,243.200,1.000,0.000,1.000,1.0
2010-09-11,04:34:00,0.374,0.212,243.260,1.800,0.000,2.000,1.0
2010-09-11,04:35:00,0.356,0.210,243.000,1.600,0.000,1.000,0.0
2010-09-11,04:36:00,0.352,0.208,242.890,1.600,0.000,2.000,1.0
2010-09-11,04:37:00,0.350,0.210,243.130,1.600,0.000,1.000,1.0
2010-09-11,04:38:00,0.348,0.210,243.040,1.600,0.000,2.000,0.0
2010-09-11,04:39:00,0.346,0.210,243.060,1.600,0.000,1.000,1.0
2010-09-11,04:40:00,0.374,0.232,243.480,1.800,0.000,1.000,1.0
2010-09-11,04:41:00,0.420,0.318,243.600,2.200,0.000,2.000,0.0
2010-09-11,04:42:00,0.418,0.316,243.340,2.000,0.000,1.000,1.0
2010-09-11,04:43:00,0.416,0.316,243.210,2.000,0.000,1.000,0.0
2010-09-11,04:44:00,0.412,0.314,242.910,2.000,0.000,2.000,1.0
2010-09-11,04:45:00,0.410,0.312,242.680,2.000,0.000,1.000,1.0
2010-09-11,04:46:00,0.410,0.314,242.990,2.000,0.000,1.000,0.0
2010-09-11,04:47:00,0.408,0.316,243.420,2.000,0.000,2.000,1.0
2010-09-11,04:48:00,0.406,0.314,243.010,2.000,0.000,1.000,1.0
2010-09-11,04:49:00,0.402,0.312,242.630,2.000,0.000,1.000,0.0
2010-09-11,04:50:00,0.350,0.234,242.620,1.800,0.000,2.000,1.0
2010-09-11,04:51:00,0.254,0.094,242.850,1.200,0.000,1.000,1.0
2010-09-11,04:52:00,0.238,0.072,242.550,1.000,0.000,1.000,0.0
2010-09-11,04:53:00,0.238,0.072,242.780,1.000,0.000,1.000,1.0
2010-09-11,04:54:00,0.240,0.074,243.290,1.000,0.000,2.000,1.0
2010-09-11,04:55:00,0.238,0.072,243.160,1.000,0.000,1.000,0.0
2010-09-11,04:56:00,0.238,0.074,243.440,1.000,0.000,1.000,1.0
2010-09-11,04:57:00,0.238,0.072,243.330,1.000,0.000,1.000,1.0
2010-09-11,04:58:00,0.238,0.072,243.040,1.000,0.000,1.000,0.0
2010-09-11,04:59:00,0.238,0.072,243.400,1.000,0.000,2.000,1.0
2010-09-11,05:00:00,0.238,0.072,243.380,1.000,0.000,1.000,1.0
2010-09-11,05:01:00,0.250,0.076,242.750,1.200,0.000,1.000,0.0
2010-09-11,05:02:00,0.346,0.206,242.650,1.600,0.000,1.000,1.0
2010-09-11,05:03:00,0.340,0.206,242.520,1.600,0.000,2.000,1.0
2010-09-11,05:04:00,0.336,0.206,242.410,1.600,0.000,1.000,0.0
2010-09-11,05:05:00,0.282,0.118,242.610,1.200,0.000,0.000,1.0
2010-09-11,05:06:00,0.262,0.088,243.740,1.200,0.000,0.000,1.0
2010-09-11,05:07:00,0.260,0.086,243.490,1.200,0.000,0.000,0.0
2010-09-11,05:08:00,0.260,0.086,243.330,1.200,0.000,0.000,1.0
2010-09-11,05:09:00,0.258,0.086,243.310,1.200,0.000,0.000,0.0
2010-09-11,05:10:00,0.258,0.086,243.450,1.200,0.000,0.000,1.0
2010-09-11,05:11:00,0.258,0.086,243.270,1.000,0.000,0.000,1.0
2010-09-11,05:12:00,0.258,0.086,243.440,1.200,0.000,0.000,0.0
2010-09-11,05:13:00,0.258,0.086,243.460,1.000,0.000,0.000,1.0
2010-09-11,05:14:00,0.258,0.086,243.150,1.000,0.000,0.000,1.0
2010-09-11,05:15:00,0.256,0.086,243.210,1.000,0.000,0.000,0.0
2010-09-11,05:16:00,0.258,0.086,243.370,1.000,0.000,0.000,1.0
2010-09-11,05:17:00,0.330,0.162,242.930,1.600,0.000,0.000,1.0
2010-09-11,05:18:00,0.288,0.122,242.800,1.200,0.000,0.000,0.0
2010-09-11,05:19:00,0.240,0.054,242.710,1.000,0.000,0.000,1.0
2010-09-11,05:20:00,0.240,0.052,242.450,1.000,0.000,0.000,1.0
2010-09-11,05:21:00,0.238,0.052,242.610,1.000,0.000,0.000,0.0
2010-09-11,05:22:00,0.238,0.052,242.590,1.000,0.000,0.000,1.0
2010-09-11,05:23:00,0.236,0.052,242.580,1.000,0.000,0.000,1.0
2010-09-11,05:24:00,0.860,0.300,241.810,3.800,0.000,0.000,10.0
2010-09-11,05:25:00,0.876,0.300,242.030,3.800,0.000,0.000,11.0
2010-09-11,05:26:00,0.880,0.258,242.060,3.800,0.000,0.000,12.0
2010-09-11,05:27:00,0.850,0.190,241.840,3.600,0.000,0.000,12.0
2010-09-11,05:28:00,0.800,0.170,241.930,3.400,0.000,0.000,12.0
2010-09-11,05:29:00,0.222,0.000,242.540,1.000,0.000,0.000,1.0
2010-09-11,05:30:00,0.270,0.084,242.510,1.200,0.000,0.000,1.0
2010-09-11,05:31:00,0.266,0.086,242.820,1.200,0.000,0.000,0.0
2010-09-11,05:32:00,0.264,0.084,242.780,1.200,0.000,0.000,1.0
2010-09-11,05:33:00,0.260,0.084,242.380,1.200,0.000,0.000,1.0
2010-09-11,05:34:00,0.260,0.084,242.470,1.200,0.000,0.000,0.0
2010-09-11,05:35:00,0.258,0.084,242.230,1.200,0.000,0.000,1.0
2010-09-11,05:36:00,0.258,0.084,242.220,1.000,0.000,0.000,1.0
2010-09-11,05:37:00,0.256,0.084,242.280,1.000,0.000,0.000,0.0
2010-09-11,05:38:00,0.258,0.084,242.790,1.000,0.000,0.000,1.0
2010-09-11,05:39:00,0.256,0.084,242.340,1.000,0.000,0.000,0.0
2010-09-11,05:40:00,0.256,0.084,242.190,1.000,0.000,0.000,1.0
2010-09-11,05:41:00,0.256,0.084,242.330,1.000,0.000,0.000,1.0
2010-09-11,05:42:00,0.256,0.084,242.340,1.000,0.000,0.000,0.0
2010-09-11,05:43:00,0.256,0.084,242.350,1.000,0.000,0.000,1.0
2010-09-11,05:44:00,0.256,0.084,242.560,1.000,0.000,0.000,1.0
2010-09-11,05:45:00,0.214,0.000,242.550,1.000,0.000,0.000,0.0
2010-09-11,05:46:00,0.160,0.050,242.020,0.800,0.000,0.000,1.0
2010-09-11,05:47:00,0.160,0.050,242.240,0.800,0.000,0.000,1.0
2010-09-11,05:48:00,0.160,0.050,242.690,0.800,0.000,0.000,0.0
2010-09-11,05:49:00,0.162,0.050,242.930,0.800,0.000,0.000,1.0
2010-09-11,05:50:00,0.162,0.050,242.870,0.800,0.000,0.000,1.0
2010-09-11,05:51:00,0.162,0.050,242.940,0.800,0.000,0.000,0.0
2010-09-11,05:52:00,0.162,0.050,242.670,0.800,0.000,0.000,1.0
2010-09-11,05:53:00,0.198,0.000,242.810,1.000,0.000,0.000,1.0
2010-09-11,05:54:00,0.240,0.054,242.510,1.000,0.000,0.000,0.0
2010-09-11,05:55:00,0.240,0.054,242.800,1.000,0.000,0.000,1.0
2010-09-11,05:56:00,0.286,0.098,242.960,1.400,0.000,0.000,1.0
2010-09-11,05:57:00,0.348,0.190,243.120,1.600,0.000,0.000,0.0
2010-09-11,05:58:00,0.342,0.190,243.000,1.600,0.000,0.000,1.0
2010-09-11,05:59:00,0.338,0.190,242.700,1.600,0.000,0.000,0.0
2010-09-11,06:00:00,0.334,0.188,242.360,1.600,0.000,0.000,1.0
2010-09-11,06:01:00,0.330,0.186,242.010,1.600,0.000,0.000,1.0
2010-09-11,06:02:00,0.316,0.166,241.850,1.400,0.000,0.000,0.0
2010-09-11,06:03:00,0.258,0.082,241.870,1.000,0.000,0.000,1.0
2010-09-11,06:04:00,0.256,0.084,242.110,1.000,0.000,0.000,1.0
2010-09-11,06:05:00,0.256,0.082,241.890,1.000,0.000,0.000,0.0
2010-09-11,06:06:00,0.256,0.082,241.870,1.000,0.000,0.000,1.0
2010-09-11,06:07:00,0.256,0.082,241.760,1.000,0.000,0.000,1.0
2010-09-11,06:08:00,0.256,0.084,241.880,1.000,0.000,0.000,0.0
2010-09-11,06:09:00,0.256,0.082,241.710,1.000,0.000,0.000,1.0
2010-09-11,06:10:00,0.254,0.082,241.780,1.000,0.000,0.000,1.0
2010-09-11,06:11:00,0.256,0.084,242.280,1.000,0.000,0.000,0.0
2010-09-11,06:12:00,0.202,0.000,242.440,1.000,0.000,0.000,1.0
2010-09-11,06:13:00,0.160,0.050,242.430,0.800,0.000,0.000,1.0
2010-09-11,06:14:00,0.246,0.000,242.600,1.200,0.000,0.000,0.0
2010-09-11,06:15:00,0.254,0.072,242.460,1.000,0.000,2.000,1.0
2010-09-11,06:16:00,0.254,0.072,242.000,1.000,0.000,1.000,0.0
2010-09-11,06:17:00,0.272,0.094,242.150,1.200,0.000,2.000,1.0
2010-09-11,06:18:00,0.252,0.070,241.700,1.000,0.000,1.000,1.0
2010-09-11,06:19:00,0.252,0.070,241.540,1.000,0.000,2.000,0.0
2010-09-11,06:20:00,0.250,0.070,241.270,1.000,0.000,1.000,1.0
2010-09-11,06:21:00,0.250,0.068,241.180,1.000,0.000,2.000,1.0
2010-09-11,06:22:00,0.250,0.068,241.270,1.000,0.000,1.000,0.0
2010-09-11,06:23:00,0.294,0.114,241.660,1.400,0.000,2.000,1.0
2010-09-11,06:24:00,0.354,0.202,241.370,1.600,0.000,1.000,1.0
2010-09-11,06:25:00,0.348,0.202,241.140,1.600,0.000,1.000,0.0
2010-09-11,06:26:00,0.346,0.202,241.210,1.600,0.000,2.000,1.0
2010-09-11,06:27:00,0.342,0.202,241.440,1.600,0.000,1.000,1.0
2010-09-11,06:28:00,0.340,0.202,241.400,1.600,0.000,2.000,0.0
2010-09-11,06:29:00,0.336,0.202,241.350,1.600,0.000,1.000,1.0
2010-09-11,06:30:00,0.390,0.256,241.730,2.000,0.000,1.000,1.0
2010-09-11,06:31:00,0.410,0.304,240.920,2.000,0.000,2.000,0.0
2010-09-11,06:32:00,0.410,0.304,241.110,2.000,0.000,1.000,1.0
2010-09-11,06:33:00,0.408,0.306,241.320,2.000,0.000,1.000,0.0
2010-09-11,06:34:00,0.406,0.304,240.920,2.000,0.000,1.000,1.0
2010-09-11,06:35:00,0.404,0.304,240.880,2.000,0.000,2.000,1.0
2010-09-11,06:36:00,0.402,0.304,241.040,2.000,0.000,1.000,0.0
2010-09-11,06:37:00,0.400,0.304,240.990,2.000,0.000,1.000,1.0
2010-09-11,06:38:00,0.398,0.302,240.880,2.000,0.000,1.000,1.0
2010-09-11,06:39:00,0.366,0.156,240.870,1.600,0.000,2.000,0.0
2010-09-11,06:40:00,0.488,0.062,240.860,2.000,0.000,1.000,1.0
2010-09-11,06:41:00,0.384,0.064,241.130,1.600,0.000,1.000,1.0
2010-09-11,06:42:00,1.342,0.054,240.490,5.600,0.000,1.000,15.0
2010-09-11,06:43:00,1.442,0.052,240.270,6.000,0.000,2.000,19.0
2010-09-11,06:44:00,1.424,0.052,240.040,5.800,0.000,1.000,19.0
2010-09-11,06:45:00,1.418,0.052,240.450,5.800,0.000,1.000,19.0
2010-09-11,06:46:00,1.698,0.162,240.060,7.200,0.000,1.000,22.0
2010-09-11,06:47:00,2.022,0.280,239.340,8.400,0.000,1.000,29.0
2010-09-11,06:48:00,2.030,0.248,239.440,8.400,0.000,1.000,29.0
2010-09-11,06:49:00,2.006,0.162,239.720,8.400,0.000,0.000,29.0
2010-09-11,06:50:00,2.084,0.244,239.120,8.800,0.000,0.000,30.0
2010-09-11,06:51:00,2.014,0.256,239.290,8.400,0.000,0.000,29.0
2010-09-11,06:52:00,1.430,0.064,240.190,5.800,0.000,0.000,18.0
2010-09-11,06:53:00,1.432,0.066,240.650,5.800,0.000,0.000,18.0
2010-09-11,06:54:00,1.544,0.066,240.770,6.400,0.000,0.000,19.0
2010-09-11,06:55:00,1.444,0.066,240.640,6.000,0.000,0.000,18.0
2010-09-11,06:56:00,1.646,0.070,240.280,6.800,0.000,0.000,19.0
2010-09-11,06:57:00,1.610,0.064,240.510,6.600,0.000,0.000,18.0
2010-09-11,06:58:00,1.586,0.064,240.670,6.600,0.000,0.000,18.0
2010-09-11,06:59:00,1.802,0.064,241.270,7.400,0.000,0.000,19.0
2010-09-11,07:00:00,1.562,0.068,241.400,6.400,0.000,0.000,18.0
2010-09-11,07:01:00,1.576,0.066,240.760,6.400,0.000,0.000,19.0
2010-09-11,07:02:00,1.578,0.066,240.920,6.400,0.000,0.000,18.0
2010-09-11,07:03:00,1.574,0.066,240.730,6.400,0.000,0.000,18.0
2010-09-11,07:04:00,1.574,0.066,240.650,6.400,0.000,0.000,19.0
2010-09-11,07:05:00,1.498,0.000,240.640,6.200,0.000,0.000,18.0
2010-09-11,07:06:00,1.522,0.000,240.490,6.200,0.000,0.000,19.0
2010-09-11,07:07:00,1.560,0.000,240.640,6.400,0.000,0.000,18.0
2010-09-11,07:08:00,1.566,0.000,241.120,6.400,0.000,0.000,18.0
2010-09-11,07:09:00,1.562,0.000,240.780,6.400,0.000,0.000,19.0
2010-09-11,07:10:00,1.558,0.000,240.590,6.400,0.000,0.000,18.0
2010-09-11,07:11:00,1.548,0.000,239.850,6.400,0.000,0.000,18.0
2010-09-11,07:12:00,1.546,0.000,239.810,6.400,0.000,0.000,19.0
2010-09-11,07:13:00,1.544,0.000,239.840,6.400,0.000,0.000,18.0
2010-09-11,07:14:00,1.542,0.000,239.720,6.400,0.000,0.000,18.0
2010-09-11,07:15:00,1.528,0.000,239.980,6.200,0.000,0.000,18.0
2010-09-11,07:16:00,1.508,0.000,239.110,6.200,0.000,0.000,19.0
2010-09-11,07:17:00,1.574,0.062,239.300,6.600,0.000,0.000,18.0
2010-09-11,07:18:00,1.564,0.062,238.890,6.400,0.000,0.000,18.0
2010-09-11,07:19:00,1.562,0.062,239.020,6.400,0.000,0.000,18.0
2010-09-11,07:20:00,1.568,0.064,239.730,6.400,0.000,0.000,18.0
2010-09-11,07:21:00,1.572,0.064,240.090,6.400,0.000,0.000,18.0
2010-09-11,07:22:00,1.574,0.066,240.390,6.400,0.000,0.000,19.0
2010-09-11,07:23:00,1.564,0.062,239.690,6.400,0.000,0.000,18.0
2010-09-11,07:24:00,1.566,0.064,239.940,6.400,0.000,0.000,18.0
2010-09-11,07:25:00,1.574,0.066,240.590,6.400,0.000,0.000,19.0
2010-09-11,07:26:00,1.566,0.064,239.990,6.400,0.000,0.000,18.0
2010-09-11,07:27:00,1.570,0.064,240.240,6.400,0.000,0.000,18.0
2010-09-11,07:28:00,1.576,0.066,240.730,6.400,0.000,0.000,19.0
2010-09-11,07:29:00,1.572,0.064,240.450,6.400,0.000,0.000,18.0
2010-09-11,07:30:00,1.562,0.064,239.760,6.400,0.000,0.000,18.0
2010-09-11,07:31:00,1.514,0.000,240.150,6.200,0.000,0.000,18.0
2010-09-11,07:32:00,1.478,0.066,240.220,6.000,0.000,0.000,19.0
2010-09-11,07:33:00,1.480,0.066,240.470,6.000,0.000,0.000,18.0
2010-09-11,07:34:00,1.482,0.066,240.610,6.000,0.000,0.000,18.0
2010-09-11,07:35:00,1.474,0.068,239.820,6.000,0.000,0.000,19.0
2010-09-11,07:36:00,1.478,0.068,240.280,6.000,0.000,0.000,18.0
2010-09-11,07:37:00,2.574,0.076,239.000,10.800,0.000,0.000,18.0
2010-09-11,07:38:00,2.756,0.076,238.900,11.400,0.000,0.000,18.0
2010-09-11,07:39:00,2.742,0.078,238.310,11.400,0.000,0.000,18.0
2010-09-11,07:40:00,2.578,0.076,238.480,10.800,0.000,0.000,18.0
2010-09-11,07:41:00,1.474,0.066,239.960,6.000,0.000,0.000,19.0
2010-09-11,07:42:00,1.472,0.068,239.730,6.000,0.000,0.000,18.0
2010-09-11,07:43:00,1.640,0.104,240.370,6.800,0.000,0.000,18.0
2010-09-11,07:44:00,1.662,0.168,240.650,6.800,0.000,0.000,19.0
2010-09-11,07:45:00,1.652,0.166,239.980,6.800,0.000,0.000,18.0
2010-09-11,07:46:00,1.650,0.166,239.950,6.800,0.000,0.000,18.0
2010-09-11,07:47:00,1.666,0.174,240.270,7.000,0.000,0.000,18.0
2010-09-11,07:48:00,2.260,0.392,239.300,9.600,0.000,0.000,28.0
2010-09-11,07:49:00,2.138,0.396,239.670,9.000,0.000,0.000,29.0
2010-09-11,07:50:00,2.054,0.396,239.480,8.600,0.000,0.000,30.0
2010-09-11,07:51:00,2.064,0.396,239.580,8.800,0.000,0.000,29.0
2010-09-11,07:52:00,2.032,0.342,239.390,8.600,0.000,0.000,30.0
2010-09-11,07:53:00,1.738,0.208,239.930,7.400,0.000,0.000,26.0
2010-09-11,07:54:00,1.320,0.068,240.520,5.400,0.000,0.000,18.0
2010-09-11,07:55:00,1.322,0.070,240.830,5.400,0.000,0.000,19.0
2010-09-11,07:56:00,1.326,0.070,241.190,5.400,0.000,0.000,18.0
2010-09-11,07:57:00,1.288,0.000,241.390,5.200,0.000,0.000,19.0
2010-09-11,07:58:00,1.234,0.062,241.270,5.000,0.000,0.000,18.0
2010-09-11,07:59:00,1.226,0.062,240.490,5.000,0.000,0.000,19.0
2010-09-11,08:00:00,1.220,0.064,239.760,5.000,0.000,0.000,18.0
2010-09-11,08:01:00,1.466,0.000,238.700,6.200,0.000,1.000,18.0
2010-09-11,08:02:00,1.396,0.052,238.800,5.800,0.000,1.000,18.0
2010-09-11,08:03:00,1.304,0.056,239.350,5.400,0.000,2.000,18.0
2010-09-11,08:04:00,1.304,0.056,239.280,5.400,0.000,1.000,18.0
2010-09-11,08:05:00,1.312,0.058,240.260,5.400,0.000,2.000,19.0
2010-09-11,08:06:00,1.314,0.058,240.450,5.400,0.000,1.000,18.0
2010-09-11,08:07:00,1.308,0.056,239.960,5.400,0.000,2.000,18.0
2010-09-11,08:08:00,1.312,0.056,240.380,5.400,0.000,1.000,18.0
2010-09-11,08:09:00,1.396,0.150,240.240,5.800,0.000,1.000,19.0
2010-09-11,08:10:00,1.418,0.188,240.520,5.800,0.000,2.000,18.0
2010-09-11,08:11:00,1.408,0.188,240.220,5.800,0.000,1.000,18.0
2010-09-11,08:12:00,1.400,0.186,239.580,5.800,0.000,2.000,19.0
2010-09-11,08:13:00,1.384,0.182,238.210,5.800,0.000,1.000,18.0
2010-09-11,08:14:00,1.378,0.180,238.010,5.800,0.000,1.000,18.0
2010-09-11,08:15:00,1.380,0.182,238.460,5.800,0.000,2.000,18.0
2010-09-11,08:16:00,1.380,0.182,238.540,5.800,0.000,1.000,18.0
2010-09-11,08:17:00,1.380,0.182,238.650,5.800,0.000,1.000,18.0
2010-09-11,08:18:00,1.384,0.184,239.190,5.800,0.000,2.000,18.0
2010-09-11,08:19:00,1.374,0.182,238.350,5.800,0.000,1.000,18.0
2010-09-11,08:20:00,1.420,0.224,238.200,6.000,0.000,1.000,18.0
2010-09-11,08:21:00,1.452,0.284,238.610,6.200,0.000,1.000,18.0
2010-09-11,08:22:00,1.458,0.286,239.240,6.200,0.000,2.000,18.0
2010-09-11,08:23:00,1.414,0.222,239.440,6.000,0.000,1.000,18.0
2010-09-11,08:24:00,1.370,0.158,239.760,5.600,0.000,1.000,19.0
2010-09-11,08:25:00,1.372,0.158,240.140,5.600,0.000,1.000,18.0
2010-09-11,08:26:00,1.366,0.158,239.820,5.600,0.000,2.000,18.0
2010-09-11,08:27:00,1.362,0.158,239.620,5.600,0.000,1.000,18.0
2010-09-11,08:28:00,1.356,0.156,239.100,5.600,0.000,1.000,19.0
2010-09-11,08:29:00,1.316,0.098,238.920,5.400,0.000,1.000,18.0
2010-09-11,08:30:00,1.286,0.054,239.110,5.400,0.000,2.000,18.0
2010-09-11,08:31:00,1.288,0.054,239.310,5.400,0.000,1.000,18.0
2010-09-11,08:32:00,1.288,0.054,239.450,5.400,0.000,1.000,18.0
2010-09-11,08:33:00,1.286,0.054,239.160,5.400,0.000,1.000,18.0
2010-09-11,08:34:00,1.282,0.048,239.190,5.200,0.000,1.000,18.0
2010-09-11,08:35:00,1.298,0.000,239.720,5.400,0.000,0.000,19.0
2010-09-11,08:36:00,1.326,0.068,239.870,5.400,0.000,0.000,18.0
2010-09-11,08:37:00,1.310,0.064,238.780,5.400,0.000,0.000,18.0
2010-09-11,08:38:00,1.308,0.064,238.800,5.400,0.000,0.000,18.0
2010-09-11,08:39:00,1.304,0.064,238.580,5.400,0.000,0.000,18.0
2010-09-11,08:40:00,1.302,0.064,238.540,5.400,0.000,0.000,18.0
2010-09-11,08:41:00,1.304,0.064,238.680,5.400,0.000,0.000,18.0
2010-09-11,08:42:00,1.300,0.062,238.390,5.400,0.000,0.000,18.0
2010-09-11,08:43:00,1.298,0.062,238.300,5.400,0.000,0.000,18.0
2010-09-11,08:44:00,2.584,0.056,237.330,11.400,0.000,0.000,18.0
2010-09-11,08:45:00,2.886,0.080,237.320,12.400,0.000,0.000,18.0
2010-09-11,08:46:00,2.240,0.074,238.060,10.200,0.000,0.000,18.0
2010-09-11,08:47:00,1.428,0.070,239.050,6.000,0.000,0.000,18.0
2010-09-11,08:48:00,1.952,0.096,239.020,8.600,0.000,0.000,18.0
2010-09-11,08:49:00,1.278,0.000,239.650,5.200,0.000,0.000,18.0
2010-09-11,08:50:00,1.282,0.064,239.320,5.400,0.000,0.000,19.0
2010-09-11,08:51:00,1.282,0.064,239.470,5.400,0.000,0.000,18.0
2010-09-11,08:52:00,1.280,0.064,239.550,5.400,0.000,0.000,18.0
2010-09-11,08:53:00,1.270,0.064,238.810,5.200,0.000,0.000,18.0
2010-09-11,08:54:00,1.318,0.000,238.580,5.600,0.000,0.000,18.0
2010-09-11,08:55:00,1.350,0.000,238.100,5.600,0.000,0.000,18.0
2010-09-11,08:56:00,1.372,0.000,240.260,5.600,0.000,0.000,18.0
2010-09-11,08:57:00,1.368,0.000,240.590,5.600,0.000,0.000,19.0
2010-09-11,08:58:00,1.370,0.000,240.940,5.600,0.000,0.000,18.0
2010-09-11,08:59:00,1.362,0.000,240.520,5.600,0.000,0.000,19.0
2010-09-11,09:00:00,1.358,0.000,239.820,5.600,0.000,0.000,18.0
2010-09-11,09:01:00,1.416,0.090,239.870,5.800,0.000,0.000,18.0
2010-09-11,09:02:00,1.450,0.168,239.240,6.000,0.000,0.000,18.0
2010-09-11,09:03:00,1.442,0.164,239.400,6.000,0.000,0.000,18.0
2010-09-11,09:04:00,1.382,0.070,240.480,5.800,0.000,0.000,19.0
2010-09-11,09:05:00,1.384,0.066,239.920,5.800,0.000,0.000,18.0
2010-09-11,09:06:00,1.384,0.066,239.840,5.800,0.000,0.000,18.0
2010-09-11,09:07:00,1.376,0.068,239.900,5.600,0.000,0.000,18.0
2010-09-11,09:08:00,1.376,0.066,239.780,5.600,0.000,0.000,19.0
2010-09-11,09:09:00,1.548,0.136,239.830,6.600,0.000,0.000,20.0
2010-09-11,09:10:00,1.988,0.294,238.840,8.400,0.000,0.000,28.0
2010-09-11,09:11:00,1.998,0.284,237.760,8.400,0.000,0.000,29.0
2010-09-11,09:12:00,2.032,0.288,238.330,8.600,0.000,0.000,29.0
2010-09-11,09:13:00,2.040,0.288,238.420,8.600,0.000,0.000,29.0
2010-09-11,09:14:00,2.050,0.292,238.840,8.600,0.000,0.000,30.0
2010-09-11,09:15:00,1.406,0.000,239.580,6.000,0.000,0.000,20.0
2010-09-11,09:16:00,1.286,0.062,240.350,5.400,0.000,0.000,19.0
2010-09-11,09:17:00,1.298,0.060,241.530,5.400,0.000,0.000,18.0
2010-09-11,09:18:00,1.308,0.060,242.520,5.400,0.000,0.000,19.0
2010-09-11,09:19:00,1.310,0.060,242.410,5.400,0.000,0.000,18.0
2010-09-11,09:20:00,1.308,0.060,242.730,5.400,0.000,0.000,19.0
2010-09-11,09:21:00,0.360,0.046,244.510,2.200,0.000,0.000,4.0
2010-09-11,09:22:00,0.230,0.000,245.720,1.000,0.000,0.000,1.0
2010-09-11,09:23:00,0.246,0.000,246.310,1.200,0.000,0.000,1.0
2010-09-11,09:24:00,0.526,0.046,245.280,2.400,0.000,0.000,0.0
2010-09-11,09:25:00,0.252,0.000,245.320,1.200,0.000,0.000,1.0
2010-09-11,09:26:00,0.334,0.048,244.690,1.400,0.000,0.000,1.0
2010-09-11,09:27:00,0.470,0.000,244.630,2.000,0.000,0.000,0.0
2010-09-11,09:28:00,0.386,0.090,244.670,1.600,0.000,0.000,1.0
2010-09-11,09:29:00,0.352,0.092,244.670,1.600,0.000,0.000,1.0
2010-09-11,09:30:00,0.328,0.092,244.600,1.400,0.000,0.000,0.0
2010-09-11,09:31:00,0.388,0.158,244.050,1.800,0.000,0.000,1.0
2010-09-11,09:32:00,0.402,0.198,244.610,1.800,0.000,0.000,1.0
2010-09-11,09:33:00,0.398,0.196,244.180,1.800,0.000,0.000,0.0
2010-09-11,09:34:00,0.394,0.192,243.430,1.800,0.000,0.000,1.0
2010-09-11,09:35:00,0.394,0.190,242.990,1.800,0.000,0.000,1.0
2010-09-11,09:36:00,0.394,0.190,242.910,1.800,0.000,0.000,0.0
2010-09-11,09:37:00,0.394,0.190,243.060,1.800,0.000,0.000,1.0
2010-09-11,09:38:00,0.392,0.190,242.640,1.800,0.000,0.000,1.0
2010-09-11,09:39:00,0.388,0.188,242.470,1.800,0.000,0.000,0.0
2010-09-11,09:40:00,0.388,0.188,242.510,1.800,0.000,0.000,1.0
2010-09-11,09:41:00,0.398,0.068,242.340,1.800,0.000,0.000,1.0
2010-09-11,09:42:00,0.430,0.052,242.630,1.800,0.000,0.000,0.0
2010-09-11,09:43:00,0.336,0.050,242.470,1.400,0.000,0.000,1.0
2010-09-11,09:44:00,0.312,0.048,243.390,1.400,0.000,0.000,1.0
2010-09-11,09:45:00,0.234,0.046,243.330,1.200,0.000,0.000,0.0
2010-09-11,09:46:00,0.236,0.046,243.630,1.200,0.000,0.000,1.0
2010-09-11,09:47:00,0.232,0.046,243.840,1.200,0.000,0.000,1.0
2010-09-11,09:48:00,0.226,0.046,243.460,1.000,0.000,0.000,0.0
2010-09-11,09:49:00,0.234,0.046,243.690,1.200,0.000,0.000,1.0
2010-09-11,09:50:00,0.290,0.000,244.060,1.400,0.000,0.000,0.0
2010-09-11,09:51:00,0.682,0.316,243.940,4.000,0.000,2.000,1.0
2010-09-11,09:52:00,1.188,0.622,243.780,5.800,0.000,1.000,1.0
2010-09-11,09:53:00,1.222,0.658,244.040,6.000,0.000,1.000,0.0
2010-09-11,09:54:00,1.282,0.752,243.680,6.400,0.000,2.000,1.0
2010-09-11,09:55:00,1.294,0.744,242.620,6.400,0.000,1.000,1.0
2010-09-11,09:56:00,1.394,0.736,242.430,6.800,0.000,2.000,0.0
2010-09-11,09:57:00,1.376,0.746,243.210,6.800,0.000,1.000,1.0
2010-09-11,09:58:00,1.380,0.752,243.590,6.800,0.000,2.000,1.0
2010-09-11,09:59:00,1.284,0.740,243.010,6.400,0.000,1.000,0.0
2010-09-11,10:00:00,1.240,0.738,242.510,6.200,0.000,2.000,1.0
2010-09-11,10:01:00,1.242,0.744,243.030,6.200,0.000,1.000,1.0
2010-09-11,10:02:00,0.772,0.444,243.100,4.400,0.000,1.000,0.0
2010-09-11,10:03:00,0.416,0.214,243.560,2.000,0.000,2.000,1.0
2010-09-11,10:04:00,1.206,0.206,243.220,5.400,0.000,1.000,12.0
2010-09-11,10:05:00,1.476,0.196,241.820,6.000,0.000,2.000,19.0
2010-09-11,10:06:00,1.826,0.452,242.110,8.200,0.000,1.000,20.0
2010-09-11,10:07:00,2.182,0.632,240.900,9.600,0.000,1.000,18.0
2010-09-11,10:08:00,2.244,0.582,240.990,9.800,0.000,1.000,19.0
2010-09-11,10:09:00,2.230,0.678,241.470,9.800,0.000,2.000,18.0
2010-09-11,10:10:00,2.242,0.708,242.160,10.000,0.000,1.000,19.0
2010-09-11,10:11:00,1.866,0.468,241.830,8.400,0.000,1.000,19.0
2010-09-11,10:12:00,1.408,0.168,242.960,5.800,0.000,2.000,18.0
2010-09-11,10:13:00,1.406,0.168,242.820,5.800,0.000,1.000,19.0
2010-09-11,10:14:00,1.398,0.166,242.370,5.800,0.000,1.000,19.0
2010-09-11,10:15:00,1.392,0.164,241.970,5.800,0.000,1.000,18.0
2010-09-11,10:16:00,1.394,0.166,242.310,5.800,0.000,2.000,19.0
2010-09-11,10:17:00,1.394,0.166,242.390,5.800,0.000,1.000,19.0
2010-09-11,10:18:00,1.354,0.104,242.820,5.600,0.000,1.000,18.0
2010-09-11,10:19:00,1.490,0.090,243.120,6.200,0.000,1.000,19.0
2010-09-11,10:20:00,1.790,0.374,242.120,7.800,0.000,1.000,19.0
2010-09-11,10:21:00,2.256,0.742,241.530,10.000,0.000,2.000,18.0
2010-09-11,10:22:00,1.676,0.362,242.470,7.400,0.000,1.000,19.0
2010-09-11,10:23:00,1.392,0.144,242.670,5.600,0.000,1.000,18.0
2010-09-11,10:24:00,1.348,0.074,242.620,5.400,0.000,0.000,19.0
2010-09-11,10:25:00,1.348,0.074,242.810,5.400,0.000,0.000,19.0
2010-09-11,10:26:00,1.352,0.076,243.160,5.400,0.000,0.000,19.0
2010-09-11,10:27:00,1.344,0.074,242.530,5.400,0.000,0.000,18.0
2010-09-11,10:28:00,1.696,0.216,242.030,7.200,0.000,0.000,24.0
2010-09-11,10:29:00,1.976,0.322,242.190,8.200,0.000,0.000,29.0
2010-09-11,10:30:00,2.006,0.322,242.310,8.400,0.000,0.000,29.0
2010-09-11,10:31:00,2.018,0.312,241.470,8.400,0.000,0.000,30.0
2010-09-11,10:32:00,2.020,0.310,241.350,8.400,0.000,0.000,30.0
2010-09-11,10:33:00,1.726,0.140,242.080,7.200,0.000,0.000,27.0
2010-09-11,10:34:00,1.248,0.060,242.320,5.000,0.000,0.000,19.0
2010-09-11,10:35:00,1.246,0.060,242.150,5.000,0.000,0.000,18.0
2010-09-11,10:36:00,1.250,0.060,242.490,5.000,0.000,0.000,19.0
2010-09-11,10:37:00,1.248,0.060,242.410,5.000,0.000,0.000,19.0
2010-09-11,10:38:00,1.246,0.060,242.200,5.000,0.000,0.000,18.0
2010-09-11,10:39:00,1.248,0.060,242.330,5.000,0.000,0.000,19.0
2010-09-11,10:40:00,1.242,0.060,241.860,5.000,0.000,0.000,18.0
2010-09-11,10:41:00,1.242,0.060,241.690,5.000,0.000,0.000,19.0
2010-09-11,10:42:00,1.242,0.060,241.760,5.000,0.000,0.000,19.0
2010-09-11,10:43:00,1.234,0.062,240.860,5.000,0.000,0.000,18.0
2010-09-11,10:44:00,1.236,0.062,241.220,5.000,0.000,0.000,18.0
2010-09-11,10:45:00,1.264,0.000,241.530,5.200,0.000,0.000,19.0
2010-09-11,10:46:00,1.364,0.082,240.790,5.600,0.000,0.000,18.0
2010-09-11,10:47:00,1.418,0.174,241.270,5.800,0.000,0.000,19.0
2010-09-11,10:48:00,1.428,0.172,240.770,6.000,0.000,0.000,18.0
2010-09-11,10:49:00,1.414,0.174,241.520,5.800,0.000,0.000,19.0
2010-09-11,10:50:00,1.404,0.172,240.860,5.800,0.000,0.000,18.0
2010-09-11,10:51:00,1.398,0.170,240.450,5.800,0.000,0.000,18.0
2010-09-11,10:52:00,0.752,0.180,241.190,3.800,0.000,0.000,9.0
2010-09-11,10:53:00,0.346,0.186,241.620,1.600,0.000,0.000,1.0
2010-09-11,10:54:00,0.330,0.186,241.790,1.600,0.000,0.000,1.0
2010-09-11,10:55:00,0.328,0.184,240.820,1.600,0.000,0.000,0.0
2010-09-11,10:56:00,0.270,0.094,241.560,1.200,0.000,0.000,1.0
2010-09-11,10:57:00,0.336,0.080,241.680,1.400,0.000,0.000,1.0
2010-09-11,10:58:00,0.374,0.080,241.530,1.600,0.000,0.000,0.0
2010-09-11,10:59:00,0.304,0.000,241.970,1.200,0.000,0.000,1.0
2010-09-11,11:00:00,0.268,0.052,241.350,1.200,0.000,0.000,0.0
2010-09-11,11:01:00,0.270,0.052,242.070,1.200,0.000,0.000,1.0
2010-09-11,11:02:00,0.270,0.050,242.530,1.200,0.000,0.000,1.0
2010-09-11,11:03:00,0.270,0.052,242.090,1.200,0.000,0.000,0.0
2010-09-11,11:04:00,0.270,0.052,242.010,1.200,0.000,0.000,1.0
2010-09-11,11:05:00,0.270,0.052,242.110,1.200,0.000,0.000,1.0
2010-09-11,11:06:00,0.270,0.050,242.890,1.200,0.000,0.000,0.0
2010-09-11,11:07:00,0.270,0.050,242.400,1.200,0.000,0.000,1.0
2010-09-11,11:08:00,0.272,0.050,243.130,1.200,0.000,0.000,1.0
2010-09-11,11:09:00,0.270,0.052,242.480,1.200,0.000,0.000,0.0
2010-09-11,11:10:00,0.286,0.050,242.670,1.200,0.000,0.000,1.0
2010-09-11,11:11:00,0.280,0.048,242.830,1.200,0.000,0.000,1.0
2010-09-11,11:12:00,0.384,0.082,242.340,1.600,0.000,0.000,0.0
2010-09-11,11:13:00,0.374,0.082,242.800,1.600,0.000,0.000,1.0
2010-09-11,11:14:00,0.370,0.084,242.920,1.600,0.000,0.000,1.0
2010-09-11,11:15:00,0.370,0.084,243.320,1.600,0.000,0.000,0.0
2010-09-11,11:16:00,0.366,0.082,242.460,1.600,0.000,0.000,1.0
2010-09-11,11:17:00,0.362,0.078,241.440,1.400,0.000,0.000,0.0
2010-09-11,11:18:00,0.360,0.078,240.920,1.400,0.000,0.000,1.0
2010-09-11,11:19:00,0.358,0.076,240.390,1.400,0.000,0.000,1.0
2010-09-11,11:20:00,0.416,0.132,241.200,1.800,0.000,0.000,0.0
2010-09-11,11:21:00,0.436,0.180,241.050,2.000,0.000,0.000,1.0
2010-09-11,11:22:00,0.438,0.182,241.590,2.000,0.000,0.000,1.0
2010-09-11,11:23:00,0.456,0.184,241.790,2.000,0.000,0.000,0.0
2010-09-11,11:24:00,0.436,0.182,241.590,2.000,0.000,0.000,1.0
2010-09-11,11:25:00,0.382,0.108,240.770,1.600,0.000,0.000,1.0
2010-09-11,11:26:00,0.340,0.048,240.700,1.400,0.000,0.000,0.0
2010-09-11,11:27:00,0.338,0.048,240.960,1.400,0.000,0.000,1.0
2010-09-11,11:28:00,0.336,0.048,240.840,1.400,0.000,0.000,1.0
2010-09-11,11:29:00,0.336,0.048,241.150,1.400,0.000,0.000,0.0
2010-09-11,11:30:00,0.274,0.000,240.660,1.200,0.000,0.000,1.0
2010-09-11,11:31:00,0.278,0.000,241.040,1.200,0.000,0.000,0.0
2010-09-11,11:32:00,0.288,0.000,240.830,1.200,0.000,0.000,1.0
2010-09-11,11:33:00,0.288,0.000,240.670,1.200,0.000,0.000,1.0
2010-09-11,11:34:00,0.288,0.000,240.930,1.200,0.000,0.000,0.0
2010-09-11,11:35:00,0.346,0.000,241.150,1.600,0.000,0.000,1.0
2010-09-11,11:36:00,0.380,0.084,241.060,1.600,0.000,1.000,1.0
2010-09-11,11:37:00,0.376,0.082,240.700,1.600,0.000,2.000,0.0
2010-09-11,11:38:00,0.478,0.196,240.330,2.200,0.000,1.000,1.0
2010-09-11,11:39:00,0.482,0.214,240.570,2.200,0.000,1.000,1.0
2010-09-11,11:40:00,0.478,0.216,241.010,2.200,0.000,2.000,0.0
2010-09-11,11:41:00,0.476,0.218,241.480,2.200,0.000,1.000,1.0
2010-09-11,11:42:00,0.474,0.218,241.410,2.200,0.000,2.000,1.0
2010-09-11,11:43:00,0.470,0.216,240.890,2.000,0.000,1.000,0.0
2010-09-11,11:44:00,0.468,0.216,240.790,2.000,0.000,2.000,1.0
2010-09-11,11:45:00,0.468,0.214,240.690,2.000,0.000,1.000,0.0
2010-09-11,11:46:00,0.466,0.216,240.710,2.000,0.000,2.000,1.0
2010-09-11,11:47:00,0.466,0.216,240.750,2.000,0.000,1.000,1.0
2010-09-11,11:48:00,0.464,0.214,240.710,2.000,0.000,1.000,0.0
2010-09-11,11:49:00,0.462,0.216,240.660,2.000,0.000,2.000,1.0
2010-09-11,11:50:00,0.460,0.214,240.430,2.000,0.000,1.000,1.0
2010-09-11,11:51:00,0.424,0.162,240.340,1.800,0.000,1.000,0.0
2010-09-11,11:52:00,0.698,0.208,239.910,3.400,0.000,2.000,6.0
2010-09-11,11:53:00,0.992,0.310,239.590,4.200,0.000,1.000,11.0
2010-09-11,11:54:00,1.024,0.314,239.950,4.400,0.000,1.000,11.0
2010-09-11,11:55:00,1.046,0.312,239.880,4.400,0.000,2.000,12.0
2010-09-11,11:56:00,1.052,0.314,240.250,4.600,0.000,1.000,12.0
2010-09-11,11:57:00,0.814,0.232,240.310,3.800,0.000,1.000,9.0
2010-09-11,11:58:00,0.418,0.136,240.610,2.000,0.000,1.000,1.0
2010-09-11,11:59:00,0.438,0.184,240.550,2.000,0.000,2.000,1.0
2010-09-11,12:00:00,0.438,0.182,240.400,2.000,0.000,1.000,0.0
2010-09-11,12:01:00,0.436,0.180,239.930,2.000,0.000,1.000,1.0
2010-09-11,12:02:00,0.436,0.182,239.990,2.000,0.000,1.000,1.0
2010-09-11,12:03:00,0.434,0.182,239.980,2.000,0.000,1.000,0.0
2010-09-11,12:04:00,0.508,0.260,239.710,2.400,0.000,2.000,1.0
2010-09-11,12:05:00,0.536,0.312,239.520,2.600,0.000,1.000,0.0
2010-09-11,12:06:00,0.532,0.316,240.390,2.600,0.000,1.000,1.0
2010-09-11,12:07:00,0.524,0.308,240.340,2.400,0.000,1.000,1.0
2010-09-11,12:08:00,0.456,0.212,240.110,2.000,0.000,1.000,0.0
2010-09-11,12:09:00,0.456,0.214,240.590,2.000,0.000,2.000,1.0
2010-09-11,12:10:00,0.454,0.210,239.810,2.000,0.000,1.000,1.0
2010-09-11,12:11:00,1.740,0.524,238.120,8.200,0.000,1.000,0.0
2010-09-11,12:12:00,2.024,0.588,238.060,9.000,0.000,1.000,1.0
2010-09-11,12:13:00,2.038,0.594,238.120,9.000,0.000,1.000,1.0
2010-09-11,12:14:00,2.024,0.586,237.960,9.000,0.000,2.000,0.0
2010-09-11,12:15:00,2.018,0.584,238.330,8.800,0.000,1.000,1.0
2010-09-11,12:16:00,1.074,0.360,239.420,5.800,0.000,1.000,0.0
2010-09-11,12:17:00,0.448,0.206,239.640,2.000,0.000,1.000,1.0
2010-09-11,12:18:00,0.466,0.110,240.450,2.800,0.000,2.000,1.0
2010-09-11,12:19:00,1.974,0.442,238.400,8.600,0.000,1.000,0.0
2010-09-11,12:20:00,1.008,0.212,239.570,5.400,0.000,2.000,1.0
2010-09-11,12:21:00,2.380,0.000,237.580,10.200,0.000,32.000,1.0
2010-09-11,12:22:00,2.554,0.000,237.520,10.600,0.000,39.000,0.0
2010-09-11,12:23:00,2.696,0.000,237.310,11.200,0.000,39.000,1.0
2010-09-11,12:24:00,2.618,0.000,237.490,11.000,0.000,38.000,0.0
2010-09-11,12:25:00,2.522,0.000,238.170,10.600,0.000,39.000,1.0
2010-09-11,12:26:00,2.534,0.000,238.390,10.600,0.000,39.000,1.0
2010-09-11,12:27:00,2.540,0.000,238.140,10.600,0.000,39.000,0.0
2010-09-11,12:28:00,2.538,0.000,238.050,10.600,0.000,39.000,1.0
2010-09-11,12:29:00,2.624,0.126,237.930,11.000,0.000,39.000,1.0
2010-09-11,12:30:00,2.288,0.250,238.040,10.200,0.000,35.000,0.0
2010-09-11,12:31:00,0.624,0.386,239.940,3.000,0.000,2.000,1.0
2010-09-11,12:32:00,2.386,0.362,238.740,10.800,0.000,28.000,0.0
2010-09-11,12:33:00,0.760,0.416,240.950,4.400,0.000,8.000,1.0
2010-09-11,12:34:00,0.648,0.490,240.330,3.400,0.000,2.000,1.0
2010-09-11,12:35:00,0.646,0.510,240.190,3.400,0.000,2.000,0.0
2010-09-11,12:36:00,0.668,0.482,239.930,3.400,0.000,2.000,1.0
2010-09-11,12:37:00,0.698,0.476,239.890,3.400,0.000,2.000,1.0
2010-09-11,12:38:00,0.696,0.472,239.750,3.400,0.000,3.000,0.0
2010-09-11,12:39:00,0.692,0.486,239.570,3.600,0.000,3.000,1.0
2010-09-11,12:40:00,0.672,0.516,239.810,3.600,0.000,2.000,1.0
2010-09-11,12:41:00,0.658,0.512,239.420,3.400,0.000,2.000,0.0
2010-09-11,12:42:00,0.620,0.470,239.440,3.200,0.000,2.000,1.0
2010-09-11,12:43:00,0.656,0.472,239.300,3.400,0.000,2.000,0.0
2010-09-11,12:44:00,0.602,0.388,239.390,3.000,0.000,2.000,1.0
2010-09-11,12:45:00,0.514,0.230,239.650,2.400,0.000,3.000,1.0
2010-09-11,12:46:00,0.510,0.228,239.290,2.400,0.000,2.000,0.0
2010-09-11,12:47:00,0.502,0.262,239.050,2.400,0.000,2.000,1.0
2010-09-11,12:48:00,1.278,0.406,238.620,5.600,0.000,12.000,1.0
2010-09-11,12:49:00,0.898,0.330,238.510,4.000,0.000,9.000,0.0
2010-09-11,12:50:00,0.588,0.192,239.500,2.600,0.000,6.000,1.0
2010-09-11,12:51:00,0.520,0.136,240.470,2.200,0.000,6.000,1.0
2010-09-11,12:52:00,0.374,0.126,241.050,1.600,0.000,3.000,0.0
2010-09-11,12:53:00,0.242,0.088,241.380,1.000,0.000,2.000,1.0
2010-09-11,12:54:00,0.238,0.078,241.770,1.000,0.000,1.000,0.0
2010-09-11,12:55:00,0.238,0.080,242.540,1.000,0.000,1.000,1.0
2010-09-11,12:56:00,0.238,0.080,242.670,1.000,0.000,1.000,1.0
2010-09-11,12:57:00,0.312,0.156,242.790,1.600,0.000,2.000,0.0
2010-09-11,12:58:00,0.346,0.216,243.010,1.600,0.000,1.000,1.0
2010-09-11,12:59:00,0.340,0.214,242.870,1.600,0.000,1.000,1.0
2010-09-11,13:00:00,0.338,0.214,242.650,1.600,0.000,1.000,0.0
2010-09-11,13:01:00,0.336,0.212,242.220,1.600,0.000,1.000,1.0
2010-09-11,13:02:00,0.334,0.214,242.410,1.600,0.000,2.000,1.0
2010-09-11,13:03:00,0.334,0.218,243.260,1.600,0.000,1.000,0.0
2010-09-11,13:04:00,0.332,0.212,242.300,1.600,0.000,1.000,1.0
2010-09-11,13:05:00,0.332,0.214,242.540,1.600,0.000,1.000,1.0
2010-09-11,13:06:00,0.332,0.214,242.680,1.600,0.000,1.000,0.0
2010-09-11,13:07:00,0.328,0.206,240.900,1.600,0.000,2.000,1.0
2010-09-11,13:08:00,0.326,0.202,239.740,1.600,0.000,1.000,1.0
2010-09-11,13:09:00,0.326,0.204,240.210,1.600,0.000,1.000,0.0
2010-09-11,13:10:00,0.350,0.202,239.500,1.800,0.000,1.000,1.0
2010-09-11,13:11:00,0.312,0.172,239.650,1.400,0.000,1.000,0.0
2010-09-11,13:12:00,0.320,0.172,239.730,1.400,0.000,2.000,1.0
2010-09-11,13:13:00,1.304,0.160,238.580,5.600,0.000,1.000,15.0
2010-09-11,13:14:00,1.458,0.194,237.900,6.200,0.000,1.000,19.0
2010-09-11,13:15:00,1.464,0.176,238.370,6.200,1.000,1.000,19.0
2010-09-11,13:16:00,1.460,0.174,239.310,6.000,1.000,1.000,18.0
2010-09-11,13:17:00,1.464,0.176,240.820,6.000,1.000,1.000,18.0
2010-09-11,13:18:00,1.930,0.172,240.850,8.400,1.000,2.000,19.0
2010-09-11,13:19:00,2.428,0.330,240.530,10.600,2.000,1.000,23.0
2010-09-11,13:20:00,2.782,0.442,240.620,12.000,1.000,1.000,29.0
2010-09-11,13:21:00,2.208,0.382,240.750,9.200,1.000,1.000,29.0
2010-09-11,13:22:00,2.282,0.362,240.620,9.600,1.000,1.000,30.0
2010-09-11,13:23:00,2.292,0.360,240.220,9.600,1.000,2.000,30.0
2010-09-11,13:24:00,1.872,0.246,240.890,8.000,1.000,1.000,23.0
2010-09-11,13:25:00,1.636,0.156,241.210,6.800,2.000,1.000,19.0
2010-09-11,13:26:00,1.642,0.160,241.380,6.800,1.000,1.000,18.0
2010-09-11,13:27:00,1.634,0.160,241.400,6.800,1.000,1.000,19.0
2010-09-11,13:28:00,1.622,0.154,240.860,6.600,1.000,2.000,18.0
2010-09-11,13:29:00,1.628,0.156,241.360,6.800,1.000,1.000,19.0
2010-09-11,13:30:00,1.616,0.152,240.260,6.600,2.000,1.000,18.0
2010-09-11,13:31:00,1.602,0.148,239.120,6.600,1.000,1.000,18.0
2010-09-11,13:32:00,1.600,0.166,238.380,6.600,1.000,1.000,18.0
2010-09-11,13:33:00,1.558,0.178,238.960,6.400,1.000,2.000,18.0
2010-09-11,13:34:00,1.604,0.158,238.310,6.600,1.000,1.000,18.0
2010-09-11,13:35:00,2.492,0.140,236.940,11.400,13.000,1.000,18.0
2010-09-11,13:36:00,3.728,0.122,235.730,15.800,37.000,1.000,18.0
2010-09-11,13:37:00,3.690,0.048,236.560,15.600,37.000,1.000,17.0
2010-09-11,13:38:00,3.650,0.000,236.610,15.400,37.000,1.000,18.0
2010-09-11,13:39:00,3.642,0.000,236.570,15.400,37.000,2.000,18.0
2010-09-11,13:40:00,3.628,0.000,235.970,15.200,37.000,1.000,18.0
2010-09-11,13:41:00,3.654,0.000,237.040,15.400,37.000,1.000,17.0
2010-09-11,13:42:00,3.656,0.000,237.090,15.400,38.000,1.000,18.0
2010-09-11,13:43:00,3.684,0.000,238.310,15.400,37.000,1.000,18.0
2010-09-11,13:44:00,3.582,0.000,238.000,15.000,37.000,1.000,18.0
2010-09-11,13:45:00,3.522,0.000,237.170,14.800,38.000,2.000,18.0
2010-09-11,13:46:00,1.448,0.060,239.200,6.200,5.000,1.000,18.0
2010-09-11,13:47:00,1.394,0.064,240.640,5.800,1.000,1.000,19.0
2010-09-11,13:48:00,1.392,0.064,240.400,5.800,1.000,1.000,18.0
2010-09-11,13:49:00,1.430,0.130,240.130,6.000,1.000,1.000,18.0
2010-09-11,13:50:00,1.504,0.228,239.940,6.200,2.000,2.000,18.0
2010-09-11,13:51:00,1.608,0.294,238.330,6.800,1.000,1.000,19.0
2010-09-11,13:52:00,1.632,0.288,237.180,7.000,1.000,1.000,17.0
2010-09-11,13:53:00,1.522,0.292,237.760,6.400,1.000,1.000,18.0
2010-09-11,13:54:00,1.522,0.294,238.090,6.400,1.000,1.000,18.0
2010-09-11,13:55:00,1.522,0.296,238.480,6.400,1.000,1.000,18.0
2010-09-11,13:56:00,1.522,0.296,238.510,6.400,1.000,2.000,18.0
2010-09-11,13:57:00,1.510,0.292,237.770,6.400,1.000,1.000,18.0
2010-09-11,13:58:00,1.512,0.292,237.920,6.400,2.000,1.000,18.0
2010-09-11,13:59:00,1.482,0.252,237.970,6.200,1.000,1.000,18.0
2010-09-11,14:00:00,1.450,0.196,238.780,6.000,1.000,1.000,18.0
2010-09-11,14:01:00,1.448,0.196,238.550,6.000,1.000,2.000,18.0
2010-09-11,14:02:00,1.444,0.194,238.260,6.000,1.000,1.000,18.0
2010-09-11,14:03:00,1.442,0.194,238.120,6.000,1.000,1.000,18.0
2010-09-11,14:04:00,1.372,0.084,238.970,5.600,1.000,1.000,18.0
2010-09-11,14:05:00,1.356,0.064,238.480,5.600,2.000,1.000,18.0
2010-09-11,14:06:00,1.354,0.064,238.410,5.600,1.000,1.000,19.0
2010-09-11,14:07:00,1.354,0.064,238.140,5.600,1.000,2.000,17.0
2010-09-11,14:08:00,1.350,0.064,238.000,5.600,1.000,1.000,18.0
2010-09-11,14:09:00,1.354,0.064,238.230,5.600,1.000,1.000,18.0
2010-09-11,14:10:00,1.356,0.066,238.550,5.600,1.000,1.000,18.0
2010-09-11,14:11:00,1.360,0.066,238.770,5.600,1.000,1.000,19.0
2010-09-11,14:12:00,1.358,0.066,238.860,5.600,2.000,2.000,18.0
2010-09-11,14:13:00,1.364,0.066,239.150,5.600,1.000,1.000,18.0
2010-09-11,14:14:00,1.354,0.066,238.570,5.600,1.000,1.000,18.0
2010-09-11,14:15:00,1.358,0.064,238.560,5.600,1.000,1.000,18.0
2010-09-11,14:16:00,1.358,0.066,238.870,5.600,1.000,1.000,18.0
2010-09-11,14:17:00,1.436,0.142,238.980,6.000,1.000,1.000,18.0
2010-09-11,14:18:00,1.460,0.194,238.640,6.200,1.000,2.000,18.0
2010-09-11,14:19:00,1.454,0.194,238.210,6.000,2.000,1.000,18.0
2010-09-11,14:20:00,1.454,0.196,238.650,6.000,1.000,1.000,18.0
2010-09-11,14:21:00,1.460,0.198,239.260,6.000,1.000,1.000,18.0
2010-09-11,14:22:00,1.456,0.198,239.230,6.000,1.000,1.000,19.0
2010-09-11,14:23:00,1.458,0.198,239.240,6.000,1.000,1.000,18.0
2010-09-11,14:24:00,1.450,0.196,238.820,6.000,1.000,2.000,18.0
2010-09-11,14:25:00,1.536,0.288,238.540,6.600,1.000,1.000,18.0
2010-09-11,14:26:00,1.524,0.296,238.620,6.400,2.000,1.000,18.0
2010-09-11,14:27:00,1.532,0.300,239.280,6.400,1.000,1.000,18.0
2010-09-11,14:28:00,1.536,0.304,239.060,6.400,1.000,1.000,18.0
2010-09-11,14:29:00,1.528,0.300,239.090,6.400,1.000,2.000,18.0
2010-09-11,14:30:00,1.498,0.262,239.080,6.200,1.000,1.000,18.0
2010-09-11,14:31:00,1.436,0.170,239.380,6.000,1.000,1.000,19.0
2010-09-11,14:32:00,1.438,0.170,239.700,6.000,2.000,1.000,18.0
2010-09-11,14:33:00,1.440,0.172,240.020,6.000,1.000,1.000,18.0
2010-09-11,14:34:00,1.458,0.158,239.620,6.000,1.000,1.000,18.0
2010-09-11,14:35:00,1.422,0.050,239.670,5.800,1.000,2.000,18.0
2010-09-11,14:36:00,1.416,0.000,239.670,5.800,1.000,1.000,19.0
2010-09-11,14:37:00,1.400,0.074,239.610,5.800,1.000,1.000,18.0
2010-09-11,14:38:00,1.386,0.070,239.800,5.800,1.000,1.000,18.0
2010-09-11,14:39:00,1.364,0.068,239.100,5.600,0.000,1.000,18.0
2010-09-11,14:40:00,1.414,0.050,238.860,5.800,2.000,2.000,18.0
2010-09-11,14:41:00,1.424,0.046,239.910,5.800,1.000,1.000,19.0
2010-09-11,14:42:00,1.646,0.126,239.760,7.000,1.000,1.000,21.0
2010-09-11,14:43:00,2.038,0.262,238.660,8.600,1.000,1.000,28.0
2010-09-11,14:44:00,2.164,0.376,237.790,9.200,1.000,1.000,29.0
2010-09-11,14:45:00,2.188,0.388,238.280,9.200,2.000,1.000,29.0
2010-09-11,14:46:00,2.204,0.398,239.390,9.200,1.000,2.000,30.0
2010-09-11,14:47:00,2.176,0.404,239.690,9.200,1.000,1.000,30.0
2010-09-11,14:48:00,1.498,0.208,240.650,6.200,0.000,1.000,19.0
2010-09-11,14:49:00,1.480,0.208,240.330,6.200,1.000,1.000,18.0
2010-09-11,14:50:00,1.502,0.184,240.110,6.200,1.000,1.000,18.0
2010-09-11,14:51:00,2.476,0.168,239.180,11.200,14.000,1.000,18.0
2010-09-11,14:52:00,3.684,0.150,238.220,15.400,37.000,2.000,18.0
2010-09-11,14:53:00,3.666,0.148,237.740,15.400,38.000,1.000,18.0
2010-09-11,14:54:00,3.674,0.150,238.120,15.400,37.000,1.000,18.0
2010-09-11,14:55:00,3.682,0.148,237.350,15.400,37.000,1.000,18.0
2010-09-11,14:56:00,3.788,0.148,237.930,15.800,38.000,1.000,18.0
2010-09-11,14:57:00,3.686,0.072,239.020,15.400,37.000,1.000,18.0
2010-09-11,14:58:00,3.650,0.000,238.560,15.200,38.000,2.000,18.0
2010-09-11,14:59:00,3.640,0.000,238.430,15.200,37.000,1.000,18.0
2010-09-11,15:00:00,3.626,0.000,238.350,15.200,37.000,1.000,18.0
2010-09-11,15:01:00,3.696,0.098,237.780,15.400,38.000,1.000,18.0
2010-09-11,15:02:00,3.714,0.118,238.340,15.600,37.000,1.000,18.0
2010-09-11,15:03:00,2.548,0.126,239.010,11.600,21.000,2.000,18.0
2010-09-11,15:04:00,1.486,0.130,239.520,6.200,0.000,1.000,19.0
2010-09-11,15:05:00,1.490,0.124,239.190,6.200,0.000,1.000,18.0
2010-09-11,15:06:00,1.496,0.138,240.360,6.200,0.000,1.000,18.0
2010-09-11,15:07:00,1.514,0.172,240.500,6.200,0.000,1.000,18.0
2010-09-11,15:08:00,1.508,0.140,241.150,6.200,0.000,1.000,19.0
2010-09-11,15:09:00,1.510,0.132,240.840,6.200,0.000,2.000,18.0
2010-09-11,15:10:00,1.514,0.138,240.550,6.200,0.000,1.000,19.0
2010-09-11,15:11:00,1.608,0.262,240.880,6.800,0.000,1.000,18.0
2010-09-11,15:12:00,1.610,0.264,241.000,6.800,0.000,1.000,18.0
2010-09-11,15:13:00,1.594,0.262,240.550,6.600,0.000,1.000,19.0
2010-09-11,15:14:00,1.594,0.264,240.670,6.600,0.000,1.000,18.0
2010-09-11,15:15:00,1.590,0.266,240.920,6.600,0.000,2.000,18.0
2010-09-11,15:16:00,1.584,0.264,240.400,6.600,0.000,1.000,19.0
2010-09-11,15:17:00,1.590,0.258,241.140,6.600,0.000,1.000,18.0
2010-09-11,15:18:00,1.526,0.158,240.330,6.400,0.000,1.000,19.0
2010-09-11,15:19:00,1.524,0.158,240.140,6.400,0.000,1.000,18.0
2010-09-11,15:20:00,1.534,0.160,241.110,6.400,0.000,2.000,18.0
2010-09-11,15:21:00,1.538,0.162,241.570,6.400,0.000,1.000,19.0
2010-09-11,15:22:00,1.404,0.164,241.540,6.200,0.000,1.000,15.0
2010-09-11,15:23:00,0.554,0.174,242.440,2.400,0.000,1.000,1.0
2010-09-11,15:24:00,0.412,0.110,242.570,1.800,0.000,1.000,0.0
2010-09-11,15:25:00,0.362,0.000,242.540,1.600,0.000,1.000,1.0
2010-09-11,15:26:00,0.356,0.046,242.550,1.600,0.000,2.000,1.0
2010-09-11,15:27:00,0.358,0.000,242.360,1.600,0.000,1.000,0.0
2010-09-11,15:28:00,0.358,0.000,242.500,1.600,0.000,1.000,1.0
2010-09-11,15:29:00,0.360,0.000,242.810,1.600,0.000,1.000,1.0
2010-09-11,15:30:00,0.358,0.046,243.000,1.600,0.000,1.000,0.0
2010-09-11,15:31:00,0.352,0.046,242.560,1.600,0.000,1.000,1.0
2010-09-11,15:32:00,0.346,0.048,242.930,1.600,0.000,1.000,1.0
2010-09-11,15:33:00,0.342,0.050,243.710,1.400,0.000,2.000,0.0
2010-09-11,15:34:00,0.352,0.050,243.620,1.600,0.000,1.000,1.0
2010-09-11,15:35:00,0.354,0.048,243.220,1.600,0.000,1.000,1.0
2010-09-11,15:36:00,0.352,0.052,244.130,1.600,0.000,1.000,0.0
2010-09-11,15:37:00,0.360,0.066,243.690,1.600,0.000,1.000,1.0
2010-09-11,15:38:00,0.490,0.216,243.620,2.200,0.000,1.000,1.0
2010-09-11,15:39:00,0.458,0.190,244.370,2.000,0.000,2.000,0.0
2010-09-11,15:40:00,0.452,0.188,243.980,2.000,0.000,1.000,1.0
2010-09-11,15:41:00,0.450,0.188,244.140,2.000,0.000,1.000,0.0
2010-09-11,15:42:00,0.446,0.186,243.910,2.000,0.000,1.000,1.0
2010-09-11,15:43:00,0.444,0.188,244.080,2.000,0.000,1.000,1.0
2010-09-11,15:44:00,0.492,0.232,244.240,2.400,0.000,1.000,0.0
2010-09-11,15:45:00,0.520,0.292,243.490,2.400,0.000,1.000,1.0
2010-09-11,15:46:00,0.518,0.288,242.960,2.400,0.000,2.000,1.0
2010-09-11,15:47:00,0.520,0.290,243.310,2.400,0.000,1.000,0.0
2010-09-11,15:48:00,0.516,0.288,242.960,2.400,0.000,1.000,1.0
2010-09-11,15:49:00,0.514,0.288,243.020,2.400,0.000,1.000,1.0
2010-09-11,15:50:00,0.512,0.286,242.630,2.400,0.000,1.000,0.0
2010-09-11,15:51:00,0.488,0.252,242.850,2.200,0.000,1.000,1.0
2010-09-11,15:52:00,0.418,0.150,242.890,1.800,0.000,2.000,1.0
2010-09-11,15:53:00,0.414,0.150,242.620,1.800,0.000,1.000,0.0
2010-09-11,15:54:00,0.414,0.148,242.230,1.800,0.000,1.000,1.0
2010-09-11,15:55:00,0.348,0.064,242.240,1.600,0.000,1.000,1.0
2010-09-11,15:56:00,0.328,0.048,242.660,1.400,0.000,1.000,0.0
2010-09-11,15:57:00,0.334,0.046,242.120,1.400,0.000,1.000,1.0
2010-09-11,15:58:00,0.312,0.052,243.720,1.400,0.000,1.000,1.0
2010-09-11,15:59:00,0.322,0.052,244.330,1.400,0.000,2.000,0.0
2010-09-11,16:00:00,0.322,0.048,243.350,1.400,0.000,1.000,1.0
2010-09-11,16:01:00,0.320,0.050,243.620,1.400,0.000,1.000,1.0
2010-09-11,16:02:00,0.322,0.048,243.220,1.400,0.000,1.000,0.0
2010-09-11,16:03:00,0.320,0.046,242.780,1.400,0.000,1.000,1.0
2010-09-11,16:04:00,0.320,0.046,242.780,1.400,0.000,1.000,1.0
2010-09-11,16:05:00,0.684,0.254,242.490,3.400,0.000,2.000,4.0
2010-09-11,16:06:00,1.062,0.432,242.410,4.600,0.000,1.000,11.0
2010-09-11,16:07:00,1.100,0.426,242.020,4.800,0.000,1.000,12.0
2010-09-11,16:08:00,1.112,0.422,241.910,4.800,0.000,1.000,12.0
2010-09-11,16:09:00,1.118,0.420,241.870,5.000,0.000,1.000,12.0
2010-09-11,16:10:00,0.922,0.352,242.330,4.200,0.000,1.000,10.0
2010-09-11,16:11:00,0.414,0.182,242.920,1.800,0.000,1.000,1.0
2010-09-11,16:12:00,0.414,0.182,243.020,1.800,0.000,2.000,1.0
2010-09-11,16:13:00,0.410,0.180,242.390,1.800,0.000,1.000,0.0
2010-09-11,16:14:00,0.408,0.176,241.420,1.800,0.000,1.000,1.0
2010-09-11,16:15:00,0.408,0.174,241.200,1.800,0.000,1.000,1.0
2010-09-11,16:16:00,0.476,0.248,241.570,2.400,0.000,1.000,0.0
2010-09-11,16:17:00,0.486,0.282,242.050,2.400,0.000,1.000,1.0
2010-09-11,16:18:00,0.482,0.270,242.540,2.200,0.000,1.000,1.0
2010-09-11,16:19:00,0.398,0.150,242.800,1.800,0.000,2.000,0.0
2010-09-11,16:20:00,0.422,0.168,242.770,2.000,0.000,1.000,1.0
2010-09-11,16:21:00,0.500,0.286,242.730,2.400,0.000,1.000,1.0
2010-09-11,16:22:00,0.494,0.284,242.510,2.400,0.000,1.000,0.0
2010-09-11,16:23:00,0.482,0.284,242.100,2.400,0.000,1.000,1.0
2010-09-11,16:24:00,0.480,0.282,242.100,2.200,0.000,1.000,1.0
2010-09-11,16:25:00,0.474,0.286,242.440,2.200,0.000,1.000,0.0
2010-09-11,16:26:00,0.458,0.290,242.440,2.200,0.000,2.000,1.0
2010-09-11,16:27:00,0.462,0.284,242.610,2.200,0.000,1.000,1.0
2010-09-11,16:28:00,0.490,0.292,242.060,2.400,0.000,1.000,0.0
2010-09-11,16:29:00,0.492,0.272,242.870,2.400,0.000,1.000,1.0
2010-09-11,16:30:00,0.396,0.182,243.330,1.800,0.000,1.000,0.0
2010-09-11,16:31:00,0.398,0.180,243.230,1.800,0.000,1.000,1.0
2010-09-11,16:32:00,0.388,0.180,243.050,1.800,0.000,2.000,1.0
2010-09-11,16:33:00,0.386,0.180,242.760,1.800,0.000,1.000,0.0
2010-09-11,16:34:00,0.384,0.180,242.240,1.800,0.000,1.000,1.0
2010-09-11,16:35:00,0.390,0.184,243.410,1.800,0.000,1.000,1.0
2010-09-11,16:36:00,0.456,0.182,243.220,2.000,0.000,1.000,0.0
2010-09-11,16:37:00,0.556,0.180,243.020,2.400,0.000,1.000,1.0
2010-09-11,16:38:00,0.410,0.184,243.450,1.800,0.000,1.000,1.0
2010-09-11,16:39:00,0.380,0.184,243.460,1.800,0.000,2.000,0.0
2010-09-11,16:40:00,0.380,0.182,242.980,1.800,0.000,1.000,1.0
2010-09-11,16:41:00,0.380,0.186,243.610,1.800,0.000,1.000,1.0
2010-09-11,16:42:00,0.380,0.180,242.620,1.800,0.000,1.000,0.0
2010-09-11,16:43:00,0.378,0.178,242.060,1.800,0.000,1.000,1.0
2010-09-11,16:44:00,0.378,0.176,241.610,1.800,0.000,1.000,1.0
2010-09-11,16:45:00,0.378,0.178,242.200,1.800,0.000,1.000,0.0
2010-09-11,16:46:00,0.378,0.180,242.250,1.800,0.000,2.000,1.0
2010-09-11,16:47:00,0.288,0.048,242.400,1.200,0.000,1.000,1.0
2010-09-11,16:48:00,0.286,0.048,243.030,1.200,0.000,1.000,0.0
2010-09-11,16:49:00,0.288,0.046,242.600,1.200,0.000,1.000,1.0
2010-09-11,16:50:00,0.290,0.046,242.450,1.200,0.000,1.000,0.0
2010-09-11,16:51:00,0.326,0.054,242.700,1.600,0.000,1.000,1.0
2010-09-11,16:52:00,0.380,0.146,242.580,1.600,0.000,2.000,1.0
2010-09-11,16:53:00,0.380,0.146,242.370,1.600,0.000,1.000,0.0
2010-09-11,16:54:00,0.380,0.144,242.020,1.600,0.000,1.000,1.0
2010-09-11,16:55:00,0.378,0.144,241.480,1.600,0.000,1.000,1.0
2010-09-11,16:56:00,0.378,0.146,241.980,1.600,0.000,1.000,0.0
2010-09-11,16:57:00,0.376,0.148,242.310,1.600,0.000,1.000,1.0
2010-09-11,16:58:00,0.374,0.150,243.050,1.600,0.000,1.000,1.0
2010-09-11,16:59:00,0.372,0.152,243.660,1.600,0.000,2.000,0.0
2010-09-11,17:00:00,0.438,0.226,243.730,2.000,0.000,1.000,1.0
2010-09-11,17:01:00,0.474,0.286,243.210,2.200,0.000,1.000,1.0
2010-09-11,17:02:00,0.470,0.288,243.500,2.200,0.000,1.000,0.0
2010-09-11,17:03:00,0.430,0.236,243.600,2.000,0.000,1.000,1.0
2010-09-11,17:04:00,0.392,0.184,243.730,1.800,0.000,1.000,1.0
2010-09-11,17:05:00,0.392,0.184,243.850,1.800,0.000,1.000,0.0
2010-09-11,17:06:00,0.390,0.184,243.920,1.800,0.000,2.000,1.0
2010-09-11,17:07:00,0.390,0.186,244.100,1.800,0.000,1.000,1.0
2010-09-11,17:08:00,0.388,0.186,244.020,1.800,0.000,1.000,0.0
2010-09-11,17:09:00,0.388,0.184,243.830,1.800,0.000,1.000,1.0
2010-09-11,17:10:00,0.388,0.182,243.650,1.800,0.000,1.000,1.0
2010-09-11,17:11:00,0.384,0.178,242.540,1.800,0.000,1.000,0.0
2010-09-11,17:12:00,0.382,0.178,242.430,1.800,0.000,1.000,1.0
2010-09-11,17:13:00,0.386,0.182,242.580,1.800,0.000,2.000,0.0
2010-09-11,17:14:00,0.396,0.188,243.260,1.800,0.000,1.000,1.0
2010-09-11,17:15:00,0.398,0.188,243.620,1.800,0.000,1.000,1.0
2010-09-11,17:16:00,0.396,0.188,243.460,1.800,0.000,1.000,0.0
2010-09-11,17:17:00,0.312,0.066,244.020,1.400,0.000,1.000,1.0
2010-09-11,17:18:00,0.318,0.048,243.490,1.400,0.000,1.000,1.0
2010-09-11,17:19:00,0.846,0.000,242.860,4.200,0.000,1.000,6.0
2010-09-11,17:20:00,1.518,0.000,241.810,6.200,0.000,2.000,20.0
2010-09-11,17:21:00,1.502,0.000,241.760,6.200,0.000,1.000,19.0
2010-09-11,17:22:00,1.434,0.000,241.710,5.800,0.000,1.000,19.0
2010-09-11,17:23:00,1.372,0.000,241.470,5.600,0.000,1.000,18.0
2010-09-11,17:24:00,1.356,0.000,240.400,5.600,0.000,1.000,19.0
2010-09-11,17:25:00,1.740,0.174,240.190,7.400,0.000,1.000,24.0
2010-09-11,17:26:00,1.994,0.264,240.390,8.200,0.000,1.000,29.0
2010-09-11,17:27:00,2.062,0.298,240.190,8.600,0.000,2.000,29.0
2010-09-11,17:28:00,2.120,0.370,240.810,8.800,0.000,1.000,30.0
2010-09-11,17:29:00,2.130,0.374,241.240,8.800,0.000,1.000,30.0
2010-09-11,17:30:00,1.858,0.286,240.290,7.800,0.000,1.000,26.0
2010-09-11,17:31:00,2.492,0.254,240.090,10.600,0.000,1.000,19.0
2010-09-11,17:32:00,2.800,0.250,239.340,11.600,0.000,1.000,18.0
2010-09-11,17:33:00,2.800,0.252,239.640,11.600,0.000,1.000,18.0
2010-09-11,17:34:00,2.804,0.252,239.990,11.600,0.000,2.000,18.0
2010-09-11,17:35:00,1.744,0.264,240.970,7.600,0.000,1.000,19.0
2010-09-11,17:36:00,1.508,0.266,241.000,6.200,0.000,1.000,18.0
2010-09-11,17:37:00,1.500,0.264,240.410,6.200,0.000,1.000,19.0
2010-09-11,17:38:00,1.454,0.196,240.360,6.000,0.000,1.000,18.0
2010-09-11,17:39:00,1.426,0.160,240.230,6.000,0.000,1.000,18.0
2010-09-11,17:40:00,1.426,0.160,240.410,5.800,0.000,1.000,18.0
2010-09-11,17:41:00,1.430,0.162,240.810,6.000,0.000,1.000,19.0
2010-09-11,17:42:00,1.432,0.162,240.920,6.000,0.000,2.000,18.0
2010-09-11,17:43:00,1.430,0.162,240.850,6.000,0.000,1.000,19.0
2010-09-11,17:44:00,1.430,0.164,240.960,6.000,0.000,1.000,18.0
2010-09-11,17:45:00,1.426,0.160,240.620,5.800,0.000,1.000,18.0
2010-09-11,17:46:00,1.402,0.120,241.000,5.800,0.000,1.000,19.0
2010-09-11,17:47:00,1.340,0.000,241.030,5.400,0.000,1.000,18.0
2010-09-11,17:48:00,1.338,0.000,241.050,5.400,0.000,1.000,19.0
2010-09-11,17:49:00,1.338,0.000,241.370,5.400,0.000,2.000,18.0
2010-09-11,17:50:00,1.334,0.000,240.950,5.400,0.000,1.000,19.0
2010-09-11,17:51:00,1.332,0.000,240.810,5.400,0.000,1.000,18.0
2010-09-11,17:52:00,1.322,0.000,239.880,5.400,0.000,1.000,18.0
2010-09-11,17:53:00,1.324,0.000,240.080,5.400,0.000,1.000,18.0
2010-09-11,17:54:00,1.320,0.000,239.790,5.400,0.000,1.000,19.0
2010-09-11,17:55:00,1.322,0.000,239.930,5.400,0.000,1.000,18.0
2010-09-11,17:56:00,1.332,0.000,240.210,5.400,0.000,1.000,18.0
2010-09-11,17:57:00,1.334,0.000,240.000,5.400,0.000,2.000,19.0
2010-09-11,17:58:00,1.336,0.000,239.950,5.400,0.000,1.000,18.0
2010-09-11,17:59:00,1.336,0.000,240.010,5.400,0.000,1.000,18.0
2010-09-11,18:00:00,1.392,0.086,239.600,5.800,0.000,1.000,18.0
2010-09-11,18:01:00,1.452,0.160,240.890,6.000,0.000,1.000,19.0
2010-09-11,18:02:00,1.444,0.160,240.680,6.000,0.000,1.000,18.0
2010-09-11,18:03:00,1.560,0.252,239.430,6.600,0.000,1.000,18.0
2010-09-11,18:04:00,1.506,0.258,239.540,6.200,0.000,2.000,18.0
2010-09-11,18:05:00,1.510,0.260,240.120,6.400,0.000,1.000,19.0
2010-09-11,18:06:00,1.506,0.260,239.940,6.200,0.000,1.000,18.0
2010-09-11,18:07:00,1.496,0.258,239.420,6.200,0.000,1.000,18.0
2010-09-11,18:08:00,1.504,0.260,239.940,6.200,0.000,1.000,18.0
2010-09-11,18:09:00,1.512,0.264,240.950,6.200,0.000,1.000,19.0
2010-09-11,18:10:00,1.510,0.266,241.090,6.200,0.000,1.000,18.0
2010-09-11,18:11:00,1.498,0.260,240.020,6.200,0.000,1.000,18.0
2010-09-11,18:12:00,1.494,0.260,239.800,6.200,0.000,2.000,19.0
2010-09-11,18:13:00,1.468,0.222,239.980,6.200,0.000,1.000,18.0
2010-09-11,18:14:00,1.434,0.160,240.640,6.000,0.000,1.000,18.0
2010-09-11,18:15:00,1.418,0.134,240.910,5.800,0.000,1.000,19.0
2010-09-11,18:16:00,1.344,0.000,240.750,5.600,0.000,1.000,18.0
2010-09-11,18:17:00,0.908,0.000,241.650,4.200,0.000,1.000,13.0
2010-09-11,18:18:00,0.410,0.000,242.590,1.600,0.000,1.000,0.0
2010-09-11,18:19:00,0.456,0.000,242.270,1.800,0.000,2.000,1.0
2010-09-11,18:20:00,0.456,0.000,242.470,1.800,0.000,1.000,1.0
2010-09-11,18:21:00,0.458,0.000,243.160,1.800,0.000,1.000,0.0
2010-09-11,18:22:00,0.422,0.000,242.930,1.800,0.000,1.000,1.0
2010-09-11,18:23:00,0.280,0.000,242.440,1.200,0.000,1.000,1.0
2010-09-11,18:24:00,0.282,0.000,242.710,1.200,0.000,1.000,0.0
2010-09-11,18:25:00,0.282,0.000,242.940,1.200,0.000,1.000,1.0
2010-09-11,18:26:00,0.280,0.000,242.550,1.200,0.000,1.000,1.0
2010-09-11,18:27:00,0.282,0.000,242.550,1.200,0.000,2.000,0.0
2010-09-11,18:28:00,0.282,0.000,243.080,1.200,0.000,1.000,1.0
2010-09-11,18:29:00,0.330,0.092,242.070,1.600,0.000,1.000,0.0
2010-09-11,18:30:00,0.386,0.174,240.540,1.800,0.000,1.000,1.0
2010-09-11,18:31:00,0.380,0.174,240.370,1.800,0.000,1.000,1.0
2010-09-11,18:32:00,0.420,0.198,240.760,2.200,0.000,1.000,0.0
2010-09-11,18:33:00,1.000,0.410,240.050,4.400,0.000,1.000,12.0
2010-09-11,18:34:00,1.014,0.408,239.810,4.400,0.000,2.000,11.0
2010-09-11,18:35:00,1.010,0.412,238.850,4.600,0.000,1.000,12.0
2010-09-11,18:36:00,1.018,0.414,239.090,4.600,0.000,1.000,12.0
2010-09-11,18:37:00,1.026,0.422,239.870,4.600,0.000,1.000,13.0
2010-09-11,18:38:00,0.624,0.322,240.250,3.200,0.000,1.000,4.0
2010-09-11,18:39:00,0.628,0.292,240.930,2.800,0.000,1.000,1.0
2010-09-11,18:40:00,0.650,0.288,240.290,3.000,0.000,2.000,1.0
2010-09-11,18:41:00,0.408,0.296,240.850,2.000,0.000,1.000,0.0
2010-09-11,18:42:00,0.404,0.296,240.680,2.000,0.000,1.000,1.0
2010-09-11,18:43:00,0.402,0.296,240.720,2.000,0.000,1.000,1.0
2010-09-11,18:44:00,0.330,0.192,240.620,1.600,0.000,1.000,0.0
2010-09-11,18:45:00,0.308,0.162,240.450,1.400,0.000,1.000,1.0
2010-09-11,18:46:00,0.306,0.162,240.510,1.400,0.000,2.000,0.0
2010-09-11,18:47:00,0.308,0.164,241.150,1.400,0.000,1.000,1.0
2010-09-11,18:48:00,0.290,0.138,240.390,1.400,0.000,1.000,1.0
2010-09-11,18:49:00,0.238,0.062,241.850,1.000,0.000,1.000,0.0
2010-09-11,18:50:00,0.238,0.062,241.720,1.000,0.000,1.000,1.0
2010-09-11,18:51:00,0.238,0.064,242.330,1.000,0.000,1.000,1.0
2010-09-11,18:52:00,0.238,0.064,242.240,1.000,0.000,2.000,0.0
2010-09-11,18:53:00,0.238,0.064,242.620,1.000,0.000,1.000,1.0
2010-09-11,18:54:00,0.238,0.062,241.980,1.000,0.000,1.000,1.0
2010-09-11,18:55:00,0.238,0.064,242.780,1.000,0.000,1.000,0.0
2010-09-11,18:56:00,0.238,0.064,242.710,1.000,0.000,1.000,1.0
2010-09-11,18:57:00,0.238,0.062,242.270,1.000,0.000,1.000,1.0
2010-09-11,18:58:00,0.336,0.174,242.200,1.600,0.000,2.000,0.0
2010-09-11,18:59:00,0.344,0.198,242.500,1.600,0.000,1.000,1.0
2010-09-11,19:00:00,0.338,0.198,242.370,1.600,0.000,1.000,1.0
2010-09-11,19:01:00,0.336,0.198,242.380,1.600,0.000,1.000,0.0
2010-09-11,19:02:00,0.334,0.198,242.300,1.600,0.000,1.000,1.0
2010-09-11,19:03:00,0.334,0.200,242.510,1.600,0.000,1.000,0.0
2010-09-11,19:04:00,0.332,0.200,242.410,1.600,0.000,1.000,1.0
2010-09-11,19:05:00,0.332,0.200,242.600,1.600,0.000,2.000,1.0
2010-09-11,19:06:00,0.332,0.200,242.460,1.600,0.000,1.000,0.0
2010-09-11,19:07:00,0.330,0.196,241.550,1.600,0.000,1.000,1.0
2010-09-11,19:08:00,0.328,0.194,241.460,1.600,0.000,1.000,1.0
2010-09-11,19:09:00,0.328,0.192,240.720,1.600,0.000,1.000,0.0
2010-09-11,19:10:00,0.326,0.192,240.550,1.600,0.000,1.000,1.0
2010-09-11,19:11:00,0.326,0.192,240.610,1.600,0.000,1.000,1.0
2010-09-11,19:12:00,0.272,0.114,240.430,1.200,0.000,2.000,0.0
2010-09-11,19:13:00,0.252,0.066,241.360,1.200,0.000,1.000,1.0
2010-09-11,19:14:00,0.316,0.168,242.110,1.400,0.000,1.000,1.0
2010-09-11,19:15:00,0.314,0.166,241.900,1.400,0.000,1.000,0.0
2010-09-11,19:16:00,0.314,0.164,241.300,1.400,0.000,1.000,1.0
2010-09-11,19:17:00,0.312,0.164,240.840,1.400,0.000,1.000,0.0
2010-09-11,19:18:00,0.310,0.164,241.000,1.400,0.000,1.000,1.0
2010-09-11,19:19:00,0.308,0.164,241.000,1.400,0.000,2.000,1.0
2010-09-11,19:20:00,0.308,0.166,241.670,1.400,0.000,1.000,0.0
2010-09-11,19:21:00,0.306,0.166,241.790,1.400,0.000,1.000,1.0
2010-09-11,19:22:00,0.306,0.168,241.950,1.400,0.000,1.000,1.0
2010-09-11,19:23:00,0.306,0.168,242.270,1.400,0.000,1.000,0.0
2010-09-11,19:24:00,0.238,0.064,242.060,1.000,0.000,1.000,1.0
2010-09-11,19:25:00,0.236,0.064,241.890,1.000,0.000,1.000,1.0
2010-09-11,19:26:00,0.306,0.138,242.250,1.400,0.000,2.000,0.0
2010-09-11,19:27:00,0.342,0.196,241.890,1.600,0.000,1.000,1.0
2010-09-11,19:28:00,0.336,0.194,241.270,1.600,0.000,1.000,1.0
2010-09-11,19:29:00,0.334,0.194,241.080,1.600,0.000,1.000,0.0
2010-09-11,19:30:00,0.332,0.192,240.700,1.600,0.000,1.000,1.0
2010-09-11,19:31:00,0.330,0.192,240.520,1.600,0.000,1.000,0.0
2010-09-11,19:32:00,0.328,0.192,240.710,1.600,0.000,1.000,1.0
2010-09-11,19:33:00,0.328,0.192,240.770,1.600,0.000,1.000,1.0
2010-09-11,19:34:00,0.328,0.194,241.140,1.600,0.000,2.000,0.0
2010-09-11,19:35:00,0.328,0.194,241.380,1.600,0.000,1.000,1.0
2010-09-11,19:36:00,0.326,0.188,239.990,1.600,0.000,1.000,1.0
2010-09-11,19:37:00,0.478,0.238,238.000,2.600,0.000,1.000,2.0
2010-09-11,19:38:00,0.956,0.398,237.250,4.400,0.000,1.000,11.0
2010-09-11,19:39:00,0.974,0.400,237.440,4.400,0.000,1.000,12.0
2010-09-11,19:40:00,0.950,0.322,237.050,4.200,0.000,1.000,12.0
2010-09-11,19:41:00,0.918,0.266,236.870,4.000,0.000,1.000,12.0
2010-09-11,19:42:00,0.922,0.266,236.620,4.000,0.000,2.000,12.0
2010-09-11,19:43:00,0.440,0.120,238.190,2.400,0.000,1.000,5.0
2010-09-11,19:44:00,0.232,0.056,238.590,1.000,0.000,1.000,1.0
2010-09-11,19:45:00,0.296,0.054,238.440,1.400,0.000,1.000,0.0
2010-09-11,19:46:00,0.232,0.054,238.440,1.000,0.000,1.000,1.0
2010-09-11,19:47:00,0.232,0.054,238.340,1.000,0.000,1.000,1.0
2010-09-11,19:48:00,0.288,0.052,237.420,1.400,0.000,1.000,0.0
2010-09-11,19:49:00,0.382,0.214,236.540,2.000,0.000,1.000,1.0
2010-09-11,19:50:00,0.412,0.282,237.520,2.000,0.000,2.000,0.0
2010-09-11,19:51:00,0.410,0.282,238.000,2.000,0.000,1.000,1.0
2010-09-11,19:52:00,0.406,0.282,237.800,2.000,0.000,1.000,1.0
2010-09-11,19:53:00,0.400,0.278,237.000,2.000,0.000,1.000,0.0
2010-09-11,19:54:00,0.398,0.278,237.160,2.000,0.000,1.000,1.0
2010-09-11,19:55:00,0.396,0.280,237.470,2.000,0.000,1.000,1.0
2010-09-11,19:56:00,0.396,0.286,238.780,2.000,0.000,1.000,0.0
2010-09-11,19:57:00,0.394,0.286,238.520,2.000,0.000,1.000,1.0
2010-09-11,19:58:00,0.378,0.264,238.480,1.800,0.000,2.000,0.0
2010-09-11,19:59:00,0.324,0.184,238.620,1.600,0.000,1.000,1.0
2010-09-11,20:00:00,0.324,0.184,238.490,1.600,0.000,1.000,1.0
2010-09-11,20:01:00,0.324,0.186,238.870,1.600,0.000,1.000,0.0
2010-09-11,20:02:00,0.324,0.186,239.020,1.600,0.000,1.000,1.0
2010-09-11,20:03:00,0.324,0.186,239.230,1.600,0.000,1.000,1.0
2010-09-11,20:04:00,0.324,0.188,239.320,1.600,0.000,1.000,0.0
2010-09-11,20:05:00,0.240,0.068,239.670,1.000,0.000,1.000,1.0
2010-09-11,20:06:00,0.234,0.058,240.060,1.000,0.000,2.000,0.0
2010-09-11,20:07:00,0.234,0.058,239.760,1.000,0.000,1.000,1.0
2010-09-11,20:08:00,0.232,0.056,239.370,1.000,0.000,1.000,1.0
2010-09-11,20:09:00,0.232,0.056,239.340,1.000,0.000,1.000,0.0
2010-09-11,20:10:00,0.614,0.048,238.600,2.800,0.000,1.000,1.0
2010-09-11,20:11:00,1.088,0.000,238.070,4.600,0.000,1.000,1.0
2010-09-11,20:12:00,0.486,0.050,238.660,2.600,0.000,1.000,0.0
2010-09-11,20:13:00,0.230,0.052,238.790,1.000,0.000,1.000,1.0
2010-09-11,20:14:00,0.230,0.052,238.560,1.000,0.000,1.000,1.0
2010-09-11,20:15:00,0.634,0.048,238.530,3.000,0.000,2.000,0.0
2010-09-11,20:16:00,0.230,0.052,238.450,1.000,0.000,1.000,1.0
2010-09-11,20:17:00,0.376,0.052,238.950,2.000,0.000,1.000,0.0
2010-09-11,20:18:00,0.480,0.052,239.700,2.400,0.000,1.000,1.0
2010-09-11,20:19:00,0.254,0.070,240.200,1.200,0.000,1.000,1.0
2010-09-11,20:20:00,0.576,0.182,239.580,2.800,0.000,1.000,0.0
2010-09-11,20:21:00,0.482,0.186,239.940,2.400,0.000,1.000,1.0
2010-09-11,20:22:00,0.332,0.186,239.940,1.600,0.000,1.000,1.0
2010-09-11,20:23:00,0.586,0.180,239.270,3.000,0.000,2.000,0.0
2010-09-11,20:24:00,0.534,0.270,239.320,2.800,0.000,1.000,1.0
2010-09-11,20:25:00,0.404,0.286,239.490,2.000,0.000,1.000,0.0
2010-09-11,20:26:00,0.606,0.294,241.830,3.000,0.000,1.000,1.0
2010-09-11,20:27:00,0.692,0.294,242.000,3.200,0.000,1.000,1.0
2010-09-11,20:28:00,0.688,0.288,241.320,3.000,0.000,1.000,0.0
2010-09-11,20:29:00,0.738,0.286,240.980,3.400,0.000,1.000,1.0
2010-09-11,20:30:00,1.004,0.284,240.940,4.600,0.000,2.000,1.0
2010-09-11,20:31:00,0.682,0.290,241.550,3.000,0.000,1.000,0.0
2010-09-11,20:32:00,0.682,0.290,241.340,3.000,0.000,1.000,1.0
2010-09-11,20:33:00,0.950,0.136,240.680,4.200,0.000,1.000,1.0
2010-09-11,20:34:00,0.520,0.052,241.250,2.200,0.000,1.000,0.0
2010-09-11,20:35:00,0.520,0.052,241.190,2.200,0.000,1.000,1.0
2010-09-11,20:36:00,0.706,0.050,241.350,3.200,0.000,1.000,1.0
2010-09-11,20:37:00,0.688,0.050,241.290,3.200,0.000,1.000,0.0
2010-09-11,20:38:00,0.672,0.050,241.460,3.000,0.000,2.000,1.0
2010-09-11,20:39:00,1.368,0.000,240.530,5.600,0.000,1.000,0.0
2010-09-11,20:40:00,1.778,0.000,239.490,7.400,0.000,1.000,1.0
2010-09-11,20:41:00,1.794,0.000,239.110,7.400,0.000,1.000,1.0
2010-09-11,20:42:00,1.840,0.000,239.850,7.600,0.000,1.000,0.0
2010-09-11,20:43:00,1.844,0.000,240.200,7.600,0.000,1.000,1.0
2010-09-11,20:44:00,1.802,0.000,239.920,7.400,0.000,1.000,1.0
2010-09-11,20:45:00,1.948,0.208,239.790,8.200,0.000,1.000,0.0
2010-09-11,20:46:00,2.030,0.228,239.980,8.400,0.000,2.000,1.0
2010-09-11,20:47:00,2.394,0.218,239.980,10.000,0.000,1.000,1.0
2010-09-11,20:48:00,2.508,0.344,239.160,10.600,0.000,1.000,0.0
2010-09-11,20:49:00,2.462,0.334,238.380,10.400,0.000,1.000,1.0
2010-09-11,20:50:00,1.706,0.342,239.260,7.200,0.000,1.000,0.0
2010-09-11,20:51:00,1.764,0.340,239.410,7.400,0.000,1.000,1.0
2010-09-11,20:52:00,1.970,0.342,240.480,8.200,0.000,1.000,1.0
2010-09-11,20:53:00,1.976,0.342,240.870,8.200,0.000,1.000,0.0
2010-09-11,20:54:00,2.112,0.400,240.280,9.000,0.000,2.000,3.0
2010-09-11,20:55:00,2.626,0.610,239.730,11.200,0.000,1.000,11.0
2010-09-11,20:56:00,2.678,0.672,239.910,11.400,0.000,1.000,11.0
2010-09-11,20:57:00,2.758,0.666,239.410,11.800,0.000,1.000,12.0
2010-09-11,20:58:00,2.750,0.664,239.530,11.800,0.000,1.000,13.0
2010-09-11,20:59:00,2.754,0.638,239.330,11.800,0.000,1.000,12.0
2010-09-11,21:00:00,2.144,0.438,241.390,9.000,0.000,1.000,1.0
2010-09-11,21:01:00,2.392,0.310,240.930,10.000,0.000,1.000,0.0
2010-09-11,21:02:00,1.954,0.306,242.130,8.000,0.000,1.000,1.0
2010-09-11,21:03:00,1.956,0.308,242.600,8.000,0.000,2.000,1.0
2010-09-11,21:04:00,1.954,0.306,242.420,8.000,0.000,1.000,0.0
2010-09-11,21:05:00,1.954,0.306,242.410,8.000,0.000,1.000,1.0
2010-09-11,21:06:00,1.962,0.308,243.070,8.000,0.000,1.000,0.0
2010-09-11,21:07:00,1.962,0.308,243.120,8.000,0.000,1.000,1.0
2010-09-11,21:08:00,1.968,0.308,243.620,8.000,0.000,1.000,1.0
2010-09-11,21:09:00,1.930,0.258,243.240,8.000,0.000,1.000,0.0
2010-09-11,21:10:00,1.886,0.198,242.570,7.800,0.000,2.000,1.0
2010-09-11,21:11:00,1.882,0.198,242.250,7.800,0.000,1.000,1.0
2010-09-11,21:12:00,1.874,0.196,241.720,7.800,0.000,1.000,0.0
2010-09-11,21:13:00,1.876,0.196,241.860,7.800,0.000,1.000,1.0
2010-09-11,21:14:00,1.874,0.196,241.750,7.800,0.000,1.000,1.0
2010-09-11,21:15:00,1.912,0.226,241.970,7.800,0.000,1.000,0.0
2010-09-11,21:16:00,1.986,0.332,242.230,8.200,0.000,1.000,1.0
2010-09-11,21:17:00,1.984,0.332,242.320,8.200,0.000,1.000,1.0
2010-09-11,21:18:00,1.974,0.330,241.900,8.200,0.000,2.000,0.0
2010-09-11,21:19:00,1.998,0.330,241.770,8.200,0.000,1.000,1.0
2010-09-11,21:20:00,2.068,0.328,241.370,8.600,0.000,1.000,1.0
2010-09-11,21:21:00,2.058,0.338,241.330,8.600,0.000,1.000,0.0
2010-09-11,21:22:00,1.966,0.330,241.570,8.200,0.000,1.000,1.0
2010-09-11,21:23:00,1.902,0.272,242.180,7.800,0.000,1.000,1.0
2010-09-11,21:24:00,1.784,0.174,241.940,7.400,0.000,1.000,0.0
2010-09-11,21:25:00,1.774,0.086,242.160,7.200,0.000,1.000,1.0
2010-09-11,21:26:00,1.722,0.054,242.370,7.000,0.000,0.000,0.0
2010-09-11,21:27:00,1.716,0.054,242.050,7.000,0.000,0.000,1.0
2010-09-11,21:28:00,1.718,0.054,242.120,7.000,0.000,0.000,1.0
2010-09-11,21:29:00,1.634,0.078,242.660,6.600,0.000,0.000,0.0
2010-09-11,21:30:00,1.636,0.080,242.990,6.600,0.000,0.000,1.0
2010-09-11,21:31:00,1.626,0.080,242.160,6.600,0.000,0.000,1.0
2010-09-11,21:32:00,1.624,0.082,242.030,6.600,0.000,0.000,0.0
2010-09-11,21:33:00,1.626,0.082,242.140,6.600,0.000,0.000,1.0
2010-09-11,21:34:00,1.624,0.082,241.970,6.600,0.000,0.000,1.0
2010-09-11,21:35:00,1.654,0.068,242.500,6.800,0.000,0.000,0.0
2010-09-11,21:36:00,1.708,0.000,242.610,7.000,0.000,0.000,1.0
2010-09-11,21:37:00,1.708,0.000,242.640,7.000,0.000,0.000,1.0
2010-09-11,21:38:00,1.712,0.000,242.840,7.000,0.000,0.000,0.0
2010-09-11,21:39:00,1.726,0.000,243.150,7.000,0.000,0.000,1.0
2010-09-11,21:40:00,1.762,0.072,242.840,7.200,0.000,0.000,1.0
2010-09-11,21:41:00,1.906,0.200,242.930,7.800,0.000,0.000,0.0
2010-09-11,21:42:00,1.898,0.194,242.560,7.800,0.000,0.000,1.0
2010-09-11,21:43:00,1.966,0.264,242.940,8.200,0.000,0.000,1.0
2010-09-11,21:44:00,2.004,0.326,242.880,8.200,0.000,0.000,0.0
2010-09-11,21:45:00,1.996,0.324,242.830,8.200,0.000,0.000,1.0
2010-09-11,21:46:00,1.990,0.322,242.650,8.200,0.000,0.000,1.0
2010-09-11,21:47:00,1.986,0.320,242.590,8.200,0.000,0.000,0.0
2010-09-11,21:48:00,1.988,0.322,242.790,8.200,0.000,0.000,1.0
2010-09-11,21:49:00,1.944,0.252,242.820,8.000,0.000,0.000,0.0
2010-09-11,21:50:00,1.916,0.216,242.720,7.800,0.000,0.000,1.0
2010-09-11,21:51:00,1.788,0.108,242.900,7.400,0.000,0.000,1.0
2010-09-11,21:52:00,1.730,0.056,243.110,7.000,0.000,0.000,0.0
2010-09-11,21:53:00,1.734,0.058,243.500,7.000,0.000,0.000,1.0
2010-09-11,21:54:00,1.734,0.058,243.570,7.000,0.000,0.000,1.0
2010-09-11,21:55:00,1.730,0.056,243.270,7.000,0.000,0.000,0.0
2010-09-11,21:56:00,1.734,0.056,243.270,7.000,0.000,0.000,1.0
2010-09-11,21:57:00,1.650,0.066,243.260,6.800,0.000,0.000,1.0
2010-09-11,21:58:00,1.640,0.078,243.400,6.600,0.000,0.000,0.0
2010-09-11,21:59:00,1.640,0.078,243.550,6.600,0.000,0.000,1.0
2010-09-11,22:00:00,1.640,0.078,243.440,6.600,0.000,0.000,1.0
2010-09-11,22:01:00,1.630,0.080,242.600,6.600,0.000,0.000,0.0
2010-09-11,22:02:00,1.634,0.080,242.970,6.600,0.000,0.000,1.0
2010-09-11,22:03:00,1.638,0.080,243.270,6.600,0.000,0.000,1.0
2010-09-11,22:04:00,1.638,0.078,243.340,6.600,0.000,0.000,0.0
2010-09-11,22:05:00,1.670,0.080,243.330,6.800,0.000,0.000,1.0
2010-09-11,22:06:00,1.690,0.080,243.440,6.800,0.000,0.000,1.0
2010-09-11,22:07:00,1.652,0.078,244.590,6.600,0.000,0.000,0.0
2010-09-11,22:08:00,1.654,0.078,244.820,6.600,0.000,0.000,1.0
2010-09-11,22:09:00,1.688,0.050,244.770,6.800,0.000,0.000,1.0
2010-09-11,22:10:00,2.322,0.276,243.860,9.600,0.000,0.000,9.0
2010-09-11,22:11:00,2.436,0.352,243.780,10.000,0.000,0.000,12.0
2010-09-11,22:12:00,2.524,0.432,244.440,10.400,0.000,0.000,12.0
2010-09-11,22:13:00,2.552,0.448,245.950,10.400,0.000,0.000,13.0
2010-09-11,22:14:00,2.548,0.442,245.580,10.400,0.000,0.000,12.0
2010-09-11,22:15:00,1.882,0.190,246.270,7.600,0.000,0.000,2.0
2010-09-11,22:16:00,1.836,0.174,246.060,7.400,0.000,0.000,1.0
2010-09-11,22:17:00,1.834,0.174,246.330,7.400,0.000,0.000,1.0
2010-09-11,22:18:00,1.836,0.176,246.640,7.400,0.000,0.000,0.0
2010-09-11,22:19:00,1.836,0.176,246.710,7.400,0.000,0.000,1.0
2010-09-11,22:20:00,1.796,0.124,246.090,7.200,0.000,0.000,1.0
2010-09-11,22:21:00,1.750,0.064,245.250,7.000,0.000,0.000,1.0
2010-09-11,22:22:00,1.744,0.062,244.810,7.000,0.000,0.000,0.0
2010-09-11,22:23:00,1.740,0.060,244.530,7.000,0.000,0.000,1.0
2010-09-11,22:24:00,1.744,0.062,244.870,7.000,0.000,0.000,0.0
2010-09-11,22:25:00,1.676,0.000,244.990,6.800,0.000,0.000,1.0
2010-09-11,22:26:00,1.654,0.076,245.110,6.600,0.000,0.000,1.0
2010-09-11,22:27:00,1.652,0.076,245.020,6.600,0.000,0.000,0.0
2010-09-11,22:28:00,1.650,0.078,244.740,6.600,0.000,0.000,1.0
2010-09-11,22:29:00,1.700,0.078,244.690,7.000,0.000,0.000,1.0
2010-09-11,22:30:00,2.148,0.082,244.010,8.800,0.000,0.000,0.0
2010-09-11,22:31:00,2.132,0.072,244.140,8.600,0.000,0.000,1.0
2010-09-11,22:32:00,2.134,0.070,244.260,8.600,0.000,0.000,1.0
2010-09-11,22:33:00,2.146,0.058,244.480,8.600,0.000,0.000,0.0
2010-09-11,22:34:00,2.192,0.060,244.090,8.800,0.000,0.000,1.0
2010-09-11,22:35:00,2.140,0.092,244.100,8.800,0.000,0.000,1.0
2010-09-11,22:36:00,1.936,0.144,244.360,7.800,0.000,0.000,0.0
2010-09-11,22:37:00,1.808,0.150,244.960,7.400,0.000,0.000,1.0
2010-09-11,22:38:00,1.910,0.150,244.970,7.800,0.000,0.000,1.0
2010-09-11,22:39:00,1.974,0.104,245.370,8.000,0.000,0.000,0.0
2010-09-11,22:40:00,2.322,0.340,245.280,9.600,0.000,0.000,1.0
2010-09-11,22:41:00,2.358,0.232,245.160,9.600,0.000,0.000,1.0
2010-09-11,22:42:00,2.024,0.068,245.740,8.200,0.000,0.000,0.0
2010-09-11,22:43:00,1.904,0.000,245.690,7.600,0.000,0.000,1.0
2010-09-11,22:44:00,1.906,0.000,245.370,7.600,0.000,0.000,1.0
2010-09-11,22:45:00,1.918,0.000,245.540,7.800,0.000,0.000,0.0
2010-09-11,22:46:00,2.000,0.164,245.330,8.200,0.000,0.000,1.0
2010-09-11,22:47:00,2.722,0.248,244.030,11.600,0.000,0.000,1.0
2010-09-11,22:48:00,2.354,0.122,244.640,9.800,0.000,0.000,0.0
2010-09-11,22:49:00,2.512,0.118,244.130,10.600,0.000,0.000,1.0
2010-09-11,22:50:00,2.328,0.110,244.210,9.800,0.000,0.000,1.0
2010-09-11,22:51:00,1.966,0.094,243.960,8.000,0.000,0.000,0.0
2010-09-11,22:52:00,1.962,0.094,243.840,8.000,0.000,0.000,1.0
2010-09-11,22:53:00,1.926,0.000,244.210,7.800,0.000,0.000,1.0
2010-09-11,22:54:00,1.878,0.000,244.250,7.600,0.000,0.000,0.0
2010-09-11,22:55:00,1.876,0.000,244.320,7.600,0.000,0.000,1.0
2010-09-11,22:56:00,1.856,0.072,244.400,7.600,0.000,0.000,1.0
2010-09-11,22:57:00,1.816,0.150,244.360,7.400,0.000,0.000,0.0
2010-09-11,22:58:00,1.806,0.150,244.450,7.400,0.000,0.000,1.0
2010-09-11,22:59:00,1.820,0.150,244.730,7.400,0.000,0.000,1.0
2010-09-11,23:00:00,1.818,0.148,244.950,7.400,0.000,0.000,0.0
2010-09-11,23:01:00,1.902,0.150,244.910,7.800,0.000,0.000,1.0
2010-09-11,23:02:00,1.812,0.148,245.070,7.400,0.000,0.000,1.0
2010-09-11,23:03:00,1.820,0.148,245.780,7.400,0.000,0.000,0.0
2010-09-11,23:04:00,1.826,0.148,246.330,7.400,0.000,0.000,1.0
2010-09-11,23:05:00,1.840,0.148,246.580,7.400,0.000,0.000,1.0
2010-09-11,23:06:00,1.830,0.148,246.740,7.400,0.000,0.000,0.0
2010-09-11,23:07:00,1.866,0.110,246.300,7.600,0.000,0.000,1.0
2010-09-11,23:08:00,1.942,0.000,246.070,7.800,0.000,0.000,1.0
2010-09-11,23:09:00,1.928,0.000,246.160,7.800,0.000,0.000,0.0
2010-09-11,23:10:00,1.922,0.000,246.030,7.800,0.000,0.000,1.0
2010-09-11,23:11:00,1.944,0.000,246.070,7.800,0.000,0.000,1.0
2010-09-11,23:12:00,1.906,0.000,245.920,7.600,0.000,0.000,0.0
2010-09-11,23:13:00,1.928,0.000,245.960,7.800,0.000,0.000,1.0
2010-09-11,23:14:00,1.926,0.000,245.940,7.800,0.000,0.000,1.0
2010-09-11,23:15:00,1.904,0.000,245.830,7.600,0.000,0.000,0.0
2010-09-11,23:16:00,1.918,0.000,245.370,7.800,0.000,0.000,1.0
2010-09-11,23:17:00,1.918,0.000,245.450,7.800,0.000,0.000,1.0
2010-09-11,23:18:00,1.916,0.000,245.240,7.800,0.000,0.000,0.0
2010-09-11,23:19:00,1.906,0.000,245.240,7.800,0.000,0.000,1.0
2010-09-11,23:20:00,1.912,0.000,245.710,7.800,0.000,0.000,1.0
2010-09-11,23:21:00,2.196,0.000,245.490,9.000,0.000,0.000,4.0
2010-09-11,23:22:00,2.586,0.228,245.090,10.600,0.000,0.000,11.0
2010-09-11,23:23:00,2.602,0.228,244.970,10.600,0.000,0.000,12.0
2010-09-11,23:24:00,2.658,0.228,245.230,10.800,0.000,0.000,13.0
2010-09-11,23:25:00,2.664,0.228,245.330,10.800,0.000,0.000,12.0
2010-09-11,23:26:00,2.240,0.092,246.000,9.200,0.000,0.000,8.0
2010-09-11,23:27:00,1.904,0.000,246.590,7.600,0.000,0.000,0.0
2010-09-11,23:28:00,1.896,0.000,246.130,7.600,0.000,0.000,1.0
2010-09-11,23:29:00,1.904,0.000,245.910,7.800,0.000,0.000,1.0
2010-09-11,23:30:00,1.906,0.000,246.250,7.800,0.000,0.000,0.0
2010-09-11,23:31:00,1.870,0.060,246.470,7.600,0.000,0.000,1.0
2010-09-11,23:32:00,1.856,0.148,246.760,7.600,0.000,0.000,1.0
2010-09-11,23:33:00,1.894,0.148,246.700,7.600,0.000,0.000,0.0
2010-09-11,23:34:00,1.894,0.150,246.690,7.600,0.000,0.000,1.0
2010-09-11,23:35:00,1.888,0.106,246.690,7.600,0.000,0.000,1.0
2010-09-11,23:36:00,1.948,0.000,246.650,7.800,0.000,0.000,0.0
2010-09-11,23:37:00,1.938,0.000,247.110,7.800,0.000,0.000,1.0
2010-09-11,23:38:00,1.944,0.000,246.880,7.800,0.000,0.000,1.0
2010-09-11,23:39:00,1.916,0.000,246.660,7.600,0.000,0.000,0.0
2010-09-11,23:40:00,1.940,0.000,246.950,7.800,0.000,0.000,1.0
2010-09-11,23:41:00,1.936,0.000,246.670,7.800,0.000,0.000,1.0
2010-09-11,23:42:00,1.912,0.000,246.690,7.600,0.000,0.000,0.0
2010-09-11,23:43:00,1.926,0.000,246.850,7.800,0.000,0.000,1.0
2010-09-11,23:44:00,1.940,0.000,247.060,7.800,0.000,0.000,1.0
2010-09-11,23:45:00,1.926,0.000,247.010,7.800,0.000,0.000,0.0
2010-09-11,23:46:00,1.924,0.000,246.800,7.800,0.000,0.000,1.0
2010-09-11,23:47:00,1.926,0.000,247.010,7.800,0.000,0.000,1.0
2010-09-11,23:48:00,1.936,0.000,246.950,7.800,0.000,0.000,0.0
2010-09-11,23:49:00,1.850,0.122,247.010,7.400,0.000,0.000,1.0
2010-09-11,23:50:00,1.846,0.148,247.080,7.400,0.000,0.000,1.0
2010-09-11,23:51:00,1.822,0.148,247.080,7.400,0.000,0.000,0.0
2010-09-11,23:52:00,1.842,0.148,246.720,7.400,0.000,0.000,1.0
2010-09-11,23:53:00,1.842,0.148,246.690,7.400,0.000,0.000,1.0
2010-09-11,23:54:00,1.802,0.150,245.320,7.400,0.000,0.000,1.0
2010-09-11,23:55:00,1.826,0.150,245.370,7.400,0.000,0.000,0.0
2010-09-11,23:56:00,1.812,0.150,245.030,7.400,0.000,0.000,1.0
2010-09-11,23:57:00,1.884,0.084,245.230,7.600,0.000,0.000,1.0
2010-09-11,23:58:00,1.884,0.000,244.710,7.600,0.000,0.000,0.0
2010-09-11,23:59:00,1.900,0.000,245.430,7.600,0.000,0.000,1.0
