Date,Time,Global_active_power,Global_reactive_power,Voltage,Global_intensity,Sub_metering_1,Sub_metering_2,Sub_metering_3
2010-07-28,00:00:00,2.060,0.380,237.610,8.800,0.000,0.000,11.0
2010-07-28,00:01:00,2.086,0.380,237.460,8.800,0.000,0.000,12.0
2010-07-28,00:02:00,2.208,0.500,237.260,9.400,0.000,0.000,13.0
2010-07-28,00:03:00,2.190,0.496,237.300,9.400,0.000,2.000,12.0
2010-07-28,00:04:00,2.202,0.496,237.320,9.400,0.000,1.000,12.0
2010-07-28,00:05:00,1.764,0.380,238.030,7.600,0.000,1.000,6.0
2010-07-28,00:06:00,1.700,0.504,238.230,7.400,0.000,2.000,1.0
2010-07-28,00:07:00,1.686,0.500,238.940,7.200,0.000,1.000,0.0
2010-07-28,00:08:00,1.708,0.492,238.990,7.400,0.000,2.000,1.0
2010-07-28,00:09:00,2.734,0.684,235.640,12.400,0.000,1.000,1.0
2010-07-28,00:10:00,1.722,0.404,236.150,7.800,0.000,2.000,0.0
2010-07-28,00:11:00,1.470,0.298,236.510,6.200,0.000,1.000,1.0
2010-07-28,00:12:00,1.468,0.296,236.500,6.200,0.000,1.000,0.0
2010-07-28,00:13:00,1.468,0.296,236.500,6.200,0.000,2.000,1.0
2010-07-28,00:14:00,1.464,0.296,236.490,6.200,0.000,1.000,1.0
2010-07-28,00:15:00,1.466,0.296,236.670,6.200,0.000,2.000,0.0
2010-07-28,00:16:00,1.474,0.300,236.510,6.200,0.000,1.000,1.0
2010-07-28,00:17:00,1.460,0.298,236.640,6.200,0.000,1.000,1.0
2010-07-28,00:18:00,1.522,0.228,236.890,6.400,0.000,2.000,0.0
2010-07-28,00:19:00,1.556,0.174,236.550,6.600,0.000,1.000,1.0
2010-07-28,00:20:00,1.550,0.174,235.970,6.600,0.000,1.000,0.0
2010-07-28,00:21:00,1.554,0.170,236.630,6.600,0.000,2.000,1.0
2010-07-28,00:22:00,1.552,0.162,237.090,6.400,0.000,1.000,1.0
2010-07-28,00:23:00,1.554,0.176,236.970,6.600,0.000,1.000,0.0
2010-07-28,00:24:00,1.546,0.162,237.180,6.400,0.000,1.000,1.0
2010-07-28,00:25:00,1.546,0.160,236.770,6.400,0.000,2.000,0.0
2010-07-28,00:26:00,1.540,0.160,236.630,6.400,0.000,1.000,1.0
2010-07-28,00:27:00,1.540,0.160,236.710,6.400,0.000,1.000,1.0
2010-07-28,00:28:00,1.542,0.160,236.780,6.400,0.000,1.000,0.0
2010-07-28,00:29:00,1.550,0.160,236.910,6.400,0.000,2.000,1.0
2010-07-28,00:30:00,1.550,0.162,237.330,6.400,0.000,1.000,1.0
2010-07-28,00:31:00,1.548,0.160,237.080,6.400,0.000,1.000,0.0
2010-07-28,00:32:00,1.526,0.132,237.040,6.400,0.000,1.000,1.0
2010-07-28,00:33:00,1.410,0.052,237.170,5.800,0.000,0.000,0.0
2010-07-28,00:34:00,1.410,0.054,237.350,5.800,0.000,0.000,1.0
2010-07-28,00:35:00,1.406,0.054,237.020,5.800,0.000,0.000,1.0
2010-07-28,00:36:00,1.472,0.054,237.330,6.200,0.000,0.000,0.0
2010-07-28,00:37:00,1.412,0.054,237.310,5.800,0.000,0.000,1.0
2010-07-28,00:38:00,1.410,0.054,237.140,5.800,0.000,0.000,1.0
2010-07-28,00:39:00,1.410,0.054,237.280,5.800,0.000,0.000,0.0
2010-07-28,00:40:00,1.466,0.000,237.150,6.200,0.000,0.000,1.0
2010-07-28,00:41:00,1.498,0.000,237.090,6.200,1.000,0.000,0.0
2010-07-28,00:42:00,1.648,0.000,236.970,6.800,1.000,0.000,1.0
2010-07-28,00:43:00,1.718,0.074,236.980,7.200,1.000,0.000,1.0
2010-07-28,00:44:00,1.752,0.078,236.890,7.400,1.000,0.000,0.0
2010-07-28,00:45:00,1.686,0.080,236.790,7.000,1.000,0.000,1.0
2010-07-28,00:46:00,1.572,0.080,236.760,6.600,1.000,0.000,0.0
2010-07-28,00:47:00,1.574,0.082,237.120,6.600,2.000,0.000,1.0
2010-07-28,00:48:00,1.676,0.080,237.150,7.000,1.000,0.000,1.0
2010-07-28,00:49:00,2.184,0.074,236.630,9.400,1.000,0.000,7.0
2010-07-28,00:50:00,2.432,0.076,236.090,10.200,1.000,0.000,19.0
2010-07-28,00:51:00,2.344,0.078,236.330,9.800,1.000,0.000,18.0
2010-07-28,00:52:00,2.302,0.082,236.810,9.600,1.000,0.000,18.0
2010-07-28,00:53:00,1.888,0.088,237.370,7.800,1.000,0.000,18.0
2010-07-28,00:54:00,1.882,0.086,237.720,7.800,2.000,0.000,18.0
2010-07-28,00:55:00,1.744,0.096,238.530,7.200,1.000,0.000,18.0
2010-07-28,00:56:00,1.704,0.098,238.580,7.000,1.000,0.000,18.0
2010-07-28,00:57:00,1.702,0.098,238.240,7.000,1.000,0.000,18.0
2010-07-28,00:58:00,1.700,0.118,238.050,7.000,1.000,0.000,18.0
2010-07-28,00:59:00,1.466,0.126,238.320,6.200,1.000,0.000,18.0
2010-07-28,01:00:00,1.384,0.114,238.590,5.800,1.000,0.000,19.0
2010-07-28,01:01:00,2.510,0.196,237.540,11.400,16.000,0.000,17.0
2010-07-28,01:02:00,3.632,0.178,236.420,15.200,37.000,0.000,18.0
2010-07-28,01:03:00,3.626,0.178,236.560,15.200,37.000,0.000,18.0
2010-07-28,01:04:00,3.542,0.060,236.300,15.000,37.000,0.000,18.0
2010-07-28,01:05:00,4.150,0.238,235.600,17.600,37.000,0.000,27.0
2010-07-28,01:06:00,4.160,0.238,235.670,17.600,36.000,0.000,29.0
2010-07-28,01:07:00,4.208,0.240,236.080,17.800,37.000,0.000,29.0
2010-07-28,01:08:00,4.210,0.240,236.070,17.800,37.000,0.000,29.0
2010-07-28,01:09:00,4.206,0.238,235.880,17.800,37.000,0.000,30.0
2010-07-28,01:10:00,2.184,0.240,237.660,9.600,7.000,0.000,29.0
2010-07-28,01:11:00,1.380,0.072,238.500,5.800,1.000,0.000,18.0
2010-07-28,01:12:00,1.378,0.070,238.200,5.800,1.000,0.000,18.0
2010-07-28,01:13:00,1.318,0.000,238.450,5.400,1.000,0.000,18.0
2010-07-28,01:14:00,1.312,0.000,238.300,5.400,1.000,0.000,18.0
2010-07-28,01:15:00,1.310,0.000,238.290,5.400,2.000,0.000,18.0
2010-07-28,01:16:00,1.314,0.000,238.440,5.400,1.000,0.000,18.0
2010-07-28,01:17:00,1.314,0.000,238.670,5.400,1.000,0.000,18.0
2010-07-28,01:18:00,1.316,0.000,238.590,5.400,1.000,0.000,18.0
2010-07-28,01:19:00,1.314,0.000,238.600,5.400,1.000,0.000,18.0
2010-07-28,01:20:00,1.312,0.000,238.320,5.400,1.000,0.000,18.0
2010-07-28,01:21:00,1.312,0.000,238.310,5.400,1.000,0.000,18.0
2010-07-28,01:22:00,1.312,0.000,238.330,5.400,1.000,0.000,18.0
2010-07-28,01:23:00,1.310,0.000,238.260,5.400,2.000,0.000,18.0
2010-07-28,01:24:00,1.312,0.000,238.330,5.400,1.000,0.000,18.0
2010-07-28,01:25:00,1.310,0.000,238.160,5.400,1.000,0.000,18.0
2010-07-28,01:26:00,1.314,0.000,238.610,5.400,1.000,0.000,18.0
2010-07-28,01:27:00,1.318,0.000,238.870,5.400,1.000,0.000,18.0
2010-07-28,01:28:00,1.370,0.000,238.790,5.600,1.000,0.000,19.0
2010-07-28,01:29:00,1.430,0.100,239.040,6.000,1.000,0.000,18.0
2010-07-28,01:30:00,1.428,0.102,239.530,5.800,2.000,0.000,18.0
2010-07-28,01:31:00,1.422,0.102,239.490,5.800,1.000,0.000,18.0
2010-07-28,01:32:00,1.384,0.104,239.860,5.800,1.000,0.000,18.0
2010-07-28,01:33:00,1.382,0.104,239.600,5.800,1.000,0.000,18.0
2010-07-28,01:34:00,1.374,0.102,239.220,5.600,1.000,0.000,19.0
2010-07-28,01:35:00,1.380,0.104,239.690,5.600,1.000,0.000,18.0
2010-07-28,01:36:00,1.376,0.104,239.710,5.600,1.000,0.000,18.0
2010-07-28,01:37:00,1.376,0.102,239.470,5.600,2.000,0.000,18.0
2010-07-28,01:38:00,1.372,0.104,239.540,5.600,1.000,0.000,18.0
2010-07-28,01:39:00,1.410,0.128,239.580,5.800,1.000,0.000,19.0
2010-07-28,01:40:00,1.444,0.202,239.020,6.000,1.000,0.000,18.0
2010-07-28,01:41:00,0.956,0.212,239.900,4.600,1.000,0.000,11.0
2010-07-28,01:42:00,0.394,0.218,240.490,1.800,1.000,0.000,1.0
2010-07-28,01:43:00,0.394,0.216,239.790,1.800,1.000,0.000,0.0
2010-07-28,01:44:00,0.388,0.216,239.630,1.800,1.000,0.000,1.0
2010-07-28,01:45:00,0.388,0.214,239.470,1.800,2.000,0.000,1.0
2010-07-28,01:46:00,0.384,0.216,239.560,1.800,1.000,0.000,0.0
2010-07-28,01:47:00,0.386,0.216,239.630,1.800,1.000,0.000,1.0
2010-07-28,01:48:00,0.382,0.216,239.580,1.800,1.000,0.000,1.0
2010-07-28,01:49:00,0.300,0.098,239.310,1.200,1.000,0.000,0.0
2010-07-28,01:50:00,0.288,0.082,238.350,1.200,1.000,0.000,1.0
2010-07-28,01:51:00,0.262,0.000,237.390,1.200,1.000,0.000,0.0
2010-07-28,01:52:00,0.292,0.056,237.120,1.400,2.000,0.000,1.0
2010-07-28,01:53:00,0.310,0.102,238.690,1.400,1.000,2.000,1.0
2010-07-28,01:54:00,0.308,0.102,238.750,1.400,1.000,1.000,0.0
2010-07-28,01:55:00,0.308,0.102,238.850,1.400,1.000,1.000,1.0
2010-07-28,01:56:00,0.310,0.102,238.930,1.400,1.000,2.000,1.0
2010-07-28,01:57:00,0.308,0.104,239.600,1.400,1.000,1.000,0.0
2010-07-28,01:58:00,0.310,0.104,239.790,1.400,2.000,2.000,1.0
2010-07-28,01:59:00,0.308,0.104,239.850,1.400,1.000,1.000,0.0
2010-07-28,02:00:00,0.310,0.104,239.850,1.400,1.000,2.000,1.0
2010-07-28,02:01:00,0.304,0.140,240.510,1.400,1.000,1.000,1.0
2010-07-28,02:02:00,0.284,0.136,240.380,1.200,1.000,2.000,0.0
2010-07-28,02:03:00,0.266,0.136,240.360,1.200,0.000,1.000,1.0
2010-07-28,02:04:00,0.314,0.118,240.490,1.400,1.000,1.000,1.0
2010-07-28,02:05:00,0.314,0.114,240.420,1.400,2.000,2.000,0.0
2010-07-28,02:06:00,0.314,0.110,240.410,1.400,1.000,1.000,1.0
2010-07-28,02:07:00,0.302,0.106,240.450,1.200,1.000,2.000,1.0
2010-07-28,02:08:00,0.306,0.104,240.440,1.200,1.000,1.000,0.0
2010-07-28,02:09:00,0.298,0.102,239.670,1.200,1.000,1.000,1.0
2010-07-28,02:10:00,0.302,0.102,239.540,1.200,2.000,2.000,0.0
2010-07-28,02:11:00,0.754,0.260,239.060,3.600,1.000,1.000,8.0
2010-07-28,02:12:00,0.930,0.338,239.110,4.000,0.000,1.000,11.0
2010-07-28,02:13:00,0.974,0.352,239.630,4.400,1.000,1.000,13.0
2010-07-28,02:14:00,1.098,0.452,239.600,5.000,1.000,2.000,12.0
2010-07-28,02:15:00,1.938,0.430,238.810,9.400,11.000,1.000,12.0
2010-07-28,02:16:00,3.044,0.338,237.920,12.800,38.000,1.000,10.0
2010-07-28,02:17:00,2.586,0.212,238.730,10.800,37.000,1.000,1.0
2010-07-28,02:18:00,2.628,0.260,238.450,11.000,38.000,2.000,0.0
2010-07-28,02:19:00,2.640,0.310,238.190,11.000,37.000,1.000,1.0
2010-07-28,02:20:00,2.644,0.310,238.440,11.000,37.000,1.000,0.0
2010-07-28,02:21:00,2.640,0.308,238.010,11.000,38.000,1.000,1.0
2010-07-28,02:22:00,2.636,0.308,238.170,11.000,37.000,2.000,1.0
2010-07-28,02:23:00,2.604,0.268,238.410,10.800,37.000,0.000,0.0
2010-07-28,02:24:00,2.562,0.194,238.720,10.600,38.000,0.000,1.0
2010-07-28,02:25:00,2.556,0.194,238.710,10.600,37.000,0.000,1.0
2010-07-28,02:26:00,0.380,0.214,240.570,2.200,4.000,0.000,0.0
2010-07-28,02:27:00,0.322,0.210,240.490,1.600,0.000,0.000,1.0
2010-07-28,02:28:00,0.320,0.210,240.090,1.600,0.000,0.000,0.0
2010-07-28,02:29:00,0.334,0.232,240.260,1.600,0.000,0.000,1.0
2010-07-28,02:30:00,0.270,0.138,240.590,1.200,1.000,0.000,1.0
2010-07-28,02:31:00,0.254,0.112,240.340,1.200,0.000,0.000,0.0
2010-07-28,02:32:00,0.250,0.108,240.390,1.000,0.000,0.000,1.0
2010-07-28,02:33:00,0.250,0.108,240.360,1.000,0.000,0.000,1.0
2010-07-28,02:34:00,0.208,0.048,240.460,1.000,0.000,0.000,0.0
2010-07-28,02:35:00,0.156,0.000,240.630,0.600,0.000,0.000,1.0
2010-07-28,02:36:00,0.156,0.000,240.710,0.600,0.000,0.000,1.0
2010-07-28,02:37:00,0.156,0.000,240.890,0.600,0.000,0.000,0.0
2010-07-28,02:38:00,0.156,0.000,241.290,0.600,0.000,0.000,1.0
2010-07-28,02:39:00,0.156,0.000,241.310,0.600,0.000,0.000,0.0
2010-07-28,02:40:00,0.156,0.000,241.060,0.600,0.000,0.000,1.0
2010-07-28,02:41:00,0.156,0.000,240.990,0.600,0.000,0.000,1.0
2010-07-28,02:42:00,0.156,0.000,241.250,0.600,0.000,0.000,0.0
2010-07-28,02:43:00,0.156,0.000,241.380,0.600,0.000,0.000,1.0
2010-07-28,02:44:00,0.156,0.000,241.450,0.600,0.000,0.000,1.0
2010-07-28,02:45:00,0.156,0.000,241.590,0.600,0.000,0.000,0.0
2010-07-28,02:46:00,0.156,0.000,241.500,0.600,0.000,0.000,1.0
2010-07-28,02:47:00,0.156,0.000,241.830,0.600,0.000,0.000,1.0
2010-07-28,02:48:00,0.156,0.000,242.000,0.600,0.000,0.000,0.0
2010-07-28,02:49:00,0.156,0.000,241.620,0.600,0.000,0.000,1.0
2010-07-28,02:50:00,0.156,0.000,241.550,0.600,0.000,0.000,1.0
2010-07-28,02:51:00,0.156,0.000,241.610,0.600,0.000,0.000,0.0
2010-07-28,02:52:00,0.156,0.000,241.520,0.600,0.000,0.000,1.0
2010-07-28,02:53:00,0.156,0.000,241.760,0.600,0.000,0.000,0.0
2010-07-28,02:54:00,0.156,0.000,242.050,0.600,0.000,0.000,1.0
2010-07-28,02:55:00,0.156,0.000,242.070,0.600,0.000,0.000,1.0
2010-07-28,02:56:00,0.200,0.000,242.010,1.000,0.000,0.000,0.0
2010-07-28,02:57:00,0.234,0.082,241.610,1.000,0.000,0.000,1.0
2010-07-28,02:58:00,0.236,0.082,241.710,1.000,0.000,0.000,1.0
2010-07-28,02:59:00,0.328,0.180,241.760,1.600,0.000,0.000,0.0
2010-07-28,03:00:00,0.376,0.256,241.580,1.800,0.000,0.000,1.0
2010-07-28,03:01:00,0.346,0.224,241.600,1.600,0.000,0.000,1.0
2010-07-28,03:02:00,0.336,0.218,242.240,1.600,0.000,0.000,0.0
2010-07-28,03:03:00,0.332,0.214,241.740,1.600,0.000,0.000,1.0
2010-07-28,03:04:00,0.330,0.214,241.840,1.600,0.000,0.000,1.0
2010-07-28,03:05:00,0.328,0.214,241.860,1.600,0.000,0.000,0.0
2010-07-28,03:06:00,0.326,0.216,241.830,1.600,0.000,0.000,1.0
2010-07-28,03:07:00,0.306,0.186,241.860,1.400,0.000,0.000,1.0
2010-07-28,03:08:00,0.256,0.112,241.940,1.200,0.000,0.000,0.0
2010-07-28,03:09:00,0.254,0.112,241.850,1.200,0.000,0.000,1.0
2010-07-28,03:10:00,0.254,0.112,241.640,1.200,0.000,0.000,0.0
2010-07-28,03:11:00,0.254,0.112,241.570,1.200,0.000,0.000,1.0
2010-07-28,03:12:00,0.254,0.112,241.610,1.200,0.000,0.000,1.0
2010-07-28,03:13:00,0.270,0.120,241.630,1.400,0.000,0.000,0.0
2010-07-28,03:14:00,0.902,0.324,240.890,4.000,0.000,0.000,11.0
2010-07-28,03:15:00,0.920,0.320,240.500,4.000,0.000,0.000,12.0
2010-07-28,03:16:00,0.952,0.318,240.440,4.200,0.000,0.000,12.0
2010-07-28,03:17:00,0.962,0.318,240.600,4.200,0.000,0.000,13.0
2010-07-28,03:18:00,0.966,0.318,240.520,4.200,0.000,0.000,12.0
2010-07-28,03:19:00,0.464,0.162,240.950,2.400,0.000,0.000,6.0
2010-07-28,03:20:00,0.156,0.000,241.480,0.600,0.000,0.000,0.0
2010-07-28,03:21:00,0.156,0.000,241.260,0.600,0.000,0.000,1.0
2010-07-28,03:22:00,0.156,0.000,241.230,0.600,0.000,0.000,1.0
2010-07-28,03:23:00,0.156,0.000,241.340,0.600,0.000,0.000,0.0
2010-07-28,03:24:00,0.156,0.000,241.350,0.600,0.000,0.000,1.0
2010-07-28,03:25:00,0.156,0.000,241.460,0.600,0.000,0.000,1.0
2010-07-28,03:26:00,0.156,0.000,241.240,0.600,0.000,0.000,0.0
2010-07-28,03:27:00,0.156,0.000,241.870,0.600,0.000,0.000,1.0
2010-07-28,03:28:00,0.156,0.000,242.120,0.600,0.000,0.000,1.0
2010-07-28,03:29:00,0.158,0.000,242.070,0.600,0.000,0.000,0.0
2010-07-28,03:30:00,0.156,0.000,242.260,0.600,0.000,0.000,1.0
2010-07-28,03:31:00,0.156,0.000,242.160,0.600,0.000,0.000,0.0
2010-07-28,03:32:00,0.156,0.000,242.150,0.600,0.000,0.000,1.0
2010-07-28,03:33:00,0.156,0.000,242.160,0.600,0.000,0.000,1.0
2010-07-28,03:34:00,0.190,0.000,242.130,1.000,0.000,0.000,0.0
2010-07-28,03:35:00,0.236,0.082,241.810,1.000,0.000,0.000,1.0
2010-07-28,03:36:00,0.234,0.080,241.180,1.000,0.000,0.000,1.0
2010-07-28,03:37:00,0.236,0.080,241.480,1.000,0.000,0.000,0.0
2010-07-28,03:38:00,0.234,0.080,241.180,1.000,0.000,0.000,1.0
2010-07-28,03:39:00,0.232,0.080,241.250,1.000,0.000,0.000,1.0
2010-07-28,03:40:00,0.232,0.084,242.520,1.000,0.000,0.000,0.0
2010-07-28,03:41:00,0.230,0.082,242.090,1.000,0.000,0.000,1.0
2010-07-28,03:42:00,0.264,0.108,242.030,1.400,0.000,0.000,1.0
2010-07-28,03:43:00,0.318,0.206,242.080,1.600,0.000,1.000,0.0
2010-07-28,03:44:00,0.350,0.234,242.030,1.800,0.000,2.000,1.0
2010-07-28,03:45:00,0.388,0.284,242.180,2.000,0.000,1.000,1.0
2010-07-28,03:46:00,0.354,0.236,242.130,1.600,0.000,2.000,0.0
2010-07-28,03:47:00,0.352,0.236,242.240,1.600,0.000,1.000,1.0
2010-07-28,03:48:00,0.348,0.234,241.540,1.600,0.000,2.000,0.0
2010-07-28,03:49:00,0.348,0.234,241.640,1.600,0.000,1.000,1.0
2010-07-28,03:50:00,0.346,0.234,241.690,1.600,0.000,1.000,1.0
2010-07-28,03:51:00,0.344,0.234,241.650,1.600,0.000,2.000,0.0
2010-07-28,03:52:00,0.342,0.234,241.660,1.600,0.000,1.000,1.0
2010-07-28,03:53:00,0.342,0.234,241.560,1.600,0.000,2.000,1.0
2010-07-28,03:54:00,0.340,0.232,241.510,1.600,0.000,1.000,0.0
2010-07-28,03:55:00,0.338,0.232,241.340,1.600,0.000,2.000,1.0
2010-07-28,03:56:00,0.336,0.234,241.640,1.600,0.000,1.000,1.0
2010-07-28,03:57:00,0.336,0.234,241.570,1.600,0.000,1.000,0.0
2010-07-28,03:58:00,0.334,0.234,241.840,1.600,0.000,2.000,1.0
2010-07-28,03:59:00,0.334,0.234,241.900,1.600,0.000,1.000,1.0
2010-07-28,04:00:00,0.332,0.234,241.860,1.600,0.000,1.000,0.0
2010-07-28,04:01:00,0.332,0.234,241.800,1.600,0.000,2.000,1.0
2010-07-28,04:02:00,0.330,0.234,241.930,1.600,0.000,1.000,0.0
2010-07-28,04:03:00,0.330,0.234,242.020,1.600,0.000,1.000,1.0
2010-07-28,04:04:00,0.328,0.234,241.910,1.600,0.000,2.000,1.0
2010-07-28,04:05:00,0.272,0.154,241.780,1.200,0.000,1.000,0.0
2010-07-28,04:06:00,0.234,0.100,241.630,1.000,0.000,1.000,1.0
2010-07-28,04:07:00,0.234,0.100,241.650,1.000,0.000,1.000,1.0
2010-07-28,04:08:00,0.234,0.100,241.910,1.000,0.000,2.000,0.0
2010-07-28,04:09:00,0.234,0.100,241.880,1.000,0.000,1.000,1.0
2010-07-28,04:10:00,0.232,0.098,241.670,1.000,0.000,1.000,1.0
2010-07-28,04:11:00,0.232,0.098,241.320,1.000,0.000,1.000,0.0
2010-07-28,04:12:00,0.296,0.162,240.990,1.400,0.000,1.000,1.0
2010-07-28,04:13:00,0.276,0.146,241.120,1.200,0.000,1.000,1.0
2010-07-28,04:14:00,0.236,0.080,241.150,1.000,0.000,0.000,0.0
2010-07-28,04:15:00,0.236,0.080,241.060,1.000,0.000,0.000,1.0
2010-07-28,04:16:00,0.718,0.240,240.710,3.400,0.000,0.000,8.0
2010-07-28,04:17:00,0.894,0.290,240.580,3.800,0.000,0.000,11.0
2010-07-28,04:18:00,0.924,0.288,240.540,4.000,0.000,0.000,12.0
2010-07-28,04:19:00,0.938,0.288,240.720,4.000,0.000,0.000,13.0
2010-07-28,04:20:00,0.942,0.288,240.710,4.000,0.000,0.000,12.0
2010-07-28,04:21:00,0.530,0.168,241.160,2.800,0.000,0.000,7.0
2010-07-28,04:22:00,0.228,0.080,241.570,1.000,0.000,0.000,1.0
2010-07-28,04:23:00,0.168,0.000,241.670,0.800,0.000,0.000,0.0
2010-07-28,04:24:00,0.158,0.000,241.840,0.600,0.000,0.000,1.0
2010-07-28,04:25:00,0.158,0.000,241.600,0.600,0.000,0.000,1.0
2010-07-28,04:26:00,0.158,0.000,241.760,0.600,0.000,0.000,0.0
2010-07-28,04:27:00,0.158,0.000,241.840,0.600,0.000,0.000,1.0
2010-07-28,04:28:00,0.158,0.000,241.860,0.600,0.000,0.000,1.0
2010-07-28,04:29:00,0.158,0.000,241.830,0.600,0.000,0.000,0.0
2010-07-28,04:30:00,0.262,0.090,241.380,1.200,0.000,0.000,1.0
2010-07-28,04:31:00,0.266,0.108,240.840,1.200,0.000,0.000,1.0
2010-07-28,04:32:00,0.264,0.110,241.220,1.200,0.000,0.000,0.0
2010-07-28,04:33:00,0.262,0.110,241.420,1.200,0.000,0.000,1.0
2010-07-28,04:34:00,0.260,0.110,241.480,1.200,0.000,0.000,1.0
2010-07-28,04:35:00,0.260,0.110,241.450,1.200,0.000,0.000,0.0
2010-07-28,04:36:00,0.258,0.110,241.560,1.200,0.000,0.000,1.0
2010-07-28,04:37:00,0.256,0.112,241.830,1.200,0.000,0.000,0.0
2010-07-28,04:38:00,0.256,0.112,241.840,1.200,0.000,0.000,1.0
2010-07-28,04:39:00,0.256,0.112,241.710,1.200,0.000,0.000,1.0
2010-07-28,04:40:00,0.254,0.110,241.400,1.200,0.000,0.000,0.0
2010-07-28,04:41:00,0.252,0.110,241.330,1.200,0.000,0.000,1.0
2010-07-28,04:42:00,0.252,0.110,241.310,1.200,0.000,0.000,1.0
2010-07-28,04:43:00,0.252,0.110,241.180,1.200,0.000,0.000,0.0
2010-07-28,04:44:00,0.252,0.110,241.240,1.200,0.000,0.000,1.0
2010-07-28,04:45:00,0.252,0.110,241.110,1.200,0.000,0.000,1.0
2010-07-28,04:46:00,0.252,0.110,241.020,1.000,0.000,0.000,0.0
2010-07-28,04:47:00,0.250,0.110,240.850,1.000,0.000,0.000,1.0
2010-07-28,04:48:00,0.250,0.110,240.990,1.000,0.000,0.000,1.0
2010-07-28,04:49:00,0.250,0.110,240.900,1.000,0.000,0.000,0.0
2010-07-28,04:50:00,0.282,0.126,240.730,1.400,0.000,0.000,1.0
2010-07-28,04:51:00,0.234,0.078,240.620,1.000,0.000,0.000,0.0
2010-07-28,04:52:00,0.234,0.078,240.460,1.000,0.000,0.000,1.0
2010-07-28,04:53:00,0.234,0.078,240.490,1.000,0.000,0.000,1.0
2010-07-28,04:54:00,0.232,0.078,240.630,1.000,0.000,0.000,0.0
2010-07-28,04:55:00,0.230,0.078,240.430,1.000,0.000,0.000,1.0
2010-07-28,04:56:00,0.230,0.078,240.520,1.000,0.000,0.000,1.0
2010-07-28,04:57:00,0.228,0.078,240.670,1.000,0.000,0.000,0.0
2010-07-28,04:58:00,0.228,0.080,240.880,1.000,0.000,0.000,1.0
2010-07-28,04:59:00,0.228,0.078,240.900,1.000,0.000,0.000,1.0
2010-07-28,05:00:00,0.226,0.078,240.740,1.000,0.000,0.000,0.0
2010-07-28,05:01:00,0.170,0.000,240.950,0.800,0.000,0.000,1.0
2010-07-28,05:02:00,0.156,0.000,240.960,0.600,0.000,0.000,0.0
2010-07-28,05:03:00,0.156,0.000,240.980,0.600,0.000,0.000,1.0
2010-07-28,05:04:00,0.156,0.000,240.860,0.600,0.000,0.000,1.0
2010-07-28,05:05:00,0.156,0.000,241.300,0.600,0.000,0.000,0.0
2010-07-28,05:06:00,0.156,0.000,242.180,0.600,0.000,0.000,1.0
2010-07-28,05:07:00,0.156,0.000,242.170,0.600,0.000,0.000,1.0
2010-07-28,05:08:00,0.156,0.000,241.890,0.600,0.000,0.000,0.0
2010-07-28,05:09:00,0.156,0.000,242.190,0.600,0.000,0.000,1.0
2010-07-28,05:10:00,0.158,0.000,242.310,0.600,0.000,0.000,1.0
2010-07-28,05:11:00,0.156,0.000,242.170,0.600,0.000,0.000,0.0
2010-07-28,05:12:00,0.158,0.000,242.250,0.600,0.000,0.000,1.0
2010-07-28,05:13:00,0.156,0.000,242.200,0.600,0.000,0.000,1.0
2010-07-28,05:14:00,0.156,0.000,242.040,0.600,0.000,0.000,0.0
2010-07-28,05:15:00,0.226,0.046,241.410,1.000,0.000,0.000,1.0
2010-07-28,05:16:00,0.300,0.122,241.070,1.600,0.000,0.000,1.0
2010-07-28,05:17:00,0.914,0.314,239.980,4.000,0.000,0.000,11.0
2010-07-28,05:18:00,0.928,0.314,239.960,4.000,0.000,0.000,11.0
2010-07-28,05:19:00,0.958,0.310,239.550,4.200,0.000,0.000,13.0
2010-07-28,05:20:00,0.966,0.312,239.800,4.200,0.000,0.000,12.0
2010-07-28,05:21:00,0.970,0.310,239.710,4.200,0.000,0.000,13.0
2010-07-28,05:22:00,0.522,0.182,239.820,2.600,0.000,0.000,6.0
2010-07-28,05:23:00,0.254,0.106,240.030,1.200,0.000,0.000,0.0
2010-07-28,05:24:00,0.254,0.106,240.030,1.200,0.000,0.000,1.0
2010-07-28,05:25:00,0.252,0.108,240.550,1.200,0.000,0.000,1.0
2010-07-28,05:26:00,0.252,0.110,240.870,1.200,0.000,0.000,0.0
2010-07-28,05:27:00,0.252,0.108,240.710,1.200,0.000,0.000,1.0
2010-07-28,05:28:00,0.310,0.164,240.780,1.600,0.000,0.000,0.0
2010-07-28,05:29:00,0.328,0.210,240.630,1.600,0.000,0.000,1.0
2010-07-28,05:30:00,0.328,0.210,240.410,1.600,0.000,0.000,1.0
2010-07-28,05:31:00,0.328,0.210,240.670,1.600,0.000,0.000,0.0
2010-07-28,05:32:00,0.366,0.244,240.420,1.800,0.000,0.000,1.0
2010-07-28,05:33:00,0.412,0.332,240.450,2.200,0.000,1.000,1.0
2010-07-28,05:34:00,0.410,0.332,240.470,2.200,0.000,2.000,0.0
2010-07-28,05:35:00,0.384,0.300,241.230,2.000,0.000,1.000,1.0
2010-07-28,05:36:00,0.316,0.204,241.740,1.400,0.000,1.000,1.0
2010-07-28,05:37:00,0.316,0.202,241.130,1.400,0.000,2.000,0.0
2010-07-28,05:38:00,0.314,0.202,241.140,1.400,0.000,1.000,1.0
2010-07-28,05:39:00,0.286,0.162,240.910,1.400,0.000,2.000,1.0
2010-07-28,05:40:00,0.246,0.098,241.030,1.000,0.000,1.000,0.0
2010-07-28,05:41:00,0.244,0.098,240.800,1.000,0.000,2.000,1.0
2010-07-28,05:42:00,0.242,0.096,240.400,1.000,0.000,1.000,0.0
2010-07-28,05:43:00,0.244,0.098,240.620,1.000,0.000,2.000,1.0
2010-07-28,05:44:00,0.242,0.096,240.420,1.000,0.000,1.000,1.0
2010-07-28,05:45:00,0.242,0.096,240.400,1.000,0.000,1.000,0.0
2010-07-28,05:46:00,0.240,0.096,240.490,1.000,0.000,2.000,1.0
2010-07-28,05:47:00,0.240,0.096,240.510,1.000,0.000,1.000,1.0
2010-07-28,05:48:00,0.238,0.096,240.810,1.000,0.000,2.000,0.0
2010-07-28,05:49:00,0.238,0.098,241.200,1.000,0.000,1.000,1.0
2010-07-28,05:50:00,0.236,0.098,241.160,1.000,0.000,1.000,1.0
2010-07-28,05:51:00,0.236,0.098,241.060,1.000,0.000,1.000,0.0
2010-07-28,05:52:00,0.236,0.098,241.080,1.000,0.000,2.000,1.0
2010-07-28,05:53:00,0.234,0.098,241.200,1.000,0.000,1.000,0.0
2010-07-28,05:54:00,0.234,0.098,241.100,1.000,0.000,1.000,1.0
2010-07-28,05:55:00,0.234,0.096,240.950,1.000,0.000,2.000,1.0
2010-07-28,05:56:00,0.234,0.096,240.800,1.000,0.000,1.000,0.0
2010-07-28,05:57:00,0.232,0.096,240.690,1.000,0.000,1.000,1.0
2010-07-28,05:58:00,0.232,0.098,241.130,1.000,0.000,1.000,1.0
2010-07-28,05:59:00,0.232,0.098,241.620,1.000,0.000,2.000,0.0
2010-07-28,06:00:00,0.282,0.148,242.600,1.400,0.000,1.000,1.0
2010-07-28,06:01:00,0.344,0.238,243.140,1.600,0.000,1.000,1.0
2010-07-28,06:02:00,0.342,0.240,243.370,1.600,0.000,1.000,0.0
2010-07-28,06:03:00,0.288,0.154,243.800,1.400,0.000,1.000,1.0
2010-07-28,06:04:00,0.264,0.118,243.860,1.200,0.000,0.000,1.0
2010-07-28,06:05:00,0.260,0.112,241.850,1.200,0.000,0.000,0.0
2010-07-28,06:06:00,0.276,0.118,241.950,1.400,0.000,0.000,1.0
2010-07-28,06:07:00,0.336,0.214,241.810,1.600,0.000,0.000,1.0
2010-07-28,06:08:00,0.334,0.214,241.550,1.600,0.000,0.000,0.0
2010-07-28,06:09:00,0.332,0.214,241.740,1.600,0.000,0.000,1.0
2010-07-28,06:10:00,0.330,0.214,241.230,1.600,0.000,0.000,0.0
2010-07-28,06:11:00,0.328,0.214,241.450,1.600,0.000,0.000,1.0
2010-07-28,06:12:00,0.326,0.214,241.490,1.600,0.000,0.000,1.0
2010-07-28,06:13:00,0.326,0.216,241.820,1.600,0.000,0.000,0.0
2010-07-28,06:14:00,0.324,0.214,241.710,1.600,0.000,0.000,1.0
2010-07-28,06:15:00,0.322,0.212,241.190,1.600,0.000,0.000,1.0
2010-07-28,06:16:00,0.320,0.210,240.720,1.600,0.000,0.000,0.0
2010-07-28,06:17:00,0.318,0.208,240.930,1.600,0.000,0.000,1.0
2010-07-28,06:18:00,0.252,0.112,241.460,1.000,0.000,0.000,1.0
2010-07-28,06:19:00,0.290,0.128,241.640,1.600,0.000,0.000,0.0
2010-07-28,06:20:00,0.902,0.320,240.650,4.000,0.000,0.000,11.0
2010-07-28,06:21:00,0.828,0.188,240.790,3.400,0.000,0.000,12.0
2010-07-28,06:22:00,0.860,0.188,240.860,3.600,0.000,0.000,13.0
2010-07-28,06:23:00,0.870,0.188,240.910,3.600,0.000,0.000,12.0
2010-07-28,06:24:00,0.876,0.188,241.040,3.600,0.000,0.000,13.0
2010-07-28,06:25:00,0.472,0.070,241.470,2.400,0.000,0.000,7.0
2010-07-28,06:26:00,0.158,0.000,242.030,0.600,0.000,0.000,0.0
2010-07-28,06:27:00,0.158,0.000,242.110,0.600,0.000,0.000,1.0
2010-07-28,06:28:00,0.156,0.000,241.710,0.600,0.000,0.000,0.0
2010-07-28,06:29:00,0.156,0.000,241.480,0.600,0.000,0.000,1.0
2010-07-28,06:30:00,0.156,0.000,241.210,0.600,0.000,0.000,1.0
2010-07-28,06:31:00,0.156,0.000,241.310,0.600,0.000,0.000,0.0
2010-07-28,06:32:00,0.156,0.000,241.440,0.600,0.000,0.000,1.0
2010-07-28,06:33:00,0.156,0.000,241.710,0.600,0.000,0.000,1.0
2010-07-28,06:34:00,0.156,0.000,241.800,0.600,0.000,0.000,0.0
2010-07-28,06:35:00,0.156,0.000,242.100,0.600,0.000,0.000,1.0
2010-07-28,06:36:00,0.156,0.000,241.770,0.600,0.000,0.000,1.0
2010-07-28,06:37:00,0.156,0.000,242.140,0.600,0.000,0.000,0.0
2010-07-28,06:38:00,0.158,0.000,242.150,0.600,0.000,0.000,1.0
2010-07-28,06:39:00,0.156,0.000,241.490,0.600,0.000,0.000,1.0
2010-07-28,06:40:00,0.156,0.000,241.510,0.600,0.000,0.000,0.0
2010-07-28,06:41:00,0.156,0.000,241.910,0.600,0.000,0.000,1.0
2010-07-28,06:42:00,0.156,0.000,241.770,0.600,0.000,0.000,1.0
2010-07-28,06:43:00,0.156,0.000,242.220,0.600,0.000,0.000,0.0
2010-07-28,06:44:00,0.156,0.000,242.170,0.600,0.000,0.000,1.0
2010-07-28,06:45:00,0.262,0.082,242.230,1.400,0.000,0.000,0.0
2010-07-28,06:46:00,0.344,0.214,241.490,1.600,0.000,0.000,1.0
2010-07-28,06:47:00,0.344,0.216,241.620,1.600,0.000,0.000,1.0
2010-07-28,06:48:00,0.344,0.216,241.520,1.600,0.000,0.000,0.0
2010-07-28,06:49:00,0.344,0.214,241.320,1.600,0.000,0.000,1.0
2010-07-28,06:50:00,0.342,0.214,241.580,1.600,0.000,0.000,1.0
2010-07-28,06:51:00,0.408,0.212,241.270,1.800,0.000,0.000,0.0
2010-07-28,06:52:00,0.440,0.210,241.210,2.000,0.000,0.000,1.0
2010-07-28,06:53:00,1.546,0.196,239.950,6.400,0.000,0.000,17.0
2010-07-28,06:54:00,1.532,0.196,239.880,6.400,0.000,0.000,19.0
2010-07-28,06:55:00,1.500,0.172,239.840,6.200,0.000,0.000,19.0
2010-07-28,06:56:00,1.438,0.094,239.920,6.000,0.000,0.000,18.0
2010-07-28,06:57:00,1.426,0.092,239.310,5.800,0.000,0.000,19.0
2010-07-28,06:58:00,1.424,0.092,239.420,5.800,0.000,0.000,18.0
2010-07-28,06:59:00,1.414,0.092,238.790,5.800,0.000,0.000,18.0
2010-07-28,07:00:00,1.414,0.090,238.810,5.800,0.000,0.000,18.0
2010-07-28,07:01:00,1.412,0.090,238.690,5.800,0.000,0.000,18.0
2010-07-28,07:02:00,1.404,0.088,238.160,5.800,0.000,0.000,18.0
2010-07-28,07:03:00,1.406,0.090,238.410,5.800,0.000,0.000,19.0
2010-07-28,07:04:00,1.414,0.092,239.190,5.800,0.000,0.000,18.0
2010-07-28,07:05:00,1.408,0.090,238.620,5.800,0.000,0.000,18.0
2010-07-28,07:06:00,1.342,0.000,238.880,5.600,0.000,0.000,18.0
2010-07-28,07:07:00,1.310,0.000,238.030,5.400,0.000,0.000,18.0
2010-07-28,07:08:00,1.310,0.000,238.060,5.400,0.000,0.000,18.0
2010-07-28,07:09:00,1.310,0.000,238.050,5.400,0.000,0.000,18.0
2010-07-28,07:10:00,1.306,0.000,237.620,5.400,0.000,0.000,18.0
2010-07-28,07:11:00,1.272,0.000,238.050,5.200,0.000,0.000,18.0
2010-07-28,07:12:00,1.204,0.000,237.760,5.000,0.000,0.000,18.0
2010-07-28,07:13:00,2.030,0.138,236.310,8.600,0.000,0.000,27.0
2010-07-28,07:14:00,2.182,0.146,236.510,9.200,0.000,0.000,28.0
2010-07-28,07:15:00,2.206,0.144,236.040,9.200,0.000,0.000,29.0
2010-07-28,07:16:00,2.218,0.146,236.410,9.400,0.000,0.000,30.0
2010-07-28,07:17:00,2.224,0.146,236.410,9.400,0.000,0.000,29.0
2010-07-28,07:18:00,2.230,0.150,236.950,9.400,0.000,0.000,30.0
2010-07-28,07:19:00,1.684,0.000,240.160,7.000,0.000,0.000,21.0
2010-07-28,07:20:00,1.558,0.000,239.810,6.400,0.000,0.000,18.0
2010-07-28,07:21:00,1.564,0.000,240.260,6.400,0.000,0.000,19.0
2010-07-28,07:22:00,1.640,0.000,239.830,6.800,0.000,0.000,18.0
2010-07-28,07:23:00,1.720,0.184,239.710,7.200,0.000,1.000,18.0
2010-07-28,07:24:00,1.718,0.184,239.690,7.200,0.000,1.000,18.0
2010-07-28,07:25:00,1.710,0.184,239.560,7.200,0.000,2.000,18.0
2010-07-28,07:26:00,1.714,0.184,239.980,7.200,0.000,1.000,19.0
2010-07-28,07:27:00,1.714,0.186,240.160,7.000,0.000,2.000,18.0
2010-07-28,07:28:00,1.478,0.188,240.170,6.200,0.000,1.000,18.0
2010-07-28,07:29:00,1.552,0.184,239.820,6.400,0.000,1.000,19.0
2010-07-28,07:30:00,1.652,0.182,239.400,6.800,0.000,2.000,18.0
2010-07-28,07:31:00,1.754,0.294,238.960,7.400,0.000,1.000,18.0
2010-07-28,07:32:00,1.762,0.314,239.520,7.400,0.000,2.000,18.0
2010-07-28,07:33:00,1.756,0.314,239.450,7.400,0.000,1.000,18.0
2010-07-28,07:34:00,1.752,0.312,239.320,7.400,0.000,2.000,18.0
2010-07-28,07:35:00,1.890,0.308,238.730,8.000,0.000,1.000,18.0
2010-07-28,07:36:00,1.804,0.242,238.320,7.600,0.000,1.000,18.0
2010-07-28,07:37:00,1.676,0.210,239.080,7.000,0.000,2.000,18.0
2010-07-28,07:38:00,1.524,0.212,239.420,6.400,0.000,1.000,19.0
2010-07-28,07:39:00,1.390,0.210,237.960,5.800,0.000,2.000,18.0
2010-07-28,07:40:00,1.496,0.204,237.160,6.200,0.000,1.000,17.0
2010-07-28,07:41:00,1.456,0.206,237.230,6.200,0.000,1.000,18.0
2010-07-28,07:42:00,1.366,0.210,237.550,5.800,0.000,2.000,18.0
2010-07-28,07:43:00,1.376,0.214,238.760,5.800,0.000,1.000,18.0
2010-07-28,07:44:00,1.378,0.216,239.000,5.800,0.000,1.000,18.0
2010-07-28,07:45:00,1.374,0.214,238.730,5.800,0.000,1.000,18.0
2010-07-28,07:46:00,1.368,0.212,238.160,5.800,0.000,2.000,18.0
2010-07-28,07:47:00,1.370,0.214,238.450,5.800,0.000,1.000,18.0
2010-07-28,07:48:00,1.368,0.212,238.410,5.800,0.000,1.000,18.0
2010-07-28,07:49:00,1.370,0.214,238.730,5.800,0.000,1.000,19.0
2010-07-28,07:50:00,1.370,0.212,238.720,5.800,0.000,2.000,18.0
2010-07-28,07:51:00,1.334,0.164,238.810,5.600,0.000,1.000,18.0
2010-07-28,07:52:00,1.286,0.086,239.560,5.400,0.000,1.000,18.0
2010-07-28,07:53:00,1.286,0.086,239.570,5.200,0.000,1.000,18.0
2010-07-28,07:54:00,1.280,0.084,239.060,5.200,0.000,2.000,18.0
2010-07-28,07:55:00,1.276,0.084,238.810,5.200,0.000,1.000,18.0
2010-07-28,07:56:00,1.208,0.000,239.070,5.000,0.000,0.000,18.0
2010-07-28,07:57:00,1.208,0.000,239.150,5.000,0.000,0.000,18.0
2010-07-28,07:58:00,1.208,0.000,239.130,5.000,0.000,0.000,19.0
2010-07-28,07:59:00,1.208,0.000,239.050,5.000,0.000,0.000,18.0
2010-07-28,08:00:00,1.202,0.000,238.520,5.000,0.000,0.000,18.0
2010-07-28,08:01:00,1.198,0.000,238.030,5.000,0.000,0.000,18.0
2010-07-28,08:02:00,1.198,0.000,238.010,5.000,0.000,0.000,18.0
2010-07-28,08:03:00,1.226,0.000,237.960,5.200,0.000,0.000,18.0
2010-07-28,08:04:00,1.874,0.250,237.670,8.000,0.000,0.000,27.0
2010-07-28,08:05:00,1.932,0.258,237.140,8.200,0.000,0.000,28.0
2010-07-28,08:06:00,1.968,0.260,237.570,8.200,0.000,0.000,30.0
2010-07-28,08:07:00,1.980,0.264,237.970,8.400,0.000,0.000,29.0
2010-07-28,08:08:00,1.994,0.270,238.950,8.400,0.000,0.000,30.0
2010-07-28,08:09:00,1.972,0.266,239.150,8.200,0.000,0.000,30.0
2010-07-28,08:10:00,1.290,0.072,240.210,5.400,0.000,0.000,19.0
2010-07-28,08:11:00,1.290,0.072,240.240,5.200,0.000,0.000,19.0
2010-07-28,08:12:00,1.286,0.072,239.960,5.200,0.000,0.000,18.0
2010-07-28,08:13:00,1.282,0.070,239.610,5.200,0.000,0.000,18.0
2010-07-28,08:14:00,1.242,0.000,239.650,5.200,0.000,0.000,18.0
2010-07-28,08:15:00,1.216,0.000,239.770,5.000,0.000,0.000,18.0
2010-07-28,08:16:00,1.262,0.000,239.900,5.200,0.000,0.000,19.0
2010-07-28,08:17:00,1.318,0.098,239.130,5.400,0.000,0.000,18.0
2010-07-28,08:18:00,1.308,0.096,238.470,5.400,0.000,0.000,18.0
2010-07-28,08:19:00,1.304,0.096,238.260,5.400,0.000,0.000,18.0
2010-07-28,08:20:00,1.298,0.094,237.890,5.400,0.000,0.000,18.0
2010-07-28,08:21:00,1.296,0.094,237.910,5.400,0.000,0.000,18.0
2010-07-28,08:22:00,1.298,0.094,238.150,5.400,0.000,0.000,18.0
2010-07-28,08:23:00,1.290,0.092,237.440,5.400,0.000,0.000,18.0
2010-07-28,08:24:00,1.290,0.094,237.470,5.400,0.000,0.000,18.0
2010-07-28,08:25:00,1.288,0.094,237.520,5.400,0.000,0.000,17.0
2010-07-28,08:26:00,1.290,0.094,237.770,5.400,0.000,0.000,18.0
2010-07-28,08:27:00,1.278,0.092,236.670,5.400,0.000,0.000,18.0
2010-07-28,08:28:00,1.282,0.092,237.020,5.400,0.000,0.000,18.0
2010-07-28,08:29:00,1.280,0.092,236.980,5.400,0.000,0.000,18.0
2010-07-28,08:30:00,1.276,0.090,236.440,5.400,0.000,0.000,17.0
2010-07-28,08:31:00,1.276,0.090,236.630,5.400,0.000,0.000,18.0
2010-07-28,08:32:00,1.278,0.090,236.820,5.400,0.000,0.000,18.0
2010-07-28,08:33:00,1.278,0.090,236.830,5.400,0.000,0.000,18.0
2010-07-28,08:34:00,1.280,0.092,237.010,5.400,0.000,0.000,18.0
2010-07-28,08:35:00,1.280,0.092,237.080,5.400,0.000,0.000,17.0
2010-07-28,08:36:00,1.272,0.078,237.310,5.200,0.000,0.000,18.0
2010-07-28,08:37:00,1.194,0.000,237.610,5.000,0.000,0.000,18.0
2010-07-28,08:38:00,1.198,0.000,238.070,5.000,0.000,0.000,18.0
2010-07-28,08:39:00,1.204,0.000,238.560,5.000,0.000,0.000,18.0
2010-07-28,08:40:00,1.200,0.000,238.270,5.000,0.000,0.000,18.0
2010-07-28,08:41:00,1.198,0.000,238.090,5.000,0.000,0.000,18.0
2010-07-28,08:42:00,1.266,0.000,237.750,5.200,0.000,0.000,18.0
2010-07-28,08:43:00,1.270,0.066,237.600,5.200,0.000,0.000,18.0
2010-07-28,08:44:00,1.270,0.066,237.690,5.200,0.000,0.000,18.0
2010-07-28,08:45:00,1.266,0.064,237.300,5.200,0.000,0.000,18.0
2010-07-28,08:46:00,1.260,0.064,236.960,5.200,0.000,0.000,18.0
2010-07-28,08:47:00,1.258,0.064,236.720,5.200,0.000,0.000,17.0
2010-07-28,08:48:00,1.254,0.062,236.470,5.200,0.000,0.000,18.0
2010-07-28,08:49:00,1.256,0.064,236.790,5.200,0.000,0.000,18.0
2010-07-28,08:50:00,1.250,0.062,236.330,5.200,0.000,0.000,18.0
2010-07-28,08:51:00,1.248,0.062,236.130,5.200,0.000,0.000,17.0
2010-07-28,08:52:00,1.238,0.052,235.940,5.200,0.000,0.000,18.0
2010-07-28,08:53:00,1.178,0.000,235.910,5.000,0.000,0.000,18.0
2010-07-28,08:54:00,1.176,0.000,235.840,5.000,0.000,0.000,17.0
2010-07-28,08:55:00,1.170,0.000,235.100,5.000,0.000,0.000,18.0
2010-07-28,08:56:00,1.188,0.000,237.030,5.000,0.000,0.000,17.0
2010-07-28,08:57:00,1.204,0.000,238.530,5.000,0.000,0.000,19.0
2010-07-28,08:58:00,1.198,0.000,237.990,5.000,0.000,0.000,17.0
2010-07-28,08:59:00,1.198,0.000,237.960,5.000,0.000,0.000,18.0
2010-07-28,09:00:00,1.196,0.000,237.920,5.000,0.000,0.000,18.0
2010-07-28,09:01:00,1.238,0.000,237.860,5.200,0.000,0.000,18.0
2010-07-28,09:02:00,1.428,0.132,237.070,6.200,0.000,0.000,19.0
2010-07-28,09:03:00,1.938,0.280,236.630,8.200,0.000,0.000,29.0
2010-07-28,09:04:00,1.954,0.280,236.500,8.200,0.000,0.000,29.0
2010-07-28,09:05:00,1.986,0.282,236.830,8.400,0.000,0.000,29.0
2010-07-28,09:06:00,1.992,0.282,236.790,8.400,0.000,0.000,29.0
2010-07-28,09:07:00,1.994,0.282,236.960,8.400,0.000,0.000,30.0
2010-07-28,09:08:00,1.682,0.198,237.330,7.200,0.000,0.000,25.0
2010-07-28,09:09:00,1.294,0.094,237.920,5.400,0.000,0.000,18.0
2010-07-28,09:10:00,1.290,0.094,237.760,5.400,0.000,0.000,18.0
2010-07-28,09:11:00,1.286,0.092,237.480,5.400,0.000,0.000,18.0
2010-07-28,09:12:00,1.292,0.094,237.990,5.400,0.000,0.000,18.0
2010-07-28,09:13:00,1.290,0.094,237.980,5.400,0.000,0.000,18.0
2010-07-28,09:14:00,1.322,0.114,238.020,5.600,0.000,0.000,18.0
2010-07-28,09:15:00,1.374,0.210,237.540,5.800,0.000,0.000,18.0
2010-07-28,09:16:00,1.374,0.210,237.710,5.800,0.000,2.000,18.0
2010-07-28,09:17:00,1.378,0.212,238.080,5.800,0.000,1.000,18.0
2010-07-28,09:18:00,1.380,0.214,238.350,5.800,0.000,2.000,18.0
2010-07-28,09:19:00,1.376,0.212,237.900,5.800,0.000,1.000,18.0
2010-07-28,09:20:00,1.416,0.250,237.470,6.000,0.000,2.000,18.0
2010-07-28,09:21:00,1.436,0.294,237.610,6.000,0.000,1.000,18.0
2010-07-28,09:22:00,1.352,0.182,237.310,5.600,0.000,2.000,17.0
2010-07-28,09:23:00,1.342,0.178,236.430,5.600,0.000,1.000,18.0
2010-07-28,09:24:00,1.346,0.180,236.950,5.600,0.000,1.000,18.0
2010-07-28,09:25:00,1.346,0.180,237.140,5.600,0.000,2.000,18.0
2010-07-28,09:26:00,1.342,0.180,236.900,5.600,0.000,1.000,18.0
2010-07-28,09:27:00,1.342,0.182,237.250,5.600,0.000,2.000,17.0
2010-07-28,09:28:00,1.340,0.180,237.080,5.600,0.000,1.000,18.0
2010-07-28,09:29:00,1.338,0.180,237.130,5.600,0.000,1.000,18.0
2010-07-28,09:30:00,1.328,0.178,236.340,5.600,0.000,2.000,18.0
2010-07-28,09:31:00,1.294,0.126,236.690,5.400,0.000,1.000,18.0
2010-07-28,09:32:00,1.264,0.080,236.870,5.200,0.000,1.000,17.0
2010-07-28,09:33:00,1.260,0.078,236.410,5.200,0.000,2.000,18.0
2010-07-28,09:34:00,1.266,0.080,237.160,5.200,0.000,1.000,18.0
2010-07-28,09:35:00,1.272,0.082,237.790,5.200,0.000,1.000,18.0
2010-07-28,09:36:00,1.268,0.082,237.630,5.200,0.000,1.000,18.0
2010-07-28,09:37:00,1.272,0.082,237.970,5.200,0.000,2.000,18.0
2010-07-28,09:38:00,1.266,0.080,237.510,5.200,0.000,1.000,18.0
2010-07-28,09:39:00,1.264,0.080,237.310,5.200,0.000,1.000,17.0
2010-07-28,09:40:00,1.260,0.080,236.890,5.200,0.000,1.000,18.0
2010-07-28,09:41:00,1.262,0.080,237.110,5.200,0.000,2.000,18.0
2010-07-28,09:42:00,1.260,0.080,237.000,5.200,0.000,1.000,18.0
2010-07-28,09:43:00,1.258,0.080,236.920,5.200,0.000,1.000,18.0
2010-07-28,09:44:00,1.268,0.082,237.830,5.200,0.000,1.000,17.0
2010-07-28,09:45:00,1.256,0.000,239.780,5.200,0.000,1.000,19.0
2010-07-28,09:46:00,1.244,0.000,240.000,5.200,0.000,0.000,18.0
2010-07-28,09:47:00,1.326,0.098,240.110,5.400,0.000,0.000,18.0
2010-07-28,09:48:00,1.326,0.098,240.150,5.400,0.000,0.000,19.0
2010-07-28,09:49:00,1.326,0.100,240.400,5.400,0.000,0.000,18.0
2010-07-28,09:50:00,1.320,0.098,240.150,5.400,0.000,0.000,18.0
2010-07-28,09:51:00,1.312,0.098,239.570,5.400,0.000,0.000,18.0
2010-07-28,09:52:00,1.320,0.100,240.400,5.400,0.000,0.000,19.0
2010-07-28,09:53:00,0.330,0.114,241.310,1.800,0.000,0.000,3.0
2010-07-28,09:54:00,0.256,0.114,241.290,1.200,0.000,0.000,1.0
2010-07-28,09:55:00,0.254,0.114,241.280,1.200,0.000,0.000,0.0
2010-07-28,09:56:00,0.252,0.112,240.550,1.200,0.000,0.000,1.0
2010-07-28,09:57:00,0.252,0.114,240.960,1.200,0.000,0.000,1.0
2010-07-28,09:58:00,0.252,0.116,241.480,1.200,0.000,0.000,0.0
2010-07-28,09:59:00,0.318,0.180,240.620,1.600,0.000,0.000,1.0
2010-07-28,10:00:00,0.328,0.216,240.910,1.600,0.000,0.000,0.0
2010-07-28,10:01:00,0.328,0.216,240.970,1.600,0.000,0.000,1.0
2010-07-28,10:02:00,0.326,0.214,240.620,1.600,0.000,0.000,1.0
2010-07-28,10:03:00,0.324,0.210,239.660,1.600,0.000,0.000,0.0
2010-07-28,10:04:00,0.324,0.214,239.950,1.600,0.000,0.000,1.0
2010-07-28,10:05:00,0.964,0.416,239.080,4.400,0.000,0.000,11.0
2010-07-28,10:06:00,0.980,0.408,238.720,4.400,0.000,0.000,11.0
2010-07-28,10:07:00,0.922,0.284,239.370,4.000,0.000,0.000,12.0
2010-07-28,10:08:00,0.934,0.286,239.620,4.000,0.000,0.000,13.0
2010-07-28,10:09:00,0.936,0.280,239.080,4.000,0.000,0.000,12.0
2010-07-28,10:10:00,0.638,0.154,239.620,3.200,0.000,0.000,9.0
2010-07-28,10:11:00,0.154,0.000,239.870,0.600,0.000,0.000,1.0
2010-07-28,10:12:00,0.154,0.000,239.870,0.600,0.000,0.000,1.0
2010-07-28,10:13:00,0.154,0.000,240.110,0.600,0.000,0.000,0.0
2010-07-28,10:14:00,0.154,0.000,240.050,0.600,0.000,0.000,1.0
2010-07-28,10:15:00,0.154,0.000,239.840,0.600,0.000,0.000,1.0
2010-07-28,10:16:00,0.154,0.000,239.680,0.600,0.000,0.000,0.0
2010-07-28,10:17:00,0.154,0.000,239.830,0.600,0.000,0.000,1.0
2010-07-28,10:18:00,0.154,0.000,240.070,0.600,0.000,0.000,1.0
2010-07-28,10:19:00,0.154,0.000,240.360,0.600,0.000,0.000,0.0
2010-07-28,10:20:00,0.152,0.000,238.820,0.600,0.000,0.000,1.0
2010-07-28,10:21:00,0.154,0.000,239.300,0.600,0.000,0.000,0.0
2010-07-28,10:22:00,0.154,0.000,239.080,0.600,0.000,0.000,1.0
2010-07-28,10:23:00,0.152,0.000,238.280,0.600,0.000,0.000,1.0
2010-07-28,10:24:00,0.154,0.000,239.010,0.600,0.000,0.000,0.0
2010-07-28,10:25:00,0.154,0.000,239.670,0.600,0.000,0.000,1.0
2010-07-28,10:26:00,0.154,0.000,239.520,0.600,0.000,0.000,1.0
2010-07-28,10:27:00,0.156,0.000,241.030,0.600,0.000,0.000,0.0
2010-07-28,10:28:00,0.156,0.000,241.080,0.600,0.000,0.000,1.0
2010-07-28,10:29:00,0.154,0.000,240.520,0.600,0.000,0.000,1.0
2010-07-28,10:30:00,0.154,0.000,240.080,0.600,0.000,0.000,0.0
2010-07-28,10:31:00,0.176,0.000,240.270,0.800,0.000,0.000,1.0
2010-07-28,10:32:00,0.264,0.112,240.240,1.200,0.000,0.000,0.0
2010-07-28,10:33:00,0.264,0.114,240.970,1.200,0.000,0.000,1.0
2010-07-28,10:34:00,0.262,0.114,241.030,1.200,0.000,0.000,1.0
2010-07-28,10:35:00,0.260,0.114,241.080,1.200,0.000,0.000,0.0
2010-07-28,10:36:00,0.258,0.116,241.170,1.200,0.000,0.000,1.0
2010-07-28,10:37:00,0.256,0.114,240.860,1.200,0.000,0.000,1.0
2010-07-28,10:38:00,0.334,0.194,240.330,1.600,0.000,0.000,0.0
2010-07-28,10:39:00,0.330,0.214,240.220,1.600,0.000,0.000,1.0
2010-07-28,10:40:00,0.330,0.212,239.800,1.600,0.000,0.000,1.0
2010-07-28,10:41:00,0.326,0.212,239.640,1.600,0.000,0.000,0.0
2010-07-28,10:42:00,0.324,0.210,239.300,1.600,0.000,0.000,1.0
2010-07-28,10:43:00,0.322,0.210,239.420,1.600,0.000,0.000,0.0
2010-07-28,10:44:00,0.320,0.208,238.870,1.600,0.000,0.000,1.0
2010-07-28,10:45:00,0.318,0.208,238.760,1.600,0.000,0.000,1.0
2010-07-28,10:46:00,0.318,0.212,239.670,1.600,0.000,0.000,0.0
2010-07-28,10:47:00,0.318,0.212,239.550,1.600,0.000,0.000,1.0
2010-07-28,10:48:00,0.318,0.212,239.690,1.600,0.000,0.000,1.0
2010-07-28,10:49:00,0.264,0.134,239.750,1.200,0.000,0.000,0.0
2010-07-28,10:50:00,0.248,0.112,239.790,1.000,0.000,0.000,1.0
2010-07-28,10:51:00,0.242,0.104,239.920,1.000,0.000,0.000,1.0
2010-07-28,10:52:00,0.154,0.000,239.770,0.600,0.000,0.000,0.0
2010-07-28,10:53:00,0.152,0.000,239.280,0.600,0.000,0.000,1.0
2010-07-28,10:54:00,0.152,0.000,239.230,0.600,0.000,0.000,0.0
2010-07-28,10:55:00,0.152,0.000,239.230,0.600,0.000,0.000,1.0
2010-07-28,10:56:00,0.152,0.000,239.500,0.600,0.000,0.000,1.0
2010-07-28,10:57:00,0.154,0.000,239.910,0.600,0.000,0.000,0.0
2010-07-28,10:58:00,0.152,0.000,239.090,0.600,0.000,0.000,1.0
2010-07-28,10:59:00,0.152,0.000,239.500,0.600,0.000,0.000,1.0
2010-07-28,11:00:00,0.152,0.000,239.510,0.600,0.000,0.000,0.0
2010-07-28,11:01:00,0.152,0.000,238.820,0.600,0.000,0.000,1.0
2010-07-28,11:02:00,0.152,0.000,239.090,0.600,0.000,0.000,0.0
2010-07-28,11:03:00,0.154,0.000,240.050,0.600,0.000,0.000,1.0
2010-07-28,11:04:00,0.210,0.000,240.990,1.200,0.000,0.000,1.0
2010-07-28,11:05:00,0.244,0.102,240.300,1.000,0.000,1.000,0.0
2010-07-28,11:06:00,0.244,0.102,240.490,1.000,0.000,2.000,1.0
2010-07-28,11:07:00,0.244,0.104,240.730,1.000,0.000,1.000,1.0
2010-07-28,11:08:00,0.556,0.204,240.070,2.800,0.000,2.000,5.0
2010-07-28,11:09:00,0.892,0.298,238.640,3.800,0.000,1.000,11.0
2010-07-28,11:10:00,0.922,0.298,238.650,4.000,0.000,2.000,12.0
2010-07-28,11:11:00,0.946,0.300,238.940,4.200,0.000,1.000,12.0
2010-07-28,11:12:00,0.952,0.300,239.070,4.200,0.000,1.000,13.0
2010-07-28,11:13:00,0.814,0.256,238.610,3.800,0.000,2.000,11.0
2010-07-28,11:14:00,0.240,0.098,239.230,1.000,0.000,1.000,1.0
2010-07-28,11:15:00,0.240,0.098,238.920,1.000,0.000,2.000,0.0
2010-07-28,11:16:00,0.302,0.144,238.690,1.600,0.000,1.000,1.0
2010-07-28,11:17:00,0.424,0.326,238.680,2.200,0.000,1.000,0.0
2010-07-28,11:18:00,0.420,0.328,238.940,2.200,0.000,2.000,1.0
2010-07-28,11:19:00,0.416,0.328,238.850,2.200,0.000,1.000,1.0
2010-07-28,11:20:00,0.414,0.332,239.580,2.200,0.000,2.000,0.0
2010-07-28,11:21:00,0.412,0.336,240.330,2.200,0.000,1.000,1.0
2010-07-28,11:22:00,0.406,0.332,239.700,2.200,0.000,1.000,1.0
2010-07-28,11:23:00,0.404,0.334,239.890,2.200,0.000,2.000,0.0
2010-07-28,11:24:00,0.402,0.336,240.430,2.200,0.000,1.000,1.0
2010-07-28,11:25:00,0.398,0.336,240.200,2.200,0.000,1.000,1.0
2010-07-28,11:26:00,0.398,0.336,240.420,2.000,0.000,1.000,0.0
2010-07-28,11:27:00,0.370,0.300,240.380,2.000,0.000,2.000,1.0
2010-07-28,11:28:00,0.326,0.234,240.560,1.600,0.000,1.000,0.0
2010-07-28,11:29:00,0.326,0.234,240.680,1.600,0.000,1.000,1.0
2010-07-28,11:30:00,0.324,0.232,240.090,1.600,0.000,1.000,1.0
2010-07-28,11:31:00,0.322,0.228,239.200,1.600,0.000,2.000,0.0
2010-07-28,11:32:00,0.322,0.230,239.510,1.600,0.000,1.000,1.0
2010-07-28,11:33:00,0.320,0.230,239.590,1.600,0.000,1.000,1.0
2010-07-28,11:34:00,0.320,0.230,239.650,1.600,0.000,1.000,0.0
2010-07-28,11:35:00,0.290,0.182,240.250,1.400,0.000,1.000,1.0
2010-07-28,11:36:00,0.248,0.112,239.900,1.000,0.000,0.000,1.0
2010-07-28,11:37:00,0.156,0.000,240.310,0.600,0.000,0.000,0.0
2010-07-28,11:38:00,0.154,0.000,240.230,0.600,0.000,0.000,1.0
2010-07-28,11:39:00,0.152,0.000,239.770,0.600,0.000,0.000,0.0
2010-07-28,11:40:00,0.152,0.000,239.750,0.600,0.000,0.000,1.0
2010-07-28,11:41:00,0.154,0.000,240.200,0.600,0.000,0.000,1.0
2010-07-28,11:42:00,0.152,0.000,239.920,0.600,0.000,0.000,0.0
2010-07-28,11:43:00,0.154,0.000,240.320,0.600,0.000,0.000,1.0
2010-07-28,11:44:00,0.154,0.000,240.470,0.600,0.000,0.000,1.0
2010-07-28,11:45:00,0.154,0.000,240.800,0.600,0.000,0.000,0.0
2010-07-28,11:46:00,0.154,0.000,240.400,0.600,0.000,0.000,1.0
2010-07-28,11:47:00,0.154,0.000,240.360,0.600,0.000,0.000,1.0
2010-07-28,11:48:00,0.154,0.000,240.440,0.600,0.000,0.000,0.0
2010-07-28,11:49:00,0.154,0.000,240.340,0.600,0.000,0.000,1.0
2010-07-28,11:50:00,0.154,0.000,240.340,0.600,0.000,0.000,0.0
2010-07-28,11:51:00,0.154,0.000,240.270,0.600,0.000,0.000,1.0
2010-07-28,11:52:00,0.154,0.000,240.720,0.600,0.000,0.000,1.0
2010-07-28,11:53:00,0.154,0.000,240.150,0.600,0.000,0.000,0.0
2010-07-28,11:54:00,0.154,0.000,240.310,0.600,0.000,0.000,1.0
2010-07-28,11:55:00,0.198,0.000,241.020,1.000,0.000,0.000,1.0
2010-07-28,11:56:00,0.234,0.084,241.010,1.000,0.000,0.000,0.0
2010-07-28,11:57:00,0.234,0.084,240.990,1.000,0.000,0.000,1.0
2010-07-28,11:58:00,0.232,0.082,240.310,1.000,0.000,0.000,1.0
2010-07-28,11:59:00,0.232,0.082,240.670,1.000,0.000,0.000,0.0
2010-07-28,12:00:00,0.230,0.082,240.540,1.000,0.000,0.000,1.0
2010-07-28,12:01:00,0.256,0.102,240.830,1.200,0.000,0.000,0.0
2010-07-28,12:02:00,0.336,0.214,240.500,1.600,0.000,0.000,1.0
2010-07-28,12:03:00,0.332,0.210,239.650,1.600,0.000,0.000,1.0
2010-07-28,12:04:00,0.330,0.214,240.730,1.600,0.000,0.000,0.0
2010-07-28,12:05:00,0.328,0.216,240.870,1.600,0.000,0.000,1.0
2010-07-28,12:06:00,0.266,0.126,240.590,1.200,0.000,0.000,1.0
2010-07-28,12:07:00,0.258,0.116,241.650,1.200,0.000,0.000,0.0
2010-07-28,12:08:00,0.254,0.108,239.480,1.200,0.000,0.000,1.0
2010-07-28,12:09:00,0.254,0.114,240.790,1.200,0.000,0.000,1.0
2010-07-28,12:10:00,0.618,0.230,239.760,3.000,0.000,0.000,5.0
2010-07-28,12:11:00,0.906,0.318,239.790,4.000,0.000,0.000,12.0
2010-07-28,12:12:00,0.934,0.314,239.330,4.000,0.000,0.000,12.0
2010-07-28,12:13:00,0.954,0.312,239.330,4.200,0.000,0.000,12.0
2010-07-28,12:14:00,0.960,0.314,239.540,4.200,0.000,0.000,13.0
2010-07-28,12:15:00,0.964,0.312,239.370,4.200,0.000,0.000,12.0
2010-07-28,12:16:00,0.338,0.136,239.810,1.800,0.000,0.000,3.0
2010-07-28,12:17:00,0.250,0.112,240.100,1.200,0.000,0.000,1.0
2010-07-28,12:18:00,0.250,0.112,240.370,1.200,0.000,0.000,1.0
2010-07-28,12:19:00,0.250,0.114,240.770,1.200,0.000,0.000,0.0
2010-07-28,12:20:00,0.248,0.112,240.120,1.000,0.000,0.000,1.0
2010-07-28,12:21:00,0.248,0.114,240.340,1.200,0.000,0.000,1.0
2010-07-28,12:22:00,0.162,0.000,240.570,0.600,0.000,0.000,0.0
2010-07-28,12:23:00,0.154,0.000,240.570,0.600,0.000,0.000,1.0
2010-07-28,12:24:00,0.154,0.000,240.410,0.600,0.000,0.000,1.0
2010-07-28,12:25:00,0.154,0.000,240.940,0.600,0.000,0.000,0.0
2010-07-28,12:26:00,0.154,0.000,240.420,0.600,0.000,0.000,1.0
2010-07-28,12:27:00,0.154,0.000,240.310,0.600,0.000,0.000,0.0
2010-07-28,12:28:00,0.154,0.000,240.420,0.600,0.000,0.000,1.0
2010-07-28,12:29:00,0.154,0.000,240.510,0.600,0.000,0.000,1.0
2010-07-28,12:30:00,0.154,0.000,240.610,0.600,0.000,0.000,0.0
2010-07-28,12:31:00,0.154,0.000,240.820,0.600,0.000,0.000,1.0
2010-07-28,12:32:00,0.154,0.000,240.910,0.600,0.000,0.000,1.0
2010-07-28,12:33:00,0.194,0.000,240.710,1.000,0.000,0.000,0.0
2010-07-28,12:34:00,0.232,0.084,240.420,1.000,0.000,0.000,1.0
2010-07-28,12:35:00,0.234,0.084,240.840,1.000,0.000,0.000,1.0
2010-07-28,12:36:00,0.234,0.084,240.880,1.000,0.000,0.000,0.0
2010-07-28,12:37:00,0.232,0.084,240.710,1.000,0.000,0.000,1.0
2010-07-28,12:38:00,0.230,0.084,240.760,1.000,0.000,0.000,0.0
2010-07-28,12:39:00,0.228,0.084,240.550,1.000,0.000,0.000,1.0
2010-07-28,12:40:00,0.226,0.082,240.150,1.000,0.000,0.000,1.0
2010-07-28,12:41:00,0.226,0.082,240.070,1.000,0.000,0.000,0.0
2010-07-28,12:42:00,0.226,0.082,240.380,1.000,0.000,0.000,1.0
2010-07-28,12:43:00,0.224,0.084,240.530,1.000,0.000,0.000,1.0
2010-07-28,12:44:00,0.170,0.000,240.530,0.800,0.000,0.000,0.0
2010-07-28,12:45:00,0.154,0.000,240.920,0.600,0.000,0.000,1.0
2010-07-28,12:46:00,0.172,0.000,241.460,0.800,0.000,0.000,1.0
2010-07-28,12:47:00,0.266,0.112,240.430,1.200,0.000,0.000,0.0
2010-07-28,12:48:00,0.264,0.112,240.460,1.200,0.000,0.000,1.0
2010-07-28,12:49:00,0.262,0.114,240.650,1.200,0.000,0.000,0.0
2010-07-28,12:50:00,0.258,0.114,240.430,1.200,0.000,0.000,1.0
2010-07-28,12:51:00,0.258,0.114,240.560,1.200,0.000,0.000,1.0
2010-07-28,12:52:00,0.256,0.112,239.910,1.200,0.000,0.000,0.0
2010-07-28,12:53:00,0.254,0.112,239.830,1.200,0.000,0.000,1.0
2010-07-28,12:54:00,0.318,0.180,239.840,1.600,0.000,0.000,1.0
2010-07-28,12:55:00,0.340,0.232,239.910,1.600,0.000,1.000,0.0
2010-07-28,12:56:00,0.340,0.234,240.210,1.600,0.000,2.000,1.0
2010-07-28,12:57:00,0.336,0.230,239.610,1.600,0.000,1.000,1.0
2010-07-28,12:58:00,0.338,0.230,239.700,1.600,0.000,2.000,0.0
2010-07-28,12:59:00,0.338,0.232,240.290,1.600,0.000,1.000,1.0
2010-07-28,13:00:00,0.336,0.232,240.030,1.600,0.000,2.000,0.0
2010-07-28,13:01:00,0.336,0.230,239.460,1.600,0.000,1.000,1.0
2010-07-28,13:02:00,0.334,0.232,239.850,1.600,0.000,2.000,1.0
2010-07-28,13:03:00,0.334,0.232,239.970,1.600,0.000,1.000,0.0
2010-07-28,13:04:00,0.334,0.232,240.080,1.600,0.000,1.000,1.0
2010-07-28,13:05:00,0.334,0.232,240.260,1.600,0.000,2.000,1.0
2010-07-28,13:06:00,0.332,0.234,240.340,1.600,0.000,1.000,0.0
2010-07-28,13:07:00,0.244,0.108,240.430,1.000,0.000,2.000,1.0
2010-07-28,13:08:00,0.238,0.100,240.230,1.000,0.000,1.000,1.0
2010-07-28,13:09:00,0.238,0.102,240.610,1.000,0.000,1.000,0.0
2010-07-28,13:10:00,0.236,0.102,240.350,1.000,0.000,2.000,1.0
2010-07-28,13:11:00,0.268,0.124,240.640,1.400,0.000,1.000,0.0
2010-07-28,13:12:00,0.310,0.202,240.240,1.400,0.000,1.000,1.0
2010-07-28,13:13:00,0.310,0.202,240.100,1.400,0.000,2.000,1.0
2010-07-28,13:14:00,0.308,0.202,240.210,1.400,0.000,1.000,0.0
2010-07-28,13:15:00,0.794,0.358,239.660,3.800,0.000,1.000,8.0
2010-07-28,13:16:00,0.964,0.406,239.600,4.400,0.000,1.000,12.0
2010-07-28,13:17:00,0.994,0.404,239.490,4.400,0.000,2.000,12.0
2010-07-28,13:18:00,1.010,0.406,239.590,4.400,0.000,1.000,12.0
2010-07-28,13:19:00,1.014,0.406,239.660,4.600,0.000,1.000,13.0
2010-07-28,13:20:00,0.736,0.328,239.930,3.600,0.000,1.000,9.0
2010-07-28,13:21:00,0.298,0.204,240.410,1.400,0.000,2.000,1.0
2010-07-28,13:22:00,0.262,0.150,240.370,1.200,0.000,1.000,0.0
2010-07-28,13:23:00,0.230,0.102,240.310,1.000,0.000,1.000,1.0
2010-07-28,13:24:00,0.228,0.102,240.150,1.000,0.000,1.000,0.0
2010-07-28,13:25:00,0.194,0.046,240.070,0.800,0.000,1.000,1.0
2010-07-28,13:26:00,0.154,0.000,240.340,0.600,0.000,0.000,1.0
2010-07-28,13:27:00,0.154,0.000,240.050,0.600,0.000,0.000,0.0
2010-07-28,13:28:00,0.154,0.000,240.150,0.600,0.000,0.000,1.0
2010-07-28,13:29:00,0.154,0.000,240.130,0.600,0.000,0.000,1.0
2010-07-28,13:30:00,0.154,0.000,240.180,0.600,0.000,0.000,0.0
2010-07-28,13:31:00,0.186,0.000,240.560,1.000,0.000,0.000,1.0
2010-07-28,13:32:00,0.266,0.112,240.190,1.200,0.000,0.000,1.0
2010-07-28,13:33:00,0.262,0.112,240.130,1.200,0.000,0.000,0.0
2010-07-28,13:34:00,0.258,0.110,239.160,1.200,0.000,0.000,1.0
2010-07-28,13:35:00,0.258,0.110,239.330,1.200,0.000,0.000,0.0
2010-07-28,13:36:00,0.256,0.112,239.980,1.200,0.000,0.000,1.0
2010-07-28,13:37:00,0.256,0.112,240.230,1.200,0.000,0.000,1.0
2010-07-28,13:38:00,0.254,0.112,240.210,1.200,0.000,0.000,0.0
2010-07-28,13:39:00,0.254,0.112,240.150,1.200,0.000,0.000,1.0
2010-07-28,13:40:00,0.254,0.116,241.250,1.200,0.000,0.000,1.0
2010-07-28,13:41:00,0.254,0.116,241.280,1.200,0.000,0.000,0.0
2010-07-28,13:42:00,0.252,0.116,241.210,1.200,0.000,0.000,1.0
2010-07-28,13:43:00,0.252,0.114,240.800,1.200,0.000,0.000,1.0
2010-07-28,13:44:00,0.252,0.114,240.830,1.200,0.000,0.000,0.0
2010-07-28,13:45:00,0.250,0.114,240.840,1.200,0.000,0.000,1.0
2010-07-28,13:46:00,0.250,0.114,240.620,1.200,0.000,0.000,0.0
2010-07-28,13:47:00,0.250,0.112,240.210,1.000,0.000,0.000,1.0
2010-07-28,13:48:00,0.250,0.114,240.640,1.200,0.000,0.000,1.0
2010-07-28,13:49:00,0.250,0.116,240.930,1.200,0.000,0.000,0.0
2010-07-28,13:50:00,0.322,0.190,240.730,1.600,0.000,0.000,1.0
2010-07-28,13:51:00,0.324,0.214,239.800,1.600,0.000,0.000,1.0
2010-07-28,13:52:00,0.232,0.082,238.940,1.000,0.000,0.000,0.0
2010-07-28,13:53:00,0.230,0.080,238.630,1.000,0.000,0.000,1.0
2010-07-28,13:54:00,0.228,0.080,238.760,1.000,0.000,0.000,1.0
2010-07-28,13:55:00,0.228,0.080,238.780,1.000,0.000,0.000,0.0
2010-07-28,13:56:00,0.226,0.080,238.490,1.000,0.000,0.000,1.0
2010-07-28,13:57:00,0.224,0.078,238.030,1.000,0.000,0.000,0.0
2010-07-28,13:58:00,0.224,0.080,238.690,1.000,0.000,0.000,1.0
2010-07-28,13:59:00,0.222,0.080,238.460,1.000,0.000,0.000,1.0
2010-07-28,14:00:00,0.222,0.080,238.210,1.000,0.000,0.000,0.0
2010-07-28,14:01:00,0.168,0.000,238.510,0.800,0.000,0.000,1.0
2010-07-28,14:02:00,0.152,0.000,238.720,0.600,0.000,0.000,1.0
2010-07-28,14:03:00,0.152,0.000,238.620,0.600,0.000,0.000,0.0
2010-07-28,14:04:00,0.152,0.000,238.590,0.600,0.000,0.000,1.0
2010-07-28,14:05:00,0.152,0.000,239.060,0.600,0.000,0.000,0.0
2010-07-28,14:06:00,0.152,0.000,238.310,0.600,0.000,0.000,1.0
2010-07-28,14:07:00,0.152,0.000,238.060,0.600,0.000,0.000,1.0
2010-07-28,14:08:00,0.150,0.000,237.000,0.600,0.000,0.000,0.0
2010-07-28,14:09:00,0.150,0.000,237.020,0.600,0.000,0.000,1.0
2010-07-28,14:10:00,0.150,0.000,236.840,0.600,0.000,0.000,1.0
2010-07-28,14:11:00,0.150,0.000,236.890,0.600,0.000,0.000,0.0
2010-07-28,14:12:00,0.150,0.000,237.360,0.600,0.000,0.000,1.0
2010-07-28,14:13:00,0.150,0.000,237.770,0.600,0.000,0.000,0.0
2010-07-28,14:14:00,0.150,0.000,237.520,0.600,0.000,0.000,1.0
2010-07-28,14:15:00,0.150,0.000,237.630,0.600,0.000,0.000,1.0
2010-07-28,14:16:00,0.174,0.000,237.770,0.800,0.000,0.000,0.0
2010-07-28,14:17:00,0.266,0.106,237.250,1.400,0.000,0.000,1.0
2010-07-28,14:18:00,0.898,0.294,237.100,4.000,0.000,0.000,10.0
2010-07-28,14:19:00,0.916,0.290,236.710,4.000,0.000,0.000,12.0
2010-07-28,14:20:00,0.944,0.286,236.120,4.200,0.000,0.000,12.0
2010-07-28,14:21:00,0.956,0.290,236.540,4.200,0.000,0.000,12.0
2010-07-28,14:22:00,0.960,0.292,236.960,4.200,0.000,0.000,13.0
2010-07-28,14:23:00,0.836,0.260,237.050,3.800,0.000,0.000,11.0
2010-07-28,14:24:00,0.250,0.108,238.230,1.200,0.000,0.000,1.0
2010-07-28,14:25:00,0.250,0.110,239.180,1.200,0.000,0.000,0.0
2010-07-28,14:26:00,0.250,0.110,238.730,1.200,0.000,0.000,1.0
2010-07-28,14:27:00,0.248,0.110,238.840,1.200,0.000,0.000,1.0
2010-07-28,14:28:00,0.268,0.116,238.910,1.400,0.000,0.000,0.0
2010-07-28,14:29:00,0.328,0.210,238.890,1.600,0.000,0.000,1.0
2010-07-28,14:30:00,0.326,0.210,239.410,1.600,0.000,0.000,1.0
2010-07-28,14:31:00,0.324,0.210,239.210,1.600,0.000,0.000,0.0
2010-07-28,14:32:00,0.324,0.214,239.980,1.600,0.000,0.000,1.0
2010-07-28,14:33:00,0.322,0.212,239.470,1.600,0.000,0.000,0.0
2010-07-28,14:34:00,0.320,0.210,239.480,1.600,0.000,0.000,1.0
2010-07-28,14:35:00,0.320,0.212,239.590,1.600,0.000,0.000,1.0
2010-07-28,14:36:00,0.318,0.214,240.150,1.600,0.000,0.000,0.0
2010-07-28,14:37:00,0.250,0.118,240.020,1.200,0.000,0.000,1.0
2010-07-28,14:38:00,0.226,0.084,240.780,1.000,0.000,0.000,1.0
2010-07-28,14:39:00,0.224,0.084,240.330,1.000,0.000,0.000,0.0
2010-07-28,14:40:00,0.168,0.000,240.370,0.800,0.000,0.000,1.0
2010-07-28,14:41:00,0.154,0.000,239.840,0.600,0.000,0.000,1.0
2010-07-28,14:42:00,0.154,0.000,241.070,0.600,0.000,0.000,0.0
2010-07-28,14:43:00,0.154,0.000,240.330,0.600,0.000,0.000,1.0
2010-07-28,14:44:00,0.252,0.092,240.630,1.200,0.000,0.000,0.0
2010-07-28,14:45:00,0.246,0.104,241.100,1.000,0.000,2.000,1.0
2010-07-28,14:46:00,0.244,0.104,241.060,1.000,0.000,1.000,1.0
2010-07-28,14:47:00,0.244,0.104,240.670,1.000,0.000,2.000,0.0
2010-07-28,14:48:00,0.244,0.102,240.280,1.000,0.000,1.000,1.0
2010-07-28,14:49:00,0.244,0.102,240.370,1.000,0.000,2.000,1.0
2010-07-28,14:50:00,0.244,0.104,240.650,1.000,0.000,1.000,0.0
2010-07-28,14:51:00,0.244,0.102,240.600,1.000,0.000,2.000,1.0
2010-07-28,14:52:00,0.242,0.102,240.290,1.000,0.000,1.000,1.0
2010-07-28,14:53:00,0.242,0.102,240.800,1.000,0.000,2.000,0.0
2010-07-28,14:54:00,0.240,0.100,239.480,1.000,0.000,1.000,1.0
2010-07-28,14:55:00,0.240,0.100,239.850,1.000,0.000,1.000,0.0
2010-07-28,14:56:00,0.240,0.100,239.540,1.000,0.000,2.000,1.0
2010-07-28,14:57:00,0.240,0.102,240.220,1.000,0.000,1.000,1.0
2010-07-28,14:58:00,0.238,0.100,239.670,1.000,0.000,2.000,0.0
2010-07-28,14:59:00,0.236,0.100,239.700,1.000,0.000,1.000,1.0
2010-07-28,15:00:00,0.234,0.098,238.860,1.000,0.000,1.000,1.0
2010-07-28,15:01:00,0.232,0.098,238.710,1.000,0.000,2.000,0.0
2010-07-28,15:02:00,0.342,0.216,239.320,1.800,0.000,1.000,1.0
2010-07-28,15:03:00,0.340,0.228,239.000,1.600,0.000,1.000,1.0
2010-07-28,15:04:00,0.336,0.228,239.400,1.600,0.000,1.000,0.0
2010-07-28,15:05:00,0.336,0.232,240.360,1.600,0.000,2.000,1.0
2010-07-28,15:06:00,0.334,0.234,240.780,1.600,0.000,1.000,0.0
2010-07-28,15:07:00,0.352,0.240,240.970,1.800,0.000,1.000,1.0
2010-07-28,15:08:00,0.410,0.336,240.830,2.200,0.000,1.000,1.0
2010-07-28,15:09:00,0.406,0.336,240.390,2.200,0.000,2.000,0.0
2010-07-28,15:10:00,0.404,0.338,240.780,2.200,0.000,1.000,1.0
2010-07-28,15:11:00,0.402,0.338,241.020,2.200,0.000,1.000,1.0
2010-07-28,15:12:00,0.400,0.336,240.690,2.200,0.000,1.000,0.0
2010-07-28,15:13:00,0.398,0.340,241.050,2.200,0.000,2.000,1.0
2010-07-28,15:14:00,0.378,0.308,240.420,2.000,0.000,1.000,1.0
2010-07-28,15:15:00,0.322,0.216,240.480,1.600,0.000,0.000,0.0
2010-07-28,15:16:00,0.320,0.216,240.830,1.600,0.000,0.000,1.0
2010-07-28,15:17:00,0.320,0.214,240.390,1.600,0.000,0.000,0.0
2010-07-28,15:18:00,0.318,0.216,240.500,1.600,0.000,0.000,1.0
2010-07-28,15:19:00,0.254,0.120,240.590,1.200,0.000,0.000,1.0
2010-07-28,15:20:00,0.248,0.112,239.990,1.000,0.000,0.000,0.0
2010-07-28,15:21:00,0.250,0.114,240.840,1.200,0.000,0.000,1.0
2010-07-28,15:22:00,0.216,0.068,241.290,1.000,0.000,0.000,1.0
2010-07-28,15:23:00,0.386,0.062,241.180,2.200,0.000,0.000,3.0
2010-07-28,15:24:00,0.814,0.198,241.350,3.400,0.000,0.000,12.0
2010-07-28,15:25:00,0.838,0.194,240.920,3.600,0.000,0.000,12.0
2010-07-28,15:26:00,0.864,0.190,240.490,3.600,0.000,0.000,12.0
2010-07-28,15:27:00,0.870,0.188,240.090,3.600,0.000,0.000,13.0
2010-07-28,15:28:00,0.874,0.188,240.170,3.600,0.000,0.000,12.0
2010-07-28,15:29:00,0.324,0.000,240.780,1.800,0.000,0.000,5.0
2010-07-28,15:30:00,0.154,0.000,240.800,0.600,0.000,0.000,0.0
2010-07-28,15:31:00,0.154,0.000,240.190,0.600,0.000,0.000,1.0
2010-07-28,15:32:00,0.154,0.000,240.490,0.600,0.000,0.000,1.0
2010-07-28,15:33:00,0.154,0.000,240.570,0.600,0.000,0.000,0.0
2010-07-28,15:34:00,0.154,0.000,240.790,0.600,0.000,0.000,1.0
2010-07-28,15:35:00,0.154,0.000,240.770,0.600,0.000,0.000,1.0
2010-07-28,15:36:00,0.154,0.000,240.560,0.600,0.000,0.000,0.0
2010-07-28,15:37:00,0.154,0.000,240.770,0.600,0.000,0.000,1.0
2010-07-28,15:38:00,0.154,0.000,241.190,0.600,0.000,0.000,0.0
2010-07-28,15:39:00,0.154,0.000,241.330,0.600,0.000,0.000,1.0
2010-07-28,15:40:00,0.156,0.000,241.570,0.600,0.000,0.000,1.0
2010-07-28,15:41:00,0.156,0.000,241.660,0.600,0.000,0.000,0.0
2010-07-28,15:42:00,0.154,0.000,241.370,0.600,0.000,0.000,1.0
2010-07-28,15:43:00,0.156,0.000,241.680,0.600,0.000,0.000,1.0
2010-07-28,15:44:00,0.156,0.000,241.840,0.600,0.000,0.000,0.0
2010-07-28,15:45:00,0.154,0.000,241.610,0.600,0.000,0.000,1.0
2010-07-28,15:46:00,0.218,0.000,241.590,1.000,0.000,0.000,1.0
2010-07-28,15:47:00,0.300,0.154,241.600,1.400,0.000,0.000,0.0
2010-07-28,15:48:00,0.344,0.218,241.130,1.600,0.000,0.000,1.0
2010-07-28,15:49:00,0.340,0.220,241.570,1.600,0.000,0.000,1.0
2010-07-28,15:50:00,0.336,0.220,241.460,1.600,0.000,0.000,0.0
2010-07-28,15:51:00,0.332,0.216,240.280,1.600,0.000,0.000,1.0
2010-07-28,15:52:00,0.328,0.214,240.060,1.600,0.000,0.000,0.0
2010-07-28,15:53:00,0.326,0.218,240.840,1.600,0.000,0.000,1.0
2010-07-28,15:54:00,0.326,0.220,241.420,1.600,0.000,0.000,1.0
2010-07-28,15:55:00,0.324,0.220,241.430,1.600,0.000,0.000,0.0
2010-07-28,15:56:00,0.322,0.218,241.110,1.600,0.000,0.000,1.0
2010-07-28,15:57:00,0.270,0.140,241.100,1.200,0.000,0.000,1.0
2010-07-28,15:58:00,0.252,0.116,241.480,1.200,0.000,0.000,0.0
2010-07-28,15:59:00,0.252,0.116,241.410,1.200,0.000,0.000,1.0
2010-07-28,16:00:00,0.252,0.116,241.380,1.200,0.000,0.000,1.0
2010-07-28,16:01:00,0.252,0.116,241.380,1.200,0.000,0.000,0.0
2010-07-28,16:02:00,0.252,0.118,241.760,1.200,0.000,0.000,1.0
2010-07-28,16:03:00,0.250,0.116,241.430,1.200,0.000,0.000,1.0
2010-07-28,16:04:00,0.250,0.116,241.350,1.200,0.000,0.000,0.0
2010-07-28,16:05:00,0.250,0.116,241.560,1.200,0.000,0.000,1.0
2010-07-28,16:06:00,0.250,0.116,241.600,1.200,0.000,0.000,0.0
2010-07-28,16:07:00,0.250,0.116,241.460,1.200,0.000,0.000,1.0
2010-07-28,16:08:00,0.164,0.000,241.930,0.800,0.000,0.000,1.0
2010-07-28,16:09:00,0.156,0.000,241.550,0.600,0.000,0.000,0.0
2010-07-28,16:10:00,0.154,0.000,241.250,0.600,0.000,0.000,1.0
2010-07-28,16:11:00,0.154,0.000,240.980,0.600,0.000,0.000,1.0
2010-07-28,16:12:00,0.154,0.000,241.120,0.600,0.000,0.000,0.0
2010-07-28,16:13:00,0.154,0.000,241.480,0.600,0.000,0.000,1.0
2010-07-28,16:14:00,0.154,0.000,241.580,0.600,0.000,0.000,1.0
2010-07-28,16:15:00,0.154,0.000,241.640,0.600,0.000,0.000,0.0
2010-07-28,16:16:00,0.156,0.000,242.090,0.600,0.000,0.000,1.0
2010-07-28,16:17:00,0.156,0.000,242.310,0.600,0.000,0.000,1.0
2010-07-28,16:18:00,0.156,0.000,242.280,0.600,0.000,0.000,0.0
2010-07-28,16:19:00,0.156,0.000,242.410,0.600,0.000,0.000,1.0
2010-07-28,16:20:00,0.156,0.000,242.010,0.600,0.000,0.000,0.0
2010-07-28,16:21:00,0.156,0.000,242.030,0.600,0.000,0.000,1.0
2010-07-28,16:22:00,0.156,0.000,241.740,0.600,0.000,0.000,1.0
2010-07-28,16:23:00,0.156,0.000,241.980,0.600,0.000,0.000,0.0
2010-07-28,16:24:00,0.214,0.000,241.820,1.000,0.000,0.000,1.0
2010-07-28,16:25:00,0.234,0.086,241.480,1.000,0.000,0.000,1.0
2010-07-28,16:26:00,0.234,0.086,241.250,1.000,0.000,0.000,0.0
2010-07-28,16:27:00,0.444,0.160,241.250,2.400,0.000,0.000,4.0
2010-07-28,16:28:00,0.892,0.306,241.670,3.800,0.000,0.000,11.0
2010-07-28,16:29:00,0.914,0.306,241.770,4.000,0.000,0.000,12.0
2010-07-28,16:30:00,0.938,0.300,241.210,4.000,0.000,0.000,13.0
2010-07-28,16:31:00,0.946,0.304,241.660,4.000,0.000,0.000,12.0
2010-07-28,16:32:00,1.026,0.372,242.180,4.600,0.000,0.000,13.0
2010-07-28,16:33:00,0.484,0.370,243.170,2.600,0.000,0.000,2.0
2010-07-28,16:34:00,0.422,0.350,242.760,2.200,0.000,2.000,1.0
2010-07-28,16:35:00,0.354,0.250,243.040,1.800,0.000,1.000,1.0
2010-07-28,16:36:00,0.352,0.248,243.470,1.800,0.000,2.000,0.0
2010-07-28,16:37:00,0.350,0.246,243.040,1.600,0.000,1.000,1.0
2010-07-28,16:38:00,0.348,0.244,242.920,1.600,0.000,2.000,1.0
2010-07-28,16:39:00,0.344,0.242,242.160,1.600,0.000,1.000,0.0
2010-07-28,16:40:00,0.340,0.236,240.670,1.600,0.000,2.000,1.0
2010-07-28,16:41:00,0.338,0.234,240.390,1.600,0.000,1.000,1.0
2010-07-28,16:42:00,0.338,0.236,240.670,1.600,0.000,1.000,0.0
2010-07-28,16:43:00,0.336,0.236,240.750,1.600,0.000,2.000,1.0
2010-07-28,16:44:00,0.336,0.234,240.490,1.600,0.000,1.000,1.0
2010-07-28,16:45:00,0.336,0.234,240.580,1.600,0.000,2.000,0.0
2010-07-28,16:46:00,0.334,0.234,240.220,1.600,0.000,1.000,1.0
2010-07-28,16:47:00,0.332,0.234,240.300,1.600,0.000,2.000,1.0
2010-07-28,16:48:00,0.330,0.234,240.170,1.600,0.000,1.000,0.0
2010-07-28,16:49:00,0.328,0.232,240.130,1.600,0.000,1.000,1.0
2010-07-28,16:50:00,0.328,0.234,240.210,1.600,0.000,2.000,0.0
2010-07-28,16:51:00,0.324,0.230,239.300,1.600,0.000,1.000,1.0
2010-07-28,16:52:00,0.324,0.230,239.740,1.600,0.000,1.000,1.0
2010-07-28,16:53:00,0.258,0.138,240.380,1.200,0.000,1.000,0.0
2010-07-28,16:54:00,0.232,0.102,240.490,1.000,0.000,2.000,1.0
2010-07-28,16:55:00,0.232,0.102,240.690,1.000,0.000,1.000,1.0
2010-07-28,16:56:00,0.232,0.100,240.150,1.000,0.000,1.000,0.0
2010-07-28,16:57:00,0.232,0.102,240.710,1.000,0.000,1.000,1.0
2010-07-28,16:58:00,0.230,0.102,240.400,1.000,0.000,2.000,0.0
2010-07-28,16:59:00,0.230,0.100,240.020,1.000,0.000,1.000,1.0
2010-07-28,17:00:00,0.230,0.100,240.240,1.000,0.000,1.000,1.0
2010-07-28,17:01:00,0.228,0.100,240.030,1.000,0.000,1.000,0.0
2010-07-28,17:02:00,0.292,0.166,240.540,1.400,0.000,2.000,1.0
2010-07-28,17:03:00,0.306,0.206,240.970,1.400,0.000,1.000,1.0
2010-07-28,17:04:00,0.292,0.184,241.000,1.400,0.000,1.000,0.0
2010-07-28,17:05:00,0.232,0.086,241.180,1.000,0.000,0.000,1.0
2010-07-28,17:06:00,0.230,0.084,240.090,1.000,0.000,0.000,1.0
2010-07-28,17:07:00,0.228,0.084,240.450,1.000,0.000,0.000,0.0
2010-07-28,17:08:00,0.228,0.084,240.520,1.000,0.000,0.000,1.0
2010-07-28,17:09:00,0.226,0.084,240.460,1.000,0.000,0.000,0.0
2010-07-28,17:10:00,0.224,0.080,238.920,1.000,0.000,0.000,1.0
2010-07-28,17:11:00,0.222,0.080,238.450,1.000,0.000,0.000,1.0
2010-07-28,17:12:00,0.224,0.082,239.640,1.000,0.000,0.000,0.0
2010-07-28,17:13:00,0.166,0.000,239.920,0.800,0.000,0.000,1.0
2010-07-28,17:14:00,0.154,0.000,240.030,0.600,0.000,0.000,1.0
2010-07-28,17:15:00,0.152,0.000,239.020,0.600,0.000,0.000,0.0
2010-07-28,17:16:00,0.152,0.000,239.640,0.600,0.000,0.000,1.0
2010-07-28,17:17:00,0.152,0.000,239.100,0.600,0.000,0.000,1.0
2010-07-28,17:18:00,0.260,0.094,239.620,1.200,0.000,0.000,0.0
2010-07-28,17:19:00,0.264,0.112,240.500,1.200,0.000,0.000,1.0
2010-07-28,17:20:00,0.260,0.110,239.620,1.200,0.000,0.000,0.0
2010-07-28,17:21:00,0.258,0.110,239.630,1.200,0.000,0.000,1.0
2010-07-28,17:22:00,0.258,0.114,240.820,1.200,0.000,0.000,1.0
2010-07-28,17:23:00,0.256,0.112,240.140,1.200,0.000,0.000,0.0
2010-07-28,17:24:00,0.254,0.112,239.740,1.200,0.000,0.000,1.0
2010-07-28,17:25:00,0.254,0.114,240.730,1.200,0.000,0.000,1.0
2010-07-28,17:26:00,0.252,0.112,240.040,1.200,0.000,0.000,0.0
2010-07-28,17:27:00,0.250,0.112,239.940,1.200,0.000,0.000,1.0
2010-07-28,17:28:00,0.250,0.112,239.960,1.200,0.000,0.000,1.0
2010-07-28,17:29:00,0.250,0.114,240.520,1.200,0.000,0.000,0.0
2010-07-28,17:30:00,0.676,0.248,239.580,3.200,0.000,0.000,7.0
2010-07-28,17:31:00,0.906,0.308,238.600,4.000,0.000,0.000,12.0
2010-07-28,17:32:00,0.936,0.310,238.910,4.000,0.000,0.000,12.0
2010-07-28,17:33:00,0.954,0.308,238.710,4.200,0.000,0.000,12.0
2010-07-28,17:34:00,0.962,0.310,239.130,4.200,0.000,0.000,13.0
2010-07-28,17:35:00,0.764,0.252,238.430,3.600,0.000,0.000,10.0
2010-07-28,17:36:00,0.246,0.108,238.350,1.000,0.000,0.000,0.0
2010-07-28,17:37:00,0.248,0.112,239.660,1.000,0.000,0.000,1.0
2010-07-28,17:38:00,0.204,0.052,239.540,1.000,0.000,0.000,1.0
2010-07-28,17:39:00,0.154,0.000,239.970,0.600,0.000,0.000,0.0
2010-07-28,17:40:00,0.194,0.000,239.430,1.000,0.000,0.000,1.0
2010-07-28,17:41:00,0.232,0.082,239.890,1.000,0.000,0.000,1.0
2010-07-28,17:42:00,0.232,0.082,239.810,1.000,0.000,0.000,0.0
2010-07-28,17:43:00,0.232,0.080,239.660,1.000,0.000,0.000,1.0
2010-07-28,17:44:00,0.232,0.084,240.840,1.000,0.000,0.000,1.0
2010-07-28,17:45:00,0.230,0.084,240.630,1.000,0.000,0.000,0.0
2010-07-28,17:46:00,0.228,0.084,240.800,1.000,0.000,0.000,1.0
2010-07-28,17:47:00,0.228,0.084,240.780,1.000,0.000,0.000,0.0
2010-07-28,17:48:00,0.226,0.082,240.300,1.000,0.000,0.000,1.0
2010-07-28,17:49:00,0.224,0.082,240.290,1.000,0.000,0.000,1.0
2010-07-28,17:50:00,0.224,0.082,240.440,1.000,0.000,0.000,0.0
2010-07-28,17:51:00,0.208,0.058,240.840,0.800,0.000,0.000,1.0
2010-07-28,17:52:00,0.154,0.000,240.820,0.600,0.000,0.000,1.0
2010-07-28,17:53:00,0.154,0.000,240.380,0.600,0.000,0.000,0.0
2010-07-28,17:54:00,0.154,0.000,241.020,0.600,0.000,0.000,1.0
2010-07-28,17:55:00,0.156,0.000,241.510,0.600,0.000,0.000,1.0
2010-07-28,17:56:00,0.156,0.000,241.810,0.600,0.000,0.000,0.0
2010-07-28,17:57:00,0.154,0.000,241.530,0.600,0.000,0.000,1.0
2010-07-28,17:58:00,0.154,0.000,241.150,0.600,0.000,0.000,0.0
2010-07-28,17:59:00,0.156,0.000,242.420,0.600,0.000,0.000,1.0
2010-07-28,18:00:00,0.154,0.000,241.540,0.600,0.000,0.000,1.0
2010-07-28,18:01:00,0.154,0.000,241.700,0.600,0.000,0.000,0.0
2010-07-28,18:02:00,0.154,0.000,241.210,0.600,0.000,0.000,1.0
2010-07-28,18:03:00,0.272,0.108,240.930,1.200,0.000,0.000,1.0
2010-07-28,18:04:00,0.266,0.114,241.390,1.200,0.000,0.000,0.0
2010-07-28,18:05:00,0.262,0.116,241.790,1.200,0.000,0.000,1.0
2010-07-28,18:06:00,0.260,0.114,241.090,1.200,0.000,0.000,1.0
2010-07-28,18:07:00,0.258,0.116,241.670,1.200,0.000,0.000,0.0
2010-07-28,18:08:00,0.258,0.116,241.430,1.200,0.000,0.000,1.0
2010-07-28,18:09:00,0.256,0.116,241.680,1.200,0.000,0.000,1.0
2010-07-28,18:10:00,0.256,0.118,242.030,1.200,0.000,0.000,0.0
2010-07-28,18:11:00,0.256,0.118,242.320,1.200,0.000,0.000,1.0
2010-07-28,18:12:00,0.254,0.120,242.300,1.200,0.000,0.000,1.0
2010-07-28,18:13:00,0.254,0.118,241.950,1.200,0.000,0.000,0.0
2010-07-28,18:14:00,0.254,0.120,242.300,1.200,0.000,0.000,1.0
2010-07-28,18:15:00,0.254,0.120,242.290,1.200,0.000,0.000,0.0
2010-07-28,18:16:00,0.254,0.120,242.350,1.200,0.000,0.000,1.0
2010-07-28,18:17:00,0.252,0.120,242.210,1.200,0.000,0.000,1.0
2010-07-28,18:18:00,0.252,0.118,242.130,1.200,0.000,0.000,0.0
2010-07-28,18:19:00,0.326,0.194,241.240,1.600,0.000,0.000,1.0
2010-07-28,18:20:00,0.328,0.218,241.220,1.600,0.000,0.000,1.0
2010-07-28,18:21:00,0.328,0.218,241.400,1.600,0.000,0.000,0.0
2010-07-28,18:22:00,0.330,0.218,241.180,1.600,0.000,0.000,1.0
2010-07-28,18:23:00,0.356,0.232,241.180,1.800,0.000,0.000,1.0
2010-07-28,18:24:00,0.324,0.208,241.560,1.600,0.000,1.000,0.0
2010-07-28,18:25:00,0.320,0.206,241.320,1.600,0.000,2.000,1.0
2010-07-28,18:26:00,0.320,0.208,241.370,1.600,0.000,1.000,1.0
2010-07-28,18:27:00,0.318,0.206,241.190,1.600,0.000,2.000,0.0
2010-07-28,18:28:00,0.318,0.210,242.010,1.600,0.000,1.000,1.0
2010-07-28,18:29:00,0.318,0.208,241.410,1.600,0.000,2.000,0.0
2010-07-28,18:30:00,0.290,0.166,241.270,1.400,0.000,1.000,1.0
2010-07-28,18:31:00,0.388,0.152,240.780,2.200,0.000,1.000,2.0
2010-07-28,18:32:00,0.904,0.312,240.280,4.000,0.000,2.000,12.0
2010-07-28,18:33:00,0.924,0.314,240.630,4.000,0.000,1.000,12.0
2010-07-28,18:34:00,0.950,0.304,239.580,4.200,0.000,2.000,12.0
2010-07-28,18:35:00,0.958,0.302,239.360,4.200,0.000,1.000,13.0
2010-07-28,18:36:00,0.962,0.306,239.880,4.200,0.000,2.000,12.0
2010-07-28,18:37:00,0.472,0.166,240.090,2.400,0.000,1.000,6.0
2010-07-28,18:38:00,0.242,0.104,240.740,1.000,0.000,1.000,0.0
2010-07-28,18:39:00,0.242,0.104,240.960,1.000,0.000,2.000,1.0
2010-07-28,18:40:00,0.240,0.102,240.270,1.000,0.000,1.000,1.0
2010-07-28,18:41:00,0.238,0.102,240.750,1.000,0.000,1.000,0.0
2010-07-28,18:42:00,0.236,0.098,239.530,1.000,0.000,2.000,1.0
2010-07-28,18:43:00,0.236,0.100,239.770,1.000,0.000,1.000,0.0
2010-07-28,18:44:00,0.236,0.100,239.590,1.000,0.000,1.000,1.0
2010-07-28,18:45:00,0.234,0.098,239.180,1.000,0.000,1.000,1.0
2010-07-28,18:46:00,0.234,0.100,240.080,1.000,0.000,2.000,0.0
2010-07-28,18:47:00,0.232,0.096,238.880,1.000,0.000,1.000,1.0
2010-07-28,18:48:00,0.290,0.152,238.690,1.400,0.000,1.000,1.0
2010-07-28,18:49:00,0.340,0.226,238.700,1.600,0.000,1.000,0.0
2010-07-28,18:50:00,0.338,0.226,238.760,1.600,0.000,2.000,1.0
2010-07-28,18:51:00,0.334,0.228,239.040,1.600,0.000,1.000,0.0
2010-07-28,18:52:00,0.334,0.230,239.330,1.600,0.000,1.000,1.0
2010-07-28,18:53:00,0.332,0.228,239.230,1.600,0.000,1.000,1.0
2010-07-28,18:54:00,0.330,0.230,239.720,1.600,0.000,1.000,0.0
2010-07-28,18:55:00,0.310,0.202,240.630,1.600,0.000,1.000,1.0
2010-07-28,18:56:00,0.256,0.114,240.510,1.200,0.000,0.000,1.0
2010-07-28,18:57:00,0.256,0.116,240.900,1.200,0.000,0.000,0.0
2010-07-28,18:58:00,0.342,0.208,240.290,1.800,0.000,0.000,1.0
2010-07-28,18:59:00,0.332,0.216,240.920,1.600,0.000,0.000,1.0
2010-07-28,19:00:00,0.330,0.214,240.220,1.600,0.000,0.000,0.0
2010-07-28,19:01:00,0.330,0.214,240.370,1.600,0.000,0.000,1.0
2010-07-28,19:02:00,0.328,0.214,240.340,1.600,0.000,0.000,0.0
2010-07-28,19:03:00,0.326,0.214,240.170,1.600,0.000,0.000,1.0
2010-07-28,19:04:00,0.324,0.216,240.560,1.600,0.000,0.000,1.0
2010-07-28,19:05:00,0.324,0.216,240.590,1.600,0.000,0.000,0.0
2010-07-28,19:06:00,0.324,0.222,241.990,1.600,0.000,0.000,1.0
2010-07-28,19:07:00,0.324,0.224,242.210,1.600,0.000,0.000,1.0
2010-07-28,19:08:00,0.324,0.224,242.240,1.600,0.000,0.000,0.0
2010-07-28,19:09:00,0.238,0.100,241.920,1.200,0.000,0.000,1.0
2010-07-28,19:10:00,0.160,0.000,242.230,0.600,0.000,0.000,1.0
2010-07-28,19:11:00,0.158,0.000,241.680,0.600,0.000,0.000,0.0
2010-07-28,19:12:00,0.158,0.000,241.050,0.600,0.000,0.000,1.0
2010-07-28,19:13:00,0.158,0.000,240.960,0.600,0.000,0.000,1.0
2010-07-28,19:14:00,0.158,0.000,241.140,0.600,0.000,0.000,0.0
2010-07-28,19:15:00,0.158,0.000,240.770,0.600,0.000,0.000,1.0
2010-07-28,19:16:00,0.160,0.000,242.550,0.600,0.000,0.000,0.0
2010-07-28,19:17:00,0.160,0.000,242.470,0.600,0.000,0.000,1.0
2010-07-28,19:18:00,0.158,0.000,241.920,0.600,0.000,0.000,1.0
2010-07-28,19:19:00,0.160,0.000,242.470,0.600,0.000,0.000,0.0
2010-07-28,19:20:00,0.158,0.000,241.590,0.600,0.000,0.000,1.0
2010-07-28,19:21:00,0.158,0.000,241.970,0.600,0.000,0.000,1.0
2010-07-28,19:22:00,0.158,0.000,241.170,0.600,0.000,0.000,0.0
2010-07-28,19:23:00,0.158,0.000,241.370,0.600,0.000,0.000,1.0
2010-07-28,19:24:00,0.160,0.000,242.120,0.600,0.000,0.000,1.0
2010-07-28,19:25:00,0.158,0.000,241.420,0.600,0.000,0.000,0.0
2010-07-28,19:26:00,0.158,0.000,241.430,0.600,0.000,0.000,1.0
2010-07-28,19:27:00,0.158,0.000,241.620,0.600,0.000,0.000,1.0
2010-07-28,19:28:00,0.158,0.000,241.630,0.600,0.000,0.000,0.0
2010-07-28,19:29:00,0.158,0.000,241.090,0.600,0.000,0.000,1.0
2010-07-28,19:30:00,0.158,0.000,241.860,0.600,0.000,0.000,0.0
2010-07-28,19:31:00,0.158,0.000,241.560,0.600,0.000,0.000,1.0
2010-07-28,19:32:00,0.158,0.000,241.850,0.600,0.000,0.000,1.0
2010-07-28,19:33:00,0.360,0.072,242.130,2.200,0.000,0.000,2.0
2010-07-28,19:34:00,0.930,0.332,241.160,4.000,0.000,0.000,12.0
2010-07-28,19:35:00,0.948,0.332,241.190,4.200,0.000,0.000,12.0
2010-07-28,19:36:00,0.974,0.328,240.730,4.200,0.000,0.000,12.0
2010-07-28,19:37:00,1.066,0.424,240.940,4.800,0.000,0.000,13.0
2010-07-28,19:38:00,1.060,0.434,241.300,4.600,0.000,0.000,12.0
2010-07-28,19:39:00,0.508,0.274,242.080,2.600,0.000,0.000,5.0
2010-07-28,19:40:00,0.336,0.222,241.660,1.600,0.000,0.000,1.0
2010-07-28,19:41:00,1.296,0.202,239.820,5.600,0.000,0.000,15.0
2010-07-28,19:42:00,1.430,0.202,240.000,6.000,0.000,0.000,19.0
2010-07-28,19:43:00,1.414,0.202,240.140,5.800,0.000,0.000,18.0
2010-07-28,19:44:00,1.406,0.204,240.550,5.800,0.000,0.000,19.0
2010-07-28,19:45:00,1.404,0.204,240.950,5.800,0.000,0.000,19.0
2010-07-28,19:46:00,1.398,0.204,240.750,5.800,0.000,0.000,18.0
2010-07-28,19:47:00,1.388,0.200,240.140,5.800,0.000,0.000,18.0
2010-07-28,19:48:00,1.354,0.148,240.490,5.600,0.000,0.000,19.0
2010-07-28,19:49:00,1.320,0.100,240.360,5.400,0.000,0.000,18.0
2010-07-28,19:50:00,1.318,0.100,240.200,5.400,0.000,0.000,18.0
2010-07-28,19:51:00,1.322,0.102,240.690,5.400,0.000,0.000,19.0
2010-07-28,19:52:00,1.324,0.102,241.030,5.400,0.000,0.000,18.0
2010-07-28,19:53:00,1.322,0.100,240.970,5.400,0.000,0.000,19.0
2010-07-28,19:54:00,1.276,0.000,240.980,5.200,0.000,0.000,18.0
2010-07-28,19:55:00,1.228,0.000,240.810,5.000,0.000,0.000,18.0
2010-07-28,19:56:00,1.226,0.000,240.630,5.000,0.000,0.000,19.0
2010-07-28,19:57:00,1.222,0.000,240.060,5.000,0.000,0.000,18.0
2010-07-28,19:58:00,1.222,0.000,240.110,5.000,0.000,0.000,18.0
2010-07-28,19:59:00,1.220,0.000,239.890,5.000,0.000,0.000,19.0
2010-07-28,20:00:00,1.220,0.000,240.020,5.000,0.000,0.000,18.0
2010-07-28,20:01:00,1.230,0.000,240.920,5.000,0.000,0.000,18.0
2010-07-28,20:02:00,1.230,0.000,240.940,5.000,0.000,0.000,19.0
2010-07-28,20:03:00,1.234,0.000,241.310,5.000,0.000,0.000,18.0
2010-07-28,20:04:00,1.236,0.000,241.560,5.000,0.000,0.000,19.0
2010-07-28,20:05:00,1.238,0.000,241.840,5.000,0.000,0.000,18.0
2010-07-28,20:06:00,1.234,0.000,241.370,5.000,0.000,0.000,19.0
2010-07-28,20:07:00,1.234,0.000,241.410,5.000,0.000,0.000,18.0
2010-07-28,20:08:00,1.228,0.000,240.880,5.000,0.000,0.000,18.0
2010-07-28,20:09:00,1.234,0.000,241.440,5.000,0.000,0.000,19.0
2010-07-28,20:10:00,1.234,0.000,241.490,5.000,0.000,0.000,18.0
2010-07-28,20:11:00,1.238,0.000,241.740,5.000,0.000,0.000,19.0
2010-07-28,20:12:00,1.250,0.000,242.930,5.000,0.000,0.000,18.0
2010-07-28,20:13:00,1.246,0.000,242.660,5.000,0.000,0.000,19.0
2010-07-28,20:14:00,1.244,0.000,242.500,5.000,0.000,0.000,19.0
2010-07-28,20:15:00,1.392,0.132,242.880,5.800,0.000,1.000,18.0
2010-07-28,20:16:00,1.410,0.202,242.680,5.800,0.000,1.000,19.0
2010-07-28,20:17:00,1.408,0.200,242.410,5.800,0.000,2.000,19.0
2010-07-28,20:18:00,1.414,0.204,242.550,5.800,0.000,1.000,18.0
2010-07-28,20:19:00,1.524,0.338,242.320,6.400,0.000,2.000,19.0
2010-07-28,20:20:00,1.510,0.336,242.190,6.400,0.000,1.000,19.0
2010-07-28,20:21:00,1.504,0.336,242.170,6.200,0.000,2.000,18.0
2010-07-28,20:22:00,1.498,0.334,241.770,6.200,0.000,1.000,19.0
2010-07-28,20:23:00,0.478,0.350,242.960,2.600,0.000,2.000,3.0
2010-07-28,20:24:00,0.420,0.354,243.350,2.200,0.000,1.000,0.0
2010-07-28,20:25:00,0.418,0.348,242.720,2.200,0.000,1.000,1.0
2010-07-28,20:26:00,0.390,0.310,242.370,2.000,0.000,2.000,1.0
2010-07-28,20:27:00,0.344,0.242,242.390,1.600,0.000,1.000,0.0
2010-07-28,20:28:00,0.342,0.240,242.060,1.600,0.000,2.000,1.0
2010-07-28,20:29:00,0.340,0.240,241.800,1.600,0.000,1.000,1.0
2010-07-28,20:30:00,0.338,0.238,241.680,1.600,0.000,1.000,0.0
2010-07-28,20:31:00,0.334,0.238,241.400,1.600,0.000,2.000,1.0
2010-07-28,20:32:00,0.334,0.240,241.880,1.600,0.000,1.000,1.0
2010-07-28,20:33:00,0.334,0.238,241.410,1.600,0.000,1.000,0.0
2010-07-28,20:34:00,0.426,0.272,241.530,2.400,0.000,2.000,1.0
2010-07-28,20:35:00,0.990,0.454,241.110,4.400,0.000,1.000,12.0
2010-07-28,20:36:00,1.010,0.454,241.220,4.600,0.000,1.000,12.0
2010-07-28,20:37:00,1.038,0.452,241.280,4.600,0.000,1.000,12.0
2010-07-28,20:38:00,1.048,0.456,241.600,4.600,0.000,2.000,13.0
2010-07-28,20:39:00,1.040,0.436,241.080,4.600,0.000,1.000,13.0
2010-07-28,20:40:00,0.536,0.196,242.090,2.800,0.000,1.000,6.0
2010-07-28,20:41:00,0.236,0.106,242.230,1.000,0.000,1.000,1.0
2010-07-28,20:42:00,0.236,0.106,242.150,1.000,0.000,2.000,1.0
2010-07-28,20:43:00,0.236,0.106,242.360,1.000,0.000,1.000,0.0
2010-07-28,20:44:00,0.234,0.106,242.360,1.000,0.000,1.000,1.0
2010-07-28,20:45:00,0.234,0.106,242.390,1.000,0.000,1.000,1.0
2010-07-28,20:46:00,0.204,0.056,242.050,0.800,0.000,1.000,0.0
2010-07-28,20:47:00,0.160,0.000,242.380,0.600,0.000,0.000,1.0
2010-07-28,20:48:00,0.160,0.000,242.660,0.600,0.000,0.000,1.0
2010-07-28,20:49:00,0.160,0.000,242.210,0.600,0.000,0.000,0.0
2010-07-28,20:50:00,0.160,0.000,242.890,0.600,0.000,0.000,1.0
2010-07-28,20:51:00,0.160,0.000,242.740,0.600,0.000,0.000,1.0
2010-07-28,20:52:00,0.160,0.000,242.820,0.600,0.000,0.000,0.0
2010-07-28,20:53:00,0.198,0.000,242.720,1.000,0.000,0.000,1.0
2010-07-28,20:54:00,0.240,0.090,242.990,1.000,0.000,0.000,1.0
2010-07-28,20:55:00,0.240,0.090,242.550,1.000,0.000,0.000,0.0
2010-07-28,20:56:00,0.238,0.090,243.060,1.000,0.000,0.000,1.0
2010-07-28,20:57:00,0.238,0.092,243.350,1.000,0.000,0.000,0.0
2010-07-28,20:58:00,0.236,0.090,243.150,1.000,0.000,0.000,1.0
2010-07-28,20:59:00,0.234,0.090,242.960,1.000,0.000,0.000,1.0
2010-07-28,21:00:00,0.234,0.090,243.050,1.000,0.000,0.000,0.0
2010-07-28,21:01:00,0.234,0.092,243.870,1.000,0.000,0.000,1.0
2010-07-28,21:02:00,0.232,0.094,244.090,1.000,0.000,0.000,1.0
2010-07-28,21:03:00,0.230,0.088,242.110,1.000,0.000,0.000,0.0
2010-07-28,21:04:00,0.280,0.126,241.390,1.400,0.000,0.000,1.0
2010-07-28,21:05:00,0.268,0.112,240.690,1.200,0.000,0.000,1.0
2010-07-28,21:06:00,0.266,0.114,240.880,1.200,0.000,0.000,0.0
2010-07-28,21:07:00,0.264,0.114,240.870,1.200,0.000,0.000,1.0
2010-07-28,21:08:00,0.262,0.114,240.810,1.200,0.000,0.000,1.0
2010-07-28,21:09:00,0.260,0.112,240.470,1.200,0.000,0.000,0.0
2010-07-28,21:10:00,0.258,0.112,239.900,1.200,0.000,0.000,1.0
2010-07-28,21:11:00,0.256,0.110,239.450,1.200,0.000,0.000,0.0
2010-07-28,21:12:00,0.254,0.110,239.300,1.200,0.000,0.000,1.0
2010-07-28,21:13:00,0.254,0.110,239.460,1.200,0.000,0.000,1.0
2010-07-28,21:14:00,0.254,0.110,239.200,1.200,0.000,0.000,0.0
2010-07-28,21:15:00,0.252,0.110,239.280,1.200,0.000,0.000,1.0
2010-07-28,21:16:00,0.254,0.110,239.610,1.200,0.000,0.000,1.0
2010-07-28,21:17:00,0.254,0.112,239.930,1.200,0.000,0.000,0.0
2010-07-28,21:18:00,0.252,0.110,239.580,1.200,0.000,0.000,1.0
2010-07-28,21:19:00,0.252,0.110,239.660,1.200,0.000,0.000,1.0
2010-07-28,21:20:00,0.252,0.110,239.610,1.200,0.000,0.000,0.0
2010-07-28,21:21:00,0.252,0.112,240.240,1.200,0.000,0.000,1.0
2010-07-28,21:22:00,0.252,0.112,240.250,1.200,0.000,0.000,0.0
2010-07-28,21:23:00,0.252,0.112,240.280,1.200,0.000,0.000,1.0
2010-07-28,21:24:00,0.252,0.110,239.920,1.200,0.000,0.000,1.0
2010-07-28,21:25:00,0.168,0.000,239.640,0.800,0.000,0.000,0.0
2010-07-28,21:26:00,0.158,0.000,240.290,0.600,0.000,0.000,1.0
2010-07-28,21:27:00,0.158,0.000,240.520,0.600,0.000,0.000,1.0
2010-07-28,21:28:00,0.158,0.000,240.540,0.600,0.000,0.000,0.0
2010-07-28,21:29:00,0.158,0.000,240.590,0.600,0.000,0.000,1.0
2010-07-28,21:30:00,0.158,0.000,240.740,0.600,0.000,0.000,1.0
2010-07-28,21:31:00,0.210,0.000,240.750,1.000,0.000,0.000,0.0
2010-07-28,21:32:00,0.236,0.084,240.840,1.000,0.000,0.000,1.0
2010-07-28,21:33:00,0.236,0.084,240.830,1.000,0.000,0.000,0.0
2010-07-28,21:34:00,0.236,0.084,240.700,1.000,0.000,0.000,1.0
2010-07-28,21:35:00,0.468,0.160,240.440,2.400,0.000,0.000,4.0
2010-07-28,21:36:00,0.890,0.292,240.200,3.800,0.000,0.000,11.0
2010-07-28,21:37:00,0.916,0.292,240.210,4.000,0.000,0.000,12.0
2010-07-28,21:38:00,0.938,0.292,240.170,4.000,0.000,0.000,13.0
2010-07-28,21:39:00,0.942,0.288,239.950,4.000,0.000,0.000,12.0
2010-07-28,21:40:00,0.946,0.288,240.010,4.000,0.000,0.000,13.0
2010-07-28,21:41:00,0.468,0.152,240.340,2.400,0.000,0.000,5.0
2010-07-28,21:42:00,0.194,0.000,240.120,0.800,0.000,0.000,1.0
2010-07-28,21:43:00,0.156,0.000,239.470,0.600,0.000,0.000,1.0
2010-07-28,21:44:00,0.156,0.000,239.470,0.600,0.000,0.000,0.0
2010-07-28,21:45:00,0.156,0.000,239.940,0.600,0.000,0.000,1.0
2010-07-28,21:46:00,0.158,0.000,239.890,0.600,0.000,0.000,1.0
2010-07-28,21:47:00,0.158,0.000,240.240,0.600,0.000,0.000,0.0
2010-07-28,21:48:00,0.158,0.000,240.060,0.600,0.000,0.000,1.0
2010-07-28,21:49:00,0.202,0.000,239.700,1.000,0.000,0.000,0.0
2010-07-28,21:50:00,0.270,0.112,240.020,1.200,0.000,0.000,1.0
2010-07-28,21:51:00,0.266,0.112,239.590,1.200,0.000,0.000,1.0
2010-07-28,21:52:00,0.262,0.110,239.300,1.200,0.000,0.000,0.0
2010-07-28,21:53:00,0.260,0.110,239.230,1.200,0.000,0.000,1.0
2010-07-28,21:54:00,0.260,0.110,239.350,1.200,0.000,0.000,1.0
2010-07-28,21:55:00,0.258,0.108,238.600,1.200,0.000,0.000,0.0
2010-07-28,21:56:00,0.256,0.108,238.970,1.200,0.000,0.000,1.0
2010-07-28,21:57:00,0.256,0.110,239.140,1.200,0.000,0.000,1.0
2010-07-28,21:58:00,0.254,0.110,239.170,1.200,0.000,0.000,0.0
2010-07-28,21:59:00,0.254,0.110,239.330,1.200,0.000,0.000,1.0
2010-07-28,22:00:00,0.254,0.110,239.490,1.200,0.000,0.000,0.0
2010-07-28,22:01:00,0.252,0.108,239.140,1.200,0.000,0.000,1.0
2010-07-28,22:02:00,0.254,0.110,239.250,1.200,0.000,0.000,1.0
2010-07-28,22:03:00,0.252,0.108,239.210,1.200,0.000,0.000,0.0
2010-07-28,22:04:00,0.252,0.106,238.410,1.200,0.000,0.000,1.0
2010-07-28,22:05:00,0.324,0.186,238.820,1.600,0.000,0.000,1.0
2010-07-28,22:06:00,0.340,0.230,239.490,1.600,0.000,2.000,0.0
2010-07-28,22:07:00,0.338,0.230,239.400,1.600,0.000,1.000,1.0
2010-07-28,22:08:00,0.338,0.228,239.210,1.600,0.000,2.000,0.0
2010-07-28,22:09:00,0.338,0.230,239.550,1.600,0.000,1.000,1.0
2010-07-28,22:10:00,0.380,0.260,240.190,2.000,0.000,1.000,1.0
2010-07-28,22:11:00,0.324,0.202,240.190,1.600,0.000,2.000,0.0
2010-07-28,22:12:00,0.324,0.204,240.460,1.600,0.000,1.000,1.0
2010-07-28,22:13:00,0.326,0.210,242.390,1.600,0.000,2.000,1.0
2010-07-28,22:14:00,0.324,0.210,242.290,1.600,0.000,1.000,0.0
2010-07-28,22:15:00,0.322,0.212,242.480,1.600,0.000,2.000,1.0
2010-07-28,22:16:00,0.320,0.212,242.830,1.600,0.000,1.000,1.0
2010-07-28,22:17:00,0.318,0.214,242.780,1.600,0.000,2.000,0.0
2010-07-28,22:18:00,0.316,0.214,242.960,1.600,0.000,1.000,1.0
2010-07-28,22:19:00,0.316,0.214,242.960,1.600,0.000,1.000,1.0
2010-07-28,22:20:00,0.312,0.210,241.970,1.600,0.000,2.000,0.0
2010-07-28,22:21:00,0.268,0.146,241.770,1.200,0.000,1.000,1.0
2010-07-28,22:22:00,0.238,0.106,241.730,1.000,0.000,1.000,1.0
2010-07-28,22:23:00,0.236,0.106,241.710,1.000,0.000,2.000,0.0
2010-07-28,22:24:00,0.236,0.108,241.920,1.000,0.000,1.000,1.0
2010-07-28,22:25:00,0.236,0.106,241.880,1.000,0.000,1.000,0.0
2010-07-28,22:26:00,0.236,0.106,242.050,1.000,0.000,2.000,1.0
2010-07-28,22:27:00,0.234,0.106,242.010,1.000,0.000,1.000,1.0
2010-07-28,22:28:00,0.234,0.108,242.130,1.000,0.000,1.000,0.0
2010-07-28,22:29:00,0.234,0.110,242.790,1.000,0.000,1.000,1.0
2010-07-28,22:30:00,0.234,0.110,243.330,1.000,0.000,2.000,1.0
2010-07-28,22:31:00,0.234,0.110,243.460,1.000,0.000,1.000,0.0
2010-07-28,22:32:00,0.234,0.110,243.580,1.000,0.000,1.000,1.0
2010-07-28,22:33:00,0.234,0.110,243.530,1.000,0.000,1.000,1.0
2010-07-28,22:34:00,0.234,0.110,243.470,1.000,0.000,1.000,0.0
2010-07-28,22:35:00,0.334,0.222,243.840,1.600,0.000,2.000,1.0
2010-07-28,22:36:00,0.274,0.132,243.890,1.200,0.000,0.000,1.0
2010-07-28,22:37:00,0.916,0.350,243.180,4.000,0.000,0.000,10.0
2010-07-28,22:38:00,0.940,0.350,243.160,4.000,0.000,0.000,12.0
2010-07-28,22:39:00,0.970,0.342,242.540,4.200,0.000,0.000,12.0
2010-07-28,22:40:00,0.974,0.336,241.860,4.200,0.000,0.000,13.0
2010-07-28,22:41:00,0.980,0.336,241.930,4.200,0.000,0.000,13.0
2010-07-28,22:42:00,0.586,0.218,242.380,3.000,0.000,0.000,7.0
2010-07-28,22:43:00,0.258,0.122,242.870,1.200,0.000,0.000,1.0
2010-07-28,22:44:00,0.256,0.122,242.890,1.200,0.000,0.000,0.0
2010-07-28,22:45:00,0.256,0.122,243.160,1.200,0.000,0.000,1.0
2010-07-28,22:46:00,0.256,0.122,243.380,1.200,0.000,0.000,0.0
2010-07-28,22:47:00,0.256,0.122,243.340,1.200,0.000,0.000,1.0
2010-07-28,22:48:00,0.320,0.188,243.010,1.600,0.000,0.000,1.0
2010-07-28,22:49:00,0.330,0.224,242.250,1.600,0.000,0.000,0.0
2010-07-28,22:50:00,0.330,0.224,242.170,1.600,0.000,0.000,1.0
2010-07-28,22:51:00,0.328,0.224,242.090,1.600,0.000,0.000,1.0
2010-07-28,22:52:00,0.328,0.224,242.190,1.600,0.000,0.000,0.0
2010-07-28,22:53:00,0.324,0.220,241.380,1.600,0.000,0.000,1.0
2010-07-28,22:54:00,0.324,0.222,241.730,1.600,0.000,0.000,1.0
2010-07-28,22:55:00,0.322,0.224,242.180,1.600,0.000,0.000,0.0
2010-07-28,22:56:00,0.230,0.092,242.340,1.000,0.000,0.000,1.0
2010-07-28,22:57:00,0.228,0.090,242.330,1.000,0.000,0.000,1.0
2010-07-28,22:58:00,0.228,0.090,242.400,1.000,0.000,0.000,0.0
2010-07-28,22:59:00,0.222,0.082,242.050,1.000,0.000,0.000,1.0
2010-07-28,23:00:00,0.158,0.000,242.660,0.600,0.000,0.000,1.0
2010-07-28,23:01:00,0.158,0.000,243.170,0.600,0.000,0.000,0.0
2010-07-28,23:02:00,0.158,0.000,243.320,0.600,0.000,0.000,1.0
2010-07-28,23:03:00,0.158,0.000,243.350,0.600,0.000,0.000,1.0
2010-07-28,23:04:00,0.158,0.000,243.200,0.600,0.000,0.000,0.0
2010-07-28,23:05:00,0.158,0.000,243.340,0.600,0.000,0.000,1.0
2010-07-28,23:06:00,0.158,0.000,243.470,0.600,0.000,0.000,0.0
2010-07-28,23:07:00,0.158,0.000,243.150,0.600,0.000,0.000,1.0
2010-07-28,23:08:00,0.158,0.000,243.300,0.600,0.000,0.000,1.0
2010-07-28,23:09:00,0.158,0.000,243.560,0.600,0.000,0.000,0.0
2010-07-28,23:10:00,0.158,0.000,243.730,0.600,0.000,0.000,1.0
2010-07-28,23:11:00,0.158,0.000,243.920,0.600,0.000,0.000,1.0
2010-07-28,23:12:00,0.158,0.000,244.200,0.600,0.000,0.000,0.0
2010-07-28,23:13:00,0.158,0.000,244.290,0.600,0.000,0.000,1.0
2010-07-28,23:14:00,0.158,0.000,244.230,0.600,0.000,0.000,1.0
2010-07-28,23:15:00,0.158,0.000,244.250,0.600,0.000,0.000,0.0
2010-07-28,23:16:00,0.158,0.000,244.310,0.600,0.000,0.000,1.0
2010-07-28,23:17:00,0.158,0.000,244.220,0.600,0.000,0.000,1.0
2010-07-28,23:18:00,0.158,0.000,244.100,0.600,0.000,0.000,0.0
2010-07-28,23:19:00,0.158,0.000,244.270,0.600,0.000,0.000,1.0
2010-07-28,23:20:00,0.194,0.000,244.180,1.000,0.000,0.000,1.0
2010-07-28,23:21:00,0.270,0.124,243.980,1.200,0.000,0.000,0.0
2010-07-28,23:22:00,0.268,0.122,243.660,1.200,0.000,0.000,1.0
2010-07-28,23:23:00,0.266,0.122,243.830,1.200,0.000,0.000,1.0
2010-07-28,23:24:00,0.264,0.122,243.820,1.200,0.000,0.000,0.0
2010-07-28,23:25:00,0.264,0.124,244.360,1.200,0.000,0.000,1.0
2010-07-28,23:26:00,0.262,0.126,244.570,1.200,0.000,0.000,1.0
2010-07-28,23:27:00,0.352,0.228,244.460,1.800,0.000,0.000,0.0
2010-07-28,23:28:00,0.338,0.230,244.230,1.600,0.000,0.000,1.0
2010-07-28,23:29:00,0.336,0.232,244.750,1.600,0.000,0.000,1.0
2010-07-28,23:30:00,0.334,0.232,244.650,1.600,0.000,0.000,0.0
2010-07-28,23:31:00,0.334,0.234,245.100,1.600,0.000,0.000,1.0
2010-07-28,23:32:00,0.332,0.236,245.490,1.600,0.000,0.000,1.0
2010-07-28,23:33:00,0.330,0.234,245.150,1.600,0.000,0.000,0.0
2010-07-28,23:34:00,0.328,0.234,245.040,1.600,0.000,0.000,1.0
2010-07-28,23:35:00,0.328,0.236,245.300,1.600,0.000,0.000,1.0
2010-07-28,23:36:00,0.946,0.454,244.170,4.400,0.000,0.000,10.0
2010-07-28,23:37:00,1.000,0.456,243.350,4.400,0.000,0.000,12.0
2010-07-28,23:38:00,0.998,0.404,243.420,4.400,0.000,0.000,12.0
2010-07-28,23:39:00,0.972,0.350,243.390,4.200,0.000,0.000,13.0
2010-07-28,23:40:00,0.976,0.346,243.230,4.200,0.000,0.000,12.0
2010-07-28,23:41:00,0.588,0.190,243.780,3.000,0.000,0.000,8.0
2010-07-28,23:42:00,0.160,0.000,244.530,0.600,0.000,0.000,1.0
2010-07-28,23:43:00,0.158,0.000,244.330,0.600,0.000,0.000,0.0
2010-07-28,23:44:00,0.158,0.000,244.460,0.600,0.000,0.000,1.0
2010-07-28,23:45:00,0.158,0.000,244.260,0.600,0.000,0.000,1.0
2010-07-28,23:46:00,0.158,0.000,244.000,0.600,0.000,0.000,0.0
2010-07-28,23:47:00,0.158,0.000,244.290,0.600,0.000,0.000,1.0
2010-07-28,23:48:00,0.160,0.000,244.600,0.600,0.000,0.000,1.0
2010-07-28,23:49:00,0.158,0.000,244.040,0.600,0.000,0.000,0.0
2010-07-28,23:50:00,0.158,0.000,243.630,0.600,0.000,0.000,1.0
2010-07-28,23:51:00,0.158,0.000,243.470,0.600,0.000,0.000,1.0
2010-07-28,23:52:00,0.158,0.000,243.270,0.600,0.000,0.000,0.0
2010-07-28,23:53:00,0.158,0.000,242.980,0.600,0.000,0.000,1.0
2010-07-28,23:54:00,0.212,0.000,243.390,1.200,0.000,0.000,1.0
2010-07-28,23:55:00,0.250,0.112,243.520,1.000,0.000,1.000,0.0
2010-07-28,23:56:00,0.248,0.110,243.490,1.000,0.000,1.000,1.0
2010-07-28,23:57:00,0.248,0.110,243.320,1.000,0.000,2.000,1.0
2010-07-28,23:58:00,0.248,0.112,243.910,1.000,0.000,1.000,0.0
2010-07-28,23:59:00,0.250,0.112,244.090,1.000,0.000,2.000,1.0
