Date,Time,Global_active_power,Global_reactive_power,Voltage,Global_intensity,Sub_metering_1,Sub_metering_2,Sub_metering_3
2009-05-14,00:00:00,0.398,0.202,244.900,1.800,0.000,2.000,1.0
2009-05-14,00:01:00,0.398,0.204,245.460,1.800,0.000,1.000,0.0
2009-05-14,00:02:00,0.496,0.316,245.630,2.400,0.000,2.000,1.0
2009-05-14,00:03:00,0.456,0.270,246.050,2.000,0.000,1.000,1.0
2009-05-14,00:04:00,0.434,0.242,246.670,2.000,0.000,1.000,0.0
2009-05-14,00:05:00,0.432,0.242,246.860,2.000,0.000,2.000,1.0
2009-05-14,00:06:00,0.430,0.244,247.370,2.000,0.000,1.000,1.0
2009-05-14,00:07:00,0.428,0.244,247.120,2.000,0.000,2.000,0.0
2009-05-14,00:08:00,0.424,0.242,246.680,2.000,0.000,1.000,1.0
2009-05-14,00:09:00,0.416,0.232,244.520,1.800,0.000,1.000,1.0
2009-05-14,00:10:00,0.416,0.232,244.810,1.800,0.000,1.000,0.0
2009-05-14,00:11:00,0.414,0.232,244.920,1.800,0.000,2.000,1.0
2009-05-14,00:12:00,0.412,0.228,244.010,1.800,0.000,1.000,1.0
2009-05-14,00:13:00,0.410,0.228,243.970,1.800,0.000,1.000,0.0
2009-05-14,00:14:00,0.410,0.228,243.980,1.800,0.000,2.000,1.0
2009-05-14,00:15:00,0.410,0.230,244.550,1.800,0.000,1.000,1.0
2009-05-14,00:16:00,0.408,0.228,243.870,1.800,0.000,1.000,1.0
2009-05-14,00:17:00,0.408,0.226,243.790,1.800,0.000,1.000,0.0
2009-05-14,00:18:00,0.398,0.214,244.210,1.800,0.000,2.000,1.0
2009-05-14,00:19:00,0.314,0.090,244.220,1.200,0.000,1.000,1.0
2009-05-14,00:20:00,0.282,0.000,244.080,1.200,0.000,1.000,0.0
2009-05-14,00:21:00,0.240,0.000,244.050,1.000,0.000,0.000,1.0
2009-05-14,00:22:00,0.242,0.000,244.890,1.000,0.000,0.000,1.0
2009-05-14,00:23:00,0.240,0.000,244.280,1.000,0.000,0.000,0.0
2009-05-14,00:24:00,0.238,0.000,243.610,1.000,0.000,0.000,1.0
2009-05-14,00:25:00,0.238,0.000,243.550,1.000,0.000,0.000,1.0
2009-05-14,00:26:00,0.240,0.000,243.850,1.000,0.000,0.000,0.0
2009-05-14,00:27:00,0.238,0.000,243.620,1.000,0.000,0.000,1.0
2009-05-14,00:28:00,0.240,0.000,243.760,1.000,0.000,0.000,1.0
2009-05-14,00:29:00,0.240,0.000,244.150,1.000,0.000,0.000,0.0
2009-05-14,00:30:00,1.274,0.046,242.870,5.400,0.000,0.000,17.0
2009-05-14,00:31:00,1.364,0.046,242.660,5.600,0.000,0.000,19.0
2009-05-14,00:32:00,1.352,0.046,243.000,5.400,0.000,0.000,20.0
2009-05-14,00:33:00,1.394,0.000,243.570,5.600,0.000,0.000,19.0
2009-05-14,00:34:00,1.402,0.056,242.150,5.800,0.000,0.000,18.0
2009-05-14,00:35:00,1.390,0.054,241.140,5.600,0.000,0.000,19.0
2009-05-14,00:36:00,1.390,0.054,241.390,5.600,0.000,0.000,19.0
2009-05-14,00:37:00,1.392,0.054,241.760,5.600,0.000,0.000,18.0
2009-05-14,00:38:00,1.426,0.092,241.200,5.800,0.000,0.000,19.0
2009-05-14,00:39:00,1.488,0.186,241.150,6.200,0.000,0.000,18.0
2009-05-14,00:40:00,1.492,0.190,241.900,6.200,0.000,0.000,19.0
2009-05-14,00:41:00,1.482,0.188,241.290,6.200,0.000,0.000,18.0
2009-05-14,00:42:00,1.476,0.186,241.070,6.000,0.000,0.000,19.0
2009-05-14,00:43:00,1.478,0.188,241.280,6.000,0.000,0.000,18.0
2009-05-14,00:44:00,1.476,0.188,241.440,6.000,0.000,0.000,19.0
2009-05-14,00:45:00,1.472,0.188,241.280,6.000,0.000,0.000,18.0
2009-05-14,00:46:00,1.472,0.188,241.350,6.000,0.000,0.000,19.0
2009-05-14,00:47:00,1.458,0.156,242.040,6.000,0.000,0.000,18.0
2009-05-14,00:48:00,1.406,0.084,241.510,5.800,0.000,0.000,19.0
2009-05-14,00:49:00,1.404,0.084,241.340,5.800,0.000,0.000,18.0
2009-05-14,00:50:00,1.408,0.086,241.800,5.800,0.000,0.000,19.0
2009-05-14,00:51:00,1.406,0.086,241.680,5.800,0.000,0.000,18.0
2009-05-14,00:52:00,1.402,0.084,241.420,5.800,0.000,0.000,19.0
2009-05-14,00:53:00,1.400,0.084,241.190,5.800,0.000,0.000,18.0
2009-05-14,00:54:00,1.400,0.084,241.240,5.800,0.000,0.000,19.0
2009-05-14,00:55:00,1.348,0.000,240.900,5.600,0.000,0.000,18.0
2009-05-14,00:56:00,1.304,0.048,240.730,5.400,0.000,0.000,19.0
2009-05-14,00:57:00,1.302,0.048,240.550,5.400,0.000,0.000,18.0
2009-05-14,00:58:00,1.304,0.048,240.710,5.400,0.000,0.000,18.0
2009-05-14,00:59:00,1.304,0.048,240.820,5.400,0.000,0.000,19.0
2009-05-14,01:00:00,1.304,0.048,240.720,5.400,0.000,0.000,18.0
2009-05-14,01:01:00,1.306,0.048,241.000,5.400,0.000,0.000,19.0
2009-05-14,01:02:00,1.312,0.048,241.520,5.400,0.000,0.000,18.0
2009-05-14,01:03:00,1.316,0.048,241.940,5.400,0.000,0.000,19.0
2009-05-14,01:04:00,1.178,0.046,242.140,5.000,0.000,0.000,17.0
2009-05-14,01:05:00,0.238,0.000,243.080,1.000,0.000,0.000,1.0
2009-05-14,01:06:00,0.238,0.000,243.360,1.000,0.000,0.000,0.0
2009-05-14,01:07:00,0.238,0.000,243.290,1.000,0.000,0.000,1.0
2009-05-14,01:08:00,0.236,0.000,242.740,1.000,0.000,0.000,1.0
2009-05-14,01:09:00,0.236,0.000,242.360,1.000,0.000,0.000,0.0
2009-05-14,01:10:00,0.238,0.000,243.060,1.000,0.000,0.000,1.0
2009-05-14,01:11:00,0.326,0.000,243.310,1.600,0.000,0.000,2.0
2009-05-14,01:12:00,0.852,0.110,243.150,3.400,0.000,0.000,10.0
2009-05-14,01:13:00,0.870,0.110,243.090,3.600,0.000,0.000,12.0
2009-05-14,01:14:00,0.898,0.106,242.900,3.600,0.000,0.000,11.0
2009-05-14,01:15:00,0.944,0.140,243.070,4.000,0.000,0.000,12.0
2009-05-14,01:16:00,0.838,0.204,243.120,3.800,0.000,0.000,10.0
2009-05-14,01:17:00,0.344,0.102,243.500,1.400,0.000,0.000,0.0
2009-05-14,01:18:00,0.394,0.152,242.660,1.800,0.000,0.000,1.0
2009-05-14,01:19:00,0.414,0.202,242.180,1.800,0.000,0.000,1.0
2009-05-14,01:20:00,0.414,0.204,242.310,1.800,0.000,0.000,0.0
2009-05-14,01:21:00,0.412,0.204,242.390,1.800,0.000,0.000,1.0
2009-05-14,01:22:00,0.410,0.202,242.070,1.800,0.000,0.000,1.0
2009-05-14,01:23:00,0.406,0.202,242.100,1.800,0.000,0.000,0.0
2009-05-14,01:24:00,0.404,0.202,242.130,1.800,0.000,0.000,1.0
2009-05-14,01:25:00,0.402,0.202,242.100,1.800,0.000,0.000,1.0
2009-05-14,01:26:00,0.402,0.202,241.980,1.800,0.000,0.000,0.0
2009-05-14,01:27:00,0.402,0.204,242.310,1.800,0.000,0.000,1.0
2009-05-14,01:28:00,0.400,0.204,242.640,1.800,0.000,0.000,1.0
2009-05-14,01:29:00,0.400,0.206,242.880,1.800,0.000,0.000,0.0
2009-05-14,01:30:00,0.400,0.206,242.940,1.800,0.000,0.000,1.0
2009-05-14,01:31:00,0.388,0.190,242.960,1.800,0.000,0.000,1.0
2009-05-14,01:32:00,0.270,0.000,242.910,1.000,0.000,0.000,0.0
2009-05-14,01:33:00,0.238,0.000,243.090,1.000,0.000,0.000,1.0
2009-05-14,01:34:00,0.238,0.000,243.250,1.000,0.000,0.000,1.0
2009-05-14,01:35:00,0.236,0.000,243.190,1.000,0.000,0.000,0.0
2009-05-14,01:36:00,0.236,0.000,243.160,1.000,0.000,0.000,1.0
2009-05-14,01:37:00,0.236,0.000,243.000,1.000,0.000,0.000,1.0
2009-05-14,01:38:00,0.236,0.000,243.110,1.000,0.000,0.000,0.0
2009-05-14,01:39:00,0.236,0.000,243.070,1.000,0.000,0.000,1.0
2009-05-14,01:40:00,0.238,0.000,243.220,1.000,0.000,0.000,1.0
2009-05-14,01:41:00,0.238,0.000,243.360,1.000,0.000,0.000,0.0
2009-05-14,01:42:00,0.238,0.000,243.710,1.000,0.000,0.000,1.0
2009-05-14,01:43:00,0.238,0.000,243.370,1.000,0.000,0.000,1.0
2009-05-14,01:44:00,0.236,0.000,243.150,1.000,0.000,0.000,0.0
2009-05-14,01:45:00,0.238,0.000,243.510,1.000,0.000,0.000,1.0
2009-05-14,01:46:00,0.238,0.000,244.210,1.000,0.000,0.000,1.0
2009-05-14,01:47:00,0.240,0.000,244.420,1.000,0.000,0.000,0.0
2009-05-14,01:48:00,0.238,0.000,243.930,1.000,0.000,0.000,1.0
2009-05-14,01:49:00,0.238,0.000,243.710,1.000,0.000,0.000,1.0
2009-05-14,01:50:00,0.238,0.000,243.370,1.000,0.000,0.000,0.0
2009-05-14,01:51:00,0.236,0.000,242.630,1.000,0.000,0.000,1.0
2009-05-14,01:52:00,0.380,0.120,242.440,1.800,0.000,0.000,1.0
2009-05-14,01:53:00,0.432,0.222,242.070,2.000,0.000,1.000,0.0
2009-05-14,01:54:00,0.426,0.222,242.090,2.000,0.000,1.000,1.0
2009-05-14,01:55:00,0.424,0.220,241.810,2.000,0.000,2.000,1.0
2009-05-14,01:56:00,0.424,0.222,242.170,2.000,0.000,1.000,0.0
2009-05-14,01:57:00,0.422,0.222,242.030,2.000,0.000,2.000,1.0
2009-05-14,01:58:00,0.420,0.222,242.210,1.800,0.000,1.000,1.0
2009-05-14,01:59:00,0.418,0.222,242.110,1.800,0.000,1.000,0.0
2009-05-14,02:00:00,0.418,0.222,242.170,1.800,0.000,2.000,1.0
2009-05-14,02:01:00,0.416,0.220,242.010,1.800,0.000,1.000,1.0
2009-05-14,02:02:00,0.416,0.222,242.140,1.800,0.000,2.000,0.0
2009-05-14,02:03:00,0.432,0.226,242.110,2.000,0.000,1.000,1.0
2009-05-14,02:04:00,0.492,0.328,242.330,2.400,0.000,1.000,1.0
2009-05-14,02:05:00,0.488,0.326,242.170,2.400,0.000,2.000,0.0
2009-05-14,02:06:00,0.486,0.324,241.580,2.400,0.000,1.000,1.0
2009-05-14,02:07:00,0.460,0.288,241.460,2.200,0.000,1.000,1.0
2009-05-14,02:08:00,0.390,0.190,242.200,1.800,0.000,2.000,0.0
2009-05-14,02:09:00,0.388,0.192,242.770,1.800,0.000,1.000,1.0
2009-05-14,02:10:00,0.386,0.192,242.750,1.800,0.000,1.000,1.0
2009-05-14,02:11:00,0.384,0.192,242.770,1.800,0.000,2.000,0.0
2009-05-14,02:12:00,0.384,0.192,242.840,1.600,0.000,1.000,1.0
2009-05-14,02:13:00,0.382,0.192,243.030,1.600,0.000,1.000,1.0
2009-05-14,02:14:00,0.382,0.192,242.990,1.600,0.000,1.000,0.0
2009-05-14,02:15:00,0.380,0.192,242.860,1.600,0.000,2.000,1.0
2009-05-14,02:16:00,0.380,0.192,242.850,1.600,0.000,1.000,1.0
2009-05-14,02:17:00,0.314,0.090,243.170,1.200,0.000,1.000,0.0
2009-05-14,02:18:00,0.310,0.086,242.380,1.200,0.000,1.000,1.0
2009-05-14,02:19:00,0.308,0.082,241.240,1.200,0.000,2.000,1.0
2009-05-14,02:20:00,0.238,0.000,241.510,1.000,0.000,0.000,0.0
2009-05-14,02:21:00,0.234,0.000,241.390,1.000,0.000,0.000,1.0
2009-05-14,02:22:00,0.234,0.000,241.350,1.000,0.000,0.000,1.0
2009-05-14,02:23:00,0.234,0.000,241.320,1.000,0.000,0.000,0.0
2009-05-14,02:24:00,0.234,0.000,241.410,1.000,0.000,0.000,1.0
2009-05-14,02:25:00,0.234,0.000,241.160,1.000,0.000,0.000,1.0
2009-05-14,02:26:00,0.234,0.000,241.560,1.000,0.000,0.000,0.0
2009-05-14,02:27:00,0.234,0.000,241.910,1.000,0.000,0.000,1.0
2009-05-14,02:28:00,0.316,0.046,241.810,1.400,0.000,0.000,1.0
2009-05-14,02:29:00,0.344,0.096,241.740,1.400,0.000,0.000,0.0
2009-05-14,02:30:00,0.338,0.096,241.440,1.400,0.000,0.000,1.0
2009-05-14,02:31:00,0.336,0.094,240.890,1.400,0.000,0.000,1.0
2009-05-14,02:32:00,0.336,0.094,241.140,1.400,0.000,0.000,0.0
2009-05-14,02:33:00,0.332,0.092,240.380,1.400,0.000,0.000,1.0
2009-05-14,02:34:00,0.330,0.092,240.050,1.400,0.000,0.000,1.0
2009-05-14,02:35:00,0.330,0.092,240.380,1.400,0.000,0.000,0.0
2009-05-14,02:36:00,0.330,0.094,240.740,1.400,0.000,0.000,1.0
2009-05-14,02:37:00,0.328,0.094,240.940,1.400,0.000,0.000,0.0
2009-05-14,02:38:00,0.328,0.094,241.050,1.400,0.000,0.000,1.0
2009-05-14,02:39:00,0.328,0.094,241.060,1.400,0.000,0.000,1.0
2009-05-14,02:40:00,0.328,0.094,241.000,1.400,0.000,0.000,0.0
2009-05-14,02:41:00,0.328,0.094,240.910,1.400,0.000,0.000,1.0
2009-05-14,02:42:00,0.326,0.092,240.590,1.400,0.000,0.000,1.0
2009-05-14,02:43:00,0.304,0.062,241.450,1.200,0.000,0.000,0.0
2009-05-14,02:44:00,0.234,0.000,241.770,1.000,0.000,0.000,1.0
2009-05-14,02:45:00,0.234,0.000,241.960,1.000,0.000,0.000,1.0
2009-05-14,02:46:00,0.236,0.000,242.220,1.000,0.000,0.000,0.0
2009-05-14,02:47:00,0.236,0.000,242.240,1.000,0.000,0.000,1.0
2009-05-14,02:48:00,0.236,0.000,242.100,1.000,0.000,0.000,1.0
2009-05-14,02:49:00,0.330,0.070,241.960,1.400,0.000,0.000,0.0
2009-05-14,02:50:00,0.312,0.066,241.760,1.200,0.000,0.000,1.0
2009-05-14,02:51:00,0.312,0.066,241.860,1.200,0.000,0.000,1.0
2009-05-14,02:52:00,0.782,0.174,241.390,3.400,0.000,0.000,8.0
2009-05-14,02:53:00,0.924,0.200,241.330,3.800,0.000,0.000,11.0
2009-05-14,02:54:00,0.952,0.198,241.170,4.000,0.000,0.000,11.0
2009-05-14,02:55:00,0.962,0.192,240.480,4.000,0.000,0.000,12.0
2009-05-14,02:56:00,0.964,0.192,240.460,4.000,0.000,0.000,11.0
2009-05-14,02:57:00,0.502,0.104,241.520,2.400,0.000,0.000,5.0
2009-05-14,02:58:00,0.304,0.068,241.960,1.200,0.000,0.000,1.0
2009-05-14,02:59:00,0.304,0.066,241.660,1.200,0.000,0.000,0.0
2009-05-14,03:00:00,0.304,0.068,242.120,1.200,0.000,0.000,1.0
2009-05-14,03:01:00,0.276,0.000,242.200,1.200,0.000,0.000,1.0
2009-05-14,03:02:00,0.236,0.000,242.400,1.000,0.000,0.000,0.0
2009-05-14,03:03:00,0.234,0.000,241.820,1.000,0.000,0.000,1.0
2009-05-14,03:04:00,0.278,0.000,241.820,1.200,0.000,0.000,1.0
2009-05-14,03:05:00,0.344,0.096,241.480,1.400,0.000,0.000,0.0
2009-05-14,03:06:00,0.340,0.096,241.420,1.400,0.000,0.000,1.0
2009-05-14,03:07:00,0.338,0.096,241.510,1.400,0.000,0.000,1.0
2009-05-14,03:08:00,0.338,0.098,242.010,1.400,0.000,0.000,0.0
2009-05-14,03:09:00,0.336,0.098,242.010,1.400,0.000,0.000,1.0
2009-05-14,03:10:00,0.334,0.100,242.260,1.400,0.000,0.000,0.0
2009-05-14,03:11:00,0.332,0.098,241.840,1.400,0.000,0.000,1.0
2009-05-14,03:12:00,0.330,0.094,240.630,1.400,0.000,0.000,1.0
2009-05-14,03:13:00,0.328,0.094,240.460,1.400,0.000,0.000,0.0
2009-05-14,03:14:00,0.328,0.094,240.550,1.400,0.000,0.000,1.0
2009-05-14,03:15:00,0.328,0.094,240.780,1.400,0.000,0.000,1.0
2009-05-14,03:16:00,0.328,0.094,240.840,1.400,0.000,0.000,0.0
2009-05-14,03:17:00,0.328,0.096,241.320,1.400,0.000,0.000,1.0
2009-05-14,03:18:00,0.328,0.096,241.730,1.400,0.000,0.000,1.0
2009-05-14,03:19:00,0.328,0.096,241.730,1.400,0.000,0.000,0.0
2009-05-14,03:20:00,0.238,0.000,241.770,1.000,0.000,0.000,1.0
2009-05-14,03:21:00,0.236,0.000,241.970,1.000,0.000,0.000,1.0
2009-05-14,03:22:00,0.236,0.000,242.200,1.000,0.000,0.000,0.0
2009-05-14,03:23:00,0.234,0.000,241.920,1.000,0.000,0.000,1.0
2009-05-14,03:24:00,0.234,0.000,241.800,1.000,0.000,0.000,1.0
2009-05-14,03:25:00,0.234,0.000,241.700,1.000,0.000,0.000,0.0
2009-05-14,03:26:00,0.234,0.000,241.570,1.000,0.000,0.000,1.0
2009-05-14,03:27:00,0.234,0.000,241.780,1.000,0.000,0.000,1.0
2009-05-14,03:28:00,0.234,0.000,241.820,1.000,0.000,0.000,0.0
2009-05-14,03:29:00,0.234,0.000,241.780,1.000,0.000,0.000,1.0
2009-05-14,03:30:00,0.234,0.000,241.770,1.000,0.000,0.000,1.0
2009-05-14,03:31:00,0.234,0.000,241.640,1.000,0.000,0.000,0.0
2009-05-14,03:32:00,0.234,0.000,241.400,1.000,0.000,0.000,1.0
2009-05-14,03:33:00,0.300,0.000,241.820,1.400,0.000,0.000,1.0
2009-05-14,03:34:00,0.312,0.068,242.190,1.200,0.000,0.000,0.0
2009-05-14,03:35:00,0.312,0.068,242.050,1.200,0.000,0.000,1.0
2009-05-14,03:36:00,0.312,0.068,242.080,1.200,0.000,0.000,1.0
2009-05-14,03:37:00,0.310,0.066,241.940,1.200,0.000,0.000,0.0
2009-05-14,03:38:00,0.308,0.066,241.900,1.200,0.000,0.000,1.0
2009-05-14,03:39:00,0.308,0.068,242.030,1.200,0.000,0.000,1.0
2009-05-14,03:40:00,0.308,0.068,242.390,1.200,0.000,0.000,0.0
2009-05-14,03:41:00,0.410,0.182,242.180,1.800,0.000,0.000,1.0
2009-05-14,03:42:00,0.414,0.202,241.970,1.800,0.000,0.000,1.0
2009-05-14,03:43:00,0.408,0.200,241.770,1.800,0.000,0.000,0.0
2009-05-14,03:44:00,0.406,0.202,241.880,1.800,0.000,0.000,1.0
2009-05-14,03:45:00,0.390,0.176,241.070,1.800,0.000,0.000,1.0
2009-05-14,03:46:00,0.334,0.096,241.310,1.400,0.000,0.000,0.0
2009-05-14,03:47:00,0.332,0.096,241.370,1.400,0.000,0.000,1.0
2009-05-14,03:48:00,0.332,0.096,241.550,1.400,0.000,0.000,1.0
2009-05-14,03:49:00,0.330,0.096,241.560,1.400,0.000,0.000,0.0
2009-05-14,03:50:00,0.330,0.096,241.290,1.400,0.000,0.000,1.0
2009-05-14,03:51:00,0.330,0.096,241.590,1.400,0.000,0.000,1.0
2009-05-14,03:52:00,0.396,0.170,241.480,1.800,0.000,0.000,0.0
2009-05-14,03:53:00,0.414,0.216,240.690,1.800,0.000,1.000,1.0
2009-05-14,03:54:00,0.412,0.216,240.550,1.800,0.000,1.000,1.0
2009-05-14,03:55:00,0.412,0.216,240.740,1.800,0.000,2.000,0.0
2009-05-14,03:56:00,0.354,0.134,241.250,1.600,0.000,1.000,1.0
2009-05-14,03:57:00,0.320,0.084,241.400,1.400,0.000,2.000,1.0
2009-05-14,03:58:00,0.320,0.084,241.380,1.400,0.000,1.000,0.0
2009-05-14,03:59:00,0.320,0.084,241.530,1.400,0.000,1.000,1.0
2009-05-14,04:00:00,0.322,0.086,242.010,1.400,0.000,2.000,1.0
2009-05-14,04:01:00,0.322,0.086,242.350,1.400,0.000,1.000,0.0
2009-05-14,04:02:00,0.322,0.086,242.210,1.400,0.000,2.000,1.0
2009-05-14,04:03:00,0.320,0.084,241.480,1.400,0.000,1.000,1.0
2009-05-14,04:04:00,0.320,0.084,241.690,1.400,0.000,1.000,0.0
2009-05-14,04:05:00,0.318,0.084,241.550,1.400,0.000,2.000,1.0
2009-05-14,04:06:00,0.316,0.084,241.630,1.200,0.000,1.000,1.0
2009-05-14,04:07:00,0.316,0.084,241.650,1.200,0.000,1.000,0.0
2009-05-14,04:08:00,0.314,0.084,241.540,1.200,0.000,2.000,1.0
2009-05-14,04:09:00,0.314,0.084,241.520,1.200,0.000,1.000,1.0
2009-05-14,04:10:00,0.312,0.084,241.570,1.200,0.000,1.000,0.0
2009-05-14,04:11:00,0.312,0.084,241.510,1.200,0.000,2.000,1.0
2009-05-14,04:12:00,0.310,0.084,241.310,1.200,0.000,1.000,1.0
2009-05-14,04:13:00,0.310,0.084,241.240,1.200,0.000,1.000,0.0
2009-05-14,04:14:00,0.310,0.084,241.320,1.200,0.000,1.000,1.0
2009-05-14,04:15:00,0.310,0.084,241.610,1.200,0.000,2.000,1.0
2009-05-14,04:16:00,0.310,0.084,241.460,1.200,0.000,1.000,0.0
2009-05-14,04:17:00,0.400,0.164,241.000,2.000,0.000,1.000,1.0
2009-05-14,04:18:00,0.494,0.320,241.090,2.400,0.000,1.000,1.0
2009-05-14,04:19:00,0.488,0.320,241.060,2.400,0.000,2.000,0.0
2009-05-14,04:20:00,0.426,0.216,241.240,2.000,0.000,0.000,1.0
2009-05-14,04:21:00,0.412,0.198,241.000,1.800,0.000,0.000,0.0
2009-05-14,04:22:00,0.410,0.198,241.100,1.800,0.000,0.000,1.0
2009-05-14,04:23:00,0.406,0.198,241.070,1.800,0.000,0.000,1.0
2009-05-14,04:24:00,0.404,0.200,241.160,1.800,0.000,0.000,0.0
2009-05-14,04:25:00,0.402,0.200,241.280,1.800,0.000,0.000,1.0
2009-05-14,04:26:00,0.402,0.200,241.450,1.800,0.000,0.000,1.0
2009-05-14,04:27:00,0.400,0.200,241.260,1.800,0.000,0.000,0.0
2009-05-14,04:28:00,0.400,0.200,241.370,1.800,0.000,0.000,1.0
2009-05-14,04:29:00,0.398,0.200,241.180,1.800,0.000,0.000,1.0
2009-05-14,04:30:00,0.362,0.146,241.130,1.600,0.000,0.000,0.0
2009-05-14,04:31:00,0.328,0.096,241.230,1.400,0.000,0.000,1.0
2009-05-14,04:32:00,0.286,0.000,241.250,1.200,0.000,0.000,1.0
2009-05-14,04:33:00,0.234,0.000,241.350,1.000,0.000,0.000,0.0
2009-05-14,04:34:00,0.234,0.000,241.550,1.000,0.000,0.000,1.0
2009-05-14,04:35:00,0.234,0.000,241.600,1.000,0.000,0.000,1.0
2009-05-14,04:36:00,0.706,0.070,241.240,3.200,0.000,0.000,8.0
2009-05-14,04:37:00,0.848,0.094,240.920,3.400,0.000,0.000,11.0
2009-05-14,04:38:00,0.876,0.092,240.670,3.600,0.000,0.000,11.0
2009-05-14,04:39:00,0.894,0.094,241.230,3.600,0.000,0.000,11.0
2009-05-14,04:40:00,0.898,0.096,241.400,3.600,0.000,0.000,12.0
2009-05-14,04:41:00,0.488,0.000,241.940,2.400,0.000,0.000,6.0
2009-05-14,04:42:00,0.234,0.000,241.840,1.000,0.000,0.000,0.0
2009-05-14,04:43:00,0.234,0.000,241.670,1.000,0.000,0.000,1.0
2009-05-14,04:44:00,0.234,0.000,241.340,1.000,0.000,0.000,1.0
2009-05-14,04:45:00,0.232,0.000,240.240,1.000,0.000,0.000,0.0
2009-05-14,04:46:00,0.232,0.000,240.380,1.000,0.000,0.000,1.0
2009-05-14,04:47:00,0.234,0.000,241.690,1.000,0.000,0.000,1.0
2009-05-14,04:48:00,0.236,0.000,242.000,1.000,0.000,0.000,0.0
2009-05-14,04:49:00,0.234,0.000,241.680,1.000,0.000,0.000,1.0
2009-05-14,04:50:00,0.234,0.000,241.680,1.000,0.000,0.000,1.0
2009-05-14,04:51:00,0.234,0.000,241.160,1.000,0.000,0.000,0.0
2009-05-14,04:52:00,0.234,0.000,241.220,1.000,0.000,0.000,1.0
2009-05-14,04:53:00,0.274,0.000,241.160,1.200,0.000,0.000,1.0
2009-05-14,04:54:00,0.344,0.094,241.070,1.400,0.000,0.000,0.0
2009-05-14,04:55:00,0.340,0.094,240.860,1.400,0.000,0.000,1.0
2009-05-14,04:56:00,0.336,0.092,240.240,1.400,0.000,0.000,1.0
2009-05-14,04:57:00,0.334,0.092,240.210,1.400,0.000,0.000,0.0
2009-05-14,04:58:00,0.332,0.092,240.150,1.400,0.000,0.000,1.0
2009-05-14,04:59:00,0.332,0.092,240.280,1.400,0.000,0.000,1.0
2009-05-14,05:00:00,0.330,0.092,240.420,1.400,0.000,0.000,0.0
2009-05-14,05:01:00,0.328,0.092,239.910,1.400,0.000,0.000,1.0
2009-05-14,05:02:00,0.328,0.092,240.220,1.400,0.000,0.000,0.0
2009-05-14,05:03:00,0.410,0.180,240.150,2.000,0.000,0.000,1.0
2009-05-14,05:04:00,0.402,0.194,239.990,1.800,0.000,0.000,1.0
2009-05-14,05:05:00,0.404,0.194,239.950,1.800,0.000,0.000,0.0
2009-05-14,05:06:00,0.402,0.196,240.270,1.800,0.000,0.000,1.0
2009-05-14,05:07:00,0.400,0.194,240.070,1.800,0.000,0.000,1.0
2009-05-14,05:08:00,0.364,0.144,239.850,1.600,0.000,0.000,0.0
2009-05-14,05:09:00,0.304,0.064,240.100,1.200,0.000,0.000,1.0
2009-05-14,05:10:00,0.302,0.062,239.960,1.200,0.000,0.000,1.0
2009-05-14,05:11:00,0.302,0.064,240.330,1.200,0.000,0.000,0.0
2009-05-14,05:12:00,0.302,0.064,240.670,1.200,0.000,0.000,1.0
2009-05-14,05:13:00,0.304,0.066,241.030,1.200,0.000,0.000,1.0
2009-05-14,05:14:00,0.302,0.066,240.830,1.200,0.000,0.000,0.0
2009-05-14,05:15:00,0.282,0.000,241.370,1.200,0.000,0.000,1.0
2009-05-14,05:16:00,0.234,0.000,241.190,1.000,0.000,0.000,1.0
2009-05-14,05:17:00,0.234,0.000,240.960,1.000,0.000,0.000,0.0
2009-05-14,05:18:00,0.232,0.000,240.400,1.000,0.000,0.000,1.0
2009-05-14,05:19:00,0.232,0.000,240.660,1.000,0.000,0.000,1.0
2009-05-14,05:20:00,0.232,0.000,240.660,1.000,0.000,0.000,0.0
2009-05-14,05:21:00,0.232,0.000,240.390,1.000,0.000,0.000,1.0
2009-05-14,05:22:00,0.232,0.000,240.610,1.000,0.000,0.000,1.0
2009-05-14,05:23:00,0.232,0.000,240.520,1.000,0.000,0.000,0.0
2009-05-14,05:24:00,0.232,0.000,240.500,1.000,0.000,0.000,1.0
2009-05-14,05:25:00,0.234,0.000,241.000,1.000,0.000,0.000,1.0
2009-05-14,05:26:00,0.234,0.000,240.960,1.000,0.000,0.000,0.0
2009-05-14,05:27:00,0.234,0.000,240.960,1.000,0.000,0.000,1.0
2009-05-14,05:28:00,0.234,0.000,240.960,1.000,0.000,0.000,1.0
2009-05-14,05:29:00,0.264,0.000,240.800,1.200,0.000,0.000,0.0
2009-05-14,05:30:00,0.344,0.092,240.630,1.400,0.000,0.000,1.0
2009-05-14,05:31:00,0.340,0.094,240.670,1.400,0.000,0.000,1.0
2009-05-14,05:32:00,0.336,0.092,240.460,1.400,0.000,0.000,0.0
2009-05-14,05:33:00,0.334,0.092,240.150,1.400,0.000,0.000,1.0
2009-05-14,05:34:00,0.332,0.092,240.030,1.400,0.000,0.000,1.0
2009-05-14,05:35:00,0.330,0.092,239.970,1.400,0.000,0.000,0.0
2009-05-14,05:36:00,0.330,0.094,240.700,1.400,0.000,0.000,1.0
2009-05-14,05:37:00,0.332,0.096,241.280,1.400,0.000,0.000,0.0
2009-05-14,05:38:00,0.330,0.094,241.120,1.400,0.000,0.000,1.0
2009-05-14,05:39:00,0.328,0.094,241.050,1.400,0.000,0.000,1.0
2009-05-14,05:40:00,0.328,0.094,240.530,1.400,0.000,0.000,0.0
2009-05-14,05:41:00,0.326,0.092,240.330,1.400,0.000,0.000,1.0
2009-05-14,05:42:00,0.326,0.094,240.490,1.400,0.000,0.000,1.0
2009-05-14,05:43:00,0.326,0.094,240.670,1.400,0.000,0.000,0.0
2009-05-14,05:44:00,0.308,0.068,241.580,1.200,0.000,0.000,1.0
2009-05-14,05:45:00,0.234,0.000,241.800,1.000,0.000,0.000,1.0
2009-05-14,05:46:00,0.234,0.000,241.900,1.000,0.000,0.000,0.0
2009-05-14,05:47:00,0.234,0.000,241.980,1.000,0.000,0.000,1.0
2009-05-14,05:48:00,0.292,0.000,241.900,1.400,0.000,0.000,1.0
2009-05-14,05:49:00,0.312,0.068,241.860,1.200,0.000,0.000,0.0
2009-05-14,05:50:00,0.312,0.068,241.970,1.200,0.000,0.000,1.0
2009-05-14,05:51:00,0.312,0.068,242.010,1.200,0.000,0.000,1.0
2009-05-14,05:52:00,0.312,0.068,242.310,1.200,0.000,0.000,0.0
2009-05-14,05:53:00,0.364,0.122,243.110,1.600,0.000,0.000,1.0
2009-05-14,05:54:00,0.396,0.194,243.010,1.800,0.000,1.000,1.0
2009-05-14,05:55:00,0.402,0.192,242.070,1.800,0.000,1.000,0.0
2009-05-14,05:56:00,0.390,0.188,241.620,1.800,0.000,2.000,1.0
2009-05-14,05:57:00,0.390,0.188,241.470,1.800,0.000,1.000,1.0
2009-05-14,05:58:00,0.390,0.188,241.440,1.800,0.000,1.000,0.0
2009-05-14,05:59:00,0.390,0.188,241.320,1.800,0.000,2.000,1.0
2009-05-14,06:00:00,0.350,0.128,241.000,1.600,0.000,1.000,1.0
2009-05-14,06:01:00,0.320,0.082,240.960,1.400,0.000,2.000,0.0
2009-05-14,06:02:00,0.320,0.084,241.270,1.400,0.000,1.000,1.0
2009-05-14,06:03:00,0.318,0.084,241.220,1.400,0.000,2.000,1.0
2009-05-14,06:04:00,0.318,0.084,241.030,1.400,0.000,1.000,0.0
2009-05-14,06:05:00,0.318,0.082,240.930,1.400,0.000,1.000,1.0
2009-05-14,06:06:00,0.414,0.190,241.130,2.000,0.000,2.000,1.0
2009-05-14,06:07:00,0.424,0.216,241.050,2.000,0.000,1.000,0.0
2009-05-14,06:08:00,0.416,0.214,240.580,1.800,0.000,1.000,1.0
2009-05-14,06:09:00,0.414,0.216,240.820,1.800,0.000,2.000,1.0
2009-05-14,06:10:00,0.414,0.218,241.280,1.800,0.000,1.000,0.0
2009-05-14,06:11:00,0.410,0.216,240.650,1.800,0.000,1.000,1.0
2009-05-14,06:12:00,0.406,0.214,240.430,1.800,0.000,2.000,1.0
2009-05-14,06:13:00,0.406,0.214,240.440,1.800,0.000,1.000,0.0
2009-05-14,06:14:00,0.404,0.216,240.590,1.800,0.000,1.000,1.0
2009-05-14,06:15:00,0.404,0.216,240.730,1.800,0.000,1.000,1.0
2009-05-14,06:16:00,0.402,0.216,240.810,1.800,0.000,2.000,0.0
2009-05-14,06:17:00,0.404,0.220,241.550,1.800,0.000,1.000,1.0
2009-05-14,06:18:00,0.402,0.218,241.390,1.800,0.000,1.000,1.0
2009-05-14,06:19:00,0.400,0.216,240.930,1.800,0.000,1.000,0.0
2009-05-14,06:20:00,0.400,0.216,240.900,1.800,0.000,1.000,1.0
2009-05-14,06:21:00,0.248,0.000,240.920,1.000,0.000,1.000,1.0
2009-05-14,06:22:00,0.232,0.000,240.330,1.000,0.000,0.000,0.0
2009-05-14,06:23:00,0.608,0.000,240.030,2.800,0.000,0.000,7.0
2009-05-14,06:24:00,0.838,0.092,240.190,3.400,0.000,0.000,10.0
2009-05-14,06:25:00,0.888,0.092,240.570,3.600,0.000,0.000,11.0
2009-05-14,06:26:00,0.994,0.090,240.620,4.000,0.000,0.000,12.0
2009-05-14,06:27:00,1.888,0.072,239.380,8.000,0.000,0.000,25.0
2009-05-14,06:28:00,1.794,0.000,239.330,7.600,0.000,0.000,26.0
2009-05-14,06:29:00,1.426,0.050,239.930,5.800,0.000,0.000,19.0
2009-05-14,06:30:00,1.610,0.000,239.610,7.000,0.000,0.000,18.0
2009-05-14,06:31:00,2.552,0.046,237.800,11.000,0.000,0.000,18.0
2009-05-14,06:32:00,2.442,0.050,238.190,10.400,0.000,0.000,18.0
2009-05-14,06:33:00,2.788,0.058,238.240,12.000,0.000,0.000,18.0
2009-05-14,06:34:00,3.104,0.076,238.240,13.200,0.000,0.000,18.0
2009-05-14,06:35:00,2.332,0.070,238.370,10.200,0.000,0.000,19.0
2009-05-14,06:36:00,2.102,0.082,238.980,9.200,0.000,0.000,18.0
2009-05-14,06:37:00,2.010,0.070,238.940,8.800,0.000,0.000,18.0
2009-05-14,06:38:00,1.554,0.050,239.180,6.400,0.000,0.000,18.0
2009-05-14,06:39:00,1.468,0.056,239.600,6.000,0.000,0.000,18.0
2009-05-14,06:40:00,1.428,0.056,239.260,6.000,0.000,0.000,18.0
2009-05-14,06:41:00,1.438,0.060,240.550,6.000,0.000,0.000,19.0
2009-05-14,06:42:00,1.516,0.134,240.900,6.200,0.000,0.000,18.0
2009-05-14,06:43:00,1.540,0.188,239.850,6.400,0.000,0.000,19.0
2009-05-14,06:44:00,1.528,0.192,240.050,6.400,0.000,0.000,18.0
2009-05-14,06:45:00,1.530,0.194,240.750,6.400,0.000,0.000,18.0
2009-05-14,06:46:00,1.536,0.194,240.750,6.400,0.000,0.000,19.0
2009-05-14,06:47:00,1.526,0.190,240.140,6.400,0.000,0.000,18.0
2009-05-14,06:48:00,1.514,0.190,239.750,6.400,0.000,0.000,18.0
2009-05-14,06:49:00,1.500,0.162,239.920,6.200,0.000,0.000,19.0
2009-05-14,06:50:00,1.446,0.086,239.670,6.000,0.000,0.000,18.0
2009-05-14,06:51:00,1.438,0.086,239.520,6.000,0.000,0.000,18.0
2009-05-14,06:52:00,1.434,0.084,238.950,6.000,0.000,0.000,18.0
2009-05-14,06:53:00,1.436,0.084,238.960,6.000,0.000,0.000,18.0
2009-05-14,06:54:00,1.436,0.084,238.950,6.000,0.000,0.000,18.0
2009-05-14,06:55:00,1.458,0.090,241.170,6.000,0.000,0.000,19.0
2009-05-14,06:56:00,1.456,0.090,241.100,6.000,0.000,0.000,18.0
2009-05-14,06:57:00,1.426,0.000,241.070,5.800,0.000,0.000,19.0
2009-05-14,06:58:00,1.368,0.000,241.280,5.600,0.000,0.000,18.0
2009-05-14,06:59:00,1.368,0.000,241.370,5.600,0.000,0.000,19.0
2009-05-14,07:00:00,1.372,0.000,241.760,5.600,0.000,0.000,18.0
2009-05-14,07:01:00,1.362,0.000,241.010,5.600,0.000,0.000,19.0
2009-05-14,07:02:00,1.354,0.000,240.060,5.600,0.000,0.000,18.0
2009-05-14,07:03:00,1.358,0.000,240.440,5.600,0.000,0.000,18.0
2009-05-14,07:04:00,1.434,0.000,240.910,6.000,0.000,0.000,19.0
2009-05-14,07:05:00,1.386,0.000,240.920,5.600,0.000,0.000,18.0
2009-05-14,07:06:00,1.372,0.000,241.150,5.600,0.000,0.000,19.0
2009-05-14,07:07:00,1.362,0.000,240.870,5.600,0.000,0.000,18.0
2009-05-14,07:08:00,1.358,0.000,240.080,5.600,0.000,0.000,18.0
2009-05-14,07:09:00,1.456,0.046,240.040,6.000,0.000,0.000,19.0
2009-05-14,07:10:00,1.392,0.046,239.410,5.800,0.000,0.000,18.0
2009-05-14,07:11:00,1.388,0.046,239.020,5.800,0.000,0.000,18.0
2009-05-14,07:12:00,1.386,0.046,238.840,5.800,0.000,0.000,18.0
2009-05-14,07:13:00,1.384,0.046,238.640,5.800,0.000,0.000,18.0
2009-05-14,07:14:00,1.386,0.046,238.730,5.800,0.000,0.000,18.0
2009-05-14,07:15:00,1.398,0.046,239.820,5.800,0.000,0.000,19.0
2009-05-14,07:16:00,1.408,0.000,240.810,5.800,0.000,0.000,18.0
2009-05-14,07:17:00,1.408,0.000,240.760,5.800,0.000,0.000,18.0
2009-05-14,07:18:00,1.408,0.000,240.710,5.800,0.000,0.000,19.0
2009-05-14,07:19:00,1.488,0.000,240.860,6.200,0.000,0.000,18.0
2009-05-14,07:20:00,1.516,0.088,240.790,6.200,0.000,0.000,19.0
2009-05-14,07:21:00,1.506,0.088,240.400,6.200,0.000,0.000,18.0
2009-05-14,07:22:00,1.508,0.088,240.690,6.200,0.000,0.000,18.0
2009-05-14,07:23:00,1.584,0.160,241.680,6.600,0.000,0.000,19.0
2009-05-14,07:24:00,1.592,0.196,241.740,6.600,0.000,0.000,18.0
2009-05-14,07:25:00,1.602,0.198,242.590,6.600,0.000,0.000,19.0
2009-05-14,07:26:00,1.602,0.200,242.790,6.600,0.000,0.000,19.0
2009-05-14,07:27:00,1.600,0.200,242.750,6.600,0.000,0.000,18.0
2009-05-14,07:28:00,1.600,0.200,242.990,6.600,0.000,0.000,19.0
2009-05-14,07:29:00,1.598,0.200,242.970,6.600,0.000,0.000,19.0
2009-05-14,07:30:00,1.592,0.200,242.580,6.600,0.000,0.000,19.0
2009-05-14,07:31:00,1.584,0.198,242.070,6.600,0.000,0.000,18.0
2009-05-14,07:32:00,1.622,0.196,241.730,6.600,0.000,0.000,19.0
2009-05-14,07:33:00,1.634,0.194,241.410,6.800,0.000,0.000,18.0
2009-05-14,07:34:00,1.624,0.076,242.430,6.600,0.000,0.000,19.0
2009-05-14,07:35:00,1.656,0.058,242.160,6.800,0.000,0.000,18.0
2009-05-14,07:36:00,0.584,0.000,242.590,2.400,0.000,0.000,1.0
2009-05-14,07:37:00,0.574,0.000,241.810,2.400,0.000,0.000,1.0
2009-05-14,07:38:00,0.642,0.000,241.220,2.600,0.000,0.000,0.0
2009-05-14,07:39:00,0.686,0.000,241.450,2.800,0.000,0.000,1.0
2009-05-14,07:40:00,0.680,0.000,240.410,2.800,0.000,0.000,1.0
2009-05-14,07:41:00,0.632,0.000,240.430,2.600,0.000,0.000,0.0
2009-05-14,07:42:00,0.510,0.000,240.950,2.200,0.000,0.000,1.0
2009-05-14,07:43:00,0.512,0.000,241.190,2.200,0.000,0.000,1.0
2009-05-14,07:44:00,0.762,0.000,240.950,3.600,0.000,0.000,3.0
2009-05-14,07:45:00,1.630,0.000,241.710,6.600,0.000,0.000,19.0
2009-05-14,07:46:00,1.612,0.000,241.620,6.600,0.000,0.000,19.0
2009-05-14,07:47:00,1.606,0.000,241.730,6.600,0.000,0.000,19.0
2009-05-14,07:48:00,1.606,0.000,242.170,6.600,0.000,0.000,19.0
2009-05-14,07:49:00,1.600,0.000,241.880,6.600,0.000,0.000,18.0
2009-05-14,07:50:00,2.126,0.076,240.640,8.800,0.000,0.000,27.0
2009-05-14,07:51:00,2.202,0.086,240.720,9.000,0.000,0.000,29.0
2009-05-14,07:52:00,2.220,0.082,240.120,9.200,0.000,0.000,29.0
2009-05-14,07:53:00,2.248,0.086,241.300,9.200,0.000,0.000,29.0
2009-05-14,07:54:00,2.290,0.082,241.000,9.400,0.000,0.000,30.0
2009-05-14,07:55:00,2.160,0.134,240.540,9.000,0.000,0.000,28.0
2009-05-14,07:56:00,1.672,0.212,241.160,7.000,0.000,0.000,19.0
2009-05-14,07:57:00,1.674,0.212,240.720,7.000,0.000,2.000,18.0
2009-05-14,07:58:00,2.070,0.222,240.360,8.600,0.000,1.000,19.0
2009-05-14,07:59:00,2.062,0.220,239.620,8.600,0.000,2.000,18.0
2009-05-14,08:00:00,1.582,0.208,239.570,6.600,0.000,1.000,18.0
2009-05-14,08:01:00,1.504,0.210,240.290,6.200,0.000,1.000,18.0
2009-05-14,08:02:00,1.480,0.208,239.750,6.200,0.000,2.000,19.0
2009-05-14,08:03:00,1.786,0.288,239.330,7.600,0.000,1.000,18.0
2009-05-14,08:04:00,1.472,0.206,239.290,6.200,0.000,2.000,18.0
2009-05-14,08:05:00,1.468,0.206,239.000,6.200,0.000,1.000,18.0
2009-05-14,08:06:00,1.470,0.206,239.290,6.200,0.000,1.000,18.0
2009-05-14,08:07:00,1.468,0.206,239.160,6.200,0.000,2.000,19.0
2009-05-14,08:08:00,1.498,0.226,239.340,6.200,0.000,1.000,18.0
2009-05-14,08:09:00,1.618,0.304,238.900,6.800,0.000,2.000,18.0
2009-05-14,08:10:00,1.832,0.194,237.830,7.600,0.000,1.000,18.0
2009-05-14,08:11:00,1.810,0.166,237.690,7.600,0.000,1.000,18.0
2009-05-14,08:12:00,1.754,0.166,237.360,7.400,0.000,1.000,18.0
2009-05-14,08:13:00,1.658,0.174,237.410,7.000,0.000,2.000,18.0
2009-05-14,08:14:00,1.928,0.182,237.250,8.000,0.000,1.000,18.0
2009-05-14,08:15:00,1.928,0.182,237.100,8.000,0.000,1.000,17.0
2009-05-14,08:16:00,2.016,0.178,236.590,8.400,0.000,1.000,18.0
2009-05-14,08:17:00,2.026,0.180,237.390,8.400,0.000,2.000,18.0
2009-05-14,08:18:00,2.028,0.182,237.780,8.400,0.000,1.000,18.0
2009-05-14,08:19:00,2.032,0.182,238.080,8.400,0.000,1.000,18.0
2009-05-14,08:20:00,1.842,0.178,237.830,7.800,0.000,1.000,18.0
2009-05-14,08:21:00,1.520,0.172,238.350,6.400,0.000,2.000,18.0
2009-05-14,08:22:00,1.562,0.266,238.630,6.600,0.000,1.000,18.0
2009-05-14,08:23:00,1.578,0.268,238.580,6.600,0.000,0.000,18.0
2009-05-14,08:24:00,1.476,0.134,238.750,6.200,0.000,0.000,18.0
2009-05-14,08:25:00,1.342,0.000,239.110,5.600,0.000,0.000,18.0
2009-05-14,08:26:00,1.484,0.046,238.780,6.200,0.000,0.000,19.0
2009-05-14,08:27:00,1.362,0.046,238.940,5.600,0.000,0.000,18.0
2009-05-14,08:28:00,1.286,0.000,239.250,5.200,0.000,0.000,18.0
2009-05-14,08:29:00,1.434,0.074,239.400,6.000,0.000,0.000,18.0
2009-05-14,08:30:00,1.532,0.144,238.990,6.400,0.000,0.000,18.0
2009-05-14,08:31:00,1.572,0.180,238.830,6.600,0.000,0.000,18.0
2009-05-14,08:32:00,1.636,0.266,239.470,6.800,0.000,0.000,19.0
2009-05-14,08:33:00,1.630,0.260,239.160,6.800,0.000,0.000,18.0
2009-05-14,08:34:00,1.622,0.256,238.820,6.800,0.000,0.000,18.0
2009-05-14,08:35:00,1.614,0.254,238.750,6.800,0.000,0.000,18.0
2009-05-14,08:36:00,1.492,0.166,238.840,6.200,0.000,0.000,18.0
2009-05-14,08:37:00,1.454,0.086,239.290,6.000,0.000,0.000,18.0
2009-05-14,08:38:00,1.440,0.082,239.340,6.000,0.000,0.000,18.0
2009-05-14,08:39:00,1.414,0.066,239.110,5.800,0.000,0.000,19.0
2009-05-14,08:40:00,1.416,0.068,239.550,5.800,0.000,0.000,18.0
2009-05-14,08:41:00,1.412,0.066,239.110,5.800,0.000,0.000,18.0
2009-05-14,08:42:00,1.416,0.068,239.580,5.800,0.000,0.000,18.0
2009-05-14,08:43:00,1.398,0.068,238.380,5.800,0.000,0.000,18.0
2009-05-14,08:44:00,1.400,0.068,238.580,5.800,0.000,0.000,18.0
2009-05-14,08:45:00,1.396,0.068,238.350,5.800,0.000,0.000,18.0
2009-05-14,08:46:00,1.386,0.000,237.560,5.800,0.000,0.000,18.0
2009-05-14,08:47:00,1.378,0.000,238.000,5.800,0.000,0.000,18.0
2009-05-14,08:48:00,1.380,0.000,238.240,5.800,0.000,0.000,18.0
2009-05-14,08:49:00,1.374,0.000,237.760,5.800,0.000,0.000,18.0
2009-05-14,08:50:00,1.378,0.000,238.300,5.800,0.000,0.000,18.0
2009-05-14,08:51:00,1.384,0.000,238.880,5.800,0.000,0.000,18.0
2009-05-14,08:52:00,1.380,0.000,238.770,5.800,0.000,0.000,19.0
2009-05-14,08:53:00,1.370,0.000,238.020,5.600,0.000,0.000,18.0
2009-05-14,08:54:00,1.380,0.000,238.980,5.600,0.000,0.000,18.0
2009-05-14,08:55:00,1.688,0.120,238.620,7.200,0.000,0.000,23.0
2009-05-14,08:56:00,1.944,0.168,237.420,8.200,0.000,0.000,28.0
2009-05-14,08:57:00,1.968,0.168,237.490,8.200,0.000,0.000,28.0
2009-05-14,08:58:00,1.984,0.166,237.250,8.400,0.000,0.000,29.0
2009-05-14,08:59:00,2.130,0.166,237.530,9.000,0.000,0.000,29.0
2009-05-14,09:00:00,2.120,0.164,237.280,8.800,0.000,0.000,28.0
2009-05-14,09:01:00,1.422,0.058,238.000,6.000,0.000,0.000,19.0
2009-05-14,09:02:00,1.336,0.058,237.940,5.600,0.000,0.000,18.0
2009-05-14,09:03:00,1.296,0.000,238.860,5.400,0.000,0.000,18.0
2009-05-14,09:04:00,1.276,0.000,238.490,5.200,0.000,0.000,18.0
2009-05-14,09:05:00,1.278,0.000,238.670,5.200,0.000,0.000,18.0
2009-05-14,09:06:00,1.280,0.000,238.840,5.200,0.000,0.000,19.0
2009-05-14,09:07:00,1.298,0.000,239.000,5.400,0.000,0.000,18.0
2009-05-14,09:08:00,1.390,0.090,238.880,5.800,0.000,0.000,18.0
2009-05-14,09:09:00,1.386,0.090,238.870,5.800,0.000,0.000,18.0
2009-05-14,09:10:00,1.374,0.088,238.110,5.800,0.000,0.000,18.0
2009-05-14,09:11:00,1.366,0.086,237.390,5.600,0.000,0.000,18.0
2009-05-14,09:12:00,1.364,0.086,237.330,5.600,0.000,0.000,18.0
2009-05-14,09:13:00,1.366,0.086,237.650,5.600,0.000,0.000,18.0
2009-05-14,09:14:00,1.360,0.086,237.350,5.600,0.000,0.000,18.0
2009-05-14,09:15:00,1.358,0.086,237.140,5.600,0.000,0.000,17.0
2009-05-14,09:16:00,1.356,0.086,237.050,5.600,0.000,0.000,18.0
2009-05-14,09:17:00,1.358,0.086,237.350,5.600,0.000,0.000,18.0
2009-05-14,09:18:00,1.356,0.086,237.180,5.600,0.000,0.000,18.0
2009-05-14,09:19:00,1.358,0.086,237.390,5.600,0.000,0.000,18.0
2009-05-14,09:20:00,1.350,0.084,236.740,5.600,0.000,0.000,18.0
2009-05-14,09:21:00,1.348,0.084,236.480,5.600,0.000,0.000,17.0
2009-05-14,09:22:00,1.330,0.056,236.800,5.600,0.000,0.000,18.0
2009-05-14,09:23:00,1.264,0.000,237.120,5.200,0.000,0.000,18.0
2009-05-14,09:24:00,1.260,0.000,236.880,5.200,0.000,0.000,18.0
2009-05-14,09:25:00,1.256,0.000,236.460,5.200,0.000,0.000,18.0
2009-05-14,09:26:00,1.254,0.000,236.230,5.200,0.000,0.000,17.0
2009-05-14,09:27:00,1.278,0.000,238.500,5.200,0.000,0.000,19.0
2009-05-14,09:28:00,1.280,0.000,238.750,5.200,0.000,0.000,18.0
2009-05-14,09:29:00,1.280,0.000,238.720,5.200,0.000,0.000,18.0
2009-05-14,09:30:00,1.284,0.000,239.220,5.200,0.000,0.000,18.0
2009-05-14,09:31:00,1.290,0.000,239.730,5.400,0.000,0.000,18.0
2009-05-14,09:32:00,1.290,0.000,239.780,5.400,0.000,0.000,18.0
2009-05-14,09:33:00,1.284,0.000,239.100,5.200,0.000,0.000,19.0
2009-05-14,09:34:00,1.326,0.000,239.120,5.600,0.000,0.000,18.0
2009-05-14,09:35:00,1.356,0.062,238.810,5.600,0.000,0.000,18.0
2009-05-14,09:36:00,1.358,0.062,239.140,5.600,0.000,0.000,18.0
2009-05-14,09:37:00,1.362,0.062,239.480,5.600,0.000,0.000,18.0
2009-05-14,09:38:00,1.356,0.062,239.060,5.600,0.000,0.000,18.0
2009-05-14,09:39:00,1.354,0.062,238.980,5.600,0.000,0.000,18.0
2009-05-14,09:40:00,1.348,0.060,238.530,5.600,0.000,0.000,19.0
2009-05-14,09:41:00,1.350,0.062,238.870,5.600,0.000,0.000,18.0
2009-05-14,09:42:00,1.344,0.060,238.420,5.600,0.000,0.000,18.0
2009-05-14,09:43:00,1.344,0.060,238.500,5.600,0.000,0.000,18.0
2009-05-14,09:44:00,1.436,0.160,238.320,6.000,0.000,0.000,18.0
2009-05-14,09:45:00,1.452,0.192,238.720,6.000,0.000,0.000,18.0
2009-05-14,09:46:00,1.446,0.190,238.430,6.000,0.000,0.000,18.0
2009-05-14,09:47:00,1.416,0.146,238.550,5.800,0.000,0.000,18.0
2009-05-14,09:48:00,1.380,0.090,238.800,5.800,0.000,0.000,18.0
2009-05-14,09:49:00,1.376,0.090,238.560,5.600,0.000,0.000,18.0
2009-05-14,09:50:00,1.376,0.090,238.710,5.600,0.000,0.000,18.0
2009-05-14,09:51:00,1.376,0.090,238.860,5.600,0.000,0.000,18.0
2009-05-14,09:52:00,1.376,0.090,238.890,5.600,0.000,0.000,19.0
2009-05-14,09:53:00,1.368,0.088,238.240,5.600,0.000,0.000,18.0
2009-05-14,09:54:00,1.364,0.088,237.880,5.600,0.000,0.000,18.0
2009-05-14,09:55:00,1.360,0.088,237.610,5.600,0.000,0.000,17.0
2009-05-14,09:56:00,1.364,0.088,237.970,5.600,0.000,0.000,18.0
2009-05-14,09:57:00,1.428,0.122,239.200,6.000,0.000,0.000,19.0
2009-05-14,09:58:00,2.964,0.198,237.980,13.000,0.000,1.000,18.0
2009-05-14,09:59:00,1.936,0.082,238.650,9.000,0.000,1.000,18.0
2009-05-14,10:00:00,1.686,0.078,238.900,7.600,0.000,2.000,18.0
2009-05-14,10:01:00,1.996,0.076,238.610,9.200,0.000,1.000,18.0
2009-05-14,10:02:00,1.938,0.076,238.260,9.000,0.000,2.000,18.0
2009-05-14,10:03:00,1.658,0.078,238.800,7.600,0.000,1.000,18.0
2009-05-14,10:04:00,1.602,0.078,238.810,7.200,0.000,1.000,18.0
2009-05-14,10:05:00,1.364,0.080,238.690,5.600,0.000,2.000,18.0
2009-05-14,10:06:00,1.898,0.074,238.190,8.800,0.000,1.000,18.0
2009-05-14,10:07:00,1.626,0.076,238.510,7.400,0.000,2.000,18.0
2009-05-14,10:08:00,1.912,0.076,238.360,8.800,0.000,1.000,18.0
2009-05-14,10:09:00,1.922,0.074,238.260,8.800,0.000,1.000,18.0
2009-05-14,10:10:00,1.910,0.076,238.430,8.800,0.000,2.000,18.0
2009-05-14,10:11:00,1.614,0.076,237.940,7.400,0.000,1.000,18.0
2009-05-14,10:12:00,1.890,0.074,237.910,8.800,0.000,1.000,18.0
2009-05-14,10:13:00,1.486,0.078,238.470,6.600,0.000,2.000,19.0
2009-05-14,10:14:00,1.816,0.074,237.420,8.400,0.000,1.000,17.0
2009-05-14,10:15:00,1.930,0.072,237.280,9.000,0.000,1.000,18.0
2009-05-14,10:16:00,2.000,0.070,236.970,9.400,0.000,2.000,18.0
2009-05-14,10:17:00,1.910,0.072,236.920,9.000,0.000,1.000,18.0
2009-05-14,10:18:00,1.610,0.076,237.590,7.400,0.000,1.000,18.0
2009-05-14,10:19:00,1.912,0.072,237.300,8.800,0.000,1.000,18.0
2009-05-14,10:20:00,1.732,0.214,237.640,7.800,0.000,2.000,18.0
2009-05-14,10:21:00,1.922,0.302,237.510,8.800,0.000,1.000,18.0
2009-05-14,10:22:00,1.942,0.304,237.770,9.000,0.000,1.000,18.0
2009-05-14,10:23:00,2.138,0.300,237.420,9.800,0.000,1.000,17.0
2009-05-14,10:24:00,2.060,0.304,238.040,9.400,0.000,1.000,18.0
2009-05-14,10:25:00,1.778,0.228,238.340,8.000,0.000,1.000,18.0
2009-05-14,10:26:00,1.906,0.182,236.930,8.800,0.000,0.000,18.0
2009-05-14,10:27:00,1.754,0.184,237.230,8.000,0.000,0.000,18.0
2009-05-14,10:28:00,1.690,0.188,237.710,7.600,0.000,0.000,18.0
2009-05-14,10:29:00,1.690,0.186,237.720,7.600,0.000,0.000,18.0
2009-05-14,10:30:00,1.986,0.182,237.000,9.200,0.000,0.000,18.0
2009-05-14,10:31:00,2.430,0.270,236.820,11.000,0.000,0.000,25.0
2009-05-14,10:32:00,2.276,0.296,237.130,10.000,0.000,0.000,28.0
2009-05-14,10:33:00,2.256,0.210,237.410,9.800,0.000,0.000,28.0
2009-05-14,10:34:00,2.250,0.198,237.280,9.800,0.000,0.000,29.0
2009-05-14,10:35:00,2.240,0.084,237.580,9.800,0.000,0.000,28.0
2009-05-14,10:36:00,2.374,0.000,237.690,11.000,0.000,0.000,27.0
2009-05-14,10:37:00,1.658,0.000,238.370,7.600,0.000,0.000,18.0
2009-05-14,10:38:00,1.756,0.000,238.010,8.200,0.000,0.000,18.0
2009-05-14,10:39:00,1.616,0.000,238.440,7.400,0.000,0.000,18.0
2009-05-14,10:40:00,1.534,0.000,239.370,7.000,0.000,0.000,18.0
2009-05-14,10:41:00,1.284,0.000,239.140,5.200,0.000,0.000,19.0
2009-05-14,10:42:00,1.954,0.000,238.790,9.000,0.000,0.000,18.0
2009-05-14,10:43:00,1.580,0.000,239.080,7.200,0.000,0.000,18.0
2009-05-14,10:44:00,1.738,0.000,238.880,8.000,0.000,0.000,18.0
2009-05-14,10:45:00,1.402,0.000,239.170,6.200,0.000,0.000,18.0
2009-05-14,10:46:00,1.938,0.000,238.180,9.000,0.000,0.000,18.0
2009-05-14,10:47:00,1.626,0.000,238.110,7.600,0.000,0.000,18.0
2009-05-14,10:48:00,1.882,0.000,238.520,8.800,0.000,0.000,18.0
2009-05-14,10:49:00,1.964,0.000,238.750,9.200,0.000,0.000,18.0
2009-05-14,10:50:00,1.618,0.000,238.660,7.400,0.000,0.000,18.0
2009-05-14,10:51:00,1.800,0.000,238.630,8.400,0.000,0.000,18.0
2009-05-14,10:52:00,1.906,0.000,238.230,8.800,0.000,0.000,18.0
2009-05-14,10:53:00,1.944,0.000,238.050,9.000,0.000,0.000,18.0
2009-05-14,10:54:00,1.638,0.000,238.360,7.600,0.000,0.000,18.0
2009-05-14,10:55:00,1.908,0.000,237.990,9.000,0.000,0.000,18.0
2009-05-14,10:56:00,1.968,0.000,237.620,9.200,0.000,0.000,18.0
2009-05-14,10:57:00,1.698,0.088,238.180,7.800,0.000,0.000,18.0
2009-05-14,10:58:00,1.972,0.084,237.640,9.200,0.000,0.000,18.0
2009-05-14,10:59:00,1.636,0.088,238.160,7.400,0.000,0.000,18.0
2009-05-14,11:00:00,1.956,0.084,237.830,9.000,0.000,0.000,18.0
2009-05-14,11:01:00,1.840,0.086,237.560,8.600,0.000,0.000,18.0
2009-05-14,11:02:00,1.612,0.086,237.540,7.200,0.000,0.000,18.0
2009-05-14,11:03:00,1.920,0.084,237.070,9.000,0.000,0.000,18.0
2009-05-14,11:04:00,1.666,0.086,237.500,7.600,0.000,0.000,18.0
2009-05-14,11:05:00,1.924,0.084,237.120,9.000,0.000,0.000,18.0
2009-05-14,11:06:00,1.798,0.156,237.110,8.200,0.000,0.000,18.0
2009-05-14,11:07:00,1.756,0.186,237.250,8.000,0.000,0.000,17.0
2009-05-14,11:08:00,1.922,0.182,236.580,9.000,0.000,0.000,18.0
2009-05-14,11:09:00,1.840,0.184,236.840,8.400,0.000,0.000,18.0
2009-05-14,11:10:00,1.756,0.186,237.220,8.000,0.000,0.000,18.0
2009-05-14,11:11:00,1.546,0.086,236.880,7.200,0.000,0.000,18.0
2009-05-14,11:12:00,0.844,0.066,237.460,5.200,0.000,0.000,0.0
2009-05-14,11:13:00,0.564,0.070,237.960,3.800,0.000,0.000,1.0
2009-05-14,11:14:00,0.630,0.068,237.990,4.200,0.000,0.000,1.0
2009-05-14,11:15:00,0.828,0.066,237.800,5.200,0.000,0.000,0.0
2009-05-14,11:16:00,0.588,0.070,238.260,3.800,0.000,0.000,1.0
2009-05-14,11:17:00,0.866,0.066,237.650,5.400,0.000,0.000,1.0
2009-05-14,11:18:00,0.536,0.000,238.680,3.600,0.000,0.000,0.0
2009-05-14,11:19:00,0.524,0.000,238.890,3.800,0.000,0.000,1.0
2009-05-14,11:20:00,0.518,0.000,238.980,3.600,0.000,0.000,0.0
2009-05-14,11:21:00,0.794,0.000,238.400,5.000,0.000,0.000,1.0
2009-05-14,11:22:00,0.554,0.000,238.690,3.800,0.000,0.000,1.0
2009-05-14,11:23:00,0.838,0.000,238.730,5.200,0.000,0.000,0.0
2009-05-14,11:24:00,0.542,0.000,238.790,3.800,0.000,0.000,1.0
2009-05-14,11:25:00,0.482,0.000,238.850,3.400,0.000,0.000,1.0
2009-05-14,11:26:00,0.536,0.000,238.760,3.800,0.000,0.000,0.0
2009-05-14,11:27:00,0.890,0.000,238.300,5.400,0.000,0.000,1.0
2009-05-14,11:28:00,0.894,0.000,238.100,5.600,0.000,0.000,1.0
2009-05-14,11:29:00,0.498,0.000,238.840,3.600,0.000,0.000,0.0
2009-05-14,11:30:00,0.778,0.000,238.550,5.000,0.000,0.000,1.0
2009-05-14,11:31:00,0.498,0.000,239.150,3.600,0.000,0.000,1.0
2009-05-14,11:32:00,0.536,0.000,239.200,3.600,0.000,0.000,0.0
2009-05-14,11:33:00,0.604,0.100,239.110,3.800,0.000,0.000,1.0
2009-05-14,11:34:00,0.608,0.100,239.200,3.800,0.000,0.000,1.0
2009-05-14,11:35:00,0.898,0.096,238.130,5.400,0.000,0.000,0.0
2009-05-14,11:36:00,0.936,0.096,238.200,5.600,0.000,0.000,1.0
2009-05-14,11:37:00,0.630,0.100,238.820,4.000,0.000,0.000,0.0
2009-05-14,11:38:00,0.868,0.096,238.450,5.200,0.000,0.000,1.0
2009-05-14,11:39:00,0.642,0.098,238.240,4.200,0.000,0.000,1.0
2009-05-14,11:40:00,0.876,0.098,238.740,5.200,0.000,0.000,0.0
2009-05-14,11:41:00,0.612,0.100,239.300,4.000,0.000,0.000,1.0
2009-05-14,11:42:00,0.594,0.100,239.040,3.800,0.000,0.000,1.0
2009-05-14,11:43:00,0.898,0.096,238.170,5.400,0.000,0.000,0.0
2009-05-14,11:44:00,0.642,0.100,239.340,4.200,0.000,0.000,1.0
2009-05-14,11:45:00,0.770,0.100,239.570,4.800,0.000,0.000,1.0
2009-05-14,11:46:00,0.690,0.102,240.290,4.400,0.000,0.000,0.0
2009-05-14,11:47:00,0.596,0.000,240.870,4.000,0.000,0.000,1.0
2009-05-14,11:48:00,0.670,0.000,240.550,4.400,0.000,0.000,1.0
2009-05-14,11:49:00,0.940,0.000,240.790,5.600,0.000,0.000,0.0
2009-05-14,11:50:00,0.860,0.000,241.610,5.400,0.000,0.000,1.0
2009-05-14,11:51:00,0.540,0.000,241.510,3.800,0.000,0.000,1.0
2009-05-14,11:52:00,0.562,0.000,240.760,3.600,0.000,0.000,0.0
2009-05-14,11:53:00,0.914,0.070,240.110,5.400,0.000,0.000,1.0
2009-05-14,11:54:00,0.578,0.074,240.480,3.800,0.000,0.000,1.0
2009-05-14,11:55:00,0.902,0.070,239.420,5.400,0.000,0.000,0.0
2009-05-14,11:56:00,0.582,0.072,239.560,3.800,0.000,0.000,1.0
2009-05-14,11:57:00,0.792,0.072,240.060,5.000,0.000,0.000,1.0
2009-05-14,11:58:00,0.766,0.070,239.400,4.800,0.000,0.000,0.0
2009-05-14,11:59:00,0.896,0.088,238.920,5.400,0.000,0.000,1.0
2009-05-14,12:00:00,0.656,0.194,240.090,4.000,0.000,0.000,0.0
2009-05-14,12:01:00,0.784,0.186,238.000,4.800,0.000,2.000,1.0
2009-05-14,12:02:00,0.544,0.188,238.240,3.400,0.000,1.000,1.0
2009-05-14,12:03:00,0.476,0.190,238.480,2.000,0.000,2.000,0.0
2009-05-14,12:04:00,0.446,0.126,237.910,1.800,0.000,1.000,1.0
2009-05-14,12:05:00,0.418,0.086,237.970,1.800,0.000,1.000,1.0
2009-05-14,12:06:00,0.418,0.086,238.040,1.800,0.000,2.000,0.0
2009-05-14,12:07:00,0.418,0.088,238.300,1.800,0.000,1.000,1.0
2009-05-14,12:08:00,0.468,0.132,237.500,2.000,0.000,2.000,1.0
2009-05-14,12:09:00,0.524,0.214,237.550,2.400,0.000,1.000,0.0
2009-05-14,12:10:00,0.536,0.218,238.710,2.400,0.000,1.000,1.0
2009-05-14,12:11:00,0.704,0.216,239.120,3.000,0.000,2.000,1.0
2009-05-14,12:12:00,0.726,0.212,238.330,3.000,0.000,1.000,0.0
2009-05-14,12:13:00,0.608,0.214,238.110,2.600,0.000,2.000,1.0
2009-05-14,12:14:00,0.514,0.220,239.190,2.200,0.000,1.000,1.0
2009-05-14,12:15:00,0.508,0.216,238.350,2.200,0.000,1.000,0.0
2009-05-14,12:16:00,0.508,0.220,238.990,2.200,0.000,2.000,1.0
2009-05-14,12:17:00,0.508,0.222,239.850,2.200,0.000,1.000,0.0
2009-05-14,12:18:00,0.508,0.222,239.820,2.200,0.000,1.000,1.0
2009-05-14,12:19:00,0.506,0.222,239.630,2.200,0.000,1.000,1.0
2009-05-14,12:20:00,0.504,0.220,239.150,2.200,0.000,2.000,0.0
2009-05-14,12:21:00,0.502,0.220,239.030,2.200,0.000,1.000,1.0
2009-05-14,12:22:00,0.502,0.220,239.250,2.200,0.000,1.000,1.0
2009-05-14,12:23:00,0.434,0.126,239.290,1.800,0.000,1.000,0.0
2009-05-14,12:24:00,0.410,0.090,239.680,1.600,0.000,2.000,1.0
2009-05-14,12:25:00,0.408,0.088,239.040,1.600,0.000,1.000,1.0
2009-05-14,12:26:00,0.456,0.104,240.210,2.000,0.000,1.000,1.0
2009-05-14,12:27:00,0.976,0.166,240.100,4.000,0.000,1.000,10.0
2009-05-14,12:28:00,0.952,0.098,240.080,4.000,0.000,0.000,11.0
2009-05-14,12:29:00,0.986,0.102,240.600,4.000,0.000,0.000,11.0
2009-05-14,12:30:00,1.000,0.102,240.730,4.200,0.000,0.000,12.0
2009-05-14,12:31:00,0.924,0.084,240.260,3.800,0.000,0.000,11.0
2009-05-14,12:32:00,0.338,0.000,240.630,1.400,0.000,0.000,1.0
2009-05-14,12:33:00,0.338,0.000,240.380,1.400,0.000,0.000,0.0
2009-05-14,12:34:00,0.336,0.000,239.780,1.400,0.000,0.000,1.0
2009-05-14,12:35:00,0.338,0.000,240.580,1.400,0.000,0.000,1.0
2009-05-14,12:36:00,0.340,0.000,240.880,1.400,0.000,0.000,0.0
2009-05-14,12:37:00,0.360,0.000,240.870,1.600,0.000,0.000,1.0
2009-05-14,12:38:00,0.416,0.074,240.800,1.600,0.000,0.000,1.0
2009-05-14,12:39:00,0.414,0.074,240.840,1.600,0.000,0.000,0.0
2009-05-14,12:40:00,0.416,0.074,240.890,1.600,0.000,0.000,1.0
2009-05-14,12:41:00,0.414,0.074,240.780,1.600,0.000,0.000,1.0
2009-05-14,12:42:00,0.330,0.076,240.650,1.400,0.000,0.000,0.0
2009-05-14,12:43:00,1.182,0.688,239.820,6.600,0.000,0.000,1.0
2009-05-14,12:44:00,1.388,0.836,240.010,7.200,0.000,0.000,1.0
2009-05-14,12:45:00,1.442,0.928,239.720,7.600,0.000,0.000,0.0
2009-05-14,12:46:00,1.436,0.928,239.870,7.600,0.000,0.000,1.0
2009-05-14,12:47:00,0.650,0.382,239.970,4.000,0.000,0.000,1.0
2009-05-14,12:48:00,0.400,0.208,240.390,1.800,0.000,0.000,0.0
2009-05-14,12:49:00,0.392,0.198,240.680,1.800,0.000,0.000,1.0
2009-05-14,12:50:00,0.330,0.106,240.660,1.400,0.000,0.000,0.0
2009-05-14,12:51:00,0.328,0.106,240.690,1.400,0.000,0.000,1.0
2009-05-14,12:52:00,0.326,0.106,240.730,1.400,0.000,0.000,1.0
2009-05-14,12:53:00,0.328,0.106,240.240,1.400,0.000,0.000,0.0
2009-05-14,12:54:00,0.324,0.106,239.930,1.400,0.000,0.000,1.0
2009-05-14,12:55:00,0.324,0.104,239.740,1.400,0.000,0.000,1.0
2009-05-14,12:56:00,0.322,0.104,239.740,1.400,0.000,0.000,0.0
2009-05-14,12:57:00,0.322,0.106,240.030,1.400,0.000,0.000,1.0
2009-05-14,12:58:00,0.322,0.106,239.840,1.400,0.000,0.000,1.0
2009-05-14,12:59:00,0.282,0.050,239.790,1.200,0.000,0.000,0.0
2009-05-14,13:00:00,0.228,0.000,239.350,1.000,0.000,0.000,1.0
2009-05-14,13:01:00,0.228,0.000,239.680,1.000,0.000,0.000,1.0
2009-05-14,13:02:00,0.228,0.000,239.490,1.000,0.000,0.000,0.0
2009-05-14,13:03:00,0.228,0.000,239.790,1.000,0.000,0.000,1.0
2009-05-14,13:04:00,0.230,0.000,240.190,1.000,0.000,0.000,1.0
2009-05-14,13:05:00,0.230,0.000,240.630,1.000,0.000,0.000,0.0
2009-05-14,13:06:00,0.230,0.000,241.040,1.000,0.000,0.000,1.0
2009-05-14,13:07:00,0.230,0.000,240.910,1.000,0.000,0.000,1.0
2009-05-14,13:08:00,0.232,0.000,242.060,1.000,0.000,0.000,0.0
2009-05-14,13:09:00,0.232,0.000,241.540,1.000,0.000,0.000,1.0
2009-05-14,13:10:00,0.232,0.000,241.350,1.000,0.000,0.000,1.0
2009-05-14,13:11:00,0.230,0.000,241.050,1.000,0.000,0.000,0.0
2009-05-14,13:12:00,0.232,0.000,241.120,1.000,0.000,0.000,1.0
2009-05-14,13:13:00,0.230,0.000,240.950,1.000,0.000,0.000,1.0
2009-05-14,13:14:00,0.230,0.000,240.280,1.000,0.000,0.000,0.0
2009-05-14,13:15:00,0.230,0.000,240.040,1.000,0.000,0.000,1.0
2009-05-14,13:16:00,0.230,0.000,240.240,1.000,0.000,0.000,1.0
2009-05-14,13:17:00,0.322,0.000,240.260,1.200,0.000,0.000,0.0
2009-05-14,13:18:00,0.338,0.000,240.190,1.400,0.000,0.000,1.0
2009-05-14,13:19:00,0.338,0.000,240.290,1.400,0.000,0.000,1.0
2009-05-14,13:20:00,0.338,0.000,239.900,1.400,0.000,0.000,0.0
2009-05-14,13:21:00,0.454,0.098,239.970,2.000,0.000,0.000,1.0
2009-05-14,13:22:00,0.378,0.104,239.970,1.600,0.000,0.000,0.0
2009-05-14,13:23:00,0.412,0.188,239.430,2.000,0.000,0.000,1.0
2009-05-14,13:24:00,0.406,0.206,239.710,1.800,0.000,0.000,1.0
2009-05-14,13:25:00,0.406,0.206,239.560,1.800,0.000,0.000,0.0
2009-05-14,13:26:00,0.404,0.206,239.530,1.800,0.000,0.000,1.0
2009-05-14,13:27:00,0.402,0.206,239.610,1.800,0.000,0.000,1.0
2009-05-14,13:28:00,0.400,0.206,239.750,1.800,0.000,0.000,0.0
2009-05-14,13:29:00,0.398,0.208,240.060,1.800,0.000,0.000,1.0
2009-05-14,13:30:00,0.396,0.208,240.350,1.800,0.000,0.000,1.0
2009-05-14,13:31:00,0.396,0.210,240.670,1.800,0.000,0.000,0.0
2009-05-14,13:32:00,0.394,0.210,240.700,1.800,0.000,0.000,1.0
2009-05-14,13:33:00,0.392,0.206,239.580,1.800,0.000,0.000,1.0
2009-05-14,13:34:00,0.392,0.206,239.930,1.800,0.000,0.000,0.0
2009-05-14,13:35:00,0.340,0.132,240.500,1.600,0.000,0.000,1.0
2009-05-14,13:36:00,0.232,0.000,241.060,1.000,0.000,0.000,1.0
2009-05-14,13:37:00,0.230,0.000,240.860,1.000,0.000,0.000,0.0
2009-05-14,13:38:00,0.232,0.000,241.130,1.000,0.000,0.000,1.0
2009-05-14,13:39:00,0.232,0.000,241.370,1.000,0.000,0.000,1.0
2009-05-14,13:40:00,0.232,0.000,241.120,1.000,0.000,0.000,0.0
2009-05-14,13:41:00,0.230,0.000,240.440,1.000,0.000,0.000,1.0
2009-05-14,13:42:00,0.230,0.000,240.530,1.000,0.000,0.000,1.0
2009-05-14,13:43:00,0.230,0.000,240.170,1.000,0.000,0.000,0.0
2009-05-14,13:44:00,0.230,0.000,240.170,1.000,0.000,0.000,1.0
2009-05-14,13:45:00,0.230,0.000,239.970,1.000,0.000,0.000,1.0
2009-05-14,13:46:00,0.228,0.000,239.800,1.000,0.000,0.000,0.0
2009-05-14,13:47:00,0.228,0.000,239.810,1.000,0.000,0.000,1.0
2009-05-14,13:48:00,0.230,0.000,240.180,1.000,0.000,0.000,1.0
2009-05-14,13:49:00,0.230,0.000,240.040,1.000,0.000,0.000,0.0
2009-05-14,13:50:00,0.228,0.000,239.560,1.000,0.000,0.000,1.0
2009-05-14,13:51:00,0.230,0.000,239.980,1.000,0.000,0.000,0.0
2009-05-14,13:52:00,0.230,0.000,240.990,1.000,0.000,0.000,1.0
2009-05-14,13:53:00,0.232,0.000,241.110,1.000,0.000,0.000,1.0
2009-05-14,13:54:00,0.230,0.000,240.270,1.000,0.000,0.000,0.0
2009-05-14,13:55:00,0.228,0.000,239.360,1.000,0.000,0.000,1.0
2009-05-14,13:56:00,0.228,0.000,239.010,1.000,0.000,0.000,1.0
2009-05-14,13:57:00,0.308,0.052,238.520,1.400,0.000,0.000,0.0
2009-05-14,13:58:00,0.336,0.100,238.850,1.400,0.000,0.000,1.0
2009-05-14,13:59:00,0.330,0.100,238.630,1.400,0.000,0.000,1.0
2009-05-14,14:00:00,0.328,0.100,238.280,1.400,0.000,0.000,0.0
2009-05-14,14:01:00,0.326,0.098,237.880,1.400,0.000,0.000,1.0
2009-05-14,14:02:00,0.424,0.218,238.680,2.000,0.000,0.000,1.0
2009-05-14,14:03:00,0.410,0.222,239.080,1.800,0.000,1.000,0.0
2009-05-14,14:04:00,0.410,0.224,239.390,1.800,0.000,2.000,1.0
2009-05-14,14:05:00,0.408,0.222,239.140,1.800,0.000,1.000,1.0
2009-05-14,14:06:00,0.408,0.222,239.100,1.800,0.000,2.000,0.0
2009-05-14,14:07:00,0.408,0.222,239.270,1.800,0.000,1.000,1.0
2009-05-14,14:08:00,0.408,0.224,239.450,1.800,0.000,2.000,1.0
2009-05-14,14:09:00,0.478,0.296,239.190,2.400,0.000,1.000,0.0
2009-05-14,14:10:00,0.480,0.322,238.780,2.400,0.000,1.000,1.0
2009-05-14,14:11:00,0.480,0.322,238.650,2.400,0.000,2.000,0.0
2009-05-14,14:12:00,0.400,0.212,239.330,1.800,0.000,1.000,1.0
2009-05-14,14:13:00,0.386,0.192,238.780,1.800,0.000,2.000,1.0
2009-05-14,14:14:00,0.384,0.192,239.000,1.800,0.000,1.000,0.0
2009-05-14,14:15:00,0.382,0.194,239.460,1.800,0.000,1.000,1.0
2009-05-14,14:16:00,0.380,0.194,239.660,1.800,0.000,2.000,1.0
2009-05-14,14:17:00,0.378,0.194,239.440,1.800,0.000,1.000,0.0
2009-05-14,14:18:00,0.376,0.194,239.470,1.600,0.000,1.000,1.0
2009-05-14,14:19:00,0.410,0.204,239.710,2.000,0.000,2.000,1.0
2009-05-14,14:20:00,0.968,0.316,239.160,4.200,0.000,1.000,10.0
2009-05-14,14:21:00,0.938,0.244,239.230,4.000,0.000,1.000,11.0
2009-05-14,14:22:00,0.948,0.214,239.400,4.000,0.000,1.000,11.0
2009-05-14,14:23:00,0.960,0.214,239.390,4.000,0.000,2.000,12.0
2009-05-14,14:24:00,0.744,0.172,239.460,3.400,0.000,1.000,9.0
2009-05-14,14:25:00,0.304,0.094,240.280,1.200,0.000,1.000,0.0
2009-05-14,14:26:00,0.304,0.094,240.620,1.200,0.000,1.000,1.0
2009-05-14,14:27:00,0.302,0.092,240.080,1.200,0.000,2.000,1.0
2009-05-14,14:28:00,0.302,0.090,239.130,1.200,0.000,1.000,0.0
2009-05-14,14:29:00,0.302,0.092,239.630,1.200,0.000,1.000,1.0
2009-05-14,14:30:00,0.238,0.000,240.480,1.000,0.000,0.000,1.0
2009-05-14,14:31:00,0.228,0.000,239.710,1.000,0.000,0.000,0.0
2009-05-14,14:32:00,0.228,0.000,239.200,1.000,0.000,0.000,1.0
2009-05-14,14:33:00,0.264,0.000,239.420,1.200,0.000,0.000,0.0
2009-05-14,14:34:00,0.338,0.102,239.100,1.400,0.000,0.000,1.0
2009-05-14,14:35:00,0.334,0.100,238.900,1.400,0.000,0.000,1.0
2009-05-14,14:36:00,0.332,0.102,239.080,1.400,0.000,0.000,0.0
2009-05-14,14:37:00,0.330,0.102,239.060,1.400,0.000,0.000,1.0
2009-05-14,14:38:00,0.326,0.100,238.440,1.400,0.000,0.000,1.0
2009-05-14,14:39:00,0.326,0.102,238.870,1.400,0.000,0.000,0.0
2009-05-14,14:40:00,0.324,0.100,238.720,1.400,0.000,0.000,1.0
2009-05-14,14:41:00,0.322,0.100,238.590,1.400,0.000,0.000,1.0
2009-05-14,14:42:00,0.324,0.102,239.200,1.400,0.000,0.000,0.0
2009-05-14,14:43:00,0.322,0.102,239.110,1.400,0.000,0.000,1.0
2009-05-14,14:44:00,0.322,0.102,239.030,1.400,0.000,0.000,1.0
2009-05-14,14:45:00,0.324,0.104,239.930,1.400,0.000,0.000,0.0
2009-05-14,14:46:00,0.324,0.104,239.980,1.400,0.000,0.000,1.0
2009-05-14,14:47:00,0.324,0.106,240.460,1.400,0.000,0.000,1.0
2009-05-14,14:48:00,0.274,0.000,240.020,1.200,0.000,0.000,0.0
2009-05-14,14:49:00,0.230,0.000,239.920,1.000,0.000,0.000,1.0
2009-05-14,14:50:00,0.230,0.000,240.060,1.000,0.000,0.000,1.0
2009-05-14,14:51:00,0.230,0.000,240.630,1.000,0.000,0.000,0.0
2009-05-14,14:52:00,0.230,0.000,240.860,1.000,0.000,0.000,1.0
2009-05-14,14:53:00,0.232,0.000,241.150,1.000,0.000,0.000,1.0
2009-05-14,14:54:00,0.230,0.000,240.400,1.000,0.000,0.000,0.0
2009-05-14,14:55:00,0.300,0.000,240.110,1.400,0.000,0.000,1.0
2009-05-14,14:56:00,0.306,0.076,240.060,1.200,0.000,0.000,0.0
2009-05-14,14:57:00,0.306,0.076,240.150,1.200,0.000,0.000,1.0
2009-05-14,14:58:00,0.306,0.076,240.460,1.200,0.000,0.000,1.0
2009-05-14,14:59:00,0.304,0.076,240.260,1.200,0.000,0.000,0.0
2009-05-14,15:00:00,0.304,0.076,240.070,1.200,0.000,0.000,1.0
2009-05-14,15:01:00,0.302,0.076,240.140,1.200,0.000,0.000,1.0
2009-05-14,15:02:00,0.302,0.076,240.410,1.200,0.000,0.000,0.0
2009-05-14,15:03:00,0.302,0.076,240.700,1.200,0.000,0.000,1.0
2009-05-14,15:04:00,0.302,0.078,241.040,1.200,0.000,0.000,1.0
2009-05-14,15:05:00,0.300,0.078,240.990,1.200,0.000,0.000,0.0
2009-05-14,15:06:00,0.296,0.072,241.100,1.200,0.000,0.000,1.0
2009-05-14,15:07:00,0.230,0.000,240.920,1.000,0.000,0.000,1.0
2009-05-14,15:08:00,0.230,0.000,241.000,1.000,0.000,0.000,0.0
2009-05-14,15:09:00,0.232,0.000,241.620,1.000,0.000,0.000,1.0
2009-05-14,15:10:00,0.332,0.082,241.240,1.400,0.000,0.000,1.0
2009-05-14,15:11:00,0.340,0.108,241.130,1.400,0.000,0.000,0.0
2009-05-14,15:12:00,0.336,0.108,241.200,1.400,0.000,0.000,1.0
2009-05-14,15:13:00,0.334,0.106,240.880,1.400,0.000,0.000,1.0
2009-05-14,15:14:00,0.332,0.106,240.930,1.400,0.000,0.000,0.0
2009-05-14,15:15:00,0.332,0.108,241.540,1.400,0.000,0.000,1.0
2009-05-14,15:16:00,0.330,0.106,240.930,1.400,0.000,0.000,1.0
2009-05-14,15:17:00,0.328,0.108,240.930,1.400,0.000,0.000,0.0
2009-05-14,15:18:00,0.328,0.108,241.300,1.400,0.000,0.000,1.0
2009-05-14,15:19:00,0.326,0.106,240.540,1.400,0.000,0.000,1.0
2009-05-14,15:20:00,0.326,0.106,240.800,1.400,0.000,0.000,0.0
2009-05-14,15:21:00,0.324,0.106,240.530,1.400,0.000,0.000,1.0
2009-05-14,15:22:00,0.324,0.106,240.430,1.400,0.000,0.000,1.0
2009-05-14,15:23:00,0.324,0.106,240.780,1.400,0.000,0.000,0.0
2009-05-14,15:24:00,0.316,0.094,240.240,1.400,0.000,0.000,1.0
2009-05-14,15:25:00,0.230,0.000,240.620,1.000,0.000,0.000,1.0
2009-05-14,15:26:00,0.230,0.000,240.920,1.000,0.000,0.000,0.0
2009-05-14,15:27:00,0.230,0.000,240.630,1.000,0.000,0.000,1.0
2009-05-14,15:28:00,0.230,0.000,240.870,1.000,0.000,0.000,1.0
2009-05-14,15:29:00,0.286,0.000,240.850,1.200,0.000,0.000,0.0
2009-05-14,15:30:00,0.232,0.000,241.030,1.000,0.000,0.000,1.0
2009-05-14,15:31:00,0.232,0.000,241.510,1.000,0.000,0.000,1.0
2009-05-14,15:32:00,0.232,0.000,241.780,1.000,0.000,0.000,0.0
2009-05-14,15:33:00,0.232,0.000,241.580,1.000,0.000,0.000,1.0
2009-05-14,15:34:00,0.232,0.000,241.680,1.000,0.000,0.000,1.0
2009-05-14,15:35:00,0.232,0.000,241.450,1.000,0.000,0.000,0.0
2009-05-14,15:36:00,0.232,0.000,241.820,1.000,0.000,0.000,1.0
2009-05-14,15:37:00,0.232,0.000,241.940,1.000,0.000,0.000,1.0
2009-05-14,15:38:00,0.232,0.000,241.570,1.000,0.000,0.000,0.0
2009-05-14,15:39:00,0.232,0.000,241.290,1.000,0.000,0.000,1.0
2009-05-14,15:40:00,0.250,0.000,241.730,1.200,0.000,0.000,0.0
2009-05-14,15:41:00,0.312,0.078,241.990,1.200,0.000,0.000,1.0
2009-05-14,15:42:00,0.308,0.078,241.170,1.200,0.000,0.000,1.0
2009-05-14,15:43:00,0.308,0.078,241.620,1.200,0.000,0.000,0.0
2009-05-14,15:44:00,0.310,0.080,242.430,1.200,0.000,0.000,1.0
2009-05-14,15:45:00,0.308,0.082,242.590,1.200,0.000,0.000,1.0
2009-05-14,15:46:00,0.360,0.132,241.870,1.600,0.000,0.000,0.0
2009-05-14,15:47:00,0.414,0.212,241.760,1.800,0.000,0.000,1.0
2009-05-14,15:48:00,0.408,0.210,241.050,1.800,0.000,0.000,1.0
2009-05-14,15:49:00,0.404,0.210,240.930,1.800,0.000,0.000,0.0
2009-05-14,15:50:00,0.400,0.206,240.230,1.800,0.000,0.000,1.0
2009-05-14,15:51:00,0.400,0.208,240.400,1.800,0.000,0.000,1.0
2009-05-14,15:52:00,0.374,0.174,240.090,1.600,0.000,0.000,0.0
2009-05-14,15:53:00,0.328,0.106,240.430,1.400,0.000,0.000,1.0
2009-05-14,15:54:00,0.326,0.104,239.820,1.400,0.000,0.000,1.0
2009-05-14,15:55:00,0.324,0.104,239.760,1.400,0.000,0.000,0.0
2009-05-14,15:56:00,0.324,0.104,239.960,1.400,0.000,0.000,1.0
2009-05-14,15:57:00,0.324,0.104,239.920,1.400,0.000,0.000,1.0
2009-05-14,15:58:00,0.324,0.104,239.830,1.400,0.000,0.000,0.0
2009-05-14,15:59:00,0.322,0.102,239.330,1.400,0.000,0.000,1.0
2009-05-14,16:00:00,0.322,0.102,239.500,1.400,0.000,0.000,1.0
2009-05-14,16:01:00,0.262,0.000,239.200,1.000,0.000,0.000,0.0
2009-05-14,16:02:00,0.230,0.000,239.780,1.000,0.000,0.000,1.0
2009-05-14,16:03:00,0.230,0.000,240.270,1.000,0.000,0.000,1.0
2009-05-14,16:04:00,0.264,0.000,239.960,1.200,0.000,0.000,0.0
2009-05-14,16:05:00,0.314,0.092,239.570,1.400,0.000,1.000,1.0
2009-05-14,16:06:00,0.314,0.092,239.520,1.400,0.000,1.000,1.0
2009-05-14,16:07:00,0.314,0.092,239.350,1.400,0.000,2.000,0.0
2009-05-14,16:08:00,0.622,0.158,239.220,3.000,0.000,1.000,5.0
2009-05-14,16:09:00,0.912,0.210,238.570,3.800,0.000,1.000,11.0
2009-05-14,16:10:00,0.942,0.216,239.460,4.000,0.000,2.000,11.0
2009-05-14,16:11:00,0.968,0.220,240.050,4.000,0.000,1.000,12.0
2009-05-14,16:12:00,0.970,0.214,239.480,4.000,0.000,2.000,11.0
2009-05-14,16:13:00,0.642,0.154,239.650,3.000,0.000,1.000,7.0
2009-05-14,16:14:00,0.314,0.094,240.110,1.400,0.000,2.000,1.0
2009-05-14,16:15:00,0.314,0.094,240.510,1.400,0.000,1.000,0.0
2009-05-14,16:16:00,0.312,0.094,240.240,1.200,0.000,1.000,1.0
2009-05-14,16:17:00,0.312,0.092,239.940,1.200,0.000,2.000,1.0
2009-05-14,16:18:00,0.310,0.092,239.720,1.200,0.000,1.000,0.0
2009-05-14,16:19:00,0.310,0.092,239.840,1.200,0.000,1.000,1.0
2009-05-14,16:20:00,0.308,0.092,240.020,1.200,0.000,2.000,1.0
2009-05-14,16:21:00,0.308,0.092,240.090,1.200,0.000,1.000,0.0
2009-05-14,16:22:00,0.308,0.092,240.070,1.200,0.000,1.000,1.0
2009-05-14,16:23:00,0.430,0.228,240.240,2.000,0.000,2.000,1.0
2009-05-14,16:24:00,0.420,0.226,240.320,2.000,0.000,1.000,0.0
2009-05-14,16:25:00,0.410,0.226,240.360,1.800,0.000,1.000,1.0
2009-05-14,16:26:00,0.484,0.308,239.930,2.400,0.000,1.000,0.0
2009-05-14,16:27:00,0.480,0.326,239.840,2.400,0.000,2.000,1.0
2009-05-14,16:28:00,0.478,0.328,239.890,2.400,0.000,1.000,1.0
2009-05-14,16:29:00,0.476,0.330,240.350,2.400,0.000,1.000,0.0
2009-05-14,16:30:00,0.474,0.330,240.380,2.400,0.000,1.000,1.0
2009-05-14,16:31:00,0.474,0.332,240.920,2.400,0.000,2.000,1.0
2009-05-14,16:32:00,0.464,0.320,240.930,2.200,0.000,1.000,0.0
2009-05-14,16:33:00,0.396,0.210,240.590,1.800,0.000,0.000,1.0
2009-05-14,16:34:00,0.396,0.210,240.960,1.800,0.000,0.000,1.0
2009-05-14,16:35:00,0.396,0.212,241.270,1.800,0.000,0.000,0.0
2009-05-14,16:36:00,0.394,0.210,241.030,1.800,0.000,0.000,1.0
2009-05-14,16:37:00,0.392,0.206,241.310,1.800,0.000,0.000,1.0
2009-05-14,16:38:00,0.300,0.078,241.380,1.200,0.000,0.000,0.0
2009-05-14,16:39:00,0.300,0.078,241.630,1.200,0.000,0.000,1.0
2009-05-14,16:40:00,0.244,0.000,241.160,1.000,0.000,0.000,1.0
2009-05-14,16:41:00,0.232,0.000,241.660,1.000,0.000,0.000,0.0
2009-05-14,16:42:00,0.232,0.000,241.160,1.000,0.000,0.000,1.0
2009-05-14,16:43:00,0.230,0.000,240.480,1.000,0.000,0.000,1.0
2009-05-14,16:44:00,0.230,0.000,240.280,1.000,0.000,0.000,0.0
2009-05-14,16:45:00,0.230,0.000,240.390,1.000,0.000,0.000,1.0
2009-05-14,16:46:00,0.230,0.000,240.540,1.000,0.000,0.000,1.0
2009-05-14,16:47:00,0.230,0.000,240.610,1.000,0.000,0.000,0.0
2009-05-14,16:48:00,0.232,0.000,241.180,1.000,0.000,0.000,1.0
2009-05-14,16:49:00,0.232,0.000,241.130,1.000,0.000,0.000,1.0
2009-05-14,16:50:00,0.232,0.000,241.370,1.000,0.000,0.000,0.0
2009-05-14,16:51:00,0.232,0.000,241.120,1.000,0.000,0.000,1.0
2009-05-14,16:52:00,0.232,0.000,241.410,1.000,0.000,0.000,1.0
2009-05-14,16:53:00,0.232,0.000,241.020,1.000,0.000,0.000,0.0
2009-05-14,16:54:00,0.232,0.000,241.100,1.000,0.000,0.000,1.0
2009-05-14,16:55:00,0.232,0.000,241.420,1.000,0.000,0.000,1.0
2009-05-14,16:56:00,0.232,0.000,241.610,1.000,0.000,0.000,0.0
2009-05-14,16:57:00,0.230,0.000,241.030,1.000,0.000,0.000,1.0
2009-05-14,16:58:00,0.230,0.000,240.890,1.000,0.000,0.000,1.0
2009-05-14,16:59:00,0.282,0.000,240.800,1.200,0.000,0.000,0.0
2009-05-14,17:00:00,0.342,0.108,241.540,1.400,0.000,0.000,1.0
2009-05-14,17:01:00,0.336,0.106,241.210,1.400,0.000,0.000,1.0
2009-05-14,17:02:00,0.334,0.108,241.240,1.400,0.000,0.000,0.0
2009-05-14,17:03:00,0.332,0.106,240.910,1.400,0.000,0.000,1.0
2009-05-14,17:04:00,0.330,0.106,240.620,1.400,0.000,0.000,1.0
2009-05-14,17:05:00,0.330,0.106,240.870,1.400,0.000,0.000,0.0
2009-05-14,17:06:00,0.326,0.104,240.200,1.400,0.000,0.000,1.0
2009-05-14,17:07:00,0.326,0.104,240.050,1.400,0.000,0.000,1.0
2009-05-14,17:08:00,0.324,0.104,240.270,1.400,0.000,0.000,0.0
2009-05-14,17:09:00,0.324,0.104,240.190,1.400,0.000,0.000,1.0
2009-05-14,17:10:00,0.324,0.104,240.120,1.400,0.000,0.000,0.0
2009-05-14,17:11:00,0.324,0.106,240.580,1.400,0.000,0.000,1.0
2009-05-14,17:12:00,0.326,0.108,241.130,1.400,0.000,0.000,1.0
2009-05-14,17:13:00,0.326,0.108,241.400,1.400,0.000,0.000,0.0
2009-05-14,17:14:00,0.326,0.086,239.610,1.400,0.000,0.000,1.0
2009-05-14,17:15:00,0.308,0.074,240.090,1.200,0.000,0.000,1.0
2009-05-14,17:16:00,0.306,0.076,240.430,1.200,0.000,0.000,0.0
2009-05-14,17:17:00,0.306,0.074,239.920,1.200,0.000,0.000,1.0
2009-05-14,17:18:00,0.306,0.074,240.160,1.200,0.000,0.000,1.0
2009-05-14,17:19:00,0.306,0.076,240.610,1.200,0.000,0.000,0.0
2009-05-14,17:20:00,0.302,0.074,240.070,1.200,0.000,0.000,1.0
2009-05-14,17:21:00,0.302,0.076,240.810,1.200,0.000,0.000,1.0
2009-05-14,17:22:00,0.300,0.076,240.590,1.200,0.000,0.000,0.0
2009-05-14,17:23:00,0.300,0.076,240.640,1.200,0.000,0.000,1.0
2009-05-14,17:24:00,0.300,0.074,240.520,1.200,0.000,0.000,1.0
2009-05-14,17:25:00,0.298,0.074,240.380,1.200,0.000,0.000,0.0
2009-05-14,17:26:00,0.296,0.070,239.860,1.200,0.000,0.000,1.0
2009-05-14,17:27:00,0.230,0.000,240.110,1.000,0.000,0.000,1.0
2009-05-14,17:28:00,0.230,0.000,240.220,1.000,0.000,0.000,0.0
2009-05-14,17:29:00,0.228,0.000,239.450,1.000,0.000,0.000,1.0
2009-05-14,17:30:00,0.228,0.000,239.570,1.000,0.000,0.000,1.0
2009-05-14,17:31:00,0.230,0.000,240.130,1.000,0.000,0.000,0.0
2009-05-14,17:32:00,0.230,0.000,240.210,1.000,0.000,0.000,1.0
2009-05-14,17:33:00,0.230,0.000,240.090,1.000,0.000,0.000,1.0
2009-05-14,17:34:00,0.230,0.000,240.000,1.000,0.000,0.000,0.0
2009-05-14,17:35:00,0.230,0.000,240.480,1.000,0.000,0.000,1.0
2009-05-14,17:36:00,0.278,0.000,240.520,1.200,0.000,0.000,1.0
2009-05-14,17:37:00,0.338,0.102,239.910,1.400,0.000,0.000,0.0
2009-05-14,17:38:00,0.334,0.102,239.720,1.400,0.000,0.000,1.0
2009-05-14,17:39:00,0.334,0.106,241.140,1.400,0.000,0.000,0.0
2009-05-14,17:40:00,0.332,0.106,241.080,1.400,0.000,0.000,1.0
2009-05-14,17:41:00,0.330,0.104,240.520,1.400,0.000,0.000,1.0
2009-05-14,17:42:00,0.328,0.102,240.000,1.400,0.000,0.000,0.0
2009-05-14,17:43:00,0.326,0.104,240.040,1.400,0.000,0.000,1.0
2009-05-14,17:44:00,0.324,0.102,239.780,1.400,0.000,0.000,1.0
2009-05-14,17:45:00,0.324,0.104,240.060,1.400,0.000,0.000,0.0
2009-05-14,17:46:00,0.324,0.102,239.680,1.400,0.000,0.000,1.0
2009-05-14,17:47:00,0.324,0.104,240.150,1.400,0.000,0.000,1.0
2009-05-14,17:48:00,0.324,0.106,240.710,1.400,0.000,0.000,0.0
2009-05-14,17:49:00,0.324,0.106,241.160,1.400,0.000,0.000,1.0
2009-05-14,17:50:00,0.326,0.108,241.590,1.400,0.000,0.000,1.0
2009-05-14,17:51:00,0.254,0.000,241.870,1.000,0.000,0.000,0.0
2009-05-14,17:52:00,0.232,0.000,241.380,1.000,0.000,0.000,1.0
2009-05-14,17:53:00,0.232,0.000,241.260,1.000,0.000,0.000,1.0
2009-05-14,17:54:00,0.232,0.000,240.910,1.000,0.000,0.000,0.0
2009-05-14,17:55:00,0.232,0.000,241.300,1.000,0.000,0.000,1.0
2009-05-14,17:56:00,0.232,0.000,240.990,1.000,0.000,0.000,1.0
2009-05-14,17:57:00,0.230,0.000,240.720,1.000,0.000,0.000,0.0
2009-05-14,17:58:00,0.230,0.000,240.150,1.000,0.000,0.000,1.0
2009-05-14,17:59:00,0.230,0.000,240.000,1.000,0.000,0.000,1.0
2009-05-14,18:00:00,0.230,0.000,240.100,1.000,0.000,0.000,0.0
2009-05-14,18:01:00,0.306,0.050,239.820,1.400,0.000,0.000,1.0
2009-05-14,18:02:00,0.320,0.080,240.070,1.600,0.000,0.000,1.0
2009-05-14,18:03:00,0.898,0.196,239.340,3.800,0.000,0.000,10.0
2009-05-14,18:04:00,0.952,0.196,239.610,4.000,0.000,0.000,11.0
2009-05-14,18:05:00,1.072,0.150,239.690,4.400,0.000,0.000,11.0
2009-05-14,18:06:00,1.084,0.146,239.130,4.600,0.000,0.000,12.0
2009-05-14,18:07:00,1.132,0.190,238.920,4.800,0.000,0.000,11.0
2009-05-14,18:08:00,0.520,0.148,239.250,2.200,0.000,1.000,1.0
2009-05-14,18:09:00,0.506,0.148,239.360,2.200,0.000,1.000,1.0
2009-05-14,18:10:00,0.504,0.146,238.880,2.200,0.000,1.000,1.0
2009-05-14,18:11:00,0.504,0.146,238.900,2.200,0.000,2.000,0.0
2009-05-14,18:12:00,0.522,0.160,239.100,2.400,0.000,1.000,1.0
2009-05-14,18:13:00,0.608,0.278,239.080,2.800,0.000,2.000,1.0
2009-05-14,18:14:00,0.602,0.280,239.470,2.800,0.000,1.000,0.0
2009-05-14,18:15:00,0.598,0.282,239.490,2.800,0.000,1.000,1.0
2009-05-14,18:16:00,0.534,0.206,239.410,2.400,0.000,2.000,1.0
2009-05-14,18:17:00,0.460,0.216,239.480,2.000,0.000,1.000,0.0
2009-05-14,18:18:00,0.458,0.214,239.390,2.000,0.000,2.000,1.0
2009-05-14,18:19:00,0.504,0.214,239.210,2.200,0.000,1.000,1.0
2009-05-14,18:20:00,1.154,0.206,239.050,5.400,0.000,1.000,9.0
2009-05-14,18:21:00,1.642,0.202,238.500,6.800,0.000,2.000,19.0
2009-05-14,18:22:00,1.618,0.206,238.800,6.800,0.000,1.000,19.0
2009-05-14,18:23:00,1.608,0.208,239.180,6.800,0.000,1.000,18.0
2009-05-14,18:24:00,1.606,0.210,239.570,6.600,0.000,2.000,18.0
2009-05-14,18:25:00,1.604,0.212,239.850,6.600,0.000,1.000,19.0
2009-05-14,18:26:00,1.596,0.210,239.600,6.600,0.000,1.000,18.0
2009-05-14,18:27:00,1.570,0.178,239.330,6.600,0.000,1.000,18.0
2009-05-14,18:28:00,1.498,0.076,239.310,6.200,0.000,2.000,19.0
2009-05-14,18:29:00,1.502,0.078,239.660,6.200,0.000,1.000,18.0
2009-05-14,18:30:00,1.504,0.078,239.920,6.200,0.000,1.000,18.0
2009-05-14,18:31:00,1.502,0.078,239.790,6.200,0.000,1.000,19.0
2009-05-14,18:32:00,1.498,0.076,239.520,6.200,0.000,2.000,18.0
2009-05-14,18:33:00,1.488,0.074,238.690,6.200,0.000,1.000,18.0
2009-05-14,18:34:00,1.490,0.076,239.000,6.200,0.000,1.000,18.0
2009-05-14,18:35:00,1.466,0.046,238.170,6.000,0.000,1.000,18.0
2009-05-14,18:36:00,1.412,0.000,238.270,5.800,0.000,0.000,18.0
2009-05-14,18:37:00,1.418,0.000,238.800,5.800,0.000,0.000,18.0
2009-05-14,18:38:00,1.422,0.000,239.230,5.800,0.000,0.000,18.0
2009-05-14,18:39:00,1.418,0.000,238.860,5.800,0.000,0.000,19.0
2009-05-14,18:40:00,1.420,0.000,239.050,5.800,0.000,0.000,18.0
2009-05-14,18:41:00,1.420,0.000,239.040,5.800,0.000,0.000,18.0
2009-05-14,18:42:00,1.420,0.000,239.010,5.800,0.000,0.000,18.0
2009-05-14,18:43:00,1.418,0.000,238.900,5.800,0.000,0.000,18.0
2009-05-14,18:44:00,1.412,0.000,238.270,5.800,0.000,0.000,18.0
2009-05-14,18:45:00,1.378,0.000,238.480,5.800,0.000,0.000,18.0
2009-05-14,18:46:00,1.310,0.000,238.560,5.400,0.000,0.000,18.0
2009-05-14,18:47:00,1.312,0.000,238.300,5.400,0.000,0.000,18.0
2009-05-14,18:48:00,1.318,0.000,238.120,5.400,0.000,0.000,18.0
2009-05-14,18:49:00,1.366,0.000,237.670,5.800,0.000,0.000,18.0
2009-05-14,18:50:00,1.504,0.104,237.750,6.400,0.000,0.000,18.0
2009-05-14,18:51:00,1.646,0.184,237.450,6.800,0.000,0.000,18.0
2009-05-14,18:52:00,1.654,0.184,237.730,7.000,0.000,0.000,18.0
2009-05-14,18:53:00,1.648,0.186,237.880,6.800,0.000,0.000,18.0
2009-05-14,18:54:00,1.676,0.170,237.750,7.000,0.000,0.000,18.0
2009-05-14,18:55:00,1.700,0.166,238.110,7.200,0.000,0.000,18.0
2009-05-14,18:56:00,1.694,0.168,238.340,7.000,0.000,0.000,18.0
2009-05-14,18:57:00,1.690,0.168,238.190,7.000,0.000,0.000,18.0
2009-05-14,18:58:00,1.688,0.170,238.080,7.000,0.000,0.000,18.0
2009-05-14,18:59:00,1.690,0.172,238.540,7.000,0.000,0.000,18.0
2009-05-14,19:00:00,1.692,0.174,238.760,7.000,0.000,0.000,18.0
2009-05-14,19:01:00,1.686,0.174,238.500,7.000,0.000,0.000,18.0
2009-05-14,19:02:00,1.688,0.176,238.740,7.000,0.000,0.000,19.0
2009-05-14,19:03:00,1.686,0.176,238.820,7.000,0.000,0.000,18.0
2009-05-14,19:04:00,1.618,0.080,238.840,6.800,0.000,0.000,18.0
2009-05-14,19:05:00,1.558,0.000,239.400,6.400,0.000,0.000,18.0
2009-05-14,19:06:00,1.962,0.000,238.440,8.200,0.000,0.000,25.0
2009-05-14,19:07:00,2.142,0.066,238.830,9.000,0.000,0.000,28.0
2009-05-14,19:08:00,2.182,0.074,239.890,9.000,0.000,0.000,29.0
2009-05-14,19:09:00,2.208,0.078,240.770,9.200,0.000,0.000,29.0
2009-05-14,19:10:00,2.210,0.078,240.740,9.200,0.000,0.000,30.0
2009-05-14,19:11:00,1.934,0.000,241.050,8.000,0.000,0.000,25.0
2009-05-14,19:12:00,1.556,0.048,241.560,6.400,0.000,0.000,19.0
2009-05-14,19:13:00,1.564,0.046,242.190,6.400,0.000,0.000,18.0
2009-05-14,19:14:00,1.562,0.048,242.140,6.400,0.000,0.000,19.0
2009-05-14,19:15:00,1.554,0.048,241.380,6.400,0.000,0.000,19.0
2009-05-14,19:16:00,1.554,0.048,241.400,6.400,0.000,0.000,18.0
2009-05-14,19:17:00,1.560,0.048,242.060,6.400,0.000,0.000,19.0
2009-05-14,19:18:00,1.558,0.048,241.780,6.400,0.000,0.000,18.0
2009-05-14,19:19:00,1.558,0.048,241.870,6.400,0.000,0.000,19.0
2009-05-14,19:20:00,1.560,0.048,242.050,6.400,0.000,0.000,18.0
2009-05-14,19:21:00,1.610,0.078,241.530,6.600,0.000,0.000,19.0
2009-05-14,19:22:00,1.652,0.146,241.410,6.800,0.000,0.000,18.0
2009-05-14,19:23:00,1.774,0.138,241.850,7.200,0.000,0.000,19.0
2009-05-14,19:24:00,1.894,0.118,242.800,7.800,0.000,0.000,19.0
2009-05-14,19:25:00,1.556,0.000,242.970,6.400,0.000,0.000,18.0
2009-05-14,19:26:00,1.508,0.092,242.930,6.200,0.000,0.000,19.0
2009-05-14,19:27:00,1.508,0.104,242.380,6.200,0.000,0.000,19.0
2009-05-14,19:28:00,1.726,0.286,241.790,7.200,0.000,0.000,18.0
2009-05-14,19:29:00,1.722,0.276,240.840,7.200,0.000,0.000,19.0
2009-05-14,19:30:00,2.372,0.266,239.380,10.000,0.000,0.000,18.0
2009-05-14,19:31:00,2.414,0.262,239.430,10.000,0.000,0.000,18.0
2009-05-14,19:32:00,2.406,0.256,238.970,10.000,0.000,0.000,18.0
2009-05-14,19:33:00,2.408,0.256,239.280,10.000,0.000,0.000,19.0
2009-05-14,19:34:00,2.404,0.252,239.320,10.000,0.000,0.000,18.0
2009-05-14,19:35:00,2.502,0.350,239.820,10.400,0.000,0.000,18.0
2009-05-14,19:36:00,2.490,0.354,239.970,10.400,0.000,0.000,18.0
2009-05-14,19:37:00,2.732,0.344,239.170,11.400,0.000,0.000,18.0
2009-05-14,19:38:00,2.648,0.344,238.520,11.200,0.000,0.000,19.0
2009-05-14,19:39:00,2.500,0.326,238.350,10.400,0.000,0.000,18.0
2009-05-14,19:40:00,2.508,0.328,238.590,10.600,0.000,1.000,18.0
2009-05-14,19:41:00,2.502,0.326,238.350,10.600,0.000,0.000,18.0
2009-05-14,19:42:00,2.788,0.322,237.920,12.200,0.000,4.000,18.0
2009-05-14,19:43:00,4.684,0.308,236.330,19.800,0.000,37.000,17.0
2009-05-14,19:44:00,4.708,0.292,236.310,19.800,0.000,37.000,18.0
2009-05-14,19:45:00,4.826,0.256,236.660,20.400,0.000,38.000,18.0
2009-05-14,19:46:00,4.842,0.254,236.910,20.400,0.000,37.000,18.0
2009-05-14,19:47:00,4.840,0.250,236.700,20.400,0.000,37.000,18.0
2009-05-14,19:48:00,4.848,0.254,237.150,20.400,0.000,38.000,17.0
2009-05-14,19:49:00,4.844,0.256,237.260,20.400,0.000,38.000,18.0
2009-05-14,19:50:00,4.872,0.256,237.910,20.400,0.000,37.000,18.0
2009-05-14,19:51:00,3.338,0.266,239.280,14.600,0.000,14.000,18.0
2009-05-14,19:52:00,2.670,0.272,239.760,11.200,0.000,2.000,19.0
2009-05-14,19:53:00,4.222,0.272,238.190,18.200,0.000,27.000,18.0
2009-05-14,19:54:00,2.560,0.204,239.820,10.600,0.000,0.000,18.0
2009-05-14,19:55:00,2.534,0.190,238.780,10.600,0.000,1.000,18.0
2009-05-14,19:56:00,2.562,0.154,239.640,10.600,0.000,1.000,18.0
2009-05-14,19:57:00,2.572,0.152,239.650,10.600,0.000,1.000,19.0
2009-05-14,19:58:00,2.736,0.256,239.620,11.800,0.000,1.000,18.0
2009-05-14,19:59:00,2.766,0.256,239.020,12.000,0.000,1.000,18.0
2009-05-14,20:00:00,1.964,0.162,239.980,8.200,0.000,1.000,18.0
2009-05-14,20:01:00,1.922,0.124,240.460,8.000,0.000,1.000,19.0
2009-05-14,20:02:00,1.922,0.108,240.240,8.000,0.000,1.000,18.0
2009-05-14,20:03:00,1.916,0.094,240.890,7.800,0.000,0.000,18.0
2009-05-14,20:04:00,1.934,0.090,241.230,8.000,0.000,1.000,19.0
2009-05-14,20:05:00,1.954,0.086,241.160,8.000,0.000,1.000,18.0
2009-05-14,20:06:00,1.950,0.084,240.880,8.000,0.000,2.000,19.0
2009-05-14,20:07:00,1.956,0.104,241.550,8.000,0.000,1.000,18.0
2009-05-14,20:08:00,2.082,0.144,241.670,8.600,0.000,3.000,19.0
2009-05-14,20:09:00,2.210,0.172,241.620,9.200,0.000,6.000,18.0
2009-05-14,20:10:00,2.272,0.274,241.760,9.400,0.000,6.000,19.0
2009-05-14,20:11:00,2.270,0.256,241.430,9.400,0.000,6.000,18.0
2009-05-14,20:12:00,2.198,0.284,241.190,9.200,0.000,6.000,19.0
2009-05-14,20:13:00,1.968,0.240,241.050,8.200,0.000,2.000,18.0
2009-05-14,20:14:00,1.956,0.220,241.000,8.000,0.000,1.000,19.0
2009-05-14,20:15:00,1.954,0.220,240.790,8.000,0.000,2.000,18.0
2009-05-14,20:16:00,1.872,0.166,240.590,7.800,0.000,1.000,18.0
2009-05-14,20:17:00,1.832,0.196,239.880,7.600,0.000,1.000,19.0
2009-05-14,20:18:00,1.796,0.192,238.740,7.400,0.000,2.000,18.0
2009-05-14,20:19:00,1.800,0.194,239.200,7.400,0.000,1.000,18.0
2009-05-14,20:20:00,1.794,0.194,238.940,7.400,0.000,2.000,18.0
2009-05-14,20:21:00,1.796,0.194,239.290,7.400,0.000,1.000,18.0
2009-05-14,20:22:00,1.802,0.198,239.940,7.400,0.000,2.000,19.0
2009-05-14,20:23:00,1.802,0.198,240.220,7.400,0.000,1.000,18.0
2009-05-14,20:24:00,1.814,0.200,240.470,7.600,0.000,1.000,18.0
2009-05-14,20:25:00,1.800,0.198,240.330,7.400,0.000,2.000,19.0
2009-05-14,20:26:00,1.804,0.200,240.790,7.400,0.000,1.000,18.0
2009-05-14,20:27:00,1.812,0.204,241.640,7.400,0.000,1.000,19.0
2009-05-14,20:28:00,1.872,0.248,242.850,7.800,0.000,2.000,18.0
2009-05-14,20:29:00,1.910,0.314,242.920,7.800,0.000,1.000,19.0
2009-05-14,20:30:00,1.948,0.318,242.540,8.000,0.000,1.000,19.0
2009-05-14,20:31:00,1.918,0.350,242.480,8.000,0.000,2.000,18.0
2009-05-14,20:32:00,2.248,0.422,241.330,9.600,0.000,1.000,24.0
2009-05-14,20:33:00,3.864,0.480,238.770,17.000,0.000,1.000,28.0
2009-05-14,20:34:00,3.586,0.338,238.900,15.200,0.000,1.000,29.0
2009-05-14,20:35:00,3.840,0.326,238.900,16.400,0.000,2.000,29.0
2009-05-14,20:36:00,3.580,0.292,238.650,15.200,0.000,1.000,29.0
2009-05-14,20:37:00,3.138,0.242,239.510,13.200,0.000,1.000,26.0
2009-05-14,20:38:00,2.688,0.078,239.800,11.200,0.000,0.000,18.0
2009-05-14,20:39:00,2.644,0.046,239.760,11.000,0.000,0.000,18.0
2009-05-14,20:40:00,2.638,0.046,239.280,11.000,0.000,0.000,18.0
2009-05-14,20:41:00,2.636,0.046,239.230,11.000,0.000,0.000,19.0
2009-05-14,20:42:00,2.626,0.046,238.840,11.000,0.000,0.000,18.0
2009-05-14,20:43:00,2.788,0.000,238.910,11.600,0.000,0.000,18.0
2009-05-14,20:44:00,2.904,0.000,238.520,12.000,0.000,0.000,18.0
2009-05-14,20:45:00,3.304,0.090,238.300,14.200,0.000,5.000,18.0
2009-05-14,20:46:00,5.042,0.070,236.200,21.200,0.000,36.000,18.0
2009-05-14,20:47:00,4.668,0.072,236.070,20.000,0.000,28.000,17.0
2009-05-14,20:48:00,4.828,0.064,236.350,20.400,0.000,36.000,18.0
2009-05-14,20:49:00,4.748,0.086,236.570,20.200,0.000,31.000,18.0
2009-05-14,20:50:00,7.396,0.056,232.500,31.800,0.000,67.000,17.0
2009-05-14,20:51:00,7.050,0.074,233.250,30.200,0.000,71.000,17.0
2009-05-14,20:52:00,6.766,0.054,233.330,29.000,0.000,71.000,18.0
2009-05-14,20:53:00,6.434,0.054,233.610,27.400,0.000,71.000,17.0
2009-05-14,20:54:00,6.502,0.000,235.880,27.400,0.000,73.000,18.0
2009-05-14,20:55:00,6.566,0.000,236.240,27.800,0.000,72.000,17.0
2009-05-14,20:56:00,6.622,0.050,234.800,28.200,0.000,72.000,18.0
2009-05-14,20:57:00,6.692,0.110,235.730,28.400,0.000,73.000,18.0
2009-05-14,20:58:00,6.700,0.100,236.060,28.400,0.000,72.000,17.0
2009-05-14,20:59:00,6.722,0.118,236.150,28.400,0.000,73.000,18.0
2009-05-14,21:00:00,5.762,0.100,236.930,24.600,0.000,59.000,18.0
2009-05-14,21:01:00,4.632,0.130,238.590,19.400,0.000,38.000,18.0
2009-05-14,21:02:00,4.646,0.114,239.370,19.400,0.000,37.000,18.0
2009-05-14,21:03:00,4.602,0.174,238.890,19.200,0.000,38.000,18.0
2009-05-14,21:04:00,4.600,0.162,239.510,19.200,0.000,37.000,18.0
2009-05-14,21:05:00,4.600,0.152,239.020,19.200,0.000,37.000,19.0
2009-05-14,21:06:00,3.564,0.140,240.100,14.800,0.000,21.000,18.0
2009-05-14,21:07:00,4.380,0.148,239.190,18.400,0.000,32.000,18.0
2009-05-14,21:08:00,4.562,0.122,237.770,19.200,0.000,37.000,18.0
2009-05-14,21:09:00,4.124,0.164,236.980,17.600,0.000,32.000,18.0
2009-05-14,21:10:00,3.526,0.170,237.800,15.000,0.000,20.000,18.0
2009-05-14,21:11:00,4.502,0.168,237.070,19.000,0.000,37.000,18.0
2009-05-14,21:12:00,3.308,0.128,237.520,13.800,0.000,18.000,18.0
2009-05-14,21:13:00,4.102,0.000,233.390,17.600,0.000,32.000,17.0
2009-05-14,21:14:00,4.290,0.000,233.090,18.400,0.000,36.000,17.0
2009-05-14,21:15:00,3.316,0.000,234.200,14.200,0.000,21.000,18.0
2009-05-14,21:16:00,4.012,0.000,233.500,17.200,0.000,30.000,17.0
2009-05-14,21:17:00,3.702,0.000,233.790,16.000,0.000,27.000,17.0
2009-05-14,21:18:00,3.894,0.062,233.700,16.800,0.000,28.000,18.0
2009-05-14,21:19:00,3.786,0.074,234.270,16.200,0.000,29.000,17.0
2009-05-14,21:20:00,3.940,0.050,233.830,17.000,0.000,29.000,17.0
2009-05-14,21:21:00,3.862,0.070,233.900,16.600,0.000,30.000,18.0
2009-05-14,21:22:00,3.680,0.000,234.100,15.800,0.000,24.000,17.0
2009-05-14,21:23:00,4.132,0.000,233.480,17.600,0.000,35.000,18.0
2009-05-14,21:24:00,3.098,0.000,234.570,13.200,0.000,16.000,17.0
2009-05-14,21:25:00,3.100,0.102,234.550,13.600,0.000,15.000,18.0
2009-05-14,21:26:00,2.488,0.096,235.470,10.600,0.000,3.000,17.0
2009-05-14,21:27:00,2.360,0.116,235.670,10.000,0.000,3.000,18.0
2009-05-14,21:28:00,2.418,0.106,235.950,10.200,0.000,4.000,17.0
2009-05-14,21:29:00,2.368,0.116,236.030,10.000,0.000,3.000,18.0
2009-05-14,21:30:00,2.412,0.098,236.130,10.200,0.000,4.000,18.0
2009-05-14,21:31:00,2.356,0.108,236.060,10.000,0.000,3.000,18.0
2009-05-14,21:32:00,2.396,0.102,236.080,10.000,0.000,4.000,17.0
2009-05-14,21:33:00,2.266,0.082,235.830,9.600,0.000,2.000,18.0
2009-05-14,21:34:00,2.182,0.052,236.040,9.200,0.000,0.000,18.0
2009-05-14,21:35:00,2.202,0.058,236.180,9.200,0.000,0.000,17.0
2009-05-14,21:36:00,2.278,0.168,236.110,9.600,0.000,0.000,18.0
2009-05-14,21:37:00,2.296,0.172,236.230,9.600,0.000,0.000,18.0
2009-05-14,21:38:00,2.212,0.086,236.380,9.200,0.000,0.000,18.0
2009-05-14,21:39:00,2.222,0.086,235.860,9.400,0.000,1.000,17.0
2009-05-14,21:40:00,2.204,0.084,235.450,9.400,0.000,0.000,18.0
2009-05-14,21:41:00,2.224,0.088,235.570,9.400,0.000,0.000,17.0
2009-05-14,21:42:00,2.200,0.088,235.990,9.200,0.000,0.000,18.0
2009-05-14,21:43:00,2.486,0.084,235.810,10.600,0.000,0.000,18.0
2009-05-14,21:44:00,2.658,0.072,235.720,11.200,0.000,0.000,18.0
2009-05-14,21:45:00,2.628,0.072,235.230,11.000,0.000,0.000,17.0
2009-05-14,21:46:00,2.652,0.072,234.840,11.200,0.000,0.000,18.0
2009-05-14,21:47:00,2.666,0.092,234.580,11.400,0.000,0.000,17.0
2009-05-14,21:48:00,3.924,0.112,233.730,17.200,0.000,24.000,17.0
2009-05-14,21:49:00,4.468,0.122,234.010,19.000,0.000,35.000,18.0
2009-05-14,21:50:00,4.046,0.158,234.840,17.600,0.000,28.000,17.0
2009-05-14,21:51:00,4.588,0.232,234.380,19.600,0.000,36.000,18.0
2009-05-14,21:52:00,4.004,0.144,234.980,17.400,0.000,29.000,17.0
2009-05-14,21:53:00,4.496,0.110,234.440,19.200,0.000,36.000,18.0
2009-05-14,21:54:00,4.468,0.104,233.970,19.000,0.000,37.000,17.0
2009-05-14,21:55:00,4.470,0.108,233.590,19.000,0.000,36.000,18.0
2009-05-14,21:56:00,4.470,0.096,233.790,19.000,0.000,36.000,17.0
2009-05-14,21:57:00,4.458,0.108,233.860,19.000,0.000,37.000,17.0
2009-05-14,21:58:00,4.484,0.100,233.800,19.200,0.000,36.000,18.0
2009-05-14,21:59:00,4.460,0.108,233.950,19.000,0.000,37.000,17.0
2009-05-14,22:00:00,4.486,0.098,234.200,19.000,0.000,36.000,18.0
2009-05-14,22:01:00,4.490,0.108,234.140,19.200,0.000,37.000,17.0
2009-05-14,22:02:00,4.474,0.098,234.530,19.000,0.000,36.000,17.0
2009-05-14,22:03:00,4.502,0.108,234.520,19.200,0.000,37.000,18.0
2009-05-14,22:04:00,4.480,0.096,234.430,19.000,0.000,36.000,17.0
2009-05-14,22:05:00,3.908,0.122,235.220,16.800,0.000,29.000,18.0
2009-05-14,22:06:00,3.560,0.114,235.910,15.200,0.000,22.000,18.0
2009-05-14,22:07:00,4.340,0.120,235.230,18.400,0.000,37.000,17.0
2009-05-14,22:08:00,4.464,0.170,234.960,19.000,0.000,37.000,18.0
2009-05-14,22:09:00,3.712,0.230,236.280,15.800,0.000,25.000,17.0
2009-05-14,22:10:00,3.946,0.210,235.780,16.800,0.000,26.000,18.0
2009-05-14,22:11:00,4.318,0.220,235.060,18.400,0.000,37.000,18.0
2009-05-14,22:12:00,3.708,0.210,235.680,15.800,0.000,28.000,17.0
2009-05-14,22:13:00,3.506,0.226,235.420,15.000,0.000,23.000,18.0
2009-05-14,22:14:00,4.264,0.200,234.490,18.200,0.000,37.000,17.0
2009-05-14,22:15:00,3.606,0.322,235.240,15.400,0.000,25.000,18.0
2009-05-14,22:16:00,3.836,0.338,236.460,16.400,0.000,26.000,18.0
2009-05-14,22:17:00,4.450,0.354,236.790,18.800,0.000,37.000,17.0
2009-05-14,22:18:00,3.308,0.350,237.880,14.000,0.000,20.000,18.0
2009-05-14,22:19:00,4.206,0.356,237.140,17.800,0.000,32.000,18.0
2009-05-14,22:20:00,3.676,0.286,237.810,15.600,0.000,27.000,18.0
2009-05-14,22:21:00,4.216,0.326,237.490,18.000,0.000,25.000,23.0
2009-05-14,22:22:00,4.462,0.352,236.930,19.000,0.000,30.000,28.0
2009-05-14,22:23:00,4.162,0.368,236.530,17.800,0.000,22.000,29.0
2009-05-14,22:24:00,4.568,0.340,235.580,19.600,0.000,31.000,29.0
2009-05-14,22:25:00,4.106,0.368,236.300,17.600,0.000,21.000,29.0
2009-05-14,22:26:00,4.328,0.294,236.210,18.600,0.000,32.000,24.0
2009-05-14,22:27:00,3.382,0.264,237.290,14.400,0.000,20.000,18.0
2009-05-14,22:28:00,3.962,0.238,236.520,16.800,0.000,32.000,18.0
2009-05-14,22:29:00,3.320,0.264,237.330,14.000,0.000,20.000,18.0
2009-05-14,22:30:00,2.736,0.250,237.740,11.800,0.000,28.000,0.0
2009-05-14,22:31:00,2.836,0.184,237.440,12.600,0.000,22.000,1.0
2009-05-14,22:32:00,3.544,0.122,236.580,15.200,0.000,28.000,1.0
2009-05-14,22:33:00,2.862,0.140,237.600,12.200,0.000,17.000,0.0
2009-05-14,22:34:00,2.570,0.128,238.160,11.000,0.000,27.000,1.0
2009-05-14,22:35:00,1.950,0.138,238.710,8.800,0.000,17.000,1.0
2009-05-14,22:36:00,2.318,0.110,238.280,10.000,0.000,27.000,0.0
2009-05-14,22:37:00,1.798,0.052,239.130,8.000,0.000,16.000,1.0
2009-05-14,22:38:00,2.346,0.000,238.640,10.000,0.000,28.000,1.0
2009-05-14,22:39:00,1.678,0.000,239.050,7.400,0.000,14.000,0.0
2009-05-14,22:40:00,2.346,0.000,237.980,10.000,0.000,27.000,1.0
2009-05-14,22:41:00,1.400,0.000,239.030,6.000,0.000,12.000,0.0
2009-05-14,22:42:00,0.996,0.000,239.610,4.200,0.000,3.000,1.0
2009-05-14,22:43:00,0.982,0.000,239.610,4.000,0.000,4.000,1.0
2009-05-14,22:44:00,0.976,0.000,239.900,4.000,0.000,4.000,0.0
2009-05-14,22:45:00,0.996,0.000,239.760,4.200,0.000,3.000,1.0
2009-05-14,22:46:00,0.996,0.000,239.910,4.200,0.000,4.000,1.0
2009-05-14,22:47:00,1.164,0.000,240.170,4.800,0.000,3.000,0.0
2009-05-14,22:48:00,1.146,0.000,240.610,4.800,0.000,4.000,1.0
2009-05-14,22:49:00,1.090,0.000,240.610,4.600,0.000,2.000,1.0
2009-05-14,22:50:00,0.906,0.050,240.830,3.800,0.000,0.000,0.0
2009-05-14,22:51:00,0.940,0.000,241.030,4.000,0.000,0.000,1.0
2009-05-14,22:52:00,0.872,0.052,240.760,3.600,0.000,0.000,1.0
2009-05-14,22:53:00,0.886,0.054,239.780,3.800,0.000,1.000,0.0
2009-05-14,22:54:00,0.922,0.112,239.640,4.000,0.000,0.000,1.0
2009-05-14,22:55:00,0.978,0.182,238.770,4.200,0.000,0.000,1.0
2009-05-14,22:56:00,1.104,0.176,239.060,4.600,0.000,0.000,0.0
2009-05-14,22:57:00,1.110,0.178,239.290,4.600,0.000,0.000,1.0
2009-05-14,22:58:00,0.868,0.180,239.790,3.600,0.000,0.000,1.0
2009-05-14,22:59:00,0.938,0.184,239.880,4.000,0.000,1.000,0.0
2009-05-14,23:00:00,0.844,0.180,239.710,3.600,0.000,0.000,1.0
2009-05-14,23:01:00,0.640,0.188,239.970,2.800,0.000,0.000,1.0
2009-05-14,23:02:00,0.630,0.184,240.080,2.800,0.000,0.000,0.0
2009-05-14,23:03:00,0.484,0.136,240.680,2.200,0.000,0.000,1.0
2009-05-14,23:04:00,0.410,0.108,241.080,1.800,0.000,0.000,1.0
2009-05-14,23:05:00,0.424,0.114,241.350,1.800,0.000,1.000,0.0
2009-05-14,23:06:00,0.422,0.112,241.840,1.800,0.000,0.000,1.0
2009-05-14,23:07:00,0.410,0.114,242.030,1.800,0.000,0.000,1.0
2009-05-14,23:08:00,0.484,0.112,241.570,2.000,0.000,0.000,0.0
2009-05-14,23:09:00,0.480,0.108,241.440,2.000,0.000,0.000,1.0
2009-05-14,23:10:00,0.442,0.046,241.620,2.000,0.000,1.000,0.0
2009-05-14,23:11:00,0.298,0.000,241.940,1.200,0.000,0.000,1.0
2009-05-14,23:12:00,0.296,0.052,242.180,1.400,0.000,0.000,1.0
2009-05-14,23:13:00,0.286,0.056,241.950,1.400,0.000,0.000,0.0
2009-05-14,23:14:00,0.304,0.050,242.080,1.400,0.000,0.000,1.0
2009-05-14,23:15:00,0.262,0.054,242.090,1.000,0.000,0.000,1.0
2009-05-14,23:16:00,0.302,0.052,241.160,1.400,0.000,1.000,0.0
2009-05-14,23:17:00,0.270,0.056,240.620,1.200,0.000,0.000,1.0
2009-05-14,23:18:00,0.288,0.052,240.520,1.400,0.000,0.000,1.0
2009-05-14,23:19:00,0.280,0.054,241.510,1.400,0.000,0.000,0.0
2009-05-14,23:20:00,0.300,0.048,242.590,1.400,0.000,0.000,1.0
2009-05-14,23:21:00,0.258,0.052,242.730,1.000,0.000,0.000,1.0
2009-05-14,23:22:00,0.298,0.048,242.640,1.400,0.000,1.000,0.0
2009-05-14,23:23:00,0.268,0.050,243.330,1.200,0.000,0.000,1.0
2009-05-14,23:24:00,0.300,0.000,243.530,1.400,0.000,0.000,1.0
2009-05-14,23:25:00,0.256,0.050,243.620,1.000,0.000,0.000,0.0
2009-05-14,23:26:00,0.308,0.000,243.510,1.600,0.000,0.000,1.0
2009-05-14,23:27:00,0.256,0.048,243.500,1.000,0.000,0.000,1.0
2009-05-14,23:28:00,0.286,0.000,243.600,1.400,0.000,0.000,0.0
2009-05-14,23:29:00,0.288,0.048,244.150,1.400,0.000,0.000,1.0
2009-05-14,23:30:00,0.274,0.000,244.090,1.200,0.000,1.000,1.0
2009-05-14,23:31:00,0.274,0.048,243.550,1.200,0.000,0.000,1.0
2009-05-14,23:32:00,0.284,0.000,243.490,1.200,0.000,0.000,0.0
2009-05-14,23:33:00,0.328,0.000,243.250,1.600,0.000,0.000,1.0
2009-05-14,23:34:00,0.402,0.092,243.250,1.800,0.000,0.000,1.0
2009-05-14,23:35:00,0.444,0.184,243.200,2.000,0.000,0.000,0.0
2009-05-14,23:36:00,0.472,0.198,243.440,2.200,0.000,1.000,1.0
2009-05-14,23:37:00,0.456,0.198,243.660,2.000,0.000,0.000,1.0
2009-05-14,23:38:00,0.456,0.198,244.110,2.000,0.000,0.000,0.0
2009-05-14,23:39:00,0.458,0.202,244.420,2.000,0.000,0.000,1.0
2009-05-14,23:40:00,0.436,0.198,244.730,2.000,0.000,0.000,1.0
2009-05-14,23:41:00,0.466,0.206,245.200,2.200,0.000,1.000,0.0
2009-05-14,23:42:00,0.434,0.200,245.310,2.000,0.000,0.000,1.0
2009-05-14,23:43:00,0.462,0.204,245.000,2.200,0.000,0.000,1.0
2009-05-14,23:44:00,0.418,0.200,245.010,1.800,0.000,0.000,0.0
2009-05-14,23:45:00,0.458,0.202,244.650,2.200,0.000,0.000,1.0
2009-05-14,23:46:00,0.396,0.150,244.450,1.800,0.000,0.000,1.0
2009-05-14,23:47:00,0.374,0.094,243.950,1.600,0.000,1.000,0.0
2009-05-14,23:48:00,0.354,0.088,243.710,1.600,0.000,0.000,1.0
2009-05-14,23:49:00,0.514,0.094,243.700,2.200,0.000,3.000,1.0
2009-05-14,23:50:00,0.470,0.000,243.890,2.000,0.000,3.000,0.0
2009-05-14,23:51:00,0.480,0.000,243.780,2.000,0.000,4.000,1.0
2009-05-14,23:52:00,0.482,0.000,243.980,2.000,0.000,3.000,1.0
2009-05-14,23:53:00,0.478,0.000,244.020,2.000,0.000,4.000,0.0
2009-05-14,23:54:00,0.480,0.000,244.200,2.000,0.000,3.000,1.0
2009-05-14,23:55:00,0.468,0.000,244.100,1.800,0.000,4.000,1.0
2009-05-14,23:56:00,0.490,0.000,243.420,2.200,0.000,3.000,0.0
2009-05-14,23:57:00,0.282,0.000,243.970,1.200,0.000,1.000,1.0
2009-05-14,23:58:00,0.260,0.000,244.160,1.200,0.000,0.000,1.0
2009-05-14,23:59:00,0.774,0.080,243.600,3.400,0.000,1.000,8.0
