Date,Time,Global_active_power,Global_reactive_power,Voltage,Global_intensity,Sub_metering_1,Sub_metering_2,Sub_metering_3
2009-05-17,00:00:00,1.736,0.114,240.860,7.200,0.000,0.000,0.0
2009-05-17,00:01:00,1.732,0.116,240.830,7.200,0.000,0.000,1.0
2009-05-17,00:02:00,1.732,0.114,240.810,7.200,0.000,0.000,1.0
2009-05-17,00:03:00,1.734,0.114,241.010,7.200,0.000,0.000,0.0
2009-05-17,00:04:00,1.734,0.116,241.110,7.200,0.000,0.000,1.0
2009-05-17,00:05:00,1.732,0.114,241.210,7.200,0.000,0.000,1.0
2009-05-17,00:06:00,1.792,0.184,240.790,7.400,0.000,0.000,0.0
2009-05-17,00:07:00,1.798,0.216,240.560,7.400,0.000,0.000,1.0
2009-05-17,00:08:00,1.800,0.216,240.620,7.400,0.000,0.000,1.0
2009-05-17,00:09:00,1.802,0.218,240.920,7.400,0.000,0.000,0.0
2009-05-17,00:10:00,1.800,0.220,241.210,7.400,0.000,0.000,1.0
2009-05-17,00:11:00,1.800,0.218,241.140,7.400,0.000,0.000,1.0
2009-05-17,00:12:00,1.804,0.220,241.630,7.400,0.000,0.000,0.0
2009-05-17,00:13:00,1.730,0.116,241.570,7.200,0.000,0.000,1.0
2009-05-17,00:14:00,1.892,0.082,241.600,7.800,0.000,0.000,1.0
2009-05-17,00:15:00,2.000,0.076,241.340,8.200,0.000,0.000,0.0
2009-05-17,00:16:00,1.806,0.082,241.560,7.400,0.000,0.000,1.0
2009-05-17,00:17:00,1.784,0.082,240.920,7.400,0.000,0.000,1.0
2009-05-17,00:18:00,1.678,0.082,240.440,7.000,0.000,0.000,0.0
2009-05-17,00:19:00,1.492,0.084,240.400,6.200,0.000,0.000,1.0
2009-05-17,00:20:00,1.426,0.084,240.550,5.800,0.000,0.000,1.0
2009-05-17,00:21:00,1.474,0.098,240.530,6.200,0.000,0.000,1.0
2009-05-17,00:22:00,1.960,0.214,240.060,8.200,0.000,0.000,10.0
2009-05-17,00:23:00,2.030,0.216,240.270,8.400,0.000,0.000,11.0
2009-05-17,00:24:00,2.046,0.216,240.360,8.400,0.000,0.000,11.0
2009-05-17,00:25:00,1.700,0.216,240.840,7.000,0.000,0.000,11.0
2009-05-17,00:26:00,1.506,0.136,241.140,6.400,0.000,0.000,10.0
2009-05-17,00:27:00,0.972,0.000,242.270,4.000,0.000,0.000,1.0
2009-05-17,00:28:00,0.970,0.000,242.280,4.000,0.000,0.000,0.0
2009-05-17,00:29:00,0.912,0.000,242.130,3.600,0.000,0.000,1.0
2009-05-17,00:30:00,0.902,0.000,241.970,3.600,0.000,0.000,1.0
2009-05-17,00:31:00,0.860,0.000,242.140,3.600,0.000,0.000,0.0
2009-05-17,00:32:00,0.806,0.000,242.040,3.400,0.000,0.000,1.0
2009-05-17,00:33:00,0.866,0.130,241.870,3.600,0.000,0.000,1.0
2009-05-17,00:34:00,0.854,0.182,241.980,3.600,0.000,0.000,0.0
2009-05-17,00:35:00,0.772,0.130,242.130,3.200,0.000,0.000,1.0
2009-05-17,00:36:00,1.398,0.130,241.860,5.800,0.000,0.000,1.0
2009-05-17,00:37:00,1.428,0.168,241.910,6.000,0.000,0.000,0.0
2009-05-17,00:38:00,1.120,0.168,242.150,4.600,0.000,0.000,1.0
2009-05-17,00:39:00,1.020,0.166,242.080,4.200,0.000,0.000,1.0
2009-05-17,00:40:00,1.120,0.276,242.560,4.800,0.000,0.000,0.0
2009-05-17,00:41:00,0.996,0.292,242.510,4.200,0.000,1.000,1.0
2009-05-17,00:42:00,0.840,0.290,242.420,3.600,0.000,1.000,1.0
2009-05-17,00:43:00,0.822,0.292,242.680,3.600,0.000,2.000,0.0
2009-05-17,00:44:00,0.822,0.294,242.790,3.600,0.000,1.000,1.0
2009-05-17,00:45:00,0.822,0.292,242.660,3.600,0.000,2.000,1.0
2009-05-17,00:46:00,0.744,0.294,242.660,3.200,0.000,1.000,0.0
2009-05-17,00:47:00,0.708,0.292,242.210,3.000,0.000,2.000,1.0
2009-05-17,00:48:00,0.552,0.196,242.300,2.400,0.000,1.000,1.0
2009-05-17,00:49:00,0.512,0.160,242.370,2.200,0.000,1.000,0.0
2009-05-17,00:50:00,0.512,0.160,242.560,2.200,0.000,2.000,1.0
2009-05-17,00:51:00,0.512,0.162,242.800,2.200,0.000,1.000,1.0
2009-05-17,00:52:00,0.510,0.160,242.710,2.200,0.000,2.000,0.0
2009-05-17,00:53:00,0.508,0.160,242.460,2.200,0.000,1.000,1.0
2009-05-17,00:54:00,0.508,0.160,242.410,2.200,0.000,1.000,1.0
2009-05-17,00:55:00,0.508,0.162,242.760,2.200,0.000,2.000,0.0
2009-05-17,00:56:00,0.506,0.162,242.800,2.200,0.000,1.000,1.0
2009-05-17,00:57:00,0.456,0.184,242.960,2.000,0.000,1.000,1.0
2009-05-17,00:58:00,0.476,0.256,243.010,2.200,0.000,2.000,0.0
2009-05-17,00:59:00,0.478,0.256,243.080,2.200,0.000,1.000,1.0
2009-05-17,01:00:00,0.478,0.256,243.250,2.200,0.000,1.000,1.0
2009-05-17,01:01:00,0.476,0.258,243.570,2.200,0.000,1.000,0.0
2009-05-17,01:02:00,0.474,0.258,243.400,2.200,0.000,2.000,1.0
2009-05-17,01:03:00,0.470,0.254,242.770,2.200,0.000,1.000,1.0
2009-05-17,01:04:00,0.468,0.252,242.450,2.200,0.000,1.000,0.0
2009-05-17,01:05:00,0.464,0.250,241.800,2.200,0.000,1.000,1.0
2009-05-17,01:06:00,0.442,0.216,242.010,2.000,0.000,1.000,1.0
2009-05-17,01:07:00,0.392,0.130,242.960,1.600,0.000,0.000,0.0
2009-05-17,01:08:00,0.394,0.134,243.910,1.600,0.000,0.000,1.0
2009-05-17,01:09:00,0.492,0.240,244.160,2.200,0.000,0.000,1.0
2009-05-17,01:10:00,0.460,0.204,244.620,2.000,0.000,0.000,0.0
2009-05-17,01:11:00,0.432,0.166,244.270,1.800,0.000,0.000,1.0
2009-05-17,01:12:00,0.430,0.166,244.180,1.800,0.000,0.000,1.0
2009-05-17,01:13:00,0.430,0.166,244.240,1.800,0.000,0.000,0.0
2009-05-17,01:14:00,0.430,0.170,244.740,1.800,0.000,0.000,1.0
2009-05-17,01:15:00,0.428,0.170,244.810,1.800,0.000,0.000,1.0
2009-05-17,01:16:00,0.420,0.162,245.000,1.800,0.000,0.000,0.0
2009-05-17,01:17:00,0.400,0.140,244.710,1.600,0.000,0.000,1.0
2009-05-17,01:18:00,0.432,0.140,244.610,1.800,0.000,0.000,1.0
2009-05-17,01:19:00,0.436,0.138,244.140,1.800,0.000,0.000,0.0
2009-05-17,01:20:00,0.396,0.136,243.820,1.600,0.000,0.000,1.0
2009-05-17,01:21:00,0.382,0.134,244.170,1.600,0.000,0.000,1.0
2009-05-17,01:22:00,0.368,0.130,243.650,1.600,0.000,0.000,0.0
2009-05-17,01:23:00,0.314,0.048,243.550,1.400,0.000,0.000,1.0
2009-05-17,01:24:00,0.274,0.000,243.960,1.200,0.000,0.000,1.0
2009-05-17,01:25:00,0.276,0.000,244.480,1.200,0.000,0.000,0.0
2009-05-17,01:26:00,0.276,0.000,244.240,1.200,0.000,0.000,1.0
2009-05-17,01:27:00,0.276,0.000,244.440,1.200,0.000,0.000,1.0
2009-05-17,01:28:00,0.278,0.000,245.000,1.200,0.000,0.000,0.0
2009-05-17,01:29:00,0.276,0.000,244.410,1.200,0.000,0.000,1.0
2009-05-17,01:30:00,0.274,0.000,244.030,1.200,0.000,0.000,1.0
2009-05-17,01:31:00,0.276,0.000,244.740,1.200,0.000,0.000,1.0
2009-05-17,01:32:00,0.276,0.000,245.160,1.200,0.000,0.000,0.0
2009-05-17,01:33:00,0.276,0.000,244.830,1.200,0.000,0.000,1.0
2009-05-17,01:34:00,0.276,0.000,245.010,1.200,0.000,0.000,1.0
2009-05-17,01:35:00,0.276,0.000,245.550,1.200,0.000,0.000,0.0
2009-05-17,01:36:00,0.272,0.000,243.590,1.000,0.000,0.000,1.0
2009-05-17,01:37:00,0.272,0.000,242.990,1.000,0.000,0.000,1.0
2009-05-17,01:38:00,0.270,0.000,242.900,1.000,0.000,0.000,0.0
2009-05-17,01:39:00,0.272,0.000,243.180,1.000,0.000,0.000,1.0
2009-05-17,01:40:00,0.270,0.000,242.640,1.000,0.000,0.000,1.0
2009-05-17,01:41:00,0.310,0.000,242.350,1.400,0.000,0.000,0.0
2009-05-17,01:42:00,0.346,0.094,242.440,1.400,0.000,0.000,1.0
2009-05-17,01:43:00,0.348,0.096,242.970,1.400,0.000,0.000,1.0
2009-05-17,01:44:00,0.400,0.146,242.960,1.800,0.000,0.000,0.0
2009-05-17,01:45:00,0.454,0.228,242.200,2.000,0.000,0.000,1.0
2009-05-17,01:46:00,0.450,0.230,242.380,2.000,0.000,0.000,1.0
2009-05-17,01:47:00,0.448,0.234,243.230,2.000,0.000,0.000,0.0
2009-05-17,01:48:00,0.444,0.232,242.750,2.000,0.000,0.000,1.0
2009-05-17,01:49:00,0.440,0.230,242.410,2.000,0.000,0.000,1.0
2009-05-17,01:50:00,0.438,0.230,242.450,2.000,0.000,0.000,0.0
2009-05-17,01:51:00,0.438,0.234,242.900,2.000,0.000,0.000,1.0
2009-05-17,01:52:00,0.434,0.230,242.250,2.000,0.000,0.000,1.0
2009-05-17,01:53:00,0.432,0.230,242.070,2.000,0.000,0.000,0.0
2009-05-17,01:54:00,0.378,0.146,242.240,1.600,0.000,0.000,1.0
2009-05-17,01:55:00,0.364,0.128,242.710,1.600,0.000,0.000,1.0
2009-05-17,01:56:00,0.364,0.128,242.730,1.600,0.000,0.000,0.0
2009-05-17,01:57:00,0.364,0.128,242.940,1.600,0.000,0.000,1.0
2009-05-17,01:58:00,0.332,0.082,243.550,1.400,0.000,0.000,1.0
2009-05-17,01:59:00,0.274,0.000,244.410,1.000,0.000,0.000,0.0
2009-05-17,02:00:00,0.274,0.000,244.460,1.000,0.000,0.000,1.0
2009-05-17,02:01:00,0.274,0.000,244.570,1.000,0.000,0.000,1.0
2009-05-17,02:02:00,0.274,0.000,244.760,1.000,0.000,0.000,0.0
2009-05-17,02:03:00,0.274,0.000,244.980,1.000,0.000,0.000,1.0
2009-05-17,02:04:00,0.274,0.000,244.750,1.000,0.000,0.000,1.0
2009-05-17,02:05:00,0.272,0.000,244.230,1.000,0.000,0.000,0.0
2009-05-17,02:06:00,0.272,0.000,244.170,1.000,0.000,0.000,1.0
2009-05-17,02:07:00,0.272,0.000,244.350,1.000,0.000,0.000,1.0
2009-05-17,02:08:00,0.270,0.000,242.980,1.000,0.000,0.000,0.0
2009-05-17,02:09:00,0.270,0.000,243.070,1.000,0.000,0.000,1.0
2009-05-17,02:10:00,0.270,0.000,243.480,1.000,0.000,0.000,1.0
2009-05-17,02:11:00,0.270,0.000,244.070,1.000,0.000,0.000,0.0
2009-05-17,02:12:00,0.270,0.000,243.930,1.000,0.000,0.000,1.0
2009-05-17,02:13:00,0.270,0.000,243.770,1.000,0.000,0.000,1.0
2009-05-17,02:14:00,0.270,0.000,243.890,1.000,0.000,0.000,0.0
2009-05-17,02:15:00,0.272,0.000,244.250,1.000,0.000,0.000,1.0
2009-05-17,02:16:00,0.270,0.000,243.880,1.000,0.000,0.000,1.0
2009-05-17,02:17:00,0.268,0.000,242.810,1.000,0.000,0.000,0.0
2009-05-17,02:18:00,0.268,0.000,242.070,1.000,0.000,0.000,1.0
2009-05-17,02:19:00,0.268,0.000,242.220,1.000,0.000,0.000,1.0
2009-05-17,02:20:00,0.364,0.094,241.510,1.600,0.000,0.000,0.0
2009-05-17,02:21:00,0.376,0.124,241.910,1.600,0.000,0.000,1.0
2009-05-17,02:22:00,0.372,0.124,242.400,1.600,0.000,0.000,1.0
2009-05-17,02:23:00,0.370,0.124,242.200,1.600,0.000,0.000,0.0
2009-05-17,02:24:00,0.370,0.126,242.400,1.600,0.000,0.000,1.0
2009-05-17,02:25:00,0.368,0.126,242.480,1.600,0.000,0.000,1.0
2009-05-17,02:26:00,0.434,0.196,242.450,2.000,0.000,0.000,0.0
2009-05-17,02:27:00,0.442,0.230,242.360,2.000,0.000,0.000,1.0
2009-05-17,02:28:00,0.442,0.230,242.130,2.000,0.000,0.000,1.0
2009-05-17,02:29:00,0.438,0.230,241.990,2.000,0.000,0.000,0.0
2009-05-17,02:30:00,0.436,0.228,241.840,2.000,0.000,0.000,1.0
2009-05-17,02:31:00,0.508,0.248,241.730,2.400,0.000,0.000,1.0
2009-05-17,02:32:00,1.024,0.368,241.810,4.400,0.000,0.000,11.0
2009-05-17,02:33:00,1.042,0.370,242.000,4.600,0.000,0.000,11.0
2009-05-17,02:34:00,0.976,0.232,241.640,4.000,0.000,0.000,11.0
2009-05-17,02:35:00,0.984,0.226,241.310,4.200,0.000,0.000,12.0
2009-05-17,02:36:00,0.810,0.192,241.730,3.600,0.000,0.000,9.0
2009-05-17,02:37:00,0.336,0.096,242.340,1.400,0.000,0.000,0.0
2009-05-17,02:38:00,0.304,0.048,242.300,1.200,0.000,0.000,1.0
2009-05-17,02:39:00,0.266,0.000,242.240,1.000,0.000,0.000,1.0
2009-05-17,02:40:00,0.266,0.000,241.960,1.000,0.000,0.000,0.0
2009-05-17,02:41:00,0.268,0.000,242.490,1.000,0.000,0.000,1.0
2009-05-17,02:42:00,0.268,0.000,242.900,1.000,0.000,0.000,1.0
2009-05-17,02:43:00,0.270,0.000,243.270,1.000,0.000,0.000,0.0
2009-05-17,02:44:00,0.326,0.052,243.120,1.400,0.000,0.000,1.0
2009-05-17,02:45:00,0.358,0.118,243.840,1.400,0.000,1.000,1.0
2009-05-17,02:46:00,0.356,0.120,244.440,1.400,0.000,2.000,0.0
2009-05-17,02:47:00,0.360,0.122,244.700,1.600,0.000,1.000,1.0
2009-05-17,02:48:00,0.362,0.120,244.600,1.600,0.000,2.000,1.0
2009-05-17,02:49:00,0.360,0.120,244.260,1.600,0.000,1.000,0.0
2009-05-17,02:50:00,0.358,0.118,243.330,1.600,0.000,1.000,1.0
2009-05-17,02:51:00,0.358,0.118,243.440,1.400,0.000,2.000,1.0
2009-05-17,02:52:00,0.358,0.118,243.400,1.400,0.000,1.000,0.0
2009-05-17,02:53:00,0.356,0.116,242.980,1.400,0.000,2.000,1.0
2009-05-17,02:54:00,0.354,0.116,242.930,1.400,0.000,1.000,1.0
2009-05-17,02:55:00,0.396,0.154,242.100,1.800,0.000,1.000,0.0
2009-05-17,02:56:00,0.462,0.250,242.150,2.200,0.000,2.000,1.0
2009-05-17,02:57:00,1.118,0.240,241.530,5.200,0.000,1.000,11.0
2009-05-17,02:58:00,1.566,0.234,241.160,6.400,0.000,2.000,19.0
2009-05-17,02:59:00,1.548,0.234,241.020,6.400,0.000,1.000,19.0
2009-05-17,03:00:00,1.526,0.232,240.570,6.400,0.000,1.000,19.0
2009-05-17,03:01:00,1.520,0.232,240.820,6.400,0.000,2.000,18.0
2009-05-17,03:02:00,1.516,0.232,240.900,6.200,0.000,1.000,19.0
2009-05-17,03:03:00,1.512,0.232,240.860,6.200,0.000,1.000,18.0
2009-05-17,03:04:00,1.508,0.232,240.860,6.200,0.000,1.000,19.0
2009-05-17,03:05:00,1.504,0.232,240.710,6.200,0.000,2.000,18.0
2009-05-17,03:06:00,1.504,0.232,240.970,6.200,0.000,1.000,19.0
2009-05-17,03:07:00,1.508,0.234,241.350,6.200,0.000,1.000,18.0
2009-05-17,03:08:00,1.510,0.236,241.700,6.200,0.000,1.000,19.0
2009-05-17,03:09:00,1.454,0.148,242.030,6.000,0.000,2.000,18.0
2009-05-17,03:10:00,1.412,0.086,241.990,5.800,0.000,1.000,19.0
2009-05-17,03:11:00,1.410,0.000,242.160,5.800,0.000,0.000,19.0
2009-05-17,03:12:00,1.418,0.084,241.630,5.800,0.000,0.000,18.0
2009-05-17,03:13:00,1.420,0.084,241.600,5.800,0.000,0.000,19.0
2009-05-17,03:14:00,1.422,0.084,241.940,5.800,0.000,0.000,18.0
2009-05-17,03:15:00,1.424,0.084,242.150,5.800,0.000,0.000,19.0
2009-05-17,03:16:00,1.422,0.084,242.180,5.800,0.000,0.000,19.0
2009-05-17,03:17:00,1.416,0.084,241.780,5.800,0.000,0.000,18.0
2009-05-17,03:18:00,1.414,0.082,241.630,5.800,0.000,0.000,19.0
2009-05-17,03:19:00,1.412,0.082,241.590,5.800,0.000,0.000,18.0
2009-05-17,03:20:00,1.412,0.082,241.550,5.800,0.000,0.000,19.0
2009-05-17,03:21:00,1.408,0.082,241.330,5.800,0.000,0.000,18.0
2009-05-17,03:22:00,1.404,0.080,241.170,5.800,0.000,0.000,19.0
2009-05-17,03:23:00,1.340,0.000,241.200,5.400,0.000,0.000,18.0
2009-05-17,03:24:00,1.340,0.000,241.350,5.400,0.000,0.000,19.0
2009-05-17,03:25:00,0.852,0.000,241.910,4.000,0.000,0.000,11.0
2009-05-17,03:26:00,0.268,0.000,242.930,1.000,0.000,0.000,1.0
2009-05-17,03:27:00,0.268,0.000,242.790,1.000,0.000,0.000,0.0
2009-05-17,03:28:00,0.268,0.000,242.710,1.000,0.000,0.000,1.0
2009-05-17,03:29:00,0.270,0.000,243.010,1.000,0.000,0.000,1.0
2009-05-17,03:30:00,0.270,0.000,243.100,1.000,0.000,0.000,0.0
2009-05-17,03:31:00,0.368,0.102,243.120,1.600,0.000,0.000,1.0
2009-05-17,03:32:00,0.378,0.130,243.210,1.600,0.000,0.000,1.0
2009-05-17,03:33:00,0.374,0.128,242.850,1.600,0.000,0.000,0.0
2009-05-17,03:34:00,0.372,0.128,242.640,1.600,0.000,0.000,1.0
2009-05-17,03:35:00,0.372,0.130,243.190,1.600,0.000,0.000,1.0
2009-05-17,03:36:00,0.370,0.130,243.200,1.600,0.000,0.000,0.0
2009-05-17,03:37:00,0.368,0.128,243.110,1.600,0.000,0.000,1.0
2009-05-17,03:38:00,0.368,0.130,243.160,1.600,0.000,0.000,1.0
2009-05-17,03:39:00,0.366,0.128,242.950,1.600,0.000,0.000,0.0
2009-05-17,03:40:00,0.364,0.128,242.730,1.600,0.000,0.000,1.0
2009-05-17,03:41:00,0.364,0.126,242.500,1.600,0.000,0.000,1.0
2009-05-17,03:42:00,0.362,0.128,242.540,1.600,0.000,0.000,0.0
2009-05-17,03:43:00,0.364,0.128,242.700,1.600,0.000,0.000,1.0
2009-05-17,03:44:00,0.334,0.082,242.670,1.400,0.000,0.000,1.0
2009-05-17,03:45:00,0.270,0.000,242.600,1.000,0.000,0.000,0.0
2009-05-17,03:46:00,0.270,0.000,242.640,1.000,0.000,0.000,1.0
2009-05-17,03:47:00,0.270,0.000,242.230,1.000,0.000,0.000,1.0
2009-05-17,03:48:00,0.268,0.000,242.130,1.000,0.000,0.000,0.0
2009-05-17,03:49:00,0.270,0.000,242.210,1.000,0.000,0.000,1.0
2009-05-17,03:50:00,0.270,0.000,242.690,1.000,0.000,0.000,1.0
2009-05-17,03:51:00,0.270,0.000,242.690,1.000,0.000,0.000,0.0
2009-05-17,03:52:00,0.270,0.000,242.440,1.000,0.000,0.000,1.0
2009-05-17,03:53:00,0.268,0.000,242.160,1.000,0.000,0.000,1.0
2009-05-17,03:54:00,0.268,0.000,242.180,1.000,0.000,0.000,0.0
2009-05-17,03:55:00,0.270,0.000,242.380,1.000,0.000,0.000,1.0
2009-05-17,03:56:00,0.346,0.076,242.240,1.600,0.000,0.000,1.0
2009-05-17,03:57:00,0.344,0.096,242.130,1.400,0.000,0.000,0.0
2009-05-17,03:58:00,0.346,0.096,242.150,1.400,0.000,0.000,1.0
2009-05-17,03:59:00,0.344,0.096,242.290,1.400,0.000,0.000,1.0
2009-05-17,04:00:00,0.342,0.094,242.100,1.400,0.000,0.000,0.0
2009-05-17,04:01:00,0.342,0.096,242.280,1.400,0.000,0.000,1.0
2009-05-17,04:02:00,0.340,0.096,242.310,1.400,0.000,0.000,1.0
2009-05-17,04:03:00,0.340,0.094,242.140,1.400,0.000,0.000,0.0
2009-05-17,04:04:00,0.338,0.096,242.230,1.400,0.000,0.000,1.0
2009-05-17,04:05:00,0.338,0.096,242.330,1.400,0.000,0.000,1.0
2009-05-17,04:06:00,0.426,0.190,242.340,2.000,0.000,0.000,0.0
2009-05-17,04:07:00,0.404,0.166,242.500,1.800,0.000,0.000,1.0
2009-05-17,04:08:00,0.374,0.126,242.370,1.600,0.000,0.000,1.0
2009-05-17,04:09:00,0.372,0.128,242.750,1.600,0.000,0.000,0.0
2009-05-17,04:10:00,0.372,0.128,242.750,1.600,0.000,0.000,1.0
2009-05-17,04:11:00,0.370,0.128,242.820,1.600,0.000,0.000,1.0
2009-05-17,04:12:00,0.368,0.128,242.670,1.600,0.000,0.000,0.0
2009-05-17,04:13:00,0.366,0.128,242.560,1.600,0.000,0.000,1.0
2009-05-17,04:14:00,0.366,0.126,242.290,1.600,0.000,0.000,1.0
2009-05-17,04:15:00,0.364,0.126,242.290,1.600,0.000,0.000,0.0
2009-05-17,04:16:00,0.364,0.126,242.380,1.600,0.000,0.000,1.0
2009-05-17,04:17:00,0.362,0.126,242.110,1.600,0.000,0.000,1.0
2009-05-17,04:18:00,0.362,0.124,241.810,1.600,0.000,0.000,0.0
2009-05-17,04:19:00,0.352,0.110,241.690,1.400,0.000,0.000,1.0
2009-05-17,04:20:00,0.268,0.000,241.740,1.000,0.000,0.000,1.0
2009-05-17,04:21:00,0.266,0.000,241.640,1.000,0.000,0.000,0.0
2009-05-17,04:22:00,0.268,0.000,241.920,1.000,0.000,0.000,1.0
2009-05-17,04:23:00,0.268,0.000,241.850,1.000,0.000,0.000,1.0
2009-05-17,04:24:00,0.268,0.000,242.180,1.000,0.000,0.000,0.0
2009-05-17,04:25:00,0.268,0.000,242.090,1.000,0.000,0.000,1.0
2009-05-17,04:26:00,0.268,0.000,241.860,1.000,0.000,0.000,1.0
2009-05-17,04:27:00,0.268,0.000,242.020,1.000,0.000,0.000,0.0
2009-05-17,04:28:00,0.268,0.000,242.260,1.000,0.000,0.000,1.0
2009-05-17,04:29:00,0.268,0.000,241.860,1.000,0.000,0.000,1.0
2009-05-17,04:30:00,0.268,0.000,242.020,1.000,0.000,0.000,0.0
2009-05-17,04:31:00,0.268,0.000,242.050,1.000,0.000,0.000,1.0
2009-05-17,04:32:00,0.268,0.000,242.270,1.000,0.000,0.000,1.0
2009-05-17,04:33:00,0.266,0.000,241.790,1.000,0.000,0.000,0.0
2009-05-17,04:34:00,0.266,0.000,241.450,1.000,0.000,0.000,1.0
2009-05-17,04:35:00,0.266,0.000,241.820,1.000,0.000,0.000,1.0
2009-05-17,04:36:00,0.266,0.000,241.870,1.000,0.000,0.000,0.0
2009-05-17,04:37:00,0.266,0.000,241.790,1.000,0.000,0.000,1.0
2009-05-17,04:38:00,0.266,0.000,241.790,1.000,0.000,0.000,1.0
2009-05-17,04:39:00,0.268,0.000,241.940,1.000,0.000,0.000,0.0
2009-05-17,04:40:00,0.268,0.000,241.920,1.000,0.000,0.000,1.0
2009-05-17,04:41:00,0.346,0.072,241.870,1.600,0.000,0.000,1.0
2009-05-17,04:42:00,0.464,0.226,241.590,2.200,0.000,0.000,0.0
2009-05-17,04:43:00,0.452,0.228,241.550,2.000,0.000,0.000,1.0
2009-05-17,04:44:00,0.448,0.228,241.740,2.000,0.000,0.000,1.0
2009-05-17,04:45:00,0.446,0.230,241.770,2.000,0.000,0.000,0.0
2009-05-17,04:46:00,0.446,0.234,242.640,2.000,0.000,0.000,1.0
2009-05-17,04:47:00,0.442,0.234,242.730,2.000,0.000,0.000,1.0
2009-05-17,04:48:00,0.440,0.232,242.490,2.000,0.000,0.000,0.0
2009-05-17,04:49:00,0.440,0.236,243.120,2.000,0.000,0.000,1.0
2009-05-17,04:50:00,0.520,0.338,243.940,2.600,0.000,0.000,1.0
2009-05-17,04:51:00,0.524,0.366,243.900,2.600,0.000,1.000,0.0
2009-05-17,04:52:00,0.494,0.324,243.770,2.400,0.000,1.000,1.0
2009-05-17,04:53:00,0.452,0.258,243.740,2.000,0.000,2.000,1.0
2009-05-17,04:54:00,0.454,0.260,243.990,2.000,0.000,1.000,0.0
2009-05-17,04:55:00,0.398,0.180,244.220,1.800,0.000,2.000,1.0
2009-05-17,04:56:00,0.358,0.122,244.510,1.600,0.000,1.000,1.0
2009-05-17,04:57:00,0.358,0.122,244.500,1.400,0.000,2.000,0.0
2009-05-17,04:58:00,0.358,0.122,244.180,1.400,0.000,1.000,1.0
2009-05-17,04:59:00,0.356,0.120,243.760,1.400,0.000,1.000,1.0
2009-05-17,05:00:00,0.356,0.120,244.100,1.400,0.000,2.000,0.0
2009-05-17,05:01:00,0.354,0.118,243.380,1.400,0.000,1.000,1.0
2009-05-17,05:02:00,0.352,0.116,243.060,1.400,0.000,2.000,1.0
2009-05-17,05:03:00,0.352,0.116,243.250,1.400,0.000,1.000,0.0
2009-05-17,05:04:00,0.352,0.118,243.750,1.400,0.000,1.000,1.0
2009-05-17,05:05:00,0.350,0.118,243.760,1.400,0.000,2.000,1.0
2009-05-17,05:06:00,0.438,0.144,243.450,2.200,0.000,1.000,1.0
2009-05-17,05:07:00,0.940,0.264,243.040,4.000,0.000,1.000,11.0
2009-05-17,05:08:00,0.958,0.264,243.210,4.000,0.000,2.000,11.0
2009-05-17,05:09:00,0.986,0.262,243.230,4.200,0.000,1.000,11.0
2009-05-17,05:10:00,0.994,0.254,242.540,4.200,0.000,1.000,12.0
2009-05-17,05:11:00,0.830,0.218,242.540,3.600,0.000,1.000,9.0
2009-05-17,05:12:00,0.344,0.116,242.930,1.400,0.000,2.000,1.0
2009-05-17,05:13:00,0.342,0.114,242.710,1.400,0.000,1.000,0.0
2009-05-17,05:14:00,0.342,0.114,242.310,1.400,0.000,1.000,1.0
2009-05-17,05:15:00,0.342,0.114,242.420,1.400,0.000,1.000,1.0
2009-05-17,05:16:00,0.328,0.090,242.800,1.400,0.000,1.000,0.0
2009-05-17,05:17:00,0.366,0.098,242.710,1.600,0.000,0.000,1.0
2009-05-17,05:18:00,0.376,0.126,242.250,1.600,0.000,0.000,1.0
2009-05-17,05:19:00,0.372,0.126,242.280,1.600,0.000,0.000,0.0
2009-05-17,05:20:00,0.372,0.126,242.390,1.600,0.000,0.000,1.0
2009-05-17,05:21:00,0.370,0.126,242.050,1.600,0.000,0.000,1.0
2009-05-17,05:22:00,0.368,0.126,242.250,1.600,0.000,0.000,0.0
2009-05-17,05:23:00,0.366,0.126,242.150,1.600,0.000,0.000,1.0
2009-05-17,05:24:00,0.366,0.126,242.260,1.600,0.000,0.000,1.0
2009-05-17,05:25:00,0.364,0.126,242.240,1.600,0.000,0.000,0.0
2009-05-17,05:26:00,0.442,0.210,241.930,2.000,0.000,0.000,1.0
2009-05-17,05:27:00,0.438,0.230,241.980,2.000,0.000,0.000,1.0
2009-05-17,05:28:00,0.438,0.230,242.180,2.000,0.000,0.000,0.0
2009-05-17,05:29:00,0.438,0.230,242.120,2.000,0.000,0.000,1.0
2009-05-17,05:30:00,0.394,0.170,242.320,1.800,0.000,0.000,1.0
2009-05-17,05:31:00,0.342,0.098,242.680,1.400,0.000,0.000,0.0
2009-05-17,05:32:00,0.342,0.096,242.520,1.400,0.000,0.000,1.0
2009-05-17,05:33:00,0.340,0.096,242.250,1.400,0.000,0.000,1.0
2009-05-17,05:34:00,0.338,0.096,242.350,1.400,0.000,0.000,0.0
2009-05-17,05:35:00,0.340,0.096,242.300,1.400,0.000,0.000,1.0
2009-05-17,05:36:00,0.338,0.096,242.230,1.400,0.000,0.000,1.0
2009-05-17,05:37:00,0.294,0.000,242.400,1.200,0.000,0.000,0.0
2009-05-17,05:38:00,0.270,0.000,242.410,1.000,0.000,0.000,1.0
2009-05-17,05:39:00,0.270,0.000,242.660,1.000,0.000,0.000,1.0
2009-05-17,05:40:00,0.270,0.000,242.470,1.000,0.000,0.000,0.0
2009-05-17,05:41:00,0.270,0.000,242.790,1.000,0.000,0.000,1.0
2009-05-17,05:42:00,0.270,0.000,243.230,1.000,0.000,0.000,1.0
2009-05-17,05:43:00,0.272,0.000,243.490,1.000,0.000,0.000,0.0
2009-05-17,05:44:00,0.272,0.000,243.470,1.000,0.000,0.000,1.0
2009-05-17,05:45:00,0.272,0.000,243.470,1.000,0.000,0.000,1.0
2009-05-17,05:46:00,0.272,0.000,243.530,1.000,0.000,0.000,0.0
2009-05-17,05:47:00,0.272,0.000,243.690,1.000,0.000,0.000,1.0
2009-05-17,05:48:00,0.272,0.000,243.570,1.000,0.000,0.000,1.0
2009-05-17,05:49:00,0.272,0.000,243.400,1.000,0.000,0.000,0.0
2009-05-17,05:50:00,0.272,0.000,243.360,1.000,0.000,0.000,1.0
2009-05-17,05:51:00,0.270,0.000,243.070,1.000,0.000,0.000,1.0
2009-05-17,05:52:00,0.270,0.000,243.750,1.000,0.000,0.000,0.0
2009-05-17,05:53:00,0.390,0.128,243.990,1.800,0.000,0.000,1.0
2009-05-17,05:54:00,0.380,0.132,243.440,1.600,0.000,0.000,1.0
2009-05-17,05:55:00,0.376,0.130,243.200,1.600,0.000,0.000,0.0
2009-05-17,05:56:00,0.374,0.130,243.120,1.600,0.000,0.000,1.0
2009-05-17,05:57:00,0.370,0.128,242.880,1.600,0.000,0.000,1.0
2009-05-17,05:58:00,0.370,0.128,242.780,1.600,0.000,0.000,1.0
2009-05-17,05:59:00,0.368,0.128,242.820,1.600,0.000,0.000,0.0
2009-05-17,06:00:00,0.368,0.130,243.040,1.600,0.000,0.000,1.0
2009-05-17,06:01:00,0.366,0.130,243.070,1.600,0.000,0.000,1.0
2009-05-17,06:02:00,0.366,0.130,243.030,1.600,0.000,0.000,0.0
2009-05-17,06:03:00,0.366,0.130,243.350,1.600,0.000,0.000,1.0
2009-05-17,06:04:00,0.386,0.130,243.330,1.600,0.000,0.000,1.0
2009-05-17,06:05:00,0.470,0.128,243.380,2.000,0.000,0.000,0.0
2009-05-17,06:06:00,0.314,0.000,243.500,1.400,0.000,0.000,1.0
2009-05-17,06:07:00,0.270,0.000,243.760,1.000,0.000,0.000,1.0
2009-05-17,06:08:00,0.270,0.000,243.400,1.000,0.000,0.000,0.0
2009-05-17,06:09:00,0.270,0.000,243.500,1.000,0.000,0.000,1.0
2009-05-17,06:10:00,0.270,0.000,243.450,1.000,0.000,0.000,1.0
2009-05-17,06:11:00,0.310,0.000,243.180,1.400,0.000,0.000,0.0
2009-05-17,06:12:00,0.346,0.098,243.040,1.400,0.000,0.000,1.0
2009-05-17,06:13:00,0.346,0.098,243.150,1.400,0.000,0.000,1.0
2009-05-17,06:14:00,0.346,0.100,243.320,1.400,0.000,0.000,0.0
2009-05-17,06:15:00,0.346,0.100,243.400,1.400,0.000,0.000,1.0
2009-05-17,06:16:00,0.344,0.100,243.430,1.400,0.000,0.000,1.0
2009-05-17,06:17:00,0.342,0.098,243.110,1.400,0.000,0.000,0.0
2009-05-17,06:18:00,0.342,0.098,243.050,1.400,0.000,0.000,1.0
2009-05-17,06:19:00,0.340,0.098,243.040,1.400,0.000,0.000,1.0
2009-05-17,06:20:00,0.340,0.100,243.350,1.400,0.000,0.000,0.0
2009-05-17,06:21:00,0.340,0.100,243.710,1.400,0.000,0.000,1.0
2009-05-17,06:22:00,0.306,0.050,243.840,1.200,0.000,0.000,1.0
2009-05-17,06:23:00,0.272,0.000,243.860,1.000,0.000,0.000,0.0
2009-05-17,06:24:00,0.272,0.000,243.930,1.000,0.000,0.000,1.0
2009-05-17,06:25:00,0.270,0.000,243.720,1.000,0.000,0.000,1.0
2009-05-17,06:26:00,0.272,0.000,244.150,1.000,0.000,0.000,0.0
2009-05-17,06:27:00,0.272,0.000,244.320,1.000,0.000,0.000,1.0
2009-05-17,06:28:00,0.362,0.094,244.110,1.600,0.000,0.000,1.0
2009-05-17,06:29:00,0.382,0.134,244.280,1.600,0.000,0.000,0.0
2009-05-17,06:30:00,0.378,0.134,244.190,1.600,0.000,0.000,1.0
2009-05-17,06:31:00,0.378,0.136,244.840,1.600,0.000,0.000,1.0
2009-05-17,06:32:00,0.378,0.138,244.850,1.600,0.000,0.000,0.0
2009-05-17,06:33:00,0.376,0.136,244.340,1.600,0.000,0.000,1.0
2009-05-17,06:34:00,0.372,0.134,243.900,1.600,0.000,0.000,1.0
2009-05-17,06:35:00,0.372,0.134,244.000,1.600,0.000,0.000,0.0
2009-05-17,06:36:00,0.370,0.134,243.840,1.600,0.000,0.000,1.0
2009-05-17,06:37:00,0.368,0.134,243.810,1.600,0.000,0.000,1.0
2009-05-17,06:38:00,0.368,0.134,243.720,1.600,0.000,0.000,0.0
2009-05-17,06:39:00,0.368,0.132,243.660,1.600,0.000,0.000,1.0
2009-05-17,06:40:00,0.366,0.132,243.310,1.600,0.000,0.000,1.0
2009-05-17,06:41:00,0.320,0.066,243.320,1.400,0.000,0.000,0.0
2009-05-17,06:42:00,0.272,0.000,243.210,1.000,0.000,0.000,1.0
2009-05-17,06:43:00,0.272,0.000,243.970,1.000,0.000,0.000,1.0
2009-05-17,06:44:00,0.274,0.000,244.310,1.000,0.000,0.000,0.0
2009-05-17,06:45:00,0.272,0.000,243.620,1.000,0.000,0.000,1.0
2009-05-17,06:46:00,0.272,0.000,243.870,1.000,0.000,0.000,1.0
2009-05-17,06:47:00,0.272,0.000,243.900,1.000,0.000,0.000,0.0
2009-05-17,06:48:00,0.272,0.000,244.110,1.000,0.000,0.000,1.0
2009-05-17,06:49:00,0.272,0.000,244.370,1.000,0.000,0.000,1.0
2009-05-17,06:50:00,0.272,0.000,244.440,1.000,0.000,0.000,0.0
2009-05-17,06:51:00,0.272,0.000,243.910,1.000,0.000,0.000,1.0
2009-05-17,06:52:00,0.272,0.000,243.890,1.000,0.000,0.000,1.0
2009-05-17,06:53:00,0.276,0.000,244.170,1.200,0.000,0.000,0.0
2009-05-17,06:54:00,0.278,0.000,244.030,1.200,0.000,0.000,1.0
2009-05-17,06:55:00,0.278,0.000,243.740,1.200,0.000,0.000,1.0
2009-05-17,06:56:00,0.278,0.000,244.140,1.200,0.000,0.000,1.0
2009-05-17,06:57:00,0.446,0.194,243.850,2.200,0.000,1.000,0.0
2009-05-17,06:58:00,0.438,0.228,243.750,2.000,0.000,1.000,1.0
2009-05-17,06:59:00,0.436,0.226,243.400,2.000,0.000,1.000,1.0
2009-05-17,07:00:00,0.438,0.228,243.680,2.000,0.000,2.000,0.0
2009-05-17,07:01:00,0.438,0.226,243.500,2.000,0.000,1.000,1.0
2009-05-17,07:02:00,0.436,0.224,243.070,2.000,0.000,2.000,1.0
2009-05-17,07:03:00,0.434,0.224,242.880,2.000,0.000,1.000,0.0
2009-05-17,07:04:00,0.548,0.354,242.550,2.600,0.000,2.000,1.0
2009-05-17,07:05:00,0.536,0.360,242.570,2.600,0.000,1.000,1.0
2009-05-17,07:06:00,0.532,0.360,242.870,2.600,0.000,2.000,0.0
2009-05-17,07:07:00,0.528,0.360,242.730,2.600,0.000,1.000,1.0
2009-05-17,07:08:00,0.460,0.258,243.030,2.200,0.000,1.000,1.0
2009-05-17,07:09:00,0.456,0.254,242.790,2.000,0.000,2.000,0.0
2009-05-17,07:10:00,0.454,0.254,242.710,2.000,0.000,1.000,1.0
2009-05-17,07:11:00,0.450,0.254,242.560,2.000,0.000,1.000,1.0
2009-05-17,07:12:00,0.450,0.256,243.140,2.000,0.000,2.000,0.0
2009-05-17,07:13:00,0.448,0.256,243.150,2.000,0.000,1.000,1.0
2009-05-17,07:14:00,0.446,0.254,242.820,2.000,0.000,1.000,1.0
2009-05-17,07:15:00,0.444,0.254,242.770,2.000,0.000,2.000,0.0
2009-05-17,07:16:00,0.444,0.256,243.200,2.000,0.000,1.000,1.0
2009-05-17,07:17:00,0.366,0.140,243.020,1.600,0.000,1.000,1.0
2009-05-17,07:18:00,0.348,0.118,242.990,1.400,0.000,1.000,0.0
2009-05-17,07:19:00,0.348,0.118,243.030,1.400,0.000,2.000,1.0
2009-05-17,07:20:00,0.348,0.118,243.120,1.400,0.000,1.000,1.0
2009-05-17,07:21:00,0.348,0.118,243.060,1.400,0.000,1.000,0.0
2009-05-17,07:22:00,0.346,0.118,243.080,1.400,0.000,1.000,1.0
2009-05-17,07:23:00,0.292,0.000,243.310,1.200,0.000,1.000,1.0
2009-05-17,07:24:00,0.266,0.000,243.150,1.000,0.000,0.000,0.0
2009-05-17,07:25:00,0.266,0.000,242.980,1.000,0.000,0.000,1.0
2009-05-17,07:26:00,0.268,0.000,243.240,1.000,0.000,0.000,1.0
2009-05-17,07:27:00,0.270,0.000,243.220,1.000,0.000,0.000,0.0
2009-05-17,07:28:00,0.272,0.000,243.130,1.000,0.000,0.000,1.0
2009-05-17,07:29:00,0.276,0.000,243.060,1.200,0.000,0.000,1.0
2009-05-17,07:30:00,0.274,0.000,242.960,1.200,0.000,0.000,0.0
2009-05-17,07:31:00,0.268,0.000,243.070,1.000,0.000,0.000,1.0
2009-05-17,07:32:00,0.268,0.000,243.280,1.000,0.000,0.000,1.0
2009-05-17,07:33:00,0.270,0.000,243.830,1.000,0.000,0.000,0.0
2009-05-17,07:34:00,0.270,0.000,243.630,1.000,0.000,0.000,1.0
2009-05-17,07:35:00,0.268,0.000,243.200,1.000,0.000,0.000,1.0
2009-05-17,07:36:00,0.270,0.000,242.830,1.000,0.000,0.000,0.0
2009-05-17,07:37:00,0.274,0.000,242.330,1.200,0.000,0.000,1.0
2009-05-17,07:38:00,0.274,0.000,242.260,1.200,0.000,0.000,1.0
2009-05-17,07:39:00,0.306,0.000,242.210,1.400,0.000,0.000,0.0
2009-05-17,07:40:00,0.378,0.126,242.330,1.600,0.000,0.000,1.0
2009-05-17,07:41:00,0.372,0.126,242.430,1.600,0.000,0.000,1.0
2009-05-17,07:42:00,0.404,0.150,242.380,1.800,0.000,0.000,0.0
2009-05-17,07:43:00,0.444,0.232,242.420,2.000,0.000,0.000,1.0
2009-05-17,07:44:00,0.450,0.232,242.380,2.000,0.000,0.000,1.0
2009-05-17,07:45:00,0.448,0.232,242.170,2.000,0.000,0.000,0.0
2009-05-17,07:46:00,0.444,0.230,241.900,2.000,0.000,0.000,1.0
2009-05-17,07:47:00,0.438,0.232,242.400,2.000,0.000,0.000,1.0
2009-05-17,07:48:00,0.436,0.232,242.480,2.000,0.000,0.000,0.0
2009-05-17,07:49:00,0.432,0.230,242.110,2.000,0.000,0.000,1.0
2009-05-17,07:50:00,0.430,0.228,241.800,2.000,0.000,0.000,1.0
2009-05-17,07:51:00,0.432,0.228,241.780,2.000,0.000,0.000,0.0
2009-05-17,07:52:00,0.438,0.232,242.480,2.000,0.000,0.000,1.0
2009-05-17,07:53:00,0.360,0.122,242.790,1.600,0.000,0.000,1.0
2009-05-17,07:54:00,0.318,0.064,242.370,1.400,0.000,0.000,0.0
2009-05-17,07:55:00,0.264,0.000,242.140,1.000,0.000,0.000,1.0
2009-05-17,07:56:00,0.264,0.000,241.780,1.000,0.000,0.000,1.0
2009-05-17,07:57:00,0.264,0.000,241.500,1.000,0.000,0.000,0.0
2009-05-17,07:58:00,0.664,0.082,241.050,3.000,0.000,0.000,7.0
2009-05-17,07:59:00,0.866,0.118,240.530,3.600,0.000,0.000,11.0
2009-05-17,08:00:00,0.892,0.118,240.640,3.600,0.000,0.000,11.0
2009-05-17,08:01:00,0.910,0.116,240.370,3.800,0.000,0.000,11.0
2009-05-17,08:02:00,0.712,0.074,240.210,3.200,0.000,0.000,9.0
2009-05-17,08:03:00,0.262,0.000,240.920,1.000,0.000,0.000,0.0
2009-05-17,08:04:00,0.262,0.000,241.180,1.000,0.000,0.000,1.0
2009-05-17,08:05:00,0.262,0.000,241.440,1.000,0.000,0.000,1.0
2009-05-17,08:06:00,0.264,0.000,241.030,1.000,0.000,0.000,0.0
2009-05-17,08:07:00,0.270,0.000,241.100,1.000,0.000,0.000,1.0
2009-05-17,08:08:00,0.270,0.000,240.840,1.000,0.000,0.000,1.0
2009-05-17,08:09:00,0.264,0.000,240.700,1.000,0.000,0.000,0.0
2009-05-17,08:10:00,0.262,0.000,240.790,1.000,0.000,0.000,1.0
2009-05-17,08:11:00,0.262,0.000,241.110,1.000,0.000,0.000,1.0
2009-05-17,08:12:00,0.262,0.000,240.990,1.000,0.000,0.000,0.0
2009-05-17,08:13:00,0.264,0.000,241.250,1.000,0.000,0.000,1.0
2009-05-17,08:14:00,0.270,0.000,241.730,1.000,0.000,0.000,1.0
2009-05-17,08:15:00,0.370,0.098,241.730,1.600,0.000,0.000,0.0
2009-05-17,08:16:00,0.382,0.128,242.440,1.600,0.000,0.000,1.0
2009-05-17,08:17:00,0.370,0.126,242.040,1.600,0.000,0.000,1.0
2009-05-17,08:18:00,0.368,0.126,241.700,1.600,0.000,0.000,0.0
2009-05-17,08:19:00,0.366,0.126,241.660,1.600,0.000,0.000,1.0
2009-05-17,08:20:00,0.366,0.126,242.080,1.600,0.000,0.000,1.0
2009-05-17,08:21:00,0.366,0.126,242.000,1.600,0.000,0.000,0.0
2009-05-17,08:22:00,0.374,0.128,242.390,1.600,0.000,0.000,1.0
2009-05-17,08:23:00,0.370,0.128,242.330,1.600,0.000,0.000,1.0
2009-05-17,08:24:00,0.364,0.124,241.150,1.600,0.000,0.000,0.0
2009-05-17,08:25:00,0.358,0.122,240.760,1.600,0.000,0.000,1.0
2009-05-17,08:26:00,0.358,0.124,241.060,1.600,0.000,0.000,1.0
2009-05-17,08:27:00,0.358,0.124,241.080,1.600,0.000,0.000,0.0
2009-05-17,08:28:00,0.340,0.098,242.340,1.400,0.000,0.000,1.0
2009-05-17,08:29:00,0.338,0.064,242.050,1.600,0.000,0.000,1.0
2009-05-17,08:30:00,0.348,0.094,241.020,1.400,0.000,0.000,0.0
2009-05-17,08:31:00,0.348,0.094,241.210,1.400,0.000,0.000,1.0
2009-05-17,08:32:00,0.342,0.094,241.490,1.400,0.000,0.000,1.0
2009-05-17,08:33:00,0.340,0.092,241.170,1.400,0.000,0.000,0.0
2009-05-17,08:34:00,0.338,0.094,241.340,1.400,0.000,0.000,1.0
2009-05-17,08:35:00,0.334,0.090,240.260,1.400,0.000,0.000,1.0
2009-05-17,08:36:00,0.334,0.092,240.680,1.400,0.000,0.000,0.0
2009-05-17,08:37:00,0.344,0.096,241.990,1.400,0.000,0.000,1.0
2009-05-17,08:38:00,0.338,0.090,240.070,1.400,0.000,0.000,1.0
2009-05-17,08:39:00,0.334,0.090,239.960,1.400,0.000,0.000,0.0
2009-05-17,08:40:00,0.330,0.090,240.440,1.400,0.000,0.000,1.0
2009-05-17,08:41:00,0.286,0.000,240.300,1.200,0.000,0.000,1.0
2009-05-17,08:42:00,0.310,0.000,240.640,1.200,0.000,0.000,0.0
2009-05-17,08:43:00,0.588,0.144,240.450,2.600,0.000,0.000,1.0
2009-05-17,08:44:00,0.604,0.180,240.430,2.600,0.000,0.000,1.0
2009-05-17,08:45:00,0.426,0.000,240.540,1.800,0.000,0.000,0.0
2009-05-17,08:46:00,0.464,0.000,240.510,2.000,0.000,0.000,1.0
2009-05-17,08:47:00,0.422,0.000,240.330,1.800,0.000,1.000,0.0
2009-05-17,08:48:00,0.422,0.000,240.250,1.800,0.000,0.000,1.0
2009-05-17,08:49:00,2.558,0.000,237.610,11.200,0.000,32.000,1.0
2009-05-17,08:50:00,3.086,0.000,237.440,13.000,0.000,37.000,0.0
2009-05-17,08:51:00,3.170,0.094,238.250,13.200,0.000,38.000,1.0
2009-05-17,08:52:00,3.188,0.096,238.810,13.200,0.000,38.000,1.0
2009-05-17,08:53:00,3.216,0.092,238.710,13.400,0.000,38.000,0.0
2009-05-17,08:54:00,3.178,0.090,238.160,13.200,0.000,38.000,1.0
2009-05-17,08:55:00,3.170,0.088,237.950,13.200,0.000,38.000,1.0
2009-05-17,08:56:00,3.244,0.088,237.710,13.600,0.000,38.000,0.0
2009-05-17,08:57:00,3.248,0.086,236.950,13.600,0.000,38.000,1.0
2009-05-17,08:58:00,4.086,0.090,235.910,17.400,0.000,37.000,1.0
2009-05-17,08:59:00,1.948,0.096,238.160,10.000,0.000,10.000,0.0
2009-05-17,09:00:00,3.890,0.092,235.610,16.600,0.000,1.000,1.0
2009-05-17,09:01:00,4.950,0.136,234.090,21.600,0.000,7.000,0.0
2009-05-17,09:02:00,1.900,0.302,237.100,8.800,0.000,2.000,1.0
2009-05-17,09:03:00,1.084,0.272,237.770,4.600,0.000,2.000,1.0
2009-05-17,09:04:00,0.706,0.156,238.220,3.200,0.000,2.000,0.0
2009-05-17,09:05:00,0.600,0.104,238.100,2.600,0.000,2.000,1.0
2009-05-17,09:06:00,0.662,0.192,238.560,2.800,0.000,3.000,1.0
2009-05-17,09:07:00,0.674,0.194,239.130,3.000,0.000,3.000,0.0
2009-05-17,09:08:00,0.676,0.236,239.030,3.000,0.000,3.000,1.0
2009-05-17,09:09:00,0.644,0.238,238.790,2.800,0.000,2.000,1.0
2009-05-17,09:10:00,0.598,0.212,238.360,2.600,0.000,2.000,0.0
2009-05-17,09:11:00,0.616,0.200,238.380,2.800,0.000,2.000,1.0
2009-05-17,09:12:00,0.628,0.194,238.120,2.800,0.000,2.000,1.0
2009-05-17,09:13:00,0.640,0.188,238.170,2.800,0.000,3.000,0.0
2009-05-17,09:14:00,0.648,0.188,238.000,2.800,0.000,2.000,1.0
2009-05-17,09:15:00,0.642,0.210,237.850,2.800,0.000,3.000,0.0
2009-05-17,09:16:00,0.810,0.254,237.930,3.600,0.000,5.000,1.0
2009-05-17,09:17:00,0.948,0.280,237.380,4.200,0.000,7.000,1.0
2009-05-17,09:18:00,0.924,0.276,237.460,4.000,0.000,7.000,0.0
2009-05-17,09:19:00,0.932,0.280,237.750,4.000,0.000,7.000,1.0
2009-05-17,09:20:00,0.856,0.272,238.030,3.800,0.000,7.000,1.0
2009-05-17,09:21:00,0.578,0.222,239.470,2.600,0.000,1.000,0.0
2009-05-17,09:22:00,0.562,0.188,240.350,2.400,0.000,2.000,1.0
2009-05-17,09:23:00,0.520,0.112,241.800,2.200,0.000,1.000,1.0
2009-05-17,09:24:00,0.516,0.110,241.690,2.200,0.000,1.000,0.0
2009-05-17,09:25:00,0.508,0.108,240.800,2.200,0.000,2.000,1.0
2009-05-17,09:26:00,0.568,0.168,240.010,2.600,0.000,1.000,1.0
2009-05-17,09:27:00,0.674,0.232,239.030,3.000,0.000,1.000,0.0
2009-05-17,09:28:00,0.582,0.150,239.390,2.600,0.000,0.000,1.0
2009-05-17,09:29:00,0.528,0.116,239.560,2.200,0.000,0.000,1.0
2009-05-17,09:30:00,0.532,0.116,239.640,2.200,0.000,0.000,0.0
2009-05-17,09:31:00,0.536,0.118,239.840,2.200,0.000,0.000,1.0
2009-05-17,09:32:00,0.440,0.122,240.480,2.000,0.000,0.000,1.0
2009-05-17,09:33:00,0.428,0.120,240.620,1.800,0.000,0.000,0.0
2009-05-17,09:34:00,0.428,0.120,240.760,1.800,0.000,0.000,1.0
2009-05-17,09:35:00,0.426,0.118,240.220,1.800,0.000,0.000,1.0
2009-05-17,09:36:00,0.418,0.118,239.640,1.800,0.000,0.000,0.0
2009-05-17,09:37:00,0.414,0.118,239.670,1.800,0.000,0.000,1.0
2009-05-17,09:38:00,0.830,0.112,238.980,4.400,0.000,0.000,0.0
2009-05-17,09:39:00,0.834,0.140,238.890,4.400,0.000,0.000,1.0
2009-05-17,09:40:00,0.976,0.068,239.160,4.800,0.000,0.000,1.0
2009-05-17,09:41:00,0.344,0.000,240.170,1.600,0.000,0.000,0.0
2009-05-17,09:42:00,0.334,0.000,240.580,1.400,0.000,0.000,1.0
2009-05-17,09:43:00,0.322,0.000,240.110,1.400,0.000,0.000,1.0
2009-05-17,09:44:00,0.330,0.000,240.600,1.400,0.000,0.000,0.0
2009-05-17,09:45:00,0.334,0.000,240.460,1.400,0.000,0.000,1.0
2009-05-17,09:46:00,0.330,0.000,240.460,1.400,0.000,0.000,1.0
2009-05-17,09:47:00,1.090,0.200,239.330,6.000,0.000,0.000,0.0
2009-05-17,09:48:00,0.396,0.000,240.280,2.200,0.000,0.000,1.0
2009-05-17,09:49:00,0.368,0.000,239.810,1.600,0.000,0.000,1.0
2009-05-17,09:50:00,0.460,0.000,239.600,2.000,0.000,0.000,0.0
2009-05-17,09:51:00,0.470,0.000,239.600,2.200,0.000,0.000,1.0
2009-05-17,09:52:00,0.410,0.090,239.830,1.800,0.000,0.000,1.0
2009-05-17,09:53:00,0.412,0.090,239.870,1.800,0.000,0.000,0.0
2009-05-17,09:54:00,0.396,0.088,239.370,1.800,0.000,0.000,1.0
2009-05-17,09:55:00,0.346,0.088,239.280,1.400,0.000,0.000,1.0
2009-05-17,09:56:00,0.382,0.054,239.150,1.600,0.000,0.000,0.0
2009-05-17,09:57:00,0.452,0.000,238.200,1.800,0.000,0.000,1.0
2009-05-17,09:58:00,0.450,0.000,237.320,1.800,0.000,0.000,1.0
2009-05-17,09:59:00,0.512,0.000,237.890,2.200,0.000,0.000,0.0
2009-05-17,10:00:00,0.562,0.000,238.340,2.400,0.000,0.000,1.0
2009-05-17,10:01:00,0.618,0.000,238.190,2.600,0.000,0.000,0.0
2009-05-17,10:02:00,0.664,0.146,238.180,2.800,0.000,0.000,1.0
2009-05-17,10:03:00,0.730,0.146,238.400,3.200,0.000,0.000,1.0
2009-05-17,10:04:00,0.974,0.164,238.180,4.200,0.000,0.000,0.0
2009-05-17,10:05:00,2.132,0.188,236.620,9.800,0.000,23.000,1.0
2009-05-17,10:06:00,2.786,0.190,234.720,11.800,0.000,35.000,1.0
2009-05-17,10:07:00,2.358,0.208,235.620,10.600,0.000,27.000,0.0
2009-05-17,10:08:00,2.880,0.208,235.720,12.200,2.000,35.000,1.0
2009-05-17,10:09:00,5.280,0.164,233.960,22.800,34.000,27.000,14.0
2009-05-17,10:10:00,5.960,0.166,233.080,25.400,36.000,35.000,18.0
2009-05-17,10:11:00,5.942,0.164,233.000,25.400,37.000,34.000,17.0
2009-05-17,10:12:00,5.962,0.168,233.640,25.400,36.000,35.000,18.0
2009-05-17,10:13:00,5.946,0.162,233.450,25.400,36.000,35.000,17.0
2009-05-17,10:14:00,5.936,0.166,233.260,25.400,36.000,35.000,18.0
2009-05-17,10:15:00,5.822,0.160,232.400,25.000,36.000,34.000,17.0
2009-05-17,10:16:00,5.818,0.166,232.480,25.000,36.000,35.000,17.0
2009-05-17,10:17:00,5.836,0.166,233.300,25.000,36.000,34.000,18.0
2009-05-17,10:18:00,5.758,0.084,233.360,24.600,36.000,35.000,17.0
2009-05-17,10:19:00,5.814,0.000,233.470,24.800,36.000,35.000,17.0
2009-05-17,10:20:00,5.656,0.000,233.420,24.200,36.000,35.000,18.0
2009-05-17,10:21:00,3.002,0.052,236.090,12.800,1.000,24.000,17.0
2009-05-17,10:22:00,3.160,0.000,235.950,13.600,1.000,25.000,18.0
2009-05-17,10:23:00,3.428,0.050,234.990,14.600,1.000,31.000,18.0
2009-05-17,10:24:00,2.762,0.084,235.500,11.800,1.000,17.000,17.0
2009-05-17,10:25:00,3.822,0.144,234.790,16.200,1.000,35.000,18.0
2009-05-17,10:26:00,2.912,0.304,235.120,12.600,1.000,20.000,18.0
2009-05-17,10:27:00,6.540,0.380,231.420,29.200,28.000,28.000,26.0
2009-05-17,10:28:00,6.306,0.386,231.710,27.400,35.000,28.000,27.0
2009-05-17,10:29:00,5.538,0.386,232.330,23.800,36.000,19.000,27.0
2009-05-17,10:30:00,6.106,0.390,231.860,26.400,36.000,30.000,28.0
2009-05-17,10:31:00,5.574,0.490,231.830,24.200,35.000,17.000,28.0
2009-05-17,10:32:00,6.020,0.376,231.390,26.200,36.000,30.000,22.0
2009-05-17,10:33:00,4.328,0.332,233.580,18.800,27.000,17.000,18.0
2009-05-17,10:34:00,3.454,0.352,234.280,15.000,1.000,29.000,17.0
2009-05-17,10:35:00,2.992,0.344,234.830,13.000,1.000,20.000,18.0
2009-05-17,10:36:00,3.276,0.358,235.220,14.200,2.000,25.000,17.0
2009-05-17,10:37:00,3.170,0.348,235.930,13.600,1.000,23.000,18.0
2009-05-17,10:38:00,2.090,0.374,237.160,8.800,1.000,5.000,18.0
2009-05-17,10:39:00,2.180,0.442,236.190,9.400,1.000,3.000,17.0
2009-05-17,10:40:00,2.252,0.496,238.150,9.600,1.000,4.000,18.0
2009-05-17,10:41:00,2.254,0.482,238.960,9.600,1.000,4.000,19.0
2009-05-17,10:42:00,2.250,0.496,239.000,9.600,1.000,3.000,18.0
2009-05-17,10:43:00,2.982,0.652,238.080,13.400,11.000,3.000,18.0
2009-05-17,10:44:00,4.356,0.466,236.610,18.400,37.000,4.000,18.0
2009-05-17,10:45:00,4.352,0.450,236.230,18.400,36.000,3.000,17.0
2009-05-17,10:46:00,4.220,0.464,236.460,17.800,37.000,0.000,18.0
2009-05-17,10:47:00,4.242,0.506,236.560,18.000,37.000,1.000,18.0
2009-05-17,10:48:00,4.228,0.504,236.680,18.000,37.000,0.000,18.0
2009-05-17,10:49:00,4.600,0.542,236.490,19.600,37.000,1.000,17.0
2009-05-17,10:50:00,4.866,0.870,236.290,20.800,36.000,1.000,18.0
2009-05-17,10:51:00,4.424,0.700,236.650,19.200,33.000,2.000,18.0
2009-05-17,10:52:00,2.656,0.638,238.080,11.400,1.000,1.000,18.0
2009-05-17,10:53:00,2.600,0.544,237.630,11.200,1.000,2.000,18.0
2009-05-17,10:54:00,2.540,0.502,236.500,10.800,1.000,2.000,18.0
2009-05-17,10:55:00,2.554,0.502,236.620,11.000,1.000,1.000,17.0
2009-05-17,10:56:00,2.538,0.498,236.850,10.800,1.000,2.000,18.0
2009-05-17,10:57:00,2.558,0.504,237.050,11.000,1.000,1.000,18.0
2009-05-17,10:58:00,2.582,0.512,239.490,11.000,2.000,2.000,18.0
2009-05-17,10:59:00,2.620,0.522,240.640,11.000,1.000,2.000,19.0
2009-05-17,11:00:00,2.596,0.514,239.900,11.000,1.000,1.000,18.0
2009-05-17,11:01:00,2.602,0.518,239.110,11.000,1.000,2.000,18.0
2009-05-17,11:02:00,2.566,0.522,238.690,10.800,1.000,1.000,18.0
2009-05-17,11:03:00,2.570,0.560,238.640,11.000,1.000,2.000,18.0
2009-05-17,11:04:00,2.550,0.526,238.570,10.800,1.000,1.000,18.0
2009-05-17,11:05:00,2.596,0.514,237.910,11.000,1.000,2.000,18.0
2009-05-17,11:06:00,2.588,0.508,238.180,11.000,2.000,1.000,18.0
2009-05-17,11:07:00,2.584,0.506,237.770,11.000,1.000,2.000,18.0
2009-05-17,11:08:00,2.554,0.496,237.160,10.800,1.000,1.000,18.0
2009-05-17,11:09:00,2.578,0.504,237.800,11.000,1.000,2.000,18.0
2009-05-17,11:10:00,2.552,0.500,237.700,10.800,1.000,1.000,18.0
2009-05-17,11:11:00,2.566,0.502,237.340,11.000,1.000,1.000,18.0
2009-05-17,11:12:00,2.544,0.536,237.860,10.800,1.000,2.000,18.0
2009-05-17,11:13:00,2.540,0.524,237.580,10.800,1.000,1.000,18.0
2009-05-17,11:14:00,2.662,0.636,237.000,11.400,1.000,1.000,18.0
2009-05-17,11:15:00,2.684,0.642,238.030,11.600,2.000,2.000,18.0
2009-05-17,11:16:00,2.732,0.634,238.080,11.800,1.000,1.000,18.0
2009-05-17,11:17:00,2.726,0.634,238.330,11.600,1.000,2.000,18.0
2009-05-17,11:18:00,2.674,0.536,238.180,11.400,1.000,0.000,18.0
2009-05-17,11:19:00,2.626,0.508,237.360,11.200,1.000,0.000,18.0
2009-05-17,11:20:00,2.636,0.510,236.990,11.200,1.000,0.000,17.0
2009-05-17,11:21:00,2.626,0.540,237.680,11.200,2.000,0.000,18.0
2009-05-17,11:22:00,2.584,0.502,236.960,11.000,0.000,1.000,18.0
2009-05-17,11:23:00,2.566,0.418,237.530,10.800,1.000,0.000,18.0
2009-05-17,11:24:00,2.600,0.426,238.380,11.000,2.000,0.000,18.0
2009-05-17,11:25:00,2.568,0.414,237.970,10.800,1.000,0.000,18.0
2009-05-17,11:26:00,2.588,0.418,238.300,11.000,1.000,0.000,18.0
2009-05-17,11:27:00,2.578,0.414,238.450,10.800,1.000,0.000,18.0
2009-05-17,11:28:00,2.540,0.358,238.080,10.600,1.000,1.000,18.0
2009-05-17,11:29:00,2.472,0.280,237.780,10.400,1.000,0.000,18.0
2009-05-17,11:30:00,2.504,0.312,238.310,10.600,2.000,0.000,18.0
2009-05-17,11:31:00,2.454,0.310,238.930,10.200,0.000,0.000,18.0
2009-05-17,11:32:00,2.494,0.296,238.110,10.400,1.000,0.000,18.0
2009-05-17,11:33:00,4.442,0.266,236.420,19.000,33.000,0.000,18.0
2009-05-17,11:34:00,4.602,0.266,235.880,19.400,36.000,1.000,18.0
2009-05-17,11:35:00,4.576,0.262,235.620,19.400,37.000,0.000,17.0
2009-05-17,11:36:00,4.588,0.266,235.820,19.400,37.000,0.000,18.0
2009-05-17,11:37:00,4.128,0.272,237.090,17.400,37.000,0.000,18.0
2009-05-17,11:38:00,4.164,0.278,237.790,17.400,37.000,0.000,18.0
2009-05-17,11:39:00,4.112,0.270,236.720,17.400,37.000,0.000,18.0
2009-05-17,11:40:00,4.128,0.274,236.510,17.400,37.000,1.000,18.0
2009-05-17,11:41:00,4.108,0.268,236.570,17.400,37.000,0.000,17.0
2009-05-17,11:42:00,4.132,0.274,236.980,17.400,37.000,0.000,18.0
2009-05-17,11:43:00,4.158,0.274,238.250,17.400,37.000,0.000,18.0
2009-05-17,11:44:00,4.232,0.332,238.530,17.800,37.000,0.000,18.0
2009-05-17,11:45:00,4.336,0.422,238.560,18.200,38.000,2.000,18.0
2009-05-17,11:46:00,2.696,0.446,239.350,12.000,10.000,3.000,18.0
2009-05-17,11:47:00,2.214,0.460,239.510,9.400,0.000,3.000,19.0
2009-05-17,11:48:00,2.208,0.446,239.630,9.400,0.000,4.000,18.0
2009-05-17,11:49:00,2.286,0.534,240.130,9.800,0.000,3.000,18.0
2009-05-17,11:50:00,2.590,0.614,239.970,11.000,0.000,4.000,18.0
2009-05-17,11:51:00,2.412,0.600,239.670,10.400,1.000,3.000,19.0
2009-05-17,11:52:00,2.286,0.570,238.810,9.800,0.000,3.000,18.0
2009-05-17,11:53:00,2.192,0.544,238.380,9.400,0.000,3.000,18.0
2009-05-17,11:54:00,2.068,0.510,238.040,8.800,0.000,0.000,18.0
2009-05-17,11:55:00,2.090,0.516,238.390,9.000,0.000,0.000,18.0
2009-05-17,11:56:00,2.032,0.498,235.980,8.800,0.000,0.000,18.0
2009-05-17,11:57:00,2.040,0.496,235.330,8.800,0.000,0.000,17.0
2009-05-17,11:58:00,2.030,0.496,235.970,8.800,0.000,0.000,18.0
2009-05-17,11:59:00,2.050,0.514,235.590,8.800,0.000,0.000,18.0
2009-05-17,12:00:00,2.048,0.524,235.440,9.000,0.000,0.000,17.0
2009-05-17,12:01:00,2.032,0.496,235.270,8.800,0.000,1.000,18.0
2009-05-17,12:02:00,2.016,0.492,235.290,8.800,0.000,0.000,17.0
2009-05-17,12:03:00,2.026,0.476,235.760,8.800,0.000,0.000,18.0
2009-05-17,12:04:00,1.926,0.368,235.190,8.200,0.000,0.000,18.0
2009-05-17,12:05:00,1.934,0.368,234.480,8.400,0.000,0.000,17.0
2009-05-17,12:06:00,1.926,0.368,234.980,8.200,0.000,0.000,18.0
2009-05-17,12:07:00,1.954,0.376,234.960,8.400,0.000,1.000,17.0
2009-05-17,12:08:00,1.922,0.346,235.060,8.200,0.000,0.000,18.0
2009-05-17,12:09:00,1.904,0.282,235.780,8.000,0.000,0.000,17.0
2009-05-17,12:10:00,1.924,0.282,236.380,8.200,0.000,0.000,18.0
2009-05-17,12:11:00,2.124,0.288,238.830,8.800,0.000,0.000,18.0
2009-05-17,12:12:00,2.116,0.286,237.670,9.000,0.000,0.000,18.0
2009-05-17,12:13:00,2.092,0.280,237.240,8.800,0.000,1.000,18.0
2009-05-17,12:14:00,2.196,0.308,239.320,9.200,0.000,0.000,19.0
2009-05-17,12:15:00,2.690,0.398,237.780,11.400,0.000,0.000,27.0
2009-05-17,12:16:00,2.702,0.392,236.580,11.400,0.000,0.000,28.0
2009-05-17,12:17:00,2.738,0.400,237.990,11.600,0.000,0.000,29.0
2009-05-17,12:18:00,2.758,0.402,237.630,11.600,0.000,0.000,28.0
2009-05-17,12:19:00,2.716,0.382,236.070,11.600,0.000,0.000,29.0
2009-05-17,12:20:00,2.130,0.290,238.240,9.000,0.000,1.000,18.0
2009-05-17,12:21:00,2.122,0.288,238.850,8.800,0.000,0.000,18.0
2009-05-17,12:22:00,2.140,0.294,238.880,9.000,0.000,0.000,19.0
2009-05-17,12:23:00,2.130,0.290,239.300,9.000,0.000,0.000,18.0
2009-05-17,12:24:00,2.162,0.312,238.570,9.000,0.000,0.000,18.0
2009-05-17,12:25:00,2.216,0.416,238.580,9.400,0.000,0.000,18.0
2009-05-17,12:26:00,2.202,0.410,236.880,9.400,0.000,1.000,18.0
2009-05-17,12:27:00,2.198,0.412,237.790,9.400,0.000,0.000,18.0
2009-05-17,12:28:00,1.454,0.342,239.600,6.600,0.000,0.000,7.0
2009-05-17,12:29:00,1.006,0.262,237.170,4.400,0.000,0.000,1.0
2009-05-17,12:30:00,1.030,0.272,238.210,4.400,0.000,0.000,0.0
2009-05-17,12:31:00,1.016,0.272,239.270,4.400,0.000,0.000,1.0
2009-05-17,12:32:00,1.020,0.268,237.410,4.400,0.000,1.000,1.0
2009-05-17,12:33:00,1.002,0.264,237.620,4.200,0.000,0.000,0.0
2009-05-17,12:34:00,1.046,0.296,238.800,4.600,0.000,0.000,1.0
2009-05-17,12:35:00,1.160,0.432,238.030,5.200,0.000,0.000,1.0
2009-05-17,12:36:00,1.180,0.436,238.300,5.200,0.000,0.000,0.0
2009-05-17,12:37:00,1.188,0.452,237.450,5.400,0.000,0.000,1.0
2009-05-17,12:38:00,1.228,0.506,237.230,5.600,0.000,0.000,1.0
2009-05-17,12:39:00,1.148,0.404,239.280,5.000,0.000,0.000,0.0
2009-05-17,12:40:00,1.168,0.408,239.450,5.200,0.000,1.000,1.0
2009-05-17,12:41:00,1.158,0.404,238.970,5.000,0.000,0.000,1.0
2009-05-17,12:42:00,1.146,0.406,240.050,5.000,0.000,0.000,0.0
2009-05-17,12:43:00,1.154,0.414,239.960,5.000,0.000,0.000,1.0
2009-05-17,12:44:00,1.082,0.420,241.350,4.800,0.000,0.000,1.0
2009-05-17,12:45:00,0.972,0.420,240.150,4.400,0.000,1.000,0.0
2009-05-17,12:46:00,0.950,0.412,239.510,4.200,0.000,0.000,1.0
2009-05-17,12:47:00,0.972,0.416,239.700,4.400,0.000,0.000,0.0
2009-05-17,12:48:00,0.960,0.408,239.550,4.200,0.000,0.000,1.0
2009-05-17,12:49:00,1.036,0.476,240.250,4.800,0.000,2.000,1.0
2009-05-17,12:50:00,1.048,0.536,240.400,4.800,0.000,1.000,0.0
2009-05-17,12:51:00,0.990,0.416,239.600,4.400,0.000,2.000,1.0
2009-05-17,12:52:00,0.880,0.356,241.250,3.800,0.000,1.000,1.0
2009-05-17,12:53:00,0.676,0.366,241.600,3.200,0.000,2.000,0.0
2009-05-17,12:54:00,0.650,0.356,240.380,3.000,0.000,2.000,1.0
2009-05-17,12:55:00,0.670,0.364,241.190,3.200,0.000,1.000,1.0
2009-05-17,12:56:00,0.652,0.360,241.640,3.000,0.000,2.000,0.0
2009-05-17,12:57:00,0.660,0.360,240.490,3.000,0.000,1.000,1.0
2009-05-17,12:58:00,0.648,0.360,241.940,3.000,0.000,2.000,1.0
2009-05-17,12:59:00,0.672,0.364,241.840,3.200,0.000,2.000,0.0
2009-05-17,13:00:00,0.694,0.404,240.520,3.400,0.000,1.000,1.0
2009-05-17,13:01:00,0.774,0.498,241.560,3.800,0.000,2.000,1.0
2009-05-17,13:02:00,0.746,0.490,241.070,3.600,0.000,1.000,0.0
2009-05-17,13:03:00,0.762,0.496,241.160,3.800,0.000,2.000,1.0
2009-05-17,13:04:00,0.748,0.502,243.050,3.600,0.000,1.000,1.0
2009-05-17,13:05:00,0.768,0.504,242.500,3.800,0.000,2.000,0.0
2009-05-17,13:06:00,0.746,0.498,242.450,3.600,0.000,1.000,1.0
2009-05-17,13:07:00,0.766,0.508,243.450,3.800,0.000,2.000,1.0
2009-05-17,13:08:00,0.744,0.500,242.890,3.600,0.000,1.000,0.0
2009-05-17,13:09:00,0.760,0.508,243.300,3.800,0.000,1.000,1.0
2009-05-17,13:10:00,0.742,0.504,243.280,3.600,0.000,2.000,1.0
2009-05-17,13:11:00,0.740,0.496,241.690,3.600,0.000,1.000,0.0
2009-05-17,13:12:00,0.744,0.494,241.100,3.600,0.000,2.000,1.0
2009-05-17,13:13:00,0.726,0.490,241.330,3.600,0.000,1.000,1.0
2009-05-17,13:14:00,0.744,0.496,241.350,3.600,0.000,2.000,0.0
2009-05-17,13:15:00,0.634,0.362,241.250,3.000,0.000,1.000,1.0
2009-05-17,13:16:00,0.598,0.278,241.380,2.800,0.000,1.000,1.0
2009-05-17,13:17:00,0.560,0.236,241.420,2.400,0.000,0.000,0.0
2009-05-17,13:18:00,0.578,0.242,241.430,2.600,0.000,0.000,1.0
2009-05-17,13:19:00,0.344,0.084,242.620,1.600,0.000,0.000,1.0
2009-05-17,13:20:00,0.278,0.000,241.540,1.200,0.000,0.000,0.0
2009-05-17,13:21:00,0.260,0.000,242.160,1.000,0.000,0.000,1.0
2009-05-17,13:22:00,0.278,0.000,241.860,1.200,0.000,1.000,1.0
2009-05-17,13:23:00,0.258,0.000,241.520,1.000,0.000,0.000,0.0
2009-05-17,13:24:00,0.280,0.000,242.300,1.200,0.000,0.000,1.0
2009-05-17,13:25:00,0.258,0.000,241.510,1.000,0.000,0.000,1.0
2009-05-17,13:26:00,0.278,0.000,242.190,1.200,0.000,0.000,0.0
2009-05-17,13:27:00,0.260,0.000,242.560,1.000,0.000,0.000,1.0
2009-05-17,13:28:00,0.282,0.000,241.870,1.200,0.000,0.000,1.0
2009-05-17,13:29:00,0.268,0.000,242.960,1.000,0.000,0.000,0.0
2009-05-17,13:30:00,1.046,0.000,243.120,5.200,0.000,1.000,1.0
2009-05-17,13:31:00,0.750,0.000,243.520,3.800,0.000,0.000,4.0
2009-05-17,13:32:00,1.856,0.000,242.480,8.000,0.000,0.000,19.0
2009-05-17,13:33:00,1.482,0.000,242.060,6.200,0.000,0.000,20.0
2009-05-17,13:34:00,1.410,0.000,242.140,5.800,0.000,0.000,18.0
2009-05-17,13:35:00,1.764,0.000,242.110,7.600,0.000,0.000,19.0
2009-05-17,13:36:00,1.572,0.068,241.910,6.600,0.000,1.000,19.0
2009-05-17,13:37:00,1.518,0.090,242.130,6.200,0.000,0.000,19.0
2009-05-17,13:38:00,1.612,0.058,240.860,6.600,0.000,0.000,18.0
2009-05-17,13:39:00,1.578,0.050,239.710,6.600,0.000,0.000,18.0
2009-05-17,13:40:00,1.600,0.056,240.200,6.600,0.000,0.000,19.0
2009-05-17,13:41:00,1.582,0.052,239.730,6.600,0.000,0.000,18.0
2009-05-17,13:42:00,1.620,0.108,239.030,6.800,0.000,1.000,18.0
2009-05-17,13:43:00,1.644,0.156,239.110,6.800,0.000,0.000,19.0
2009-05-17,13:44:00,1.722,0.148,238.940,7.200,0.000,0.000,18.0
2009-05-17,13:45:00,1.660,0.154,239.290,7.000,0.000,0.000,18.0
2009-05-17,13:46:00,1.642,0.154,239.940,6.800,0.000,0.000,18.0
2009-05-17,13:47:00,1.652,0.158,239.510,6.800,0.000,1.000,18.0
2009-05-17,13:48:00,1.652,0.138,238.990,6.800,0.000,0.000,19.0
2009-05-17,13:49:00,1.946,0.152,238.740,8.400,0.000,0.000,18.0
2009-05-17,13:50:00,2.366,0.142,237.430,10.400,0.000,0.000,18.0
2009-05-17,13:51:00,1.660,0.000,238.060,7.000,0.000,0.000,18.0
2009-05-17,13:52:00,1.544,0.000,238.350,6.400,0.000,0.000,18.0
2009-05-17,13:53:00,1.548,0.000,238.130,6.400,0.000,0.000,18.0
2009-05-17,13:54:00,1.510,0.000,237.440,6.200,0.000,0.000,18.0
2009-05-17,13:55:00,1.530,0.000,237.870,6.400,0.000,1.000,18.0
2009-05-17,13:56:00,1.522,0.000,238.810,6.400,0.000,0.000,18.0
2009-05-17,13:57:00,1.536,0.000,239.050,6.400,0.000,0.000,18.0
2009-05-17,13:58:00,1.524,0.000,239.120,6.400,0.000,0.000,18.0
2009-05-17,13:59:00,1.558,0.000,238.480,6.400,0.000,0.000,18.0
2009-05-17,14:00:00,1.558,0.000,239.810,6.400,0.000,0.000,18.0
2009-05-17,14:01:00,1.584,0.000,240.760,6.600,0.000,1.000,19.0
2009-05-17,14:02:00,1.562,0.000,240.240,6.400,0.000,0.000,18.0
2009-05-17,14:03:00,1.572,0.000,239.850,6.600,0.000,0.000,18.0
2009-05-17,14:04:00,1.520,0.000,239.950,6.200,0.000,0.000,19.0
2009-05-17,14:05:00,1.504,0.078,239.450,6.200,0.000,0.000,18.0
2009-05-17,14:06:00,1.480,0.084,238.950,6.200,0.000,0.000,18.0
2009-05-17,14:07:00,1.496,0.078,238.870,6.200,0.000,1.000,18.0
2009-05-17,14:08:00,1.488,0.084,239.520,6.200,0.000,0.000,18.0
2009-05-17,14:09:00,1.496,0.080,239.360,6.200,0.000,0.000,19.0
2009-05-17,14:10:00,1.480,0.084,239.840,6.200,0.000,0.000,18.0
2009-05-17,14:11:00,1.552,0.046,241.830,6.400,0.000,0.000,18.0
2009-05-17,14:12:00,1.618,0.056,242.060,6.600,0.000,0.000,19.0
2009-05-17,14:13:00,1.604,0.054,241.850,6.600,0.000,1.000,19.0
2009-05-17,14:14:00,1.620,0.056,241.980,6.600,0.000,0.000,18.0
2009-05-17,14:15:00,1.590,0.050,240.730,6.600,0.000,0.000,19.0
2009-05-17,14:16:00,1.572,0.060,240.090,6.400,0.000,0.000,18.0
2009-05-17,14:17:00,1.580,0.286,239.280,6.600,0.000,0.000,18.0
2009-05-17,14:18:00,1.758,0.272,238.280,7.400,0.000,0.000,18.0
2009-05-17,14:19:00,1.768,0.266,239.100,7.400,0.000,0.000,18.0
2009-05-17,14:20:00,1.820,0.274,239.990,7.600,0.000,1.000,19.0
2009-05-17,14:21:00,1.792,0.274,240.100,7.400,0.000,0.000,18.0
2009-05-17,14:22:00,1.812,0.290,241.060,7.600,0.000,0.000,18.0
2009-05-17,14:23:00,1.786,0.282,240.550,7.400,0.000,0.000,19.0
2009-05-17,14:24:00,1.814,0.292,241.190,7.600,0.000,0.000,18.0
2009-05-17,14:25:00,1.802,0.290,241.750,7.400,0.000,0.000,19.0
2009-05-17,14:26:00,1.794,0.284,239.730,7.600,0.000,1.000,18.0
2009-05-17,14:27:00,1.782,0.284,240.400,7.400,0.000,0.000,18.0
2009-05-17,14:28:00,1.808,0.292,241.040,7.600,0.000,0.000,19.0
2009-05-17,14:29:00,1.770,0.280,239.550,7.400,0.000,0.000,18.0
2009-05-17,14:30:00,1.870,0.340,239.610,8.000,0.000,0.000,18.0
2009-05-17,14:31:00,1.864,0.370,238.720,8.000,0.000,0.000,18.0
2009-05-17,14:32:00,1.860,0.366,237.230,8.000,0.000,1.000,18.0
2009-05-17,14:33:00,1.868,0.374,239.160,8.000,0.000,0.000,18.0
2009-05-17,14:34:00,1.874,0.374,238.530,8.000,0.000,0.000,18.0
2009-05-17,14:35:00,1.858,0.370,238.700,7.800,0.000,0.000,18.0
2009-05-17,14:36:00,1.890,0.384,240.050,8.000,0.000,0.000,19.0
2009-05-17,14:37:00,1.870,0.380,239.800,8.000,0.000,0.000,18.0
2009-05-17,14:38:00,1.880,0.380,239.270,8.000,0.000,1.000,18.0
2009-05-17,14:39:00,0.950,0.392,240.650,4.600,0.000,0.000,4.0
2009-05-17,14:40:00,0.832,0.406,241.520,3.800,0.000,0.000,1.0
2009-05-17,14:41:00,0.818,0.406,242.200,3.800,0.000,0.000,1.0
2009-05-17,14:42:00,0.830,0.408,242.130,3.800,0.000,0.000,0.0
2009-05-17,14:43:00,0.826,0.404,241.420,3.800,0.000,0.000,1.0
2009-05-17,14:44:00,0.814,0.402,241.720,3.800,0.000,0.000,1.0
2009-05-17,14:45:00,0.830,0.408,241.650,3.800,0.000,1.000,0.0
2009-05-17,14:46:00,0.808,0.398,240.740,3.800,0.000,0.000,1.0
2009-05-17,14:47:00,0.822,0.398,240.200,3.800,0.000,0.000,1.0
2009-05-17,14:48:00,0.972,0.444,241.540,4.600,0.000,0.000,2.0
2009-05-17,14:49:00,1.422,0.554,241.970,6.400,0.000,0.000,11.0
2009-05-17,14:50:00,1.424,0.542,241.590,6.200,0.000,0.000,11.0
2009-05-17,14:51:00,1.528,0.598,241.540,6.800,0.000,2.000,11.0
2009-05-17,14:52:00,1.500,0.568,242.180,6.600,0.000,2.000,12.0
2009-05-17,14:53:00,1.142,0.498,242.760,5.400,0.000,1.000,6.0
2009-05-17,14:54:00,0.842,0.430,242.480,4.000,0.000,2.000,0.0
2009-05-17,14:55:00,0.862,0.430,242.090,4.000,0.000,2.000,1.0
2009-05-17,14:56:00,0.844,0.428,242.610,4.000,0.000,1.000,1.0
2009-05-17,14:57:00,0.866,0.436,242.970,4.000,0.000,2.000,0.0
2009-05-17,14:58:00,0.842,0.430,242.730,4.000,0.000,1.000,1.0
2009-05-17,14:59:00,0.828,0.424,241.850,3.800,0.000,2.000,1.0
2009-05-17,15:00:00,0.812,0.424,242.390,3.800,0.000,1.000,0.0
2009-05-17,15:01:00,0.842,0.434,242.910,4.000,0.000,2.000,1.0
2009-05-17,15:02:00,0.826,0.428,242.740,3.800,0.000,1.000,1.0
2009-05-17,15:03:00,0.786,0.344,242.780,3.600,0.000,2.000,0.0
2009-05-17,15:04:00,0.736,0.288,242.410,3.400,0.000,2.000,1.0
2009-05-17,15:05:00,0.750,0.290,241.770,3.400,0.000,1.000,1.0
2009-05-17,15:06:00,0.730,0.286,241.850,3.200,0.000,2.000,0.0
2009-05-17,15:07:00,0.746,0.288,241.390,3.400,0.000,1.000,1.0
2009-05-17,15:08:00,0.716,0.276,241.180,3.200,0.000,2.000,1.0
2009-05-17,15:09:00,0.736,0.284,241.720,3.400,0.000,1.000,0.0
2009-05-17,15:10:00,0.716,0.276,241.410,3.200,0.000,1.000,1.0
2009-05-17,15:11:00,0.740,0.286,242.350,3.400,0.000,2.000,1.0
2009-05-17,15:12:00,0.730,0.288,243.080,3.200,0.000,1.000,0.0
2009-05-17,15:13:00,0.734,0.292,243.570,3.200,0.000,2.000,1.0
2009-05-17,15:14:00,0.738,0.288,242.710,3.400,0.000,1.000,1.0
2009-05-17,15:15:00,0.722,0.288,243.640,3.200,0.000,2.000,0.0
2009-05-17,15:16:00,0.770,0.314,243.760,3.600,0.000,1.000,1.0
2009-05-17,15:17:00,0.878,0.406,241.650,4.000,0.000,1.000,1.0
2009-05-17,15:18:00,0.590,0.202,242.190,2.800,0.000,1.000,0.0
2009-05-17,15:19:00,0.538,0.208,241.890,2.400,0.000,0.000,1.0
2009-05-17,15:20:00,0.560,0.212,242.080,2.600,0.000,0.000,1.0
2009-05-17,15:21:00,0.536,0.206,241.610,2.400,0.000,0.000,0.0
2009-05-17,15:22:00,0.552,0.212,241.990,2.600,0.000,0.000,1.0
2009-05-17,15:23:00,0.566,0.188,242.680,2.600,0.000,0.000,1.0
2009-05-17,15:24:00,0.598,0.184,242.220,2.600,0.000,1.000,0.0
2009-05-17,15:25:00,0.576,0.178,241.580,2.600,0.000,0.000,1.0
2009-05-17,15:26:00,0.592,0.184,241.770,2.600,0.000,0.000,1.0
2009-05-17,15:27:00,0.574,0.180,241.770,2.600,0.000,0.000,0.0
2009-05-17,15:28:00,0.588,0.182,240.960,2.600,0.000,0.000,1.0
2009-05-17,15:29:00,0.570,0.176,240.630,2.600,0.000,0.000,1.0
2009-05-17,15:30:00,0.588,0.182,240.760,2.600,0.000,1.000,0.0
2009-05-17,15:31:00,0.570,0.176,240.960,2.600,0.000,0.000,1.0
2009-05-17,15:32:00,0.588,0.182,240.840,2.600,0.000,0.000,1.0
2009-05-17,15:33:00,0.572,0.184,242.430,2.600,0.000,0.000,0.0
2009-05-17,15:34:00,0.586,0.186,241.850,2.600,0.000,0.000,1.0
2009-05-17,15:35:00,0.534,0.118,241.660,2.400,0.000,0.000,1.0
2009-05-17,15:36:00,0.528,0.082,241.810,2.400,0.000,1.000,0.0
2009-05-17,15:37:00,0.510,0.080,242.160,2.200,0.000,0.000,1.0
2009-05-17,15:38:00,0.534,0.092,241.570,2.400,0.000,0.000,1.0
2009-05-17,15:39:00,0.510,0.084,241.120,2.200,0.000,0.000,0.0
2009-05-17,15:40:00,0.522,0.084,239.510,2.400,0.000,0.000,1.0
2009-05-17,15:41:00,0.506,0.080,239.940,2.200,0.000,0.000,1.0
2009-05-17,15:42:00,0.452,0.000,240.070,2.200,0.000,1.000,0.0
2009-05-17,15:43:00,0.430,0.000,241.310,2.000,0.000,0.000,1.0
2009-05-17,15:44:00,0.426,0.000,241.350,2.000,0.000,0.000,0.0
2009-05-17,15:45:00,0.438,0.000,242.010,2.000,0.000,0.000,1.0
2009-05-17,15:46:00,0.420,0.046,242.470,2.000,0.000,0.000,1.0
2009-05-17,15:47:00,0.436,0.000,242.270,2.000,0.000,1.000,0.0
2009-05-17,15:48:00,0.420,0.046,242.450,2.000,0.000,0.000,1.0
2009-05-17,15:49:00,0.440,0.000,242.250,2.000,0.000,0.000,1.0
2009-05-17,15:50:00,0.428,0.048,241.220,2.000,0.000,0.000,0.0
2009-05-17,15:51:00,0.450,0.000,241.500,2.000,0.000,0.000,1.0
2009-05-17,15:52:00,0.430,0.050,241.270,2.000,0.000,0.000,1.0
2009-05-17,15:53:00,0.450,0.000,241.160,2.000,0.000,0.000,0.0
2009-05-17,15:54:00,0.426,0.048,241.330,2.000,0.000,0.000,1.0
2009-05-17,15:55:00,0.450,0.046,240.690,2.000,0.000,1.000,1.0
2009-05-17,15:56:00,0.426,0.048,241.330,2.000,0.000,0.000,0.0
2009-05-17,15:57:00,0.522,0.000,241.650,2.400,0.000,0.000,1.0
2009-05-17,15:58:00,0.528,0.084,241.850,2.400,0.000,0.000,1.0
2009-05-17,15:59:00,0.542,0.088,241.400,2.400,0.000,0.000,0.0
2009-05-17,16:00:00,0.520,0.084,241.590,2.400,0.000,0.000,1.0
2009-05-17,16:01:00,0.540,0.090,241.750,2.400,0.000,1.000,1.0
2009-05-17,16:02:00,0.588,0.156,241.540,2.800,0.000,0.000,0.0
2009-05-17,16:03:00,0.610,0.190,240.770,2.800,0.000,0.000,1.0
2009-05-17,16:04:00,0.588,0.188,241.270,2.600,0.000,0.000,1.0
2009-05-17,16:05:00,0.612,0.192,241.090,2.800,0.000,0.000,0.0
2009-05-17,16:06:00,0.592,0.186,241.080,2.600,0.000,0.000,1.0
2009-05-17,16:07:00,0.604,0.190,241.050,2.800,0.000,1.000,1.0
2009-05-17,16:08:00,0.578,0.192,242.340,2.600,0.000,0.000,0.0
2009-05-17,16:09:00,0.600,0.200,243.100,2.600,0.000,0.000,1.0
2009-05-17,16:10:00,0.578,0.194,242.890,2.600,0.000,0.000,1.0
2009-05-17,16:11:00,0.592,0.196,242.570,2.600,0.000,0.000,0.0
2009-05-17,16:12:00,0.572,0.192,242.590,2.600,0.000,0.000,1.0
2009-05-17,16:13:00,0.594,0.198,242.830,2.600,0.000,1.000,1.0
2009-05-17,16:14:00,0.588,0.196,242.900,2.600,0.000,0.000,0.0
2009-05-17,16:15:00,0.570,0.188,241.360,2.600,0.000,0.000,1.0
2009-05-17,16:16:00,0.586,0.196,241.930,2.600,0.000,0.000,1.0
2009-05-17,16:17:00,0.566,0.194,242.640,2.600,0.000,0.000,0.0
2009-05-17,16:18:00,0.532,0.118,242.570,2.400,0.000,1.000,1.0
2009-05-17,16:19:00,0.414,0.048,241.770,1.800,0.000,0.000,1.0
2009-05-17,16:20:00,0.534,0.000,242.260,2.400,0.000,0.000,0.0
2009-05-17,16:21:00,0.410,0.046,242.750,1.800,0.000,0.000,1.0
2009-05-17,16:22:00,0.424,0.000,242.830,2.000,0.000,0.000,1.0
2009-05-17,16:23:00,0.392,0.046,242.580,1.800,0.000,0.000,0.0
2009-05-17,16:24:00,0.376,0.048,242.070,1.600,0.000,0.000,1.0
2009-05-17,16:25:00,0.352,0.056,241.880,1.600,0.000,0.000,1.0
2009-05-17,16:26:00,0.370,0.052,241.450,1.600,0.000,1.000,0.0
2009-05-17,16:27:00,0.348,0.058,240.840,1.600,0.000,0.000,1.0
2009-05-17,16:28:00,0.366,0.054,240.290,1.600,0.000,0.000,1.0
2009-05-17,16:29:00,0.346,0.060,239.940,1.600,0.000,0.000,0.0
2009-05-17,16:30:00,0.364,0.054,239.910,1.600,0.000,0.000,1.0
2009-05-17,16:31:00,0.344,0.062,238.730,1.600,0.000,0.000,1.0
2009-05-17,16:32:00,0.360,0.056,238.360,1.600,0.000,1.000,0.0
2009-05-17,16:33:00,0.342,0.060,238.770,1.600,0.000,0.000,1.0
2009-05-17,16:34:00,0.430,0.000,238.810,2.000,0.000,0.000,1.0
2009-05-17,16:35:00,0.446,0.066,238.530,2.000,0.000,0.000,0.0
2009-05-17,16:36:00,0.462,0.072,238.540,2.000,0.000,0.000,1.0
2009-05-17,16:37:00,0.438,0.064,237.470,2.000,0.000,0.000,1.0
2009-05-17,16:38:00,0.456,0.068,237.590,2.000,0.000,1.000,0.0
2009-05-17,16:39:00,0.438,0.066,238.530,2.000,0.000,0.000,1.0
2009-05-17,16:40:00,0.452,0.070,237.550,2.000,0.000,0.000,0.0
2009-05-17,16:41:00,0.436,0.066,238.390,1.800,0.000,0.000,1.0
2009-05-17,16:42:00,0.458,0.078,240.380,2.000,0.000,0.000,1.0
2009-05-17,16:43:00,0.446,0.078,241.280,2.000,0.000,0.000,0.0
2009-05-17,16:44:00,0.452,0.082,241.360,2.000,0.000,1.000,1.0
2009-05-17,16:45:00,0.454,0.078,240.360,2.000,0.000,0.000,1.0
2009-05-17,16:46:00,0.438,0.076,240.910,1.800,0.000,0.000,0.0
2009-05-17,16:47:00,0.526,0.154,241.640,2.400,0.000,0.000,1.0
2009-05-17,16:48:00,0.514,0.182,241.500,2.200,0.000,0.000,1.0
2009-05-17,16:49:00,0.530,0.182,240.170,2.400,0.000,1.000,0.0
2009-05-17,16:50:00,0.508,0.172,239.200,2.200,0.000,0.000,1.0
2009-05-17,16:51:00,0.526,0.178,239.260,2.400,0.000,0.000,1.0
2009-05-17,16:52:00,0.556,0.174,238.960,2.600,0.000,0.000,0.0
2009-05-17,16:53:00,0.620,0.214,238.060,3.000,0.000,1.000,1.0
2009-05-17,16:54:00,0.644,0.288,237.730,3.000,0.000,1.000,1.0
2009-05-17,16:55:00,0.604,0.214,239.110,2.800,0.000,2.000,0.0
2009-05-17,16:56:00,0.550,0.166,239.190,2.600,0.000,1.000,1.0
2009-05-17,16:57:00,0.570,0.162,237.020,2.600,0.000,2.000,1.0
2009-05-17,16:58:00,0.550,0.158,237.050,2.600,0.000,2.000,0.0
2009-05-17,16:59:00,0.568,0.164,237.630,2.600,0.000,1.000,1.0
2009-05-17,17:00:00,0.546,0.156,237.080,2.400,0.000,2.000,0.0
2009-05-17,17:01:00,0.556,0.158,236.210,2.600,0.000,2.000,1.0
2009-05-17,17:02:00,0.470,0.056,236.230,2.200,0.000,1.000,1.0
2009-05-17,17:03:00,0.496,0.060,236.330,2.200,0.000,2.000,0.0
2009-05-17,17:04:00,0.474,0.056,236.920,2.200,0.000,1.000,1.0
2009-05-17,17:05:00,0.494,0.060,236.760,2.200,0.000,2.000,1.0
2009-05-17,17:06:00,0.474,0.056,236.730,2.200,0.000,1.000,0.0
2009-05-17,17:07:00,0.490,0.060,236.880,2.200,0.000,2.000,1.0
2009-05-17,17:08:00,0.474,0.058,237.480,2.200,0.000,1.000,1.0
2009-05-17,17:09:00,0.488,0.064,237.850,2.200,0.000,2.000,0.0
2009-05-17,17:10:00,0.472,0.060,238.070,2.200,0.000,1.000,1.0
2009-05-17,17:11:00,0.608,0.192,237.350,2.800,0.000,2.000,1.0
2009-05-17,17:12:00,0.576,0.192,238.910,2.600,0.000,1.000,0.0
2009-05-17,17:13:00,0.590,0.196,238.960,2.800,0.000,2.000,1.0
2009-05-17,17:14:00,0.580,0.192,238.490,2.600,0.000,1.000,0.0
2009-05-17,17:15:00,0.574,0.192,238.260,2.600,0.000,1.000,1.0
2009-05-17,17:16:00,0.580,0.188,236.910,2.600,0.000,2.000,1.0
2009-05-17,17:17:00,0.558,0.180,235.660,2.600,0.000,1.000,0.0
2009-05-17,17:18:00,0.576,0.184,235.740,2.600,0.000,2.000,1.0
2009-05-17,17:19:00,0.556,0.180,236.210,2.600,0.000,1.000,1.0
2009-05-17,17:20:00,0.574,0.116,236.000,2.800,0.000,1.000,1.0
2009-05-17,17:21:00,1.056,0.172,235.880,4.600,0.000,0.000,10.0
2009-05-17,17:22:00,1.096,0.186,237.180,4.800,0.000,0.000,10.0
2009-05-17,17:23:00,1.108,0.180,236.760,4.800,0.000,0.000,11.0
2009-05-17,17:24:00,1.146,0.190,237.620,5.000,0.000,0.000,12.0
2009-05-17,17:25:00,1.130,0.188,237.960,4.800,0.000,0.000,11.0
2009-05-17,17:26:00,0.568,0.092,238.750,2.600,0.000,1.000,2.0
2009-05-17,17:27:00,0.480,0.076,238.490,2.200,0.000,0.000,1.0
2009-05-17,17:28:00,0.530,0.080,238.380,2.400,0.000,0.000,1.0
2009-05-17,17:29:00,0.570,0.074,238.290,2.800,0.000,0.000,0.0
2009-05-17,17:30:00,0.588,0.076,237.710,2.800,0.000,0.000,1.0
2009-05-17,17:31:00,0.568,0.000,237.570,2.800,0.000,0.000,1.0
2009-05-17,17:32:00,0.588,0.046,237.530,2.800,0.000,1.000,0.0
2009-05-17,17:33:00,0.554,0.000,236.400,2.600,0.000,0.000,1.0
2009-05-17,17:34:00,0.572,0.000,236.770,2.800,0.000,0.000,1.0
2009-05-17,17:35:00,0.516,0.000,238.070,2.400,0.000,0.000,0.0
2009-05-17,17:36:00,0.528,0.046,238.350,2.400,0.000,0.000,1.0
2009-05-17,17:37:00,0.510,0.000,238.230,2.400,0.000,0.000,0.0
2009-05-17,17:38:00,0.528,0.048,238.580,2.400,0.000,1.000,1.0
2009-05-17,17:39:00,0.508,0.046,239.350,2.400,0.000,0.000,1.0
2009-05-17,17:40:00,0.528,0.048,238.820,2.400,0.000,0.000,0.0
2009-05-17,17:41:00,0.508,0.000,238.220,2.400,0.000,0.000,1.0
2009-05-17,17:42:00,0.526,0.046,237.800,2.400,0.000,0.000,1.0
2009-05-17,17:43:00,0.508,0.000,237.860,2.400,0.000,0.000,0.0
2009-05-17,17:44:00,0.528,0.046,237.650,2.400,0.000,0.000,1.0
2009-05-17,17:45:00,0.458,0.052,238.480,2.200,0.000,0.000,1.0
2009-05-17,17:46:00,0.452,0.054,238.420,2.200,0.000,1.000,0.0
2009-05-17,17:47:00,0.542,0.000,237.730,2.600,0.000,0.000,1.0
2009-05-17,17:48:00,0.550,0.070,238.300,2.600,0.000,0.000,1.0
2009-05-17,17:49:00,0.560,0.076,238.620,2.600,0.000,0.000,0.0
2009-05-17,17:50:00,0.532,0.072,238.760,2.400,0.000,0.000,1.0
2009-05-17,17:51:00,0.528,0.072,238.730,2.400,0.000,0.000,1.0
2009-05-17,17:52:00,0.530,0.070,238.590,2.400,0.000,0.000,0.0
2009-05-17,17:53:00,0.530,0.072,238.670,2.400,0.000,0.000,1.0
2009-05-17,17:54:00,0.524,0.070,238.410,2.400,0.000,0.000,0.0
2009-05-17,17:55:00,0.526,0.070,238.640,2.400,0.000,0.000,1.0
2009-05-17,17:56:00,0.524,0.070,238.320,2.400,0.000,0.000,1.0
2009-05-17,17:57:00,0.524,0.074,239.080,2.400,0.000,0.000,0.0
2009-05-17,17:58:00,0.538,0.072,238.690,2.600,0.000,0.000,1.0
2009-05-17,17:59:00,0.524,0.072,238.930,2.400,0.000,0.000,1.0
2009-05-17,18:00:00,0.522,0.072,239.130,2.400,0.000,0.000,0.0
2009-05-17,18:01:00,0.520,0.072,239.230,2.400,0.000,0.000,1.0
2009-05-17,18:02:00,0.520,0.072,238.930,2.400,0.000,0.000,1.0
2009-05-17,18:03:00,0.520,0.072,239.140,2.400,0.000,0.000,0.0
2009-05-17,18:04:00,0.518,0.070,238.620,2.400,0.000,0.000,1.0
2009-05-17,18:05:00,0.522,0.072,238.930,2.400,0.000,0.000,1.0
2009-05-17,18:06:00,0.522,0.074,239.370,2.400,0.000,0.000,0.0
2009-05-17,18:07:00,0.512,0.000,237.610,2.400,0.000,0.000,1.0
2009-05-17,18:08:00,0.440,0.058,237.720,2.200,0.000,0.000,1.0
2009-05-17,18:09:00,0.470,0.056,237.440,2.400,0.000,0.000,0.0
2009-05-17,18:10:00,0.464,0.056,237.680,2.400,0.000,0.000,1.0
2009-05-17,18:11:00,0.458,0.056,237.040,2.400,0.000,0.000,0.0
2009-05-17,18:12:00,0.458,0.054,237.660,2.400,0.000,0.000,1.0
2009-05-17,18:13:00,0.460,0.054,238.110,2.400,0.000,0.000,1.0
2009-05-17,18:14:00,0.484,0.048,238.930,2.400,0.000,0.000,0.0
2009-05-17,18:15:00,0.542,0.046,238.970,2.600,0.000,0.000,1.0
2009-05-17,18:16:00,0.540,0.050,239.530,2.600,0.000,0.000,1.0
2009-05-17,18:17:00,0.538,0.046,238.300,2.600,0.000,0.000,0.0
2009-05-17,18:18:00,0.540,0.000,237.740,2.600,0.000,0.000,1.0
2009-05-17,18:19:00,0.538,0.046,238.310,2.600,0.000,0.000,1.0
2009-05-17,18:20:00,0.532,0.048,238.740,2.600,0.000,0.000,0.0
2009-05-17,18:21:00,0.534,0.048,238.710,2.600,0.000,0.000,1.0
2009-05-17,18:22:00,0.530,0.046,238.270,2.600,0.000,0.000,1.0
2009-05-17,18:23:00,0.582,0.094,238.860,2.800,0.000,0.000,0.0
2009-05-17,18:24:00,0.640,0.176,238.900,3.000,0.000,0.000,1.0
2009-05-17,18:25:00,0.636,0.176,238.810,3.000,0.000,0.000,1.0
2009-05-17,18:26:00,0.644,0.178,239.060,3.000,0.000,0.000,0.0
2009-05-17,18:27:00,0.628,0.168,238.940,3.000,0.000,0.000,1.0
2009-05-17,18:28:00,0.562,0.074,238.370,2.600,0.000,0.000,0.0
2009-05-17,18:29:00,0.564,0.074,238.300,2.600,0.000,0.000,1.0
2009-05-17,18:30:00,0.548,0.070,237.810,2.600,0.000,0.000,1.0
2009-05-17,18:31:00,0.528,0.072,237.690,2.400,0.000,0.000,0.0
2009-05-17,18:32:00,0.528,0.070,237.410,2.400,0.000,0.000,1.0
2009-05-17,18:33:00,0.530,0.072,237.890,2.400,0.000,0.000,1.0
2009-05-17,18:34:00,0.564,0.074,238.200,2.600,0.000,0.000,0.0
2009-05-17,18:35:00,0.572,0.076,238.660,2.800,0.000,0.000,1.0
2009-05-17,18:36:00,0.566,0.076,238.540,2.800,0.000,0.000,1.0
2009-05-17,18:37:00,0.564,0.078,239.280,2.600,0.000,0.000,0.0
2009-05-17,18:38:00,0.562,0.076,239.190,2.600,0.000,0.000,1.0
2009-05-17,18:39:00,0.558,0.078,239.440,2.600,0.000,0.000,1.0
2009-05-17,18:40:00,0.572,0.076,239.000,2.800,0.000,0.000,0.0
2009-05-17,18:41:00,0.564,0.074,238.720,2.600,0.000,0.000,1.0
2009-05-17,18:42:00,0.560,0.072,238.350,2.600,0.000,0.000,1.0
2009-05-17,18:43:00,0.568,0.084,238.900,2.800,0.000,0.000,0.0
2009-05-17,18:44:00,0.484,0.000,238.740,2.400,0.000,0.000,1.0
2009-05-17,18:45:00,0.468,0.056,238.330,2.400,0.000,0.000,0.0
2009-05-17,18:46:00,0.484,0.054,238.180,2.400,0.000,0.000,1.0
2009-05-17,18:47:00,0.472,0.056,238.530,2.400,0.000,0.000,1.0
2009-05-17,18:48:00,0.478,0.054,239.060,2.400,0.000,0.000,0.0
2009-05-17,18:49:00,0.678,0.114,239.160,3.000,0.000,0.000,1.0
2009-05-17,18:50:00,0.710,0.122,239.100,3.200,0.000,0.000,1.0
2009-05-17,18:51:00,0.732,0.000,238.560,3.400,0.000,0.000,0.0
2009-05-17,18:52:00,0.736,0.000,238.430,3.400,0.000,0.000,1.0
2009-05-17,18:53:00,0.784,0.086,238.410,3.600,0.000,0.000,1.0
2009-05-17,18:54:00,0.800,0.126,237.850,3.600,0.000,0.000,0.0
2009-05-17,18:55:00,0.796,0.122,238.080,3.600,0.000,0.000,1.0
2009-05-17,18:56:00,0.822,0.222,238.600,3.800,0.000,1.000,1.0
2009-05-17,18:57:00,0.822,0.252,238.960,3.600,0.000,1.000,0.0
2009-05-17,18:58:00,0.814,0.252,238.900,3.600,0.000,1.000,1.0
2009-05-17,18:59:00,0.914,0.356,239.360,4.200,0.000,2.000,1.0
2009-05-17,19:00:00,0.920,0.382,239.180,4.200,0.000,1.000,0.0
2009-05-17,19:01:00,0.918,0.380,239.150,4.200,0.000,2.000,1.0
2009-05-17,19:02:00,0.910,0.378,238.610,4.200,0.000,1.000,0.0
2009-05-17,19:03:00,0.910,0.380,238.950,4.200,0.000,2.000,1.0
2009-05-17,19:04:00,0.906,0.378,238.540,4.200,0.000,1.000,1.0
2009-05-17,19:05:00,0.902,0.376,238.190,4.200,0.000,2.000,0.0
2009-05-17,19:06:00,0.902,0.376,238.330,4.200,0.000,1.000,1.0
2009-05-17,19:07:00,0.902,0.378,238.550,4.200,0.000,1.000,1.0
2009-05-17,19:08:00,1.332,0.494,238.190,6.800,0.000,2.000,0.0
2009-05-17,19:09:00,1.876,0.498,237.580,8.800,0.000,1.000,5.0
2009-05-17,19:10:00,1.982,0.366,237.520,8.400,0.000,1.000,19.0
2009-05-17,19:11:00,3.122,0.572,236.060,13.800,0.000,2.000,18.0
2009-05-17,19:12:00,1.984,0.370,237.310,8.600,0.000,1.000,19.0
2009-05-17,19:13:00,2.384,0.448,237.080,10.600,0.000,1.000,18.0
2009-05-17,19:14:00,1.940,0.366,237.600,8.400,0.000,2.000,18.0
2009-05-17,19:15:00,1.798,0.322,236.880,7.800,0.000,1.000,18.0
2009-05-17,19:16:00,1.648,0.272,236.760,7.000,0.000,1.000,18.0
2009-05-17,19:17:00,1.648,0.274,236.910,7.000,0.000,1.000,17.0
2009-05-17,19:18:00,1.656,0.278,237.740,7.000,0.000,2.000,18.0
2009-05-17,19:19:00,2.078,0.370,237.640,9.400,0.000,1.000,18.0
2009-05-17,19:20:00,2.048,0.362,238.110,9.200,0.000,1.000,18.0
2009-05-17,19:21:00,1.660,0.280,238.330,7.000,0.000,1.000,18.0
2009-05-17,19:22:00,1.646,0.252,238.100,7.000,0.000,1.000,19.0
2009-05-17,19:23:00,1.572,0.124,237.880,6.600,0.000,0.000,18.0
2009-05-17,19:24:00,1.498,0.000,237.810,6.200,0.000,0.000,17.0
2009-05-17,19:25:00,1.502,0.000,238.470,6.200,0.000,0.000,19.0
2009-05-17,19:26:00,1.494,0.000,237.800,6.200,0.000,0.000,18.0
2009-05-17,19:27:00,1.496,0.000,238.280,6.200,0.000,0.000,18.0
2009-05-17,19:28:00,1.484,0.000,237.170,6.200,0.000,0.000,17.0
2009-05-17,19:29:00,1.486,0.000,237.300,6.200,0.000,0.000,18.0
2009-05-17,19:30:00,1.486,0.000,237.450,6.200,0.000,0.000,18.0
2009-05-17,19:31:00,1.498,0.000,236.990,6.400,0.000,0.000,18.0
2009-05-17,19:32:00,1.528,0.000,237.590,6.400,0.000,0.000,18.0
2009-05-17,19:33:00,1.524,0.000,237.440,6.400,0.000,0.000,18.0
2009-05-17,19:34:00,1.534,0.046,237.410,6.400,0.000,0.000,18.0
2009-05-17,19:35:00,1.614,0.064,238.170,6.800,1.000,0.000,18.0
2009-05-17,19:36:00,1.598,0.050,238.130,6.800,1.000,0.000,18.0
2009-05-17,19:37:00,1.598,0.000,237.320,6.800,1.000,0.000,18.0
2009-05-17,19:38:00,1.598,0.000,237.170,6.800,1.000,0.000,18.0
2009-05-17,19:39:00,1.708,0.152,237.890,7.200,2.000,0.000,18.0
2009-05-17,19:40:00,1.690,0.166,237.070,7.200,1.000,0.000,18.0
2009-05-17,19:41:00,1.690,0.140,236.520,7.200,1.000,0.000,17.0
2009-05-17,19:42:00,2.312,0.058,235.550,10.200,1.000,0.000,18.0
2009-05-17,19:43:00,2.040,0.072,235.430,9.000,1.000,0.000,18.0
2009-05-17,19:44:00,1.760,0.058,234.930,7.600,1.000,0.000,17.0
2009-05-17,19:45:00,1.762,0.058,234.750,7.600,1.000,0.000,18.0
2009-05-17,19:46:00,1.748,0.062,235.850,7.400,2.000,0.000,17.0
2009-05-17,19:47:00,2.074,0.088,235.100,9.200,1.000,0.000,18.0
2009-05-17,19:48:00,2.490,0.092,234.850,11.000,1.000,0.000,17.0
2009-05-17,19:49:00,1.784,0.060,235.070,7.800,1.000,0.000,18.0
2009-05-17,19:50:00,1.584,0.060,234.520,6.800,1.000,0.000,18.0
2009-05-17,19:51:00,1.576,0.058,234.120,6.800,1.000,0.000,17.0
2009-05-17,19:52:00,1.580,0.060,234.240,6.800,2.000,0.000,17.0
2009-05-17,19:53:00,1.558,0.092,233.610,6.800,0.000,0.000,18.0
2009-05-17,19:54:00,1.560,0.078,234.490,6.600,1.000,0.000,17.0
2009-05-17,19:55:00,1.606,0.076,236.650,6.800,2.000,0.000,18.0
2009-05-17,19:56:00,3.562,0.050,234.290,15.400,32.000,0.000,17.0
2009-05-17,19:57:00,3.704,0.046,234.030,15.800,36.000,0.000,18.0
2009-05-17,19:58:00,3.722,0.050,234.790,15.800,37.000,0.000,17.0
2009-05-17,19:59:00,3.706,0.046,234.230,15.800,36.000,0.000,18.0
2009-05-17,20:00:00,3.650,0.000,234.150,15.600,37.000,0.000,17.0
2009-05-17,20:01:00,4.110,0.000,232.930,17.600,36.000,0.000,23.0
2009-05-17,20:02:00,4.482,0.000,234.340,19.000,36.000,0.000,27.0
2009-05-17,20:03:00,4.408,0.000,234.470,18.800,37.000,0.000,28.0
2009-05-17,20:04:00,4.316,0.000,233.030,18.400,36.000,0.000,27.0
2009-05-17,20:05:00,4.316,0.000,233.090,18.400,36.000,0.000,28.0
2009-05-17,20:06:00,3.944,0.000,233.180,17.000,36.000,0.000,23.0
2009-05-17,20:07:00,3.540,0.076,234.050,15.200,35.000,0.000,17.0
2009-05-17,20:08:00,1.616,0.060,236.070,6.800,1.000,0.000,18.0
2009-05-17,20:09:00,1.622,0.058,237.040,6.800,1.000,0.000,17.0
2009-05-17,20:10:00,1.628,0.058,237.540,6.800,2.000,0.000,18.0
2009-05-17,20:11:00,1.618,0.058,237.230,6.800,1.000,0.000,18.0
2009-05-17,20:12:00,1.704,0.000,237.620,7.200,1.000,0.000,18.0
2009-05-17,20:13:00,1.698,0.000,237.520,7.200,1.000,0.000,18.0
2009-05-17,20:14:00,1.700,0.000,237.510,7.200,1.000,0.000,18.0
2009-05-17,20:15:00,1.718,0.000,238.670,7.200,1.000,0.000,18.0
2009-05-17,20:16:00,1.808,0.154,237.970,7.600,1.000,0.000,18.0
2009-05-17,20:17:00,1.794,0.166,237.430,7.600,2.000,0.000,18.0
2009-05-17,20:18:00,1.790,0.164,237.080,7.600,1.000,0.000,18.0
2009-05-17,20:19:00,1.780,0.166,237.070,7.600,1.000,0.000,18.0
2009-05-17,20:20:00,1.798,0.168,237.760,7.600,1.000,0.000,18.0
2009-05-17,20:21:00,1.788,0.166,237.280,7.600,1.000,0.000,18.0
2009-05-17,20:22:00,1.786,0.166,237.050,7.600,1.000,0.000,18.0
2009-05-17,20:23:00,1.788,0.168,237.850,7.600,1.000,0.000,17.0
2009-05-17,20:24:00,1.782,0.166,237.300,7.600,2.000,0.000,18.0
2009-05-17,20:25:00,1.722,0.072,237.060,7.200,1.000,0.000,18.0
2009-05-17,20:26:00,1.714,0.066,237.120,7.200,1.000,0.000,18.0
2009-05-17,20:27:00,1.718,0.066,237.220,7.200,1.000,0.000,18.0
2009-05-17,20:28:00,1.708,0.064,236.560,7.200,1.000,0.000,18.0
2009-05-17,20:29:00,1.712,0.066,237.120,7.200,1.000,0.000,18.0
2009-05-17,20:30:00,1.710,0.066,237.200,7.200,1.000,0.000,18.0
2009-05-17,20:31:00,1.708,0.064,236.810,7.200,2.000,0.000,17.0
2009-05-17,20:32:00,1.712,0.066,237.410,7.200,1.000,0.000,18.0
2009-05-17,20:33:00,1.718,0.066,237.450,7.200,1.000,0.000,18.0
2009-05-17,20:34:00,1.696,0.000,237.550,7.200,1.000,0.000,18.0
2009-05-17,20:35:00,1.642,0.060,237.780,7.000,1.000,0.000,18.0
2009-05-17,20:36:00,1.644,0.058,238.350,7.000,1.000,0.000,18.0
2009-05-17,20:37:00,1.850,0.060,238.040,7.800,1.000,0.000,18.0
2009-05-17,20:38:00,1.904,0.064,237.990,8.000,1.000,0.000,18.0
2009-05-17,20:39:00,1.900,0.064,238.190,8.000,2.000,0.000,18.0
2009-05-17,20:40:00,1.906,0.062,238.860,8.000,1.000,0.000,18.0
2009-05-17,20:41:00,1.904,0.062,238.180,8.000,1.000,0.000,18.0
2009-05-17,20:42:00,1.878,0.064,236.940,8.000,1.000,0.000,18.0
2009-05-17,20:43:00,1.874,0.064,236.510,8.000,1.000,0.000,18.0
2009-05-17,20:44:00,1.434,0.060,237.440,6.400,1.000,0.000,11.0
2009-05-17,20:45:00,0.856,0.054,238.160,3.600,1.000,0.000,1.0
2009-05-17,20:46:00,0.848,0.054,238.220,3.600,2.000,0.000,1.0
2009-05-17,20:47:00,0.852,0.054,238.200,3.600,1.000,0.000,0.0
2009-05-17,20:48:00,0.846,0.056,237.610,3.600,1.000,0.000,1.0
2009-05-17,20:49:00,0.852,0.052,238.760,3.600,1.000,0.000,0.0
2009-05-17,20:50:00,0.854,0.048,238.880,3.600,1.000,0.000,1.0
2009-05-17,20:51:00,0.970,0.070,239.400,4.200,1.000,0.000,1.0
2009-05-17,20:52:00,0.950,0.074,238.430,4.000,2.000,0.000,0.0
2009-05-17,20:53:00,0.998,0.126,238.710,4.400,1.000,0.000,1.0
2009-05-17,20:54:00,1.020,0.176,238.950,4.400,1.000,0.000,1.0
2009-05-17,20:55:00,1.020,0.176,238.790,4.400,1.000,0.000,0.0
2009-05-17,20:56:00,1.014,0.172,237.990,4.400,1.000,0.000,1.0
2009-05-17,20:57:00,1.010,0.174,238.380,4.400,1.000,0.000,1.0
2009-05-17,20:58:00,0.998,0.174,238.120,4.400,1.000,0.000,0.0
2009-05-17,20:59:00,0.986,0.276,237.360,4.400,1.000,0.000,1.0
2009-05-17,21:00:00,1.010,0.320,236.670,4.600,1.000,1.000,1.0
2009-05-17,21:01:00,0.948,0.312,236.270,4.200,1.000,2.000,0.0
2009-05-17,21:02:00,1.138,0.290,236.150,5.000,1.000,1.000,1.0
2009-05-17,21:03:00,1.140,0.284,235.590,5.000,1.000,2.000,0.0
2009-05-17,21:04:00,1.070,0.282,235.710,4.600,1.000,1.000,1.0
2009-05-17,21:05:00,1.150,0.278,235.450,5.000,1.000,2.000,1.0
2009-05-17,21:06:00,1.190,0.218,235.510,5.000,2.000,1.000,0.0
2009-05-17,21:07:00,1.160,0.180,235.620,5.000,1.000,1.000,1.0
2009-05-17,21:08:00,1.148,0.156,236.050,4.800,1.000,2.000,1.0
2009-05-17,21:09:00,1.058,0.072,236.420,4.400,1.000,1.000,0.0
2009-05-17,21:10:00,1.056,0.086,237.460,4.400,0.000,2.000,1.0
2009-05-17,21:11:00,1.038,0.090,237.230,4.400,1.000,1.000,1.0
2009-05-17,21:12:00,1.074,0.068,237.510,4.400,1.000,1.000,0.0
2009-05-17,21:13:00,2.284,0.050,236.160,10.600,19.000,2.000,1.0
2009-05-17,21:14:00,3.210,0.000,235.510,13.600,37.000,1.000,0.0
2009-05-17,21:15:00,3.198,0.000,235.180,13.600,36.000,1.000,1.0
2009-05-17,21:16:00,3.214,0.000,235.950,13.600,37.000,1.000,1.0
2009-05-17,21:17:00,3.194,0.000,235.220,13.600,37.000,2.000,0.0
2009-05-17,21:18:00,3.178,0.000,234.770,13.400,36.000,1.000,1.0
2009-05-17,21:19:00,3.184,0.000,234.890,13.400,37.000,1.000,1.0
2009-05-17,21:20:00,3.186,0.000,235.120,13.400,36.000,1.000,0.0
2009-05-17,21:21:00,3.212,0.000,234.100,13.600,36.000,2.000,1.0
2009-05-17,21:22:00,3.242,0.000,233.780,13.800,36.000,1.000,0.0
2009-05-17,21:23:00,3.330,0.000,233.840,14.200,36.000,1.000,1.0
2009-05-17,21:24:00,3.456,0.050,234.620,14.600,37.000,1.000,1.0
2009-05-17,21:25:00,3.530,0.156,234.550,15.000,36.000,2.000,0.0
2009-05-17,21:26:00,3.304,0.000,234.380,14.000,36.000,0.000,1.0
2009-05-17,21:27:00,2.258,0.056,236.670,10.200,21.000,0.000,1.0
2009-05-17,21:28:00,1.312,0.062,238.790,5.400,0.000,0.000,0.0
2009-05-17,21:29:00,1.170,0.062,238.710,4.800,0.000,0.000,1.0
2009-05-17,21:30:00,0.984,0.066,238.900,4.000,0.000,0.000,1.0
2009-05-17,21:31:00,1.000,0.094,238.520,4.200,0.000,0.000,0.0
2009-05-17,21:32:00,0.984,0.062,238.620,4.200,0.000,0.000,1.0
2009-05-17,21:33:00,0.974,0.056,238.300,4.000,0.000,0.000,0.0
2009-05-17,21:34:00,0.972,0.056,238.320,4.000,0.000,0.000,1.0
2009-05-17,21:35:00,1.044,0.130,238.180,4.400,0.000,0.000,1.0
2009-05-17,21:36:00,1.044,0.154,237.890,4.400,0.000,0.000,0.0
2009-05-17,21:37:00,1.042,0.152,237.540,4.400,0.000,0.000,1.0
2009-05-17,21:38:00,1.324,0.154,236.220,5.800,0.000,0.000,1.0
2009-05-17,21:39:00,1.540,0.158,235.750,6.600,0.000,0.000,0.0
2009-05-17,21:40:00,1.538,0.160,235.870,6.600,0.000,0.000,1.0
2009-05-17,21:41:00,1.528,0.156,235.100,6.400,0.000,0.000,1.0
2009-05-17,21:42:00,1.476,0.158,236.090,6.200,0.000,0.000,0.0
2009-05-17,21:43:00,0.990,0.092,237.090,4.200,0.000,0.000,1.0
2009-05-17,21:44:00,0.940,0.000,236.760,4.000,0.000,0.000,1.0
2009-05-17,21:45:00,0.938,0.000,236.700,4.000,0.000,0.000,0.0
2009-05-17,21:46:00,0.940,0.000,237.140,4.000,0.000,0.000,1.0
2009-05-17,21:47:00,0.940,0.000,236.670,4.000,0.000,0.000,0.0
2009-05-17,21:48:00,0.892,0.000,236.760,3.800,0.000,0.000,1.0
2009-05-17,21:49:00,0.872,0.074,236.720,3.600,0.000,0.000,1.0
2009-05-17,21:50:00,0.880,0.074,238.380,3.600,0.000,0.000,0.0
2009-05-17,21:51:00,0.930,0.074,238.330,3.800,0.000,0.000,1.0
2009-05-17,21:52:00,0.956,0.076,237.830,4.000,0.000,0.000,1.0
2009-05-17,21:53:00,0.836,0.072,238.460,3.600,0.000,0.000,0.0
2009-05-17,21:54:00,0.664,0.066,237.420,2.800,0.000,0.000,1.0
2009-05-17,21:55:00,0.628,0.000,237.890,2.600,0.000,0.000,1.0
2009-05-17,21:56:00,0.638,0.000,239.920,2.600,0.000,0.000,0.0
2009-05-17,21:57:00,0.688,0.000,239.630,2.800,0.000,0.000,1.0
2009-05-17,21:58:00,0.816,0.000,239.200,3.400,0.000,0.000,1.0
2009-05-17,21:59:00,1.278,0.000,239.510,5.600,0.000,0.000,0.0
2009-05-17,22:00:00,1.630,0.142,239.380,6.800,0.000,0.000,1.0
2009-05-17,22:01:00,1.476,0.104,239.480,6.200,0.000,0.000,0.0
2009-05-17,22:02:00,1.492,0.128,238.750,6.200,0.000,0.000,1.0
2009-05-17,22:03:00,1.462,0.090,239.040,6.000,0.000,0.000,1.0
2009-05-17,22:04:00,1.454,0.088,238.430,6.000,0.000,0.000,0.0
2009-05-17,22:05:00,1.456,0.088,238.640,6.000,0.000,0.000,1.0
2009-05-17,22:06:00,1.450,0.088,238.260,6.000,0.000,0.000,1.0
2009-05-17,22:07:00,1.446,0.086,237.900,6.000,0.000,0.000,0.0
2009-05-17,22:08:00,1.450,0.088,238.550,6.000,0.000,0.000,1.0
2009-05-17,22:09:00,1.450,0.088,238.500,6.000,0.000,0.000,1.0
2009-05-17,22:10:00,1.452,0.088,238.990,6.000,0.000,0.000,0.0
2009-05-17,22:11:00,1.458,0.090,239.640,6.000,0.000,0.000,1.0
2009-05-17,22:12:00,1.464,0.090,239.840,6.000,0.000,0.000,1.0
2009-05-17,22:13:00,1.466,0.090,240.180,6.000,0.000,0.000,0.0
2009-05-17,22:14:00,1.466,0.092,240.360,6.000,0.000,0.000,1.0
2009-05-17,22:15:00,1.468,0.092,240.490,6.000,0.000,0.000,1.0
2009-05-17,22:16:00,1.522,0.094,241.860,6.200,0.000,0.000,0.0
2009-05-17,22:17:00,1.558,0.176,242.470,6.400,0.000,0.000,1.0
2009-05-17,22:18:00,1.490,0.104,241.840,6.200,0.000,0.000,1.0
2009-05-17,22:19:00,1.444,0.078,242.000,6.000,0.000,0.000,0.0
2009-05-17,22:20:00,1.340,0.088,241.900,5.600,0.000,0.000,1.0
2009-05-17,22:21:00,1.674,0.098,241.180,6.800,0.000,0.000,1.0
2009-05-17,22:22:00,1.668,0.096,240.960,6.800,0.000,0.000,0.0
2009-05-17,22:23:00,1.796,0.092,240.200,7.400,0.000,0.000,1.0
2009-05-17,22:24:00,1.854,0.092,239.870,7.600,0.000,0.000,1.0
2009-05-17,22:25:00,1.822,0.094,240.200,7.600,0.000,0.000,0.0
2009-05-17,22:26:00,1.266,0.084,240.870,5.200,0.000,0.000,1.0
2009-05-17,22:27:00,1.252,0.086,241.200,5.200,0.000,0.000,1.0
2009-05-17,22:28:00,1.250,0.084,241.030,5.200,0.000,0.000,0.0
2009-05-17,22:29:00,1.222,0.000,241.330,5.000,0.000,0.000,1.0
2009-05-17,22:30:00,1.184,0.000,240.990,4.800,0.000,0.000,1.0
2009-05-17,22:31:00,1.740,0.112,240.620,7.200,0.000,0.000,9.0
2009-05-17,22:32:00,1.784,0.116,240.860,7.400,0.000,0.000,11.0
2009-05-17,22:33:00,1.820,0.118,241.320,7.600,0.000,0.000,11.0
2009-05-17,22:34:00,1.952,0.162,241.310,8.200,0.000,0.000,11.0
2009-05-17,22:35:00,1.768,0.202,241.810,7.400,0.000,0.000,10.0
2009-05-17,22:36:00,1.270,0.092,242.910,5.200,0.000,0.000,0.0
2009-05-17,22:37:00,1.270,0.094,243.200,5.200,0.000,0.000,1.0
2009-05-17,22:38:00,1.270,0.094,243.110,5.200,0.000,0.000,1.0
2009-05-17,22:39:00,1.286,0.092,242.690,5.200,0.000,0.000,0.0
2009-05-17,22:40:00,1.260,0.090,242.050,5.200,0.000,0.000,1.0
2009-05-17,22:41:00,1.258,0.090,241.990,5.200,0.000,0.000,1.0
2009-05-17,22:42:00,1.252,0.088,241.600,5.200,0.000,0.000,0.0
2009-05-17,22:43:00,1.246,0.086,240.820,5.200,0.000,0.000,1.0
2009-05-17,22:44:00,1.250,0.088,241.530,5.200,0.000,0.000,1.0
2009-05-17,22:45:00,1.254,0.090,242.110,5.200,0.000,0.000,0.0
2009-05-17,22:46:00,0.926,0.090,242.300,4.000,0.000,0.000,1.0
2009-05-17,22:47:00,0.608,0.090,242.780,2.600,0.000,0.000,1.0
2009-05-17,22:48:00,0.492,0.090,242.240,2.000,0.000,0.000,0.0
2009-05-17,22:49:00,0.414,0.092,242.370,1.800,0.000,0.000,1.0
2009-05-17,22:50:00,0.386,0.092,242.270,1.600,0.000,0.000,1.0
2009-05-17,22:51:00,0.384,0.090,241.580,1.600,0.000,0.000,0.0
2009-05-17,22:52:00,0.358,0.052,241.370,1.600,0.000,0.000,1.0
2009-05-17,22:53:00,0.292,0.000,241.630,1.200,0.000,0.000,1.0
2009-05-17,22:54:00,0.292,0.000,241.870,1.200,0.000,0.000,0.0
2009-05-17,22:55:00,0.290,0.000,241.010,1.200,0.000,0.000,1.0
2009-05-17,22:56:00,0.290,0.000,240.790,1.200,0.000,0.000,1.0
2009-05-17,22:57:00,0.290,0.000,240.780,1.200,0.000,0.000,0.0
2009-05-17,22:58:00,0.290,0.000,240.550,1.200,0.000,0.000,1.0
2009-05-17,22:59:00,0.372,0.000,240.480,1.600,0.000,0.000,0.0
2009-05-17,23:00:00,0.366,0.058,240.530,1.600,0.000,0.000,1.0
2009-05-17,23:01:00,0.366,0.058,240.830,1.600,0.000,0.000,1.0
2009-05-17,23:02:00,0.366,0.058,240.790,1.600,0.000,0.000,0.0
2009-05-17,23:03:00,0.446,0.086,240.570,2.000,0.000,0.000,1.0
2009-05-17,23:04:00,1.316,0.176,240.280,5.600,0.000,0.000,1.0
2009-05-17,23:05:00,1.248,0.174,240.210,5.400,0.000,2.000,0.0
2009-05-17,23:06:00,0.674,0.226,240.980,3.000,0.000,1.000,1.0
2009-05-17,23:07:00,0.696,0.294,241.300,3.200,0.000,1.000,1.0
2009-05-17,23:08:00,0.698,0.296,241.800,3.200,0.000,2.000,0.0
2009-05-17,23:09:00,0.870,0.508,241.960,4.200,0.000,1.000,1.0
2009-05-17,23:10:00,0.956,0.614,241.840,4.600,0.000,2.000,1.0
2009-05-17,23:11:00,0.850,0.528,242.080,4.000,0.000,1.000,0.0
2009-05-17,23:12:00,0.776,0.522,242.480,3.800,0.000,2.000,1.0
2009-05-17,23:13:00,0.716,0.522,242.470,3.600,0.000,1.000,1.0
2009-05-17,23:14:00,0.708,0.514,241.980,3.600,0.000,1.000,0.0
2009-05-17,23:15:00,0.646,0.420,241.900,3.200,0.000,2.000,1.0
2009-05-17,23:16:00,0.640,0.422,241.890,3.200,0.000,1.000,1.0
2009-05-17,23:17:00,0.640,0.422,241.840,3.200,0.000,2.000,0.0
2009-05-17,23:18:00,0.636,0.422,242.080,3.200,0.000,1.000,1.0
2009-05-17,23:19:00,0.638,0.424,242.200,3.200,0.000,1.000,1.0
2009-05-17,23:20:00,0.620,0.386,242.200,3.000,0.000,2.000,0.0
2009-05-17,23:21:00,0.536,0.214,242.550,2.400,0.000,1.000,1.0
2009-05-17,23:22:00,0.536,0.216,242.960,2.400,0.000,1.000,1.0
2009-05-17,23:23:00,0.532,0.214,242.510,2.400,0.000,1.000,0.0
2009-05-17,23:24:00,0.528,0.214,242.400,2.400,0.000,2.000,1.0
2009-05-17,23:25:00,0.530,0.214,242.560,2.400,0.000,1.000,1.0
2009-05-17,23:26:00,0.510,0.184,242.690,2.200,0.000,1.000,0.0
2009-05-17,23:27:00,0.438,0.078,242.600,1.800,0.000,1.000,1.0
2009-05-17,23:28:00,0.436,0.076,242.310,1.800,0.000,2.000,1.0
2009-05-17,23:29:00,0.436,0.074,241.480,1.800,0.000,1.000,0.0
2009-05-17,23:30:00,0.364,0.000,241.750,1.600,0.000,0.000,1.0
2009-05-17,23:31:00,0.364,0.000,242.010,1.600,0.000,0.000,1.0
2009-05-17,23:32:00,0.364,0.000,242.000,1.600,0.000,0.000,0.0
2009-05-17,23:33:00,0.360,0.000,241.840,1.600,0.000,0.000,1.0
2009-05-17,23:34:00,0.362,0.000,242.420,1.600,0.000,0.000,1.0
2009-05-17,23:35:00,0.362,0.000,242.300,1.600,0.000,0.000,0.0
2009-05-17,23:36:00,0.362,0.000,242.510,1.600,0.000,0.000,1.0
2009-05-17,23:37:00,0.336,0.000,242.370,1.400,0.000,0.000,1.0
2009-05-17,23:38:00,0.248,0.000,242.960,1.000,0.000,0.000,0.0
2009-05-17,23:39:00,0.248,0.000,243.400,1.000,0.000,0.000,1.0
2009-05-17,23:40:00,0.246,0.000,243.270,1.000,0.000,0.000,1.0
2009-05-17,23:41:00,0.246,0.000,243.110,1.000,0.000,0.000,0.0
2009-05-17,23:42:00,0.246,0.000,243.320,1.000,0.000,0.000,1.0
2009-05-17,23:43:00,0.338,0.056,242.990,1.400,0.000,0.000,1.0
2009-05-17,23:44:00,0.372,0.100,243.050,1.600,0.000,0.000,0.0
2009-05-17,23:45:00,0.428,0.198,242.960,1.800,0.000,0.000,1.0
2009-05-17,23:46:00,0.424,0.196,242.570,1.800,0.000,0.000,1.0
2009-05-17,23:47:00,0.424,0.196,242.520,1.800,0.000,0.000,0.0
2009-05-17,23:48:00,0.422,0.198,243.120,1.800,0.000,0.000,1.0
2009-05-17,23:49:00,0.420,0.200,243.660,1.800,0.000,0.000,1.0
2009-05-17,23:50:00,0.418,0.200,243.720,1.800,0.000,0.000,0.0
2009-05-17,23:51:00,0.414,0.198,243.160,1.800,0.000,0.000,1.0
2009-05-17,23:52:00,0.408,0.190,240.760,1.800,0.000,0.000,1.0
2009-05-17,23:53:00,0.408,0.192,240.950,1.800,0.000,0.000,0.0
2009-05-17,23:54:00,0.408,0.192,241.140,1.800,0.000,0.000,1.0
2009-05-17,23:55:00,0.404,0.192,240.830,1.800,0.000,0.000,1.0
2009-05-17,23:56:00,0.404,0.192,240.800,1.800,0.000,0.000,0.0
2009-05-17,23:57:00,0.334,0.090,240.790,1.400,0.000,0.000,1.0
2009-05-17,23:58:00,0.334,0.088,240.690,1.400,0.000,0.000,1.0
2009-05-17,23:59:00,0.332,0.086,239.950,1.400,0.000,0.000,0.0
