Date,Time,Global_active_power,Global_reactive_power,Voltage,Global_intensity,Sub_metering_1,Sub_metering_2,Sub_metering_3
2009-05-02,00:00:00,0.262,0.000,245.700,1.000,0.000,0.000,1.0
2009-05-02,00:01:00,0.260,0.000,245.250,1.000,0.000,0.000,1.0
2009-05-02,00:02:00,0.260,0.000,245.170,1.000,0.000,0.000,0.0
2009-05-02,00:03:00,0.262,0.000,245.460,1.000,0.000,0.000,1.0
2009-05-02,00:04:00,0.260,0.000,245.250,1.000,0.000,0.000,1.0
2009-05-02,00:05:00,0.260,0.000,245.250,1.000,0.000,0.000,0.0
2009-05-02,00:06:00,0.260,0.000,244.950,1.000,0.000,0.000,1.0
2009-05-02,00:07:00,0.260,0.000,245.060,1.000,0.000,0.000,1.0
2009-05-02,00:08:00,0.260,0.000,245.380,1.000,0.000,0.000,0.0
2009-05-02,00:09:00,0.260,0.000,245.470,1.000,0.000,0.000,1.0
2009-05-02,00:10:00,0.262,0.000,245.650,1.000,0.000,0.000,1.0
2009-05-02,00:11:00,0.290,0.000,245.710,1.200,0.000,0.000,0.0
2009-05-02,00:12:00,0.372,0.154,245.590,1.600,0.000,0.000,1.0
2009-05-02,00:13:00,0.370,0.156,245.690,1.600,0.000,0.000,1.0
2009-05-02,00:14:00,0.366,0.154,245.630,1.600,0.000,0.000,1.0
2009-05-02,00:15:00,0.364,0.154,245.340,1.600,0.000,0.000,0.0
2009-05-02,00:16:00,0.440,0.240,245.450,2.000,0.000,0.000,1.0
2009-05-02,00:17:00,0.440,0.266,245.680,2.000,0.000,0.000,1.0
2009-05-02,00:18:00,0.438,0.266,245.800,2.000,0.000,0.000,0.0
2009-05-02,00:19:00,0.438,0.268,246.050,2.000,0.000,0.000,1.0
2009-05-02,00:20:00,0.436,0.270,246.510,2.000,0.000,0.000,1.0
2009-05-02,00:21:00,0.428,0.258,244.290,2.000,0.000,0.000,0.0
2009-05-02,00:22:00,0.426,0.254,243.930,2.000,0.000,0.000,1.0
2009-05-02,00:23:00,0.424,0.254,243.670,2.000,0.000,0.000,1.0
2009-05-02,00:24:00,0.424,0.254,243.900,2.000,0.000,0.000,0.0
2009-05-02,00:25:00,0.424,0.256,244.180,2.000,0.000,0.000,1.0
2009-05-02,00:26:00,0.422,0.256,244.190,2.000,0.000,0.000,1.0
2009-05-02,00:27:00,0.410,0.240,244.370,1.800,0.000,0.000,0.0
2009-05-02,00:28:00,0.276,0.000,244.020,1.200,0.000,0.000,1.0
2009-05-02,00:29:00,0.256,0.000,243.060,1.000,0.000,0.000,1.0
2009-05-02,00:30:00,0.256,0.000,243.210,1.000,0.000,0.000,0.0
2009-05-02,00:31:00,0.256,0.000,243.400,1.000,0.000,0.000,1.0
2009-05-02,00:32:00,0.256,0.000,243.420,1.000,0.000,0.000,1.0
2009-05-02,00:33:00,0.296,0.000,243.530,1.400,0.000,0.000,0.0
2009-05-02,00:34:00,0.342,0.132,243.270,1.400,0.000,0.000,1.0
2009-05-02,00:35:00,0.340,0.130,242.960,1.400,0.000,2.000,1.0
2009-05-02,00:36:00,0.340,0.132,243.150,1.400,0.000,1.000,0.0
2009-05-02,00:37:00,0.344,0.134,243.950,1.400,0.000,2.000,1.0
2009-05-02,00:38:00,0.344,0.136,244.060,1.400,0.000,1.000,1.0
2009-05-02,00:39:00,0.344,0.136,244.200,1.400,0.000,2.000,0.0
2009-05-02,00:40:00,0.344,0.134,243.820,1.400,0.000,1.000,1.0
2009-05-02,00:41:00,0.344,0.134,243.720,1.400,0.000,2.000,1.0
2009-05-02,00:42:00,0.344,0.136,244.180,1.400,0.000,1.000,1.0
2009-05-02,00:43:00,0.344,0.136,243.980,1.400,0.000,1.000,0.0
2009-05-02,00:44:00,0.342,0.136,243.970,1.400,0.000,2.000,1.0
2009-05-02,00:45:00,0.342,0.134,243.770,1.400,0.000,1.000,1.0
2009-05-02,00:46:00,0.340,0.134,243.740,1.400,0.000,2.000,0.0
2009-05-02,00:47:00,0.338,0.134,243.510,1.400,0.000,1.000,1.0
2009-05-02,00:48:00,0.338,0.134,243.670,1.400,0.000,1.000,1.0
2009-05-02,00:49:00,0.338,0.134,243.940,1.400,0.000,2.000,0.0
2009-05-02,00:50:00,0.338,0.136,244.130,1.400,0.000,1.000,1.0
2009-05-02,00:51:00,0.338,0.138,244.840,1.400,0.000,1.000,1.0
2009-05-02,00:52:00,0.456,0.274,245.030,2.200,0.000,2.000,0.0
2009-05-02,00:53:00,0.444,0.278,244.650,2.000,0.000,1.000,1.0
2009-05-02,00:54:00,0.438,0.276,244.030,2.000,0.000,1.000,1.0
2009-05-02,00:55:00,0.436,0.276,244.010,2.000,0.000,1.000,0.0
2009-05-02,00:56:00,0.434,0.276,243.950,2.000,0.000,2.000,1.0
2009-05-02,00:57:00,0.432,0.272,243.630,2.000,0.000,1.000,1.0
2009-05-02,00:58:00,0.996,0.416,243.050,4.400,0.000,1.000,9.0
2009-05-02,00:59:00,1.044,0.392,243.540,4.600,0.000,0.000,11.0
2009-05-02,01:00:00,1.064,0.402,243.500,4.600,0.000,0.000,11.0
2009-05-02,01:01:00,1.076,0.398,243.410,4.600,0.000,0.000,12.0
2009-05-02,01:02:00,1.080,0.400,243.480,4.600,0.000,0.000,11.0
2009-05-02,01:03:00,0.660,0.314,244.770,3.200,0.000,0.000,5.0
2009-05-02,01:04:00,0.430,0.262,244.900,2.000,0.000,0.000,1.0
2009-05-02,01:05:00,0.428,0.262,244.940,2.000,0.000,0.000,1.0
2009-05-02,01:06:00,0.426,0.262,244.940,2.000,0.000,0.000,1.0
2009-05-02,01:07:00,0.424,0.262,244.960,2.000,0.000,0.000,0.0
2009-05-02,01:08:00,0.346,0.146,244.950,1.600,0.000,0.000,1.0
2009-05-02,01:09:00,0.328,0.120,244.520,1.400,0.000,0.000,1.0
2009-05-02,01:10:00,0.302,0.078,244.480,1.200,0.000,0.000,0.0
2009-05-02,01:11:00,0.260,0.000,244.630,1.000,0.000,0.000,1.0
2009-05-02,01:12:00,0.260,0.000,244.480,1.000,0.000,0.000,1.0
2009-05-02,01:13:00,0.260,0.000,244.680,1.000,0.000,0.000,0.0
2009-05-02,01:14:00,0.260,0.000,244.950,1.000,0.000,0.000,1.0
2009-05-02,01:15:00,0.258,0.000,244.410,1.000,0.000,0.000,1.0
2009-05-02,01:16:00,0.258,0.000,244.070,1.000,0.000,0.000,0.0
2009-05-02,01:17:00,0.258,0.000,243.840,1.000,0.000,0.000,1.0
2009-05-02,01:18:00,0.258,0.000,243.800,1.000,0.000,0.000,1.0
2009-05-02,01:19:00,0.258,0.000,244.050,1.000,0.000,0.000,0.0
2009-05-02,01:20:00,0.258,0.000,244.310,1.000,0.000,0.000,1.0
2009-05-02,01:21:00,0.260,0.000,244.500,1.000,0.000,0.000,1.0
2009-05-02,01:22:00,0.260,0.000,244.680,1.000,0.000,0.000,0.0
2009-05-02,01:23:00,0.260,0.000,244.430,1.000,0.000,0.000,1.0
2009-05-02,01:24:00,0.258,0.000,244.350,1.000,0.000,0.000,1.0
2009-05-02,01:25:00,0.258,0.000,244.290,1.000,0.000,0.000,0.0
2009-05-02,01:26:00,0.258,0.000,244.170,1.000,0.000,0.000,1.0
2009-05-02,01:27:00,0.258,0.000,243.790,1.000,0.000,0.000,1.0
2009-05-02,01:28:00,0.258,0.000,243.710,1.000,0.000,0.000,0.0
2009-05-02,01:29:00,0.260,0.000,244.460,1.000,0.000,0.000,1.0
2009-05-02,01:30:00,0.260,0.000,244.440,1.000,0.000,0.000,1.0
2009-05-02,01:31:00,0.260,0.000,244.370,1.000,0.000,0.000,1.0
2009-05-02,01:32:00,0.360,0.124,243.600,1.600,0.000,0.000,0.0
2009-05-02,01:33:00,0.366,0.146,243.600,1.600,0.000,0.000,1.0
2009-05-02,01:34:00,0.362,0.144,243.010,1.600,0.000,0.000,1.0
2009-05-02,01:35:00,0.360,0.144,242.960,1.600,0.000,0.000,0.0
2009-05-02,01:36:00,0.358,0.144,242.930,1.600,0.000,0.000,1.0
2009-05-02,01:37:00,0.356,0.144,243.080,1.600,0.000,0.000,1.0
2009-05-02,01:38:00,0.354,0.144,242.960,1.600,0.000,0.000,0.0
2009-05-02,01:39:00,0.354,0.144,242.920,1.600,0.000,0.000,1.0
2009-05-02,01:40:00,0.352,0.144,242.970,1.600,0.000,0.000,1.0
2009-05-02,01:41:00,0.366,0.146,242.760,1.600,0.000,0.000,0.0
2009-05-02,01:42:00,0.434,0.250,242.950,2.000,0.000,0.000,1.0
2009-05-02,01:43:00,0.428,0.252,243.340,2.000,0.000,0.000,1.0
2009-05-02,01:44:00,0.428,0.252,243.350,2.000,0.000,0.000,0.0
2009-05-02,01:45:00,0.426,0.250,242.990,2.000,0.000,0.000,1.0
2009-05-02,01:46:00,0.424,0.248,242.820,2.000,0.000,0.000,1.0
2009-05-02,01:47:00,0.424,0.248,242.780,2.000,0.000,0.000,0.0
2009-05-02,01:48:00,0.366,0.170,242.980,1.600,0.000,0.000,1.0
2009-05-02,01:49:00,0.326,0.112,242.880,1.400,0.000,0.000,1.0
2009-05-02,01:50:00,0.326,0.112,242.880,1.400,0.000,0.000,0.0
2009-05-02,01:51:00,0.326,0.112,242.810,1.400,0.000,0.000,1.0
2009-05-02,01:52:00,0.326,0.114,242.990,1.400,0.000,0.000,1.0
2009-05-02,01:53:00,0.270,0.000,243.020,1.200,0.000,0.000,0.0
2009-05-02,01:54:00,0.256,0.000,242.830,1.000,0.000,0.000,1.0
2009-05-02,01:55:00,0.260,0.000,244.190,1.000,0.000,0.000,1.0
2009-05-02,01:56:00,0.260,0.000,244.900,1.000,0.000,0.000,0.0
2009-05-02,01:57:00,0.260,0.000,244.830,1.000,0.000,0.000,1.0
2009-05-02,01:58:00,0.260,0.000,244.650,1.000,0.000,0.000,1.0
2009-05-02,01:59:00,0.260,0.000,244.630,1.000,0.000,0.000,0.0
2009-05-02,02:00:00,0.260,0.000,245.100,1.000,0.000,0.000,1.0
2009-05-02,02:01:00,0.262,0.000,245.410,1.000,0.000,0.000,1.0
2009-05-02,02:02:00,0.260,0.000,245.150,1.000,0.000,0.000,0.0
2009-05-02,02:03:00,0.262,0.000,245.360,1.000,0.000,0.000,1.0
2009-05-02,02:04:00,0.260,0.000,245.160,1.000,0.000,0.000,1.0
2009-05-02,02:05:00,0.260,0.000,245.100,1.000,0.000,0.000,0.0
2009-05-02,02:06:00,0.260,0.000,245.230,1.000,0.000,0.000,1.0
2009-05-02,02:07:00,0.260,0.000,244.720,1.000,0.000,0.000,1.0
2009-05-02,02:08:00,0.260,0.000,244.870,1.000,0.000,0.000,1.0
2009-05-02,02:09:00,0.260,0.000,244.960,1.000,0.000,0.000,0.0
2009-05-02,02:10:00,0.262,0.000,245.440,1.000,0.000,0.000,1.0
2009-05-02,02:11:00,0.264,0.000,246.210,1.000,0.000,0.000,1.0
2009-05-02,02:12:00,0.326,0.084,246.370,1.400,0.000,0.000,0.0
2009-05-02,02:13:00,0.374,0.160,246.270,1.600,0.000,0.000,1.0
2009-05-02,02:14:00,0.370,0.160,246.320,1.600,0.000,0.000,1.0
2009-05-02,02:15:00,0.368,0.156,245.820,1.600,0.000,0.000,0.0
2009-05-02,02:16:00,0.366,0.156,245.680,1.600,0.000,0.000,1.0
2009-05-02,02:17:00,0.364,0.156,245.580,1.600,0.000,0.000,1.0
2009-05-02,02:18:00,0.362,0.156,245.670,1.600,0.000,0.000,0.0
2009-05-02,02:19:00,0.360,0.156,245.810,1.600,0.000,0.000,1.0
2009-05-02,02:20:00,0.360,0.158,245.730,1.600,0.000,0.000,1.0
2009-05-02,02:21:00,0.360,0.158,246.020,1.600,0.000,0.000,0.0
2009-05-02,02:22:00,0.360,0.158,245.930,1.600,0.000,0.000,1.0
2009-05-02,02:23:00,0.358,0.156,245.300,1.600,0.000,0.000,1.0
2009-05-02,02:24:00,0.380,0.166,245.240,1.800,0.000,0.000,1.0
2009-05-02,02:25:00,0.436,0.262,245.290,2.000,0.000,0.000,0.0
2009-05-02,02:26:00,0.432,0.262,245.290,2.000,0.000,0.000,1.0
2009-05-02,02:27:00,0.432,0.264,245.410,2.000,0.000,0.000,1.0
2009-05-02,02:28:00,0.396,0.208,245.270,1.800,0.000,0.000,0.0
2009-05-02,02:29:00,0.336,0.122,245.360,1.400,0.000,0.000,1.0
2009-05-02,02:30:00,0.336,0.122,245.220,1.400,0.000,0.000,1.0
2009-05-02,02:31:00,0.334,0.124,245.310,1.400,0.000,0.000,0.0
2009-05-02,02:32:00,0.332,0.122,245.260,1.400,0.000,0.000,1.0
2009-05-02,02:33:00,0.332,0.122,245.310,1.400,0.000,0.000,1.0
2009-05-02,02:34:00,0.332,0.122,245.290,1.400,0.000,0.000,0.0
2009-05-02,02:35:00,0.324,0.114,245.390,1.400,0.000,0.000,1.0
2009-05-02,02:36:00,0.260,0.000,245.190,1.000,0.000,0.000,1.0
2009-05-02,02:37:00,0.262,0.000,245.670,1.000,0.000,0.000,0.0
2009-05-02,02:38:00,0.262,0.000,245.900,1.000,0.000,0.000,1.0
2009-05-02,02:39:00,0.262,0.000,245.810,1.000,0.000,0.000,1.0
2009-05-02,02:40:00,0.296,0.046,246.010,1.400,0.000,0.000,0.0
2009-05-02,02:41:00,0.348,0.144,246.040,1.400,0.000,1.000,1.0
2009-05-02,02:42:00,0.348,0.146,246.130,1.400,0.000,1.000,1.0
2009-05-02,02:43:00,0.348,0.144,246.010,1.400,0.000,1.000,1.0
2009-05-02,02:44:00,0.348,0.146,246.110,1.400,0.000,2.000,0.0
2009-05-02,02:45:00,0.350,0.146,246.160,1.400,0.000,1.000,1.0
2009-05-02,02:46:00,0.348,0.144,245.640,1.400,0.000,2.000,1.0
2009-05-02,02:47:00,0.348,0.142,245.260,1.400,0.000,1.000,0.0
2009-05-02,02:48:00,0.348,0.142,245.330,1.400,0.000,2.000,1.0
2009-05-02,02:49:00,0.346,0.142,245.350,1.400,0.000,1.000,1.0
2009-05-02,02:50:00,0.346,0.142,245.290,1.400,0.000,2.000,0.0
2009-05-02,02:51:00,0.348,0.144,245.750,1.400,0.000,1.000,1.0
2009-05-02,02:52:00,0.382,0.176,245.850,1.800,0.000,1.000,1.0
2009-05-02,02:53:00,0.456,0.286,245.640,2.200,0.000,2.000,0.0
2009-05-02,02:54:00,0.452,0.286,245.510,2.200,0.000,1.000,1.0
2009-05-02,02:55:00,0.448,0.286,245.790,2.200,0.000,2.000,1.0
2009-05-02,02:56:00,0.444,0.282,245.100,2.000,0.000,1.000,0.0
2009-05-02,02:57:00,0.442,0.282,244.960,2.000,0.000,1.000,1.0
2009-05-02,02:58:00,0.438,0.282,245.050,2.000,0.000,1.000,1.0
2009-05-02,02:59:00,0.438,0.284,245.330,2.000,0.000,2.000,1.0
2009-05-02,03:00:00,0.436,0.284,245.430,2.000,0.000,1.000,0.0
2009-05-02,03:01:00,0.436,0.286,245.830,2.000,0.000,1.000,1.0
2009-05-02,03:02:00,0.434,0.284,245.500,2.000,0.000,2.000,1.0
2009-05-02,03:03:00,0.434,0.288,246.010,2.000,0.000,1.000,0.0
2009-05-02,03:04:00,0.434,0.290,246.280,2.000,0.000,1.000,1.0
2009-05-02,03:05:00,0.430,0.286,246.490,2.000,0.000,1.000,1.0
2009-05-02,03:06:00,0.358,0.162,246.490,1.600,0.000,0.000,0.0
2009-05-02,03:07:00,0.384,0.174,246.150,1.800,0.000,0.000,1.0
2009-05-02,03:08:00,0.404,0.220,246.240,1.800,0.000,0.000,1.0
2009-05-02,03:09:00,0.340,0.126,246.120,1.400,0.000,0.000,0.0
2009-05-02,03:10:00,0.338,0.124,245.790,1.400,0.000,0.000,1.0
2009-05-02,03:11:00,0.338,0.126,245.910,1.400,0.000,0.000,1.0
2009-05-02,03:12:00,0.338,0.126,246.070,1.400,0.000,0.000,0.0
2009-05-02,03:13:00,0.336,0.124,245.840,1.400,0.000,0.000,1.0
2009-05-02,03:14:00,0.336,0.126,246.000,1.400,0.000,0.000,1.0
2009-05-02,03:15:00,0.334,0.126,246.080,1.400,0.000,0.000,1.0
2009-05-02,03:16:00,0.334,0.126,246.240,1.400,0.000,0.000,0.0
2009-05-02,03:17:00,0.334,0.126,246.270,1.400,0.000,0.000,1.0
2009-05-02,03:18:00,0.308,0.086,246.090,1.200,0.000,0.000,1.0
2009-05-02,03:19:00,0.440,0.072,246.190,2.200,0.000,0.000,3.0
2009-05-02,03:20:00,0.862,0.182,245.830,3.600,0.000,0.000,10.0
2009-05-02,03:21:00,0.882,0.184,246.120,3.600,0.000,0.000,11.0
2009-05-02,03:22:00,0.910,0.180,246.070,3.800,0.000,0.000,12.0
2009-05-02,03:23:00,0.916,0.180,246.080,3.800,0.000,0.000,11.0
2009-05-02,03:24:00,0.858,0.162,246.030,3.600,0.000,0.000,12.0
2009-05-02,03:25:00,0.264,0.000,246.910,1.000,0.000,0.000,0.0
2009-05-02,03:26:00,0.264,0.000,247.120,1.000,0.000,0.000,1.0
2009-05-02,03:27:00,0.264,0.000,247.180,1.000,0.000,0.000,1.0
2009-05-02,03:28:00,0.264,0.000,246.760,1.000,0.000,0.000,0.0
2009-05-02,03:29:00,0.264,0.000,246.530,1.000,0.000,0.000,1.0
2009-05-02,03:30:00,0.262,0.000,246.190,1.000,0.000,0.000,1.0
2009-05-02,03:31:00,0.264,0.000,246.240,1.000,0.000,0.000,0.0
2009-05-02,03:32:00,0.286,0.000,246.570,1.200,0.000,0.000,1.0
2009-05-02,03:33:00,0.376,0.164,246.820,1.600,0.000,0.000,1.0
2009-05-02,03:34:00,0.374,0.164,246.830,1.600,0.000,0.000,0.0
2009-05-02,03:35:00,0.370,0.164,246.690,1.600,0.000,0.000,1.0
2009-05-02,03:36:00,0.368,0.164,246.910,1.600,0.000,0.000,1.0
2009-05-02,03:37:00,0.368,0.166,247.260,1.600,0.000,0.000,1.0
2009-05-02,03:38:00,0.368,0.166,247.390,1.600,0.000,0.000,0.0
2009-05-02,03:39:00,0.364,0.162,246.470,1.600,0.000,0.000,1.0
2009-05-02,03:40:00,0.362,0.160,246.190,1.600,0.000,0.000,1.0
2009-05-02,03:41:00,0.358,0.156,245.460,1.600,0.000,0.000,0.0
2009-05-02,03:42:00,0.358,0.156,245.370,1.600,0.000,0.000,1.0
2009-05-02,03:43:00,0.356,0.156,245.250,1.600,0.000,0.000,1.0
2009-05-02,03:44:00,0.358,0.156,245.520,1.600,0.000,0.000,0.0
2009-05-02,03:45:00,0.358,0.158,245.590,1.600,0.000,0.000,1.0
2009-05-02,03:46:00,0.356,0.156,245.470,1.600,0.000,0.000,1.0
2009-05-02,03:47:00,0.356,0.156,245.470,1.600,0.000,0.000,0.0
2009-05-02,03:48:00,0.338,0.128,245.640,1.400,0.000,0.000,1.0
2009-05-02,03:49:00,0.262,0.000,245.590,1.000,0.000,0.000,1.0
2009-05-02,03:50:00,0.294,0.000,245.360,1.400,0.000,0.000,1.0
2009-05-02,03:51:00,0.338,0.122,245.240,1.400,0.000,0.000,0.0
2009-05-02,03:52:00,0.338,0.124,245.470,1.400,0.000,0.000,1.0
2009-05-02,03:53:00,0.338,0.124,245.430,1.400,0.000,0.000,1.0
2009-05-02,03:54:00,0.338,0.122,245.250,1.400,0.000,0.000,0.0
2009-05-02,03:55:00,0.336,0.124,245.540,1.400,0.000,0.000,1.0
2009-05-02,03:56:00,0.336,0.124,245.630,1.400,0.000,0.000,1.0
2009-05-02,03:57:00,0.334,0.124,245.580,1.400,0.000,0.000,0.0
2009-05-02,03:58:00,0.332,0.124,245.320,1.400,0.000,0.000,1.0
2009-05-02,03:59:00,0.332,0.124,245.590,1.400,0.000,0.000,1.0
2009-05-02,04:00:00,0.332,0.126,245.840,1.400,0.000,0.000,0.0
2009-05-02,04:01:00,0.290,0.060,246.090,1.200,0.000,0.000,1.0
2009-05-02,04:02:00,0.262,0.000,245.310,1.000,0.000,0.000,1.0
2009-05-02,04:03:00,0.258,0.000,243.770,1.000,0.000,0.000,0.0
2009-05-02,04:04:00,0.258,0.000,243.730,1.000,0.000,0.000,1.0
2009-05-02,04:05:00,0.256,0.000,242.810,1.000,0.000,0.000,1.0
2009-05-02,04:06:00,0.256,0.000,242.830,1.000,0.000,0.000,0.0
2009-05-02,04:07:00,0.256,0.000,242.820,1.000,0.000,0.000,1.0
2009-05-02,04:08:00,0.256,0.000,242.850,1.000,0.000,0.000,1.0
2009-05-02,04:09:00,0.256,0.000,242.780,1.000,0.000,0.000,0.0
2009-05-02,04:10:00,0.258,0.000,243.120,1.000,0.000,0.000,1.0
2009-05-02,04:11:00,0.258,0.000,243.200,1.000,0.000,0.000,1.0
2009-05-02,04:12:00,0.258,0.000,243.150,1.000,0.000,0.000,0.0
2009-05-02,04:13:00,0.288,0.000,243.270,1.200,0.000,0.000,1.0
2009-05-02,04:14:00,0.370,0.146,243.390,1.600,0.000,0.000,1.0
2009-05-02,04:15:00,0.364,0.146,243.080,1.600,0.000,0.000,0.0
2009-05-02,04:16:00,0.362,0.144,242.930,1.600,0.000,0.000,1.0
2009-05-02,04:17:00,0.362,0.146,243.160,1.600,0.000,0.000,1.0
2009-05-02,04:18:00,0.360,0.146,243.210,1.600,0.000,0.000,1.0
2009-05-02,04:19:00,0.360,0.148,243.740,1.600,0.000,0.000,0.0
2009-05-02,04:20:00,0.358,0.148,243.850,1.600,0.000,0.000,1.0
2009-05-02,04:21:00,0.358,0.150,244.030,1.600,0.000,0.000,1.0
2009-05-02,04:22:00,0.356,0.150,243.940,1.600,0.000,0.000,0.0
2009-05-02,04:23:00,0.354,0.146,243.310,1.600,0.000,0.000,1.0
2009-05-02,04:24:00,0.352,0.146,243.040,1.600,0.000,0.000,1.0
2009-05-02,04:25:00,0.352,0.146,243.190,1.600,0.000,0.000,0.0
2009-05-02,04:26:00,0.352,0.146,243.260,1.600,0.000,0.000,1.0
2009-05-02,04:27:00,0.352,0.146,243.250,1.600,0.000,0.000,1.0
2009-05-02,04:28:00,0.352,0.146,243.220,1.600,0.000,0.000,0.0
2009-05-02,04:29:00,0.322,0.102,243.270,1.400,0.000,0.000,1.0
2009-05-02,04:30:00,0.258,0.000,243.700,1.000,0.000,0.000,1.0
2009-05-02,04:31:00,0.258,0.000,244.010,1.000,0.000,0.000,0.0
2009-05-02,04:32:00,0.258,0.000,243.740,1.000,0.000,0.000,1.0
2009-05-02,04:33:00,0.296,0.000,244.120,1.400,0.000,0.000,1.0
2009-05-02,04:34:00,0.336,0.118,244.110,1.400,0.000,0.000,0.0
2009-05-02,04:35:00,0.338,0.122,244.980,1.400,0.000,0.000,1.0
2009-05-02,04:36:00,0.338,0.122,245.090,1.400,0.000,0.000,1.0
2009-05-02,04:37:00,0.336,0.122,245.100,1.400,0.000,0.000,0.0
2009-05-02,04:38:00,0.336,0.122,245.160,1.400,0.000,0.000,1.0
2009-05-02,04:39:00,0.334,0.122,245.070,1.400,0.000,0.000,1.0
2009-05-02,04:40:00,0.334,0.124,245.580,1.400,0.000,0.000,0.0
2009-05-02,04:41:00,0.332,0.124,245.420,1.400,0.000,0.000,1.0
2009-05-02,04:42:00,0.330,0.122,244.810,1.400,0.000,0.000,1.0
2009-05-02,04:43:00,0.332,0.124,245.260,1.400,0.000,0.000,0.0
2009-05-02,04:44:00,0.264,0.000,244.820,1.000,0.000,0.000,1.0
2009-05-02,04:45:00,0.258,0.000,243.960,1.000,0.000,0.000,1.0
2009-05-02,04:46:00,0.258,0.000,243.780,1.000,0.000,0.000,0.0
2009-05-02,04:47:00,0.258,0.000,243.880,1.000,0.000,0.000,1.0
2009-05-02,04:48:00,0.258,0.000,243.690,1.000,0.000,0.000,1.0
2009-05-02,04:49:00,0.350,0.124,243.070,1.600,0.000,0.000,1.0
2009-05-02,04:50:00,0.342,0.134,243.110,1.400,0.000,2.000,0.0
2009-05-02,04:51:00,0.340,0.134,243.440,1.400,0.000,1.000,1.0
2009-05-02,04:52:00,0.342,0.134,243.230,1.400,0.000,2.000,1.0
2009-05-02,04:53:00,0.342,0.134,243.010,1.400,0.000,1.000,0.0
2009-05-02,04:54:00,0.438,0.236,242.550,2.000,0.000,2.000,1.0
2009-05-02,04:55:00,0.450,0.268,242.520,2.000,0.000,1.000,1.0
2009-05-02,04:56:00,0.446,0.268,242.630,2.000,0.000,1.000,0.0
2009-05-02,04:57:00,0.444,0.268,242.490,2.000,0.000,2.000,1.0
2009-05-02,04:58:00,0.442,0.268,242.370,2.000,0.000,1.000,1.0
2009-05-02,04:59:00,0.440,0.266,242.310,2.000,0.000,2.000,0.0
2009-05-02,05:00:00,0.438,0.268,242.590,2.000,0.000,1.000,1.0
2009-05-02,05:01:00,0.436,0.268,242.430,2.000,0.000,1.000,1.0
2009-05-02,05:02:00,0.434,0.268,242.520,2.000,0.000,2.000,0.0
2009-05-02,05:03:00,0.432,0.266,242.300,2.000,0.000,1.000,1.0
2009-05-02,05:04:00,0.430,0.266,242.390,2.000,0.000,2.000,1.0
2009-05-02,05:05:00,0.428,0.266,242.430,2.000,0.000,1.000,0.0
2009-05-02,05:06:00,0.428,0.268,242.710,2.000,0.000,1.000,1.0
2009-05-02,05:07:00,0.426,0.268,242.650,2.000,0.000,1.000,1.0
2009-05-02,05:08:00,0.424,0.266,242.120,2.000,0.000,2.000,0.0
2009-05-02,05:09:00,0.422,0.264,241.950,2.000,0.000,1.000,1.0
2009-05-02,05:10:00,0.334,0.136,242.120,1.400,0.000,1.000,1.0
2009-05-02,05:11:00,0.328,0.128,241.780,1.400,0.000,1.000,0.0
2009-05-02,05:12:00,0.328,0.128,241.650,1.400,0.000,2.000,1.0
2009-05-02,05:13:00,0.328,0.128,241.700,1.400,0.000,1.000,1.0
2009-05-02,05:14:00,0.260,0.000,242.310,1.000,0.000,0.000,0.0
2009-05-02,05:15:00,0.256,0.000,242.490,1.000,0.000,0.000,1.0
2009-05-02,05:16:00,0.324,0.080,242.160,1.400,0.000,0.000,1.0
2009-05-02,05:17:00,0.330,0.112,242.150,1.400,0.000,0.000,0.0
2009-05-02,05:18:00,0.332,0.112,242.160,1.400,0.000,0.000,1.0
2009-05-02,05:19:00,0.330,0.110,241.660,1.400,0.000,0.000,1.0
2009-05-02,05:20:00,0.328,0.108,241.420,1.400,0.000,0.000,0.0
2009-05-02,05:21:00,0.328,0.108,241.600,1.400,0.000,0.000,1.0
2009-05-02,05:22:00,0.326,0.108,241.410,1.400,0.000,0.000,1.0
2009-05-02,05:23:00,0.324,0.110,241.630,1.400,0.000,0.000,0.0
2009-05-02,05:24:00,0.324,0.110,241.770,1.400,0.000,0.000,1.0
2009-05-02,05:25:00,0.324,0.110,241.640,1.400,0.000,0.000,1.0
2009-05-02,05:26:00,0.286,0.054,241.610,1.200,0.000,0.000,0.0
2009-05-02,05:27:00,0.254,0.000,241.660,1.000,0.000,0.000,1.0
2009-05-02,05:28:00,0.254,0.000,241.720,1.000,0.000,0.000,1.0
2009-05-02,05:29:00,0.254,0.000,241.670,1.000,0.000,0.000,0.0
2009-05-02,05:30:00,0.254,0.000,241.500,1.000,0.000,0.000,1.0
2009-05-02,05:31:00,0.252,0.000,241.220,1.000,0.000,0.000,1.0
2009-05-02,05:32:00,0.252,0.000,241.260,1.000,0.000,0.000,0.0
2009-05-02,05:33:00,0.254,0.000,241.460,1.000,0.000,0.000,1.0
2009-05-02,05:34:00,0.292,0.000,241.380,1.400,0.000,0.000,1.0
2009-05-02,05:35:00,0.364,0.136,241.020,1.600,0.000,0.000,0.0
2009-05-02,05:36:00,0.360,0.138,241.150,1.600,0.000,0.000,1.0
2009-05-02,05:37:00,0.356,0.136,240.790,1.600,0.000,0.000,1.0
2009-05-02,05:38:00,0.354,0.136,240.940,1.600,0.000,0.000,0.0
2009-05-02,05:39:00,0.354,0.136,241.010,1.600,0.000,0.000,1.0
2009-05-02,05:40:00,0.352,0.138,241.260,1.600,0.000,0.000,1.0
2009-05-02,05:41:00,0.352,0.138,241.480,1.600,0.000,0.000,0.0
2009-05-02,05:42:00,0.350,0.140,241.690,1.600,0.000,0.000,1.0
2009-05-02,05:43:00,0.350,0.140,241.540,1.600,0.000,0.000,1.0
2009-05-02,05:44:00,0.348,0.138,241.420,1.600,0.000,0.000,0.0
2009-05-02,05:45:00,0.484,0.134,240.810,2.600,0.000,0.000,2.0
2009-05-02,05:46:00,1.458,0.122,239.970,6.000,0.000,0.000,19.0
2009-05-02,05:47:00,1.442,0.122,240.050,6.000,0.000,0.000,19.0
2009-05-02,05:48:00,1.430,0.122,240.240,5.800,0.000,0.000,19.0
2009-05-02,05:49:00,1.418,0.122,240.090,5.800,0.000,0.000,18.0
2009-05-02,05:50:00,1.330,0.000,239.490,5.400,0.000,0.000,19.0
2009-05-02,05:51:00,1.314,0.000,239.620,5.400,0.000,0.000,18.0
2009-05-02,05:52:00,1.312,0.000,239.460,5.400,0.000,0.000,18.0
2009-05-02,05:53:00,1.320,0.000,240.140,5.400,0.000,0.000,19.0
2009-05-02,05:54:00,1.330,0.000,240.700,5.400,0.000,0.000,18.0
2009-05-02,05:55:00,1.334,0.000,241.020,5.400,0.000,0.000,19.0
2009-05-02,05:56:00,1.328,0.000,240.550,5.400,0.000,0.000,18.0
2009-05-02,05:57:00,1.432,0.000,239.920,6.000,0.000,0.000,20.0
2009-05-02,05:58:00,1.896,0.110,239.180,7.800,0.000,0.000,28.0
2009-05-02,05:59:00,1.986,0.194,239.120,8.200,0.000,0.000,28.0
2009-05-02,06:00:00,2.010,0.212,239.270,8.400,0.000,0.000,28.0
2009-05-02,06:01:00,2.018,0.212,239.410,8.400,0.000,0.000,29.0
2009-05-02,06:02:00,2.026,0.214,239.700,8.400,0.000,0.000,29.0
2009-05-02,06:03:00,1.528,0.120,240.020,6.400,0.000,0.000,21.0
2009-05-02,06:04:00,1.388,0.092,239.710,5.800,0.000,0.000,18.0
2009-05-02,06:05:00,1.388,0.094,239.920,5.800,0.000,0.000,19.0
2009-05-02,06:06:00,1.392,0.096,240.460,5.800,0.000,0.000,18.0
2009-05-02,06:07:00,1.392,0.096,240.530,5.800,0.000,0.000,18.0
2009-05-02,06:08:00,1.392,0.094,240.480,5.800,0.000,0.000,19.0
2009-05-02,06:09:00,1.348,0.000,240.710,5.600,0.000,0.000,18.0
2009-05-02,06:10:00,1.324,0.000,240.540,5.400,0.000,0.000,18.0
2009-05-02,06:11:00,1.324,0.000,240.650,5.400,0.000,0.000,19.0
2009-05-02,06:12:00,1.318,0.000,240.050,5.400,0.000,0.000,18.0
2009-05-02,06:13:00,1.318,0.000,240.050,5.400,0.000,0.000,18.0
2009-05-02,06:14:00,1.382,0.046,240.810,5.600,0.000,0.000,19.0
2009-05-02,06:15:00,1.436,0.126,240.850,6.000,0.000,0.000,18.0
2009-05-02,06:16:00,1.430,0.126,240.810,5.800,0.000,0.000,19.0
2009-05-02,06:17:00,1.426,0.124,240.470,5.800,0.000,0.000,18.0
2009-05-02,06:18:00,1.338,0.126,240.600,5.600,0.000,0.000,18.0
2009-05-02,06:19:00,0.358,0.140,241.550,1.600,0.000,0.000,1.0
2009-05-02,06:20:00,0.356,0.138,241.400,1.600,0.000,0.000,0.0
2009-05-02,06:21:00,0.358,0.140,242.010,1.600,0.000,0.000,1.0
2009-05-02,06:22:00,0.356,0.142,242.360,1.600,0.000,0.000,1.0
2009-05-02,06:23:00,0.356,0.142,242.300,1.600,0.000,0.000,0.0
2009-05-02,06:24:00,0.354,0.142,242.240,1.600,0.000,0.000,1.0
2009-05-02,06:25:00,0.354,0.142,242.330,1.600,0.000,0.000,1.0
2009-05-02,06:26:00,0.354,0.142,242.280,1.600,0.000,0.000,0.0
2009-05-02,06:27:00,0.354,0.142,242.330,1.600,0.000,0.000,1.0
2009-05-02,06:28:00,0.354,0.142,242.460,1.600,0.000,0.000,1.0
2009-05-02,06:29:00,0.352,0.140,241.870,1.600,0.000,0.000,0.0
2009-05-02,06:30:00,0.268,0.000,241.920,1.200,0.000,0.000,1.0
2009-05-02,06:31:00,0.258,0.000,241.840,1.000,0.000,0.000,1.0
2009-05-02,06:32:00,0.258,0.000,241.690,1.000,0.000,0.000,0.0
2009-05-02,06:33:00,0.256,0.000,241.520,1.000,0.000,0.000,1.0
2009-05-02,06:34:00,0.256,0.000,241.490,1.000,0.000,0.000,1.0
2009-05-02,06:35:00,0.256,0.000,241.460,1.000,0.000,0.000,0.0
2009-05-02,06:36:00,0.256,0.000,241.540,1.000,0.000,0.000,1.0
2009-05-02,06:37:00,0.258,0.000,241.850,1.000,0.000,0.000,1.0
2009-05-02,06:38:00,0.256,0.000,241.730,1.000,0.000,0.000,0.0
2009-05-02,06:39:00,0.258,0.000,241.990,1.000,0.000,0.000,1.0
2009-05-02,06:40:00,0.258,0.000,242.270,1.000,0.000,0.000,1.0
2009-05-02,06:41:00,0.298,0.000,242.160,1.400,0.000,0.000,0.0
2009-05-02,06:42:00,0.334,0.110,242.100,1.400,0.000,0.000,1.0
2009-05-02,06:43:00,0.334,0.110,242.210,1.400,0.000,0.000,1.0
2009-05-02,06:44:00,0.334,0.112,242.270,1.400,0.000,0.000,0.0
2009-05-02,06:45:00,0.334,0.114,242.750,1.400,0.000,0.000,1.0
2009-05-02,06:46:00,0.332,0.110,241.870,1.400,0.000,0.000,1.0
2009-05-02,06:47:00,0.330,0.110,241.760,1.400,0.000,0.000,0.0
2009-05-02,06:48:00,0.328,0.108,241.560,1.400,0.000,0.000,1.0
2009-05-02,06:49:00,0.324,0.108,241.510,1.400,0.000,0.000,1.0
2009-05-02,06:50:00,0.346,0.110,241.040,1.400,0.000,0.000,0.0
2009-05-02,06:51:00,2.312,0.088,239.190,11.000,0.000,0.000,1.0
2009-05-02,06:52:00,3.196,0.100,238.280,13.400,0.000,0.000,1.0
2009-05-02,06:53:00,2.310,0.136,240.050,11.200,0.000,0.000,0.0
2009-05-02,06:54:00,0.474,0.192,241.740,2.200,0.000,0.000,1.0
2009-05-02,06:55:00,0.432,0.238,241.220,2.000,0.000,0.000,1.0
2009-05-02,06:56:00,0.424,0.238,241.070,2.000,0.000,0.000,0.0
2009-05-02,06:57:00,0.424,0.236,240.570,2.000,0.000,0.000,1.0
2009-05-02,06:58:00,0.468,0.284,240.960,2.400,0.000,0.000,1.0
2009-05-02,06:59:00,0.502,0.362,241.010,2.400,0.000,1.000,0.0
2009-05-02,07:00:00,0.498,0.362,241.050,2.400,0.000,1.000,1.0
2009-05-02,07:01:00,0.498,0.364,241.240,2.400,0.000,2.000,1.0
2009-05-02,07:02:00,0.490,0.350,240.750,2.400,0.000,1.000,0.0
2009-05-02,07:03:00,0.428,0.256,240.380,2.000,0.000,1.000,1.0
2009-05-02,07:04:00,0.426,0.254,240.010,2.000,0.000,2.000,1.0
2009-05-02,07:05:00,0.428,0.254,240.210,2.000,0.000,1.000,0.0
2009-05-02,07:06:00,0.428,0.258,240.960,2.000,0.000,2.000,1.0
2009-05-02,07:07:00,0.430,0.258,240.890,2.000,0.000,1.000,1.0
2009-05-02,07:08:00,0.438,0.258,240.820,2.000,0.000,1.000,0.0
2009-05-02,07:09:00,0.438,0.258,240.830,2.000,0.000,2.000,1.0
2009-05-02,07:10:00,0.434,0.254,240.310,2.000,0.000,1.000,1.0
2009-05-02,07:11:00,0.432,0.254,240.120,2.000,0.000,2.000,0.0
2009-05-02,07:12:00,1.086,0.266,239.270,5.400,0.000,1.000,1.0
2009-05-02,07:13:00,0.838,0.278,239.710,4.400,0.000,1.000,1.0
2009-05-02,07:14:00,0.652,0.272,240.050,3.400,0.000,2.000,0.0
2009-05-02,07:15:00,1.186,0.282,239.220,5.800,0.000,1.000,1.0
2009-05-02,07:16:00,0.566,0.258,239.870,3.000,0.000,1.000,0.0
2009-05-02,07:17:00,0.704,0.246,239.630,3.000,0.000,2.000,1.0
2009-05-02,07:18:00,0.704,0.248,239.970,3.000,0.000,1.000,1.0
2009-05-02,07:19:00,0.704,0.246,239.590,3.000,0.000,1.000,0.0
2009-05-02,07:20:00,0.700,0.244,239.390,3.000,0.000,1.000,1.0
2009-05-02,07:21:00,0.698,0.246,239.400,3.000,0.000,2.000,1.0
2009-05-02,07:22:00,0.464,0.250,239.470,2.200,0.000,1.000,0.0
2009-05-02,07:23:00,0.482,0.188,239.140,2.200,0.000,0.000,1.0
2009-05-02,07:24:00,0.446,0.130,239.640,1.800,0.000,0.000,1.0
2009-05-02,07:25:00,0.770,0.130,239.260,4.000,0.000,0.000,4.0
2009-05-02,07:26:00,1.614,0.214,238.200,6.800,0.000,0.000,19.0
2009-05-02,07:27:00,1.598,0.214,238.280,6.600,0.000,0.000,19.0
2009-05-02,07:28:00,1.590,0.216,238.650,6.600,0.000,0.000,18.0
2009-05-02,07:29:00,1.578,0.216,238.480,6.600,0.000,0.000,19.0
2009-05-02,07:30:00,1.576,0.216,238.840,6.600,0.000,0.000,18.0
2009-05-02,07:31:00,1.570,0.216,238.690,6.600,0.000,0.000,18.0
2009-05-02,07:32:00,1.564,0.214,238.410,6.600,0.000,0.000,18.0
2009-05-02,07:33:00,1.512,0.150,238.040,6.400,0.000,0.000,18.0
2009-05-02,07:34:00,1.466,0.084,237.990,6.000,0.000,0.000,18.0
2009-05-02,07:35:00,1.462,0.084,237.850,6.000,0.000,0.000,18.0
2009-05-02,07:36:00,1.462,0.084,237.870,6.000,0.000,0.000,18.0
2009-05-02,07:37:00,1.464,0.084,238.210,6.000,0.000,0.000,18.0
2009-05-02,07:38:00,1.462,0.084,238.050,6.000,0.000,0.000,18.0
2009-05-02,07:39:00,1.460,0.084,237.890,6.000,0.000,0.000,18.0
2009-05-02,07:40:00,1.458,0.084,237.660,6.000,0.000,0.000,18.0
2009-05-02,07:41:00,1.592,0.084,238.130,6.600,0.000,0.000,18.0
2009-05-02,07:42:00,1.636,0.076,238.090,6.800,0.000,0.000,18.0
2009-05-02,07:43:00,1.574,0.000,237.940,6.600,0.000,0.000,18.0
2009-05-02,07:44:00,1.352,0.000,237.790,5.600,0.000,0.000,18.0
2009-05-02,07:45:00,1.288,0.000,237.740,5.400,0.000,0.000,18.0
2009-05-02,07:46:00,2.484,0.000,236.150,12.000,0.000,0.000,18.0
2009-05-02,07:47:00,4.288,0.000,234.170,18.200,0.000,0.000,23.0
2009-05-02,07:48:00,2.328,0.092,236.840,10.600,0.000,0.000,27.0
2009-05-02,07:49:00,1.908,0.102,238.070,8.000,0.000,0.000,29.0
2009-05-02,07:50:00,1.920,0.096,237.430,8.000,0.000,0.000,28.0
2009-05-02,07:51:00,1.918,0.096,237.360,8.000,0.000,0.000,28.0
2009-05-02,07:52:00,1.924,0.096,237.570,8.000,0.000,0.000,29.0
2009-05-02,07:53:00,1.600,0.000,238.470,6.800,0.000,0.000,24.0
2009-05-02,07:54:00,1.398,0.080,240.270,5.800,0.000,0.000,18.0
2009-05-02,07:55:00,1.418,0.122,239.990,5.800,0.000,0.000,18.0
2009-05-02,07:56:00,1.418,0.120,239.680,5.800,0.000,0.000,19.0
2009-05-02,07:57:00,1.630,0.116,239.390,6.800,0.000,0.000,18.0
2009-05-02,07:58:00,1.796,0.116,239.570,7.400,0.000,0.000,18.0
2009-05-02,07:59:00,1.784,0.112,238.810,7.400,0.000,0.000,18.0
2009-05-02,08:00:00,1.770,0.108,237.800,7.400,0.000,0.000,18.0
2009-05-02,08:01:00,1.768,0.108,237.720,7.400,0.000,0.000,18.0
2009-05-02,08:02:00,1.758,0.106,237.150,7.400,0.000,0.000,18.0
2009-05-02,08:03:00,1.760,0.108,237.340,7.400,0.000,0.000,18.0
2009-05-02,08:04:00,1.774,0.112,238.420,7.400,0.000,0.000,18.0
2009-05-02,08:05:00,1.762,0.110,238.250,7.400,0.000,0.000,18.0
2009-05-02,08:06:00,1.830,0.108,237.800,7.600,0.000,0.000,18.0
2009-05-02,08:07:00,1.828,0.108,237.670,7.600,0.000,0.000,18.0
2009-05-02,08:08:00,1.832,0.108,238.000,7.600,0.000,0.000,18.0
2009-05-02,08:09:00,1.830,0.108,237.960,7.600,0.000,0.000,18.0
2009-05-02,08:10:00,1.890,0.168,237.830,8.000,0.000,0.000,18.0
2009-05-02,08:11:00,1.902,0.208,237.710,8.000,0.000,0.000,18.0
2009-05-02,08:12:00,1.812,0.208,237.240,7.600,0.000,0.000,18.0
2009-05-02,08:13:00,1.794,0.210,237.620,7.600,0.000,0.000,18.0
2009-05-02,08:14:00,1.738,0.134,237.480,7.200,0.000,0.000,18.0
2009-05-02,08:15:00,1.698,0.080,237.330,7.000,0.000,0.000,17.0
2009-05-02,08:16:00,1.704,0.082,237.960,7.000,0.000,0.000,18.0
2009-05-02,08:17:00,1.700,0.082,237.710,7.000,0.000,0.000,18.0
2009-05-02,08:18:00,1.696,0.080,237.430,7.000,0.000,0.000,18.0
2009-05-02,08:19:00,1.724,0.096,237.120,7.200,0.000,0.000,18.0
2009-05-02,08:20:00,1.726,0.096,237.080,7.200,0.000,0.000,18.0
2009-05-02,08:21:00,1.730,0.096,237.330,7.200,0.000,0.000,18.0
2009-05-02,08:22:00,1.732,0.098,237.570,7.200,0.000,0.000,18.0
2009-05-02,08:23:00,1.696,0.098,237.660,7.000,0.000,0.000,18.0
2009-05-02,08:24:00,1.626,0.000,237.640,6.800,0.000,0.000,18.0
2009-05-02,08:25:00,1.610,0.000,237.830,6.600,0.000,0.000,18.0
2009-05-02,08:26:00,1.604,0.000,237.450,6.600,0.000,0.000,18.0
2009-05-02,08:27:00,1.642,0.000,237.250,6.800,0.000,0.000,18.0
2009-05-02,08:28:00,1.710,0.000,237.340,7.200,0.000,0.000,17.0
2009-05-02,08:29:00,1.662,0.000,237.080,7.000,0.000,0.000,18.0
2009-05-02,08:30:00,1.598,0.000,236.860,6.600,0.000,0.000,18.0
2009-05-02,08:31:00,1.600,0.000,237.170,6.600,0.000,0.000,18.0
2009-05-02,08:32:00,1.602,0.000,237.270,6.600,0.000,0.000,18.0
2009-05-02,08:33:00,1.616,0.000,238.390,6.800,0.000,0.000,18.0
2009-05-02,08:34:00,1.726,0.000,239.960,7.200,0.000,0.000,18.0
2009-05-02,08:35:00,1.740,0.000,239.890,7.200,0.000,0.000,19.0
2009-05-02,08:36:00,1.742,0.000,239.930,7.200,0.000,0.000,18.0
2009-05-02,08:37:00,1.762,0.000,239.690,7.200,0.000,0.000,18.0
2009-05-02,08:38:00,1.842,0.132,239.460,7.600,0.000,0.000,18.0
2009-05-02,08:39:00,1.834,0.130,239.150,7.600,0.000,0.000,18.0
2009-05-02,08:40:00,1.828,0.128,238.900,7.600,0.000,0.000,19.0
2009-05-02,08:41:00,2.018,0.126,238.600,8.600,0.000,0.000,18.0
2009-05-02,08:42:00,3.076,0.114,237.150,12.800,0.000,0.000,18.0
2009-05-02,08:43:00,2.308,0.128,239.130,10.000,0.000,0.000,18.0
2009-05-02,08:44:00,1.596,0.136,239.660,6.600,0.000,0.000,18.0
2009-05-02,08:45:00,1.536,0.132,239.690,6.400,0.000,0.000,18.0
2009-05-02,08:46:00,1.508,0.120,239.700,6.200,0.000,0.000,18.0
2009-05-02,08:47:00,1.504,0.118,239.370,6.200,0.000,0.000,19.0
2009-05-02,08:48:00,1.502,0.118,239.260,6.200,0.000,0.000,18.0
2009-05-02,08:49:00,1.508,0.120,239.780,6.200,0.000,0.000,18.0
2009-05-02,08:50:00,1.678,0.118,240.140,7.000,0.000,0.000,18.0
2009-05-02,08:51:00,1.692,0.120,240.600,7.000,0.000,0.000,19.0
2009-05-02,08:52:00,1.520,0.124,240.780,6.200,0.000,0.000,18.0
2009-05-02,08:53:00,1.522,0.124,241.010,6.200,0.000,0.000,19.0
2009-05-02,08:54:00,1.584,0.186,241.090,6.600,0.000,0.000,18.0
2009-05-02,08:55:00,1.604,0.230,241.610,6.600,0.000,0.000,19.0
2009-05-02,08:56:00,1.598,0.212,242.390,6.600,0.000,0.000,18.0
2009-05-02,08:57:00,1.510,0.096,241.520,6.200,0.000,0.000,19.0
2009-05-02,08:58:00,1.518,0.098,242.180,6.200,0.000,0.000,19.0
2009-05-02,08:59:00,1.514,0.098,242.060,6.200,0.000,0.000,18.0
2009-05-02,09:00:00,1.518,0.100,242.480,6.200,0.000,0.000,19.0
2009-05-02,09:01:00,1.514,0.098,242.290,6.200,0.000,0.000,18.0
2009-05-02,09:02:00,1.510,0.098,241.960,6.200,0.000,0.000,19.0
2009-05-02,09:03:00,1.512,0.098,242.250,6.200,0.000,0.000,19.0
2009-05-02,09:04:00,1.500,0.094,241.250,6.200,0.000,0.000,18.0
2009-05-02,09:05:00,1.560,0.092,240.820,6.400,0.000,0.000,19.0
2009-05-02,09:06:00,1.676,0.092,241.400,6.800,0.000,0.000,18.0
2009-05-02,09:07:00,1.506,0.078,241.310,6.200,0.000,0.000,19.0
2009-05-02,09:08:00,1.514,0.114,241.150,6.200,0.000,1.000,18.0
2009-05-02,09:09:00,1.520,0.116,241.740,6.200,0.000,2.000,19.0
2009-05-02,09:10:00,1.524,0.116,241.990,6.200,0.000,1.000,18.0
2009-05-02,09:11:00,1.526,0.116,242.180,6.200,0.000,2.000,19.0
2009-05-02,09:12:00,1.528,0.118,242.310,6.200,0.000,1.000,18.0
2009-05-02,09:13:00,1.530,0.118,242.490,6.200,0.000,2.000,19.0
2009-05-02,09:14:00,1.524,0.116,241.930,6.200,0.000,1.000,19.0
2009-05-02,09:15:00,1.534,0.120,242.920,6.200,0.000,1.000,18.0
2009-05-02,09:16:00,1.530,0.118,242.500,6.200,0.000,2.000,19.0
2009-05-02,09:17:00,1.532,0.118,242.650,6.200,0.000,1.000,19.0
2009-05-02,09:18:00,1.538,0.120,243.220,6.200,0.000,2.000,19.0
2009-05-02,09:19:00,1.538,0.122,243.370,6.200,0.000,1.000,18.0
2009-05-02,09:20:00,1.536,0.120,243.320,6.200,0.000,1.000,19.0
2009-05-02,09:21:00,1.642,0.240,243.230,6.800,0.000,2.000,19.0
2009-05-02,09:22:00,1.636,0.256,242.830,6.800,0.000,1.000,19.0
2009-05-02,09:23:00,1.630,0.256,242.790,6.800,0.000,1.000,18.0
2009-05-02,09:24:00,1.628,0.256,242.710,6.800,0.000,2.000,19.0
2009-05-02,09:25:00,1.620,0.252,242.300,6.600,0.000,1.000,19.0
2009-05-02,09:26:00,2.016,0.348,241.820,8.400,0.000,1.000,25.0
2009-05-02,09:27:00,2.208,0.386,241.810,9.200,0.000,2.000,28.0
2009-05-02,09:28:00,2.234,0.388,242.080,9.200,0.000,1.000,29.0
2009-05-02,09:29:00,2.250,0.388,242.150,9.400,0.000,1.000,29.0
2009-05-02,09:30:00,2.246,0.384,241.770,9.400,0.000,1.000,30.0
2009-05-02,09:31:00,1.846,0.300,241.700,7.800,0.000,2.000,23.0
2009-05-02,09:32:00,1.568,0.188,242.050,6.400,0.000,0.000,18.0
2009-05-02,09:33:00,1.542,0.134,242.810,6.200,0.000,0.000,19.0
2009-05-02,09:34:00,1.532,0.130,241.900,6.200,0.000,0.000,19.0
2009-05-02,09:35:00,1.532,0.130,242.020,6.200,0.000,0.000,18.0
2009-05-02,09:36:00,1.528,0.128,241.620,6.200,0.000,0.000,19.0
2009-05-02,09:37:00,1.566,0.160,241.490,6.400,0.000,0.000,18.0
2009-05-02,09:38:00,1.606,0.232,241.840,6.600,0.000,0.000,19.0
2009-05-02,09:39:00,1.598,0.152,242.380,6.600,0.000,0.000,19.0
2009-05-02,09:40:00,1.694,0.096,242.110,7.000,0.000,0.000,18.0
2009-05-02,09:41:00,1.706,0.100,242.990,7.000,0.000,0.000,19.0
2009-05-02,09:42:00,1.608,0.102,243.410,6.600,0.000,0.000,19.0
2009-05-02,09:43:00,1.542,0.106,243.820,6.200,0.000,0.000,19.0
2009-05-02,09:44:00,1.532,0.104,243.720,6.200,0.000,0.000,18.0
2009-05-02,09:45:00,1.534,0.106,243.890,6.200,0.000,0.000,19.0
2009-05-02,09:46:00,1.520,0.102,242.820,6.200,0.000,0.000,19.0
2009-05-02,09:47:00,1.516,0.100,242.590,6.200,0.000,0.000,19.0
2009-05-02,09:48:00,1.522,0.104,243.100,6.200,0.000,0.000,19.0
2009-05-02,09:49:00,1.520,0.102,243.000,6.200,0.000,0.000,18.0
2009-05-02,09:50:00,1.514,0.100,242.370,6.200,0.000,0.000,19.0
2009-05-02,09:51:00,1.510,0.100,242.160,6.200,0.000,0.000,19.0
2009-05-02,09:52:00,1.470,0.000,242.070,6.000,0.000,0.000,18.0
2009-05-02,09:53:00,1.442,0.000,242.020,5.800,0.000,0.000,19.0
2009-05-02,09:54:00,1.468,0.000,242.680,6.000,0.000,0.000,18.0
2009-05-02,09:55:00,1.452,0.000,242.950,5.800,0.000,0.000,19.0
2009-05-02,09:56:00,1.450,0.000,242.660,5.800,0.000,0.000,19.0
2009-05-02,09:57:00,1.448,0.000,242.500,5.800,0.000,0.000,19.0
2009-05-02,09:58:00,1.444,0.000,242.260,5.800,0.000,0.000,18.0
2009-05-02,09:59:00,1.438,0.000,241.510,5.800,0.000,0.000,19.0
2009-05-02,10:00:00,1.434,0.000,241.130,5.800,0.000,0.000,18.0
2009-05-02,10:01:00,2.166,0.000,240.210,9.400,0.000,0.000,18.0
2009-05-02,10:02:00,1.656,0.000,240.300,7.200,0.000,0.000,19.0
2009-05-02,10:03:00,1.802,0.000,240.540,7.800,0.000,0.000,18.0
2009-05-02,10:04:00,2.120,0.074,240.150,9.200,0.000,0.000,19.0
2009-05-02,10:05:00,1.692,0.124,240.350,7.200,0.000,0.000,18.0
2009-05-02,10:06:00,1.526,0.122,240.320,6.200,0.000,0.000,18.0
2009-05-02,10:07:00,1.526,0.122,240.440,6.200,0.000,0.000,19.0
2009-05-02,10:08:00,1.524,0.122,240.350,6.200,0.000,0.000,18.0
2009-05-02,10:09:00,1.524,0.122,240.500,6.200,0.000,0.000,18.0
2009-05-02,10:10:00,1.514,0.120,239.860,6.200,0.000,0.000,19.0
2009-05-02,10:11:00,1.506,0.118,239.360,6.200,0.000,0.000,18.0
2009-05-02,10:12:00,1.516,0.122,240.190,6.200,0.000,0.000,18.0
2009-05-02,10:13:00,1.514,0.120,240.000,6.200,0.000,0.000,18.0
2009-05-02,10:14:00,1.512,0.120,239.910,6.200,0.000,0.000,19.0
2009-05-02,10:15:00,1.512,0.120,239.900,6.200,0.000,0.000,18.0
2009-05-02,10:16:00,1.532,0.128,239.860,6.400,0.000,0.000,18.0
2009-05-02,10:17:00,1.584,0.220,239.540,6.600,0.000,0.000,18.0
2009-05-02,10:18:00,1.582,0.220,239.420,6.600,0.000,0.000,19.0
2009-05-02,10:19:00,1.578,0.218,239.140,6.600,0.000,0.000,18.0
2009-05-02,10:20:00,1.586,0.222,239.910,6.600,0.000,0.000,18.0
2009-05-02,10:21:00,1.590,0.226,240.480,6.600,0.000,0.000,18.0
2009-05-02,10:22:00,1.574,0.212,240.090,6.600,0.000,0.000,19.0
2009-05-02,10:23:00,1.490,0.092,240.070,6.200,0.000,0.000,18.0
2009-05-02,10:24:00,1.490,0.092,240.190,6.200,0.000,0.000,18.0
2009-05-02,10:25:00,1.488,0.090,240.030,6.200,0.000,0.000,19.0
2009-05-02,10:26:00,1.490,0.092,240.320,6.200,0.000,0.000,18.0
2009-05-02,10:27:00,1.488,0.092,240.250,6.200,0.000,0.000,18.0
2009-05-02,10:28:00,1.490,0.092,240.370,6.200,0.000,0.000,19.0
2009-05-02,10:29:00,1.490,0.092,240.430,6.200,0.000,0.000,18.0
2009-05-02,10:30:00,1.436,0.000,240.400,5.800,0.000,0.000,18.0
2009-05-02,10:31:00,1.422,0.000,240.360,5.800,0.000,0.000,19.0
2009-05-02,10:32:00,1.418,0.000,239.940,5.800,0.000,0.000,18.0
2009-05-02,10:33:00,1.414,0.000,239.670,5.800,0.000,0.000,18.0
2009-05-02,10:34:00,1.416,0.000,239.150,5.800,0.000,0.000,18.0
2009-05-02,10:35:00,1.432,0.000,239.190,6.000,0.000,0.000,19.0
2009-05-02,10:36:00,1.434,0.000,239.230,6.000,0.000,0.000,18.0
2009-05-02,10:37:00,1.432,0.000,239.350,6.000,0.000,0.000,18.0
2009-05-02,10:38:00,1.444,0.000,239.820,6.000,0.000,0.000,18.0
2009-05-02,10:39:00,1.430,0.000,240.030,5.800,0.000,0.000,18.0
2009-05-02,10:40:00,1.434,0.000,240.900,5.800,0.000,0.000,19.0
2009-05-02,10:41:00,1.422,0.000,240.330,5.800,0.000,0.000,18.0
2009-05-02,10:42:00,1.420,0.000,240.190,5.800,0.000,0.000,19.0
2009-05-02,10:43:00,1.424,0.000,240.490,5.800,0.000,0.000,18.0
2009-05-02,10:44:00,1.414,0.000,239.700,5.800,0.000,0.000,18.0
2009-05-02,10:45:00,1.476,0.050,239.550,6.200,0.000,0.000,18.0
2009-05-02,10:46:00,1.490,0.090,239.780,6.200,0.000,0.000,19.0
2009-05-02,10:47:00,1.508,0.102,239.160,6.200,0.000,0.000,18.0
2009-05-02,10:48:00,1.602,0.280,239.170,6.800,0.000,0.000,18.0
2009-05-02,10:49:00,1.568,0.414,238.280,6.800,0.000,0.000,18.0
2009-05-02,10:50:00,1.572,0.404,238.760,6.800,0.000,0.000,18.0
2009-05-02,10:51:00,1.566,0.396,238.260,6.600,0.000,0.000,18.0
2009-05-02,10:52:00,1.566,0.396,238.430,6.600,0.000,0.000,18.0
2009-05-02,10:53:00,1.534,0.352,237.940,6.600,0.000,0.000,18.0
2009-05-02,10:54:00,1.470,0.218,238.880,6.200,0.000,0.000,18.0
2009-05-02,10:55:00,1.470,0.222,239.500,6.200,0.000,0.000,19.0
2009-05-02,10:56:00,1.466,0.220,239.110,6.200,0.000,0.000,18.0
2009-05-02,10:57:00,1.468,0.222,239.460,6.200,0.000,0.000,18.0
2009-05-02,10:58:00,1.456,0.216,238.380,6.000,0.000,0.000,18.0
2009-05-02,10:59:00,1.462,0.220,239.040,6.200,0.000,0.000,18.0
2009-05-02,11:00:00,1.452,0.216,238.250,6.000,0.000,0.000,18.0
2009-05-02,11:01:00,1.450,0.216,238.130,6.000,0.000,0.000,18.0
2009-05-02,11:02:00,1.450,0.216,238.160,6.000,0.000,0.000,18.0
2009-05-02,11:03:00,1.454,0.218,238.580,6.000,0.000,0.000,18.0
2009-05-02,11:04:00,1.274,0.220,238.710,5.600,0.000,0.000,16.0
2009-05-02,11:05:00,0.484,0.296,239.310,2.400,0.000,0.000,1.0
2009-05-02,11:06:00,0.578,0.320,239.320,2.800,0.000,0.000,1.0
2009-05-02,11:07:00,0.558,0.286,239.110,2.600,0.000,0.000,0.0
2009-05-02,11:08:00,0.556,0.282,239.330,2.600,0.000,0.000,1.0
2009-05-02,11:09:00,0.510,0.210,239.490,2.200,0.000,0.000,1.0
2009-05-02,11:10:00,0.488,0.172,239.690,2.200,0.000,0.000,0.0
2009-05-02,11:11:00,0.484,0.166,238.750,2.200,0.000,0.000,1.0
2009-05-02,11:12:00,0.484,0.164,238.820,2.000,0.000,0.000,0.0
2009-05-02,11:13:00,0.482,0.162,238.700,2.000,0.000,0.000,1.0
2009-05-02,11:14:00,0.482,0.160,238.680,2.000,0.000,0.000,1.0
2009-05-02,11:15:00,0.528,0.206,238.390,2.400,0.000,0.000,0.0
2009-05-02,11:16:00,0.642,0.274,238.380,3.000,0.000,1.000,1.0
2009-05-02,11:17:00,0.730,0.270,238.130,3.200,0.000,1.000,1.0
2009-05-02,11:18:00,0.730,0.270,238.330,3.200,0.000,2.000,0.0
2009-05-02,11:19:00,0.730,0.268,238.280,3.200,0.000,1.000,1.0
2009-05-02,11:20:00,0.636,0.272,238.730,2.800,0.000,2.000,1.0
2009-05-02,11:21:00,0.572,0.272,238.700,2.600,0.000,1.000,0.0
2009-05-02,11:22:00,0.592,0.270,238.760,2.600,0.000,1.000,1.0
2009-05-02,11:23:00,0.590,0.268,238.310,2.600,0.000,2.000,1.0
2009-05-02,11:24:00,0.586,0.266,237.890,2.600,0.000,1.000,0.0
2009-05-02,11:25:00,0.588,0.266,238.180,2.600,0.000,2.000,1.0
2009-05-02,11:26:00,0.586,0.266,238.010,2.600,0.000,1.000,1.0
2009-05-02,11:27:00,0.586,0.266,238.130,2.600,0.000,1.000,0.0
2009-05-02,11:28:00,0.584,0.266,238.050,2.600,0.000,2.000,1.0
2009-05-02,11:29:00,0.584,0.264,238.140,2.600,0.000,1.000,1.0
2009-05-02,11:30:00,0.584,0.266,238.520,2.600,0.000,1.000,0.0
2009-05-02,11:31:00,0.740,0.430,239.350,3.600,0.000,2.000,1.0
2009-05-02,11:32:00,0.772,0.500,239.500,3.800,0.000,1.000,0.0
2009-05-02,11:33:00,0.766,0.496,239.180,3.800,0.000,1.000,1.0
2009-05-02,11:34:00,0.806,0.478,239.390,3.800,0.000,2.000,1.0
2009-05-02,11:35:00,0.814,0.480,239.200,3.800,0.000,1.000,0.0
2009-05-02,11:36:00,0.810,0.480,239.100,3.800,0.000,1.000,1.0
2009-05-02,11:37:00,0.920,0.478,238.850,4.200,0.000,1.000,1.0
2009-05-02,11:38:00,0.908,0.480,238.960,4.200,0.000,2.000,0.0
2009-05-02,11:39:00,0.906,0.480,238.600,4.200,0.000,1.000,1.0
2009-05-02,11:40:00,1.490,0.436,238.270,6.800,0.000,1.000,10.0
2009-05-02,11:41:00,1.904,0.350,237.280,8.000,0.000,0.000,18.0
2009-05-02,11:42:00,1.878,0.348,237.170,8.000,0.000,0.000,19.0
2009-05-02,11:43:00,1.872,0.356,238.800,8.000,0.000,0.000,18.0
2009-05-02,11:44:00,1.862,0.354,238.500,7.800,0.000,0.000,18.0
2009-05-02,11:45:00,1.862,0.356,238.830,7.800,0.000,0.000,19.0
2009-05-02,11:46:00,1.832,0.356,238.930,7.800,0.000,0.000,18.0
2009-05-02,11:47:00,2.218,0.448,237.570,9.600,0.000,0.000,25.0
2009-05-02,11:48:00,2.324,0.462,237.640,9.800,0.000,0.000,28.0
2009-05-02,11:49:00,2.322,0.436,237.060,9.800,0.000,0.000,28.0
2009-05-02,11:50:00,4.680,0.372,235.190,21.000,21.000,0.000,28.0
2009-05-02,11:51:00,5.726,0.390,234.120,24.400,38.000,0.000,28.0
2009-05-02,11:52:00,4.688,0.398,234.650,20.000,37.000,0.000,28.0
2009-05-02,11:53:00,3.996,0.312,235.200,17.000,38.000,0.000,19.0
2009-05-02,11:54:00,3.840,0.306,235.370,16.200,37.000,0.000,18.0
2009-05-02,11:55:00,3.834,0.304,235.190,16.200,38.000,0.000,18.0
2009-05-02,11:56:00,3.838,0.304,235.290,16.200,37.000,0.000,17.0
2009-05-02,11:57:00,3.846,0.304,235.570,16.200,38.000,0.000,18.0
2009-05-02,11:58:00,3.852,0.304,235.790,16.400,37.000,0.000,17.0
2009-05-02,11:59:00,3.902,0.308,236.910,16.400,38.000,0.000,18.0
2009-05-02,12:00:00,3.990,0.304,236.720,16.800,38.000,0.000,18.0
2009-05-02,12:01:00,2.538,0.322,238.000,11.600,18.000,0.000,18.0
2009-05-02,12:02:00,1.756,0.310,239.110,7.600,2.000,0.000,18.0
2009-05-02,12:03:00,2.770,0.468,237.850,12.200,0.000,0.000,18.0
2009-05-02,12:04:00,1.622,0.226,238.690,6.800,0.000,0.000,18.0
2009-05-02,12:05:00,1.456,0.120,238.300,6.000,0.000,0.000,18.0
2009-05-02,12:06:00,1.396,0.078,239.070,5.800,0.000,0.000,19.0
2009-05-02,12:07:00,1.398,0.078,239.180,5.800,0.000,0.000,18.0
2009-05-02,12:08:00,1.402,0.080,239.640,5.800,0.000,0.000,18.0
2009-05-02,12:09:00,1.398,0.078,239.310,5.800,0.000,0.000,18.0
2009-05-02,12:10:00,1.396,0.078,239.020,5.800,0.000,0.000,18.0
2009-05-02,12:11:00,1.386,0.076,238.200,5.800,0.000,0.000,18.0
2009-05-02,12:12:00,1.390,0.076,238.550,5.800,0.000,0.000,18.0
2009-05-02,12:13:00,1.400,0.078,239.370,5.800,0.000,0.000,19.0
2009-05-02,12:14:00,1.400,0.078,239.480,5.800,0.000,0.000,18.0
2009-05-02,12:15:00,1.508,0.186,239.250,6.200,0.000,0.000,18.0
2009-05-02,12:16:00,1.504,0.208,239.110,6.200,0.000,0.000,18.0
2009-05-02,12:17:00,1.498,0.208,239.090,6.200,0.000,0.000,18.0
2009-05-02,12:18:00,1.494,0.206,238.830,6.200,0.000,0.000,19.0
2009-05-02,12:19:00,1.488,0.204,238.540,6.200,0.000,0.000,18.0
2009-05-02,12:20:00,1.488,0.204,238.670,6.200,0.000,0.000,18.0
2009-05-02,12:21:00,1.492,0.202,239.210,6.200,0.000,0.000,18.0
2009-05-02,12:22:00,1.496,0.204,239.760,6.200,0.000,0.000,18.0
2009-05-02,12:23:00,1.484,0.200,238.980,6.200,0.000,0.000,18.0
2009-05-02,12:24:00,1.478,0.198,238.510,6.200,0.000,0.000,18.0
2009-05-02,12:25:00,1.476,0.198,238.630,6.200,0.000,0.000,19.0
2009-05-02,12:26:00,1.478,0.200,238.730,6.200,0.000,0.000,18.0
2009-05-02,12:27:00,1.476,0.206,238.660,6.200,0.000,0.000,18.0
2009-05-02,12:28:00,1.478,0.208,238.480,6.200,0.000,0.000,18.0
2009-05-02,12:29:00,1.476,0.214,238.860,6.200,0.000,0.000,18.0
2009-05-02,12:30:00,1.470,0.212,238.330,6.200,0.000,0.000,18.0
2009-05-02,12:31:00,1.464,0.210,238.000,6.200,0.000,0.000,18.0
2009-05-02,12:32:00,1.464,0.210,238.070,6.200,0.000,0.000,18.0
2009-05-02,12:33:00,1.468,0.212,238.530,6.200,0.000,0.000,18.0
2009-05-02,12:34:00,1.432,0.158,238.820,6.000,0.000,0.000,18.0
2009-05-02,12:35:00,1.368,0.080,237.760,5.600,0.000,0.000,18.0
2009-05-02,12:36:00,1.364,0.078,237.450,5.600,0.000,0.000,18.0
2009-05-02,12:37:00,1.366,0.078,237.620,5.600,0.000,0.000,18.0
2009-05-02,12:38:00,1.362,0.078,237.330,5.600,0.000,0.000,18.0
2009-05-02,12:39:00,1.364,0.078,237.470,5.600,0.000,0.000,18.0
2009-05-02,12:40:00,1.362,0.078,237.360,5.600,0.000,0.000,18.0
2009-05-02,12:41:00,1.366,0.080,237.660,5.600,0.000,0.000,18.0
2009-05-02,12:42:00,1.372,0.080,237.640,5.800,0.000,0.000,18.0
2009-05-02,12:43:00,1.374,0.080,237.940,5.800,0.000,0.000,18.0
2009-05-02,12:44:00,1.362,0.078,237.310,5.600,0.000,0.000,17.0
2009-05-02,12:45:00,1.374,0.082,238.500,5.600,0.000,0.000,19.0
2009-05-02,12:46:00,1.380,0.084,239.110,5.800,0.000,0.000,18.0
2009-05-02,12:47:00,1.360,0.078,237.210,5.600,0.000,0.000,18.0
2009-05-02,12:48:00,1.362,0.080,237.530,5.600,0.000,0.000,18.0
2009-05-02,12:49:00,1.364,0.080,237.610,5.600,0.000,0.000,17.0
2009-05-02,12:50:00,1.366,0.082,237.980,5.600,0.000,0.000,18.0
2009-05-02,12:51:00,1.382,0.086,239.490,5.800,0.000,0.000,19.0
2009-05-02,12:52:00,1.374,0.084,238.800,5.600,0.000,0.000,18.0
2009-05-02,12:53:00,1.358,0.078,237.210,5.600,0.000,0.000,18.0
2009-05-02,12:54:00,1.378,0.086,239.130,5.600,0.000,0.000,18.0
2009-05-02,12:55:00,1.378,0.086,239.190,5.600,0.000,0.000,18.0
2009-05-02,12:56:00,1.374,0.084,238.850,5.600,0.000,0.000,18.0
2009-05-02,12:57:00,1.368,0.082,238.240,5.600,0.000,0.000,18.0
2009-05-02,12:58:00,1.386,0.086,239.760,5.800,0.000,0.000,18.0
2009-05-02,12:59:00,1.454,0.154,240.030,6.000,0.000,0.000,19.0
2009-05-02,13:00:00,1.648,0.208,238.670,7.000,0.000,0.000,18.0
2009-05-02,13:01:00,1.814,0.204,238.040,7.800,0.000,0.000,18.0
2009-05-02,13:02:00,2.404,0.218,238.770,10.400,0.000,0.000,18.0
2009-05-02,13:03:00,1.680,0.220,239.720,7.200,0.000,0.000,18.0
2009-05-02,13:04:00,2.114,0.248,239.330,9.200,0.000,0.000,18.0
2009-05-02,13:05:00,2.008,0.228,239.110,8.800,0.000,0.000,19.0
2009-05-02,13:06:00,1.618,0.204,239.270,6.800,0.000,0.000,18.0
2009-05-02,13:07:00,1.596,0.206,239.250,6.600,0.000,0.000,18.0
2009-05-02,13:08:00,1.668,0.182,239.440,7.000,0.000,0.000,18.0
2009-05-02,13:09:00,1.774,0.168,239.410,7.400,0.000,0.000,18.0
2009-05-02,13:10:00,1.714,0.068,239.740,7.200,0.000,0.000,19.0
2009-05-02,13:11:00,1.702,0.066,238.760,7.200,0.000,0.000,18.0
2009-05-02,13:12:00,1.704,0.066,238.930,7.200,0.000,0.000,18.0
2009-05-02,13:13:00,1.708,0.068,239.490,7.200,0.000,0.000,18.0
2009-05-02,13:14:00,1.710,0.068,239.430,7.200,0.000,0.000,18.0
2009-05-02,13:15:00,1.696,0.070,239.780,7.000,0.000,0.000,19.0
2009-05-02,13:16:00,1.770,0.068,239.830,7.400,0.000,0.000,18.0
2009-05-02,13:17:00,1.694,0.068,238.900,7.000,0.000,0.000,18.0
2009-05-02,13:18:00,1.668,0.000,239.440,7.000,0.000,0.000,18.0
2009-05-02,13:19:00,1.602,0.060,239.740,6.600,0.000,0.000,18.0
2009-05-02,13:20:00,1.606,0.060,240.040,6.600,0.000,0.000,19.0
2009-05-02,13:21:00,1.608,0.058,239.960,6.600,0.000,0.000,18.0
2009-05-02,13:22:00,1.648,0.000,240.180,6.800,0.000,0.000,18.0
2009-05-02,13:23:00,1.690,0.060,239.890,7.000,0.000,0.000,19.0
2009-05-02,13:24:00,1.688,0.064,240.610,7.000,0.000,2.000,18.0
2009-05-02,13:25:00,1.706,0.064,240.460,7.000,0.000,1.000,18.0
2009-05-02,13:26:00,1.802,0.062,240.480,7.400,0.000,1.000,19.0
2009-05-02,13:27:00,1.804,0.062,240.150,7.400,0.000,2.000,18.0
2009-05-02,13:28:00,1.764,0.062,240.230,7.400,0.000,1.000,18.0
2009-05-02,13:29:00,1.674,0.062,239.750,7.000,0.000,2.000,19.0
2009-05-02,13:30:00,1.686,0.062,239.700,7.000,0.000,1.000,18.0
2009-05-02,13:31:00,1.688,0.062,239.750,7.000,0.000,2.000,18.0
2009-05-02,13:32:00,1.666,0.062,239.510,7.000,0.000,1.000,18.0
2009-05-02,13:33:00,1.664,0.062,239.410,7.000,0.000,1.000,19.0
2009-05-02,13:34:00,1.668,0.062,239.570,7.000,0.000,2.000,18.0
2009-05-02,13:35:00,1.676,0.062,239.630,7.000,0.000,1.000,18.0
2009-05-02,13:36:00,2.036,0.144,239.900,8.600,0.000,1.000,24.0
2009-05-02,13:37:00,2.262,0.186,239.650,9.400,0.000,2.000,28.0
2009-05-02,13:38:00,2.274,0.182,239.160,9.400,0.000,1.000,28.0
2009-05-02,13:39:00,2.300,0.182,239.230,9.600,0.000,1.000,29.0
2009-05-02,13:40:00,2.510,0.184,239.310,10.600,0.000,2.000,29.0
2009-05-02,13:41:00,2.202,0.156,240.030,9.200,0.000,1.000,27.0
2009-05-02,13:42:00,1.302,0.068,240.360,5.800,0.000,1.000,13.0
2009-05-02,13:43:00,0.640,0.104,240.700,2.800,0.000,2.000,1.0
2009-05-02,13:44:00,0.814,0.212,240.940,3.600,0.000,1.000,0.0
2009-05-02,13:45:00,0.890,0.212,241.020,4.000,0.000,1.000,1.0
2009-05-02,13:46:00,0.876,0.224,241.250,4.000,0.000,1.000,1.0
2009-05-02,13:47:00,0.896,0.318,241.530,4.000,0.000,2.000,0.0
2009-05-02,13:48:00,0.746,0.248,241.520,3.400,0.000,0.000,1.0
2009-05-02,13:49:00,0.832,0.194,241.670,3.600,0.000,0.000,1.0
2009-05-02,13:50:00,0.708,0.194,241.160,3.200,0.000,0.000,0.0
2009-05-02,13:51:00,0.700,0.194,241.400,3.000,0.000,0.000,1.0
2009-05-02,13:52:00,0.682,0.200,241.870,3.000,0.000,0.000,1.0
2009-05-02,13:53:00,0.660,0.198,240.770,3.000,0.000,0.000,0.0
2009-05-02,13:54:00,0.664,0.196,240.400,3.000,0.000,0.000,1.0
2009-05-02,13:55:00,0.674,0.200,241.660,3.000,0.000,0.000,1.0
2009-05-02,13:56:00,0.664,0.202,241.790,3.000,0.000,0.000,0.0
2009-05-02,13:57:00,0.668,0.200,241.200,3.000,0.000,0.000,1.0
2009-05-02,13:58:00,0.666,0.200,241.320,3.000,0.000,0.000,1.0
2009-05-02,13:59:00,0.664,0.198,240.760,3.000,0.000,0.000,0.0
2009-05-02,14:00:00,0.674,0.198,240.930,3.000,0.000,0.000,1.0
2009-05-02,14:01:00,0.652,0.172,241.860,2.800,0.000,0.000,1.0
2009-05-02,14:02:00,0.522,0.000,242.040,2.400,0.000,0.000,0.0
2009-05-02,14:03:00,0.502,0.000,242.170,2.200,0.000,0.000,1.0
2009-05-02,14:04:00,0.636,0.000,241.750,2.800,0.000,0.000,1.0
2009-05-02,14:05:00,0.638,0.000,242.660,2.800,0.000,0.000,0.0
2009-05-02,14:06:00,0.524,0.000,243.450,2.400,0.000,0.000,1.0
2009-05-02,14:07:00,0.528,0.000,243.280,2.400,0.000,0.000,1.0
2009-05-02,14:08:00,0.528,0.000,242.610,2.400,0.000,0.000,0.0
2009-05-02,14:09:00,0.516,0.000,242.410,2.200,0.000,0.000,1.0
2009-05-02,14:10:00,0.510,0.000,242.740,2.200,0.000,0.000,1.0
2009-05-02,14:11:00,0.516,0.000,242.810,2.200,0.000,0.000,0.0
2009-05-02,14:12:00,0.514,0.000,242.560,2.200,0.000,0.000,1.0
2009-05-02,14:13:00,0.516,0.000,242.230,2.200,0.000,0.000,1.0
2009-05-02,14:14:00,0.512,0.000,241.650,2.200,0.000,0.000,0.0
2009-05-02,14:15:00,0.518,0.000,241.720,2.200,0.000,0.000,1.0
2009-05-02,14:16:00,0.528,0.000,241.880,2.400,0.000,0.000,1.0
2009-05-02,14:17:00,0.690,0.000,241.900,3.000,0.000,0.000,0.0
2009-05-02,14:18:00,0.540,0.000,242.160,2.400,0.000,0.000,1.0
2009-05-02,14:19:00,0.518,0.000,242.780,2.200,0.000,0.000,1.0
2009-05-02,14:20:00,0.514,0.056,241.950,2.200,0.000,0.000,0.0
2009-05-02,14:21:00,0.508,0.056,242.220,2.200,0.000,0.000,1.0
2009-05-02,14:22:00,0.630,0.058,241.860,2.800,0.000,0.000,1.0
2009-05-02,14:23:00,0.668,0.058,242.130,2.800,0.000,0.000,0.0
2009-05-02,14:24:00,0.662,0.058,242.320,2.800,0.000,0.000,1.0
2009-05-02,14:25:00,0.490,0.056,242.110,2.200,0.000,0.000,1.0
2009-05-02,14:26:00,0.490,0.058,241.650,2.200,0.000,0.000,0.0
2009-05-02,14:27:00,0.492,0.058,241.810,2.200,0.000,0.000,1.0
2009-05-02,14:28:00,0.580,0.000,242.130,2.600,0.000,0.000,1.0
2009-05-02,14:29:00,0.616,0.084,242.210,2.800,0.000,0.000,0.0
2009-05-02,14:30:00,0.676,0.184,242.580,3.000,0.000,0.000,1.0
2009-05-02,14:31:00,0.760,0.182,242.710,3.200,0.000,0.000,1.0
2009-05-02,14:32:00,0.858,0.196,242.090,3.600,0.000,0.000,0.0
2009-05-02,14:33:00,0.782,0.214,241.540,3.400,1.000,0.000,1.0
2009-05-02,14:34:00,0.736,0.196,241.380,3.200,1.000,0.000,1.0
2009-05-02,14:35:00,0.730,0.192,241.960,3.200,1.000,0.000,0.0
2009-05-02,14:36:00,0.726,0.192,242.180,3.200,1.000,0.000,1.0
2009-05-02,14:37:00,0.726,0.194,242.290,3.200,2.000,0.000,1.0
2009-05-02,14:38:00,0.722,0.194,242.310,3.200,1.000,0.000,0.0
2009-05-02,14:39:00,0.728,0.194,242.250,3.200,1.000,0.000,1.0
2009-05-02,14:40:00,0.724,0.198,243.420,3.200,1.000,0.000,1.0
2009-05-02,14:41:00,0.730,0.198,243.160,3.200,1.000,0.000,0.0
2009-05-02,14:42:00,0.886,0.194,242.720,3.800,1.000,0.000,1.0
2009-05-02,14:43:00,0.778,0.106,242.420,3.400,2.000,0.000,1.0
2009-05-02,14:44:00,0.660,0.088,241.670,2.800,1.000,0.000,0.0
2009-05-02,14:45:00,0.664,0.094,242.160,2.800,1.000,0.000,1.0
2009-05-02,14:46:00,0.590,0.000,242.790,2.600,1.000,0.000,1.0
2009-05-02,14:47:00,0.538,0.046,242.580,2.200,2.000,0.000,0.0
2009-05-02,14:48:00,2.236,0.060,240.490,10.000,1.000,0.000,1.0
2009-05-02,14:49:00,0.706,0.048,242.580,3.800,1.000,0.000,1.0
2009-05-02,14:50:00,0.720,0.000,242.680,4.000,1.000,0.000,0.0
2009-05-02,14:51:00,0.830,0.000,242.960,4.600,1.000,0.000,1.0
2009-05-02,14:52:00,0.800,0.000,242.820,4.400,1.000,0.000,1.0
2009-05-02,14:53:00,0.822,0.000,242.540,4.600,1.000,0.000,0.0
2009-05-02,14:54:00,3.048,0.068,241.210,12.800,37.000,0.000,1.0
2009-05-02,14:55:00,2.796,0.064,241.800,11.400,39.000,0.000,1.0
2009-05-02,14:56:00,3.296,0.068,240.930,14.200,39.000,0.000,0.0
2009-05-02,14:57:00,2.780,0.066,241.400,11.400,38.000,0.000,1.0
2009-05-02,14:58:00,3.110,0.068,240.510,13.200,38.000,0.000,1.0
2009-05-02,14:59:00,3.260,0.068,240.830,14.000,39.000,0.000,0.0
2009-05-02,15:00:00,3.044,0.066,241.460,12.800,38.000,0.000,1.0
2009-05-02,15:01:00,2.916,0.064,241.840,12.200,39.000,0.000,1.0
2009-05-02,15:02:00,3.150,0.066,241.430,13.400,38.000,0.000,0.0
2009-05-02,15:03:00,3.118,0.064,242.660,13.200,39.000,0.000,1.0
2009-05-02,15:04:00,2.510,0.056,242.990,11.600,28.000,0.000,1.0
2009-05-02,15:05:00,1.360,0.000,244.110,7.000,2.000,0.000,0.0
2009-05-02,15:06:00,1.006,0.000,245.100,5.400,1.000,0.000,1.0
2009-05-02,15:07:00,0.542,0.000,245.170,2.200,1.000,0.000,1.0
2009-05-02,15:08:00,0.544,0.000,245.330,2.200,1.000,0.000,0.0
2009-05-02,15:09:00,0.542,0.000,244.340,2.200,2.000,0.000,1.0
2009-05-02,15:10:00,0.538,0.000,244.480,2.200,1.000,0.000,1.0
2009-05-02,15:11:00,0.612,0.000,244.580,2.600,1.000,0.000,1.0
2009-05-02,15:12:00,0.724,0.200,243.940,3.000,1.000,0.000,0.0
2009-05-02,15:13:00,0.724,0.200,244.100,3.000,2.000,0.000,1.0
2009-05-02,15:14:00,0.716,0.200,243.850,3.000,1.000,0.000,1.0
2009-05-02,15:15:00,0.720,0.200,244.130,3.000,1.000,0.000,0.0
2009-05-02,15:16:00,0.712,0.204,244.640,3.000,1.000,0.000,1.0
2009-05-02,15:17:00,0.714,0.202,244.360,3.000,2.000,0.000,1.0
2009-05-02,15:18:00,0.702,0.204,244.370,3.000,1.000,0.000,0.0
2009-05-02,15:19:00,0.666,0.220,244.220,2.800,1.000,0.000,1.0
2009-05-02,15:20:00,0.656,0.222,244.630,2.800,1.000,0.000,1.0
2009-05-02,15:21:00,0.692,0.206,244.270,3.000,1.000,0.000,0.0
2009-05-02,15:22:00,0.708,0.200,243.920,3.000,2.000,0.000,1.0
2009-05-02,15:23:00,0.708,0.200,243.710,3.000,1.000,0.000,1.0
2009-05-02,15:24:00,0.638,0.098,245.030,2.600,1.000,0.000,0.0
2009-05-02,15:25:00,0.642,0.098,244.950,2.600,1.000,0.000,1.0
2009-05-02,15:26:00,0.638,0.098,245.130,2.600,2.000,0.000,1.0
2009-05-02,15:27:00,0.638,0.096,244.710,2.600,1.000,0.000,0.0
2009-05-02,15:28:00,0.634,0.096,244.560,2.600,1.000,0.000,1.0
2009-05-02,15:29:00,0.664,0.114,244.970,2.800,1.000,0.000,1.0
2009-05-02,15:30:00,0.630,0.086,245.570,2.600,2.000,1.000,0.0
2009-05-02,15:31:00,0.628,0.086,245.610,2.600,1.000,1.000,1.0
2009-05-02,15:32:00,0.602,0.096,245.680,2.600,1.000,2.000,1.0
2009-05-02,15:33:00,0.510,0.134,245.890,2.200,1.000,1.000,1.0
2009-05-02,15:34:00,0.500,0.128,245.720,2.200,2.000,1.000,0.0
2009-05-02,15:35:00,0.476,0.114,245.200,2.000,1.000,2.000,1.0
2009-05-02,15:36:00,0.478,0.114,244.910,2.000,1.000,1.000,1.0
2009-05-02,15:37:00,0.476,0.116,245.370,2.000,1.000,2.000,0.0
2009-05-02,15:38:00,0.460,0.122,245.100,2.000,2.000,1.000,1.0
2009-05-02,15:39:00,0.456,0.118,244.240,2.000,1.000,2.000,1.0
2009-05-02,15:40:00,0.456,0.116,243.830,2.000,1.000,1.000,0.0
2009-05-02,15:41:00,0.454,0.120,244.850,2.000,1.000,1.000,1.0
2009-05-02,15:42:00,0.456,0.120,244.850,2.000,1.000,2.000,1.0
2009-05-02,15:43:00,0.454,0.122,245.290,2.000,2.000,1.000,0.0
2009-05-02,15:44:00,0.454,0.120,244.710,2.000,1.000,2.000,1.0
2009-05-02,15:45:00,0.446,0.114,243.480,1.800,1.000,1.000,1.0
2009-05-02,15:46:00,0.450,0.114,243.490,2.000,1.000,1.000,0.0
2009-05-02,15:47:00,0.444,0.114,243.430,1.800,2.000,1.000,1.0
2009-05-02,15:48:00,0.448,0.114,243.430,1.800,1.000,2.000,1.0
2009-05-02,15:49:00,0.486,0.116,243.730,2.200,1.000,1.000,0.0
2009-05-02,15:50:00,0.490,0.116,243.840,2.200,1.000,1.000,1.0
2009-05-02,15:51:00,0.476,0.116,243.650,2.000,2.000,2.000,1.0
2009-05-02,15:52:00,0.566,0.202,243.110,2.600,1.000,1.000,0.0
2009-05-02,15:53:00,0.560,0.220,243.380,2.600,1.000,1.000,1.0
2009-05-02,15:54:00,0.572,0.224,244.240,2.600,1.000,1.000,1.0
2009-05-02,15:55:00,0.640,0.226,244.920,3.000,1.000,1.000,1.0
2009-05-02,15:56:00,1.200,0.406,244.290,5.200,2.000,0.000,10.0
2009-05-02,15:57:00,1.174,0.430,243.970,5.200,1.000,0.000,11.0
2009-05-02,15:58:00,1.198,0.440,244.570,5.200,0.000,0.000,12.0
2009-05-02,15:59:00,1.202,0.418,244.370,5.200,1.000,0.000,11.0
2009-05-02,16:00:00,1.202,0.398,244.770,5.200,0.000,0.000,12.0
2009-05-02,16:01:00,0.588,0.286,245.750,2.800,1.000,0.000,2.0
2009-05-02,16:02:00,0.554,0.268,245.370,2.600,1.000,0.000,0.0
2009-05-02,16:03:00,0.580,0.252,245.380,2.600,1.000,0.000,1.0
2009-05-02,16:04:00,0.510,0.144,245.270,2.200,1.000,0.000,1.0
2009-05-02,16:05:00,0.636,0.132,244.430,2.600,2.000,0.000,0.0
2009-05-02,16:06:00,0.630,0.130,244.170,2.600,1.000,0.000,1.0
2009-05-02,16:07:00,0.504,0.134,244.430,2.200,1.000,0.000,1.0
2009-05-02,16:08:00,0.518,0.134,244.830,2.200,1.000,0.000,0.0
2009-05-02,16:09:00,0.516,0.132,244.500,2.200,1.000,0.000,1.0
2009-05-02,16:10:00,0.484,0.162,244.420,2.200,1.000,0.000,1.0
2009-05-02,16:11:00,0.552,0.152,244.610,2.400,1.000,0.000,0.0
2009-05-02,16:12:00,0.644,0.120,243.960,2.800,0.000,0.000,1.0
2009-05-02,16:13:00,0.678,0.100,243.520,2.800,2.000,0.000,1.0
2009-05-02,16:14:00,2.676,0.052,241.770,11.400,32.000,0.000,0.0
2009-05-02,16:15:00,2.946,0.052,241.810,12.200,38.000,0.000,1.0
2009-05-02,16:16:00,2.878,0.000,242.060,11.800,39.000,0.000,1.0
2009-05-02,16:17:00,2.832,0.080,241.960,11.600,39.000,0.000,0.0
2009-05-02,16:18:00,2.770,0.080,242.030,11.400,38.000,0.000,1.0
2009-05-02,16:19:00,2.768,0.076,242.370,11.400,39.000,0.000,1.0
2009-05-02,16:20:00,2.778,0.076,242.690,11.400,38.000,0.000,0.0
2009-05-02,16:21:00,2.788,0.076,243.090,11.400,39.000,0.000,1.0
2009-05-02,16:22:00,2.792,0.076,243.180,11.400,39.000,0.000,1.0
2009-05-02,16:23:00,2.788,0.076,243.230,11.400,39.000,0.000,0.0
2009-05-02,16:24:00,2.786,0.076,243.240,11.400,39.000,0.000,1.0
2009-05-02,16:25:00,2.786,0.076,243.340,11.400,39.000,0.000,1.0
2009-05-02,16:26:00,2.608,0.074,243.400,11.000,37.000,0.000,0.0
2009-05-02,16:27:00,0.470,0.062,245.380,2.000,1.000,0.000,1.0
2009-05-02,16:28:00,0.452,0.062,245.470,1.800,0.000,0.000,1.0
2009-05-02,16:29:00,0.456,0.062,245.190,2.000,0.000,0.000,0.0
2009-05-02,16:30:00,0.524,0.000,246.020,2.200,0.000,0.000,1.0
2009-05-02,16:31:00,0.552,0.070,246.010,2.200,0.000,0.000,1.0
2009-05-02,16:32:00,0.536,0.048,246.020,2.200,0.000,0.000,1.0
2009-05-02,16:33:00,0.530,0.000,245.960,2.200,0.000,0.000,0.0
2009-05-02,16:34:00,0.532,0.000,246.090,2.200,0.000,0.000,1.0
2009-05-02,16:35:00,0.530,0.000,246.060,2.200,0.000,0.000,1.0
2009-05-02,16:36:00,0.526,0.000,245.280,2.200,0.000,0.000,0.0
2009-05-02,16:37:00,0.532,0.000,245.480,2.200,0.000,0.000,1.0
2009-05-02,16:38:00,0.622,0.148,245.340,2.600,0.000,0.000,1.0
2009-05-02,16:39:00,0.634,0.190,245.050,2.600,0.000,0.000,0.0
2009-05-02,16:40:00,0.626,0.190,245.030,2.600,0.000,0.000,1.0
2009-05-02,16:41:00,0.620,0.188,244.750,2.600,0.000,0.000,1.0
2009-05-02,16:42:00,0.622,0.190,245.090,2.600,0.000,0.000,0.0
2009-05-02,16:43:00,0.620,0.192,245.270,2.600,0.000,0.000,1.0
2009-05-02,16:44:00,0.614,0.190,245.060,2.600,0.000,0.000,1.0
2009-05-02,16:45:00,0.560,0.102,245.800,2.400,0.000,0.000,0.0
2009-05-02,16:46:00,0.656,0.084,245.870,2.600,0.000,0.000,1.0
2009-05-02,16:47:00,0.576,0.084,245.570,2.400,0.000,0.000,1.0
2009-05-02,16:48:00,0.546,0.084,245.310,2.200,0.000,0.000,0.0
2009-05-02,16:49:00,0.546,0.082,244.730,2.200,0.000,0.000,1.0
2009-05-02,16:50:00,0.544,0.082,244.460,2.200,0.000,0.000,1.0
2009-05-02,16:51:00,0.542,0.080,244.050,2.200,0.000,0.000,1.0
2009-05-02,16:52:00,0.542,0.080,244.310,2.200,0.000,0.000,0.0
2009-05-02,16:53:00,0.540,0.082,244.700,2.200,0.000,0.000,1.0
2009-05-02,16:54:00,0.542,0.080,244.440,2.200,0.000,0.000,1.0
2009-05-02,16:55:00,0.538,0.076,243.260,2.200,0.000,0.000,0.0
2009-05-02,16:56:00,0.488,0.000,242.560,2.000,0.000,0.000,1.0
2009-05-02,16:57:00,0.444,0.062,241.570,1.800,0.000,0.000,1.0
2009-05-02,16:58:00,0.442,0.062,241.350,1.800,0.000,0.000,0.0
2009-05-02,16:59:00,0.444,0.060,240.890,1.800,0.000,0.000,1.0
2009-05-02,17:00:00,0.442,0.060,240.750,1.800,0.000,0.000,1.0
2009-05-02,17:01:00,0.480,0.000,241.150,2.000,0.000,0.000,0.0
2009-05-02,17:02:00,0.448,0.058,241.340,1.800,0.000,0.000,1.0
2009-05-02,17:03:00,0.450,0.062,241.220,1.800,0.000,0.000,1.0
2009-05-02,17:04:00,0.442,0.064,240.740,1.800,0.000,0.000,0.0
2009-05-02,17:05:00,1.270,0.066,240.370,5.600,0.000,0.000,14.0
2009-05-02,17:06:00,1.518,0.068,240.170,6.200,0.000,0.000,19.0
2009-05-02,17:07:00,1.514,0.070,240.540,6.200,0.000,0.000,19.0
2009-05-02,17:08:00,1.518,0.082,240.290,6.200,0.000,0.000,18.0
2009-05-02,17:09:00,1.508,0.082,239.690,6.200,0.000,0.000,19.0
2009-05-02,17:10:00,1.498,0.084,238.980,6.200,0.000,0.000,18.0
2009-05-02,17:11:00,1.500,0.078,239.220,6.200,0.000,0.000,18.0
2009-05-02,17:12:00,1.502,0.074,239.940,6.200,0.000,0.000,19.0
2009-05-02,17:13:00,1.582,0.000,239.220,6.600,0.000,0.000,18.0
2009-05-02,17:14:00,1.570,0.000,239.200,6.600,0.000,0.000,18.0
2009-05-02,17:15:00,1.574,0.000,239.430,6.600,0.000,0.000,18.0
2009-05-02,17:16:00,1.572,0.000,239.430,6.400,0.000,0.000,19.0
2009-05-02,17:17:00,1.568,0.000,239.600,6.400,0.000,0.000,18.0
2009-05-02,17:18:00,1.576,0.000,240.100,6.400,0.000,0.000,18.0
2009-05-02,17:19:00,1.588,0.000,241.330,6.600,0.000,0.000,19.0
2009-05-02,17:20:00,1.612,0.050,241.250,6.600,0.000,0.000,18.0
2009-05-02,17:21:00,1.688,0.162,240.800,7.000,0.000,0.000,19.0
2009-05-02,17:22:00,1.688,0.164,240.980,7.000,0.000,0.000,18.0
2009-05-02,17:23:00,1.680,0.164,240.500,7.000,0.000,0.000,18.0
2009-05-02,17:24:00,1.686,0.166,241.270,7.000,0.000,0.000,19.0
2009-05-02,17:25:00,1.620,0.070,241.030,6.600,0.000,0.000,18.0
2009-05-02,17:26:00,1.618,0.062,241.060,6.600,0.000,0.000,19.0
2009-05-02,17:27:00,1.610,0.060,240.650,6.600,0.000,0.000,18.0
2009-05-02,17:28:00,1.612,0.060,241.060,6.600,0.000,0.000,19.0
2009-05-02,17:29:00,1.596,0.058,240.170,6.600,0.000,0.000,18.0
2009-05-02,17:30:00,1.598,0.056,239.970,6.600,0.000,0.000,18.0
2009-05-02,17:31:00,1.592,0.054,239.450,6.600,0.000,0.000,18.0
2009-05-02,17:32:00,1.594,0.056,239.670,6.600,0.000,0.000,19.0
2009-05-02,17:33:00,1.602,0.056,240.250,6.600,0.000,0.000,18.0
2009-05-02,17:34:00,1.602,0.058,240.340,6.600,0.000,0.000,18.0
2009-05-02,17:35:00,1.648,0.108,239.910,6.800,0.000,0.000,19.0
2009-05-02,17:36:00,1.684,0.180,240.330,7.000,0.000,0.000,18.0
2009-05-02,17:37:00,1.678,0.180,240.150,7.000,0.000,2.000,18.0
2009-05-02,17:38:00,1.642,0.132,239.660,6.800,0.000,1.000,19.0
2009-05-02,17:39:00,1.770,0.046,239.410,7.400,0.000,2.000,18.0
2009-05-02,17:40:00,0.598,0.058,240.500,2.600,0.000,1.000,2.0
2009-05-02,17:41:00,0.524,0.058,241.220,2.200,0.000,2.000,0.0
2009-05-02,17:42:00,0.522,0.058,241.060,2.200,0.000,1.000,1.0
2009-05-02,17:43:00,0.524,0.058,240.840,2.200,0.000,1.000,1.0
2009-05-02,17:44:00,0.522,0.058,240.740,2.200,0.000,2.000,0.0
2009-05-02,17:45:00,0.522,0.058,240.800,2.200,0.000,1.000,1.0
2009-05-02,17:46:00,0.526,0.058,241.560,2.200,0.000,2.000,1.0
2009-05-02,17:47:00,0.526,0.060,241.670,2.200,0.000,1.000,0.0
2009-05-02,17:48:00,0.524,0.060,242.050,2.200,0.000,1.000,1.0
2009-05-02,17:49:00,0.524,0.062,242.590,2.200,0.000,2.000,1.0
2009-05-02,17:50:00,0.524,0.062,242.410,2.200,0.000,1.000,0.0
2009-05-02,17:51:00,0.522,0.060,241.810,2.200,0.000,1.000,1.0
2009-05-02,17:52:00,0.520,0.058,241.520,2.200,0.000,2.000,1.0
2009-05-02,17:53:00,0.528,0.058,240.570,2.200,0.000,1.000,0.0
2009-05-02,17:54:00,0.602,0.160,240.480,2.600,0.000,1.000,1.0
2009-05-02,17:55:00,0.592,0.160,241.210,2.600,0.000,2.000,1.0
2009-05-02,17:56:00,0.592,0.162,241.480,2.600,0.000,1.000,0.0
2009-05-02,17:57:00,0.592,0.162,241.670,2.600,0.000,1.000,1.0
2009-05-02,17:58:00,0.586,0.162,241.400,2.400,0.000,1.000,1.0
2009-05-02,17:59:00,0.588,0.164,241.930,2.400,0.000,2.000,0.0
2009-05-02,18:00:00,0.586,0.166,241.970,2.400,0.000,1.000,1.0
2009-05-02,18:01:00,0.422,0.116,242.030,1.800,0.000,0.000,1.0
2009-05-02,18:02:00,0.396,0.086,241.910,1.600,0.000,0.000,0.0
2009-05-02,18:03:00,0.420,0.104,242.430,1.800,0.000,0.000,1.0
2009-05-02,18:04:00,0.504,0.220,241.810,2.200,0.000,0.000,1.0
2009-05-02,18:05:00,0.450,0.144,241.490,2.000,0.000,0.000,0.0
2009-05-02,18:06:00,0.418,0.122,242.130,1.800,0.000,0.000,1.0
2009-05-02,18:07:00,0.410,0.122,241.700,1.800,0.000,0.000,1.0
2009-05-02,18:08:00,0.408,0.122,241.620,1.800,0.000,0.000,0.0
2009-05-02,18:09:00,0.410,0.124,241.840,1.800,0.000,0.000,1.0
2009-05-02,18:10:00,0.506,0.134,242.070,2.400,0.000,0.000,1.0
2009-05-02,18:11:00,1.166,0.250,240.910,4.800,0.000,0.000,10.0
2009-05-02,18:12:00,1.056,0.252,241.180,4.400,0.000,0.000,11.0
2009-05-02,18:13:00,1.036,0.254,241.400,4.400,0.000,0.000,11.0
2009-05-02,18:14:00,1.096,0.254,241.450,4.600,0.000,0.000,11.0
2009-05-02,18:15:00,1.106,0.254,241.480,4.600,0.000,0.000,12.0
2009-05-02,18:16:00,0.556,0.154,241.930,2.600,0.000,0.000,4.0
2009-05-02,18:17:00,0.404,0.126,242.610,1.800,0.000,0.000,1.0
2009-05-02,18:18:00,0.402,0.124,242.170,1.600,0.000,0.000,0.0
2009-05-02,18:19:00,0.402,0.124,242.030,1.600,0.000,0.000,1.0
2009-05-02,18:20:00,0.402,0.126,242.460,1.800,0.000,0.000,1.0
2009-05-02,18:21:00,0.370,0.078,242.390,1.600,0.000,0.000,0.0
2009-05-02,18:22:00,0.310,0.000,242.440,1.200,0.000,0.000,1.0
2009-05-02,18:23:00,0.310,0.000,242.450,1.200,0.000,0.000,1.0
2009-05-02,18:24:00,0.306,0.000,241.760,1.200,0.000,0.000,0.0
2009-05-02,18:25:00,0.306,0.000,241.070,1.200,0.000,0.000,1.0
2009-05-02,18:26:00,0.306,0.000,241.490,1.200,0.000,0.000,1.0
2009-05-02,18:27:00,0.308,0.000,241.660,1.200,0.000,0.000,0.0
2009-05-02,18:28:00,0.330,0.000,241.280,1.400,0.000,0.000,1.0
2009-05-02,18:29:00,0.394,0.000,241.040,1.600,0.000,0.000,1.0
2009-05-02,18:30:00,0.304,0.000,240.860,1.200,0.000,0.000,0.0
2009-05-02,18:31:00,0.308,0.000,240.750,1.200,0.000,0.000,1.0
2009-05-02,18:32:00,0.306,0.000,240.150,1.200,0.000,0.000,0.0
2009-05-02,18:33:00,0.304,0.000,240.660,1.200,0.000,0.000,1.0
2009-05-02,18:34:00,0.378,0.062,240.940,1.600,0.000,0.000,1.0
2009-05-02,18:35:00,0.378,0.088,240.640,1.600,0.000,0.000,0.0
2009-05-02,18:36:00,0.378,0.086,240.650,1.600,0.000,0.000,1.0
2009-05-02,18:37:00,0.378,0.088,240.710,1.600,0.000,0.000,1.0
2009-05-02,18:38:00,0.376,0.086,240.350,1.600,0.000,0.000,0.0
2009-05-02,18:39:00,0.374,0.086,240.200,1.600,0.000,0.000,1.0
2009-05-02,18:40:00,0.376,0.088,241.070,1.600,0.000,0.000,1.0
2009-05-02,18:41:00,0.374,0.088,240.790,1.600,0.000,0.000,0.0
2009-05-02,18:42:00,0.374,0.088,240.730,1.600,0.000,0.000,1.0
2009-05-02,18:43:00,0.374,0.088,241.070,1.600,0.000,0.000,1.0
2009-05-02,18:44:00,0.374,0.088,240.970,1.600,0.000,0.000,0.0
2009-05-02,18:45:00,0.338,0.000,241.770,1.400,0.000,0.000,1.0
2009-05-02,18:46:00,0.340,0.000,241.580,1.400,0.000,0.000,1.0
2009-05-02,18:47:00,0.416,0.120,241.930,1.800,0.000,0.000,0.0
2009-05-02,18:48:00,0.410,0.118,241.150,1.800,0.000,0.000,1.0
2009-05-02,18:49:00,0.410,0.118,241.310,1.800,0.000,0.000,1.0
2009-05-02,18:50:00,0.408,0.118,240.730,1.800,0.000,0.000,0.0
2009-05-02,18:51:00,0.406,0.118,241.060,1.800,0.000,0.000,1.0
2009-05-02,18:52:00,0.402,0.116,240.680,1.800,0.000,0.000,1.0
2009-05-02,18:53:00,0.400,0.116,240.640,1.600,0.000,0.000,0.0
2009-05-02,18:54:00,0.400,0.116,240.600,1.600,0.000,0.000,1.0
2009-05-02,18:55:00,0.398,0.114,240.010,1.600,0.000,0.000,1.0
2009-05-02,18:56:00,0.398,0.116,240.560,1.600,0.000,0.000,0.0
2009-05-02,18:57:00,0.398,0.116,240.810,1.600,0.000,0.000,1.0
2009-05-02,18:58:00,0.400,0.122,241.840,1.600,0.000,0.000,1.0
2009-05-02,18:59:00,0.400,0.122,242.080,1.600,0.000,0.000,0.0
2009-05-02,19:00:00,0.402,0.124,242.600,1.600,0.000,0.000,1.0
2009-05-02,19:01:00,0.400,0.124,242.420,1.600,0.000,0.000,1.0
2009-05-02,19:02:00,0.400,0.122,241.940,1.600,0.000,0.000,0.0
2009-05-02,19:03:00,0.398,0.122,241.850,1.600,0.000,0.000,1.0
2009-05-02,19:04:00,0.340,0.000,242.270,1.400,0.000,0.000,1.0
2009-05-02,19:05:00,0.462,0.000,241.380,1.800,0.000,0.000,0.0
2009-05-02,19:06:00,0.426,0.000,241.520,1.800,0.000,0.000,1.0
2009-05-02,19:07:00,0.308,0.000,242.450,1.200,0.000,0.000,1.0
2009-05-02,19:08:00,0.306,0.000,242.490,1.200,0.000,0.000,0.0
2009-05-02,19:09:00,0.306,0.000,242.240,1.200,0.000,0.000,1.0
2009-05-02,19:10:00,0.306,0.000,242.280,1.200,0.000,0.000,1.0
2009-05-02,19:11:00,0.306,0.000,242.150,1.200,0.000,0.000,0.0
2009-05-02,19:12:00,0.306,0.000,242.230,1.200,0.000,0.000,1.0
2009-05-02,19:13:00,0.306,0.000,242.320,1.200,0.000,0.000,1.0
2009-05-02,19:14:00,0.308,0.000,242.210,1.200,0.000,0.000,0.0
2009-05-02,19:15:00,0.388,0.076,241.790,1.800,0.000,0.000,1.0
2009-05-02,19:16:00,0.382,0.092,242.040,1.600,0.000,0.000,1.0
2009-05-02,19:17:00,0.384,0.092,241.920,1.600,0.000,0.000,0.0
2009-05-02,19:18:00,0.382,0.092,242.080,1.600,0.000,0.000,1.0
2009-05-02,19:19:00,0.384,0.090,241.950,1.600,0.000,0.000,1.0
2009-05-02,19:20:00,0.382,0.090,241.960,1.600,0.000,0.000,0.0
2009-05-02,19:21:00,0.376,0.088,241.020,1.600,0.000,0.000,1.0
2009-05-02,19:22:00,0.378,0.090,241.680,1.600,0.000,0.000,1.0
2009-05-02,19:23:00,0.378,0.092,242.410,1.600,0.000,0.000,0.0
2009-05-02,19:24:00,0.374,0.088,241.270,1.600,0.000,0.000,1.0
2009-05-02,19:25:00,0.374,0.088,240.920,1.600,0.000,0.000,1.0
2009-05-02,19:26:00,0.372,0.088,241.060,1.600,0.000,0.000,0.0
2009-05-02,19:27:00,0.374,0.092,241.810,1.600,0.000,0.000,1.0
2009-05-02,19:28:00,0.374,0.092,241.930,1.600,0.000,0.000,1.0
2009-05-02,19:29:00,0.440,0.156,241.580,2.000,0.000,0.000,0.0
2009-05-02,19:30:00,0.474,0.212,242.100,2.200,0.000,0.000,1.0
2009-05-02,19:31:00,0.412,0.122,242.180,1.800,0.000,0.000,1.0
2009-05-02,19:32:00,0.410,0.122,242.190,1.800,0.000,0.000,0.0
2009-05-02,19:33:00,0.408,0.124,242.490,1.800,0.000,0.000,1.0
2009-05-02,19:34:00,0.408,0.124,242.680,1.800,0.000,0.000,1.0
2009-05-02,19:35:00,0.408,0.130,243.660,1.800,0.000,0.000,0.0
2009-05-02,19:36:00,0.406,0.128,243.440,1.800,0.000,0.000,1.0
2009-05-02,19:37:00,0.406,0.130,243.580,1.800,0.000,0.000,1.0
2009-05-02,19:38:00,0.406,0.130,243.730,1.800,0.000,0.000,0.0
2009-05-02,19:39:00,0.404,0.128,243.160,1.800,0.000,0.000,1.0
2009-05-02,19:40:00,0.404,0.130,243.410,1.800,0.000,0.000,1.0
2009-05-02,19:41:00,0.498,0.248,243.180,2.400,0.000,0.000,1.0
2009-05-02,19:42:00,0.490,0.258,244.130,2.200,0.000,2.000,0.0
2009-05-02,19:43:00,0.488,0.256,243.760,2.200,0.000,1.000,1.0
2009-05-02,19:44:00,0.486,0.254,243.330,2.200,0.000,2.000,1.0
2009-05-02,19:45:00,0.486,0.252,243.140,2.200,0.000,1.000,0.0
2009-05-02,19:46:00,0.486,0.254,243.180,2.200,0.000,1.000,1.0
2009-05-02,19:47:00,0.436,0.176,242.840,2.000,0.000,2.000,1.0
2009-05-02,19:48:00,0.392,0.114,243.040,1.600,0.000,1.000,0.0
2009-05-02,19:49:00,0.392,0.114,242.960,1.600,0.000,2.000,1.0
2009-05-02,19:50:00,0.394,0.116,243.500,1.600,0.000,1.000,1.0
2009-05-02,19:51:00,0.392,0.114,243.070,1.600,0.000,2.000,0.0
2009-05-02,19:52:00,0.392,0.114,242.990,1.600,0.000,1.000,1.0
2009-05-02,19:53:00,0.390,0.114,243.120,1.600,0.000,1.000,1.0
2009-05-02,19:54:00,0.392,0.112,242.550,1.600,0.000,2.000,0.0
2009-05-02,19:55:00,0.388,0.110,242.400,1.600,0.000,1.000,1.0
2009-05-02,19:56:00,0.388,0.112,242.620,1.600,0.000,1.000,1.0
2009-05-02,19:57:00,0.388,0.114,243.160,1.600,0.000,2.000,0.0
2009-05-02,19:58:00,0.386,0.114,243.060,1.600,0.000,1.000,1.0
2009-05-02,19:59:00,0.446,0.176,243.570,2.000,0.000,1.000,1.0
2009-05-02,20:00:00,0.464,0.224,244.120,2.000,0.000,2.000,0.0
2009-05-02,20:01:00,0.460,0.222,243.570,2.000,0.000,1.000,1.0
2009-05-02,20:02:00,0.456,0.222,243.290,2.000,0.000,1.000,1.0
2009-05-02,20:03:00,0.562,0.220,243.110,2.400,0.000,1.000,0.0
2009-05-02,20:04:00,0.578,0.224,243.540,2.600,0.000,2.000,1.0
2009-05-02,20:05:00,0.452,0.228,244.010,2.000,0.000,1.000,1.0
2009-05-02,20:06:00,0.442,0.200,244.200,2.000,0.000,1.000,0.0
2009-05-02,20:07:00,0.376,0.108,244.260,1.600,0.000,0.000,1.0
2009-05-02,20:08:00,0.374,0.106,244.060,1.600,0.000,0.000,1.0
2009-05-02,20:09:00,0.374,0.104,243.680,1.600,0.000,0.000,0.0
2009-05-02,20:10:00,0.370,0.106,243.330,1.600,0.000,0.000,1.0
2009-05-02,20:11:00,0.700,0.190,243.400,3.200,0.000,0.000,6.0
2009-05-02,20:12:00,1.020,0.298,243.550,4.400,0.000,0.000,10.0
2009-05-02,20:13:00,1.110,0.394,243.580,4.800,0.000,0.000,11.0
2009-05-02,20:14:00,1.130,0.392,243.740,4.800,0.000,0.000,12.0
2009-05-02,20:15:00,1.132,0.390,243.710,4.800,0.000,0.000,12.0
2009-05-02,20:16:00,0.834,0.324,243.560,3.800,0.000,0.000,7.0
2009-05-02,20:17:00,0.472,0.248,244.070,2.200,0.000,0.000,1.0
2009-05-02,20:18:00,0.472,0.246,244.070,2.200,0.000,0.000,0.0
2009-05-02,20:19:00,0.468,0.246,243.890,2.200,0.000,0.000,1.0
2009-05-02,20:20:00,0.432,0.190,244.170,2.000,0.000,0.000,1.0
2009-05-02,20:21:00,0.446,0.140,243.820,2.000,0.000,0.000,0.0
2009-05-02,20:22:00,0.686,0.136,243.370,2.800,0.000,0.000,1.0
2009-05-02,20:23:00,0.666,0.130,242.570,2.800,0.000,0.000,1.0
2009-05-02,20:24:00,0.662,0.128,242.430,2.800,0.000,0.000,0.0
2009-05-02,20:25:00,0.660,0.126,242.210,2.800,0.000,0.000,1.0
2009-05-02,20:26:00,0.664,0.132,243.400,2.800,0.000,0.000,1.0
2009-05-02,20:27:00,0.666,0.134,243.720,2.800,0.000,0.000,0.0
2009-05-02,20:28:00,0.666,0.132,243.550,2.800,0.000,0.000,1.0
2009-05-02,20:29:00,0.664,0.132,243.460,2.800,0.000,0.000,1.0
2009-05-02,20:30:00,0.634,0.088,243.040,2.600,0.000,0.000,0.0
2009-05-02,20:31:00,0.572,0.000,243.160,2.400,0.000,0.000,1.0
2009-05-02,20:32:00,0.566,0.000,242.250,2.400,0.000,0.000,1.0
2009-05-02,20:33:00,0.568,0.000,242.480,2.400,0.000,0.000,0.0
2009-05-02,20:34:00,0.570,0.000,242.820,2.400,0.000,0.000,1.0
2009-05-02,20:35:00,0.568,0.000,242.600,2.400,0.000,0.000,1.0
2009-05-02,20:36:00,0.566,0.000,242.220,2.200,0.000,0.000,0.0
2009-05-02,20:37:00,0.568,0.000,242.600,2.400,0.000,0.000,1.0
2009-05-02,20:38:00,0.564,0.000,242.130,2.200,0.000,0.000,1.0
2009-05-02,20:39:00,0.566,0.000,242.410,2.400,0.000,0.000,0.0
2009-05-02,20:40:00,0.570,0.000,243.180,2.400,0.000,0.000,1.0
2009-05-02,20:41:00,0.572,0.000,243.740,2.400,0.000,0.000,1.0
2009-05-02,20:42:00,0.572,0.000,243.550,2.400,0.000,0.000,0.0
2009-05-02,20:43:00,0.570,0.000,243.240,2.400,0.000,0.000,1.0
2009-05-02,20:44:00,0.570,0.000,243.000,2.400,0.000,0.000,1.0
2009-05-02,20:45:00,0.570,0.000,243.320,2.400,0.000,0.000,0.0
2009-05-02,20:46:00,0.572,0.000,243.540,2.400,0.000,0.000,1.0
2009-05-02,20:47:00,0.572,0.000,243.520,2.400,0.000,0.000,1.0
2009-05-02,20:48:00,0.572,0.000,243.100,2.400,0.000,0.000,1.0
2009-05-02,20:49:00,0.568,0.000,242.720,2.400,0.000,0.000,0.0
2009-05-02,20:50:00,0.652,0.088,242.770,2.800,0.000,0.000,1.0
2009-05-02,20:51:00,0.644,0.098,242.890,2.600,0.000,0.000,1.0
2009-05-02,20:52:00,0.642,0.098,242.610,2.600,0.000,0.000,0.0
2009-05-02,20:53:00,0.642,0.096,242.490,2.600,0.000,0.000,1.0
2009-05-02,20:54:00,0.644,0.098,243.200,2.600,0.000,0.000,1.0
2009-05-02,20:55:00,0.714,0.176,243.130,3.000,0.000,0.000,0.0
2009-05-02,20:56:00,0.750,0.234,243.020,3.200,0.000,0.000,1.0
2009-05-02,20:57:00,0.744,0.232,242.820,3.200,0.000,0.000,1.0
2009-05-02,20:58:00,0.744,0.236,243.280,3.200,0.000,0.000,0.0
2009-05-02,20:59:00,0.742,0.236,243.510,3.200,0.000,0.000,1.0
2009-05-02,21:00:00,0.740,0.236,243.390,3.200,0.000,0.000,1.0
2009-05-02,21:01:00,0.730,0.234,242.370,3.200,0.000,0.000,0.0
2009-05-02,21:02:00,0.694,0.178,242.040,3.000,0.000,0.000,1.0
2009-05-02,21:03:00,0.662,0.126,242.150,2.800,0.000,0.000,1.0
2009-05-02,21:04:00,0.656,0.124,241.110,2.800,0.000,0.000,0.0
2009-05-02,21:05:00,0.654,0.122,241.030,2.800,0.000,0.000,1.0
2009-05-02,21:06:00,0.656,0.124,241.330,2.800,0.000,0.000,1.0
2009-05-02,21:07:00,0.658,0.124,241.530,2.800,0.000,0.000,0.0
2009-05-02,21:08:00,0.660,0.122,241.770,2.800,0.000,0.000,1.0
2009-05-02,21:09:00,0.656,0.126,241.670,2.800,0.000,0.000,1.0
2009-05-02,21:10:00,0.658,0.128,242.270,2.800,0.000,0.000,0.0
2009-05-02,21:11:00,0.660,0.124,242.130,2.800,0.000,0.000,1.0
2009-05-02,21:12:00,0.640,0.100,242.240,2.600,0.000,0.000,1.0
2009-05-02,21:13:00,0.568,0.000,242.100,2.400,0.000,0.000,0.0
2009-05-02,21:14:00,0.566,0.000,241.870,2.400,0.000,0.000,1.0
2009-05-02,21:15:00,0.570,0.000,242.170,2.400,0.000,0.000,1.0
2009-05-02,21:16:00,0.564,0.000,241.780,2.200,0.000,0.000,0.0
2009-05-02,21:17:00,0.564,0.000,241.210,2.200,0.000,0.000,1.0
2009-05-02,21:18:00,0.564,0.000,241.300,2.200,0.000,0.000,1.0
2009-05-02,21:19:00,0.562,0.000,241.470,2.200,0.000,0.000,0.0
2009-05-02,21:20:00,0.568,0.000,242.340,2.400,0.000,0.000,1.0
2009-05-02,21:21:00,0.568,0.000,242.530,2.400,0.000,0.000,1.0
2009-05-02,21:22:00,0.570,0.000,243.050,2.400,0.000,0.000,0.0
2009-05-02,21:23:00,0.570,0.000,243.050,2.400,0.000,0.000,1.0
2009-05-02,21:24:00,0.578,0.000,242.890,2.400,0.000,0.000,1.0
2009-05-02,21:25:00,0.566,0.000,242.660,2.200,0.000,0.000,0.0
2009-05-02,21:26:00,0.590,0.000,242.400,2.400,0.000,0.000,1.0
2009-05-02,21:27:00,1.248,0.056,241.480,5.600,0.000,0.000,1.0
2009-05-02,21:28:00,1.530,0.000,240.570,6.400,0.000,0.000,0.0
2009-05-02,21:29:00,1.488,0.000,240.670,6.200,0.000,0.000,1.0
2009-05-02,21:30:00,1.322,0.000,241.040,5.400,0.000,0.000,1.0
2009-05-02,21:31:00,1.396,0.064,240.840,5.800,0.000,0.000,0.0
2009-05-02,21:32:00,1.468,0.000,241.220,6.000,0.000,0.000,1.0
2009-05-02,21:33:00,1.480,0.000,241.690,6.000,0.000,0.000,1.0
2009-05-02,21:34:00,1.482,0.000,242.060,6.000,0.000,0.000,0.0
2009-05-02,21:35:00,1.482,0.000,242.180,6.000,0.000,0.000,1.0
2009-05-02,21:36:00,1.478,0.000,242.060,6.000,0.000,0.000,1.0
2009-05-02,21:37:00,1.478,0.000,242.230,6.000,0.000,0.000,0.0
2009-05-02,21:38:00,1.548,0.118,241.980,6.400,0.000,0.000,1.0
2009-05-02,21:39:00,1.584,0.176,241.790,6.600,0.000,0.000,1.0
2009-05-02,21:40:00,1.572,0.174,241.420,6.400,0.000,0.000,0.0
2009-05-02,21:41:00,1.570,0.176,241.650,6.400,0.000,0.000,1.0
2009-05-02,21:42:00,1.564,0.174,241.140,6.400,0.000,0.000,1.0
2009-05-02,21:43:00,1.554,0.166,240.950,6.400,0.000,0.000,0.0
2009-05-02,21:44:00,1.490,0.070,240.920,6.200,0.000,0.000,1.0
2009-05-02,21:45:00,1.492,0.070,240.930,6.200,0.000,0.000,1.0
2009-05-02,21:46:00,1.674,0.134,241.280,7.000,0.000,0.000,0.0
2009-05-02,21:47:00,1.724,0.192,241.260,7.200,0.000,1.000,1.0
2009-05-02,21:48:00,1.640,0.196,241.540,6.800,0.000,1.000,1.0
2009-05-02,21:49:00,1.642,0.194,241.300,6.800,0.000,2.000,0.0
2009-05-02,21:50:00,1.648,0.194,241.200,6.800,0.000,1.000,1.0
2009-05-02,21:51:00,1.542,0.280,241.350,6.400,0.000,1.000,1.0
2009-05-02,21:52:00,1.916,0.320,241.170,8.000,0.000,2.000,0.0
2009-05-02,21:53:00,2.018,0.314,240.480,8.400,0.000,1.000,1.0
2009-05-02,21:54:00,2.294,0.318,239.940,9.600,0.000,2.000,1.0
2009-05-02,21:55:00,2.022,0.278,240.400,8.400,0.000,1.000,0.0
2009-05-02,21:56:00,1.948,0.170,240.840,8.000,0.000,2.000,1.0
2009-05-02,21:57:00,1.988,0.170,240.620,8.200,0.000,1.000,1.0
2009-05-02,21:58:00,1.940,0.172,240.250,8.000,0.000,1.000,0.0
2009-05-02,21:59:00,2.278,0.188,239.650,9.600,0.000,2.000,1.0
2009-05-02,22:00:00,2.420,0.194,239.380,10.000,0.000,1.000,1.0
2009-05-02,22:01:00,2.280,0.156,239.420,9.600,0.000,1.000,0.0
2009-05-02,22:02:00,1.782,0.098,241.440,7.400,0.000,2.000,1.0
2009-05-02,22:03:00,1.816,0.098,241.760,7.400,0.000,1.000,1.0
2009-05-02,22:04:00,2.704,0.088,240.900,11.400,0.000,1.000,12.0
2009-05-02,22:05:00,2.834,0.100,240.670,11.800,0.000,2.000,19.0
2009-05-02,22:06:00,2.440,0.116,241.190,10.000,0.000,1.000,19.0
2009-05-02,22:07:00,2.702,0.110,240.860,11.200,0.000,1.000,19.0
2009-05-02,22:08:00,3.170,0.090,240.670,13.000,0.000,1.000,18.0
2009-05-02,22:09:00,3.184,0.086,240.570,13.200,0.000,2.000,19.0
2009-05-02,22:10:00,3.166,0.086,239.990,13.200,0.000,1.000,18.0
2009-05-02,22:11:00,3.138,0.058,239.840,13.000,0.000,1.000,18.0
2009-05-02,22:12:00,3.084,0.000,240.020,12.800,0.000,0.000,19.0
2009-05-02,22:13:00,2.578,0.000,240.480,10.800,0.000,0.000,18.0
2009-05-02,22:14:00,2.362,0.096,240.590,9.800,0.000,0.000,18.0
2009-05-02,22:15:00,2.350,0.094,239.970,9.800,0.000,0.000,19.0
2009-05-02,22:16:00,2.356,0.094,240.230,9.800,0.000,0.000,18.0
2009-05-02,22:17:00,2.366,0.098,241.090,9.800,0.000,0.000,19.0
2009-05-02,22:18:00,2.542,0.140,240.900,10.600,0.000,0.000,20.0
2009-05-02,22:19:00,2.838,0.264,241.170,11.800,0.000,0.000,29.0
2009-05-02,22:20:00,2.896,0.266,241.210,12.000,0.000,0.000,28.0
2009-05-02,22:21:00,3.008,0.340,240.930,12.400,0.000,0.000,29.0
2009-05-02,22:22:00,3.026,0.390,240.570,12.600,0.000,0.000,29.0
2009-05-02,22:23:00,2.998,0.390,240.350,12.400,0.000,0.000,30.0
2009-05-02,22:24:00,2.314,0.268,241.040,9.600,0.000,0.000,19.0
2009-05-02,22:25:00,2.832,0.242,240.040,11.800,0.000,0.000,18.0
2009-05-02,22:26:00,2.916,0.234,240.130,12.000,0.000,0.000,18.0
2009-05-02,22:27:00,2.868,0.164,240.160,11.800,0.000,0.000,19.0
2009-05-02,22:28:00,2.844,0.132,240.110,11.800,0.000,0.000,18.0
2009-05-02,22:29:00,2.848,0.132,240.310,11.800,0.000,0.000,18.0
2009-05-02,22:30:00,2.840,0.130,239.980,11.800,0.000,0.000,19.0
2009-05-02,22:31:00,2.834,0.130,239.720,11.800,0.000,0.000,18.0
2009-05-02,22:32:00,2.690,0.130,239.820,11.200,0.000,0.000,18.0
2009-05-02,22:33:00,1.948,0.120,240.640,8.200,0.000,0.000,18.0
2009-05-02,22:34:00,2.348,0.122,240.240,9.800,0.000,0.000,19.0
2009-05-02,22:35:00,2.060,0.088,239.640,8.600,0.000,0.000,18.0
2009-05-02,22:36:00,1.778,0.090,240.060,7.400,0.000,0.000,18.0
2009-05-02,22:37:00,1.628,0.094,240.230,6.800,0.000,0.000,19.0
2009-05-02,22:38:00,1.678,0.066,240.380,7.000,0.000,0.000,18.0
2009-05-02,22:39:00,1.692,0.000,240.450,7.000,0.000,0.000,18.0
2009-05-02,22:40:00,1.568,0.000,241.290,6.400,0.000,0.000,19.0
2009-05-02,22:41:00,1.522,0.000,241.040,6.200,0.000,0.000,18.0
2009-05-02,22:42:00,1.524,0.000,241.300,6.200,0.000,0.000,19.0
2009-05-02,22:43:00,1.520,0.000,241.050,6.200,0.000,0.000,18.0
2009-05-02,22:44:00,1.518,0.000,241.010,6.200,0.000,0.000,19.0
2009-05-02,22:45:00,1.522,0.000,241.420,6.200,0.000,0.000,18.0
2009-05-02,22:46:00,1.520,0.000,241.320,6.200,0.000,0.000,19.0
2009-05-02,22:47:00,1.522,0.000,241.530,6.200,0.000,0.000,18.0
2009-05-02,22:48:00,1.526,0.000,241.900,6.200,0.000,0.000,19.0
2009-05-02,22:49:00,1.526,0.000,241.940,6.200,0.000,0.000,18.0
2009-05-02,22:50:00,1.518,0.000,241.160,6.200,0.000,0.000,19.0
2009-05-02,22:51:00,1.518,0.000,241.340,6.200,0.000,0.000,18.0
2009-05-02,22:52:00,1.516,0.000,241.210,6.200,0.000,0.000,19.0
2009-05-02,22:53:00,1.508,0.000,240.560,6.200,0.000,0.000,18.0
2009-05-02,22:54:00,1.502,0.000,240.020,6.200,0.000,0.000,18.0
2009-05-02,22:55:00,1.502,0.000,239.940,6.200,0.000,0.000,19.0
2009-05-02,22:56:00,1.502,0.000,240.130,6.200,0.000,0.000,18.0
2009-05-02,22:57:00,1.502,0.000,240.070,6.200,0.000,0.000,18.0
2009-05-02,22:58:00,1.568,0.000,239.890,6.400,0.000,0.000,19.0
2009-05-02,22:59:00,1.248,0.072,240.480,5.600,0.000,0.000,14.0
2009-05-02,23:00:00,0.516,0.080,241.290,2.000,0.000,0.000,0.0
2009-05-02,23:01:00,0.592,0.078,241.320,2.400,0.000,0.000,1.0
2009-05-02,23:02:00,0.950,0.074,241.460,3.800,0.000,0.000,1.0
2009-05-02,23:03:00,0.732,0.082,241.830,3.000,0.000,0.000,0.0
2009-05-02,23:04:00,0.844,0.164,241.470,3.600,0.000,0.000,1.0
2009-05-02,23:05:00,1.502,0.214,240.700,6.400,0.000,0.000,1.0
2009-05-02,23:06:00,1.632,0.220,240.610,6.800,0.000,0.000,0.0
2009-05-02,23:07:00,1.212,0.224,241.160,5.000,0.000,0.000,1.0
2009-05-02,23:08:00,1.422,0.230,241.420,6.000,0.000,0.000,0.0
2009-05-02,23:09:00,0.900,0.230,242.170,3.800,0.000,0.000,1.0
2009-05-02,23:10:00,0.878,0.230,242.290,3.600,0.000,0.000,1.0
2009-05-02,23:11:00,0.846,0.232,242.420,3.600,0.000,0.000,1.0
2009-05-02,23:12:00,0.920,0.194,242.400,3.800,0.000,0.000,0.0
2009-05-02,23:13:00,0.882,0.126,242.660,3.600,0.000,0.000,1.0
2009-05-02,23:14:00,0.992,0.126,242.870,4.000,0.000,0.000,1.0
2009-05-02,23:15:00,1.058,0.126,243.300,4.400,0.000,0.000,0.0
2009-05-02,23:16:00,0.882,0.128,243.260,3.600,0.000,0.000,1.0
2009-05-02,23:17:00,0.880,0.128,243.210,3.600,0.000,0.000,1.0
2009-05-02,23:18:00,0.880,0.128,243.130,3.600,0.000,0.000,0.0
2009-05-02,23:19:00,0.878,0.128,243.030,3.600,0.000,0.000,1.0
2009-05-02,23:20:00,0.874,0.126,242.640,3.600,0.000,0.000,1.0
2009-05-02,23:21:00,0.838,0.074,242.900,3.400,0.000,0.000,0.0
2009-05-02,23:22:00,0.784,0.000,243.170,3.200,0.000,0.000,1.0
2009-05-02,23:23:00,0.782,0.000,243.000,3.200,0.000,0.000,1.0
2009-05-02,23:24:00,0.784,0.000,243.150,3.200,0.000,0.000,0.0
2009-05-02,23:25:00,0.780,0.000,242.570,3.200,0.000,0.000,1.0
2009-05-02,23:26:00,0.780,0.000,242.570,3.200,0.000,0.000,1.0
2009-05-02,23:27:00,0.782,0.000,242.690,3.200,0.000,0.000,0.0
2009-05-02,23:28:00,0.780,0.000,242.700,3.200,0.000,0.000,1.0
2009-05-02,23:29:00,0.706,0.000,242.130,2.800,0.000,0.000,1.0
2009-05-02,23:30:00,0.612,0.000,241.800,2.400,0.000,0.000,0.0
2009-05-02,23:31:00,0.568,0.000,241.760,2.200,0.000,0.000,1.0
2009-05-02,23:32:00,0.470,0.000,241.260,2.000,0.000,0.000,1.0
2009-05-02,23:33:00,0.354,0.000,241.710,1.400,0.000,0.000,0.0
2009-05-02,23:34:00,0.350,0.000,241.980,1.400,0.000,0.000,1.0
2009-05-02,23:35:00,0.298,0.000,241.860,1.200,0.000,0.000,1.0
2009-05-02,23:36:00,0.290,0.000,241.880,1.200,0.000,0.000,0.0
2009-05-02,23:37:00,0.274,0.000,242.500,1.000,0.000,0.000,1.0
2009-05-02,23:38:00,0.274,0.000,242.730,1.000,0.000,0.000,1.0
2009-05-02,23:39:00,0.274,0.000,242.570,1.000,0.000,0.000,0.0
2009-05-02,23:40:00,0.272,0.000,241.890,1.000,0.000,0.000,1.0
2009-05-02,23:41:00,0.272,0.000,241.900,1.000,0.000,0.000,1.0
2009-05-02,23:42:00,0.272,0.000,241.950,1.000,0.000,0.000,0.0
2009-05-02,23:43:00,0.340,0.086,242.000,1.600,0.000,0.000,1.0
2009-05-02,23:44:00,0.348,0.120,242.090,1.400,0.000,0.000,1.0
2009-05-02,23:45:00,0.348,0.118,241.820,1.400,0.000,0.000,0.0
2009-05-02,23:46:00,0.348,0.118,241.760,1.400,0.000,0.000,1.0
2009-05-02,23:47:00,0.432,0.206,241.770,2.000,0.000,0.000,1.0
2009-05-02,23:48:00,0.456,0.254,241.860,2.000,0.000,0.000,0.0
2009-05-02,23:49:00,0.450,0.256,242.200,2.000,0.000,0.000,1.0
2009-05-02,23:50:00,0.446,0.252,241.590,2.000,0.000,0.000,1.0
2009-05-02,23:51:00,0.446,0.242,241.910,2.200,0.000,0.000,0.0
2009-05-02,23:52:00,0.502,0.352,242.040,2.400,0.000,0.000,1.0
2009-05-02,23:53:00,0.498,0.350,241.650,2.400,0.000,1.000,1.0
2009-05-02,23:54:00,0.494,0.352,241.710,2.400,0.000,2.000,0.0
2009-05-02,23:55:00,0.452,0.284,241.740,2.200,0.000,1.000,1.0
2009-05-02,23:56:00,0.426,0.246,241.540,2.000,0.000,2.000,1.0
2009-05-02,23:57:00,0.428,0.248,242.000,2.000,0.000,1.000,0.0
2009-05-02,23:58:00,0.428,0.250,242.230,2.000,0.000,2.000,1.0
2009-05-02,23:59:00,0.426,0.248,242.220,2.000,0.000,1.000,1.0
