Date,Time,Global_active_power,Global_reactive_power,Voltage,Global_intensity,Sub_metering_1,Sub_metering_2,Sub_metering_3
2009-01-13,00:00:00,0.264,0.000,248.120,1.200,0.000,0.000,0.0
2009-01-13,00:01:00,0.264,0.000,248.030,1.200,0.000,0.000,0.0
2009-01-13,00:02:00,0.264,0.000,248.020,1.200,0.000,0.000,0.0
2009-01-13,00:03:00,0.264,0.046,247.840,1.200,0.000,0.000,0.0
2009-01-13,00:04:00,0.328,0.000,248.120,1.400,0.000,0.000,0.0
2009-01-13,00:05:00,0.380,0.098,248.100,1.600,0.000,0.000,0.0
2009-01-13,00:06:00,0.378,0.100,248.600,1.600,0.000,0.000,0.0
2009-01-13,00:07:00,0.376,0.100,248.400,1.600,0.000,0.000,0.0
2009-01-13,00:08:00,0.374,0.098,248.120,1.600,0.000,0.000,0.0
2009-01-13,00:09:00,0.372,0.096,247.440,1.600,0.000,0.000,0.0
2009-01-13,00:10:00,0.372,0.096,247.830,1.600,0.000,0.000,0.0
2009-01-13,00:11:00,0.370,0.096,248.080,1.600,0.000,0.000,0.0
2009-01-13,00:12:00,0.370,0.098,248.390,1.600,0.000,0.000,0.0
2009-01-13,00:13:00,0.368,0.098,248.300,1.600,0.000,0.000,0.0
2009-01-13,00:14:00,0.370,0.100,249.080,1.600,0.000,0.000,0.0
2009-01-13,00:15:00,0.370,0.106,250.300,1.600,0.000,0.000,0.0
2009-01-13,00:16:00,0.370,0.104,249.990,1.600,0.000,0.000,0.0
2009-01-13,00:17:00,0.368,0.104,249.980,1.600,0.000,0.000,0.0
2009-01-13,00:18:00,0.368,0.104,249.740,1.600,0.000,0.000,0.0
2009-01-13,00:19:00,0.366,0.104,249.820,1.600,0.000,0.000,0.0
2009-01-13,00:20:00,0.312,0.000,249.290,1.400,0.000,0.000,0.0
2009-01-13,00:21:00,0.362,0.070,249.660,1.600,0.000,0.000,0.0
2009-01-13,00:22:00,0.346,0.066,249.340,1.400,0.000,0.000,0.0
2009-01-13,00:23:00,0.344,0.064,248.840,1.400,0.000,0.000,0.0
2009-01-13,00:24:00,0.344,0.064,248.400,1.400,0.000,0.000,0.0
2009-01-13,00:25:00,0.344,0.064,248.730,1.400,0.000,0.000,0.0
2009-01-13,00:26:00,0.342,0.064,248.450,1.400,0.000,0.000,0.0
2009-01-13,00:27:00,0.338,0.064,248.150,1.400,0.000,0.000,0.0
2009-01-13,00:28:00,0.338,0.064,248.010,1.400,0.000,0.000,0.0
2009-01-13,00:29:00,0.338,0.064,248.390,1.400,0.000,0.000,0.0
2009-01-13,00:30:00,0.338,0.064,248.220,1.400,0.000,0.000,0.0
2009-01-13,00:31:00,0.338,0.066,248.650,1.400,0.000,0.000,0.0
2009-01-13,00:32:00,0.292,0.000,248.920,1.200,0.000,0.000,0.0
2009-01-13,00:33:00,0.266,0.000,248.920,1.200,0.000,0.000,0.0
2009-01-13,00:34:00,0.268,0.000,249.270,1.200,0.000,0.000,0.0
2009-01-13,00:35:00,0.266,0.000,248.620,1.200,0.000,0.000,0.0
2009-01-13,00:36:00,0.266,0.000,248.520,1.200,0.000,0.000,0.0
2009-01-13,00:37:00,0.264,0.046,247.880,1.200,0.000,0.000,0.0
2009-01-13,00:38:00,0.264,0.046,247.640,1.200,0.000,0.000,0.0
2009-01-13,00:39:00,0.264,0.046,247.400,1.200,0.000,0.000,0.0
2009-01-13,00:40:00,0.264,0.046,247.630,1.200,0.000,0.000,0.0
2009-01-13,00:41:00,0.266,0.000,248.050,1.200,0.000,0.000,0.0
2009-01-13,00:42:00,0.266,0.000,248.650,1.200,0.000,0.000,0.0
2009-01-13,00:43:00,0.266,0.000,248.340,1.200,0.000,0.000,0.0
2009-01-13,00:44:00,0.268,0.000,249.780,1.200,0.000,0.000,0.0
2009-01-13,00:45:00,0.270,0.000,250.840,1.200,0.000,0.000,0.0
2009-01-13,00:46:00,0.268,0.000,249.290,1.200,0.000,0.000,0.0
2009-01-13,00:47:00,0.266,0.000,248.660,1.200,0.000,0.000,0.0
2009-01-13,00:48:00,0.266,0.000,248.240,1.200,0.000,0.000,0.0
2009-01-13,00:49:00,0.266,0.000,248.430,1.200,0.000,0.000,0.0
2009-01-13,00:50:00,0.266,0.000,248.890,1.200,0.000,0.000,0.0
2009-01-13,00:51:00,0.268,0.000,249.400,1.200,0.000,0.000,0.0
2009-01-13,00:52:00,0.266,0.000,248.710,1.200,0.000,0.000,0.0
2009-01-13,00:53:00,0.266,0.000,248.410,1.200,0.000,0.000,0.0
2009-01-13,00:54:00,0.264,0.000,247.300,1.200,0.000,0.000,0.0
2009-01-13,00:55:00,0.378,0.080,246.380,1.600,0.000,0.000,0.0
2009-01-13,00:56:00,0.376,0.094,246.540,1.600,0.000,0.000,0.0
2009-01-13,00:57:00,0.374,0.094,246.510,1.600,0.000,0.000,0.0
2009-01-13,00:58:00,0.372,0.094,246.260,1.600,0.000,0.000,0.0
2009-01-13,00:59:00,0.372,0.094,246.540,1.600,0.000,0.000,0.0
2009-01-13,01:00:00,0.368,0.092,245.880,1.600,0.000,0.000,0.0
2009-01-13,01:01:00,0.368,0.092,246.120,1.600,0.000,0.000,0.0
2009-01-13,01:02:00,0.368,0.096,246.660,1.600,0.000,0.000,0.0
2009-01-13,01:03:00,0.368,0.096,247.000,1.600,0.000,0.000,0.0
2009-01-13,01:04:00,0.448,0.198,247.270,2.000,0.000,0.000,0.0
2009-01-13,01:05:00,0.448,0.226,247.220,2.000,0.000,2.000,0.0
2009-01-13,01:06:00,0.446,0.224,246.790,2.000,0.000,1.000,0.0
2009-01-13,01:07:00,0.442,0.220,245.960,2.000,0.000,1.000,0.0
2009-01-13,01:08:00,0.468,0.236,245.630,2.200,0.000,2.000,0.0
2009-01-13,01:09:00,0.516,0.326,245.290,2.400,0.000,1.000,0.0
2009-01-13,01:10:00,0.490,0.286,245.660,2.400,0.000,1.000,0.0
2009-01-13,01:11:00,0.422,0.188,246.010,1.800,0.000,2.000,0.0
2009-01-13,01:12:00,0.422,0.188,246.190,1.800,0.000,1.000,0.0
2009-01-13,01:13:00,0.422,0.188,246.300,1.800,0.000,2.000,0.0
2009-01-13,01:14:00,0.420,0.186,246.020,1.800,0.000,1.000,0.0
2009-01-13,01:15:00,0.420,0.188,246.740,1.800,0.000,2.000,0.0
2009-01-13,01:16:00,0.418,0.188,246.730,1.800,0.000,1.000,0.0
2009-01-13,01:17:00,0.418,0.190,247.070,1.800,0.000,1.000,0.0
2009-01-13,01:18:00,0.418,0.188,246.790,1.800,0.000,2.000,0.0
2009-01-13,01:19:00,0.398,0.162,246.730,1.800,0.000,1.000,0.0
2009-01-13,01:20:00,0.346,0.080,246.720,1.400,0.000,2.000,0.0
2009-01-13,01:21:00,0.346,0.080,246.930,1.400,0.000,1.000,0.0
2009-01-13,01:22:00,0.346,0.082,247.260,1.400,0.000,1.000,0.0
2009-01-13,01:23:00,0.346,0.082,247.550,1.400,0.000,2.000,0.0
2009-01-13,01:24:00,0.344,0.080,246.530,1.400,0.000,1.000,0.0
2009-01-13,01:25:00,0.342,0.078,246.270,1.400,0.000,1.000,0.0
2009-01-13,01:26:00,0.342,0.078,246.140,1.400,0.000,2.000,0.0
2009-01-13,01:27:00,0.340,0.078,246.280,1.400,0.000,1.000,0.0
2009-01-13,01:28:00,0.340,0.078,246.350,1.400,0.000,1.000,0.0
2009-01-13,01:29:00,0.336,0.074,245.100,1.400,0.000,1.000,0.0
2009-01-13,01:30:00,0.336,0.072,244.020,1.400,0.000,2.000,0.0
2009-01-13,01:31:00,0.334,0.070,243.810,1.400,0.000,1.000,0.0
2009-01-13,01:32:00,0.334,0.072,243.920,1.400,0.000,1.000,0.0
2009-01-13,01:33:00,0.334,0.072,243.910,1.400,0.000,1.000,0.0
2009-01-13,01:34:00,0.334,0.072,244.560,1.400,0.000,2.000,0.0
2009-01-13,01:35:00,0.334,0.072,244.360,1.400,0.000,1.000,0.0
2009-01-13,01:36:00,0.334,0.074,244.640,1.400,0.000,1.000,0.0
2009-01-13,01:37:00,0.332,0.074,244.560,1.400,0.000,1.000,0.0
2009-01-13,01:38:00,0.334,0.074,244.600,1.400,0.000,2.000,0.0
2009-01-13,01:39:00,0.332,0.072,244.300,1.400,0.000,1.000,0.0
2009-01-13,01:40:00,0.332,0.072,243.880,1.400,0.000,1.000,0.0
2009-01-13,01:41:00,0.332,0.072,244.280,1.400,0.000,1.000,0.0
2009-01-13,01:42:00,0.332,0.072,244.230,1.400,0.000,1.000,0.0
2009-01-13,01:43:00,0.332,0.074,244.780,1.400,0.000,2.000,0.0
2009-01-13,01:44:00,0.334,0.074,245.160,1.400,0.000,1.000,0.0
2009-01-13,01:45:00,0.396,0.138,245.300,1.800,0.000,1.000,0.0
2009-01-13,01:46:00,0.444,0.214,244.930,2.000,0.000,1.000,0.0
2009-01-13,01:47:00,0.440,0.208,243.880,2.000,0.000,1.000,0.0
2009-01-13,01:48:00,0.438,0.212,244.390,2.000,0.000,2.000,0.0
2009-01-13,01:49:00,0.438,0.214,244.860,2.000,0.000,1.000,0.0
2009-01-13,01:50:00,0.436,0.214,244.950,2.000,0.000,1.000,0.0
2009-01-13,01:51:00,0.434,0.210,244.350,2.000,0.000,1.000,0.0
2009-01-13,01:52:00,0.432,0.210,244.170,2.000,0.000,1.000,0.0
2009-01-13,01:53:00,0.432,0.210,244.270,2.000,0.000,1.000,0.0
2009-01-13,01:54:00,0.430,0.208,243.460,2.000,0.000,2.000,0.0
2009-01-13,01:55:00,0.408,0.170,243.440,1.800,0.000,0.000,0.0
2009-01-13,01:56:00,0.398,0.116,245.230,1.800,0.000,0.000,0.0
2009-01-13,01:57:00,0.438,0.196,244.980,2.000,0.000,0.000,0.0
2009-01-13,01:58:00,0.436,0.196,244.820,2.000,0.000,0.000,0.0
2009-01-13,01:59:00,0.436,0.196,245.010,2.000,0.000,0.000,0.0
2009-01-13,02:00:00,0.434,0.194,245.370,2.000,0.000,0.000,0.0
2009-01-13,02:01:00,0.338,0.056,245.110,1.400,0.000,0.000,0.0
2009-01-13,02:02:00,0.334,0.056,244.480,1.400,0.000,0.000,0.0
2009-01-13,02:03:00,0.334,0.056,244.520,1.400,0.000,0.000,0.0
2009-01-13,02:04:00,0.334,0.056,244.920,1.400,0.000,0.000,0.0
2009-01-13,02:05:00,0.334,0.058,245.320,1.400,0.000,0.000,0.0
2009-01-13,02:06:00,0.334,0.058,245.520,1.400,0.000,0.000,0.0
2009-01-13,02:07:00,0.278,0.000,245.340,1.200,0.000,0.000,0.0
2009-01-13,02:08:00,0.262,0.048,245.630,1.200,0.000,0.000,0.0
2009-01-13,02:09:00,0.264,0.048,245.920,1.200,0.000,0.000,0.0
2009-01-13,02:10:00,0.262,0.048,245.940,1.200,0.000,0.000,0.0
2009-01-13,02:11:00,0.262,0.048,245.470,1.200,0.000,0.000,0.0
2009-01-13,02:12:00,0.262,0.050,244.910,1.200,0.000,0.000,0.0
2009-01-13,02:13:00,0.262,0.050,244.740,1.200,0.000,0.000,0.0
2009-01-13,02:14:00,0.260,0.050,244.290,1.200,0.000,0.000,0.0
2009-01-13,02:15:00,0.262,0.050,244.890,1.200,0.000,0.000,0.0
2009-01-13,02:16:00,0.260,0.050,244.260,1.200,0.000,0.000,0.0
2009-01-13,02:17:00,0.260,0.050,244.320,1.200,0.000,0.000,0.0
2009-01-13,02:18:00,0.262,0.048,245.220,1.200,0.000,0.000,0.0
2009-01-13,02:19:00,0.264,0.046,246.520,1.200,0.000,0.000,0.0
2009-01-13,02:20:00,0.264,0.048,246.170,1.200,0.000,0.000,0.0
2009-01-13,02:21:00,0.264,0.048,246.500,1.200,0.000,0.000,0.0
2009-01-13,02:22:00,0.264,0.048,246.440,1.200,0.000,0.000,0.0
2009-01-13,02:23:00,0.264,0.048,246.520,1.200,0.000,0.000,0.0
2009-01-13,02:24:00,0.264,0.048,246.250,1.200,0.000,0.000,0.0
2009-01-13,02:25:00,0.264,0.046,247.010,1.200,0.000,0.000,0.0
2009-01-13,02:26:00,0.264,0.046,246.930,1.200,0.000,0.000,0.0
2009-01-13,02:27:00,0.262,0.048,246.040,1.200,0.000,0.000,0.0
2009-01-13,02:28:00,0.262,0.050,244.920,1.200,0.000,0.000,0.0
2009-01-13,02:29:00,0.260,0.050,244.850,1.200,0.000,0.000,0.0
2009-01-13,02:30:00,0.262,0.050,244.960,1.200,0.000,0.000,0.0
2009-01-13,02:31:00,0.262,0.048,245.400,1.200,0.000,0.000,0.0
2009-01-13,02:32:00,0.262,0.050,244.940,1.200,0.000,0.000,0.0
2009-01-13,02:33:00,0.260,0.050,244.280,1.200,0.000,0.000,0.0
2009-01-13,02:34:00,0.262,0.050,244.810,1.200,0.000,0.000,0.0
2009-01-13,02:35:00,0.262,0.048,245.510,1.200,0.000,0.000,0.0
2009-01-13,02:36:00,0.370,0.068,245.760,1.600,0.000,0.000,0.0
2009-01-13,02:37:00,0.376,0.092,245.860,1.600,0.000,0.000,0.0
2009-01-13,02:38:00,0.374,0.092,246.210,1.600,0.000,0.000,0.0
2009-01-13,02:39:00,0.374,0.094,246.470,1.600,0.000,0.000,0.0
2009-01-13,02:40:00,0.372,0.094,246.690,1.600,0.000,0.000,0.0
2009-01-13,02:41:00,0.372,0.096,247.100,1.600,0.000,0.000,0.0
2009-01-13,02:42:00,0.372,0.098,247.450,1.600,0.000,0.000,0.0
2009-01-13,02:43:00,0.370,0.096,247.080,1.600,0.000,0.000,0.0
2009-01-13,02:44:00,0.454,0.190,245.660,2.000,0.000,0.000,0.0
2009-01-13,02:45:00,0.442,0.200,246.150,2.000,0.000,0.000,0.0
2009-01-13,02:46:00,0.440,0.198,245.480,2.000,0.000,0.000,0.0
2009-01-13,02:47:00,0.440,0.198,245.600,2.000,0.000,0.000,0.0
2009-01-13,02:48:00,0.438,0.198,245.780,2.000,0.000,0.000,0.0
2009-01-13,02:49:00,0.438,0.204,246.960,2.000,0.000,0.000,0.0
2009-01-13,02:50:00,0.436,0.204,247.050,2.000,0.000,0.000,0.0
2009-01-13,02:51:00,0.372,0.112,247.400,1.600,0.000,0.000,0.0
2009-01-13,02:52:00,0.338,0.064,247.770,1.400,0.000,0.000,0.0
2009-01-13,02:53:00,0.338,0.064,247.970,1.400,0.000,0.000,0.0
2009-01-13,02:54:00,0.274,0.000,246.760,1.200,0.000,0.000,0.0
2009-01-13,02:55:00,0.266,0.000,247.330,1.200,0.000,0.000,0.0
2009-01-13,02:56:00,0.264,0.000,247.280,1.200,0.000,0.000,0.0
2009-01-13,02:57:00,0.264,0.046,246.720,1.200,0.000,0.000,0.0
2009-01-13,02:58:00,0.264,0.046,247.060,1.200,0.000,0.000,0.0
2009-01-13,02:59:00,0.264,0.046,246.310,1.200,0.000,0.000,0.0
2009-01-13,03:00:00,0.264,0.046,245.900,1.200,0.000,0.000,0.0
2009-01-13,03:01:00,0.264,0.046,246.530,1.200,0.000,0.000,0.0
2009-01-13,03:02:00,0.264,0.046,246.630,1.200,0.000,0.000,0.0
2009-01-13,03:03:00,0.264,0.046,246.610,1.200,0.000,0.000,0.0
2009-01-13,03:04:00,0.264,0.046,246.820,1.200,0.000,0.000,0.0
2009-01-13,03:05:00,0.264,0.046,246.860,1.200,0.000,0.000,0.0
2009-01-13,03:06:00,0.266,0.000,247.540,1.200,0.000,0.000,0.0
2009-01-13,03:07:00,0.266,0.000,248.140,1.200,0.000,0.000,0.0
2009-01-13,03:08:00,0.266,0.046,247.630,1.200,0.000,0.000,0.0
2009-01-13,03:09:00,0.264,0.046,247.000,1.200,0.000,0.000,0.0
2009-01-13,03:10:00,0.264,0.046,246.900,1.200,0.000,0.000,0.0
2009-01-13,03:11:00,0.266,0.046,247.470,1.200,0.000,0.000,0.0
2009-01-13,03:12:00,0.266,0.046,247.680,1.200,0.000,0.000,0.0
2009-01-13,03:13:00,0.264,0.046,247.100,1.200,0.000,0.000,0.0
2009-01-13,03:14:00,0.264,0.048,246.490,1.200,0.000,0.000,0.0
2009-01-13,03:15:00,0.264,0.046,246.670,1.200,0.000,0.000,0.0
2009-01-13,03:16:00,0.262,0.048,245.860,1.200,0.000,0.000,0.0
2009-01-13,03:17:00,0.264,0.048,246.080,1.200,0.000,0.000,0.0
2009-01-13,03:18:00,0.264,0.048,246.140,1.200,0.000,0.000,0.0
2009-01-13,03:19:00,0.264,0.048,246.090,1.200,0.000,0.000,0.0
2009-01-13,03:20:00,0.262,0.048,245.950,1.200,0.000,0.000,0.0
2009-01-13,03:21:00,0.264,0.048,246.320,1.200,0.000,0.000,0.0
2009-01-13,03:22:00,0.704,0.052,246.320,3.600,0.000,0.000,5.0
2009-01-13,03:23:00,1.432,0.058,246.320,5.800,0.000,0.000,20.0
2009-01-13,03:24:00,1.416,0.058,246.410,5.600,0.000,0.000,19.0
2009-01-13,03:25:00,1.396,0.060,245.930,5.600,0.000,0.000,19.0
2009-01-13,03:26:00,1.392,0.060,246.030,5.600,0.000,0.000,18.0
2009-01-13,03:27:00,1.484,0.046,245.880,6.000,0.000,0.000,19.0
2009-01-13,03:28:00,1.494,0.080,245.710,6.000,0.000,0.000,19.0
2009-01-13,03:29:00,1.478,0.076,244.650,6.000,0.000,0.000,18.0
2009-01-13,03:30:00,1.470,0.076,244.180,6.000,0.000,0.000,18.0
2009-01-13,03:31:00,1.494,0.094,243.680,6.200,0.000,0.000,19.0
2009-01-13,03:32:00,1.534,0.180,243.400,6.200,0.000,0.000,18.0
2009-01-13,03:33:00,1.538,0.182,243.930,6.200,0.000,0.000,18.0
2009-01-13,03:34:00,1.540,0.182,244.280,6.200,0.000,0.000,18.0
2009-01-13,03:35:00,1.542,0.184,244.570,6.200,0.000,0.000,19.0
2009-01-13,03:36:00,1.544,0.186,244.890,6.200,0.000,0.000,18.0
2009-01-13,03:37:00,1.552,0.190,245.870,6.200,0.000,0.000,19.0
2009-01-13,03:38:00,1.550,0.190,245.980,6.200,0.000,0.000,18.0
2009-01-13,03:39:00,1.546,0.190,245.880,6.200,0.000,0.000,19.0
2009-01-13,03:40:00,1.546,0.190,245.870,6.200,0.000,0.000,18.0
2009-01-13,03:41:00,1.524,0.148,246.540,6.200,0.000,0.000,19.0
2009-01-13,03:42:00,1.418,0.000,246.390,5.800,0.000,0.000,19.0
2009-01-13,03:43:00,1.382,0.060,246.130,5.600,0.000,0.000,18.0
2009-01-13,03:44:00,1.376,0.060,245.500,5.600,0.000,0.000,19.0
2009-01-13,03:45:00,1.380,0.060,246.100,5.600,0.000,0.000,18.0
2009-01-13,03:46:00,1.370,0.062,244.910,5.600,0.000,0.000,19.0
2009-01-13,03:47:00,1.368,0.062,244.860,5.600,0.000,0.000,18.0
2009-01-13,03:48:00,1.374,0.062,244.530,5.600,0.000,0.000,18.0
2009-01-13,03:49:00,1.378,0.060,245.100,5.600,0.000,0.000,19.0
2009-01-13,03:50:00,1.376,0.060,244.980,5.600,0.000,0.000,18.0
2009-01-13,03:51:00,1.378,0.060,245.190,5.600,0.000,0.000,19.0
2009-01-13,03:52:00,1.382,0.060,245.620,5.600,0.000,0.000,18.0
2009-01-13,03:53:00,1.378,0.060,245.690,5.600,0.000,0.000,18.0
2009-01-13,03:54:00,1.378,0.062,245.820,5.600,0.000,0.000,19.0
2009-01-13,03:55:00,1.378,0.060,245.990,5.600,0.000,0.000,19.0
2009-01-13,03:56:00,1.378,0.060,245.800,5.600,0.000,0.000,18.0
2009-01-13,03:57:00,1.372,0.062,245.380,5.600,0.000,0.000,19.0
2009-01-13,03:58:00,1.372,0.062,245.260,5.600,0.000,0.000,18.0
2009-01-13,03:59:00,1.370,0.062,245.100,5.600,0.000,0.000,18.0
2009-01-13,04:00:00,1.374,0.062,245.510,5.600,0.000,0.000,19.0
2009-01-13,04:01:00,1.138,0.058,245.790,5.000,0.000,0.000,15.0
2009-01-13,04:02:00,0.264,0.048,245.990,1.200,0.000,0.000,0.0
2009-01-13,04:03:00,0.272,0.048,246.370,1.200,0.000,0.000,0.0
2009-01-13,04:04:00,0.272,0.048,246.310,1.200,0.000,0.000,0.0
2009-01-13,04:05:00,0.270,0.048,246.320,1.200,0.000,0.000,0.0
2009-01-13,04:06:00,0.270,0.048,246.320,1.200,0.000,0.000,0.0
2009-01-13,04:07:00,0.270,0.046,246.490,1.200,0.000,0.000,0.0
2009-01-13,04:08:00,0.270,0.046,246.860,1.200,0.000,0.000,0.0
2009-01-13,04:09:00,0.270,0.048,246.140,1.200,0.000,0.000,0.0
2009-01-13,04:10:00,0.268,0.050,245.640,1.200,0.000,0.000,0.0
2009-01-13,04:11:00,0.266,0.048,246.360,1.200,0.000,0.000,0.0
2009-01-13,04:12:00,0.262,0.050,245.750,1.200,0.000,0.000,0.0
2009-01-13,04:13:00,0.264,0.048,246.810,1.200,0.000,0.000,0.0
2009-01-13,04:14:00,0.264,0.046,247.050,1.200,0.000,0.000,0.0
2009-01-13,04:15:00,0.264,0.046,247.290,1.200,0.000,0.000,0.0
2009-01-13,04:16:00,0.264,0.046,247.400,1.200,0.000,0.000,0.0
2009-01-13,04:17:00,0.264,0.046,246.910,1.200,0.000,0.000,0.0
2009-01-13,04:18:00,0.388,0.084,246.900,1.800,0.000,0.000,0.0
2009-01-13,04:19:00,0.434,0.142,246.820,2.000,0.000,0.000,0.0
2009-01-13,04:20:00,0.456,0.204,246.600,2.000,0.000,0.000,0.0
2009-01-13,04:21:00,0.466,0.206,246.800,2.000,0.000,0.000,0.0
2009-01-13,04:22:00,0.474,0.208,247.080,2.200,0.000,0.000,0.0
2009-01-13,04:23:00,0.470,0.210,247.640,2.000,0.000,0.000,0.0
2009-01-13,04:24:00,0.452,0.208,247.600,2.000,0.000,0.000,0.0
2009-01-13,04:25:00,0.450,0.208,247.650,2.000,0.000,0.000,0.0
2009-01-13,04:26:00,0.448,0.208,247.690,2.000,0.000,0.000,0.0
2009-01-13,04:27:00,0.440,0.206,247.070,2.000,0.000,0.000,0.0
2009-01-13,04:28:00,0.436,0.206,247.050,2.000,0.000,0.000,0.0
2009-01-13,04:29:00,0.386,0.128,246.090,1.600,0.000,0.000,0.0
2009-01-13,04:30:00,0.362,0.092,246.300,1.600,0.000,0.000,0.0
2009-01-13,04:31:00,0.360,0.092,246.210,1.600,0.000,0.000,0.0
2009-01-13,04:32:00,0.360,0.092,245.980,1.600,0.000,0.000,0.0
2009-01-13,04:33:00,0.280,0.000,246.330,1.200,0.000,0.000,0.0
2009-01-13,04:34:00,0.268,0.048,245.870,1.200,0.000,0.000,0.0
2009-01-13,04:35:00,0.268,0.046,246.450,1.200,0.000,0.000,0.0
2009-01-13,04:36:00,0.268,0.046,246.410,1.200,0.000,0.000,0.0
2009-01-13,04:37:00,0.270,0.046,247.030,1.200,0.000,0.000,0.0
2009-01-13,04:38:00,0.268,0.048,246.220,1.200,0.000,0.000,0.0
2009-01-13,04:39:00,0.268,0.048,246.330,1.200,0.000,0.000,0.0
2009-01-13,04:40:00,0.266,0.048,245.550,1.200,0.000,0.000,0.0
2009-01-13,04:41:00,0.262,0.050,245.710,1.200,0.000,0.000,0.0
2009-01-13,04:42:00,0.262,0.048,246.190,1.200,0.000,0.000,0.0
2009-01-13,04:43:00,0.260,0.048,246.200,1.200,0.000,0.000,0.0
2009-01-13,04:44:00,0.260,0.048,245.960,1.200,0.000,0.000,0.0
2009-01-13,04:45:00,0.260,0.048,246.240,1.200,0.000,0.000,0.0
2009-01-13,04:46:00,0.262,0.048,246.430,1.200,0.000,0.000,0.0
2009-01-13,04:47:00,0.262,0.048,246.350,1.200,0.000,0.000,0.0
2009-01-13,04:48:00,0.268,0.048,246.180,1.200,0.000,0.000,0.0
2009-01-13,04:49:00,0.268,0.048,246.560,1.200,0.000,0.000,0.0
2009-01-13,04:50:00,0.268,0.048,246.440,1.200,0.000,0.000,0.0
2009-01-13,04:51:00,0.268,0.048,246.370,1.200,0.000,0.000,0.0
2009-01-13,04:52:00,0.268,0.048,246.620,1.200,0.000,0.000,0.0
2009-01-13,04:53:00,0.268,0.046,247.090,1.200,0.000,0.000,0.0
2009-01-13,04:54:00,0.270,0.046,247.350,1.200,0.000,0.000,0.0
2009-01-13,04:55:00,0.268,0.046,246.800,1.200,0.000,0.000,0.0
2009-01-13,04:56:00,0.268,0.048,246.160,1.200,0.000,0.000,0.0
2009-01-13,04:57:00,0.260,0.050,245.910,1.200,0.000,0.000,0.0
2009-01-13,04:58:00,0.260,0.050,245.760,1.200,0.000,0.000,0.0
2009-01-13,04:59:00,0.258,0.050,245.260,1.200,0.000,0.000,0.0
2009-01-13,05:00:00,0.260,0.050,245.400,1.200,0.000,0.000,0.0
2009-01-13,05:01:00,0.258,0.050,245.190,1.200,0.000,0.000,0.0
2009-01-13,05:02:00,0.258,0.050,244.820,1.200,0.000,0.000,0.0
2009-01-13,05:03:00,0.266,0.050,244.450,1.200,0.000,0.000,0.0
2009-01-13,05:04:00,0.266,0.050,244.340,1.200,0.000,0.000,0.0
2009-01-13,05:05:00,0.268,0.048,246.190,1.200,0.000,0.000,0.0
2009-01-13,05:06:00,0.266,0.048,245.720,1.200,0.000,0.000,0.0
2009-01-13,05:07:00,0.312,0.000,246.370,1.400,0.000,0.000,0.0
2009-01-13,05:08:00,0.366,0.074,247.460,1.600,0.000,0.000,0.0
2009-01-13,05:09:00,0.458,0.206,247.030,2.000,0.000,0.000,0.0
2009-01-13,05:10:00,0.450,0.200,246.220,2.000,0.000,0.000,0.0
2009-01-13,05:11:00,0.448,0.204,246.700,2.000,0.000,0.000,0.0
2009-01-13,05:12:00,0.444,0.202,246.320,2.000,0.000,0.000,0.0
2009-01-13,05:13:00,0.442,0.200,246.170,2.000,0.000,0.000,0.0
2009-01-13,05:14:00,0.440,0.200,246.020,2.000,0.000,0.000,0.0
2009-01-13,05:15:00,0.438,0.200,245.920,2.000,0.000,0.000,0.0
2009-01-13,05:16:00,0.434,0.200,245.750,2.000,0.000,0.000,0.0
2009-01-13,05:17:00,0.412,0.164,245.580,1.800,0.000,0.000,0.0
2009-01-13,05:18:00,0.370,0.092,245.780,1.600,0.000,0.000,0.0
2009-01-13,05:19:00,0.368,0.092,245.660,1.600,0.000,0.000,0.0
2009-01-13,05:20:00,0.368,0.092,246.130,1.600,0.000,0.000,0.0
2009-01-13,05:21:00,0.366,0.090,245.340,1.600,0.000,0.000,0.0
2009-01-13,05:22:00,0.358,0.088,245.080,1.600,0.000,0.000,0.0
2009-01-13,05:23:00,0.358,0.092,245.720,1.600,0.000,0.000,0.0
2009-01-13,05:24:00,0.280,0.000,245.540,1.200,0.000,0.000,0.0
2009-01-13,05:25:00,0.260,0.048,246.290,1.200,0.000,0.000,0.0
2009-01-13,05:26:00,0.262,0.048,246.600,1.200,0.000,0.000,0.0
2009-01-13,05:27:00,0.258,0.050,245.010,1.200,0.000,0.000,0.0
2009-01-13,05:28:00,0.260,0.050,245.310,1.200,0.000,0.000,0.0
2009-01-13,05:29:00,0.260,0.050,245.540,1.200,0.000,0.000,0.0
2009-01-13,05:30:00,0.260,0.050,245.190,1.200,0.000,0.000,0.0
2009-01-13,05:31:00,0.260,0.048,245.700,1.200,0.000,0.000,0.0
2009-01-13,05:32:00,0.260,0.048,245.360,1.200,0.000,0.000,0.0
2009-01-13,05:33:00,0.260,0.048,245.320,1.200,0.000,0.000,0.0
2009-01-13,05:34:00,0.258,0.050,244.360,1.200,0.000,0.000,0.0
2009-01-13,05:35:00,0.260,0.050,244.930,1.200,0.000,0.000,0.0
2009-01-13,05:36:00,0.260,0.048,245.250,1.200,0.000,0.000,0.0
2009-01-13,05:37:00,0.260,0.048,245.850,1.200,0.000,0.000,0.0
2009-01-13,05:38:00,0.260,0.048,246.060,1.200,0.000,0.000,0.0
2009-01-13,05:39:00,0.262,0.048,246.540,1.200,0.000,0.000,0.0
2009-01-13,05:40:00,0.260,0.048,245.720,1.200,0.000,0.000,0.0
2009-01-13,05:41:00,0.260,0.048,245.610,1.200,0.000,0.000,0.0
2009-01-13,05:42:00,0.260,0.048,245.390,1.200,0.000,0.000,0.0
2009-01-13,05:43:00,0.260,0.050,244.990,1.200,0.000,0.000,0.0
2009-01-13,05:44:00,0.260,0.050,245.430,1.200,0.000,0.000,0.0
2009-01-13,05:45:00,0.260,0.050,245.160,1.200,0.000,0.000,0.0
2009-01-13,05:46:00,0.260,0.050,245.320,1.200,0.000,0.000,0.0
2009-01-13,05:47:00,0.260,0.050,244.630,1.200,0.000,0.000,0.0
2009-01-13,05:48:00,0.260,0.050,245.260,1.200,0.000,0.000,0.0
2009-01-13,05:49:00,0.260,0.050,245.190,1.200,0.000,0.000,0.0
2009-01-13,05:50:00,0.260,0.052,244.500,1.200,0.000,0.000,0.0
2009-01-13,05:51:00,0.260,0.050,244.560,1.200,0.000,0.000,0.0
2009-01-13,05:52:00,0.260,0.050,245.420,1.200,0.000,0.000,0.0
2009-01-13,05:53:00,0.262,0.048,246.330,1.200,0.000,0.000,0.0
2009-01-13,05:54:00,0.270,0.048,246.510,1.200,0.000,0.000,0.0
2009-01-13,05:55:00,0.300,0.000,246.310,1.400,0.000,0.000,0.0
2009-01-13,05:56:00,0.348,0.062,247.030,1.400,0.000,0.000,0.0
2009-01-13,05:57:00,0.346,0.058,245.800,1.400,0.000,0.000,0.0
2009-01-13,05:58:00,0.344,0.056,245.110,1.400,0.000,0.000,0.0
2009-01-13,05:59:00,0.392,0.104,245.480,1.800,0.000,0.000,0.0
2009-01-13,06:00:00,0.456,0.198,245.400,2.000,0.000,0.000,0.0
2009-01-13,06:01:00,0.532,0.296,245.230,2.600,0.000,1.000,0.0
2009-01-13,06:02:00,0.526,0.320,243.920,2.400,0.000,1.000,0.0
2009-01-13,06:03:00,0.526,0.322,244.240,2.400,0.000,2.000,0.0
2009-01-13,06:04:00,0.522,0.324,244.850,2.400,0.000,1.000,0.0
2009-01-13,06:05:00,0.502,0.298,245.870,2.400,0.000,1.000,0.0
2009-01-13,06:06:00,0.456,0.226,246.910,2.000,0.000,2.000,0.0
2009-01-13,06:07:00,0.458,0.230,247.890,2.000,0.000,1.000,0.0
2009-01-13,06:08:00,0.456,0.228,247.300,2.000,0.000,2.000,0.0
2009-01-13,06:09:00,0.454,0.226,246.950,2.000,0.000,1.000,0.0
2009-01-13,06:10:00,0.450,0.222,246.160,2.000,0.000,1.000,0.0
2009-01-13,06:11:00,0.446,0.216,244.980,2.000,0.000,2.000,0.0
2009-01-13,06:12:00,0.446,0.216,244.740,2.000,0.000,1.000,0.0
2009-01-13,06:13:00,0.446,0.216,245.060,2.000,0.000,2.000,0.0
2009-01-13,06:14:00,0.444,0.214,244.530,2.000,0.000,1.000,0.0
2009-01-13,06:15:00,0.354,0.082,244.930,1.400,0.000,1.000,0.0
2009-01-13,06:16:00,0.348,0.076,245.020,1.400,0.000,2.000,0.0
2009-01-13,06:17:00,0.346,0.074,244.600,1.400,0.000,1.000,0.0
2009-01-13,06:18:00,0.346,0.074,244.440,1.400,0.000,1.000,0.0
2009-01-13,06:19:00,0.346,0.074,244.510,1.400,0.000,2.000,0.0
2009-01-13,06:20:00,0.344,0.072,244.220,1.400,0.000,1.000,0.0
2009-01-13,06:21:00,0.344,0.076,244.990,1.400,0.000,2.000,0.0
2009-01-13,06:22:00,0.344,0.076,245.010,1.400,0.000,1.000,0.0
2009-01-13,06:23:00,0.344,0.076,245.460,1.400,0.000,1.000,0.0
2009-01-13,06:24:00,0.342,0.074,245.260,1.400,0.000,1.000,0.0
2009-01-13,06:25:00,0.344,0.078,245.880,1.400,0.000,2.000,0.0
2009-01-13,06:26:00,0.342,0.076,245.330,1.400,0.000,1.000,0.0
2009-01-13,06:27:00,0.340,0.074,244.660,1.400,0.000,1.000,0.0
2009-01-13,06:28:00,0.338,0.074,244.530,1.400,0.000,2.000,0.0
2009-01-13,06:29:00,0.340,0.074,244.770,1.400,0.000,1.000,0.0
2009-01-13,06:30:00,0.338,0.074,244.630,1.400,0.000,1.000,0.0
2009-01-13,06:31:00,0.356,0.094,244.760,1.600,0.000,1.000,0.0
2009-01-13,06:32:00,0.456,0.104,244.030,1.800,0.000,1.000,0.0
2009-01-13,06:33:00,0.814,0.100,243.300,4.000,0.000,2.000,4.0
2009-01-13,06:34:00,2.782,0.084,241.120,12.600,0.000,1.000,19.0
2009-01-13,06:35:00,5.342,0.064,238.520,22.400,0.000,1.000,18.0
2009-01-13,06:36:00,6.876,0.060,238.210,29.000,0.000,1.000,17.0
2009-01-13,06:37:00,6.580,0.074,237.860,27.600,0.000,1.000,18.0
2009-01-13,06:38:00,5.258,0.114,239.450,22.600,0.000,2.000,18.0
2009-01-13,06:39:00,3.104,0.138,243.890,12.600,0.000,1.000,18.0
2009-01-13,06:40:00,3.860,0.148,243.340,16.200,0.000,1.000,18.0
2009-01-13,06:41:00,5.450,0.188,242.240,22.600,0.000,1.000,18.0
2009-01-13,06:42:00,5.368,0.264,240.760,22.400,0.000,1.000,18.0
2009-01-13,06:43:00,4.562,0.354,241.430,19.000,0.000,2.000,18.0
2009-01-13,06:44:00,2.970,0.360,242.460,12.400,0.000,1.000,18.0
2009-01-13,06:45:00,2.930,0.342,242.310,12.200,0.000,1.000,18.0
2009-01-13,06:46:00,2.954,0.346,243.250,12.200,0.000,1.000,18.0
2009-01-13,06:47:00,3.110,0.348,243.610,12.800,0.000,1.000,18.0
2009-01-13,06:48:00,2.918,0.346,243.090,12.000,0.000,1.000,19.0
2009-01-13,06:49:00,2.912,0.342,242.580,12.000,0.000,2.000,18.0
2009-01-13,06:50:00,2.914,0.348,243.190,12.000,0.000,1.000,18.0
2009-01-13,06:51:00,2.908,0.348,243.360,12.000,0.000,1.000,18.0
2009-01-13,06:52:00,2.910,0.348,243.410,12.000,0.000,1.000,18.0
2009-01-13,06:53:00,2.850,0.228,243.630,11.600,0.000,0.000,18.0
2009-01-13,06:54:00,2.802,0.134,244.140,11.400,0.000,0.000,19.0
2009-01-13,06:55:00,2.768,0.114,242.950,11.400,0.000,0.000,18.0
2009-01-13,06:56:00,2.762,0.112,242.560,11.400,0.000,0.000,18.0
2009-01-13,06:57:00,2.810,0.108,242.430,11.600,0.000,0.000,18.0
2009-01-13,06:58:00,3.124,0.206,240.130,13.600,0.000,0.000,17.0
2009-01-13,06:59:00,2.224,0.000,241.880,9.200,0.000,0.000,18.0
2009-01-13,07:00:00,2.198,0.000,241.420,9.000,0.000,0.000,18.0
2009-01-13,07:01:00,2.146,0.000,239.230,9.000,0.000,0.000,18.0
2009-01-13,07:02:00,1.986,0.000,239.090,8.200,0.000,0.000,17.0
2009-01-13,07:03:00,1.982,0.000,238.860,8.200,0.000,0.000,18.0
2009-01-13,07:04:00,1.968,0.000,237.820,8.200,0.000,0.000,17.0
2009-01-13,07:05:00,1.990,0.000,239.430,8.200,0.000,0.000,18.0
2009-01-13,07:06:00,2.008,0.000,240.190,8.400,0.000,0.000,17.0
2009-01-13,07:07:00,1.998,0.000,240.200,8.200,0.000,0.000,18.0
2009-01-13,07:08:00,1.992,0.000,240.360,8.200,0.000,0.000,18.0
2009-01-13,07:09:00,2.016,0.000,241.820,8.400,0.000,0.000,18.0
2009-01-13,07:10:00,2.034,0.000,241.910,8.400,0.000,0.000,18.0
2009-01-13,07:11:00,2.024,0.000,241.930,8.400,0.000,0.000,18.0
2009-01-13,07:12:00,2.020,0.000,241.740,8.400,0.000,0.000,18.0
2009-01-13,07:13:00,2.014,0.000,241.230,8.400,0.000,0.000,17.0
2009-01-13,07:14:00,2.016,0.000,241.780,8.400,0.000,0.000,18.0
2009-01-13,07:15:00,2.010,0.000,241.240,8.400,0.000,0.000,18.0
2009-01-13,07:16:00,2.008,0.000,240.920,8.200,0.000,0.000,18.0
2009-01-13,07:17:00,2.154,0.000,240.360,9.000,0.000,0.000,18.0
2009-01-13,07:18:00,2.242,0.000,239.370,9.400,0.000,0.000,17.0
2009-01-13,07:19:00,2.284,0.000,238.360,9.600,0.000,0.000,18.0
2009-01-13,07:20:00,2.332,0.000,237.850,9.800,0.000,0.000,17.0
2009-01-13,07:21:00,2.404,0.000,238.460,10.000,0.000,0.000,18.0
2009-01-13,07:22:00,2.446,0.000,241.110,10.200,0.000,0.000,17.0
2009-01-13,07:23:00,2.450,0.000,241.510,10.200,0.000,0.000,18.0
2009-01-13,07:24:00,2.386,0.000,242.660,9.800,0.000,0.000,18.0
2009-01-13,07:25:00,2.388,0.000,242.730,9.800,0.000,0.000,18.0
2009-01-13,07:26:00,2.382,0.000,242.120,9.800,0.000,0.000,18.0
2009-01-13,07:27:00,2.382,0.000,241.960,9.800,0.000,0.000,18.0
2009-01-13,07:28:00,2.416,0.000,242.330,10.000,0.000,0.000,18.0
2009-01-13,07:29:00,2.382,0.000,242.230,9.800,0.000,0.000,18.0
2009-01-13,07:30:00,2.478,0.064,241.720,10.200,0.000,0.000,18.0
2009-01-13,07:31:00,2.578,0.070,241.960,10.600,0.000,0.000,18.0
2009-01-13,07:32:00,2.866,0.066,241.470,11.800,0.000,0.000,18.0
2009-01-13,07:33:00,3.086,0.066,240.090,12.800,0.000,0.000,18.0
2009-01-13,07:34:00,3.520,0.190,238.530,14.800,0.000,0.000,17.0
2009-01-13,07:35:00,3.532,0.196,238.800,14.800,0.000,0.000,18.0
2009-01-13,07:36:00,3.568,0.196,238.890,15.000,0.000,0.000,17.0
2009-01-13,07:37:00,3.496,0.198,238.980,14.600,0.000,0.000,18.0
2009-01-13,07:38:00,2.636,0.200,239.900,11.000,0.000,0.000,18.0
2009-01-13,07:39:00,2.578,0.202,240.110,10.800,0.000,0.000,17.0
2009-01-13,07:40:00,2.580,0.200,240.010,10.800,0.000,0.000,18.0
2009-01-13,07:41:00,2.564,0.200,239.910,10.600,0.000,0.000,18.0
2009-01-13,07:42:00,2.500,0.178,239.980,10.400,0.000,0.000,17.0
2009-01-13,07:43:00,2.436,0.096,239.470,10.200,0.000,0.000,18.0
2009-01-13,07:44:00,2.356,0.096,240.220,9.800,0.000,0.000,18.0
2009-01-13,07:45:00,2.894,0.144,239.890,12.200,0.000,0.000,17.0
2009-01-13,07:46:00,2.970,0.076,240.480,12.400,0.000,0.000,18.0
2009-01-13,07:47:00,3.246,0.118,240.550,13.400,0.000,0.000,18.0
2009-01-13,07:48:00,3.100,0.132,239.960,12.800,1.000,0.000,17.0
2009-01-13,07:49:00,2.160,0.070,238.760,9.200,1.000,0.000,18.0
2009-01-13,07:50:00,1.694,0.000,239.230,7.000,2.000,0.000,17.0
2009-01-13,07:51:00,1.654,0.066,238.460,6.800,1.000,0.000,18.0
2009-01-13,07:52:00,1.644,0.068,237.410,6.800,1.000,0.000,17.0
2009-01-13,07:53:00,1.870,0.048,239.460,7.800,1.000,0.000,18.0
2009-01-13,07:54:00,2.204,0.000,240.770,9.000,1.000,0.000,18.0
2009-01-13,07:55:00,2.226,0.000,242.380,9.200,2.000,0.000,18.0
2009-01-13,07:56:00,2.226,0.000,242.240,9.200,1.000,0.000,18.0
2009-01-13,07:57:00,2.224,0.000,242.330,9.200,1.000,0.000,18.0
2009-01-13,07:58:00,2.222,0.000,242.030,9.200,1.000,0.000,18.0
2009-01-13,07:59:00,2.222,0.000,242.110,9.200,2.000,0.000,17.0
2009-01-13,08:00:00,2.884,0.000,241.050,12.200,1.000,0.000,18.0
2009-01-13,08:01:00,3.194,0.000,240.680,13.400,1.000,0.000,18.0
2009-01-13,08:02:00,2.396,0.000,242.510,9.800,1.000,0.000,18.0
2009-01-13,08:03:00,2.234,0.000,243.030,9.200,2.000,0.000,18.0
2009-01-13,08:04:00,2.264,0.000,243.050,9.200,1.000,0.000,18.0
2009-01-13,08:05:00,2.246,0.000,242.850,9.200,1.000,0.000,18.0
2009-01-13,08:06:00,2.202,0.000,242.190,9.000,1.000,0.000,18.0
2009-01-13,08:07:00,1.944,0.000,242.740,8.000,1.000,0.000,18.0
2009-01-13,08:08:00,2.202,0.048,241.800,9.000,1.000,0.000,18.0
2009-01-13,08:09:00,4.304,0.074,239.570,18.000,36.000,0.000,18.0
2009-01-13,08:10:00,4.026,0.078,239.260,16.800,39.000,0.000,18.0
2009-01-13,08:11:00,3.726,0.076,241.240,15.400,38.000,0.000,17.0
2009-01-13,08:12:00,3.720,0.078,241.230,15.400,39.000,0.000,18.0
2009-01-13,08:13:00,3.710,0.078,240.860,15.400,39.000,0.000,18.0
2009-01-13,08:14:00,3.744,0.074,241.140,15.400,38.000,0.000,18.0
2009-01-13,08:15:00,4.166,0.050,241.250,17.200,39.000,0.000,18.0
2009-01-13,08:16:00,3.896,0.000,240.740,16.200,38.000,0.000,17.0
2009-01-13,08:17:00,3.858,0.000,240.190,16.000,39.000,0.000,18.0
2009-01-13,08:18:00,3.878,0.000,240.790,16.000,38.000,0.000,18.0
2009-01-13,08:19:00,3.852,0.000,240.120,16.000,38.000,0.000,18.0
2009-01-13,08:20:00,3.822,0.000,239.170,15.800,38.000,0.000,17.0
2009-01-13,08:21:00,3.806,0.000,238.750,15.800,38.000,0.000,18.0
2009-01-13,08:22:00,1.902,0.000,240.970,8.400,7.000,0.000,17.0
2009-01-13,08:23:00,1.648,0.000,241.790,6.800,1.000,0.000,18.0
2009-01-13,08:24:00,1.752,0.116,241.770,7.200,1.000,0.000,18.0
2009-01-13,08:25:00,2.064,0.174,242.140,8.400,1.000,0.000,18.0
2009-01-13,08:26:00,2.074,0.176,242.540,8.600,2.000,0.000,18.0
2009-01-13,08:27:00,1.836,0.180,242.930,7.600,1.000,0.000,18.0
2009-01-13,08:28:00,1.674,0.144,243.180,6.800,1.000,0.000,19.0
2009-01-13,08:29:00,1.586,0.082,244.140,6.400,1.000,0.000,18.0
2009-01-13,08:30:00,2.364,0.076,242.710,9.800,2.000,0.000,18.0
2009-01-13,08:31:00,2.738,0.072,242.110,11.200,1.000,0.000,18.0
2009-01-13,08:32:00,2.690,0.074,242.580,11.000,1.000,0.000,18.0
2009-01-13,08:33:00,2.656,0.074,242.380,10.800,1.000,0.000,18.0
2009-01-13,08:34:00,2.568,0.072,241.770,10.600,2.000,0.000,18.0
2009-01-13,08:35:00,2.642,0.072,242.130,10.800,1.000,0.000,18.0
2009-01-13,08:36:00,2.600,0.074,242.320,10.600,1.000,0.000,18.0
2009-01-13,08:37:00,2.546,0.076,242.930,10.400,1.000,0.000,18.0
2009-01-13,08:38:00,2.540,0.076,242.330,10.400,2.000,0.000,18.0
2009-01-13,08:39:00,2.542,0.076,242.350,10.400,1.000,0.000,18.0
2009-01-13,08:40:00,2.518,0.000,242.680,10.400,1.000,0.000,18.0
2009-01-13,08:41:00,2.442,0.060,242.110,10.000,1.000,0.000,18.0
2009-01-13,08:42:00,2.686,0.000,241.600,11.400,1.000,0.000,18.0
2009-01-13,08:43:00,3.908,0.366,240.680,16.400,2.000,0.000,18.0
2009-01-13,08:44:00,3.204,0.140,242.010,13.600,1.000,0.000,18.0
2009-01-13,08:45:00,4.072,0.354,240.670,17.000,1.000,0.000,17.0
2009-01-13,08:46:00,4.118,0.354,240.690,17.200,2.000,0.000,18.0
2009-01-13,08:47:00,4.114,0.354,240.570,17.200,1.000,0.000,18.0
2009-01-13,08:48:00,4.014,0.354,240.860,16.800,1.000,0.000,18.0
2009-01-13,08:49:00,2.660,0.000,242.150,11.400,1.000,0.000,18.0
2009-01-13,08:50:00,3.486,0.314,240.150,14.800,1.000,0.000,17.0
2009-01-13,08:51:00,3.628,0.352,239.200,15.200,2.000,0.000,18.0
2009-01-13,08:52:00,3.436,0.296,240.130,14.600,1.000,0.000,18.0
2009-01-13,08:53:00,2.154,0.048,242.690,8.800,1.000,0.000,18.0
2009-01-13,08:54:00,2.196,0.000,243.090,9.000,2.000,0.000,18.0
2009-01-13,08:55:00,2.236,0.058,243.090,9.200,1.000,0.000,18.0
2009-01-13,08:56:00,1.770,0.056,243.780,7.400,1.000,0.000,18.0
2009-01-13,08:57:00,1.670,0.052,243.080,6.800,1.000,0.000,18.0
2009-01-13,08:58:00,1.680,0.056,244.030,6.800,2.000,0.000,19.0
2009-01-13,08:59:00,1.686,0.056,244.360,6.800,1.000,0.000,18.0
2009-01-13,09:00:00,1.952,0.054,244.380,8.000,1.000,0.000,18.0
2009-01-13,09:01:00,1.704,0.048,243.670,7.000,2.000,0.000,18.0
2009-01-13,09:02:00,1.668,0.056,243.450,6.800,1.000,0.000,19.0
2009-01-13,09:03:00,1.660,0.052,242.690,6.800,1.000,0.000,18.0
2009-01-13,09:04:00,1.666,0.058,242.530,6.800,2.000,0.000,18.0
2009-01-13,09:05:00,1.644,0.054,242.930,6.800,1.000,0.000,18.0
2009-01-13,09:06:00,2.110,0.482,243.110,9.200,1.000,0.000,18.0
2009-01-13,09:07:00,2.296,0.590,241.980,10.000,1.000,0.000,18.0
2009-01-13,09:08:00,2.226,0.492,241.620,9.600,2.000,0.000,18.0
2009-01-13,09:09:00,2.470,0.488,241.440,10.600,1.000,0.000,18.0
2009-01-13,09:10:00,2.696,0.482,240.680,11.600,1.000,0.000,17.0
2009-01-13,09:11:00,2.524,0.432,240.970,10.800,2.000,0.000,18.0
2009-01-13,09:12:00,2.476,0.410,241.000,10.600,1.000,0.000,18.0
2009-01-13,09:13:00,2.618,0.518,241.650,11.200,1.000,0.000,18.0
2009-01-13,09:14:00,2.230,0.264,242.620,9.600,1.000,0.000,18.0
2009-01-13,09:15:00,1.906,0.120,243.920,7.800,0.000,0.000,18.0
2009-01-13,09:16:00,1.936,0.098,243.220,7.800,2.000,0.000,18.0
2009-01-13,09:17:00,1.954,0.098,244.440,8.000,1.000,0.000,19.0
2009-01-13,09:18:00,1.956,0.094,244.750,8.000,1.000,0.000,18.0
2009-01-13,09:19:00,1.940,0.086,244.250,7.800,2.000,0.000,18.0
2009-01-13,09:20:00,1.930,0.084,243.550,7.800,1.000,0.000,18.0
2009-01-13,09:21:00,1.922,0.084,243.490,7.800,1.000,0.000,19.0
2009-01-13,09:22:00,1.928,0.086,243.700,7.800,1.000,0.000,18.0
2009-01-13,09:23:00,1.944,0.092,243.350,8.000,1.000,0.000,18.0
2009-01-13,09:24:00,2.040,0.114,241.950,8.400,1.000,0.000,18.0
2009-01-13,09:25:00,2.046,0.116,242.980,8.400,1.000,0.000,18.0
2009-01-13,09:26:00,2.070,0.100,243.320,8.400,1.000,0.000,18.0
2009-01-13,09:27:00,2.626,0.090,243.250,11.600,12.000,0.000,18.0
2009-01-13,09:28:00,4.084,0.074,242.770,16.800,39.000,0.000,18.0
2009-01-13,09:29:00,4.058,0.072,242.030,16.600,39.000,0.000,18.0
2009-01-13,09:30:00,3.852,0.072,242.080,15.800,39.000,0.000,18.0
2009-01-13,09:31:00,3.682,0.056,242.360,15.200,39.000,0.000,18.0
2009-01-13,09:32:00,3.672,0.060,242.130,15.000,39.000,0.000,18.0
2009-01-13,09:33:00,3.660,0.060,241.860,15.000,38.000,0.000,18.0
2009-01-13,09:34:00,3.662,0.062,241.940,15.000,39.000,0.000,18.0
2009-01-13,09:35:00,3.684,0.060,242.610,15.200,39.000,0.000,18.0
2009-01-13,09:36:00,3.690,0.060,242.780,15.200,38.000,0.000,18.0
2009-01-13,09:37:00,3.658,0.062,241.740,15.000,39.000,0.000,18.0
2009-01-13,09:38:00,3.644,0.062,241.550,15.000,38.000,0.000,18.0
2009-01-13,09:39:00,3.668,0.062,242.360,15.000,39.000,0.000,18.0
2009-01-13,09:40:00,3.660,0.062,242.300,15.000,39.000,0.000,18.0
2009-01-13,09:41:00,2.312,0.000,242.980,10.400,16.000,0.000,18.0
2009-01-13,09:42:00,1.432,0.048,243.430,5.800,0.000,0.000,18.0
2009-01-13,09:43:00,1.436,0.050,243.910,5.800,0.000,0.000,19.0
2009-01-13,09:44:00,1.448,0.060,244.370,5.800,1.000,0.000,18.0
2009-01-13,09:45:00,1.464,0.092,244.320,6.000,0.000,0.000,18.0
2009-01-13,09:46:00,1.452,0.058,244.750,5.800,0.000,0.000,19.0
2009-01-13,09:47:00,1.444,0.052,244.910,5.800,0.000,0.000,18.0
2009-01-13,09:48:00,1.444,0.054,245.090,5.800,0.000,0.000,18.0
2009-01-13,09:49:00,1.434,0.050,244.170,5.800,0.000,0.000,19.0
2009-01-13,09:50:00,1.430,0.050,243.950,5.800,0.000,0.000,18.0
2009-01-13,09:51:00,1.442,0.054,245.140,5.800,0.000,0.000,18.0
2009-01-13,09:52:00,1.432,0.052,244.220,5.800,0.000,0.000,19.0
2009-01-13,09:53:00,1.376,0.000,243.870,5.600,0.000,0.000,18.0
2009-01-13,09:54:00,1.362,0.054,244.050,5.600,0.000,0.000,18.0
2009-01-13,09:55:00,1.364,0.054,244.270,5.600,0.000,0.000,18.0
2009-01-13,09:56:00,1.362,0.054,244.020,5.600,0.000,0.000,19.0
2009-01-13,09:57:00,1.420,0.056,243.390,5.800,0.000,0.000,18.0
2009-01-13,09:58:00,1.476,0.056,244.140,6.000,0.000,0.000,18.0
2009-01-13,09:59:00,1.486,0.054,245.170,6.000,0.000,0.000,18.0
2009-01-13,10:00:00,1.432,0.052,245.930,5.800,0.000,0.000,19.0
2009-01-13,10:01:00,1.408,0.054,244.390,5.800,0.000,0.000,18.0
2009-01-13,10:02:00,1.376,0.052,245.320,5.600,0.000,0.000,19.0
2009-01-13,10:03:00,1.412,0.054,244.590,5.800,0.000,0.000,18.0
2009-01-13,10:04:00,1.570,0.058,244.480,6.400,0.000,0.000,18.0
2009-01-13,10:05:00,1.580,0.054,244.410,6.400,0.000,0.000,19.0
2009-01-13,10:06:00,1.688,0.082,244.640,6.800,0.000,0.000,18.0
2009-01-13,10:07:00,1.782,0.194,243.100,7.600,0.000,0.000,18.0
2009-01-13,10:08:00,2.238,0.626,242.830,9.800,0.000,0.000,18.0
2009-01-13,10:09:00,2.246,0.622,243.460,9.600,0.000,0.000,18.0
2009-01-13,10:10:00,1.812,0.226,242.680,7.600,0.000,0.000,18.0
2009-01-13,10:11:00,1.640,0.074,242.340,6.800,0.000,0.000,18.0
2009-01-13,10:12:00,1.640,0.074,242.400,6.800,0.000,0.000,18.0
2009-01-13,10:13:00,1.648,0.076,242.910,6.800,0.000,0.000,19.0
2009-01-13,10:14:00,1.654,0.076,243.170,6.800,0.000,0.000,18.0
2009-01-13,10:15:00,1.658,0.094,242.700,6.800,0.000,0.000,18.0
2009-01-13,10:16:00,1.620,0.112,242.960,6.600,0.000,0.000,18.0
2009-01-13,10:17:00,1.452,0.080,243.240,6.000,0.000,0.000,18.0
2009-01-13,10:18:00,1.448,0.080,242.920,6.000,0.000,0.000,18.0
2009-01-13,10:19:00,1.446,0.078,242.840,6.000,0.000,0.000,18.0
2009-01-13,10:20:00,1.450,0.080,243.280,6.000,0.000,0.000,18.0
2009-01-13,10:21:00,1.446,0.070,243.590,5.800,0.000,0.000,19.0
2009-01-13,10:22:00,1.356,0.056,243.860,5.600,0.000,0.000,18.0
2009-01-13,10:23:00,1.362,0.054,244.620,5.600,0.000,0.000,18.0
2009-01-13,10:24:00,1.362,0.054,244.520,5.600,0.000,0.000,18.0
2009-01-13,10:25:00,1.354,0.056,243.800,5.400,0.000,0.000,19.0
2009-01-13,10:26:00,1.358,0.054,244.250,5.600,0.000,0.000,18.0
2009-01-13,10:27:00,1.362,0.054,244.580,5.600,0.000,0.000,18.0
2009-01-13,10:28:00,1.398,0.000,244.210,5.800,0.000,0.000,19.0
2009-01-13,10:29:00,1.438,0.050,244.010,5.800,0.000,0.000,18.0
2009-01-13,10:30:00,1.426,0.048,242.850,5.800,0.000,0.000,18.0
2009-01-13,10:31:00,1.418,0.046,242.120,5.800,0.000,0.000,18.0
2009-01-13,10:32:00,1.430,0.050,243.270,5.800,0.000,0.000,18.0
2009-01-13,10:33:00,1.426,0.050,243.500,5.800,0.000,0.000,18.0
2009-01-13,10:34:00,1.412,0.046,242.530,5.800,0.000,0.000,18.0
2009-01-13,10:35:00,1.410,0.046,242.450,5.800,0.000,0.000,18.0
2009-01-13,10:36:00,1.418,0.050,243.340,5.800,0.000,0.000,18.0
2009-01-13,10:37:00,1.408,0.046,242.470,5.800,0.000,0.000,18.0
2009-01-13,10:38:00,1.404,0.046,242.060,5.800,0.000,0.000,18.0
2009-01-13,10:39:00,1.408,0.046,242.550,5.800,0.000,0.000,18.0
2009-01-13,10:40:00,1.392,0.000,242.140,5.600,0.000,0.000,18.0
2009-01-13,10:41:00,1.334,0.056,241.890,5.400,0.000,0.000,18.0
2009-01-13,10:42:00,1.332,0.058,241.620,5.400,0.000,0.000,18.0
2009-01-13,10:43:00,1.352,0.054,243.660,5.400,0.000,0.000,18.0
2009-01-13,10:44:00,1.358,0.054,244.230,5.600,0.000,0.000,19.0
2009-01-13,10:45:00,1.354,0.054,243.830,5.400,0.000,0.000,18.0
2009-01-13,10:46:00,1.350,0.056,243.420,5.400,0.000,0.000,18.0
2009-01-13,10:47:00,1.352,0.056,243.700,5.400,0.000,0.000,18.0
2009-01-13,10:48:00,1.356,0.056,244.080,5.600,0.000,0.000,19.0
2009-01-13,10:49:00,1.350,0.056,243.440,5.400,0.000,0.000,18.0
2009-01-13,10:50:00,1.348,0.056,243.280,5.400,0.000,0.000,18.0
2009-01-13,10:51:00,1.354,0.056,243.760,5.400,0.000,0.000,18.0
2009-01-13,10:52:00,1.348,0.056,243.190,5.400,0.000,0.000,18.0
2009-01-13,10:53:00,1.336,0.058,242.100,5.400,0.000,0.000,18.0
2009-01-13,10:54:00,1.336,0.056,242.150,5.400,0.000,0.000,18.0
2009-01-13,10:55:00,1.338,0.056,242.160,5.400,0.000,0.000,18.0
2009-01-13,10:56:00,1.400,0.000,242.720,5.800,0.000,0.000,18.0
2009-01-13,10:57:00,1.446,0.076,242.010,6.000,0.000,0.000,18.0
2009-01-13,10:58:00,1.476,0.102,241.420,6.200,0.000,0.000,18.0
2009-01-13,10:59:00,1.524,0.198,241.350,6.400,0.000,1.000,18.0
2009-01-13,11:00:00,1.512,0.194,240.360,6.200,0.000,1.000,18.0
2009-01-13,11:01:00,1.512,0.196,240.700,6.200,0.000,2.000,17.0
2009-01-13,11:02:00,1.508,0.198,241.180,6.200,0.000,1.000,18.0
2009-01-13,11:03:00,1.506,0.196,240.930,6.200,0.000,2.000,18.0
2009-01-13,11:04:00,1.516,0.200,241.730,6.200,0.000,1.000,18.0
2009-01-13,11:05:00,1.518,0.200,242.060,6.200,0.000,1.000,18.0
2009-01-13,11:06:00,1.510,0.200,241.540,6.200,0.000,2.000,18.0
2009-01-13,11:07:00,1.508,0.198,241.430,6.200,0.000,1.000,18.0
2009-01-13,11:08:00,1.514,0.202,242.180,6.200,0.000,2.000,18.0
2009-01-13,11:09:00,1.514,0.202,242.170,6.200,0.000,1.000,18.0
2009-01-13,11:10:00,1.514,0.202,242.300,6.200,0.000,1.000,18.0
2009-01-13,11:11:00,1.512,0.200,242.100,6.200,0.000,2.000,18.0
2009-01-13,11:12:00,1.460,0.130,241.810,6.000,0.000,1.000,18.0
2009-01-13,11:13:00,1.434,0.064,241.950,5.800,0.000,2.000,18.0
2009-01-13,11:14:00,1.518,0.060,240.560,6.200,0.000,1.000,17.0
2009-01-13,11:15:00,1.512,0.060,240.220,6.200,0.000,1.000,18.0
2009-01-13,11:16:00,1.574,0.128,239.840,6.600,0.000,2.000,18.0
2009-01-13,11:17:00,1.586,0.164,240.270,6.600,0.000,1.000,17.0
2009-01-13,11:18:00,1.594,0.166,241.000,6.600,0.000,1.000,18.0
2009-01-13,11:19:00,1.590,0.164,240.850,6.600,0.000,2.000,18.0
2009-01-13,11:20:00,1.590,0.164,241.070,6.600,0.000,1.000,18.0
2009-01-13,11:21:00,1.586,0.164,240.750,6.600,0.000,1.000,18.0
2009-01-13,11:22:00,1.574,0.162,240.270,6.600,0.000,1.000,17.0
2009-01-13,11:23:00,1.714,0.162,240.700,7.200,0.000,2.000,18.0
2009-01-13,11:24:00,1.862,0.160,240.780,7.600,0.000,1.000,18.0
2009-01-13,11:25:00,1.860,0.160,240.750,7.600,0.000,1.000,18.0
2009-01-13,11:26:00,1.860,0.160,240.850,7.600,0.000,1.000,17.0
2009-01-13,11:27:00,1.682,0.164,241.210,7.000,0.000,2.000,18.0
2009-01-13,11:28:00,1.556,0.072,242.610,6.400,0.000,1.000,18.0
2009-01-13,11:29:00,1.582,0.066,243.320,6.400,0.000,1.000,18.0
2009-01-13,11:30:00,1.536,0.068,243.220,6.200,0.000,1.000,19.0
2009-01-13,11:31:00,1.540,0.068,243.710,6.200,0.000,2.000,18.0
2009-01-13,11:32:00,1.534,0.066,243.240,6.200,0.000,1.000,18.0
2009-01-13,11:33:00,1.526,0.064,242.420,6.200,0.000,1.000,18.0
2009-01-13,11:34:00,1.482,0.064,242.040,6.000,0.000,1.000,18.0
2009-01-13,11:35:00,1.416,0.066,242.450,5.800,0.000,1.000,18.0
2009-01-13,11:36:00,1.418,0.068,242.690,5.800,0.000,2.000,18.0
2009-01-13,11:37:00,1.412,0.066,242.180,5.800,0.000,1.000,18.0
2009-01-13,11:38:00,1.408,0.064,241.800,5.800,0.000,1.000,18.0
2009-01-13,11:39:00,1.410,0.066,242.010,5.800,0.000,1.000,18.0
2009-01-13,11:40:00,1.406,0.064,241.630,5.800,0.000,1.000,18.0
2009-01-13,11:41:00,1.488,0.062,241.520,6.200,0.000,1.000,18.0
2009-01-13,11:42:00,1.514,0.062,241.530,6.200,0.000,2.000,18.0
2009-01-13,11:43:00,1.524,0.064,242.390,6.200,0.000,1.000,18.0
2009-01-13,11:44:00,1.528,0.064,242.670,6.200,0.000,1.000,18.0
2009-01-13,11:45:00,1.524,0.064,242.520,6.200,0.000,1.000,18.0
2009-01-13,11:46:00,1.524,0.064,242.360,6.200,0.000,1.000,18.0
2009-01-13,11:47:00,1.586,0.132,242.040,6.600,0.000,1.000,18.0
2009-01-13,11:48:00,1.626,0.198,241.540,6.800,0.000,2.000,18.0
2009-01-13,11:49:00,1.590,0.146,241.120,6.600,0.000,0.000,17.0
2009-01-13,11:50:00,1.560,0.076,242.030,6.400,0.000,0.000,18.0
2009-01-13,11:51:00,1.574,0.080,243.360,6.400,0.000,0.000,19.0
2009-01-13,11:52:00,1.584,0.082,244.510,6.400,0.000,0.000,18.0
2009-01-13,11:53:00,1.570,0.080,243.370,6.400,0.000,0.000,18.0
2009-01-13,11:54:00,1.562,0.078,242.780,6.400,0.000,0.000,18.0
2009-01-13,11:55:00,1.568,0.080,243.340,6.400,0.000,0.000,18.0
2009-01-13,11:56:00,1.566,0.078,243.160,6.400,0.000,0.000,18.0
2009-01-13,11:57:00,1.556,0.076,242.440,6.400,0.000,0.000,18.0
2009-01-13,11:58:00,1.564,0.080,243.530,6.400,0.000,0.000,19.0
2009-01-13,11:59:00,1.560,0.080,243.610,6.400,0.000,0.000,18.0
2009-01-13,12:00:00,1.554,0.076,242.880,6.400,0.000,0.000,18.0
2009-01-13,12:01:00,1.556,0.078,242.740,6.400,0.000,0.000,18.0
2009-01-13,12:02:00,1.554,0.078,242.640,6.400,0.000,0.000,18.0
2009-01-13,12:03:00,1.510,0.000,242.710,6.200,0.000,0.000,18.0
2009-01-13,12:04:00,1.522,0.000,242.360,6.200,0.000,0.000,18.0
2009-01-13,12:05:00,1.524,0.000,241.740,6.200,0.000,0.000,18.0
2009-01-13,12:06:00,1.532,0.000,242.400,6.200,0.000,0.000,18.0
2009-01-13,12:07:00,1.536,0.046,242.800,6.200,0.000,0.000,18.0
2009-01-13,12:08:00,1.520,0.000,241.500,6.200,0.000,0.000,18.0
2009-01-13,12:09:00,1.518,0.000,241.450,6.200,0.000,0.000,18.0
2009-01-13,12:10:00,1.504,0.000,240.820,6.200,0.000,0.000,18.0
2009-01-13,12:11:00,1.500,0.000,240.610,6.200,0.000,0.000,17.0
2009-01-13,12:12:00,1.508,0.000,241.320,6.200,0.000,0.000,18.0
2009-01-13,12:13:00,1.514,0.046,242.030,6.200,0.000,0.000,18.0
2009-01-13,12:14:00,1.522,0.046,242.710,6.200,0.000,0.000,18.0
2009-01-13,12:15:00,1.540,0.050,244.220,6.200,0.000,0.000,19.0
2009-01-13,12:16:00,1.528,0.000,244.620,6.200,0.000,0.000,18.0
2009-01-13,12:17:00,1.486,0.052,245.070,6.000,0.000,0.000,18.0
2009-01-13,12:18:00,1.480,0.054,244.800,6.000,0.000,0.000,19.0
2009-01-13,12:19:00,1.462,0.058,243.500,6.000,0.000,0.000,18.0
2009-01-13,12:20:00,1.464,0.056,243.670,6.000,0.000,0.000,18.0
2009-01-13,12:21:00,1.468,0.056,244.100,6.000,0.000,0.000,18.0
2009-01-13,12:22:00,1.396,0.054,244.550,5.600,0.000,0.000,19.0
2009-01-13,12:23:00,2.860,0.066,242.820,12.400,0.000,0.000,18.0
2009-01-13,12:24:00,1.666,0.056,243.220,7.600,0.000,0.000,18.0
2009-01-13,12:25:00,1.896,0.060,242.300,8.800,0.000,0.000,18.0
2009-01-13,12:26:00,1.924,0.060,242.340,8.800,0.000,0.000,18.0
2009-01-13,12:27:00,1.960,0.060,242.080,9.000,0.000,0.000,18.0
2009-01-13,12:28:00,1.664,0.058,242.540,7.600,0.000,0.000,18.0
2009-01-13,12:29:00,1.888,0.060,242.080,8.600,0.000,0.000,18.0
2009-01-13,12:30:00,2.066,0.062,242.460,9.400,0.000,0.000,18.0
2009-01-13,12:31:00,1.898,0.060,243.190,8.600,0.000,0.000,18.0
2009-01-13,12:32:00,1.852,0.058,243.390,8.400,0.000,0.000,18.0
2009-01-13,12:33:00,1.680,0.058,243.410,7.600,0.000,0.000,18.0
2009-01-13,12:34:00,1.610,0.056,243.440,7.200,0.000,0.000,19.0
2009-01-13,12:35:00,1.358,0.054,244.200,5.600,0.000,0.000,18.0
2009-01-13,12:36:00,1.368,0.052,245.190,5.600,0.000,0.000,18.0
2009-01-13,12:37:00,1.404,0.000,246.110,5.600,0.000,0.000,19.0
2009-01-13,12:38:00,1.484,0.088,245.560,6.000,0.000,0.000,18.0
2009-01-13,12:39:00,1.480,0.086,245.280,6.000,0.000,0.000,19.0
2009-01-13,12:40:00,1.478,0.086,245.280,6.000,0.000,0.000,18.0
2009-01-13,12:41:00,1.476,0.086,245.240,6.000,0.000,0.000,19.0
2009-01-13,12:42:00,1.486,0.086,245.190,6.000,0.000,0.000,18.0
2009-01-13,12:43:00,1.486,0.088,245.930,6.000,0.000,0.000,19.0
2009-01-13,12:44:00,2.696,0.466,244.800,11.800,0.000,0.000,18.0
2009-01-13,12:45:00,3.082,0.498,243.120,13.000,0.000,0.000,18.0
2009-01-13,12:46:00,3.030,0.448,242.460,12.800,0.000,0.000,18.0
2009-01-13,12:47:00,2.588,0.334,243.080,11.200,0.000,0.000,18.0
2009-01-13,12:48:00,1.466,0.088,244.910,6.000,0.000,0.000,19.0
2009-01-13,12:49:00,1.510,0.122,245.320,6.200,0.000,0.000,18.0
2009-01-13,12:50:00,1.558,0.200,245.990,6.400,0.000,0.000,19.0
2009-01-13,12:51:00,1.554,0.196,245.640,6.400,0.000,0.000,18.0
2009-01-13,12:52:00,1.544,0.196,245.270,6.200,0.000,0.000,18.0
2009-01-13,12:53:00,1.536,0.194,244.970,6.200,0.000,0.000,19.0
2009-01-13,12:54:00,1.450,0.070,244.910,5.800,0.000,0.000,18.0
2009-01-13,12:55:00,1.434,0.052,244.410,5.800,0.000,0.000,19.0
2009-01-13,12:56:00,1.430,0.052,244.270,5.800,0.000,0.000,18.0
2009-01-13,12:57:00,1.432,0.052,244.380,5.800,0.000,0.000,18.0
2009-01-13,12:58:00,1.434,0.054,244.790,5.800,0.000,0.000,18.0
2009-01-13,12:59:00,1.432,0.054,244.540,5.800,0.000,0.000,19.0
2009-01-13,13:00:00,1.422,0.052,243.760,5.800,0.000,0.000,18.0
2009-01-13,13:01:00,1.436,0.054,245.040,5.800,0.000,0.000,18.0
2009-01-13,13:02:00,1.436,0.054,245.080,5.800,0.000,0.000,19.0
2009-01-13,13:03:00,1.438,0.054,245.350,5.800,0.000,0.000,18.0
2009-01-13,13:04:00,1.380,0.000,245.700,5.600,0.000,0.000,19.0
2009-01-13,13:05:00,1.384,0.050,246.170,5.600,0.000,0.000,18.0
2009-01-13,13:06:00,1.388,0.050,246.280,5.600,0.000,0.000,19.0
2009-01-13,13:07:00,1.370,0.052,244.950,5.600,0.000,0.000,18.0
2009-01-13,13:08:00,1.360,0.054,244.320,5.600,0.000,0.000,19.0
2009-01-13,13:09:00,1.360,0.054,244.440,5.600,0.000,0.000,18.0
2009-01-13,13:10:00,1.352,0.054,243.570,5.400,0.000,0.000,18.0
2009-01-13,13:11:00,1.356,0.054,244.010,5.600,0.000,0.000,18.0
2009-01-13,13:12:00,1.362,0.054,243.950,5.600,0.000,0.000,19.0
2009-01-13,13:13:00,1.356,0.054,243.910,5.400,0.000,0.000,18.0
2009-01-13,13:14:00,1.356,0.054,243.880,5.400,0.000,0.000,18.0
2009-01-13,13:15:00,1.360,0.054,244.280,5.600,0.000,0.000,18.0
2009-01-13,13:16:00,1.360,0.054,244.310,5.600,0.000,0.000,19.0
2009-01-13,13:17:00,1.360,0.054,244.320,5.600,0.000,0.000,18.0
2009-01-13,13:18:00,1.366,0.054,244.910,5.600,0.000,0.000,18.0
2009-01-13,13:19:00,1.364,0.054,244.840,5.600,0.000,0.000,19.0
2009-01-13,13:20:00,1.368,0.052,244.520,5.600,0.000,0.000,18.0
2009-01-13,13:21:00,1.370,0.052,244.680,5.600,0.000,0.000,18.0
2009-01-13,13:22:00,1.368,0.054,244.370,5.600,0.000,0.000,19.0
2009-01-13,13:23:00,1.372,0.052,244.820,5.600,0.000,0.000,18.0
2009-01-13,13:24:00,1.376,0.052,245.260,5.600,0.000,0.000,18.0
2009-01-13,13:25:00,1.372,0.052,245.220,5.600,0.000,0.000,19.0
2009-01-13,13:26:00,1.372,0.052,245.580,5.600,0.000,0.000,18.0
2009-01-13,13:27:00,1.366,0.052,245.050,5.600,0.000,0.000,19.0
2009-01-13,13:28:00,1.446,0.000,244.400,5.800,0.000,0.000,18.0
2009-01-13,13:29:00,1.472,0.086,244.490,6.000,0.000,0.000,18.0
2009-01-13,13:30:00,1.466,0.084,244.090,6.000,0.000,0.000,19.0
2009-01-13,13:31:00,1.464,0.084,244.020,6.000,0.000,0.000,18.0
2009-01-13,13:32:00,1.466,0.086,244.380,6.000,0.000,0.000,18.0
2009-01-13,13:33:00,1.468,0.086,244.750,6.000,0.000,0.000,18.0
2009-01-13,13:34:00,1.458,0.084,243.910,6.000,0.000,0.000,19.0
2009-01-13,13:35:00,1.528,0.154,243.700,6.200,0.000,0.000,18.0
2009-01-13,13:36:00,1.542,0.190,244.100,6.200,0.000,0.000,18.0
2009-01-13,13:37:00,1.538,0.190,243.820,6.200,0.000,0.000,18.0
2009-01-13,13:38:00,1.542,0.192,244.350,6.200,0.000,0.000,19.0
2009-01-13,13:39:00,1.544,0.194,244.810,6.200,0.000,0.000,18.0
2009-01-13,13:40:00,1.540,0.194,244.670,6.200,0.000,0.000,18.0
2009-01-13,13:41:00,1.544,0.196,245.240,6.200,0.000,0.000,19.0
2009-01-13,13:42:00,1.546,0.196,245.630,6.200,0.000,0.000,18.0
2009-01-13,13:43:00,1.548,0.198,245.900,6.200,0.000,0.000,19.0
2009-01-13,13:44:00,1.506,0.146,245.540,6.200,0.000,0.000,18.0
2009-01-13,13:45:00,1.440,0.054,245.450,5.800,0.000,0.000,19.0
2009-01-13,13:46:00,2.136,0.046,244.540,9.200,0.000,0.000,18.0
2009-01-13,13:47:00,1.780,0.066,244.490,7.600,0.000,0.000,18.0
2009-01-13,13:48:00,1.488,0.052,245.300,6.000,0.000,0.000,19.0
2009-01-13,13:49:00,1.448,0.052,245.020,5.800,0.000,0.000,18.0
2009-01-13,13:50:00,1.460,0.054,245.530,6.000,0.000,0.000,19.0
2009-01-13,13:51:00,1.468,0.000,246.250,6.000,0.000,0.000,18.0
2009-01-13,13:52:00,1.384,0.050,245.860,5.600,0.000,0.000,19.0
2009-01-13,13:53:00,1.392,0.052,244.390,5.600,0.000,0.000,18.0
2009-01-13,13:54:00,1.388,0.054,243.900,5.600,0.000,0.000,18.0
2009-01-13,13:55:00,1.384,0.054,243.530,5.600,0.000,0.000,19.0
2009-01-13,13:56:00,1.398,0.052,244.890,5.600,0.000,0.000,18.0
2009-01-13,13:57:00,1.374,0.050,244.890,5.600,0.000,0.000,18.0
2009-01-13,13:58:00,1.406,0.050,245.760,5.800,0.000,0.000,19.0
2009-01-13,13:59:00,1.404,0.050,245.680,5.800,0.000,0.000,18.0
2009-01-13,14:00:00,1.390,0.050,245.330,5.600,0.000,0.000,19.0
2009-01-13,14:01:00,1.396,0.052,245.420,5.600,0.000,0.000,18.0
2009-01-13,14:02:00,1.390,0.052,245.430,5.600,0.000,0.000,19.0
2009-01-13,14:03:00,1.380,0.052,244.990,5.600,0.000,0.000,18.0
2009-01-13,14:04:00,1.382,0.054,244.850,5.600,0.000,0.000,18.0
2009-01-13,14:05:00,1.406,0.052,245.750,5.800,0.000,0.000,19.0
2009-01-13,14:06:00,1.402,0.048,246.450,5.600,0.000,0.000,18.0
2009-01-13,14:07:00,1.390,0.050,245.380,5.600,0.000,0.000,19.0
2009-01-13,14:08:00,1.874,0.000,244.850,8.000,0.000,0.000,18.0
2009-01-13,14:09:00,1.378,0.052,245.460,5.600,0.000,0.000,19.0
2009-01-13,14:10:00,1.400,0.048,247.660,5.600,0.000,0.000,19.0
2009-01-13,14:11:00,1.400,0.048,247.730,5.600,0.000,0.000,18.0
2009-01-13,14:12:00,1.398,0.048,247.510,5.600,0.000,0.000,19.0
2009-01-13,14:13:00,1.394,0.050,247.060,5.600,0.000,0.000,19.0
2009-01-13,14:14:00,1.372,0.054,245.010,5.600,0.000,0.000,18.0
2009-01-13,14:15:00,1.368,0.054,244.640,5.600,0.000,0.000,19.0
2009-01-13,14:16:00,1.374,0.054,245.180,5.600,0.000,0.000,18.0
2009-01-13,14:17:00,1.372,0.052,245.530,5.600,0.000,0.000,18.0
2009-01-13,14:18:00,1.414,0.000,245.680,5.800,0.000,0.000,19.0
2009-01-13,14:19:00,1.482,0.088,245.450,6.000,0.000,0.000,18.0
2009-01-13,14:20:00,1.492,0.090,246.110,6.000,0.000,0.000,19.0
2009-01-13,14:21:00,1.488,0.088,245.800,6.000,0.000,0.000,18.0
2009-01-13,14:22:00,1.490,0.090,246.090,6.000,0.000,0.000,19.0
2009-01-13,14:23:00,1.484,0.088,245.630,6.000,0.000,0.000,18.0
2009-01-13,14:24:00,1.488,0.090,246.080,6.000,0.000,0.000,19.0
2009-01-13,14:25:00,1.482,0.088,245.650,6.000,0.000,0.000,18.0
2009-01-13,14:26:00,1.554,0.172,245.210,6.400,0.000,0.000,19.0
2009-01-13,14:27:00,1.558,0.198,245.790,6.400,0.000,0.000,18.0
2009-01-13,14:28:00,1.560,0.200,246.120,6.400,0.000,0.000,19.0
2009-01-13,14:29:00,1.558,0.198,246.050,6.400,0.000,0.000,18.0
2009-01-13,14:30:00,1.556,0.198,246.070,6.400,0.000,0.000,19.0
2009-01-13,14:31:00,1.560,0.202,247.160,6.200,0.000,0.000,19.0
2009-01-13,14:32:00,1.558,0.202,247.190,6.200,0.000,0.000,18.0
2009-01-13,14:33:00,1.542,0.198,245.980,6.200,0.000,0.000,19.0
2009-01-13,14:34:00,1.540,0.196,245.900,6.200,0.000,0.000,19.0
2009-01-13,14:35:00,1.474,0.082,246.600,6.000,0.000,0.000,18.0
2009-01-13,14:36:00,1.456,0.056,246.420,5.800,0.000,0.000,19.0
2009-01-13,14:37:00,1.454,0.056,246.240,5.800,0.000,0.000,18.0
2009-01-13,14:38:00,1.460,0.058,246.820,5.800,0.000,0.000,19.0
2009-01-13,14:39:00,1.466,0.062,247.490,5.800,0.000,0.000,19.0
2009-01-13,14:40:00,1.418,0.000,248.300,5.600,0.000,0.000,19.0
2009-01-13,14:41:00,1.402,0.048,247.810,5.600,0.000,0.000,18.0
2009-01-13,14:42:00,1.408,0.046,248.460,5.600,0.000,0.000,19.0
2009-01-13,14:43:00,1.400,0.048,247.800,5.600,0.000,0.000,19.0
2009-01-13,14:44:00,1.390,0.050,247.430,5.600,0.000,0.000,19.0
2009-01-13,14:45:00,1.400,0.048,248.360,5.600,0.000,0.000,19.0
2009-01-13,14:46:00,1.402,0.048,248.530,5.600,0.000,0.000,19.0
2009-01-13,14:47:00,1.404,0.046,248.680,5.600,0.000,0.000,19.0
2009-01-13,14:48:00,1.404,0.046,248.680,5.600,0.000,0.000,19.0
2009-01-13,14:49:00,1.400,0.046,248.410,5.600,0.000,0.000,18.0
2009-01-13,14:50:00,1.406,0.046,248.280,5.600,0.000,0.000,19.0
2009-01-13,14:51:00,1.408,0.046,248.430,5.600,0.000,0.000,19.0
2009-01-13,14:52:00,1.416,0.000,249.090,5.600,0.000,0.000,19.0
2009-01-13,14:53:00,1.418,0.000,249.350,5.600,0.000,0.000,19.0
2009-01-13,14:54:00,1.412,0.000,248.870,5.600,0.000,0.000,19.0
2009-01-13,14:55:00,1.414,0.000,249.050,5.600,0.000,0.000,19.0
2009-01-13,14:56:00,1.408,0.046,249.190,5.600,0.000,0.000,19.0
2009-01-13,14:57:00,1.406,0.046,248.970,5.600,0.000,0.000,19.0
2009-01-13,14:58:00,1.412,0.046,249.470,5.600,0.000,0.000,19.0
2009-01-13,14:59:00,1.412,0.000,249.590,5.600,0.000,0.000,19.0
2009-01-13,15:00:00,1.404,0.046,248.790,5.600,0.000,0.000,19.0
2009-01-13,15:01:00,1.402,0.046,248.570,5.600,0.000,0.000,19.0
2009-01-13,15:02:00,1.400,0.046,248.400,5.600,0.000,0.000,19.0
2009-01-13,15:03:00,1.396,0.048,247.970,5.600,0.000,0.000,19.0
2009-01-13,15:04:00,1.400,0.046,248.280,5.600,0.000,0.000,19.0
2009-01-13,15:05:00,1.410,0.046,248.750,5.600,0.000,0.000,19.0
2009-01-13,15:06:00,1.410,0.046,248.630,5.600,0.000,0.000,19.0
2009-01-13,15:07:00,1.406,0.046,248.310,5.600,0.000,0.000,19.0
2009-01-13,15:08:00,1.410,0.046,248.820,5.600,0.000,0.000,18.0
2009-01-13,15:09:00,1.530,0.098,248.940,6.200,0.000,0.000,19.0
2009-01-13,15:10:00,1.518,0.100,248.860,6.000,0.000,0.000,19.0
2009-01-13,15:11:00,1.516,0.100,249.010,6.000,0.000,0.000,19.0
2009-01-13,15:12:00,1.518,0.102,249.290,6.000,0.000,0.000,19.0
2009-01-13,15:13:00,1.514,0.100,249.040,6.000,0.000,0.000,19.0
2009-01-13,15:14:00,1.596,0.196,249.140,6.400,0.000,0.000,19.0
2009-01-13,15:15:00,1.590,0.212,249.020,6.400,0.000,0.000,19.0
2009-01-13,15:16:00,1.584,0.210,248.800,6.400,0.000,0.000,19.0
2009-01-13,15:17:00,1.590,0.214,249.340,6.400,0.000,0.000,19.0
2009-01-13,15:18:00,1.580,0.210,248.620,6.400,0.000,0.000,19.0
2009-01-13,15:19:00,1.574,0.208,248.330,6.400,0.000,0.000,19.0
2009-01-13,15:20:00,1.586,0.212,249.030,6.400,0.000,0.000,19.0
2009-01-13,15:21:00,1.594,0.216,249.780,6.400,0.000,0.000,19.0
2009-01-13,15:22:00,1.594,0.218,250.220,6.400,0.000,0.000,19.0
2009-01-13,15:23:00,1.592,0.220,250.610,6.400,0.000,0.000,20.0
2009-01-13,15:24:00,1.586,0.218,250.050,6.400,0.000,0.000,19.0
2009-01-13,15:25:00,1.540,0.146,250.350,6.200,0.000,0.000,19.0
2009-01-13,15:26:00,1.486,0.068,250.010,5.800,0.000,0.000,19.0
2009-01-13,15:27:00,1.484,0.060,250.290,5.800,0.000,0.000,19.0
2009-01-13,15:28:00,1.428,0.000,251.000,5.600,0.000,0.000,20.0
2009-01-13,15:29:00,1.432,0.000,251.390,5.600,0.000,0.000,19.0
2009-01-13,15:30:00,1.438,0.000,251.820,5.600,0.000,0.000,19.0
2009-01-13,15:31:00,1.442,0.000,252.220,5.600,0.000,0.000,20.0
2009-01-13,15:32:00,1.436,0.000,251.650,5.600,0.000,0.000,19.0
2009-01-13,15:33:00,1.422,0.000,250.380,5.600,0.000,0.000,19.0
2009-01-13,15:34:00,1.420,0.000,250.130,5.600,0.000,0.000,20.0
2009-01-13,15:35:00,1.426,0.000,250.180,5.600,0.000,0.000,19.0
2009-01-13,15:36:00,1.422,0.000,249.790,5.600,0.000,0.000,19.0
2009-01-13,15:37:00,1.420,0.000,250.150,5.600,0.000,0.000,19.0
2009-01-13,15:38:00,1.416,0.000,249.890,5.600,0.000,0.000,19.0
2009-01-13,15:39:00,1.410,0.046,249.170,5.600,0.000,0.000,19.0
2009-01-13,15:40:00,1.398,0.048,248.130,5.600,0.000,0.000,19.0
2009-01-13,15:41:00,1.396,0.048,247.930,5.600,0.000,0.000,19.0
2009-01-13,15:42:00,1.394,0.048,247.800,5.600,0.000,0.000,19.0
2009-01-13,15:43:00,1.396,0.048,247.980,5.600,0.000,0.000,18.0
2009-01-13,15:44:00,1.408,0.046,248.970,5.600,0.000,0.000,19.0
2009-01-13,15:45:00,1.402,0.046,248.470,5.600,0.000,0.000,19.0
2009-01-13,15:46:00,1.410,0.000,249.240,5.600,0.000,0.000,19.0
2009-01-13,15:47:00,1.412,0.000,249.490,5.600,0.000,0.000,19.0
2009-01-13,15:48:00,1.484,0.054,248.670,6.000,0.000,1.000,19.0
2009-01-13,15:49:00,1.478,0.082,248.050,6.000,0.000,1.000,19.0
2009-01-13,15:50:00,1.492,0.086,248.700,6.000,0.000,1.000,19.0
2009-01-13,15:51:00,1.490,0.084,248.570,6.000,0.000,2.000,19.0
2009-01-13,15:52:00,1.486,0.084,248.310,6.000,0.000,1.000,19.0
2009-01-13,15:53:00,1.498,0.086,249.230,6.000,0.000,2.000,19.0
2009-01-13,15:54:00,1.498,0.086,249.600,6.000,0.000,1.000,19.0
2009-01-13,15:55:00,1.494,0.086,249.430,6.000,0.000,1.000,19.0
2009-01-13,15:56:00,1.496,0.086,249.660,6.000,0.000,2.000,19.0
2009-01-13,15:57:00,1.498,0.086,249.750,6.000,0.000,1.000,19.0
2009-01-13,15:58:00,1.498,0.086,249.790,6.000,0.000,2.000,19.0
2009-01-13,15:59:00,1.556,0.152,249.490,6.200,0.000,1.000,19.0
2009-01-13,16:00:00,1.602,0.230,248.990,6.400,0.000,2.000,19.0
2009-01-13,16:01:00,1.604,0.234,249.420,6.400,0.000,1.000,19.0
2009-01-13,16:02:00,1.680,0.326,249.140,6.800,0.000,1.000,19.0
2009-01-13,16:03:00,1.678,0.346,249.400,6.800,0.000,2.000,19.0
2009-01-13,16:04:00,1.666,0.340,248.500,6.800,0.000,1.000,19.0
2009-01-13,16:05:00,1.668,0.340,248.250,6.800,0.000,2.000,19.0
2009-01-13,16:06:00,1.664,0.338,248.020,6.800,0.000,1.000,19.0
2009-01-13,16:07:00,1.662,0.340,248.310,6.800,0.000,1.000,19.0
2009-01-13,16:08:00,1.660,0.340,248.370,6.800,0.000,2.000,19.0
2009-01-13,16:09:00,1.658,0.340,248.510,6.800,0.000,1.000,19.0
2009-01-13,16:10:00,1.654,0.340,248.380,6.800,0.000,1.000,18.0
2009-01-13,16:11:00,1.658,0.344,248.880,6.800,0.000,2.000,19.0
2009-01-13,16:12:00,1.662,0.346,249.380,6.800,0.000,1.000,19.0
2009-01-13,16:13:00,1.654,0.344,248.950,6.800,0.000,1.000,19.0
2009-01-13,16:14:00,1.638,0.340,248.360,6.600,0.000,1.000,19.0
2009-01-13,16:15:00,1.582,0.246,248.500,6.400,0.000,2.000,19.0
2009-01-13,16:16:00,1.482,0.084,249.110,5.800,0.000,1.000,19.0
2009-01-13,16:17:00,1.480,0.084,249.020,5.800,0.000,1.000,19.0
2009-01-13,16:18:00,1.482,0.084,249.280,5.800,0.000,1.000,19.0
2009-01-13,16:19:00,1.486,0.086,249.520,5.800,0.000,2.000,19.0
2009-01-13,16:20:00,1.490,0.086,249.460,6.000,0.000,1.000,19.0
2009-01-13,16:21:00,1.480,0.082,248.460,5.800,0.000,1.000,19.0
2009-01-13,16:22:00,1.486,0.084,249.020,6.000,0.000,1.000,19.0
2009-01-13,16:23:00,1.490,0.086,249.540,6.000,0.000,2.000,19.0
2009-01-13,16:24:00,1.480,0.082,248.600,5.800,0.000,1.000,19.0
2009-01-13,16:25:00,1.486,0.084,249.260,6.000,0.000,1.000,19.0
2009-01-13,16:26:00,1.470,0.080,247.790,5.800,0.000,1.000,19.0
2009-01-13,16:27:00,1.450,0.074,245.990,5.800,0.000,1.000,19.0
2009-01-13,16:28:00,1.448,0.074,245.670,5.800,0.000,2.000,18.0
2009-01-13,16:29:00,1.442,0.072,245.200,5.800,0.000,1.000,18.0
2009-01-13,16:30:00,1.440,0.072,245.030,5.800,0.000,1.000,19.0
2009-01-13,16:31:00,1.428,0.070,244.640,5.800,0.000,1.000,18.0
2009-01-13,16:32:00,1.430,0.070,244.680,5.800,0.000,1.000,18.0
2009-01-13,16:33:00,1.436,0.072,245.330,5.800,0.000,2.000,19.0
2009-01-13,16:34:00,1.446,0.076,246.210,5.800,0.000,1.000,18.0
2009-01-13,16:35:00,1.452,0.076,246.290,5.800,0.000,1.000,19.0
2009-01-13,16:36:00,1.458,0.078,246.690,5.800,0.000,1.000,19.0
2009-01-13,16:37:00,1.454,0.076,246.420,5.800,0.000,1.000,18.0
2009-01-13,16:38:00,1.452,0.076,246.180,5.800,0.000,1.000,19.0
2009-01-13,16:39:00,1.448,0.074,245.820,5.800,0.000,2.000,18.0
2009-01-13,16:40:00,1.406,0.000,246.580,5.600,0.000,0.000,19.0
2009-01-13,16:41:00,1.398,0.048,247.500,5.600,0.000,0.000,19.0
2009-01-13,16:42:00,1.396,0.048,247.360,5.600,0.000,0.000,18.0
2009-01-13,16:43:00,1.392,0.048,246.970,5.600,0.000,0.000,19.0
2009-01-13,16:44:00,1.380,0.050,245.820,5.600,0.000,0.000,19.0
2009-01-13,16:45:00,1.376,0.050,245.980,5.600,0.000,0.000,18.0
2009-01-13,16:46:00,1.374,0.050,245.880,5.600,0.000,0.000,19.0
2009-01-13,16:47:00,1.374,0.050,245.950,5.600,0.000,0.000,18.0
2009-01-13,16:48:00,1.380,0.050,246.430,5.600,0.000,0.000,19.0
2009-01-13,16:49:00,1.412,0.000,246.690,5.600,0.000,0.000,18.0
2009-01-13,16:50:00,0.756,0.162,247.010,3.600,0.000,0.000,7.0
2009-01-13,16:51:00,0.458,0.212,246.780,2.000,0.000,0.000,0.0
2009-01-13,16:52:00,0.456,0.214,247.160,2.000,0.000,0.000,0.0
2009-01-13,16:53:00,0.454,0.214,247.460,2.000,0.000,0.000,0.0
2009-01-13,16:54:00,0.452,0.214,247.370,2.000,0.000,0.000,0.0
2009-01-13,16:55:00,0.450,0.214,247.580,2.000,0.000,0.000,0.0
2009-01-13,16:56:00,0.442,0.204,245.330,2.000,0.000,0.000,0.0
2009-01-13,16:57:00,0.440,0.204,245.340,2.000,0.000,0.000,0.0
2009-01-13,16:58:00,0.436,0.204,244.980,2.000,0.000,0.000,0.0
2009-01-13,16:59:00,0.430,0.202,245.010,2.000,0.000,0.000,0.0
2009-01-13,17:00:00,0.428,0.200,244.600,2.000,0.000,0.000,0.0
2009-01-13,17:01:00,0.428,0.202,244.920,2.000,0.000,0.000,0.0
2009-01-13,17:02:00,0.400,0.164,245.590,1.800,0.000,0.000,0.0
2009-01-13,17:03:00,0.358,0.098,245.750,1.600,0.000,0.000,0.0
2009-01-13,17:04:00,0.356,0.096,244.870,1.600,0.000,0.000,0.0
2009-01-13,17:05:00,0.362,0.098,245.100,1.600,0.000,0.000,0.0
2009-01-13,17:06:00,0.342,0.072,245.940,1.400,0.000,0.000,0.0
2009-01-13,17:07:00,0.264,0.000,245.230,1.200,0.000,0.000,0.0
2009-01-13,17:08:00,0.264,0.000,245.170,1.200,0.000,0.000,0.0
2009-01-13,17:09:00,0.266,0.000,245.380,1.200,0.000,0.000,0.0
2009-01-13,17:10:00,0.260,0.000,245.060,1.200,0.000,0.000,0.0
2009-01-13,17:11:00,0.258,0.000,244.840,1.200,0.000,0.000,0.0
2009-01-13,17:12:00,0.258,0.000,245.080,1.200,0.000,0.000,0.0
2009-01-13,17:13:00,0.602,0.000,244.760,2.800,0.000,0.000,0.0
2009-01-13,17:14:00,0.998,0.000,243.620,4.000,0.000,0.000,0.0
2009-01-13,17:15:00,0.688,0.050,243.930,2.800,0.000,0.000,0.0
2009-01-13,17:16:00,0.650,0.050,244.010,2.600,0.000,0.000,0.0
2009-01-13,17:17:00,0.596,0.048,244.500,2.400,0.000,0.000,0.0
2009-01-13,17:18:00,0.598,0.046,244.690,2.400,0.000,0.000,0.0
2009-01-13,17:19:00,0.594,0.048,243.990,2.400,0.000,0.000,0.0
2009-01-13,17:20:00,0.602,0.048,244.110,2.400,0.000,0.000,0.0
2009-01-13,17:21:00,0.600,0.050,243.320,2.400,0.000,0.000,0.0
2009-01-13,17:22:00,0.602,0.048,243.930,2.400,0.000,0.000,0.0
2009-01-13,17:23:00,0.604,0.000,246.520,2.400,0.000,0.000,0.0
2009-01-13,17:24:00,0.600,0.048,245.590,2.400,0.000,0.000,0.0
2009-01-13,17:25:00,0.600,0.048,245.500,2.400,0.000,0.000,0.0
2009-01-13,17:26:00,0.602,0.048,245.360,2.400,0.000,0.000,0.0
2009-01-13,17:27:00,1.256,0.062,243.690,6.000,0.000,0.000,0.0
2009-01-13,17:28:00,0.892,0.054,243.970,3.600,0.000,0.000,0.0
2009-01-13,17:29:00,0.886,0.056,243.490,3.600,0.000,0.000,0.0
2009-01-13,17:30:00,1.358,0.076,241.970,6.600,0.000,0.000,0.0
2009-01-13,17:31:00,0.882,0.056,242.680,3.600,0.000,0.000,0.0
2009-01-13,17:32:00,0.852,0.056,242.520,3.400,0.000,0.000,0.0
2009-01-13,17:33:00,0.860,0.056,242.830,3.600,0.000,0.000,0.0
2009-01-13,17:34:00,0.862,0.054,243.290,3.600,0.000,0.000,0.0
2009-01-13,17:35:00,0.870,0.052,244.490,3.600,0.000,0.000,0.0
2009-01-13,17:36:00,0.934,0.000,244.120,3.800,0.000,0.000,0.0
2009-01-13,17:37:00,0.942,0.052,244.130,3.800,0.000,0.000,0.0
2009-01-13,17:38:00,0.940,0.050,243.600,3.800,0.000,0.000,0.0
2009-01-13,17:39:00,0.942,0.052,243.980,3.800,0.000,0.000,0.0
2009-01-13,17:40:00,0.960,0.062,243.720,4.000,0.000,0.000,0.0
2009-01-13,17:41:00,1.050,0.188,243.690,4.400,0.000,0.000,0.0
2009-01-13,17:42:00,1.050,0.192,244.490,4.400,0.000,0.000,0.0
2009-01-13,17:43:00,1.046,0.190,244.150,4.200,0.000,0.000,0.0
2009-01-13,17:44:00,1.042,0.190,243.980,4.200,0.000,0.000,0.0
2009-01-13,17:45:00,1.048,0.196,245.160,4.200,0.000,0.000,0.0
2009-01-13,17:46:00,1.132,0.196,245.370,4.600,0.000,0.000,0.0
2009-01-13,17:47:00,1.334,0.186,244.060,5.400,0.000,0.000,0.0
2009-01-13,17:48:00,1.330,0.186,243.790,5.400,0.000,0.000,0.0
2009-01-13,17:49:00,1.272,0.106,242.840,5.200,0.000,0.000,0.0
2009-01-13,17:50:00,1.248,0.074,242.270,5.000,0.000,0.000,0.0
2009-01-13,17:51:00,1.250,0.076,242.740,5.200,0.000,0.000,0.0
2009-01-13,17:52:00,1.254,0.076,243.280,5.200,0.000,0.000,0.0
2009-01-13,17:53:00,1.260,0.078,244.160,5.200,0.000,0.000,0.0
2009-01-13,17:54:00,1.258,0.078,243.980,5.200,0.000,0.000,0.0
2009-01-13,17:55:00,1.254,0.076,243.680,5.000,0.000,0.000,0.0
2009-01-13,17:56:00,1.254,0.078,243.690,5.000,0.000,0.000,0.0
2009-01-13,17:57:00,1.198,0.000,244.200,4.800,0.000,0.000,0.0
2009-01-13,17:58:00,0.876,0.052,244.220,3.800,0.000,0.000,0.0
2009-01-13,17:59:00,0.730,0.052,243.310,3.000,0.000,0.000,0.0
2009-01-13,18:00:00,0.896,0.000,244.160,3.600,0.000,0.000,0.0
2009-01-13,18:01:00,1.206,0.046,243.930,5.200,0.000,0.000,0.0
2009-01-13,18:02:00,1.606,0.046,243.630,6.600,0.000,0.000,0.0
2009-01-13,18:03:00,1.304,0.000,244.020,5.200,0.000,0.000,0.0
2009-01-13,18:04:00,1.308,0.000,244.700,5.200,0.000,0.000,0.0
2009-01-13,18:05:00,1.842,0.052,244.030,7.600,0.000,0.000,0.0
2009-01-13,18:06:00,1.710,0.000,244.240,7.000,0.000,0.000,0.0
2009-01-13,18:07:00,1.616,0.000,245.240,6.600,0.000,0.000,0.0
2009-01-13,18:08:00,1.728,0.000,245.800,7.000,0.000,0.000,0.0
2009-01-13,18:09:00,1.878,0.114,245.040,7.600,0.000,0.000,0.0
2009-01-13,18:10:00,4.490,0.092,241.710,18.800,0.000,0.000,0.0
2009-01-13,18:11:00,2.818,0.100,243.550,12.800,0.000,0.000,0.0
2009-01-13,18:12:00,1.864,0.104,244.140,7.600,0.000,0.000,0.0
2009-01-13,18:13:00,1.858,0.102,243.650,7.600,0.000,0.000,0.0
2009-01-13,18:14:00,1.854,0.100,243.440,7.600,0.000,0.000,0.0
2009-01-13,18:15:00,1.858,0.100,243.930,7.600,0.000,0.000,0.0
2009-01-13,18:16:00,1.852,0.098,243.240,7.600,0.000,0.000,0.0
2009-01-13,18:17:00,1.862,0.098,243.590,7.600,0.000,0.000,0.0
2009-01-13,18:18:00,1.878,0.096,243.750,7.600,0.000,0.000,0.0
2009-01-13,18:19:00,1.858,0.098,244.200,7.600,0.000,0.000,0.0
2009-01-13,18:20:00,1.934,0.184,243.390,8.000,0.000,0.000,0.0
2009-01-13,18:21:00,1.942,0.204,244.500,8.000,0.000,0.000,0.0
2009-01-13,18:22:00,1.938,0.202,244.220,8.000,0.000,0.000,0.0
2009-01-13,18:23:00,1.958,0.202,244.630,8.000,0.000,0.000,0.0
2009-01-13,18:24:00,1.932,0.198,244.030,7.800,0.000,0.000,0.0
2009-01-13,18:25:00,1.940,0.202,244.760,7.800,0.000,0.000,0.0
2009-01-13,18:26:00,1.950,0.204,245.850,7.800,0.000,0.000,0.0
2009-01-13,18:27:00,1.946,0.204,245.570,7.800,0.000,0.000,0.0
2009-01-13,18:28:00,1.944,0.204,245.840,7.800,0.000,0.000,0.0
2009-01-13,18:29:00,1.972,0.200,245.360,8.000,0.000,0.000,0.0
2009-01-13,18:30:00,2.228,0.192,244.780,9.000,0.000,0.000,0.0
2009-01-13,18:31:00,2.434,0.224,243.350,10.000,0.000,0.000,0.0
2009-01-13,18:32:00,2.478,0.328,243.740,10.200,0.000,0.000,0.0
2009-01-13,18:33:00,2.488,0.334,243.060,10.200,0.000,0.000,0.0
2009-01-13,18:34:00,2.478,0.338,243.390,10.200,0.000,0.000,0.0
2009-01-13,18:35:00,2.490,0.346,244.330,10.200,0.000,0.000,0.0
2009-01-13,18:36:00,2.460,0.286,245.230,10.000,0.000,0.000,0.0
2009-01-13,18:37:00,2.424,0.242,244.700,9.800,0.000,0.000,0.0
2009-01-13,18:38:00,2.428,0.242,244.780,10.000,0.000,0.000,0.0
2009-01-13,18:39:00,2.446,0.240,244.940,10.000,0.000,0.000,0.0
2009-01-13,18:40:00,2.432,0.238,244.580,10.000,0.000,0.000,0.0
2009-01-13,18:41:00,2.408,0.238,244.270,9.800,0.000,0.000,0.0
2009-01-13,18:42:00,2.402,0.238,243.890,9.800,0.000,0.000,0.0
2009-01-13,18:43:00,2.394,0.234,243.320,9.800,0.000,0.000,0.0
2009-01-13,18:44:00,2.306,0.234,243.040,9.400,0.000,0.000,0.0
2009-01-13,18:45:00,2.192,0.232,242.190,9.000,0.000,0.000,0.0
2009-01-13,18:46:00,2.240,0.232,242.320,9.200,0.000,0.000,0.0
2009-01-13,18:47:00,2.206,0.144,242.120,9.200,0.000,0.000,0.0
2009-01-13,18:48:00,2.078,0.000,241.390,8.600,0.000,0.000,0.0
2009-01-13,18:49:00,2.086,0.000,241.760,8.600,0.000,0.000,0.0
2009-01-13,18:50:00,1.846,0.000,242.650,7.600,0.000,0.000,0.0
2009-01-13,18:51:00,1.748,0.000,243.160,7.200,0.000,0.000,0.0
2009-01-13,18:52:00,2.156,0.092,241.930,9.600,0.000,0.000,0.0
2009-01-13,18:53:00,1.746,0.000,243.230,7.200,0.000,0.000,0.0
2009-01-13,18:54:00,1.746,0.000,243.380,7.200,0.000,0.000,0.0
2009-01-13,18:55:00,1.730,0.000,242.620,7.200,0.000,0.000,0.0
2009-01-13,18:56:00,1.738,0.000,242.550,7.200,0.000,0.000,0.0
2009-01-13,18:57:00,1.728,0.000,242.250,7.200,0.000,0.000,0.0
2009-01-13,18:58:00,1.842,0.068,242.270,7.600,0.000,0.000,0.0
2009-01-13,18:59:00,1.896,0.086,242.040,7.800,0.000,0.000,0.0
2009-01-13,19:00:00,1.892,0.086,242.620,7.800,0.000,0.000,0.0
2009-01-13,19:01:00,1.878,0.086,241.780,7.800,0.000,0.000,0.0
2009-01-13,19:02:00,1.874,0.088,240.860,7.800,0.000,0.000,0.0
2009-01-13,19:03:00,1.770,0.072,240.660,7.400,0.000,0.000,0.0
2009-01-13,19:04:00,1.528,0.066,241.460,6.400,0.000,0.000,0.0
2009-01-13,19:05:00,1.640,0.068,242.510,6.800,0.000,0.000,0.0
2009-01-13,19:06:00,1.584,0.068,241.810,6.600,0.000,0.000,0.0
2009-01-13,19:07:00,1.428,0.066,240.960,6.000,0.000,0.000,0.0
2009-01-13,19:08:00,1.230,0.076,241.850,5.200,0.000,0.000,0.0
2009-01-13,19:09:00,1.308,0.078,242.320,5.400,0.000,0.000,0.0
2009-01-13,19:10:00,1.276,0.080,242.770,5.200,0.000,0.000,0.0
2009-01-13,19:11:00,1.270,0.080,242.430,5.200,0.000,0.000,0.0
2009-01-13,19:12:00,1.280,0.078,242.250,5.200,0.000,0.000,0.0
2009-01-13,19:13:00,1.692,0.092,242.940,7.200,0.000,0.000,0.0
2009-01-13,19:14:00,2.056,0.116,242.050,8.600,0.000,0.000,0.0
2009-01-13,19:15:00,1.504,0.078,243.470,6.200,0.000,0.000,0.0
2009-01-13,19:16:00,1.500,0.080,243.550,6.200,0.000,0.000,0.0
2009-01-13,19:17:00,1.486,0.102,242.590,6.000,0.000,0.000,0.0
2009-01-13,19:18:00,1.468,0.104,241.520,6.000,0.000,0.000,0.0
2009-01-13,19:19:00,1.452,0.082,240.860,6.000,0.000,0.000,0.0
2009-01-13,19:20:00,1.388,0.000,239.580,5.800,0.000,0.000,0.0
2009-01-13,19:21:00,1.392,0.000,240.240,5.800,0.000,0.000,0.0
2009-01-13,19:22:00,1.448,0.052,239.690,6.000,0.000,0.000,0.0
2009-01-13,19:23:00,1.502,0.128,240.240,6.200,0.000,0.000,0.0
2009-01-13,19:24:00,1.486,0.122,238.870,6.200,0.000,0.000,0.0
2009-01-13,19:25:00,1.486,0.122,239.060,6.200,0.000,0.000,0.0
2009-01-13,19:26:00,1.572,0.324,239.270,6.600,0.000,0.000,0.0
2009-01-13,19:27:00,1.550,0.232,239.760,6.600,0.000,0.000,0.0
2009-01-13,19:28:00,1.502,0.126,239.910,6.200,0.000,0.000,0.0
2009-01-13,19:29:00,1.508,0.124,239.080,6.200,0.000,0.000,0.0
2009-01-13,19:30:00,1.520,0.126,240.060,6.400,0.000,0.000,0.0
2009-01-13,19:31:00,1.674,0.126,240.760,7.000,0.000,0.000,0.0
2009-01-13,19:32:00,1.798,0.130,242.160,7.400,0.000,0.000,0.0
2009-01-13,19:33:00,1.676,0.094,242.230,6.800,0.000,0.000,0.0
2009-01-13,19:34:00,1.616,0.078,242.700,6.600,0.000,0.000,0.0
2009-01-13,19:35:00,1.606,0.076,242.000,6.600,0.000,0.000,0.0
2009-01-13,19:36:00,1.614,0.078,242.560,6.600,0.000,0.000,0.0
2009-01-13,19:37:00,1.740,0.074,242.620,7.200,0.000,0.000,0.0
2009-01-13,19:38:00,1.728,0.076,243.370,7.000,0.000,0.000,0.0
2009-01-13,19:39:00,1.638,0.000,243.650,6.600,0.000,0.000,0.0
2009-01-13,19:40:00,1.792,0.094,243.810,7.200,0.000,0.000,0.0
2009-01-13,19:41:00,1.788,0.090,243.770,7.200,0.000,0.000,0.0
2009-01-13,19:42:00,1.782,0.086,243.110,7.200,0.000,0.000,0.0
2009-01-13,19:43:00,1.768,0.084,242.000,7.200,0.000,0.000,0.0
2009-01-13,19:44:00,1.764,0.082,242.400,7.200,0.000,0.000,0.0
2009-01-13,19:45:00,1.770,0.084,243.090,7.200,0.000,0.000,0.0
2009-01-13,19:46:00,1.766,0.082,242.870,7.200,0.000,0.000,0.0
2009-01-13,19:47:00,1.762,0.080,242.480,7.200,0.000,0.000,0.0
2009-01-13,19:48:00,1.804,0.080,242.670,7.400,0.000,0.000,0.0
2009-01-13,19:49:00,1.952,0.078,243.800,8.000,0.000,0.000,0.0
2009-01-13,19:50:00,1.788,0.080,243.490,7.200,0.000,0.000,0.0
2009-01-13,19:51:00,1.798,0.104,242.510,7.400,0.000,0.000,0.0
2009-01-13,19:52:00,1.834,0.178,242.090,7.600,0.000,0.000,0.0
2009-01-13,19:53:00,1.836,0.178,242.470,7.600,0.000,0.000,0.0
2009-01-13,19:54:00,1.836,0.180,242.360,7.600,0.000,0.000,0.0
2009-01-13,19:55:00,1.840,0.180,242.650,7.600,0.000,0.000,0.0
2009-01-13,19:56:00,1.806,0.164,242.970,7.400,0.000,0.000,0.0
2009-01-13,19:57:00,1.586,0.048,243.070,6.400,0.000,0.000,0.0
2009-01-13,19:58:00,1.586,0.048,243.130,6.400,0.000,0.000,0.0
2009-01-13,19:59:00,1.588,0.048,243.430,6.400,0.000,0.000,0.0
2009-01-13,20:00:00,1.596,0.050,243.590,6.600,0.000,0.000,0.0
2009-01-13,20:01:00,1.586,0.046,242.510,6.400,0.000,0.000,0.0
2009-01-13,20:02:00,1.588,0.048,243.290,6.400,0.000,0.000,0.0
2009-01-13,20:03:00,1.592,0.050,244.210,6.400,0.000,0.000,0.0
2009-01-13,20:04:00,1.588,0.000,244.020,6.400,0.000,0.000,0.0
2009-01-13,20:05:00,1.526,0.054,244.290,6.200,0.000,0.000,0.0
2009-01-13,20:06:00,1.522,0.056,243.990,6.200,0.000,0.000,0.0
2009-01-13,20:07:00,1.558,0.054,244.520,6.400,0.000,0.000,0.0
2009-01-13,20:08:00,2.318,0.062,243.450,9.600,0.000,0.000,11.0
2009-01-13,20:09:00,2.642,0.064,242.990,10.800,0.000,0.000,19.0
2009-01-13,20:10:00,2.632,0.064,243.260,10.800,0.000,0.000,18.0
2009-01-13,20:11:00,2.626,0.064,243.300,10.800,0.000,0.000,19.0
2009-01-13,20:12:00,2.624,0.064,243.340,10.800,0.000,0.000,18.0
2009-01-13,20:13:00,2.718,0.000,243.970,11.000,0.000,0.000,18.0
2009-01-13,20:14:00,2.684,0.066,241.310,11.000,0.000,0.000,18.0
2009-01-13,20:15:00,2.676,0.066,241.160,11.000,0.000,0.000,18.0
2009-01-13,20:16:00,2.652,0.062,240.000,11.000,0.000,0.000,18.0
2009-01-13,20:17:00,2.712,0.056,238.580,11.400,0.000,0.000,17.0
2009-01-13,20:18:00,2.954,0.054,238.580,12.400,0.000,0.000,18.0
2009-01-13,20:19:00,2.984,0.056,239.290,12.400,0.000,0.000,17.0
2009-01-13,20:20:00,3.176,0.052,238.660,13.200,0.000,0.000,18.0
2009-01-13,20:21:00,3.288,0.050,238.360,13.800,0.000,0.000,17.0
2009-01-13,20:22:00,3.298,0.052,238.840,13.800,0.000,0.000,18.0
2009-01-13,20:23:00,3.424,0.052,239.940,14.200,0.000,0.000,17.0
2009-01-13,20:24:00,3.652,0.048,239.300,15.200,0.000,0.000,18.0
2009-01-13,20:25:00,3.486,0.050,239.930,14.400,0.000,0.000,18.0
2009-01-13,20:26:00,3.002,0.062,241.270,12.400,0.000,0.000,18.0
2009-01-13,20:27:00,3.132,0.058,240.610,13.000,0.000,0.000,17.0
2009-01-13,20:28:00,3.428,0.056,240.460,14.400,0.000,0.000,18.0
2009-01-13,20:29:00,3.602,0.136,241.120,15.200,0.000,0.000,18.0
2009-01-13,20:30:00,3.404,0.090,241.530,14.200,0.000,2.000,18.0
2009-01-13,20:31:00,3.218,0.060,240.070,13.600,0.000,1.000,17.0
2009-01-13,20:32:00,2.592,0.140,240.480,10.800,0.000,1.000,18.0
2009-01-13,20:33:00,2.584,0.158,240.880,10.600,0.000,2.000,18.0
2009-01-13,20:34:00,2.586,0.160,240.860,10.600,0.000,1.000,18.0
2009-01-13,20:35:00,2.598,0.162,241.590,10.600,0.000,1.000,18.0
2009-01-13,20:36:00,2.598,0.162,241.580,10.600,0.000,2.000,18.0
2009-01-13,20:37:00,2.588,0.160,241.190,10.600,0.000,1.000,17.0
2009-01-13,20:38:00,2.586,0.160,241.200,10.600,0.000,2.000,18.0
2009-01-13,20:39:00,2.584,0.160,241.090,10.600,0.000,1.000,18.0
2009-01-13,20:40:00,2.600,0.162,242.010,10.600,0.000,1.000,18.0
2009-01-13,20:41:00,2.602,0.164,242.150,10.600,0.000,2.000,18.0
2009-01-13,20:42:00,2.578,0.158,240.840,10.600,0.000,1.000,18.0
2009-01-13,20:43:00,2.608,0.160,241.480,10.800,0.000,1.000,18.0
2009-01-13,20:44:00,2.750,0.156,240.770,11.400,0.000,2.000,17.0
2009-01-13,20:45:00,2.676,0.162,242.070,11.000,0.000,1.000,18.0
2009-01-13,20:46:00,2.592,0.154,241.530,10.600,0.000,2.000,18.0
2009-01-13,20:47:00,2.518,0.054,240.970,10.400,0.000,1.000,18.0
2009-01-13,20:48:00,2.506,0.054,240.360,10.400,0.000,1.000,18.0
2009-01-13,20:49:00,2.510,0.054,240.660,10.400,0.000,2.000,18.0
2009-01-13,20:50:00,2.508,0.054,240.640,10.400,0.000,1.000,17.0
2009-01-13,20:51:00,2.510,0.056,240.830,10.400,0.000,1.000,18.0
2009-01-13,20:52:00,2.534,0.060,242.210,10.400,0.000,1.000,18.0
2009-01-13,20:53:00,2.530,0.058,242.070,10.400,0.000,2.000,18.0
2009-01-13,20:54:00,2.526,0.058,241.920,10.400,0.000,1.000,18.0
2009-01-13,20:55:00,2.542,0.060,242.730,10.400,0.000,1.000,18.0
2009-01-13,20:56:00,2.548,0.062,243.120,10.400,0.000,2.000,18.0
2009-01-13,20:57:00,2.544,0.062,242.970,10.400,0.000,1.000,18.0
2009-01-13,20:58:00,2.634,0.000,243.000,10.800,0.000,1.000,18.0
2009-01-13,20:59:00,2.690,0.000,243.200,11.000,0.000,1.000,19.0
2009-01-13,21:00:00,2.700,0.000,242.230,11.000,0.000,1.000,18.0
2009-01-13,21:01:00,2.694,0.000,242.100,11.000,0.000,2.000,17.0
2009-01-13,21:02:00,2.732,0.000,244.250,11.200,0.000,1.000,19.0
2009-01-13,21:03:00,2.758,0.000,244.480,11.200,0.000,1.000,18.0
2009-01-13,21:04:00,2.894,0.138,243.710,11.800,0.000,1.000,18.0
2009-01-13,21:05:00,2.896,0.166,242.710,11.800,0.000,1.000,18.0
2009-01-13,21:06:00,2.966,0.346,241.780,12.200,0.000,2.000,18.0
2009-01-13,21:07:00,2.996,0.342,242.010,12.400,0.000,1.000,18.0
2009-01-13,21:08:00,2.956,0.344,242.310,12.200,0.000,1.000,18.0
2009-01-13,21:09:00,2.884,0.354,241.980,12.000,0.000,1.000,18.0
2009-01-13,21:10:00,2.796,0.178,242.180,11.400,0.000,1.000,18.0
2009-01-13,21:11:00,2.822,0.162,242.730,11.600,0.000,2.000,18.0
2009-01-13,21:12:00,2.828,0.162,243.200,11.600,0.000,1.000,18.0
2009-01-13,21:13:00,2.832,0.164,243.510,11.600,0.000,1.000,19.0
2009-01-13,21:14:00,2.808,0.160,242.410,11.600,0.000,1.000,18.0
2009-01-13,21:15:00,2.774,0.152,240.660,11.400,0.000,1.000,17.0
2009-01-13,21:16:00,2.762,0.150,240.090,11.400,0.000,1.000,18.0
2009-01-13,21:17:00,2.758,0.148,239.820,11.400,0.000,2.000,18.0
2009-01-13,21:18:00,2.754,0.148,239.720,11.400,0.000,1.000,17.0
2009-01-13,21:19:00,2.992,0.232,239.740,12.400,0.000,1.000,18.0
2009-01-13,21:20:00,2.746,0.180,240.510,11.400,0.000,1.000,18.0
2009-01-13,21:21:00,2.728,0.122,240.450,11.200,0.000,1.000,17.0
2009-01-13,21:22:00,2.874,0.094,240.500,12.000,0.000,1.000,18.0
2009-01-13,21:23:00,2.758,0.000,240.470,11.400,0.000,0.000,18.0
2009-01-13,21:24:00,2.750,0.000,240.410,11.400,0.000,0.000,18.0
2009-01-13,21:25:00,2.700,0.000,241.090,11.200,0.000,0.000,18.0
2009-01-13,21:26:00,2.810,0.000,241.470,11.600,0.000,0.000,17.0
2009-01-13,21:27:00,2.942,0.000,240.700,12.200,0.000,0.000,18.0
2009-01-13,21:28:00,2.928,0.000,240.020,12.200,0.000,0.000,18.0
2009-01-13,21:29:00,2.880,0.000,240.430,12.000,0.000,0.000,18.0
2009-01-13,21:30:00,2.818,0.000,240.540,11.600,0.000,0.000,17.0
2009-01-13,21:31:00,2.850,0.000,240.940,11.800,0.000,0.000,18.0
2009-01-13,21:32:00,2.708,0.000,241.210,11.200,0.000,0.000,18.0
2009-01-13,21:33:00,2.618,0.070,241.300,10.800,0.000,0.000,18.0
2009-01-13,21:34:00,2.570,0.102,239.540,10.600,0.000,0.000,18.0
2009-01-13,21:35:00,2.560,0.102,238.880,10.600,0.000,0.000,17.0
2009-01-13,21:36:00,2.572,0.102,239.590,10.600,0.000,0.000,18.0
2009-01-13,21:37:00,2.594,0.100,240.420,10.800,0.000,0.000,17.0
2009-01-13,21:38:00,2.592,0.100,240.260,10.800,0.000,0.000,18.0
2009-01-13,21:39:00,2.600,0.100,240.640,10.800,0.000,0.000,18.0
2009-01-13,21:40:00,2.602,0.102,240.810,10.800,0.000,0.000,18.0
2009-01-13,21:41:00,2.576,0.104,239.750,10.600,0.000,0.000,17.0
2009-01-13,21:42:00,2.580,0.104,239.900,10.600,0.000,0.000,18.0
2009-01-13,21:43:00,2.594,0.102,240.700,10.800,0.000,0.000,18.0
2009-01-13,21:44:00,2.592,0.102,240.610,10.800,0.000,0.000,18.0
2009-01-13,21:45:00,2.550,0.104,238.300,10.600,0.000,0.000,17.0
2009-01-13,21:46:00,2.556,0.104,238.620,10.600,0.000,0.000,17.0
2009-01-13,21:47:00,2.584,0.102,240.170,10.800,0.000,0.000,18.0
2009-01-13,21:48:00,2.596,0.102,240.830,10.800,0.000,0.000,18.0
2009-01-13,21:49:00,2.580,0.102,240.000,10.600,0.000,0.000,18.0
2009-01-13,21:50:00,2.580,0.102,239.910,10.600,0.000,0.000,17.0
2009-01-13,21:51:00,2.592,0.102,240.540,10.800,0.000,0.000,18.0
2009-01-13,21:52:00,2.588,0.102,240.340,10.800,0.000,0.000,18.0
2009-01-13,21:53:00,2.574,0.104,239.610,10.600,0.000,0.000,17.0
2009-01-13,21:54:00,2.676,0.000,239.830,11.200,0.000,0.000,18.0
2009-01-13,21:55:00,2.692,0.000,240.060,11.200,0.000,0.000,18.0
2009-01-13,21:56:00,2.692,0.000,240.200,11.200,0.000,0.000,17.0
2009-01-13,21:57:00,2.686,0.000,239.980,11.200,0.000,0.000,18.0
2009-01-13,21:58:00,2.706,0.000,241.150,11.200,0.000,0.000,18.0
2009-01-13,21:59:00,2.704,0.000,241.130,11.200,0.000,0.000,18.0
2009-01-13,22:00:00,2.702,0.000,241.090,11.200,0.000,0.000,18.0
2009-01-13,22:01:00,2.704,0.000,241.220,11.200,0.000,0.000,17.0
2009-01-13,22:02:00,2.708,0.000,241.470,11.200,0.000,0.000,18.0
2009-01-13,22:03:00,2.706,0.000,241.490,11.200,0.000,0.000,18.0
2009-01-13,22:04:00,2.698,0.000,241.080,11.200,0.000,0.000,18.0
2009-01-13,22:05:00,2.718,0.000,241.190,11.200,0.000,0.000,18.0
2009-01-13,22:06:00,2.774,0.140,241.450,11.400,0.000,0.000,18.0
2009-01-13,22:07:00,2.778,0.140,241.790,11.400,0.000,0.000,18.0
2009-01-13,22:08:00,2.776,0.142,241.940,11.400,0.000,0.000,18.0
2009-01-13,22:09:00,2.640,0.142,241.860,10.800,0.000,0.000,18.0
2009-01-13,22:10:00,2.474,0.134,241.720,10.200,0.000,0.000,18.0
2009-01-13,22:11:00,2.316,0.000,242.480,9.400,0.000,0.000,18.0
2009-01-13,22:12:00,2.306,0.000,241.970,9.400,0.000,0.000,18.0
2009-01-13,22:13:00,2.328,0.000,242.600,9.600,0.000,0.000,18.0
2009-01-13,22:14:00,2.320,0.000,242.300,9.600,0.000,0.000,18.0
2009-01-13,22:15:00,2.310,0.000,241.800,9.400,0.000,0.000,18.0
2009-01-13,22:16:00,2.612,0.000,242.690,10.800,0.000,0.000,18.0
2009-01-13,22:17:00,2.880,0.056,243.750,11.800,0.000,0.000,18.0
2009-01-13,22:18:00,2.886,0.058,244.320,11.800,0.000,0.000,18.0
2009-01-13,22:19:00,2.958,0.056,243.520,12.000,0.000,0.000,18.0
2009-01-13,22:20:00,2.974,0.046,243.100,12.200,0.000,0.000,18.0
2009-01-13,22:21:00,2.960,0.052,242.610,12.200,0.000,0.000,18.0
2009-01-13,22:22:00,2.976,0.050,243.180,12.200,0.000,0.000,19.0
2009-01-13,22:23:00,2.968,0.052,242.640,12.200,0.000,0.000,18.0
2009-01-13,22:24:00,2.952,0.054,241.910,12.200,0.000,0.000,18.0
2009-01-13,22:25:00,2.956,0.054,242.180,12.200,0.000,0.000,18.0
2009-01-13,22:26:00,2.958,0.052,242.450,12.200,0.000,0.000,18.0
2009-01-13,22:27:00,2.964,0.050,242.730,12.200,0.000,0.000,18.0
2009-01-13,22:28:00,2.948,0.052,241.970,12.200,0.000,0.000,18.0
2009-01-13,22:29:00,2.966,0.050,242.880,12.200,0.000,0.000,18.0
2009-01-13,22:30:00,2.966,0.050,242.880,12.200,0.000,0.000,18.0
2009-01-13,22:31:00,2.962,0.050,242.690,12.200,0.000,0.000,18.0
2009-01-13,22:32:00,2.974,0.052,243.210,12.200,0.000,0.000,18.0
2009-01-13,22:33:00,2.946,0.000,243.540,12.000,0.000,0.000,18.0
2009-01-13,22:34:00,2.942,0.000,243.670,12.000,0.000,0.000,18.0
2009-01-13,22:35:00,2.958,0.000,244.630,12.000,0.000,0.000,19.0
2009-01-13,22:36:00,2.974,0.000,245.260,12.000,0.000,0.000,18.0
2009-01-13,22:37:00,2.968,0.000,245.270,12.000,0.000,0.000,19.0
2009-01-13,22:38:00,2.952,0.000,245.210,12.000,0.000,0.000,18.0
2009-01-13,22:39:00,2.954,0.000,245.340,12.000,0.000,0.000,19.0
2009-01-13,22:40:00,2.948,0.000,245.050,12.000,0.000,0.000,18.0
2009-01-13,22:41:00,2.912,0.000,245.490,11.800,0.000,0.000,18.0
2009-01-13,22:42:00,2.904,0.000,245.840,11.800,0.000,0.000,19.0
2009-01-13,22:43:00,2.940,0.000,245.560,12.000,0.000,0.000,18.0
2009-01-13,22:44:00,3.016,0.000,245.710,12.200,0.000,0.000,19.0
2009-01-13,22:45:00,3.250,0.124,245.340,13.200,0.000,0.000,18.0
2009-01-13,22:46:00,2.874,0.132,245.660,11.800,0.000,0.000,19.0
2009-01-13,22:47:00,2.354,0.158,246.840,9.600,0.000,0.000,19.0
2009-01-13,22:48:00,2.368,0.166,247.360,9.600,0.000,0.000,18.0
2009-01-13,22:49:00,2.362,0.164,247.200,9.600,0.000,0.000,19.0
2009-01-13,22:50:00,2.278,0.162,246.620,9.200,0.000,0.000,19.0
2009-01-13,22:51:00,2.186,0.164,247.110,8.800,0.000,0.000,18.0
2009-01-13,22:52:00,2.290,0.158,246.160,9.200,0.000,0.000,19.0
2009-01-13,22:53:00,2.386,0.240,246.090,9.800,0.000,0.000,19.0
2009-01-13,22:54:00,1.814,0.224,245.920,7.400,0.000,0.000,18.0
2009-01-13,22:55:00,1.940,0.224,246.050,7.800,0.000,0.000,19.0
2009-01-13,22:56:00,1.948,0.222,245.720,8.000,0.000,0.000,18.0
2009-01-13,22:57:00,1.906,0.226,246.660,7.800,0.000,0.000,19.0
2009-01-13,22:58:00,1.836,0.228,246.980,7.400,0.000,0.000,18.0
2009-01-13,22:59:00,1.836,0.230,247.170,7.400,0.000,0.000,19.0
2009-01-13,23:00:00,1.820,0.224,246.140,7.400,0.000,0.000,19.0
2009-01-13,23:01:00,1.738,0.112,245.500,7.000,0.000,0.000,18.0
2009-01-13,23:02:00,1.718,0.080,245.800,7.000,0.000,0.000,19.0
2009-01-13,23:03:00,1.722,0.080,246.210,7.000,0.000,0.000,18.0
2009-01-13,23:04:00,1.734,0.082,246.650,7.000,0.000,0.000,19.0
2009-01-13,23:05:00,1.734,0.084,246.830,7.000,0.000,0.000,19.0
2009-01-13,23:06:00,1.692,0.000,247.140,6.800,0.000,0.000,18.0
2009-01-13,23:07:00,1.672,0.000,247.410,6.600,0.000,0.000,19.0
2009-01-13,23:08:00,1.666,0.000,246.970,6.600,0.000,0.000,19.0
2009-01-13,23:09:00,1.670,0.000,247.120,6.600,0.000,0.000,18.0
2009-01-13,23:10:00,1.672,0.000,247.410,6.600,0.000,0.000,19.0
2009-01-13,23:11:00,1.664,0.000,246.810,6.600,0.000,0.000,19.0
2009-01-13,23:12:00,1.666,0.000,246.790,6.600,0.000,0.000,19.0
2009-01-13,23:13:00,1.678,0.000,247.800,6.800,0.000,0.000,18.0
2009-01-13,23:14:00,1.676,0.000,247.640,6.600,0.000,0.000,19.0
2009-01-13,23:15:00,1.678,0.000,247.760,6.800,0.000,0.000,19.0
2009-01-13,23:16:00,1.648,0.000,245.470,6.600,0.000,0.000,18.0
2009-01-13,23:17:00,1.636,0.000,244.530,6.600,0.000,0.000,19.0
2009-01-13,23:18:00,1.642,0.000,244.900,6.600,0.000,0.000,18.0
2009-01-13,23:19:00,1.640,0.000,244.700,6.600,0.000,0.000,19.0
2009-01-13,23:20:00,1.650,0.000,245.570,6.600,0.000,0.000,18.0
2009-01-13,23:21:00,1.652,0.000,245.780,6.600,0.000,0.000,18.0
2009-01-13,23:22:00,1.588,0.000,245.670,6.400,0.000,0.000,19.0
2009-01-13,23:23:00,1.450,0.052,246.050,5.800,0.000,0.000,19.0
2009-01-13,23:24:00,1.448,0.052,245.840,5.800,0.000,0.000,18.0
2009-01-13,23:25:00,1.448,0.052,245.850,5.800,0.000,0.000,19.0
2009-01-13,23:26:00,1.450,0.052,245.990,5.800,0.000,0.000,18.0
2009-01-13,23:27:00,1.452,0.052,246.210,5.800,0.000,0.000,19.0
2009-01-13,23:28:00,1.454,0.050,246.460,5.800,0.000,0.000,18.0
2009-01-13,23:29:00,1.458,0.050,246.660,5.800,0.000,0.000,19.0
2009-01-13,23:30:00,1.450,0.052,246.070,5.800,0.000,0.000,19.0
2009-01-13,23:31:00,1.446,0.054,245.610,5.800,0.000,0.000,18.0
2009-01-13,23:32:00,1.448,0.052,245.860,5.800,0.000,0.000,19.0
2009-01-13,23:33:00,1.448,0.052,245.860,5.800,0.000,0.000,18.0
2009-01-13,23:34:00,1.450,0.052,246.010,5.800,0.000,0.000,19.0
2009-01-13,23:35:00,1.502,0.000,246.930,6.000,0.000,0.000,18.0
2009-01-13,23:36:00,1.576,0.092,247.210,6.400,0.000,0.000,19.0
2009-01-13,23:37:00,1.578,0.094,247.670,6.400,0.000,0.000,19.0
2009-01-13,23:38:00,1.582,0.096,248.080,6.400,0.000,0.000,19.0
2009-01-13,23:39:00,1.580,0.098,248.140,6.400,0.000,0.000,19.0
2009-01-13,23:40:00,1.618,0.134,247.580,6.600,0.000,0.000,18.0
2009-01-13,23:41:00,1.648,0.204,247.490,6.600,0.000,0.000,19.0
2009-01-13,23:42:00,1.648,0.204,247.490,6.600,0.000,0.000,19.0
2009-01-13,23:43:00,1.652,0.206,247.890,6.600,0.000,0.000,19.0
2009-01-13,23:44:00,1.636,0.204,247.210,6.600,0.000,0.000,18.0
2009-01-13,23:45:00,1.582,0.204,247.070,6.400,0.000,0.000,19.0
2009-01-13,23:46:00,1.546,0.206,247.430,6.200,0.000,0.000,19.0
2009-01-13,23:47:00,1.546,0.206,247.590,6.200,0.000,0.000,19.0
2009-01-13,23:48:00,1.538,0.204,247.060,6.200,0.000,0.000,18.0
2009-01-13,23:49:00,1.534,0.202,246.900,6.200,0.000,0.000,19.0
2009-01-13,23:50:00,1.532,0.202,246.770,6.200,0.000,0.000,19.0
2009-01-13,23:51:00,1.530,0.202,246.770,6.200,0.000,0.000,18.0
2009-01-13,23:52:00,1.430,0.058,246.340,5.800,0.000,0.000,19.0
2009-01-13,23:53:00,1.368,0.000,246.700,5.400,0.000,0.000,19.0
2009-01-13,23:54:00,1.362,0.048,246.400,5.400,0.000,0.000,18.0
2009-01-13,23:55:00,1.366,0.046,246.800,5.400,0.000,0.000,19.0
2009-01-13,23:56:00,1.370,0.046,247.170,5.400,0.000,0.000,19.0
2009-01-13,23:57:00,1.368,0.046,247.070,5.400,0.000,0.000,18.0
2009-01-13,23:58:00,1.376,0.000,247.750,5.400,0.000,0.000,19.0
2009-01-13,23:59:00,1.374,0.000,247.610,5.400,0.000,0.000,19.0
