Date,Time,Global_active_power,Global_reactive_power,Voltage,Global_intensity,Sub_metering_1,Sub_metering_2,Sub_metering_3
2009-01-20,00:00:00,0.450,0.190,247.040,2.000,0.000,0.000,0.0
2009-01-20,00:01:00,0.446,0.188,246.620,2.000,0.000,0.000,0.0
2009-01-20,00:02:00,0.442,0.188,246.330,2.000,0.000,0.000,0.0
2009-01-20,00:03:00,0.440,0.186,246.050,2.000,0.000,0.000,0.0
2009-01-20,00:04:00,0.432,0.190,246.750,1.800,0.000,0.000,0.0
2009-01-20,00:05:00,0.410,0.192,246.560,1.800,0.000,0.000,0.0
2009-01-20,00:06:00,0.418,0.190,246.170,1.800,0.000,0.000,0.0
2009-01-20,00:07:00,0.408,0.190,245.780,1.800,0.000,0.000,0.0
2009-01-20,00:08:00,0.408,0.192,246.240,1.800,0.000,0.000,0.0
2009-01-20,00:09:00,0.406,0.190,245.920,1.800,0.000,0.000,0.0
2009-01-20,00:10:00,0.376,0.146,246.680,1.600,0.000,0.000,0.0
2009-01-20,00:11:00,0.336,0.084,246.000,1.400,0.000,0.000,0.0
2009-01-20,00:12:00,0.302,0.000,246.150,1.200,0.000,0.000,0.0
2009-01-20,00:13:00,0.240,0.056,245.830,1.000,0.000,0.000,0.0
2009-01-20,00:14:00,0.240,0.056,246.300,1.000,0.000,0.000,0.0
2009-01-20,00:15:00,0.242,0.054,247.090,1.000,0.000,0.000,0.0
2009-01-20,00:16:00,0.242,0.056,246.990,1.000,0.000,0.000,0.0
2009-01-20,00:17:00,0.240,0.056,246.720,1.000,0.000,0.000,0.0
2009-01-20,00:18:00,0.240,0.056,246.850,1.000,0.000,0.000,0.0
2009-01-20,00:19:00,0.242,0.056,247.120,1.000,0.000,0.000,0.0
2009-01-20,00:20:00,0.242,0.056,247.710,1.000,0.000,0.000,0.0
2009-01-20,00:21:00,0.242,0.056,247.400,1.000,0.000,0.000,0.0
2009-01-20,00:22:00,0.240,0.056,246.780,1.000,0.000,0.000,0.0
2009-01-20,00:23:00,0.242,0.056,246.900,1.000,0.000,0.000,0.0
2009-01-20,00:24:00,0.242,0.056,247.220,1.000,0.000,0.000,0.0
2009-01-20,00:25:00,0.242,0.056,246.990,1.000,0.000,0.000,0.0
2009-01-20,00:26:00,0.240,0.056,246.830,1.000,0.000,0.000,0.0
2009-01-20,00:27:00,0.240,0.056,246.510,1.000,0.000,0.000,0.0
2009-01-20,00:28:00,0.238,0.056,246.550,1.000,0.000,0.000,0.0
2009-01-20,00:29:00,0.238,0.056,246.310,1.000,0.000,0.000,0.0
2009-01-20,00:30:00,0.236,0.058,246.150,1.000,0.000,0.000,0.0
2009-01-20,00:31:00,0.236,0.058,246.200,1.000,0.000,0.000,0.0
2009-01-20,00:32:00,0.236,0.056,247.230,1.000,0.000,0.000,0.0
2009-01-20,00:33:00,0.236,0.056,247.050,1.000,0.000,0.000,0.0
2009-01-20,00:34:00,0.234,0.056,247.260,1.000,0.000,0.000,0.0
2009-01-20,00:35:00,0.234,0.056,247.460,1.000,0.000,0.000,0.0
2009-01-20,00:36:00,0.234,0.056,247.530,1.000,0.000,0.000,0.0
2009-01-20,00:37:00,0.234,0.056,247.460,1.000,0.000,0.000,0.0
2009-01-20,00:38:00,0.234,0.056,247.690,1.000,0.000,0.000,0.0
2009-01-20,00:39:00,0.232,0.056,247.530,1.000,0.000,0.000,0.0
2009-01-20,00:40:00,0.232,0.056,247.100,1.000,0.000,0.000,0.0
2009-01-20,00:41:00,0.232,0.054,247.920,1.000,0.000,0.000,0.0
2009-01-20,00:42:00,0.232,0.054,247.930,1.000,0.000,0.000,0.0
2009-01-20,00:43:00,0.230,0.056,247.150,1.000,0.000,0.000,0.0
2009-01-20,00:44:00,0.230,0.056,247.320,1.000,0.000,0.000,0.0
2009-01-20,00:45:00,0.230,0.056,247.490,1.000,0.000,0.000,0.0
2009-01-20,00:46:00,0.228,0.056,247.370,1.000,0.000,0.000,0.0
2009-01-20,00:47:00,0.346,0.076,247.350,1.400,0.000,0.000,0.0
2009-01-20,00:48:00,0.342,0.086,247.440,1.400,0.000,0.000,0.0
2009-01-20,00:49:00,0.340,0.088,248.000,1.400,0.000,0.000,0.0
2009-01-20,00:50:00,0.432,0.196,247.460,2.000,0.000,0.000,0.0
2009-01-20,00:51:00,0.414,0.196,247.460,1.800,0.000,0.000,0.0
2009-01-20,00:52:00,0.412,0.196,247.460,1.800,0.000,0.000,0.0
2009-01-20,00:53:00,0.410,0.196,247.650,1.800,0.000,0.000,0.0
2009-01-20,00:54:00,0.408,0.196,247.670,1.800,0.000,0.000,0.0
2009-01-20,00:55:00,0.406,0.198,247.870,1.800,0.000,0.000,0.0
2009-01-20,00:56:00,0.402,0.198,247.930,1.800,0.000,0.000,0.0
2009-01-20,00:57:00,0.398,0.198,247.370,1.800,0.000,0.000,0.0
2009-01-20,00:58:00,0.398,0.196,247.350,1.800,0.000,0.000,0.0
2009-01-20,00:59:00,0.396,0.198,247.490,1.800,0.000,0.000,0.0
2009-01-20,01:00:00,0.394,0.194,247.110,1.800,0.000,0.000,0.0
2009-01-20,01:01:00,0.392,0.192,246.450,1.800,0.000,0.000,0.0
2009-01-20,01:02:00,0.344,0.118,245.990,1.400,0.000,0.000,0.0
2009-01-20,01:03:00,0.318,0.082,245.690,1.400,0.000,0.000,0.0
2009-01-20,01:04:00,0.250,0.000,246.140,1.000,0.000,0.000,0.0
2009-01-20,01:05:00,0.224,0.056,247.090,1.000,0.000,0.000,0.0
2009-01-20,01:06:00,0.224,0.054,247.930,1.000,0.000,0.000,0.0
2009-01-20,01:07:00,0.224,0.054,248.020,1.000,0.000,0.000,0.0
2009-01-20,01:08:00,0.224,0.054,248.180,1.000,0.000,0.000,0.0
2009-01-20,01:09:00,0.222,0.056,247.030,1.000,0.000,0.000,0.0
2009-01-20,01:10:00,0.222,0.056,247.050,1.000,0.000,0.000,0.0
2009-01-20,01:11:00,0.224,0.054,248.450,1.000,0.000,0.000,0.0
2009-01-20,01:12:00,0.224,0.054,248.520,1.000,0.000,0.000,0.0
2009-01-20,01:13:00,0.224,0.054,247.780,1.000,0.000,0.000,0.0
2009-01-20,01:14:00,0.224,0.054,248.060,1.000,0.000,0.000,0.0
2009-01-20,01:15:00,0.224,0.054,248.610,1.000,0.000,0.000,0.0
2009-01-20,01:16:00,0.222,0.056,246.920,1.000,0.000,0.000,0.0
2009-01-20,01:17:00,0.220,0.058,246.120,1.000,0.000,0.000,0.0
2009-01-20,01:18:00,0.220,0.058,246.030,1.000,0.000,0.000,0.0
2009-01-20,01:19:00,0.220,0.058,245.770,1.000,0.000,0.000,0.0
2009-01-20,01:20:00,0.216,0.058,246.270,0.800,0.000,0.000,0.0
2009-01-20,01:21:00,0.216,0.060,245.410,0.800,0.000,0.000,0.0
2009-01-20,01:22:00,0.216,0.058,246.490,0.800,0.000,0.000,0.0
2009-01-20,01:23:00,0.218,0.058,246.590,0.800,0.000,0.000,0.0
2009-01-20,01:24:00,0.214,0.060,245.000,0.800,0.000,0.000,0.0
2009-01-20,01:25:00,0.214,0.060,244.850,0.800,0.000,0.000,0.0
2009-01-20,01:26:00,0.214,0.062,244.550,0.800,0.000,0.000,0.0
2009-01-20,01:27:00,0.214,0.062,244.680,0.800,0.000,0.000,0.0
2009-01-20,01:28:00,0.216,0.060,245.380,0.800,0.000,0.000,0.0
2009-01-20,01:29:00,0.216,0.060,245.620,0.800,0.000,0.000,0.0
2009-01-20,01:30:00,0.216,0.060,245.270,0.800,0.000,0.000,0.0
2009-01-20,01:31:00,0.216,0.060,245.490,0.800,0.000,0.000,0.0
2009-01-20,01:32:00,0.216,0.060,245.450,0.800,0.000,0.000,0.0
2009-01-20,01:33:00,0.214,0.060,244.730,0.800,0.000,0.000,0.0
2009-01-20,01:34:00,0.214,0.060,244.840,0.800,0.000,0.000,0.0
2009-01-20,01:35:00,0.214,0.060,244.740,0.800,0.000,0.000,0.0
2009-01-20,01:36:00,0.214,0.060,244.420,0.800,0.000,0.000,0.0
2009-01-20,01:37:00,0.214,0.060,244.200,0.800,0.000,0.000,0.0
2009-01-20,01:38:00,0.214,0.060,244.820,0.800,0.000,0.000,0.0
2009-01-20,01:39:00,0.304,0.000,245.020,1.400,0.000,0.000,0.0
2009-01-20,01:40:00,0.326,0.074,243.490,1.400,0.000,0.000,0.0
2009-01-20,01:41:00,0.334,0.070,242.520,1.400,0.000,0.000,0.0
2009-01-20,01:42:00,0.378,0.070,242.430,1.600,0.000,0.000,0.0
2009-01-20,01:43:00,0.372,0.122,242.240,1.800,0.000,0.000,0.0
2009-01-20,01:44:00,0.394,0.174,242.350,1.800,0.000,0.000,0.0
2009-01-20,01:45:00,0.392,0.176,242.570,1.800,0.000,0.000,0.0
2009-01-20,01:46:00,0.392,0.178,243.320,1.800,0.000,0.000,0.0
2009-01-20,01:47:00,0.390,0.178,242.970,1.800,0.000,0.000,0.0
2009-01-20,01:48:00,0.388,0.176,242.690,1.600,0.000,0.000,0.0
2009-01-20,01:49:00,0.382,0.172,241.710,1.600,0.000,0.000,0.0
2009-01-20,01:50:00,0.380,0.172,241.540,1.600,0.000,0.000,0.0
2009-01-20,01:51:00,0.378,0.172,241.110,1.600,0.000,0.000,0.0
2009-01-20,01:52:00,0.474,0.298,240.870,2.400,0.000,0.000,0.0
2009-01-20,01:53:00,0.462,0.298,241.760,2.200,0.000,2.000,0.0
2009-01-20,01:54:00,0.456,0.296,241.420,2.200,0.000,1.000,0.0
2009-01-20,01:55:00,0.420,0.242,241.760,2.000,0.000,2.000,0.0
2009-01-20,01:56:00,0.328,0.110,244.370,1.400,0.000,1.000,0.0
2009-01-20,01:57:00,0.302,0.070,246.160,1.200,0.000,1.000,0.0
2009-01-20,01:58:00,0.304,0.072,246.540,1.200,0.000,2.000,0.0
2009-01-20,01:59:00,0.304,0.072,246.900,1.200,0.000,1.000,0.0
2009-01-20,02:00:00,0.304,0.070,246.420,1.200,0.000,2.000,0.0
2009-01-20,02:01:00,0.302,0.068,245.940,1.200,0.000,1.000,0.0
2009-01-20,02:02:00,0.302,0.068,245.740,1.200,0.000,2.000,0.0
2009-01-20,02:03:00,0.302,0.068,245.840,1.200,0.000,1.000,0.0
2009-01-20,02:04:00,0.300,0.068,245.600,1.200,0.000,1.000,0.0
2009-01-20,02:05:00,0.300,0.066,245.320,1.200,0.000,2.000,0.0
2009-01-20,02:06:00,0.300,0.068,245.790,1.200,0.000,1.000,0.0
2009-01-20,02:07:00,0.300,0.068,246.070,1.200,0.000,2.000,0.0
2009-01-20,02:08:00,0.298,0.068,246.130,1.200,0.000,1.000,0.0
2009-01-20,02:09:00,0.296,0.068,245.950,1.200,0.000,1.000,0.0
2009-01-20,02:10:00,0.296,0.068,246.080,1.200,0.000,1.000,0.0
2009-01-20,02:11:00,0.296,0.070,246.940,1.200,0.000,2.000,0.0
2009-01-20,02:12:00,0.298,0.072,247.640,1.200,0.000,1.000,0.0
2009-01-20,02:13:00,0.296,0.072,247.590,1.200,0.000,1.000,0.0
2009-01-20,02:14:00,0.296,0.070,247.050,1.200,0.000,2.000,0.0
2009-01-20,02:15:00,0.290,0.062,247.210,1.200,0.000,1.000,0.0
2009-01-20,02:16:00,0.218,0.056,247.010,1.000,0.000,0.000,0.0
2009-01-20,02:17:00,0.218,0.056,246.960,1.000,0.000,0.000,0.0
2009-01-20,02:18:00,0.218,0.056,247.020,1.000,0.000,0.000,0.0
2009-01-20,02:19:00,0.218,0.058,246.470,0.800,0.000,0.000,0.0
2009-01-20,02:20:00,0.216,0.058,246.200,0.800,0.000,0.000,0.0
2009-01-20,02:21:00,0.218,0.058,246.380,0.800,0.000,0.000,0.0
2009-01-20,02:22:00,0.218,0.056,247.160,1.000,0.000,0.000,0.0
2009-01-20,02:23:00,0.218,0.056,247.090,1.000,0.000,0.000,0.0
2009-01-20,02:24:00,0.218,0.056,246.930,0.800,0.000,0.000,0.0
2009-01-20,02:25:00,0.218,0.056,247.100,1.000,0.000,0.000,0.0
2009-01-20,02:26:00,0.218,0.056,247.060,0.800,0.000,0.000,0.0
2009-01-20,02:27:00,0.216,0.058,246.350,0.800,0.000,0.000,0.0
2009-01-20,02:28:00,0.216,0.058,246.000,0.800,0.000,0.000,0.0
2009-01-20,02:29:00,0.216,0.058,246.210,0.800,0.000,0.000,0.0
2009-01-20,02:30:00,0.218,0.056,246.850,0.800,0.000,0.000,0.0
2009-01-20,02:31:00,0.218,0.056,247.430,1.000,0.000,0.000,0.0
2009-01-20,02:32:00,0.338,0.078,247.140,1.400,0.000,0.000,0.0
2009-01-20,02:33:00,0.332,0.086,247.460,1.400,0.000,0.000,0.0
2009-01-20,02:34:00,0.328,0.086,246.980,1.400,0.000,0.000,0.0
2009-01-20,02:35:00,0.328,0.086,246.910,1.400,0.000,0.000,0.0
2009-01-20,02:36:00,0.328,0.086,247.460,1.400,0.000,0.000,0.0
2009-01-20,02:37:00,0.396,0.162,247.280,1.800,0.000,0.000,0.0
2009-01-20,02:38:00,0.402,0.198,247.590,1.800,0.000,0.000,0.0
2009-01-20,02:39:00,0.402,0.198,247.700,1.800,0.000,0.000,0.0
2009-01-20,02:40:00,0.398,0.194,246.800,1.800,0.000,0.000,0.0
2009-01-20,02:41:00,0.398,0.194,246.730,1.800,0.000,0.000,0.0
2009-01-20,02:42:00,0.396,0.194,247.040,1.800,0.000,0.000,0.0
2009-01-20,02:43:00,0.392,0.194,246.910,1.800,0.000,0.000,0.0
2009-01-20,02:44:00,0.390,0.192,246.260,1.800,0.000,0.000,0.0
2009-01-20,02:45:00,0.388,0.190,245.950,1.800,0.000,0.000,0.0
2009-01-20,02:46:00,0.384,0.186,244.880,1.600,0.000,0.000,0.0
2009-01-20,02:47:00,0.382,0.184,244.420,1.600,0.000,0.000,0.0
2009-01-20,02:48:00,0.348,0.134,244.800,1.600,0.000,0.000,0.0
2009-01-20,02:49:00,0.216,0.060,245.040,0.800,0.000,0.000,0.0
2009-01-20,02:50:00,0.216,0.058,246.050,0.800,0.000,0.000,0.0
2009-01-20,02:51:00,0.218,0.056,246.760,0.800,0.000,0.000,0.0
2009-01-20,02:52:00,0.218,0.056,247.490,0.800,0.000,0.000,0.0
2009-01-20,02:53:00,0.220,0.056,247.600,0.800,0.000,0.000,0.0
2009-01-20,02:54:00,0.220,0.056,247.910,1.000,0.000,0.000,0.0
2009-01-20,02:55:00,0.220,0.054,248.120,1.000,0.000,0.000,0.0
2009-01-20,02:56:00,0.220,0.054,248.610,1.000,0.000,0.000,0.0
2009-01-20,02:57:00,0.220,0.054,248.150,1.000,0.000,0.000,0.0
2009-01-20,02:58:00,0.220,0.056,247.740,1.000,0.000,0.000,0.0
2009-01-20,02:59:00,0.218,0.056,247.190,1.000,0.000,0.000,0.0
2009-01-20,03:00:00,0.218,0.058,246.590,1.000,0.000,0.000,0.0
2009-01-20,03:01:00,0.218,0.058,246.220,0.800,0.000,0.000,0.0
2009-01-20,03:02:00,0.218,0.058,246.450,0.800,0.000,0.000,0.0
2009-01-20,03:03:00,0.218,0.058,246.300,0.800,0.000,0.000,0.0
2009-01-20,03:04:00,0.218,0.056,246.830,0.800,0.000,0.000,0.0
2009-01-20,03:05:00,0.218,0.058,246.570,0.800,0.000,0.000,0.0
2009-01-20,03:06:00,0.218,0.058,246.650,0.800,0.000,0.000,0.0
2009-01-20,03:07:00,0.218,0.058,246.790,0.800,0.000,0.000,0.0
2009-01-20,03:08:00,0.218,0.056,247.390,0.800,0.000,0.000,0.0
2009-01-20,03:09:00,0.220,0.054,248.300,0.800,0.000,0.000,0.0
2009-01-20,03:10:00,0.220,0.054,248.780,1.000,0.000,0.000,0.0
2009-01-20,03:11:00,0.220,0.054,248.220,1.000,0.000,0.000,0.0
2009-01-20,03:12:00,0.218,0.056,247.630,1.000,0.000,0.000,0.0
2009-01-20,03:13:00,0.218,0.056,247.260,0.800,0.000,0.000,0.0
2009-01-20,03:14:00,0.218,0.058,247.000,0.800,0.000,0.000,0.0
2009-01-20,03:15:00,0.218,0.056,247.540,0.800,0.000,0.000,0.0
2009-01-20,03:16:00,0.218,0.058,246.890,0.800,0.000,0.000,0.0
2009-01-20,03:17:00,0.216,0.058,245.930,0.800,0.000,0.000,0.0
2009-01-20,03:18:00,0.216,0.058,245.880,0.800,0.000,0.000,0.0
2009-01-20,03:19:00,0.218,0.058,246.350,0.800,0.000,0.000,0.0
2009-01-20,03:20:00,0.216,0.058,245.940,0.800,0.000,0.000,0.0
2009-01-20,03:21:00,0.216,0.058,245.940,0.800,0.000,0.000,0.0
2009-01-20,03:22:00,0.216,0.058,246.410,0.800,0.000,0.000,0.0
2009-01-20,03:23:00,0.216,0.058,245.990,0.800,0.000,0.000,0.0
2009-01-20,03:24:00,0.262,0.000,246.140,1.200,0.000,0.000,0.0
2009-01-20,03:25:00,0.332,0.084,246.800,1.400,0.000,0.000,0.0
2009-01-20,03:26:00,0.328,0.082,246.150,1.400,0.000,0.000,0.0
2009-01-20,03:27:00,0.326,0.080,245.230,1.400,0.000,0.000,0.0
2009-01-20,03:28:00,0.324,0.080,245.730,1.400,0.000,0.000,0.0
2009-01-20,03:29:00,0.322,0.078,245.140,1.400,0.000,0.000,0.0
2009-01-20,03:30:00,0.322,0.080,245.660,1.400,0.000,0.000,0.0
2009-01-20,03:31:00,0.404,0.172,246.330,1.800,0.000,0.000,0.0
2009-01-20,03:32:00,0.400,0.194,246.630,1.800,0.000,0.000,0.0
2009-01-20,03:33:00,0.398,0.194,246.690,1.800,0.000,0.000,0.0
2009-01-20,03:34:00,0.400,0.196,247.550,1.800,0.000,0.000,0.0
2009-01-20,03:35:00,0.394,0.194,246.680,1.800,0.000,0.000,0.0
2009-01-20,03:36:00,0.392,0.194,246.690,1.800,0.000,0.000,0.0
2009-01-20,03:37:00,0.388,0.190,245.810,1.800,0.000,0.000,0.0
2009-01-20,03:38:00,0.388,0.190,245.830,1.600,0.000,0.000,0.0
2009-01-20,03:39:00,0.386,0.188,245.740,1.600,0.000,0.000,0.0
2009-01-20,03:40:00,0.384,0.186,245.120,1.600,0.000,0.000,0.0
2009-01-20,03:41:00,0.316,0.090,245.620,1.400,0.000,0.000,0.0
2009-01-20,03:42:00,0.238,0.000,246.460,1.000,0.000,0.000,0.0
2009-01-20,03:43:00,0.218,0.058,246.490,0.800,0.000,0.000,0.0
2009-01-20,03:44:00,0.218,0.058,246.970,0.800,0.000,0.000,0.0
2009-01-20,03:45:00,0.218,0.058,247.350,0.800,0.000,0.000,0.0
2009-01-20,03:46:00,0.218,0.058,247.150,0.800,0.000,0.000,0.0
2009-01-20,03:47:00,0.218,0.058,246.970,0.800,0.000,0.000,0.0
2009-01-20,03:48:00,0.218,0.056,247.250,0.800,0.000,0.000,0.0
2009-01-20,03:49:00,0.218,0.056,247.450,0.800,0.000,0.000,0.0
2009-01-20,03:50:00,0.218,0.056,247.090,0.800,0.000,0.000,0.0
2009-01-20,03:51:00,0.218,0.058,246.670,0.800,0.000,0.000,0.0
2009-01-20,03:52:00,0.216,0.058,246.010,0.800,0.000,0.000,0.0
2009-01-20,03:53:00,0.216,0.060,245.700,0.800,0.000,0.000,0.0
2009-01-20,03:54:00,0.216,0.060,245.430,0.800,0.000,0.000,0.0
2009-01-20,03:55:00,0.216,0.060,245.430,0.800,0.000,0.000,0.0
2009-01-20,03:56:00,0.216,0.060,245.580,0.800,0.000,0.000,0.0
2009-01-20,03:57:00,0.216,0.060,245.050,0.800,0.000,0.000,0.0
2009-01-20,03:58:00,0.216,0.060,245.120,0.800,0.000,0.000,0.0
2009-01-20,03:59:00,0.216,0.060,245.630,0.800,0.000,0.000,0.0
2009-01-20,04:00:00,0.216,0.060,245.570,0.800,0.000,0.000,0.0
2009-01-20,04:01:00,0.216,0.058,245.610,1.000,0.000,0.000,0.0
2009-01-20,04:02:00,0.218,0.058,246.110,1.000,0.000,0.000,0.0
2009-01-20,04:03:00,0.218,0.058,246.490,1.000,0.000,0.000,0.0
2009-01-20,04:04:00,0.218,0.056,247.130,1.000,0.000,0.000,0.0
2009-01-20,04:05:00,0.218,0.056,247.040,1.000,0.000,0.000,0.0
2009-01-20,04:06:00,0.218,0.058,246.210,1.000,0.000,0.000,0.0
2009-01-20,04:07:00,0.216,0.060,245.330,1.000,0.000,0.000,0.0
2009-01-20,04:08:00,0.216,0.060,245.110,1.000,0.000,0.000,0.0
2009-01-20,04:09:00,0.214,0.060,244.550,0.800,0.000,0.000,0.0
2009-01-20,04:10:00,0.216,0.060,244.780,0.800,0.000,0.000,0.0
2009-01-20,04:11:00,0.216,0.058,245.580,1.000,0.000,0.000,0.0
2009-01-20,04:12:00,0.216,0.058,246.090,1.000,0.000,0.000,0.0
2009-01-20,04:13:00,0.218,0.058,246.090,1.000,0.000,0.000,0.0
2009-01-20,04:14:00,0.218,0.058,246.180,1.000,0.000,0.000,0.0
2009-01-20,04:15:00,0.218,0.058,246.480,1.000,0.000,0.000,0.0
2009-01-20,04:16:00,0.218,0.058,246.080,1.000,0.000,0.000,0.0
2009-01-20,04:17:00,0.574,0.000,245.830,3.200,0.000,0.000,3.0
2009-01-20,04:18:00,1.484,0.066,244.820,6.000,0.000,0.000,19.0
2009-01-20,04:19:00,1.462,0.066,244.490,6.000,0.000,0.000,19.0
2009-01-20,04:20:00,1.452,0.068,245.140,5.800,0.000,0.000,19.0
2009-01-20,04:21:00,1.448,0.066,244.460,5.800,0.000,0.000,19.0
2009-01-20,04:22:00,1.452,0.068,244.480,5.800,0.000,0.000,18.0
2009-01-20,04:23:00,1.444,0.066,244.430,5.800,0.000,0.000,18.0
2009-01-20,04:24:00,1.424,0.066,244.440,5.800,0.000,0.000,19.0
2009-01-20,04:25:00,1.506,0.160,244.460,6.200,0.000,0.000,18.0
2009-01-20,04:26:00,1.500,0.176,244.780,6.000,0.000,0.000,19.0
2009-01-20,04:27:00,1.500,0.174,244.830,6.000,0.000,0.000,18.0
2009-01-20,04:28:00,1.572,0.262,245.090,6.400,0.000,0.000,18.0
2009-01-20,04:29:00,1.590,0.308,245.800,6.600,0.000,1.000,19.0
2009-01-20,04:30:00,1.590,0.310,246.270,6.600,0.000,1.000,18.0
2009-01-20,04:31:00,1.582,0.308,245.720,6.400,0.000,2.000,19.0
2009-01-20,04:32:00,1.578,0.306,245.540,6.400,0.000,1.000,18.0
2009-01-20,04:33:00,1.574,0.304,245.200,6.400,0.000,2.000,19.0
2009-01-20,04:34:00,1.486,0.172,245.480,6.000,0.000,1.000,18.0
2009-01-20,04:35:00,1.462,0.138,245.150,6.000,0.000,1.000,19.0
2009-01-20,04:36:00,1.414,0.056,245.690,5.600,0.000,2.000,18.0
2009-01-20,04:37:00,1.412,0.056,245.590,5.600,0.000,1.000,19.0
2009-01-20,04:38:00,1.410,0.056,245.410,5.600,0.000,2.000,18.0
2009-01-20,04:39:00,1.402,0.054,244.700,5.600,0.000,1.000,19.0
2009-01-20,04:40:00,1.400,0.052,244.490,5.600,0.000,2.000,18.0
2009-01-20,04:41:00,1.404,0.054,244.800,5.600,0.000,1.000,18.0
2009-01-20,04:42:00,1.402,0.054,244.730,5.600,0.000,1.000,19.0
2009-01-20,04:43:00,1.408,0.054,245.440,5.600,0.000,2.000,18.0
2009-01-20,04:44:00,1.408,0.056,245.550,5.600,0.000,1.000,18.0
2009-01-20,04:45:00,1.404,0.054,245.330,5.600,0.000,1.000,19.0
2009-01-20,04:46:00,1.408,0.056,245.760,5.600,0.000,2.000,18.0
2009-01-20,04:47:00,1.406,0.056,245.640,5.600,0.000,1.000,19.0
2009-01-20,04:48:00,1.408,0.056,245.540,5.600,0.000,1.000,18.0
2009-01-20,04:49:00,1.414,0.056,245.800,5.600,0.000,1.000,19.0
2009-01-20,04:50:00,1.408,0.056,245.390,5.600,0.000,2.000,18.0
2009-01-20,04:51:00,1.398,0.054,244.430,5.600,0.000,1.000,19.0
2009-01-20,04:52:00,1.328,0.068,244.530,5.400,0.000,0.000,18.0
2009-01-20,04:53:00,1.314,0.072,243.600,5.400,0.000,0.000,18.0
2009-01-20,04:54:00,1.308,0.072,243.610,5.400,0.000,0.000,18.0
2009-01-20,04:55:00,1.316,0.072,244.230,5.400,0.000,0.000,19.0
2009-01-20,04:56:00,1.326,0.070,245.370,5.400,0.000,0.000,18.0
2009-01-20,04:57:00,1.312,0.072,244.050,5.400,0.000,0.000,18.0
2009-01-20,04:58:00,0.656,0.066,243.540,3.400,0.000,0.000,8.0
2009-01-20,04:59:00,0.214,0.062,243.890,0.800,0.000,0.000,0.0
2009-01-20,05:00:00,0.214,0.060,244.710,0.800,0.000,0.000,0.0
2009-01-20,05:01:00,0.216,0.060,245.120,0.800,0.000,0.000,0.0
2009-01-20,05:02:00,0.216,0.060,245.420,0.800,0.000,0.000,0.0
2009-01-20,05:03:00,0.218,0.058,245.250,1.000,0.000,0.000,0.0
2009-01-20,05:04:00,0.222,0.058,245.140,1.000,0.000,0.000,0.0
2009-01-20,05:05:00,0.222,0.058,245.020,1.000,0.000,0.000,0.0
2009-01-20,05:06:00,0.220,0.060,244.670,1.000,0.000,0.000,0.0
2009-01-20,05:07:00,0.220,0.060,244.640,1.000,0.000,0.000,0.0
2009-01-20,05:08:00,0.222,0.058,245.180,1.000,0.000,0.000,0.0
2009-01-20,05:09:00,0.222,0.058,245.570,1.000,0.000,0.000,0.0
2009-01-20,05:10:00,0.280,0.000,246.140,1.200,0.000,0.000,0.0
2009-01-20,05:11:00,0.334,0.080,245.350,1.400,0.000,0.000,0.0
2009-01-20,05:12:00,0.326,0.080,245.290,1.400,0.000,0.000,0.0
2009-01-20,05:13:00,0.324,0.080,245.290,1.400,0.000,0.000,0.0
2009-01-20,05:14:00,0.324,0.080,245.840,1.400,0.000,0.000,0.0
2009-01-20,05:15:00,0.324,0.084,246.860,1.400,0.000,0.000,0.0
2009-01-20,05:16:00,0.322,0.084,246.510,1.400,0.000,0.000,0.0
2009-01-20,05:17:00,0.320,0.080,245.410,1.200,0.000,0.000,0.0
2009-01-20,05:18:00,0.322,0.078,245.050,1.400,0.000,0.000,0.0
2009-01-20,05:19:00,0.394,0.152,244.690,1.800,0.000,0.000,0.0
2009-01-20,05:20:00,0.400,0.186,244.870,1.800,0.000,0.000,0.0
2009-01-20,05:21:00,0.398,0.188,245.130,1.800,0.000,0.000,0.0
2009-01-20,05:22:00,0.400,0.192,246.290,1.800,0.000,0.000,0.0
2009-01-20,05:23:00,0.398,0.192,246.430,1.800,0.000,0.000,0.0
2009-01-20,05:24:00,0.396,0.194,246.510,1.800,0.000,0.000,0.0
2009-01-20,05:25:00,0.394,0.194,246.830,1.800,0.000,0.000,0.0
2009-01-20,05:26:00,0.376,0.170,246.320,1.600,0.000,0.000,0.0
2009-01-20,05:27:00,0.292,0.050,245.830,1.200,0.000,0.000,0.0
2009-01-20,05:28:00,0.286,0.048,245.400,1.200,0.000,0.000,0.0
2009-01-20,05:29:00,0.280,0.000,244.850,1.200,0.000,0.000,0.0
2009-01-20,05:30:00,0.212,0.060,244.490,0.800,0.000,0.000,0.0
2009-01-20,05:31:00,0.214,0.060,244.850,0.800,0.000,0.000,0.0
2009-01-20,05:32:00,0.214,0.060,245.400,0.800,0.000,0.000,0.0
2009-01-20,05:33:00,0.218,0.058,245.890,1.000,0.000,0.000,0.0
2009-01-20,05:34:00,0.222,0.058,245.660,1.000,0.000,0.000,0.0
2009-01-20,05:35:00,0.222,0.058,246.020,1.000,0.000,0.000,0.0
2009-01-20,05:36:00,0.224,0.054,248.050,1.000,0.000,0.000,0.0
2009-01-20,05:37:00,0.224,0.054,248.220,1.000,0.000,0.000,0.0
2009-01-20,05:38:00,0.226,0.054,248.580,1.000,0.000,0.000,0.0
2009-01-20,05:39:00,0.226,0.054,248.750,1.000,0.000,0.000,0.0
2009-01-20,05:40:00,0.226,0.052,249.000,1.000,0.000,0.000,0.0
2009-01-20,05:41:00,0.226,0.054,248.670,1.000,0.000,0.000,0.0
2009-01-20,05:42:00,0.218,0.056,247.650,0.800,0.000,0.000,0.0
2009-01-20,05:43:00,0.216,0.056,247.310,0.800,0.000,0.000,0.0
2009-01-20,05:44:00,0.216,0.056,247.590,0.800,0.000,0.000,0.0
2009-01-20,05:45:00,0.216,0.056,247.720,0.800,0.000,0.000,0.0
2009-01-20,05:46:00,0.216,0.056,247.470,0.800,0.000,0.000,0.0
2009-01-20,05:47:00,0.216,0.056,247.530,0.800,0.000,0.000,0.0
2009-01-20,05:48:00,0.220,0.058,247.570,1.000,0.000,0.000,0.0
2009-01-20,05:49:00,0.224,0.056,247.980,1.000,0.000,0.000,0.0
2009-01-20,05:50:00,0.224,0.056,248.110,1.000,0.000,0.000,0.0
2009-01-20,05:51:00,0.224,0.056,247.630,1.000,0.000,0.000,0.0
2009-01-20,05:52:00,0.224,0.054,248.330,1.000,0.000,0.000,0.0
2009-01-20,05:53:00,0.228,0.052,249.800,1.000,0.000,0.000,0.0
2009-01-20,05:54:00,0.226,0.054,249.830,1.000,0.000,0.000,0.0
2009-01-20,05:55:00,0.226,0.054,249.550,1.000,0.000,0.000,0.0
2009-01-20,05:56:00,0.226,0.054,249.070,1.000,0.000,0.000,0.0
2009-01-20,05:57:00,0.224,0.056,248.500,1.000,0.000,0.000,0.0
2009-01-20,05:58:00,0.224,0.058,247.650,1.000,0.000,0.000,0.0
2009-01-20,05:59:00,0.224,0.056,248.190,1.000,0.000,0.000,0.0
2009-01-20,06:00:00,0.224,0.056,248.130,1.000,0.000,0.000,0.0
2009-01-20,06:01:00,0.222,0.058,247.050,1.000,0.000,0.000,0.0
2009-01-20,06:02:00,0.220,0.060,246.440,1.000,0.000,0.000,0.0
2009-01-20,06:03:00,0.290,0.000,246.650,1.200,0.000,0.000,0.0
2009-01-20,06:04:00,0.338,0.086,247.730,1.400,0.000,0.000,0.0
2009-01-20,06:05:00,0.336,0.088,248.500,1.400,0.000,0.000,0.0
2009-01-20,06:06:00,0.334,0.088,248.420,1.400,0.000,0.000,0.0
2009-01-20,06:07:00,0.334,0.088,248.480,1.400,0.000,0.000,0.0
2009-01-20,06:08:00,0.330,0.086,247.560,1.400,0.000,0.000,0.0
2009-01-20,06:09:00,0.328,0.084,247.290,1.400,0.000,0.000,0.0
2009-01-20,06:10:00,0.328,0.086,247.440,1.400,0.000,0.000,0.0
2009-01-20,06:11:00,0.326,0.082,246.690,1.400,0.000,0.000,0.0
2009-01-20,06:12:00,0.324,0.084,246.680,1.400,0.000,0.000,0.0
2009-01-20,06:13:00,0.356,0.104,246.090,1.600,0.000,0.000,0.0
2009-01-20,06:14:00,0.398,0.188,245.540,1.800,0.000,0.000,0.0
2009-01-20,06:15:00,0.400,0.192,246.530,1.800,0.000,0.000,0.0
2009-01-20,06:16:00,0.396,0.192,246.620,1.800,0.000,0.000,0.0
2009-01-20,06:17:00,0.396,0.194,246.920,1.800,0.000,0.000,0.0
2009-01-20,06:18:00,0.394,0.194,247.240,1.800,0.000,0.000,0.0
2009-01-20,06:19:00,0.394,0.196,247.320,1.800,0.000,0.000,0.0
2009-01-20,06:20:00,0.298,0.058,246.730,1.200,0.000,0.000,0.0
2009-01-20,06:21:00,0.290,0.048,245.700,1.200,0.000,0.000,0.0
2009-01-20,06:22:00,0.292,0.050,246.200,1.200,0.000,0.000,0.0
2009-01-20,06:23:00,0.290,0.046,245.360,1.200,0.000,0.000,0.0
2009-01-20,06:24:00,0.286,0.000,245.510,1.200,0.000,0.000,0.0
2009-01-20,06:25:00,0.218,0.060,246.210,1.000,0.000,0.000,0.0
2009-01-20,06:26:00,0.218,0.060,245.840,1.000,0.000,0.000,0.0
2009-01-20,06:27:00,0.216,0.062,244.310,0.800,0.000,0.000,0.0
2009-01-20,06:28:00,0.214,0.062,243.660,0.800,0.000,0.000,0.0
2009-01-20,06:29:00,0.214,0.062,243.860,0.800,0.000,0.000,0.0
2009-01-20,06:30:00,0.216,0.060,244.420,1.000,0.000,0.000,0.0
2009-01-20,06:31:00,0.218,0.060,245.280,1.000,0.000,0.000,0.0
2009-01-20,06:32:00,0.376,0.000,245.830,1.600,0.000,0.000,0.0
2009-01-20,06:33:00,1.474,0.000,244.480,6.000,0.000,0.000,0.0
2009-01-20,06:34:00,5.506,0.062,240.930,23.200,0.000,0.000,7.0
2009-01-20,06:35:00,5.848,0.052,240.720,24.400,0.000,0.000,19.0
2009-01-20,06:36:00,5.620,0.064,240.700,23.400,0.000,0.000,18.0
2009-01-20,06:37:00,5.788,0.066,240.270,24.400,0.000,0.000,18.0
2009-01-20,06:38:00,4.196,0.056,242.150,17.400,0.000,0.000,18.0
2009-01-20,06:39:00,4.566,0.058,241.510,19.000,0.000,0.000,18.0
2009-01-20,06:40:00,4.300,0.000,242.040,17.800,0.000,0.000,18.0
2009-01-20,06:41:00,3.602,0.000,242.070,15.200,0.000,0.000,18.0
2009-01-20,06:42:00,3.384,0.000,241.790,14.400,0.000,0.000,18.0
2009-01-20,06:43:00,2.070,0.000,242.090,8.400,0.000,0.000,18.0
2009-01-20,06:44:00,2.112,0.000,241.180,8.600,0.000,0.000,18.0
2009-01-20,06:45:00,1.888,0.000,241.510,7.800,0.000,0.000,18.0
2009-01-20,06:46:00,2.226,0.000,241.580,9.200,0.000,0.000,18.0
2009-01-20,06:47:00,2.084,0.000,242.170,8.600,0.000,0.000,18.0
2009-01-20,06:48:00,2.018,0.000,243.000,8.200,0.000,0.000,18.0
2009-01-20,06:49:00,2.026,0.000,243.250,8.200,0.000,0.000,18.0
2009-01-20,06:50:00,2.032,0.000,243.720,8.200,0.000,0.000,18.0
2009-01-20,06:51:00,2.022,0.000,242.980,8.200,0.000,0.000,19.0
2009-01-20,06:52:00,2.016,0.000,242.350,8.200,0.000,0.000,18.0
2009-01-20,06:53:00,2.014,0.000,242.110,8.200,0.000,0.000,18.0
2009-01-20,06:54:00,2.006,0.000,242.100,8.200,0.000,0.000,17.0
2009-01-20,06:55:00,2.042,0.050,241.190,8.400,0.000,0.000,18.0
2009-01-20,06:56:00,2.078,0.128,240.060,8.600,0.000,0.000,18.0
2009-01-20,06:57:00,2.074,0.126,239.370,8.600,0.000,0.000,18.0
2009-01-20,06:58:00,2.144,0.202,238.880,9.000,0.000,0.000,17.0
2009-01-20,06:59:00,2.176,0.234,241.030,9.000,0.000,0.000,18.0
2009-01-20,07:00:00,2.192,0.238,242.120,9.000,0.000,0.000,18.0
2009-01-20,07:01:00,2.220,0.246,244.140,9.000,0.000,0.000,18.0
2009-01-20,07:02:00,2.210,0.244,243.810,9.000,0.000,0.000,18.0
2009-01-20,07:03:00,2.192,0.242,243.150,9.000,0.000,0.000,18.0
2009-01-20,07:04:00,2.334,0.240,243.040,9.600,0.000,0.000,19.0
2009-01-20,07:05:00,2.302,0.238,242.680,9.400,0.000,0.000,18.0
2009-01-20,07:06:00,2.348,0.286,242.380,9.800,0.000,0.000,18.0
2009-01-20,07:07:00,2.374,0.360,242.270,9.800,0.000,1.000,18.0
2009-01-20,07:08:00,2.336,0.350,240.170,9.800,0.000,1.000,17.0
2009-01-20,07:09:00,2.324,0.348,239.700,9.800,0.000,2.000,18.0
2009-01-20,07:10:00,2.300,0.340,238.390,9.600,0.000,1.000,17.0
2009-01-20,07:11:00,2.288,0.342,238.630,9.600,0.000,1.000,18.0
2009-01-20,07:12:00,2.204,0.198,239.110,9.200,0.000,2.000,17.0
2009-01-20,07:13:00,2.180,0.118,241.160,9.000,0.000,1.000,18.0
2009-01-20,07:14:00,2.196,0.120,241.870,9.000,0.000,2.000,18.0
2009-01-20,07:15:00,2.206,0.120,242.300,9.000,0.000,1.000,18.0
2009-01-20,07:16:00,2.208,0.120,242.310,9.000,0.000,1.000,18.0
2009-01-20,07:17:00,2.180,0.116,241.110,9.000,0.000,2.000,18.0
2009-01-20,07:18:00,2.186,0.116,241.300,9.000,0.000,1.000,18.0
2009-01-20,07:19:00,2.178,0.116,240.960,9.000,0.000,2.000,18.0
2009-01-20,07:20:00,2.346,0.118,241.680,9.600,0.000,1.000,17.0
2009-01-20,07:21:00,2.472,0.118,242.620,10.200,0.000,1.000,18.0
2009-01-20,07:22:00,2.498,0.118,242.850,10.200,0.000,2.000,19.0
2009-01-20,07:23:00,2.462,0.116,242.230,10.200,0.000,1.000,18.0
2009-01-20,07:24:00,2.466,0.120,243.590,10.000,0.000,1.000,18.0
2009-01-20,07:25:00,2.478,0.124,244.810,10.000,0.000,2.000,18.0
2009-01-20,07:26:00,2.460,0.120,243.940,10.000,0.000,1.000,18.0
2009-01-20,07:27:00,2.456,0.120,243.430,10.000,0.000,1.000,18.0
2009-01-20,07:28:00,2.436,0.096,243.600,10.000,0.000,1.000,19.0
2009-01-20,07:29:00,2.414,0.084,243.030,9.800,0.000,2.000,18.0
2009-01-20,07:30:00,2.318,0.000,242.040,9.600,0.000,0.000,18.0
2009-01-20,07:31:00,2.256,0.000,241.200,9.200,0.000,0.000,18.0
2009-01-20,07:32:00,2.242,0.000,240.640,9.200,0.000,0.000,17.0
2009-01-20,07:33:00,2.250,0.000,241.180,9.200,0.000,0.000,18.0
2009-01-20,07:34:00,2.248,0.000,240.880,9.200,0.000,0.000,18.0
2009-01-20,07:35:00,2.282,0.000,241.670,9.400,0.000,0.000,18.0
2009-01-20,07:36:00,2.962,0.000,241.740,12.200,0.000,0.000,18.0
2009-01-20,07:37:00,3.006,0.000,241.750,12.400,0.000,0.000,18.0
2009-01-20,07:38:00,3.028,0.000,241.310,12.600,0.000,0.000,18.0
2009-01-20,07:39:00,2.392,0.000,241.850,9.800,0.000,0.000,17.0
2009-01-20,07:40:00,2.206,0.000,243.250,9.000,0.000,0.000,19.0
2009-01-20,07:41:00,2.272,0.000,242.410,9.200,0.000,0.000,18.0
2009-01-20,07:42:00,2.258,0.000,241.260,9.200,0.000,0.000,17.0
2009-01-20,07:43:00,2.264,0.000,241.540,9.200,0.000,0.000,18.0
2009-01-20,07:44:00,2.180,0.000,241.880,9.000,0.000,0.000,18.0
2009-01-20,07:45:00,2.206,0.000,241.680,9.000,0.000,0.000,18.0
2009-01-20,07:46:00,2.186,0.000,240.530,9.000,0.000,0.000,18.0
2009-01-20,07:47:00,2.232,0.000,240.370,9.200,0.000,0.000,18.0
2009-01-20,07:48:00,2.284,0.092,240.160,9.400,0.000,0.000,17.0
2009-01-20,07:49:00,2.400,0.086,238.750,10.000,0.000,0.000,18.0
2009-01-20,07:50:00,2.350,0.080,236.700,9.800,0.000,0.000,17.0
2009-01-20,07:51:00,2.398,0.080,237.080,10.000,0.000,0.000,17.0
2009-01-20,07:52:00,2.452,0.148,236.810,10.400,0.000,0.000,17.0
2009-01-20,07:53:00,2.714,0.178,236.430,11.800,0.000,0.000,18.0
2009-01-20,07:54:00,3.428,0.174,235.880,14.400,0.000,0.000,17.0
2009-01-20,07:55:00,3.454,0.176,237.120,14.400,0.000,0.000,17.0
2009-01-20,07:56:00,3.274,0.180,238.180,13.800,0.000,0.000,17.0
2009-01-20,07:57:00,2.214,0.192,239.700,9.200,0.000,0.000,18.0
2009-01-20,07:58:00,2.334,0.190,239.400,9.800,0.000,0.000,18.0
2009-01-20,07:59:00,2.316,0.188,238.430,9.600,0.000,0.000,17.0
2009-01-20,08:00:00,2.324,0.188,238.760,9.600,0.000,0.000,17.0
2009-01-20,08:01:00,2.306,0.184,237.710,9.600,0.000,0.000,18.0
2009-01-20,08:02:00,2.296,0.182,237.020,9.600,0.000,0.000,17.0
2009-01-20,08:03:00,2.274,0.182,237.080,9.600,0.000,0.000,17.0
2009-01-20,08:04:00,2.198,0.184,237.100,9.200,0.000,0.000,18.0
2009-01-20,08:05:00,2.108,0.066,237.280,8.800,0.000,0.000,17.0
2009-01-20,08:06:00,2.182,0.000,238.500,9.000,0.000,0.000,17.0
2009-01-20,08:07:00,2.130,0.000,239.640,8.800,0.000,0.000,18.0
2009-01-20,08:08:00,1.904,0.000,239.710,7.800,0.000,0.000,17.0
2009-01-20,08:09:00,1.886,0.000,239.760,7.800,0.000,0.000,18.0
2009-01-20,08:10:00,1.868,0.000,239.750,7.800,0.000,0.000,18.0
2009-01-20,08:11:00,1.800,0.000,239.740,7.400,0.000,0.000,17.0
2009-01-20,08:12:00,1.778,0.000,238.950,7.400,0.000,0.000,18.0
2009-01-20,08:13:00,1.760,0.000,238.120,7.400,0.000,0.000,17.0
2009-01-20,08:14:00,1.992,0.000,238.950,8.600,0.000,0.000,18.0
2009-01-20,08:15:00,2.554,0.000,238.190,10.600,0.000,0.000,17.0
2009-01-20,08:16:00,2.360,0.086,238.520,9.800,0.000,0.000,18.0
2009-01-20,08:17:00,2.358,0.086,238.540,9.800,0.000,0.000,17.0
2009-01-20,08:18:00,2.354,0.086,238.260,9.800,0.000,0.000,18.0
2009-01-20,08:19:00,2.350,0.086,238.030,9.800,0.000,0.000,17.0
2009-01-20,08:20:00,2.340,0.086,237.510,9.800,0.000,0.000,17.0
2009-01-20,08:21:00,2.228,0.086,237.550,9.400,0.000,0.000,18.0
2009-01-20,08:22:00,2.058,0.082,237.480,8.600,0.000,0.000,17.0
2009-01-20,08:23:00,2.106,0.082,238.530,8.800,0.000,0.000,17.0
2009-01-20,08:24:00,1.684,0.000,238.780,7.200,0.000,0.000,18.0
2009-01-20,08:25:00,1.470,0.118,240.010,6.000,0.000,0.000,17.0
2009-01-20,08:26:00,1.412,0.000,240.210,5.800,0.000,0.000,18.0
2009-01-20,08:27:00,1.378,0.082,240.480,5.600,0.000,0.000,18.0
2009-01-20,08:28:00,1.370,0.082,239.650,5.600,0.000,0.000,17.0
2009-01-20,08:29:00,1.376,0.082,240.260,5.600,0.000,0.000,18.0
2009-01-20,08:30:00,1.384,0.082,240.990,5.600,0.000,0.000,18.0
2009-01-20,08:31:00,1.480,0.082,241.340,6.000,0.000,0.000,18.0
2009-01-20,08:32:00,1.496,0.082,241.250,6.200,0.000,0.000,18.0
2009-01-20,08:33:00,1.384,0.082,241.050,5.600,0.000,0.000,18.0
2009-01-20,08:34:00,1.382,0.082,240.700,5.600,0.000,0.000,17.0
2009-01-20,08:35:00,1.388,0.082,240.950,5.600,0.000,0.000,18.0
2009-01-20,08:36:00,1.388,0.082,240.640,5.800,0.000,0.000,18.0
2009-01-20,08:37:00,1.392,0.082,240.880,5.800,0.000,0.000,18.0
2009-01-20,08:38:00,1.396,0.080,241.280,5.800,0.000,0.000,17.0
2009-01-20,08:39:00,1.414,0.064,240.580,5.800,0.000,0.000,18.0
2009-01-20,08:40:00,1.516,0.050,240.850,6.200,0.000,0.000,18.0
2009-01-20,08:41:00,1.542,0.048,240.310,6.400,0.000,0.000,18.0
2009-01-20,08:42:00,1.450,0.106,239.930,6.000,0.000,0.000,17.0
2009-01-20,08:43:00,1.464,0.150,239.350,6.000,0.000,0.000,18.0
2009-01-20,08:44:00,1.462,0.150,239.330,6.000,0.000,0.000,17.0
2009-01-20,08:45:00,1.466,0.150,239.810,6.000,0.000,0.000,18.0
2009-01-20,08:46:00,1.472,0.154,240.530,6.000,0.000,0.000,18.0
2009-01-20,08:47:00,1.466,0.152,240.310,6.000,0.000,0.000,18.0
2009-01-20,08:48:00,1.450,0.150,239.290,6.000,0.000,0.000,17.0
2009-01-20,08:49:00,1.560,0.182,239.000,6.800,0.000,0.000,18.0
2009-01-20,08:50:00,2.972,0.556,237.410,12.800,0.000,0.000,17.0
2009-01-20,08:51:00,2.940,0.544,237.400,12.600,0.000,0.000,17.0
2009-01-20,08:52:00,2.968,0.548,239.070,12.600,0.000,0.000,18.0
2009-01-20,08:53:00,2.970,0.548,239.430,12.600,0.000,0.000,17.0
2009-01-20,08:54:00,2.818,0.506,238.880,12.200,0.000,0.000,18.0
2009-01-20,08:55:00,2.310,0.376,239.660,10.400,0.000,0.000,18.0
2009-01-20,08:56:00,1.472,0.154,240.830,6.000,0.000,0.000,17.0
2009-01-20,08:57:00,2.886,0.478,238.840,12.400,0.000,0.000,18.0
2009-01-20,08:58:00,2.850,0.410,238.510,12.200,0.000,0.000,17.0
2009-01-20,08:59:00,2.856,0.410,238.920,12.200,0.000,0.000,18.0
2009-01-20,09:00:00,2.852,0.406,239.460,12.000,0.000,0.000,17.0
2009-01-20,09:01:00,2.870,0.412,239.730,12.200,0.000,0.000,18.0
2009-01-20,09:02:00,2.786,0.388,239.210,11.800,0.000,0.000,18.0
2009-01-20,09:03:00,1.370,0.000,240.490,5.600,0.000,0.000,17.0
2009-01-20,09:04:00,1.360,0.000,240.420,5.600,0.000,0.000,18.0
2009-01-20,09:05:00,1.374,0.000,240.950,5.600,0.000,0.000,18.0
2009-01-20,09:06:00,1.312,0.054,242.100,5.400,0.000,0.000,18.0
2009-01-20,09:07:00,1.284,0.062,241.040,5.200,0.000,0.000,18.0
2009-01-20,09:08:00,1.282,0.062,241.060,5.200,0.000,0.000,17.0
2009-01-20,09:09:00,1.270,0.062,240.360,5.200,0.000,0.000,18.0
2009-01-20,09:10:00,1.294,0.076,240.480,5.400,0.000,0.000,18.0
2009-01-20,09:11:00,1.342,0.080,240.650,5.600,0.000,0.000,18.0
2009-01-20,09:12:00,1.510,0.082,240.610,6.200,0.000,0.000,17.0
2009-01-20,09:13:00,1.498,0.082,239.780,6.200,0.000,0.000,18.0
2009-01-20,09:14:00,1.516,0.084,239.320,6.200,0.000,0.000,18.0
2009-01-20,09:15:00,1.564,0.082,240.120,6.400,0.000,0.000,17.0
2009-01-20,09:16:00,1.552,0.084,239.910,6.400,0.000,0.000,18.0
2009-01-20,09:17:00,1.500,0.082,240.010,6.200,0.000,0.000,18.0
2009-01-20,09:18:00,1.508,0.082,240.520,6.200,0.000,0.000,17.0
2009-01-20,09:19:00,1.510,0.080,240.780,6.200,0.000,0.000,18.0
2009-01-20,09:20:00,1.510,0.082,240.150,6.200,0.000,0.000,18.0
2009-01-20,09:21:00,1.516,0.082,240.550,6.200,0.000,0.000,18.0
2009-01-20,09:22:00,1.516,0.080,240.520,6.200,0.000,0.000,17.0
2009-01-20,09:23:00,1.520,0.072,240.330,6.200,0.000,0.000,18.0
2009-01-20,09:24:00,1.612,0.082,239.620,6.600,0.000,0.000,18.0
2009-01-20,09:25:00,1.540,0.082,239.460,6.400,0.000,0.000,17.0
2009-01-20,09:26:00,1.492,0.082,239.140,6.200,0.000,0.000,18.0
2009-01-20,09:27:00,1.496,0.070,239.190,6.200,0.000,0.000,17.0
2009-01-20,09:28:00,1.498,0.070,239.160,6.200,0.000,0.000,18.0
2009-01-20,09:29:00,1.528,0.068,242.210,6.200,0.000,0.000,18.0
2009-01-20,09:30:00,1.522,0.070,242.060,6.200,0.000,0.000,18.0
2009-01-20,09:31:00,1.384,0.064,242.420,5.600,0.000,0.000,18.0
2009-01-20,09:32:00,1.414,0.066,242.920,5.800,0.000,0.000,18.0
2009-01-20,09:33:00,1.412,0.078,243.360,5.800,0.000,0.000,18.0
2009-01-20,09:34:00,1.412,0.078,243.600,5.800,0.000,0.000,18.0
2009-01-20,09:35:00,1.410,0.078,243.220,5.800,0.000,0.000,18.0
2009-01-20,09:36:00,1.414,0.078,243.420,5.800,0.000,0.000,19.0
2009-01-20,09:37:00,1.412,0.078,243.470,5.800,0.000,0.000,18.0
2009-01-20,09:38:00,1.412,0.078,243.600,5.800,0.000,0.000,18.0
2009-01-20,09:39:00,1.408,0.078,243.380,5.800,0.000,0.000,18.0
2009-01-20,09:40:00,1.414,0.080,243.840,5.800,0.000,0.000,18.0
2009-01-20,09:41:00,1.406,0.078,243.520,5.800,0.000,0.000,19.0
2009-01-20,09:42:00,1.400,0.078,243.430,5.600,0.000,0.000,18.0
2009-01-20,09:43:00,1.398,0.078,243.310,5.600,0.000,0.000,18.0
2009-01-20,09:44:00,1.394,0.076,242.960,5.600,0.000,0.000,18.0
2009-01-20,09:45:00,1.510,0.198,242.930,6.200,0.000,0.000,18.0
2009-01-20,09:46:00,1.542,0.302,242.120,6.400,0.000,1.000,18.0
2009-01-20,09:47:00,1.540,0.302,241.860,6.400,0.000,1.000,18.0
2009-01-20,09:48:00,1.540,0.302,242.170,6.400,0.000,2.000,18.0
2009-01-20,09:49:00,1.498,0.244,242.110,6.200,0.000,1.000,18.0
2009-01-20,09:50:00,1.446,0.166,241.830,6.000,0.000,2.000,18.0
2009-01-20,09:51:00,1.452,0.168,242.360,6.000,0.000,1.000,18.0
2009-01-20,09:52:00,1.446,0.166,241.890,6.000,0.000,1.000,18.0
2009-01-20,09:53:00,1.444,0.166,241.680,6.000,0.000,2.000,18.0
2009-01-20,09:54:00,1.436,0.164,241.070,6.000,0.000,1.000,17.0
2009-01-20,09:55:00,1.444,0.168,241.940,6.000,0.000,2.000,18.0
2009-01-20,09:56:00,1.444,0.168,241.890,6.000,0.000,1.000,18.0
2009-01-20,09:57:00,1.440,0.166,241.710,6.000,0.000,1.000,18.0
2009-01-20,09:58:00,1.430,0.156,241.550,5.800,0.000,2.000,18.0
2009-01-20,09:59:00,1.362,0.060,241.580,5.600,0.000,1.000,18.0
2009-01-20,10:00:00,1.366,0.062,241.890,5.600,0.000,2.000,18.0
2009-01-20,10:01:00,1.362,0.060,241.690,5.600,0.000,1.000,18.0
2009-01-20,10:02:00,1.370,0.064,242.510,5.600,0.000,1.000,18.0
2009-01-20,10:03:00,1.364,0.062,242.010,5.600,0.000,2.000,18.0
2009-01-20,10:04:00,1.354,0.060,241.230,5.600,0.000,1.000,18.0
2009-01-20,10:05:00,1.358,0.060,241.240,5.600,0.000,1.000,18.0
2009-01-20,10:06:00,1.370,0.062,242.100,5.600,0.000,1.000,18.0
2009-01-20,10:07:00,1.362,0.060,241.510,5.600,0.000,2.000,17.0
2009-01-20,10:08:00,1.368,0.062,242.120,5.600,0.000,1.000,18.0
2009-01-20,10:09:00,1.332,0.000,241.210,5.400,0.000,1.000,18.0
2009-01-20,10:10:00,1.282,0.060,240.790,5.200,0.000,0.000,18.0
2009-01-20,10:11:00,1.288,0.060,241.340,5.200,0.000,0.000,18.0
2009-01-20,10:12:00,1.280,0.062,240.700,5.200,0.000,0.000,18.0
2009-01-20,10:13:00,1.276,0.062,240.150,5.200,0.000,0.000,17.0
2009-01-20,10:14:00,1.276,0.062,240.320,5.200,0.000,0.000,18.0
2009-01-20,10:15:00,1.268,0.062,239.570,5.200,0.000,0.000,18.0
2009-01-20,10:16:00,1.270,0.062,240.080,5.200,0.000,0.000,17.0
2009-01-20,10:17:00,1.276,0.062,240.930,5.200,0.000,0.000,18.0
2009-01-20,10:18:00,1.276,0.062,240.940,5.200,0.000,0.000,18.0
2009-01-20,10:19:00,1.276,0.062,240.930,5.200,0.000,0.000,18.0
2009-01-20,10:20:00,1.278,0.062,240.720,5.200,0.000,0.000,17.0
2009-01-20,10:21:00,1.290,0.060,241.600,5.200,0.000,0.000,18.0
2009-01-20,10:22:00,1.302,0.058,242.710,5.200,0.000,0.000,18.0
2009-01-20,10:23:00,1.302,0.058,242.830,5.200,0.000,0.000,18.0
2009-01-20,10:24:00,1.386,0.000,242.570,5.600,0.000,0.000,18.0
2009-01-20,10:25:00,1.498,0.074,242.430,6.200,0.000,0.000,18.0
2009-01-20,10:26:00,1.404,0.076,242.410,5.800,0.000,0.000,18.0
2009-01-20,10:27:00,1.610,0.060,242.090,6.600,0.000,0.000,18.0
2009-01-20,10:28:00,1.636,0.054,241.980,6.600,0.000,0.000,18.0
2009-01-20,10:29:00,1.642,0.056,242.580,6.600,0.000,0.000,18.0
2009-01-20,10:30:00,1.660,0.054,242.080,6.800,0.000,0.000,18.0
2009-01-20,10:31:00,1.740,0.052,241.730,7.200,0.000,0.000,18.0
2009-01-20,10:32:00,3.212,0.000,239.990,14.000,0.000,0.000,18.0
2009-01-20,10:33:00,1.956,0.050,240.980,8.600,0.000,0.000,18.0
2009-01-20,10:34:00,2.060,0.048,241.130,9.000,0.000,0.000,18.0
2009-01-20,10:35:00,2.244,0.048,241.010,10.200,0.000,0.000,17.0
2009-01-20,10:36:00,2.026,0.182,241.310,9.000,0.000,0.000,18.0
2009-01-20,10:37:00,1.722,0.298,241.700,7.200,0.000,0.000,18.0
2009-01-20,10:38:00,1.734,0.348,241.080,7.200,0.000,0.000,18.0
2009-01-20,10:39:00,1.734,0.342,241.060,7.200,0.000,0.000,18.0
2009-01-20,10:40:00,1.732,0.336,241.210,7.200,0.000,0.000,18.0
2009-01-20,10:41:00,1.700,0.296,241.060,7.000,0.000,0.000,17.0
2009-01-20,10:42:00,2.260,0.542,241.370,10.400,0.000,0.000,18.0
2009-01-20,10:43:00,4.056,1.096,239.910,17.600,0.000,0.000,18.0
2009-01-20,10:44:00,3.402,0.662,239.440,14.600,0.000,0.000,18.0
2009-01-20,10:45:00,3.516,0.920,238.530,15.600,0.000,0.000,17.0
2009-01-20,10:46:00,2.390,0.730,239.510,10.600,0.000,0.000,18.0
2009-01-20,10:47:00,2.202,0.606,239.400,9.800,0.000,0.000,17.0
2009-01-20,10:48:00,1.990,0.458,240.050,8.800,0.000,0.000,18.0
2009-01-20,10:49:00,1.886,0.396,240.860,8.400,0.000,0.000,18.0
2009-01-20,10:50:00,2.140,0.564,239.470,9.400,0.000,0.000,17.0
2009-01-20,10:51:00,2.152,0.568,239.960,9.400,0.000,0.000,18.0
2009-01-20,10:52:00,1.766,0.300,240.350,7.800,0.000,0.000,18.0
2009-01-20,10:53:00,1.378,0.000,240.740,5.600,0.000,0.000,17.0
2009-01-20,10:54:00,1.370,0.000,240.020,5.600,0.000,0.000,18.0
2009-01-20,10:55:00,1.374,0.000,240.600,5.600,0.000,0.000,18.0
2009-01-20,10:56:00,1.376,0.000,240.800,5.600,0.000,0.000,18.0
2009-01-20,10:57:00,1.370,0.000,240.450,5.600,0.000,0.000,17.0
2009-01-20,10:58:00,1.364,0.000,240.200,5.600,0.000,0.000,18.0
2009-01-20,10:59:00,1.336,0.000,239.600,5.600,0.000,0.000,18.0
2009-01-20,11:00:00,1.290,0.068,239.490,5.400,0.000,0.000,17.0
2009-01-20,11:01:00,1.298,0.068,240.230,5.400,0.000,0.000,18.0
2009-01-20,11:02:00,1.298,0.068,240.330,5.400,0.000,0.000,18.0
2009-01-20,11:03:00,1.302,0.068,240.780,5.400,0.000,0.000,17.0
2009-01-20,11:04:00,1.304,0.068,240.820,5.400,0.000,0.000,18.0
2009-01-20,11:05:00,1.304,0.066,240.920,5.400,0.000,0.000,18.0
2009-01-20,11:06:00,1.296,0.066,240.170,5.400,0.000,0.000,18.0
2009-01-20,11:07:00,1.302,0.066,240.630,5.400,0.000,0.000,17.0
2009-01-20,11:08:00,1.298,0.066,240.370,5.400,0.000,0.000,18.0
2009-01-20,11:09:00,1.302,0.066,240.560,5.400,0.000,0.000,18.0
2009-01-20,11:10:00,1.300,0.066,240.600,5.400,0.000,0.000,18.0
2009-01-20,11:11:00,1.304,0.064,241.150,5.400,0.000,0.000,17.0
2009-01-20,11:12:00,1.304,0.064,240.970,5.400,0.000,0.000,18.0
2009-01-20,11:13:00,1.298,0.066,240.540,5.400,0.000,0.000,18.0
2009-01-20,11:14:00,1.302,0.064,240.840,5.400,0.000,0.000,18.0
2009-01-20,11:15:00,1.294,0.066,240.060,5.400,0.000,0.000,17.0
2009-01-20,11:16:00,1.416,0.000,239.530,5.800,0.000,0.000,18.0
2009-01-20,11:17:00,1.504,0.060,239.310,6.200,0.000,0.000,18.0
2009-01-20,11:18:00,1.502,0.060,239.220,6.200,0.000,0.000,17.0
2009-01-20,11:19:00,1.496,0.060,238.910,6.200,0.000,0.000,18.0
2009-01-20,11:20:00,1.504,0.062,239.750,6.200,0.000,0.000,17.0
2009-01-20,11:21:00,1.510,0.064,240.360,6.200,0.000,0.000,18.0
2009-01-20,11:22:00,1.512,0.064,240.630,6.200,0.000,0.000,18.0
2009-01-20,11:23:00,1.506,0.062,240.270,6.200,0.000,0.000,17.0
2009-01-20,11:24:00,1.520,0.066,241.660,6.200,0.000,0.000,18.0
2009-01-20,11:25:00,1.520,0.068,241.700,6.200,0.000,0.000,18.0
2009-01-20,11:26:00,1.522,0.068,241.850,6.200,0.000,0.000,18.0
2009-01-20,11:27:00,1.522,0.068,241.930,6.200,0.000,0.000,18.0
2009-01-20,11:28:00,1.514,0.066,241.460,6.200,0.000,0.000,18.0
2009-01-20,11:29:00,1.506,0.064,240.900,6.200,0.000,0.000,18.0
2009-01-20,11:30:00,1.502,0.064,240.600,6.200,0.000,0.000,18.0
2009-01-20,11:31:00,1.516,0.068,241.740,6.200,0.000,0.000,17.0
2009-01-20,11:32:00,1.514,0.068,241.660,6.200,0.000,0.000,18.0
2009-01-20,11:33:00,1.502,0.050,241.830,6.200,0.000,0.000,18.0
2009-01-20,11:34:00,1.626,0.070,241.250,6.600,0.000,0.000,18.0
2009-01-20,11:35:00,1.516,0.070,240.730,6.200,0.000,0.000,18.0
2009-01-20,11:36:00,1.522,0.068,241.150,6.200,0.000,0.000,18.0
2009-01-20,11:37:00,1.562,0.000,241.130,6.400,0.000,0.000,18.0
2009-01-20,11:38:00,1.764,0.000,241.090,7.200,0.000,0.000,17.0
2009-01-20,11:39:00,1.796,0.000,241.250,7.400,0.000,0.000,18.0
2009-01-20,11:40:00,1.788,0.000,240.570,7.400,0.000,0.000,18.0
2009-01-20,11:41:00,1.784,0.000,240.490,7.400,0.000,0.000,18.0
2009-01-20,11:42:00,1.778,0.000,240.130,7.400,0.000,0.000,17.0
2009-01-20,11:43:00,1.788,0.000,240.800,7.400,0.000,0.000,18.0
2009-01-20,11:44:00,1.786,0.000,241.950,7.400,0.000,0.000,18.0
2009-01-20,11:45:00,1.628,0.000,242.010,6.600,0.000,0.000,18.0
2009-01-20,11:46:00,1.592,0.000,241.220,6.600,0.000,0.000,18.0
2009-01-20,11:47:00,1.584,0.000,240.650,6.400,0.000,0.000,18.0
2009-01-20,11:48:00,1.426,0.000,240.650,5.800,0.000,0.000,17.0
2009-01-20,11:49:00,1.366,0.000,240.520,5.600,0.000,0.000,18.0
2009-01-20,11:50:00,1.366,0.000,240.430,5.600,0.000,0.000,18.0
2009-01-20,11:51:00,1.334,0.000,240.220,5.400,0.000,0.000,18.0
2009-01-20,11:52:00,1.292,0.068,239.710,5.400,0.000,0.000,17.0
2009-01-20,11:53:00,1.288,0.074,239.220,5.400,0.000,0.000,18.0
2009-01-20,11:54:00,1.292,0.074,239.620,5.400,0.000,0.000,17.0
2009-01-20,11:55:00,1.306,0.074,241.000,5.400,0.000,0.000,18.0
2009-01-20,11:56:00,1.302,0.074,240.570,5.400,0.000,0.000,18.0
2009-01-20,11:57:00,1.298,0.074,240.290,5.400,0.000,0.000,18.0
2009-01-20,11:58:00,1.306,0.072,240.710,5.400,0.000,0.000,17.0
2009-01-20,11:59:00,1.306,0.072,240.340,5.400,0.000,0.000,18.0
2009-01-20,12:00:00,1.298,0.074,239.520,5.400,0.000,0.000,18.0
2009-01-20,12:01:00,1.292,0.070,239.050,5.400,0.000,0.000,17.0
2009-01-20,12:02:00,1.300,0.066,240.120,5.400,0.000,0.000,18.0
2009-01-20,12:03:00,1.292,0.068,239.900,5.400,0.000,0.000,18.0
2009-01-20,12:04:00,1.294,0.068,239.970,5.400,0.000,0.000,17.0
2009-01-20,12:05:00,1.300,0.066,240.580,5.400,0.000,0.000,18.0
2009-01-20,12:06:00,1.294,0.068,239.940,5.400,0.000,0.000,18.0
2009-01-20,12:07:00,1.290,0.068,239.480,5.400,0.000,0.000,17.0
2009-01-20,12:08:00,1.392,0.000,239.630,5.800,0.000,0.000,18.0
2009-01-20,12:09:00,1.414,0.066,240.940,5.800,0.000,0.000,18.0
2009-01-20,12:10:00,1.420,0.068,241.780,5.800,0.000,0.000,17.0
2009-01-20,12:11:00,1.418,0.068,241.790,5.800,0.000,0.000,18.0
2009-01-20,12:12:00,1.422,0.070,242.210,5.800,0.000,0.000,18.0
2009-01-20,12:13:00,1.420,0.070,241.900,5.800,0.000,0.000,18.0
2009-01-20,12:14:00,1.420,0.068,241.710,5.800,0.000,0.000,18.0
2009-01-20,12:15:00,1.424,0.070,242.250,5.800,0.000,0.000,18.0
2009-01-20,12:16:00,1.436,0.074,243.510,5.800,0.000,0.000,18.0
2009-01-20,12:17:00,1.430,0.072,242.990,5.800,0.000,0.000,19.0
2009-01-20,12:18:00,1.506,0.070,242.720,6.200,0.000,0.000,18.0
2009-01-20,12:19:00,1.432,0.070,242.130,5.800,0.000,0.000,18.0
2009-01-20,12:20:00,1.412,0.068,241.500,5.800,0.000,0.000,17.0
2009-01-20,12:21:00,1.408,0.068,241.310,5.800,0.000,0.000,18.0
2009-01-20,12:22:00,1.414,0.070,241.940,5.800,0.000,0.000,18.0
2009-01-20,12:23:00,1.422,0.072,242.790,5.800,0.000,0.000,18.0
2009-01-20,12:24:00,1.490,0.172,241.940,6.200,0.000,0.000,18.0
2009-01-20,12:25:00,1.466,0.146,242.500,6.000,0.000,1.000,18.0
2009-01-20,12:26:00,1.412,0.060,242.720,5.800,0.000,1.000,18.0
2009-01-20,12:27:00,1.414,0.062,243.170,5.800,0.000,2.000,18.0
2009-01-20,12:28:00,1.412,0.060,242.840,5.800,0.000,1.000,19.0
2009-01-20,12:29:00,1.442,0.086,242.320,6.000,0.000,2.000,17.0
2009-01-20,12:30:00,1.492,0.162,242.130,6.200,0.000,1.000,18.0
2009-01-20,12:31:00,1.572,0.162,241.060,6.400,0.000,1.000,18.0
2009-01-20,12:32:00,3.134,0.150,240.120,14.200,0.000,2.000,18.0
2009-01-20,12:33:00,4.478,0.136,238.380,18.800,0.000,1.000,17.0
2009-01-20,12:34:00,4.462,0.136,238.010,18.600,0.000,2.000,18.0
2009-01-20,12:35:00,3.756,0.320,239.020,16.600,0.000,1.000,17.0
2009-01-20,12:36:00,1.978,0.350,241.240,8.200,0.000,1.000,18.0
2009-01-20,12:37:00,2.436,0.340,241.380,11.000,0.000,2.000,18.0
2009-01-20,12:38:00,1.976,0.336,241.830,8.200,0.000,1.000,18.0
2009-01-20,12:39:00,2.458,0.328,241.230,11.200,0.000,2.000,18.0
2009-01-20,12:40:00,1.964,0.330,241.380,8.200,0.000,1.000,18.0
2009-01-20,12:41:00,1.946,0.326,240.260,8.200,0.000,1.000,17.0
2009-01-20,12:42:00,1.948,0.324,240.560,8.200,0.000,1.000,18.0
2009-01-20,12:43:00,1.920,0.264,241.510,8.000,0.000,2.000,18.0
2009-01-20,12:44:00,1.900,0.220,242.170,7.800,0.000,1.000,18.0
2009-01-20,12:45:00,1.892,0.216,241.660,7.800,0.000,1.000,18.0
2009-01-20,12:46:00,1.886,0.214,241.340,7.800,0.000,2.000,18.0
2009-01-20,12:47:00,1.972,0.308,241.380,8.200,0.000,1.000,18.0
2009-01-20,12:48:00,1.928,0.226,241.860,8.000,0.000,0.000,17.0
2009-01-20,12:49:00,1.918,0.226,241.420,8.000,0.000,0.000,18.0
2009-01-20,12:50:00,1.918,0.224,241.480,8.000,0.000,0.000,18.0
2009-01-20,12:51:00,1.920,0.224,241.690,8.000,0.000,0.000,18.0
2009-01-20,12:52:00,1.760,0.122,241.540,7.200,0.000,0.000,18.0
2009-01-20,12:53:00,1.676,0.070,241.370,6.800,0.000,0.000,18.0
2009-01-20,12:54:00,1.666,0.068,240.570,6.800,0.000,0.000,18.0
2009-01-20,12:55:00,1.668,0.068,240.810,6.800,0.000,0.000,17.0
2009-01-20,12:56:00,1.672,0.070,241.170,6.800,0.000,0.000,18.0
2009-01-20,12:57:00,1.668,0.068,240.970,6.800,0.000,0.000,18.0
2009-01-20,12:58:00,1.676,0.070,241.620,6.800,0.000,0.000,18.0
2009-01-20,12:59:00,1.678,0.072,241.880,6.800,0.000,0.000,18.0
2009-01-20,13:00:00,1.682,0.074,242.390,6.800,0.000,0.000,18.0
2009-01-20,13:01:00,1.672,0.070,241.500,6.800,0.000,0.000,18.0
2009-01-20,13:02:00,1.656,0.068,240.330,6.800,0.000,0.000,18.0
2009-01-20,13:03:00,1.656,0.068,240.980,6.800,0.000,0.000,17.0
2009-01-20,13:04:00,1.662,0.070,241.390,6.800,0.000,0.000,18.0
2009-01-20,13:05:00,1.660,0.070,241.320,6.800,0.000,0.000,18.0
2009-01-20,13:06:00,1.620,0.000,241.260,6.600,0.000,0.000,18.0
2009-01-20,13:07:00,1.578,0.062,242.200,6.400,0.000,0.000,18.0
2009-01-20,13:08:00,1.576,0.062,242.000,6.400,0.000,0.000,18.0
2009-01-20,13:09:00,1.572,0.062,241.430,6.400,0.000,0.000,18.0
2009-01-20,13:10:00,1.580,0.062,241.800,6.400,0.000,0.000,18.0
2009-01-20,13:11:00,1.570,0.062,241.310,6.400,0.000,0.000,17.0
2009-01-20,13:12:00,1.556,0.064,240.430,6.400,0.000,0.000,18.0
2009-01-20,13:13:00,1.548,0.064,239.610,6.400,0.000,0.000,18.0
2009-01-20,13:14:00,1.554,0.064,240.160,6.400,0.000,0.000,17.0
2009-01-20,13:15:00,1.564,0.064,240.960,6.400,0.000,0.000,18.0
2009-01-20,13:16:00,1.560,0.064,240.600,6.400,0.000,0.000,18.0
2009-01-20,13:17:00,1.570,0.062,241.430,6.400,0.000,0.000,18.0
2009-01-20,13:18:00,1.574,0.062,241.710,6.400,0.000,0.000,18.0
2009-01-20,13:19:00,1.580,0.062,242.090,6.400,0.000,0.000,18.0
2009-01-20,13:20:00,1.584,0.062,242.530,6.400,0.000,0.000,18.0
2009-01-20,13:21:00,1.652,0.000,242.670,6.800,0.000,0.000,18.0
2009-01-20,13:22:00,1.658,0.000,242.390,6.800,0.000,0.000,18.0
2009-01-20,13:23:00,1.660,0.000,242.450,6.800,0.000,0.000,18.0
2009-01-20,13:24:00,1.662,0.000,242.750,6.800,0.000,0.000,18.0
2009-01-20,13:25:00,1.652,0.000,242.040,6.800,0.000,0.000,18.0
2009-01-20,13:26:00,1.648,0.000,241.890,6.800,0.000,0.000,18.0
2009-01-20,13:27:00,1.658,0.048,242.710,6.800,0.000,0.000,18.0
2009-01-20,13:28:00,1.666,0.050,243.470,6.800,0.000,0.000,18.0
2009-01-20,13:29:00,1.664,0.050,243.530,6.800,0.000,0.000,18.0
2009-01-20,13:30:00,1.664,0.050,243.530,6.800,0.000,0.000,18.0
2009-01-20,13:31:00,1.660,0.050,243.190,6.800,0.000,0.000,18.0
2009-01-20,13:32:00,1.658,0.050,243.220,6.800,0.000,0.000,19.0
2009-01-20,13:33:00,1.656,0.050,242.980,6.800,0.000,0.000,18.0
2009-01-20,13:34:00,1.650,0.048,242.610,6.800,0.000,0.000,18.0
2009-01-20,13:35:00,1.616,0.000,242.810,6.600,0.000,0.000,18.0
2009-01-20,13:36:00,1.556,0.052,243.650,6.400,0.000,0.000,18.0
2009-01-20,13:37:00,1.342,0.000,244.610,5.400,0.000,0.000,18.0
2009-01-20,13:38:00,1.424,0.090,244.650,5.800,0.000,0.000,19.0
2009-01-20,13:39:00,1.414,0.088,244.060,5.800,0.000,0.000,18.0
2009-01-20,13:40:00,1.402,0.084,243.000,5.600,0.000,0.000,18.0
2009-01-20,13:41:00,1.396,0.084,242.660,5.600,0.000,0.000,18.0
2009-01-20,13:42:00,1.390,0.082,242.230,5.600,0.000,0.000,18.0
2009-01-20,13:43:00,1.386,0.082,241.800,5.600,0.000,0.000,18.0
2009-01-20,13:44:00,1.374,0.078,240.840,5.600,0.000,0.000,18.0
2009-01-20,13:45:00,1.372,0.078,240.710,5.600,0.000,0.000,17.0
2009-01-20,13:46:00,1.368,0.078,240.500,5.600,0.000,0.000,18.0
2009-01-20,13:47:00,1.370,0.078,240.710,5.600,0.000,0.000,18.0
2009-01-20,13:48:00,1.368,0.078,240.580,5.600,0.000,0.000,18.0
2009-01-20,13:49:00,1.366,0.076,240.420,5.600,0.000,0.000,17.0
2009-01-20,13:50:00,1.366,0.078,240.620,5.600,0.000,0.000,18.0
2009-01-20,13:51:00,1.380,0.082,242.010,5.600,0.000,0.000,18.0
2009-01-20,13:52:00,1.368,0.078,240.920,5.600,0.000,0.000,18.0
2009-01-20,13:53:00,1.360,0.076,240.220,5.600,0.000,0.000,18.0
2009-01-20,13:54:00,1.358,0.076,240.020,5.600,0.000,0.000,17.0
2009-01-20,13:55:00,1.344,0.068,239.190,5.600,0.000,0.000,18.0
2009-01-20,13:56:00,1.280,0.052,241.450,5.200,0.000,0.000,18.0
2009-01-20,13:57:00,1.274,0.052,240.950,5.200,0.000,0.000,18.0
2009-01-20,13:58:00,1.272,0.052,240.650,5.200,0.000,0.000,17.0
2009-01-20,13:59:00,1.272,0.052,240.670,5.200,0.000,0.000,18.0
2009-01-20,14:00:00,1.274,0.052,240.870,5.200,0.000,0.000,18.0
2009-01-20,14:01:00,1.282,0.052,241.630,5.200,0.000,0.000,18.0
2009-01-20,14:02:00,1.284,0.052,241.800,5.200,0.000,0.000,18.0
2009-01-20,14:03:00,1.276,0.052,241.130,5.200,0.000,0.000,17.0
2009-01-20,14:04:00,1.280,0.052,241.510,5.200,0.000,0.000,18.0
2009-01-20,14:05:00,1.272,0.052,240.730,5.200,0.000,0.000,18.0
2009-01-20,14:06:00,1.270,0.054,240.510,5.200,0.000,0.000,18.0
2009-01-20,14:07:00,1.292,0.050,242.490,5.200,0.000,0.000,18.0
2009-01-20,14:08:00,1.294,0.050,242.710,5.200,0.000,0.000,18.0
2009-01-20,14:09:00,1.280,0.052,241.450,5.200,0.000,0.000,18.0
2009-01-20,14:10:00,1.288,0.052,242.210,5.200,0.000,0.000,18.0
2009-01-20,14:11:00,1.294,0.050,242.780,5.200,0.000,0.000,18.0
2009-01-20,14:12:00,1.300,0.050,243.350,5.200,0.000,0.000,18.0
2009-01-20,14:13:00,1.380,0.000,243.260,5.600,0.000,0.000,18.0
2009-01-20,14:14:00,1.374,0.056,243.360,5.600,0.000,0.000,18.0
2009-01-20,14:15:00,1.380,0.056,243.720,5.600,0.000,0.000,18.0
2009-01-20,14:16:00,1.384,0.058,244.230,5.600,0.000,0.000,19.0
2009-01-20,14:17:00,1.382,0.058,244.160,5.600,0.000,0.000,18.0
2009-01-20,14:18:00,1.382,0.058,244.290,5.600,0.000,0.000,18.0
2009-01-20,14:19:00,1.376,0.058,243.970,5.600,0.000,0.000,18.0
2009-01-20,14:20:00,1.378,0.058,244.210,5.600,0.000,0.000,19.0
2009-01-20,14:21:00,1.388,0.060,245.220,5.600,0.000,0.000,18.0
2009-01-20,14:22:00,1.386,0.058,244.930,5.600,0.000,0.000,19.0
2009-01-20,14:23:00,1.378,0.058,244.230,5.600,0.000,0.000,18.0
2009-01-20,14:24:00,1.384,0.060,244.910,5.600,0.000,0.000,18.0
2009-01-20,14:25:00,1.358,0.000,244.720,5.400,0.000,0.000,19.0
2009-01-20,14:26:00,1.312,0.048,244.220,5.200,0.000,0.000,18.0
2009-01-20,14:27:00,1.306,0.048,243.260,5.200,0.000,0.000,18.0
2009-01-20,14:28:00,1.392,0.000,244.230,5.600,0.000,0.000,18.0
2009-01-20,14:29:00,1.426,0.090,244.310,5.800,0.000,0.000,18.0
2009-01-20,14:30:00,1.410,0.086,243.100,5.800,0.000,0.000,19.0
2009-01-20,14:31:00,1.412,0.088,243.390,5.800,0.000,0.000,18.0
2009-01-20,14:32:00,1.416,0.090,243.910,5.800,0.000,0.000,18.0
2009-01-20,14:33:00,1.408,0.086,243.210,5.800,0.000,0.000,18.0
2009-01-20,14:34:00,1.402,0.086,242.790,5.800,0.000,0.000,18.0
2009-01-20,14:35:00,1.408,0.088,243.480,5.800,0.000,0.000,18.0
2009-01-20,14:36:00,1.410,0.088,243.660,5.800,0.000,0.000,18.0
2009-01-20,14:37:00,1.410,0.088,243.850,5.800,0.000,0.000,19.0
2009-01-20,14:38:00,1.418,0.092,244.680,5.800,0.000,0.000,18.0
2009-01-20,14:39:00,1.420,0.092,244.960,5.800,0.000,0.000,18.0
2009-01-20,14:40:00,1.414,0.090,244.420,5.800,0.000,0.000,19.0
2009-01-20,14:41:00,1.418,0.092,245.000,5.800,0.000,0.000,18.0
2009-01-20,14:42:00,1.424,0.094,245.560,5.800,0.000,0.000,19.0
2009-01-20,14:43:00,1.432,0.096,246.290,5.800,0.000,0.000,18.0
2009-01-20,14:44:00,1.432,0.096,246.170,5.800,0.000,0.000,19.0
2009-01-20,14:45:00,1.414,0.076,245.730,5.600,0.000,0.000,18.0
2009-01-20,14:46:00,1.328,0.046,245.500,5.400,0.000,0.000,19.0
2009-01-20,14:47:00,1.332,0.046,245.840,5.400,0.000,0.000,18.0
2009-01-20,14:48:00,1.330,0.046,245.540,5.400,0.000,0.000,19.0
2009-01-20,14:49:00,1.334,0.046,246.030,5.400,0.000,0.000,18.0
2009-01-20,14:50:00,1.332,0.046,245.800,5.400,0.000,0.000,19.0
2009-01-20,14:51:00,1.324,0.048,245.230,5.400,0.000,0.000,18.0
2009-01-20,14:52:00,1.326,0.046,245.470,5.400,0.000,0.000,18.0
2009-01-20,14:53:00,1.328,0.046,245.550,5.400,0.000,0.000,19.0
2009-01-20,14:54:00,1.330,0.046,245.740,5.400,0.000,0.000,18.0
2009-01-20,14:55:00,1.332,0.046,245.950,5.400,0.000,0.000,19.0
2009-01-20,14:56:00,1.328,0.046,245.610,5.400,0.000,0.000,18.0
2009-01-20,14:57:00,1.322,0.048,245.020,5.400,0.000,0.000,19.0
2009-01-20,14:58:00,1.326,0.046,245.490,5.400,0.000,0.000,18.0
2009-01-20,14:59:00,1.332,0.046,246.050,5.400,0.000,0.000,19.0
2009-01-20,15:00:00,1.330,0.046,245.790,5.400,0.000,0.000,18.0
2009-01-20,15:01:00,1.386,0.000,246.150,5.600,0.000,0.000,19.0
2009-01-20,15:02:00,1.416,0.082,246.200,5.600,0.000,1.000,18.0
2009-01-20,15:03:00,1.418,0.082,246.310,5.600,0.000,1.000,19.0
2009-01-20,15:04:00,1.496,0.172,246.110,6.000,0.000,1.000,19.0
2009-01-20,15:05:00,1.488,0.190,245.850,6.000,0.000,2.000,18.0
2009-01-20,15:06:00,1.498,0.192,246.560,6.000,0.000,1.000,19.0
2009-01-20,15:07:00,1.498,0.192,246.740,6.000,0.000,2.000,18.0
2009-01-20,15:08:00,1.500,0.192,246.940,6.000,0.000,1.000,19.0
2009-01-20,15:09:00,1.506,0.196,247.700,6.000,0.000,2.000,19.0
2009-01-20,15:10:00,1.492,0.192,246.830,6.000,0.000,1.000,18.0
2009-01-20,15:11:00,1.488,0.192,246.830,6.000,0.000,1.000,19.0
2009-01-20,15:12:00,1.480,0.190,246.300,6.000,0.000,2.000,19.0
2009-01-20,15:13:00,1.482,0.190,246.490,6.000,0.000,1.000,18.0
2009-01-20,15:14:00,1.468,0.186,245.180,6.000,0.000,2.000,19.0
2009-01-20,15:15:00,1.472,0.188,245.650,6.000,0.000,1.000,18.0
2009-01-20,15:16:00,1.464,0.172,245.170,6.000,0.000,1.000,19.0
2009-01-20,15:17:00,1.398,0.076,244.770,5.600,0.000,2.000,18.0
2009-01-20,15:18:00,1.430,0.100,244.930,5.800,0.000,1.000,18.0
2009-01-20,15:19:00,1.510,0.218,244.990,6.200,0.000,1.000,19.0
2009-01-20,15:20:00,1.502,0.216,244.500,6.200,0.000,2.000,18.0
2009-01-20,15:21:00,1.504,0.218,245.110,6.200,0.000,1.000,18.0
2009-01-20,15:22:00,1.512,0.224,246.450,6.200,0.000,1.000,19.0
2009-01-20,15:23:00,1.510,0.224,246.560,6.200,0.000,1.000,19.0
2009-01-20,15:24:00,1.506,0.222,246.260,6.000,0.000,2.000,18.0
2009-01-20,15:25:00,1.482,0.186,246.040,6.000,0.000,1.000,19.0
2009-01-20,15:26:00,1.424,0.092,245.680,5.800,0.000,0.000,18.0
2009-01-20,15:27:00,1.430,0.094,246.360,5.800,0.000,0.000,19.0
2009-01-20,15:28:00,1.432,0.096,246.560,5.800,0.000,0.000,18.0
2009-01-20,15:29:00,1.428,0.096,246.450,5.800,0.000,0.000,19.0
2009-01-20,15:30:00,1.422,0.092,245.870,5.800,0.000,0.000,18.0
2009-01-20,15:31:00,1.416,0.092,245.370,5.600,0.000,0.000,19.0
2009-01-20,15:32:00,1.416,0.092,245.500,5.600,0.000,0.000,18.0
2009-01-20,15:33:00,1.424,0.094,246.190,5.800,0.000,0.000,19.0
2009-01-20,15:34:00,1.434,0.098,247.220,5.800,0.000,0.000,19.0
2009-01-20,15:35:00,1.442,0.100,248.080,5.800,0.000,0.000,18.0
2009-01-20,15:36:00,1.368,0.000,246.650,5.400,0.000,0.000,19.0
2009-01-20,15:37:00,1.330,0.046,246.470,5.400,0.000,0.000,19.0
2009-01-20,15:38:00,1.322,0.048,245.740,5.400,0.000,0.000,18.0
2009-01-20,15:39:00,1.324,0.048,245.850,5.400,0.000,0.000,19.0
2009-01-20,15:40:00,1.324,0.048,245.840,5.400,0.000,0.000,18.0
2009-01-20,15:41:00,1.328,0.046,246.180,5.400,0.000,0.000,19.0
2009-01-20,15:42:00,1.326,0.048,246.050,5.400,0.000,0.000,18.0
2009-01-20,15:43:00,1.328,0.046,246.150,5.400,0.000,0.000,19.0
2009-01-20,15:44:00,1.328,0.046,246.190,5.400,0.000,0.000,18.0
2009-01-20,15:45:00,1.328,0.046,246.280,5.400,0.000,0.000,19.0
2009-01-20,15:46:00,1.326,0.046,246.110,5.400,0.000,0.000,18.0
2009-01-20,15:47:00,1.334,0.046,246.830,5.400,0.000,0.000,19.0
2009-01-20,15:48:00,1.340,0.000,247.300,5.400,0.000,0.000,19.0
2009-01-20,15:49:00,1.330,0.046,246.340,5.400,0.000,0.000,18.0
2009-01-20,15:50:00,1.326,0.048,246.110,5.400,0.000,0.000,19.0
2009-01-20,15:51:00,1.324,0.048,245.890,5.400,0.000,0.000,18.0
2009-01-20,15:52:00,1.318,0.048,245.300,5.200,0.000,0.000,19.0
2009-01-20,15:53:00,1.318,0.048,245.210,5.200,0.000,0.000,18.0
2009-01-20,15:54:00,1.322,0.048,245.680,5.400,0.000,0.000,19.0
2009-01-20,15:55:00,1.320,0.048,245.360,5.400,0.000,0.000,18.0
2009-01-20,15:56:00,1.394,0.000,244.360,5.600,0.000,0.000,19.0
2009-01-20,15:57:00,1.384,0.056,244.330,5.600,0.000,0.000,18.0
2009-01-20,15:58:00,1.390,0.056,244.820,5.600,0.000,0.000,18.0
2009-01-20,15:59:00,1.394,0.058,245.180,5.600,0.000,0.000,19.0
2009-01-20,16:00:00,1.396,0.058,245.590,5.600,0.000,0.000,18.0
2009-01-20,16:01:00,1.402,0.060,246.300,5.600,0.000,0.000,19.0
2009-01-20,16:02:00,1.408,0.062,246.940,5.600,0.000,0.000,18.0
2009-01-20,16:03:00,1.416,0.066,247.750,5.600,0.000,0.000,19.0
2009-01-20,16:04:00,1.406,0.064,247.010,5.600,0.000,0.000,19.0
2009-01-20,16:05:00,1.408,0.064,247.130,5.600,0.000,0.000,18.0
2009-01-20,16:06:00,1.410,0.064,247.370,5.600,0.000,0.000,19.0
2009-01-20,16:07:00,1.408,0.064,247.180,5.600,0.000,0.000,19.0
2009-01-20,16:08:00,1.384,0.000,246.350,5.600,0.000,0.000,18.0
2009-01-20,16:09:00,1.352,0.000,246.610,5.400,0.000,0.000,19.0
2009-01-20,16:10:00,1.442,0.096,246.410,5.800,0.000,0.000,19.0
2009-01-20,16:11:00,1.448,0.098,247.150,5.800,0.000,0.000,18.0
2009-01-20,16:12:00,1.454,0.100,247.730,5.800,0.000,0.000,19.0
2009-01-20,16:13:00,1.446,0.098,247.100,5.800,0.000,0.000,19.0
2009-01-20,16:14:00,1.434,0.094,246.060,5.800,0.000,0.000,18.0
2009-01-20,16:15:00,1.436,0.094,246.370,5.800,0.000,0.000,19.0
2009-01-20,16:16:00,1.436,0.094,246.440,5.800,0.000,0.000,19.0
2009-01-20,16:17:00,1.430,0.092,245.840,5.800,0.000,0.000,18.0
2009-01-20,16:18:00,1.444,0.094,246.620,5.800,0.000,0.000,19.0
2009-01-20,16:19:00,1.448,0.098,247.170,5.800,0.000,0.000,18.0
2009-01-20,16:20:00,1.436,0.094,246.260,5.800,0.000,0.000,19.0
2009-01-20,16:21:00,1.426,0.094,246.220,5.800,0.000,0.000,19.0
2009-01-20,16:22:00,1.422,0.092,245.950,5.800,0.000,0.000,18.0
2009-01-20,16:23:00,1.426,0.094,246.370,5.800,0.000,0.000,19.0
2009-01-20,16:24:00,1.438,0.098,247.410,5.800,0.000,0.000,18.0
2009-01-20,16:25:00,1.446,0.102,248.310,5.800,0.000,0.000,19.0
2009-01-20,16:26:00,1.438,0.098,247.520,5.800,0.000,0.000,19.0
2009-01-20,16:27:00,1.372,0.000,246.910,5.400,0.000,0.000,19.0
2009-01-20,16:28:00,1.338,0.000,247.030,5.400,0.000,0.000,18.0
2009-01-20,16:29:00,1.336,0.000,246.870,5.400,0.000,0.000,19.0
2009-01-20,16:30:00,1.342,0.000,247.500,5.400,0.000,0.000,19.0
2009-01-20,16:31:00,1.350,0.000,248.050,5.400,0.000,0.000,19.0
2009-01-20,16:32:00,1.344,0.000,247.390,5.400,0.000,0.000,18.0
2009-01-20,16:33:00,1.344,0.046,246.770,5.400,0.000,0.000,19.0
2009-01-20,16:34:00,1.336,0.046,246.050,5.400,0.000,0.000,18.0
2009-01-20,16:35:00,1.346,0.000,246.970,5.400,0.000,0.000,19.0
2009-01-20,16:36:00,1.350,0.000,247.350,5.400,0.000,0.000,19.0
2009-01-20,16:37:00,1.358,0.000,248.170,5.400,0.000,0.000,19.0
2009-01-20,16:38:00,1.350,0.000,247.480,5.400,0.000,0.000,18.0
2009-01-20,16:39:00,1.356,0.000,248.080,5.400,0.000,0.000,19.0
2009-01-20,16:40:00,1.350,0.000,247.570,5.400,0.000,0.000,19.0
2009-01-20,16:41:00,1.348,0.000,247.490,5.400,0.000,0.000,19.0
2009-01-20,16:42:00,1.350,0.000,247.710,5.400,0.000,0.000,19.0
2009-01-20,16:43:00,1.346,0.000,247.170,5.400,0.000,0.000,18.0
2009-01-20,16:44:00,1.348,0.000,247.500,5.400,0.000,0.000,19.0
2009-01-20,16:45:00,1.352,0.000,247.920,5.400,0.000,0.000,19.0
2009-01-20,16:46:00,1.356,0.000,248.320,5.400,0.000,0.000,19.0
2009-01-20,16:47:00,1.394,0.000,248.110,5.600,0.000,0.000,19.0
2009-01-20,16:48:00,1.430,0.068,248.100,5.600,0.000,0.000,18.0
2009-01-20,16:49:00,1.440,0.070,248.860,5.800,0.000,0.000,19.0
2009-01-20,16:50:00,1.442,0.070,249.010,5.800,0.000,0.000,19.0
2009-01-20,16:51:00,1.432,0.066,248.070,5.600,0.000,0.000,19.0
2009-01-20,16:52:00,1.424,0.064,247.530,5.600,0.000,0.000,19.0
2009-01-20,16:53:00,1.416,0.062,246.890,5.600,0.000,0.000,19.0
2009-01-20,16:54:00,1.412,0.062,246.670,5.600,0.000,0.000,18.0
2009-01-20,16:55:00,1.392,0.056,245.060,5.600,0.000,0.000,19.0
2009-01-20,16:56:00,1.388,0.056,244.760,5.600,0.000,0.000,18.0
2009-01-20,16:57:00,1.394,0.056,245.250,5.600,0.000,0.000,18.0
2009-01-20,16:58:00,1.378,0.054,243.900,5.600,0.000,0.000,19.0
2009-01-20,16:59:00,1.372,0.000,243.850,5.600,0.000,0.000,18.0
2009-01-20,17:00:00,1.308,0.052,243.770,5.200,0.000,0.000,18.0
2009-01-20,17:01:00,1.400,0.000,244.780,5.600,0.000,0.000,18.0
2009-01-20,17:02:00,1.436,0.090,245.210,5.800,0.000,0.000,19.0
2009-01-20,17:03:00,1.442,0.094,246.140,5.800,0.000,0.000,18.0
2009-01-20,17:04:00,1.420,0.088,244.290,5.800,0.000,0.000,19.0
2009-01-20,17:05:00,1.420,0.088,244.280,5.800,0.000,0.000,18.0
2009-01-20,17:06:00,1.418,0.088,244.260,5.800,0.000,0.000,18.0
2009-01-20,17:07:00,1.420,0.088,244.520,5.800,0.000,0.000,18.0
2009-01-20,17:08:00,1.416,0.088,244.250,5.800,0.000,0.000,19.0
2009-01-20,17:09:00,1.412,0.086,244.030,5.800,0.000,0.000,18.0
2009-01-20,17:10:00,1.398,0.084,243.490,5.600,0.000,0.000,18.0
2009-01-20,17:11:00,1.396,0.084,243.410,5.600,0.000,0.000,18.0
2009-01-20,17:12:00,1.398,0.086,243.550,5.600,0.000,0.000,18.0
2009-01-20,17:13:00,1.392,0.084,243.180,5.600,0.000,0.000,19.0
2009-01-20,17:14:00,1.386,0.082,242.730,5.600,0.000,0.000,18.0
2009-01-20,17:15:00,1.390,0.084,243.070,5.600,0.000,0.000,18.0
2009-01-20,17:16:00,1.406,0.088,243.970,5.600,0.000,0.000,18.0
2009-01-20,17:17:00,1.398,0.086,243.320,5.600,0.000,0.000,18.0
2009-01-20,17:18:00,1.380,0.064,242.890,5.600,0.000,0.000,18.0
2009-01-20,17:19:00,1.302,0.050,243.150,5.200,0.000,0.000,18.0
2009-01-20,17:20:00,1.308,0.050,243.710,5.200,0.000,0.000,18.0
2009-01-20,17:21:00,1.304,0.050,243.620,5.200,0.000,0.000,19.0
2009-01-20,17:22:00,1.298,0.052,243.340,5.200,0.000,0.000,18.0
2009-01-20,17:23:00,1.298,0.050,243.370,5.200,0.000,0.000,18.0
2009-01-20,17:24:00,1.298,0.050,243.380,5.200,0.000,0.000,18.0
2009-01-20,17:25:00,1.294,0.052,242.950,5.200,0.000,0.000,18.0
2009-01-20,17:26:00,1.292,0.052,242.730,5.200,0.000,0.000,18.0
2009-01-20,17:27:00,1.294,0.052,242.890,5.200,0.000,0.000,18.0
2009-01-20,17:28:00,1.296,0.052,243.260,5.200,0.000,0.000,18.0
2009-01-20,17:29:00,1.282,0.052,241.830,5.200,0.000,0.000,18.0
2009-01-20,17:30:00,1.276,0.054,241.180,5.200,0.000,0.000,18.0
2009-01-20,17:31:00,1.310,0.054,241.300,5.400,0.000,0.000,18.0
2009-01-20,17:32:00,1.296,0.054,240.930,5.400,0.000,0.000,18.0
2009-01-20,17:33:00,1.570,0.058,241.320,6.400,0.000,0.000,18.0
2009-01-20,17:34:00,1.568,0.058,241.220,6.400,0.000,0.000,17.0
2009-01-20,17:35:00,1.574,0.056,241.780,6.400,0.000,0.000,18.0
2009-01-20,17:36:00,1.604,0.058,241.600,6.600,0.000,0.000,18.0
2009-01-20,17:37:00,1.632,0.058,241.330,6.600,0.000,0.000,18.0
2009-01-20,17:38:00,1.626,0.058,240.920,6.600,0.000,0.000,18.0
2009-01-20,17:39:00,1.928,0.114,240.500,8.000,0.000,0.000,18.0
2009-01-20,17:40:00,1.780,0.166,240.720,7.400,0.000,1.000,17.0
2009-01-20,17:41:00,1.778,0.166,240.580,7.400,0.000,1.000,18.0
2009-01-20,17:42:00,1.798,0.170,242.020,7.400,0.000,2.000,18.0
2009-01-20,17:43:00,1.804,0.172,242.490,7.400,0.000,1.000,18.0
2009-01-20,17:44:00,1.784,0.168,241.050,7.400,0.000,1.000,18.0
2009-01-20,17:45:00,1.784,0.168,241.120,7.400,0.000,2.000,18.0
2009-01-20,17:46:00,1.782,0.166,241.100,7.400,0.000,1.000,17.0
2009-01-20,17:47:00,1.770,0.164,240.270,7.400,0.000,1.000,18.0
2009-01-20,17:48:00,1.778,0.166,240.880,7.400,0.000,2.000,18.0
2009-01-20,17:49:00,1.766,0.166,240.710,7.200,0.000,1.000,18.0
2009-01-20,17:50:00,1.722,0.170,241.600,7.000,0.000,2.000,18.0
2009-01-20,17:51:00,1.382,0.168,242.380,6.200,0.000,1.000,14.0
2009-01-20,17:52:00,0.312,0.096,241.810,1.400,0.000,1.000,0.0
2009-01-20,17:53:00,0.398,0.212,241.540,1.800,0.000,2.000,0.0
2009-01-20,17:54:00,0.394,0.212,241.420,1.800,0.000,1.000,0.0
2009-01-20,17:55:00,0.390,0.212,241.210,1.800,0.000,2.000,0.0
2009-01-20,17:56:00,0.390,0.212,241.390,1.800,0.000,1.000,0.0
2009-01-20,17:57:00,0.388,0.216,242.330,1.800,0.000,1.000,0.0
2009-01-20,17:58:00,0.386,0.216,242.380,1.800,0.000,1.000,0.0
2009-01-20,17:59:00,0.384,0.216,242.170,1.800,0.000,2.000,0.0
2009-01-20,18:00:00,0.380,0.210,240.940,1.800,0.000,1.000,0.0
2009-01-20,18:01:00,0.606,0.218,241.410,2.800,0.000,1.000,0.0
2009-01-20,18:02:00,0.670,0.208,241.150,2.800,0.000,1.000,0.0
2009-01-20,18:03:00,0.602,0.140,241.200,2.600,0.000,1.000,0.0
2009-01-20,18:04:00,0.570,0.088,242.170,2.400,0.000,0.000,0.0
2009-01-20,18:05:00,0.572,0.088,242.570,2.400,0.000,0.000,0.0
2009-01-20,18:06:00,0.568,0.086,241.820,2.400,0.000,0.000,0.0
2009-01-20,18:07:00,0.924,0.190,241.080,5.000,0.000,0.000,0.0
2009-01-20,18:08:00,0.580,0.086,241.780,2.400,0.000,0.000,0.0
2009-01-20,18:09:00,0.586,0.084,241.300,2.400,0.000,0.000,0.0
2009-01-20,18:10:00,0.508,0.000,241.160,2.000,0.000,0.000,0.0
2009-01-20,18:11:00,0.470,0.046,241.180,1.800,0.000,0.000,0.0
2009-01-20,18:12:00,0.472,0.046,241.870,1.800,0.000,0.000,0.0
2009-01-20,18:13:00,0.472,0.046,242.030,2.000,0.000,0.000,0.0
2009-01-20,18:14:00,0.470,0.046,240.950,1.800,0.000,0.000,0.0
2009-01-20,18:15:00,0.468,0.048,240.030,1.800,0.000,0.000,0.0
2009-01-20,18:16:00,0.476,0.046,240.400,2.000,0.000,0.000,0.0
2009-01-20,18:17:00,0.474,0.046,240.400,2.000,0.000,0.000,0.0
2009-01-20,18:18:00,0.468,0.046,240.740,1.800,0.000,0.000,0.0
2009-01-20,18:19:00,0.470,0.046,241.350,1.800,0.000,0.000,0.0
2009-01-20,18:20:00,0.470,0.046,240.810,1.800,0.000,0.000,0.0
2009-01-20,18:21:00,0.468,0.046,240.690,1.800,0.000,0.000,0.0
2009-01-20,18:22:00,0.468,0.048,240.130,1.800,0.000,0.000,0.0
2009-01-20,18:23:00,0.466,0.048,240.120,1.800,0.000,0.000,0.0
2009-01-20,18:24:00,0.468,0.048,240.250,1.800,0.000,0.000,0.0
2009-01-20,18:25:00,0.470,0.046,240.860,1.800,0.000,0.000,0.0
2009-01-20,18:26:00,0.470,0.046,240.990,1.800,0.000,0.000,0.0
2009-01-20,18:27:00,0.470,0.046,241.230,1.800,0.000,0.000,0.0
2009-01-20,18:28:00,0.472,0.046,241.450,1.800,0.000,0.000,0.0
2009-01-20,18:29:00,0.468,0.048,240.710,1.800,0.000,0.000,0.0
2009-01-20,18:30:00,0.468,0.048,240.000,1.800,0.000,0.000,0.0
2009-01-20,18:31:00,0.520,0.000,240.510,2.200,0.000,0.000,0.0
2009-01-20,18:32:00,0.552,0.056,240.890,2.200,0.000,0.000,0.0
2009-01-20,18:33:00,0.554,0.056,241.480,2.200,0.000,0.000,0.0
2009-01-20,18:34:00,0.550,0.054,240.620,2.200,0.000,0.000,0.0
2009-01-20,18:35:00,0.548,0.054,239.940,2.200,0.000,0.000,0.0
2009-01-20,18:36:00,0.546,0.052,239.660,2.200,0.000,0.000,0.0
2009-01-20,18:37:00,0.548,0.056,240.840,2.200,0.000,0.000,0.0
2009-01-20,18:38:00,0.546,0.054,240.560,2.200,0.000,0.000,0.0
2009-01-20,18:39:00,0.540,0.056,241.090,2.200,0.000,0.000,0.0
2009-01-20,18:40:00,0.538,0.056,241.220,2.200,0.000,0.000,0.0
2009-01-20,18:41:00,0.544,0.056,240.960,2.200,0.000,0.000,0.0
2009-01-20,18:42:00,0.544,0.056,241.130,2.200,0.000,0.000,0.0
2009-01-20,18:43:00,0.522,0.000,240.450,2.200,0.000,0.000,0.0
2009-01-20,18:44:00,0.516,0.000,240.110,2.200,0.000,0.000,0.0
2009-01-20,18:45:00,0.584,0.084,240.090,2.400,0.000,0.000,0.0
2009-01-20,18:46:00,0.502,0.088,240.950,2.200,0.000,0.000,0.0
2009-01-20,18:47:00,0.472,0.088,240.660,2.000,0.000,0.000,0.0
2009-01-20,18:48:00,0.700,0.114,241.470,3.000,0.000,0.000,0.0
2009-01-20,18:49:00,0.698,0.112,241.920,3.000,0.000,0.000,0.0
2009-01-20,18:50:00,0.602,0.086,240.930,2.400,0.000,0.000,0.0
2009-01-20,18:51:00,0.602,0.086,241.240,2.400,0.000,0.000,0.0
2009-01-20,18:52:00,0.600,0.086,241.160,2.400,0.000,0.000,0.0
2009-01-20,18:53:00,0.602,0.090,242.170,2.400,0.000,0.000,0.0
2009-01-20,18:54:00,0.556,0.090,241.830,2.200,0.000,0.000,0.0
2009-01-20,18:55:00,0.778,0.236,241.460,3.400,0.000,0.000,0.0
2009-01-20,18:56:00,0.752,0.176,241.140,3.400,0.000,0.000,0.0
2009-01-20,18:57:00,1.400,0.178,240.710,6.000,0.000,0.000,0.0
2009-01-20,18:58:00,1.320,0.084,240.430,5.400,0.000,0.000,0.0
2009-01-20,18:59:00,1.322,0.084,240.790,5.400,0.000,0.000,0.0
2009-01-20,19:00:00,1.314,0.082,240.090,5.400,0.000,0.000,0.0
2009-01-20,19:01:00,1.324,0.086,241.510,5.400,0.000,0.000,0.0
2009-01-20,19:02:00,1.022,0.000,240.360,4.200,0.000,0.000,0.0
2009-01-20,19:03:00,0.944,0.000,240.470,3.800,0.000,0.000,0.0
2009-01-20,19:04:00,0.598,0.048,239.930,2.600,0.000,0.000,0.0
2009-01-20,19:05:00,0.378,0.048,241.600,1.600,0.000,0.000,0.0
2009-01-20,19:06:00,0.322,0.000,243.320,1.600,0.000,0.000,0.0
2009-01-20,19:07:00,0.386,0.046,243.350,1.600,0.000,0.000,0.0
2009-01-20,19:08:00,0.278,0.000,242.280,1.200,0.000,0.000,0.0
2009-01-20,19:09:00,0.210,0.000,242.350,0.800,0.000,0.000,0.0
2009-01-20,19:10:00,0.212,0.000,242.570,0.800,0.000,0.000,0.0
2009-01-20,19:11:00,0.210,0.000,241.800,0.800,0.000,0.000,0.0
2009-01-20,19:12:00,0.340,0.048,241.150,1.400,0.000,0.000,0.0
2009-01-20,19:13:00,0.292,0.048,241.070,1.200,0.000,0.000,0.0
2009-01-20,19:14:00,0.208,0.046,241.690,0.800,0.000,0.000,0.0
2009-01-20,19:15:00,0.204,0.046,241.710,0.800,0.000,0.000,0.0
2009-01-20,19:16:00,0.202,0.048,240.730,0.800,0.000,0.000,0.0
2009-01-20,19:17:00,0.202,0.046,240.780,0.800,0.000,0.000,0.0
2009-01-20,19:18:00,0.202,0.046,240.880,0.800,0.000,0.000,0.0
2009-01-20,19:19:00,0.202,0.046,240.430,0.800,0.000,0.000,0.0
2009-01-20,19:20:00,0.202,0.046,240.400,0.800,0.000,0.000,0.0
2009-01-20,19:21:00,0.200,0.048,239.940,0.800,0.000,0.000,0.0
2009-01-20,19:22:00,0.442,0.050,239.380,2.200,0.000,0.000,0.0
2009-01-20,19:23:00,1.414,0.000,238.130,6.000,0.000,0.000,0.0
2009-01-20,19:24:00,1.282,0.046,238.380,5.400,0.000,0.000,0.0
2009-01-20,19:25:00,1.308,0.048,239.140,5.400,0.000,0.000,0.0
2009-01-20,19:26:00,1.752,0.088,239.020,7.200,0.000,0.000,0.0
2009-01-20,19:27:00,1.460,0.046,239.450,6.000,0.000,0.000,0.0
2009-01-20,19:28:00,1.498,0.046,239.750,6.200,0.000,0.000,0.0
2009-01-20,19:29:00,1.292,0.050,240.210,5.400,0.000,0.000,0.0
2009-01-20,19:30:00,1.274,0.046,238.960,5.200,0.000,0.000,0.0
2009-01-20,19:31:00,1.384,0.046,239.780,5.800,0.000,0.000,0.0
2009-01-20,19:32:00,1.390,0.046,238.890,5.800,0.000,0.000,0.0
2009-01-20,19:33:00,1.268,0.046,238.330,5.200,0.000,0.000,0.0
2009-01-20,19:34:00,1.282,0.050,240.200,5.200,0.000,0.000,0.0
2009-01-20,19:35:00,1.260,0.000,239.590,5.200,0.000,0.000,0.0
2009-01-20,19:36:00,1.224,0.000,238.910,5.000,0.000,0.000,0.0
2009-01-20,19:37:00,1.340,0.078,239.550,5.600,0.000,0.000,0.0
2009-01-20,19:38:00,1.428,0.076,239.040,6.000,0.000,0.000,0.0
2009-01-20,19:39:00,1.318,0.078,239.810,5.400,0.000,0.000,0.0
2009-01-20,19:40:00,1.316,0.078,239.760,5.400,0.000,0.000,0.0
2009-01-20,19:41:00,1.320,0.078,239.960,5.400,0.000,0.000,0.0
2009-01-20,19:42:00,1.404,0.154,239.870,5.800,0.000,0.000,0.0
2009-01-20,19:43:00,1.568,0.276,240.200,6.600,0.000,0.000,0.0
2009-01-20,19:44:00,1.550,0.264,238.990,6.600,0.000,0.000,0.0
2009-01-20,19:45:00,1.542,0.256,238.530,6.400,0.000,0.000,0.0
2009-01-20,19:46:00,1.590,0.252,239.190,6.600,0.000,0.000,0.0
2009-01-20,19:47:00,1.828,0.246,239.600,7.600,0.000,0.000,0.0
2009-01-20,19:48:00,1.602,0.248,240.400,6.600,0.000,0.000,0.0
2009-01-20,19:49:00,1.556,0.246,240.740,6.400,0.000,0.000,0.0
2009-01-20,19:50:00,1.548,0.242,240.230,6.400,0.000,0.000,0.0
2009-01-20,19:51:00,1.554,0.242,240.930,6.400,0.000,0.000,0.0
2009-01-20,19:52:00,1.548,0.240,240.280,6.400,0.000,0.000,0.0
2009-01-20,19:53:00,1.552,0.240,240.900,6.400,0.000,0.000,0.0
2009-01-20,19:54:00,1.480,0.124,241.810,6.000,0.000,0.000,0.0
2009-01-20,19:55:00,1.478,0.106,242.860,6.000,0.000,0.000,0.0
2009-01-20,19:56:00,1.472,0.104,242.580,6.000,0.000,0.000,0.0
2009-01-20,19:57:00,1.486,0.106,244.120,6.000,0.000,0.000,0.0
2009-01-20,19:58:00,1.484,0.104,243.720,6.000,0.000,0.000,0.0
2009-01-20,19:59:00,1.472,0.102,242.770,6.000,0.000,0.000,0.0
2009-01-20,20:00:00,1.466,0.100,242.230,6.000,0.000,0.000,0.0
2009-01-20,20:01:00,1.466,0.098,241.690,6.000,0.000,0.000,0.0
2009-01-20,20:02:00,1.472,0.098,242.120,6.000,0.000,0.000,0.0
2009-01-20,20:03:00,1.474,0.060,240.350,6.000,0.000,0.000,0.0
2009-01-20,20:04:00,1.342,0.000,239.760,5.600,0.000,0.000,0.0
2009-01-20,20:05:00,1.250,0.000,240.280,5.200,0.000,0.000,0.0
2009-01-20,20:06:00,1.288,0.048,239.860,5.200,0.000,0.000,0.0
2009-01-20,20:07:00,1.280,0.046,238.940,5.200,0.000,0.000,0.0
2009-01-20,20:08:00,1.914,0.190,237.430,8.800,0.000,0.000,0.0
2009-01-20,20:09:00,1.264,0.000,236.980,5.200,0.000,0.000,0.0
2009-01-20,20:10:00,1.266,0.000,237.320,5.200,0.000,0.000,0.0
2009-01-20,20:11:00,1.268,0.000,237.780,5.200,0.000,0.000,0.0
2009-01-20,20:12:00,1.270,0.046,238.160,5.200,0.000,0.000,0.0
2009-01-20,20:13:00,1.282,0.048,239.720,5.200,0.000,0.000,0.0
2009-01-20,20:14:00,1.294,0.052,241.420,5.200,0.000,0.000,0.0
2009-01-20,20:15:00,1.320,0.054,242.170,5.400,0.000,0.000,0.0
2009-01-20,20:16:00,1.388,0.166,241.450,5.800,0.000,0.000,0.0
2009-01-20,20:17:00,1.376,0.174,241.180,5.600,0.000,2.000,0.0
2009-01-20,20:18:00,1.366,0.172,240.620,5.600,0.000,1.000,0.0
2009-01-20,20:19:00,1.364,0.172,240.230,5.600,0.000,1.000,0.0
2009-01-20,20:20:00,1.374,0.170,239.770,5.600,0.000,2.000,0.0
2009-01-20,20:21:00,1.392,0.172,240.650,5.800,0.000,1.000,0.0
2009-01-20,20:22:00,1.474,0.168,240.110,6.000,0.000,2.000,0.0
2009-01-20,20:23:00,1.472,0.168,239.870,6.000,0.000,1.000,0.0
2009-01-20,20:24:00,1.478,0.172,240.800,6.200,0.000,1.000,0.0
2009-01-20,20:25:00,1.892,0.212,240.440,7.800,0.000,2.000,0.0
2009-01-20,20:26:00,1.930,0.214,239.850,8.000,0.000,1.000,0.0
2009-01-20,20:27:00,1.974,0.240,241.400,8.200,0.000,2.000,0.0
2009-01-20,20:28:00,2.052,0.352,240.810,8.600,0.000,1.000,0.0
2009-01-20,20:29:00,2.026,0.342,239.040,8.600,0.000,1.000,0.0
2009-01-20,20:30:00,2.016,0.338,238.430,8.600,0.000,2.000,0.0
2009-01-20,20:31:00,2.286,0.324,237.980,9.600,0.000,1.000,0.0
2009-01-20,20:32:00,2.420,0.226,238.730,10.200,0.000,1.000,0.0
2009-01-20,20:33:00,2.428,0.232,239.570,10.200,0.000,2.000,0.0
2009-01-20,20:34:00,2.434,0.234,240.140,10.200,0.000,1.000,0.0
2009-01-20,20:35:00,2.436,0.230,239.750,10.200,0.000,1.000,0.0
2009-01-20,20:36:00,2.374,0.232,240.100,10.000,0.000,1.000,0.0
2009-01-20,20:37:00,2.520,0.226,238.620,10.600,0.000,2.000,0.0
2009-01-20,20:38:00,2.530,0.226,238.860,10.600,0.000,1.000,0.0
2009-01-20,20:39:00,2.354,0.188,239.850,9.800,0.000,1.000,0.0
2009-01-20,20:40:00,2.154,0.064,240.250,9.000,0.000,0.000,0.0
2009-01-20,20:41:00,2.212,0.070,243.510,9.000,0.000,0.000,0.0
2009-01-20,20:42:00,2.210,0.072,243.810,9.000,0.000,0.000,0.0
2009-01-20,20:43:00,2.154,0.064,240.640,8.800,0.000,0.000,0.0
2009-01-20,20:44:00,2.158,0.064,241.050,9.000,0.000,0.000,0.0
2009-01-20,20:45:00,2.096,0.000,241.680,8.600,0.000,0.000,0.0
2009-01-20,20:46:00,2.048,0.068,241.490,8.400,0.000,0.000,0.0
2009-01-20,20:47:00,2.060,0.066,242.650,8.400,0.000,0.000,0.0
2009-01-20,20:48:00,2.034,0.068,240.460,8.400,0.000,0.000,0.0
2009-01-20,20:49:00,2.042,0.066,241.020,8.400,0.000,0.000,0.0
2009-01-20,20:50:00,1.796,0.064,240.050,7.400,0.000,0.000,0.0
2009-01-20,20:51:00,1.484,0.000,241.270,6.200,0.000,0.000,0.0
2009-01-20,20:52:00,2.062,0.000,240.900,8.800,0.000,0.000,0.0
2009-01-20,20:53:00,1.458,0.000,242.560,6.000,0.000,0.000,0.0
2009-01-20,20:54:00,1.460,0.000,242.830,6.000,0.000,0.000,0.0
2009-01-20,20:55:00,1.542,0.000,242.090,6.400,0.000,0.000,0.0
2009-01-20,20:56:00,1.566,0.000,243.060,6.400,0.000,0.000,0.0
2009-01-20,20:57:00,1.564,0.000,242.770,6.400,0.000,0.000,0.0
2009-01-20,20:58:00,1.564,0.000,242.700,6.400,0.000,0.000,0.0
2009-01-20,20:59:00,1.564,0.000,242.870,6.400,0.000,0.000,0.0
2009-01-20,21:00:00,1.556,0.000,241.980,6.400,0.000,0.000,0.0
2009-01-20,21:01:00,1.548,0.000,241.150,6.400,0.000,0.000,0.0
2009-01-20,21:02:00,1.598,0.000,241.960,6.600,0.000,0.000,0.0
2009-01-20,21:03:00,1.642,0.088,243.230,6.800,0.000,0.000,0.0
2009-01-20,21:04:00,1.632,0.084,242.110,6.800,0.000,0.000,0.0
2009-01-20,21:05:00,1.632,0.086,242.230,6.800,0.000,0.000,0.0
2009-01-20,21:06:00,1.632,0.084,242.250,6.800,0.000,0.000,0.0
2009-01-20,21:07:00,1.642,0.088,243.630,6.800,0.000,0.000,0.0
2009-01-20,21:08:00,1.662,0.094,245.620,6.800,0.000,0.000,0.0
2009-01-20,21:09:00,1.668,0.096,246.290,6.800,0.000,0.000,0.0
2009-01-20,21:10:00,1.652,0.092,244.830,6.800,0.000,0.000,0.0
2009-01-20,21:11:00,1.654,0.090,244.460,6.800,0.000,0.000,0.0
2009-01-20,21:12:00,1.652,0.092,244.670,6.800,0.000,0.000,0.0
2009-01-20,21:13:00,1.654,0.092,244.970,6.800,0.000,0.000,0.0
2009-01-20,21:14:00,1.654,0.092,245.010,6.800,0.000,0.000,0.0
2009-01-20,21:15:00,1.656,0.094,245.230,6.800,0.000,0.000,0.0
2009-01-20,21:16:00,1.658,0.094,245.580,6.800,0.000,0.000,0.0
2009-01-20,21:17:00,1.652,0.094,245.140,6.800,0.000,0.000,0.0
2009-01-20,21:18:00,1.614,0.000,244.520,6.600,0.000,0.000,0.0
2009-01-20,21:19:00,1.656,0.062,244.760,6.800,0.000,0.000,0.0
2009-01-20,21:20:00,1.694,0.124,244.770,7.000,0.000,0.000,0.0
2009-01-20,21:21:00,1.682,0.122,243.880,6.800,0.000,0.000,0.0
2009-01-20,21:22:00,1.676,0.122,243.490,6.800,0.000,0.000,0.0
2009-01-20,21:23:00,1.666,0.118,242.750,6.800,0.000,0.000,0.0
2009-01-20,21:24:00,1.658,0.114,241.930,6.800,0.000,0.000,0.0
2009-01-20,21:25:00,1.654,0.114,241.630,6.800,0.000,0.000,0.0
2009-01-20,21:26:00,1.650,0.112,241.440,6.800,0.000,0.000,0.0
2009-01-20,21:27:00,1.648,0.112,241.210,6.800,0.000,0.000,0.0
2009-01-20,21:28:00,1.642,0.110,240.870,6.800,0.000,0.000,0.0
2009-01-20,21:29:00,1.644,0.112,241.110,6.800,0.000,0.000,0.0
2009-01-20,21:30:00,1.652,0.114,241.840,6.800,0.000,0.000,0.0
2009-01-20,21:31:00,1.648,0.114,241.680,6.800,0.000,0.000,0.0
2009-01-20,21:32:00,1.650,0.116,242.010,6.800,0.000,0.000,0.0
2009-01-20,21:33:00,1.640,0.112,240.920,6.800,0.000,0.000,0.0
2009-01-20,21:34:00,1.638,0.114,241.340,6.800,0.000,0.000,0.0
2009-01-20,21:35:00,1.636,0.114,241.370,6.800,0.000,0.000,0.0
2009-01-20,21:36:00,1.642,0.110,242.590,6.800,0.000,0.000,0.0
2009-01-20,21:37:00,1.548,0.000,242.180,6.400,0.000,0.000,0.0
2009-01-20,21:38:00,1.554,0.000,242.610,6.400,0.000,0.000,0.0
2009-01-20,21:39:00,1.556,0.000,242.730,6.400,0.000,0.000,0.0
2009-01-20,21:40:00,1.560,0.000,243.200,6.400,0.000,0.000,0.0
2009-01-20,21:41:00,1.564,0.000,243.110,6.400,0.000,0.000,0.0
2009-01-20,21:42:00,1.572,0.000,243.660,6.400,0.000,0.000,0.0
2009-01-20,21:43:00,1.572,0.000,243.730,6.400,0.000,0.000,0.0
2009-01-20,21:44:00,1.576,0.000,244.080,6.400,0.000,0.000,0.0
2009-01-20,21:45:00,1.568,0.000,243.400,6.400,0.000,0.000,0.0
2009-01-20,21:46:00,1.560,0.000,242.620,6.400,0.000,0.000,0.0
2009-01-20,21:47:00,1.552,0.000,242.310,6.400,0.000,0.000,0.0
2009-01-20,21:48:00,1.558,0.000,242.820,6.400,0.000,0.000,0.0
2009-01-20,21:49:00,1.564,0.000,243.420,6.400,0.000,0.000,0.0
2009-01-20,21:50:00,1.558,0.000,242.910,6.400,0.000,0.000,0.0
2009-01-20,21:51:00,1.598,0.000,242.150,6.600,0.000,0.000,0.0
2009-01-20,21:52:00,1.618,0.080,241.420,6.600,0.000,0.000,0.0
2009-01-20,21:53:00,1.634,0.082,241.750,6.800,0.000,0.000,0.0
2009-01-20,21:54:00,1.694,0.080,240.950,7.000,0.000,0.000,0.0
2009-01-20,21:55:00,1.698,0.082,241.360,7.000,0.000,0.000,0.0
2009-01-20,21:56:00,1.698,0.082,241.550,7.000,0.000,0.000,0.0
2009-01-20,21:57:00,1.690,0.082,241.020,7.000,0.000,0.000,0.0
2009-01-20,21:58:00,1.692,0.082,241.360,7.000,0.000,0.000,0.0
2009-01-20,21:59:00,1.696,0.084,241.860,7.000,0.000,0.000,0.0
2009-01-20,22:00:00,1.704,0.084,242.610,7.000,0.000,0.000,0.0
2009-01-20,22:01:00,1.706,0.086,242.780,7.000,0.000,0.000,0.0
2009-01-20,22:02:00,1.706,0.086,242.910,7.000,0.000,0.000,0.0
2009-01-20,22:03:00,1.702,0.086,242.340,7.000,0.000,0.000,0.0
2009-01-20,22:04:00,1.488,0.086,241.480,6.200,0.000,0.000,0.0
2009-01-20,22:05:00,1.388,0.104,242.230,5.800,0.000,0.000,0.0
2009-01-20,22:06:00,1.370,0.114,242.550,5.600,0.000,0.000,0.0
2009-01-20,22:07:00,1.306,0.000,242.500,5.400,0.000,0.000,0.0
2009-01-20,22:08:00,1.304,0.000,242.250,5.400,0.000,0.000,0.0
2009-01-20,22:09:00,1.306,0.000,242.250,5.400,0.000,0.000,0.0
2009-01-20,22:10:00,1.332,0.000,242.270,5.600,0.000,0.000,0.0
2009-01-20,22:11:00,1.434,0.140,242.510,6.000,0.000,0.000,0.0
2009-01-20,22:12:00,1.154,0.146,243.440,4.800,0.000,0.000,0.0
2009-01-20,22:13:00,1.388,0.150,243.860,6.000,0.000,0.000,0.0
2009-01-20,22:14:00,1.582,0.144,243.300,6.600,0.000,0.000,0.0
2009-01-20,22:15:00,1.508,0.144,243.790,6.200,0.000,0.000,0.0
2009-01-20,22:16:00,1.354,0.146,244.080,5.600,0.000,0.000,0.0
2009-01-20,22:17:00,1.364,0.146,244.690,5.600,0.000,0.000,0.0
2009-01-20,22:18:00,1.466,0.144,244.500,6.000,0.000,0.000,0.0
2009-01-20,22:19:00,1.470,0.146,245.140,6.000,0.000,0.000,0.0
2009-01-20,22:20:00,1.468,0.144,245.130,6.000,0.000,0.000,0.0
2009-01-20,22:21:00,1.466,0.144,245.050,6.000,0.000,0.000,0.0
2009-01-20,22:22:00,1.474,0.146,245.990,6.000,0.000,0.000,0.0
2009-01-20,22:23:00,1.476,0.146,246.320,6.000,0.000,0.000,0.0
2009-01-20,22:24:00,1.466,0.144,245.380,6.000,0.000,0.000,0.0
2009-01-20,22:25:00,0.956,0.110,244.890,4.000,0.000,0.000,0.0
2009-01-20,22:26:00,0.806,0.114,244.550,3.200,0.000,0.000,0.0
2009-01-20,22:27:00,0.798,0.116,243.850,3.200,0.000,0.000,0.0
2009-01-20,22:28:00,0.746,0.000,244.310,3.000,0.000,0.000,0.0
2009-01-20,22:29:00,0.710,0.000,244.970,2.800,0.000,0.000,0.0
2009-01-20,22:30:00,0.712,0.000,245.740,2.800,0.000,0.000,0.0
2009-01-20,22:31:00,0.812,0.000,244.810,3.600,0.000,0.000,1.0
2009-01-20,22:32:00,1.804,0.060,243.510,7.400,0.000,0.000,19.0
2009-01-20,22:33:00,1.794,0.060,243.920,7.200,0.000,0.000,19.0
2009-01-20,22:34:00,1.774,0.060,243.570,7.200,0.000,0.000,18.0
2009-01-20,22:35:00,1.762,0.060,243.310,7.200,0.000,0.000,19.0
2009-01-20,22:36:00,1.768,0.060,244.100,7.200,0.000,0.000,18.0
2009-01-20,22:37:00,1.764,0.060,243.960,7.200,0.000,0.000,18.0
2009-01-20,22:38:00,1.768,0.060,244.290,7.200,0.000,0.000,19.0
2009-01-20,22:39:00,1.768,0.060,244.390,7.200,0.000,0.000,18.0
2009-01-20,22:40:00,1.774,0.058,244.910,7.200,0.000,0.000,18.0
2009-01-20,22:41:00,1.860,0.000,244.880,7.600,0.000,0.000,19.0
2009-01-20,22:42:00,1.848,0.048,244.850,7.400,0.000,0.000,18.0
2009-01-20,22:43:00,1.844,0.046,244.610,7.400,0.000,0.000,18.0
2009-01-20,22:44:00,1.834,0.046,243.860,7.400,0.000,0.000,19.0
2009-01-20,22:45:00,1.830,0.046,243.810,7.400,0.000,0.000,18.0
2009-01-20,22:46:00,1.838,0.046,244.090,7.400,0.000,0.000,18.0
2009-01-20,22:47:00,1.844,0.048,244.600,7.400,0.000,0.000,18.0
2009-01-20,22:48:00,1.844,0.048,244.740,7.400,0.000,0.000,19.0
2009-01-20,22:49:00,1.848,0.048,245.090,7.400,0.000,0.000,18.0
2009-01-20,22:50:00,1.830,0.000,244.190,7.400,0.000,0.000,18.0
2009-01-20,22:51:00,1.584,0.000,244.090,6.400,0.000,0.000,19.0
2009-01-20,22:52:00,1.642,0.096,244.730,6.600,0.000,0.000,18.0
2009-01-20,22:53:00,1.680,0.164,245.030,6.800,0.000,1.000,18.0
2009-01-20,22:54:00,1.684,0.142,247.040,6.800,0.000,1.000,19.0
2009-01-20,22:55:00,1.632,0.062,247.080,6.600,0.000,2.000,19.0
2009-01-20,22:56:00,1.624,0.064,246.620,6.600,0.000,1.000,18.0
2009-01-20,22:57:00,1.618,0.060,245.980,6.600,0.000,2.000,19.0
2009-01-20,22:58:00,1.614,0.060,245.580,6.600,0.000,1.000,18.0
2009-01-20,22:59:00,1.600,0.056,244.490,6.400,0.000,1.000,19.0
2009-01-20,23:00:00,1.598,0.054,244.090,6.400,0.000,2.000,18.0
2009-01-20,23:01:00,1.582,0.052,242.900,6.400,0.000,1.000,18.0
2009-01-20,23:02:00,1.632,0.096,243.010,6.600,0.000,2.000,18.0
2009-01-20,23:03:00,1.692,0.186,242.460,7.000,0.000,1.000,18.0
2009-01-20,23:04:00,1.694,0.188,242.900,7.000,0.000,1.000,18.0
2009-01-20,23:05:00,1.686,0.188,242.620,7.000,0.000,2.000,18.0
2009-01-20,23:06:00,1.686,0.188,242.770,7.000,0.000,1.000,18.0
2009-01-20,23:07:00,1.682,0.188,242.690,7.000,0.000,2.000,18.0
2009-01-20,23:08:00,1.698,0.194,244.010,7.000,0.000,1.000,19.0
2009-01-20,23:09:00,1.694,0.192,243.710,7.000,0.000,1.000,18.0
2009-01-20,23:10:00,1.686,0.190,243.290,7.000,0.000,1.000,18.0
2009-01-20,23:11:00,1.692,0.192,243.860,7.000,0.000,2.000,18.0
2009-01-20,23:12:00,1.690,0.192,243.870,7.000,0.000,1.000,18.0
2009-01-20,23:13:00,1.698,0.194,244.420,7.000,0.000,1.000,19.0
2009-01-20,23:14:00,1.386,0.198,244.540,6.000,0.000,2.000,14.0
2009-01-20,23:15:00,0.594,0.212,245.860,2.600,0.000,1.000,0.0
2009-01-20,23:16:00,0.536,0.114,245.640,2.200,0.000,0.000,0.0
2009-01-20,23:17:00,0.518,0.084,245.870,2.200,0.000,0.000,0.0
2009-01-20,23:18:00,0.486,0.090,245.650,2.000,0.000,0.000,0.0
2009-01-20,23:19:00,0.450,0.126,247.010,1.800,0.000,0.000,0.0
2009-01-20,23:20:00,0.352,0.000,246.480,1.400,0.000,0.000,0.0
2009-01-20,23:21:00,0.348,0.000,244.680,1.400,0.000,0.000,0.0
2009-01-20,23:22:00,0.348,0.000,244.720,1.400,0.000,0.000,0.0
2009-01-20,23:23:00,0.350,0.000,245.830,1.400,0.000,0.000,0.0
2009-01-20,23:24:00,0.350,0.000,245.850,1.400,0.000,0.000,0.0
2009-01-20,23:25:00,0.352,0.000,246.350,1.400,0.000,0.000,0.0
2009-01-20,23:26:00,0.350,0.000,246.020,1.400,0.000,0.000,0.0
2009-01-20,23:27:00,0.384,0.000,245.060,1.600,0.000,0.000,0.0
2009-01-20,23:28:00,0.568,0.000,244.150,2.400,0.000,0.000,0.0
2009-01-20,23:29:00,0.398,0.000,243.450,1.800,0.000,0.000,0.0
2009-01-20,23:30:00,0.420,0.088,243.830,1.800,0.000,0.000,0.0
2009-01-20,23:31:00,0.576,0.084,243.930,2.400,0.000,0.000,0.0
2009-01-20,23:32:00,0.614,0.088,245.110,2.400,0.000,0.000,0.0
2009-01-20,23:33:00,0.714,0.084,245.150,2.800,0.000,0.000,0.0
2009-01-20,23:34:00,0.612,0.088,245.170,2.600,0.000,0.000,0.0
2009-01-20,23:35:00,0.552,0.088,245.070,2.200,0.000,0.000,0.0
2009-01-20,23:36:00,0.504,0.086,245.290,2.000,0.000,0.000,0.0
2009-01-20,23:37:00,0.386,0.054,245.560,1.600,0.000,0.000,0.0
2009-01-20,23:38:00,0.386,0.056,245.650,1.600,0.000,0.000,0.0
2009-01-20,23:39:00,0.382,0.052,244.180,1.600,0.000,0.000,0.0
2009-01-20,23:40:00,0.382,0.050,243.840,1.600,0.000,0.000,0.0
2009-01-20,23:41:00,0.378,0.052,244.040,1.600,0.000,0.000,0.0
2009-01-20,23:42:00,0.318,0.000,244.440,1.400,0.000,0.000,0.0
2009-01-20,23:43:00,0.264,0.050,245.440,1.200,0.000,0.000,0.0
2009-01-20,23:44:00,0.266,0.048,246.600,1.200,0.000,0.000,0.0
2009-01-20,23:45:00,0.270,0.048,247.420,1.200,0.000,0.000,0.0
2009-01-20,23:46:00,0.274,0.048,247.410,1.200,0.000,0.000,0.0
2009-01-20,23:47:00,0.264,0.048,246.640,1.200,0.000,0.000,0.0
2009-01-20,23:48:00,0.264,0.050,246.380,1.200,0.000,0.000,0.0
2009-01-20,23:49:00,0.266,0.048,247.050,1.200,0.000,0.000,0.0
2009-01-20,23:50:00,0.268,0.048,247.430,1.200,0.000,0.000,0.0
2009-01-20,23:51:00,0.268,0.048,246.760,1.200,0.000,0.000,0.0
2009-01-20,23:52:00,0.268,0.048,246.580,1.200,0.000,0.000,0.0
2009-01-20,23:53:00,0.268,0.046,247.120,1.200,0.000,0.000,0.0
2009-01-20,23:54:00,0.346,0.000,244.940,1.600,0.000,0.000,0.0
2009-01-20,23:55:00,0.378,0.092,245.430,1.600,0.000,0.000,0.0
2009-01-20,23:56:00,0.376,0.094,246.160,1.600,0.000,0.000,0.0
2009-01-20,23:57:00,0.374,0.092,245.670,1.600,0.000,0.000,0.0
2009-01-20,23:58:00,0.372,0.092,245.620,1.600,0.000,0.000,0.0
2009-01-20,23:59:00,0.370,0.090,245.210,1.600,0.000,0.000,0.0
