Date,Time,Global_active_power,Global_reactive_power,Voltage,Global_intensity,Sub_metering_1,Sub_metering_2,Sub_metering_3
2008-07-02,00:00:00,0.304,0.230,241.910,1.600,0.000,0.000,1.0
2008-07-02,00:01:00,0.304,0.232,242.230,1.600,0.000,0.000,1.0
2008-07-02,00:02:00,0.304,0.232,242.060,1.600,0.000,0.000,0.0
2008-07-02,00:03:00,0.302,0.230,241.960,1.600,0.000,0.000,1.0
2008-07-02,00:04:00,0.302,0.230,241.750,1.600,0.000,0.000,1.0
2008-07-02,00:05:00,0.302,0.230,241.860,1.600,0.000,0.000,0.0
2008-07-02,00:06:00,0.302,0.230,241.680,1.600,0.000,0.000,1.0
2008-07-02,00:07:00,0.302,0.230,241.880,1.600,0.000,0.000,1.0
2008-07-02,00:08:00,0.304,0.236,243.040,1.600,0.000,0.000,0.0
2008-07-02,00:09:00,0.304,0.236,243.320,1.600,0.000,0.000,1.0
2008-07-02,00:10:00,0.302,0.236,243.040,1.600,0.000,0.000,1.0
2008-07-02,00:11:00,0.302,0.234,242.600,1.600,0.000,0.000,0.0
2008-07-02,00:12:00,0.302,0.234,242.780,1.600,0.000,0.000,1.0
2008-07-02,00:13:00,0.302,0.234,242.640,1.600,0.000,0.000,1.0
2008-07-02,00:14:00,0.302,0.234,242.450,1.600,0.000,0.000,0.0
2008-07-02,00:15:00,0.302,0.234,242.500,1.600,0.000,0.000,1.0
2008-07-02,00:16:00,0.300,0.232,242.200,1.400,0.000,0.000,1.0
2008-07-02,00:17:00,0.300,0.232,242.150,1.400,0.000,0.000,0.0
2008-07-02,00:18:00,0.302,0.234,242.650,1.600,0.000,0.000,1.0
2008-07-02,00:19:00,0.302,0.236,243.430,1.600,0.000,0.000,1.0
2008-07-02,00:20:00,0.280,0.204,243.540,1.400,0.000,0.000,0.0
2008-07-02,00:21:00,0.210,0.102,243.820,1.000,0.000,0.000,1.0
2008-07-02,00:22:00,0.210,0.104,244.230,1.000,0.000,0.000,1.0
2008-07-02,00:23:00,0.208,0.100,243.280,1.000,0.000,0.000,1.0
2008-07-02,00:24:00,0.208,0.098,242.440,0.800,0.000,0.000,0.0
2008-07-02,00:25:00,0.206,0.096,241.600,0.800,0.000,0.000,1.0
2008-07-02,00:26:00,0.206,0.094,240.960,0.800,0.000,0.000,1.0
2008-07-02,00:27:00,0.206,0.096,241.570,0.800,0.000,0.000,0.0
2008-07-02,00:28:00,0.206,0.096,241.310,0.800,0.000,0.000,1.0
2008-07-02,00:29:00,0.206,0.094,240.790,0.800,0.000,0.000,0.0
2008-07-02,00:30:00,0.206,0.094,240.810,0.800,0.000,0.000,1.0
2008-07-02,00:31:00,0.206,0.094,240.780,0.800,0.000,0.000,1.0
2008-07-02,00:32:00,0.206,0.094,240.790,0.800,0.000,0.000,0.0
2008-07-02,00:33:00,0.206,0.094,240.890,0.800,0.000,0.000,1.0
2008-07-02,00:34:00,0.286,0.180,241.060,1.400,0.000,0.000,1.0
2008-07-02,00:35:00,0.314,0.224,240.520,1.600,0.000,0.000,0.0
2008-07-02,00:36:00,0.308,0.224,240.370,1.600,0.000,0.000,1.0
2008-07-02,00:37:00,0.306,0.226,240.650,1.600,0.000,0.000,1.0
2008-07-02,00:38:00,0.306,0.226,240.910,1.600,0.000,0.000,0.0
2008-07-02,00:39:00,0.304,0.228,241.210,1.600,0.000,0.000,1.0
2008-07-02,00:40:00,0.304,0.226,240.710,1.600,0.000,0.000,1.0
2008-07-02,00:41:00,0.302,0.224,240.460,1.400,0.000,0.000,0.0
2008-07-02,00:42:00,0.392,0.324,240.500,2.200,0.000,1.000,1.0
2008-07-02,00:43:00,0.812,0.416,240.290,4.000,0.000,1.000,7.0
2008-07-02,00:44:00,1.066,0.450,240.020,4.800,0.000,2.000,12.0
2008-07-02,00:45:00,1.092,0.442,239.210,4.800,0.000,1.000,12.0
2008-07-02,00:46:00,1.102,0.438,239.000,4.800,0.000,2.000,13.0
2008-07-02,00:47:00,1.106,0.438,239.160,5.000,0.000,1.000,12.0
2008-07-02,00:48:00,0.874,0.406,239.040,4.200,0.000,2.000,10.0
2008-07-02,00:49:00,0.384,0.342,239.430,2.000,0.000,1.000,1.0
2008-07-02,00:50:00,0.384,0.342,239.600,2.000,0.000,1.000,0.0
2008-07-02,00:51:00,0.382,0.342,239.680,2.000,0.000,2.000,1.0
2008-07-02,00:52:00,0.380,0.340,239.140,2.000,0.000,1.000,1.0
2008-07-02,00:53:00,0.378,0.338,239.000,2.000,0.000,2.000,0.0
2008-07-02,00:54:00,0.376,0.340,239.240,2.000,0.000,1.000,1.0
2008-07-02,00:55:00,0.374,0.340,239.220,2.000,0.000,1.000,1.0
2008-07-02,00:56:00,0.374,0.338,238.900,2.000,0.000,2.000,0.0
2008-07-02,00:57:00,0.372,0.338,238.800,2.000,0.000,1.000,1.0
2008-07-02,00:58:00,0.372,0.338,238.560,2.000,0.000,1.000,0.0
2008-07-02,00:59:00,0.370,0.336,238.440,2.000,0.000,1.000,1.0
2008-07-02,01:00:00,0.370,0.338,238.780,2.000,0.000,2.000,1.0
2008-07-02,01:01:00,0.370,0.340,239.180,2.000,0.000,1.000,0.0
2008-07-02,01:02:00,0.370,0.340,239.340,2.000,0.000,1.000,1.0
2008-07-02,01:03:00,0.320,0.272,239.290,1.800,0.000,1.000,1.0
2008-07-02,01:04:00,0.276,0.210,239.260,1.400,0.000,2.000,0.0
2008-07-02,01:05:00,0.276,0.208,239.000,1.400,0.000,1.000,1.0
2008-07-02,01:06:00,0.276,0.210,239.330,1.400,0.000,1.000,1.0
2008-07-02,01:07:00,0.276,0.210,239.390,1.400,0.000,1.000,0.0
2008-07-02,01:08:00,0.276,0.212,239.990,1.400,0.000,1.000,1.0
2008-07-02,01:09:00,0.276,0.212,240.070,1.400,0.000,2.000,1.0
2008-07-02,01:10:00,0.276,0.212,239.800,1.400,0.000,1.000,0.0
2008-07-02,01:11:00,0.276,0.210,239.690,1.400,0.000,1.000,1.0
2008-07-02,01:12:00,0.276,0.212,240.040,1.400,0.000,1.000,1.0
2008-07-02,01:13:00,0.276,0.212,239.840,1.400,0.000,2.000,0.0
2008-07-02,01:14:00,0.276,0.210,239.750,1.400,0.000,1.000,1.0
2008-07-02,01:15:00,0.276,0.210,239.720,1.400,0.000,1.000,1.0
2008-07-02,01:16:00,0.306,0.236,239.600,1.600,0.000,1.000,0.0
2008-07-02,01:17:00,0.384,0.340,239.540,2.000,0.000,1.000,1.0
2008-07-02,01:18:00,0.374,0.328,239.310,2.000,0.000,1.000,1.0
2008-07-02,01:19:00,0.306,0.218,239.060,1.600,0.000,0.000,0.0
2008-07-02,01:20:00,0.302,0.214,237.850,1.400,0.000,0.000,1.0
2008-07-02,01:21:00,0.300,0.212,237.400,1.400,0.000,0.000,0.0
2008-07-02,01:22:00,0.298,0.212,237.360,1.400,0.000,0.000,1.0
2008-07-02,01:23:00,0.298,0.212,237.430,1.400,0.000,0.000,1.0
2008-07-02,01:24:00,0.296,0.214,237.670,1.400,0.000,0.000,0.0
2008-07-02,01:25:00,0.296,0.212,237.320,1.400,0.000,0.000,1.0
2008-07-02,01:26:00,0.296,0.212,237.260,1.400,0.000,0.000,1.0
2008-07-02,01:27:00,0.296,0.212,237.280,1.400,0.000,0.000,0.0
2008-07-02,01:28:00,0.296,0.214,237.570,1.400,0.000,0.000,1.0
2008-07-02,01:29:00,0.296,0.214,237.790,1.400,0.000,0.000,1.0
2008-07-02,01:30:00,0.296,0.214,237.800,1.400,0.000,0.000,0.0
2008-07-02,01:31:00,0.296,0.214,237.740,1.400,0.000,0.000,1.0
2008-07-02,01:32:00,0.296,0.214,237.690,1.400,0.000,0.000,1.0
2008-07-02,01:33:00,0.294,0.214,237.840,1.400,0.000,0.000,0.0
2008-07-02,01:34:00,0.294,0.216,238.130,1.400,0.000,0.000,1.0
2008-07-02,01:35:00,0.294,0.214,238.040,1.400,0.000,0.000,0.0
2008-07-02,01:36:00,0.294,0.214,237.720,1.400,0.000,0.000,1.0
2008-07-02,01:37:00,0.294,0.216,238.140,1.400,0.000,0.000,1.0
2008-07-02,01:38:00,0.296,0.220,239.080,1.400,0.000,0.000,0.0
2008-07-02,01:39:00,0.296,0.222,239.670,1.400,0.000,0.000,1.0
2008-07-02,01:40:00,0.520,0.256,239.260,2.800,0.000,0.000,4.0
2008-07-02,01:41:00,0.960,0.318,238.940,4.200,0.000,0.000,12.0
2008-07-02,01:42:00,0.984,0.314,238.530,4.200,0.000,0.000,12.0
2008-07-02,01:43:00,1.006,0.316,238.720,4.400,0.000,0.000,12.0
2008-07-02,01:44:00,1.012,0.316,238.910,4.400,0.000,0.000,13.0
2008-07-02,01:45:00,0.732,0.230,238.520,3.600,0.000,0.000,9.0
2008-07-02,01:46:00,0.204,0.092,239.670,0.800,0.000,0.000,1.0
2008-07-02,01:47:00,0.202,0.090,238.960,0.800,0.000,0.000,0.0
2008-07-02,01:48:00,0.202,0.090,238.720,0.800,0.000,0.000,1.0
2008-07-02,01:49:00,0.202,0.090,238.950,0.800,0.000,0.000,1.0
2008-07-02,01:50:00,0.202,0.090,239.110,0.800,0.000,0.000,0.0
2008-07-02,01:51:00,0.202,0.090,238.750,0.800,0.000,0.000,1.0
2008-07-02,01:52:00,0.202,0.088,238.550,0.800,0.000,0.000,0.0
2008-07-02,01:53:00,0.202,0.090,238.610,0.800,0.000,0.000,1.0
2008-07-02,01:54:00,0.150,0.000,239.010,0.600,0.000,0.000,1.0
2008-07-02,01:55:00,0.136,0.000,239.050,0.600,0.000,0.000,0.0
2008-07-02,01:56:00,0.136,0.000,239.010,0.600,0.000,0.000,1.0
2008-07-02,01:57:00,0.136,0.000,238.930,0.600,0.000,0.000,1.0
2008-07-02,01:58:00,0.136,0.000,238.190,0.600,0.000,0.000,0.0
2008-07-02,01:59:00,0.240,0.098,238.010,1.200,0.000,0.000,1.0
2008-07-02,02:00:00,0.244,0.116,237.960,1.000,0.000,0.000,1.0
2008-07-02,02:01:00,0.240,0.116,237.710,1.000,0.000,0.000,0.0
2008-07-02,02:02:00,0.238,0.116,237.580,1.000,0.000,0.000,1.0
2008-07-02,02:03:00,0.236,0.116,237.780,1.000,0.000,0.000,1.0
2008-07-02,02:04:00,0.234,0.116,237.640,1.000,0.000,0.000,0.0
2008-07-02,02:05:00,0.234,0.116,237.710,1.000,0.000,0.000,1.0
2008-07-02,02:06:00,0.232,0.114,237.400,1.000,0.000,0.000,1.0
2008-07-02,02:07:00,0.232,0.116,237.730,1.000,0.000,0.000,0.0
2008-07-02,02:08:00,0.232,0.116,238.000,1.000,0.000,0.000,1.0
2008-07-02,02:09:00,0.232,0.116,237.920,1.000,0.000,0.000,0.0
2008-07-02,02:10:00,0.232,0.116,238.260,1.000,0.000,0.000,1.0
2008-07-02,02:11:00,0.234,0.120,239.320,1.000,0.000,0.000,1.0
2008-07-02,02:12:00,0.234,0.120,239.520,1.000,0.000,0.000,0.0
2008-07-02,02:13:00,0.232,0.120,239.430,1.000,0.000,0.000,1.0
2008-07-02,02:14:00,0.232,0.118,239.040,1.000,0.000,0.000,1.0
2008-07-02,02:15:00,0.232,0.120,239.170,1.000,0.000,0.000,0.0
2008-07-02,02:16:00,0.232,0.120,239.220,1.000,0.000,0.000,1.0
2008-07-02,02:17:00,0.232,0.118,238.710,1.000,0.000,0.000,1.0
2008-07-02,02:18:00,0.230,0.118,238.810,1.000,0.000,0.000,0.0
2008-07-02,02:19:00,0.230,0.118,238.410,1.000,0.000,0.000,1.0
2008-07-02,02:20:00,0.230,0.116,238.420,1.000,0.000,0.000,1.0
2008-07-02,02:21:00,0.230,0.118,238.700,1.000,0.000,0.000,0.0
2008-07-02,02:22:00,0.232,0.120,239.500,1.000,0.000,0.000,1.0
2008-07-02,02:23:00,0.232,0.122,239.750,1.000,0.000,0.000,1.0
2008-07-02,02:24:00,0.230,0.120,239.300,1.000,0.000,0.000,0.0
2008-07-02,02:25:00,0.148,0.000,238.620,0.600,0.000,0.000,1.0
2008-07-02,02:26:00,0.136,0.000,238.610,0.600,0.000,0.000,0.0
2008-07-02,02:27:00,0.136,0.000,238.550,0.600,0.000,0.000,1.0
2008-07-02,02:28:00,0.136,0.000,238.600,0.600,0.000,0.000,1.0
2008-07-02,02:29:00,0.174,0.000,238.150,1.000,0.000,0.000,0.0
2008-07-02,02:30:00,0.228,0.106,237.970,1.000,0.000,1.000,1.0
2008-07-02,02:31:00,0.228,0.106,237.820,1.000,0.000,2.000,1.0
2008-07-02,02:32:00,0.226,0.106,237.970,1.000,0.000,1.000,0.0
2008-07-02,02:33:00,0.226,0.108,238.290,1.000,0.000,2.000,1.0
2008-07-02,02:34:00,0.226,0.108,238.440,1.000,0.000,1.000,1.0
2008-07-02,02:35:00,0.226,0.108,238.450,1.000,0.000,2.000,0.0
2008-07-02,02:36:00,0.592,0.164,238.400,3.000,0.000,1.000,6.0
2008-07-02,02:37:00,0.888,0.200,237.970,3.800,0.000,2.000,12.0
2008-07-02,02:38:00,0.956,0.234,237.390,4.200,0.000,1.000,12.0
2008-07-02,02:39:00,1.038,0.322,237.350,4.600,0.000,1.000,13.0
2008-07-02,02:40:00,1.040,0.324,237.380,4.600,0.000,2.000,12.0
2008-07-02,02:41:00,0.748,0.286,237.470,3.600,0.000,1.000,9.0
2008-07-02,02:42:00,0.318,0.234,237.830,1.600,0.000,2.000,0.0
2008-07-02,02:43:00,0.354,0.266,237.840,1.800,0.000,1.000,1.0
2008-07-02,02:44:00,0.388,0.334,238.000,2.000,0.000,1.000,1.0
2008-07-02,02:45:00,0.386,0.336,238.260,2.000,0.000,1.000,0.0
2008-07-02,02:46:00,0.384,0.336,238.360,2.000,0.000,2.000,1.0
2008-07-02,02:47:00,0.382,0.336,238.230,2.000,0.000,1.000,1.0
2008-07-02,02:48:00,0.380,0.336,238.180,2.000,0.000,1.000,0.0
2008-07-02,02:49:00,0.378,0.336,238.280,2.000,0.000,2.000,1.0
2008-07-02,02:50:00,0.376,0.336,238.480,2.000,0.000,1.000,1.0
2008-07-02,02:51:00,0.376,0.338,238.630,2.000,0.000,1.000,0.0
2008-07-02,02:52:00,0.374,0.336,238.590,2.000,0.000,1.000,1.0
2008-07-02,02:53:00,0.374,0.336,238.450,2.000,0.000,1.000,1.0
2008-07-02,02:54:00,0.372,0.338,238.620,2.000,0.000,2.000,0.0
2008-07-02,02:55:00,0.374,0.342,239.670,2.000,0.000,1.000,1.0
2008-07-02,02:56:00,0.374,0.344,239.950,2.000,0.000,1.000,1.0
2008-07-02,02:57:00,0.372,0.342,239.670,2.000,0.000,1.000,0.0
2008-07-02,02:58:00,0.372,0.342,239.480,2.000,0.000,2.000,1.0
2008-07-02,02:59:00,0.372,0.344,239.890,2.000,0.000,1.000,1.0
2008-07-02,03:00:00,0.372,0.344,239.900,2.000,0.000,1.000,0.0
2008-07-02,03:01:00,0.370,0.342,239.310,2.000,0.000,1.000,1.0
2008-07-02,03:02:00,0.370,0.342,239.560,2.000,0.000,1.000,0.0
2008-07-02,03:03:00,0.320,0.272,239.560,1.800,0.000,2.000,1.0
2008-07-02,03:04:00,0.278,0.212,239.610,1.400,0.000,1.000,1.0
2008-07-02,03:05:00,0.278,0.210,239.480,1.400,0.000,1.000,0.0
2008-07-02,03:06:00,0.278,0.212,239.790,1.400,0.000,1.000,1.0
2008-07-02,03:07:00,0.206,0.098,240.010,1.000,0.000,0.000,1.0
2008-07-02,03:08:00,0.138,0.000,239.640,0.600,0.000,0.000,0.0
2008-07-02,03:09:00,0.136,0.000,239.780,0.600,0.000,0.000,1.0
2008-07-02,03:10:00,0.138,0.000,240.020,0.600,0.000,0.000,1.0
2008-07-02,03:11:00,0.138,0.000,240.240,0.600,0.000,0.000,0.0
2008-07-02,03:12:00,0.138,0.000,239.990,0.600,0.000,0.000,1.0
2008-07-02,03:13:00,0.136,0.000,239.700,0.600,0.000,0.000,1.0
2008-07-02,03:14:00,0.138,0.000,239.810,0.600,0.000,0.000,0.0
2008-07-02,03:15:00,0.138,0.000,240.300,0.600,0.000,0.000,1.0
2008-07-02,03:16:00,0.138,0.000,240.420,0.600,0.000,0.000,1.0
2008-07-02,03:17:00,0.258,0.122,239.770,1.200,0.000,0.000,0.0
2008-07-02,03:18:00,0.246,0.122,240.140,1.000,0.000,0.000,1.0
2008-07-02,03:19:00,0.242,0.122,240.120,1.000,0.000,0.000,1.0
2008-07-02,03:20:00,0.240,0.122,240.050,1.000,0.000,0.000,0.0
2008-07-02,03:21:00,0.238,0.122,240.260,1.000,0.000,0.000,1.0
2008-07-02,03:22:00,0.236,0.120,239.250,1.000,0.000,0.000,1.0
2008-07-02,03:23:00,0.234,0.120,239.200,1.000,0.000,0.000,0.0
2008-07-02,03:24:00,0.234,0.120,239.310,1.000,0.000,0.000,1.0
2008-07-02,03:25:00,0.234,0.120,239.420,1.000,0.000,0.000,1.0
2008-07-02,03:26:00,0.234,0.120,239.290,1.000,0.000,0.000,0.0
2008-07-02,03:27:00,0.232,0.120,239.290,1.000,0.000,0.000,1.0
2008-07-02,03:28:00,0.232,0.120,239.230,1.000,0.000,0.000,0.0
2008-07-02,03:29:00,0.232,0.120,239.240,1.000,0.000,0.000,1.0
2008-07-02,03:30:00,0.232,0.120,239.470,1.000,0.000,0.000,1.0
2008-07-02,03:31:00,0.232,0.122,239.670,1.000,0.000,0.000,0.0
2008-07-02,03:32:00,0.310,0.202,239.380,1.600,0.000,0.000,1.0
2008-07-02,03:33:00,0.544,0.258,238.940,2.800,0.000,0.000,4.0
2008-07-02,03:34:00,0.970,0.320,238.930,4.200,0.000,0.000,12.0
2008-07-02,03:35:00,0.996,0.322,239.080,4.400,0.000,0.000,12.0
2008-07-02,03:36:00,1.014,0.316,238.410,4.400,0.000,0.000,12.0
2008-07-02,03:37:00,1.016,0.310,238.020,4.400,0.000,0.000,13.0
2008-07-02,03:38:00,0.942,0.300,238.160,4.200,0.000,0.000,12.0
2008-07-02,03:39:00,0.302,0.222,239.610,1.400,0.000,0.000,1.0
2008-07-02,03:40:00,0.302,0.224,239.700,1.400,0.000,0.000,0.0
2008-07-02,03:41:00,0.250,0.152,240.110,1.200,0.000,0.000,1.0
2008-07-02,03:42:00,0.208,0.094,240.270,1.000,0.000,0.000,1.0
2008-07-02,03:43:00,0.208,0.094,239.980,0.800,0.000,0.000,0.0
2008-07-02,03:44:00,0.208,0.096,240.850,1.000,0.000,0.000,1.0
2008-07-02,03:45:00,0.208,0.098,241.410,1.000,0.000,0.000,0.0
2008-07-02,03:46:00,0.208,0.096,241.450,1.000,0.000,0.000,1.0
2008-07-02,03:47:00,0.208,0.096,241.250,0.800,0.000,0.000,1.0
2008-07-02,03:48:00,0.208,0.096,241.230,0.800,0.000,0.000,0.0
2008-07-02,03:49:00,0.208,0.096,240.840,0.800,0.000,0.000,1.0
2008-07-02,03:50:00,0.206,0.094,240.470,0.800,0.000,0.000,1.0
2008-07-02,03:51:00,0.206,0.094,240.430,0.800,0.000,0.000,0.0
2008-07-02,03:52:00,0.206,0.094,240.410,0.800,0.000,0.000,1.0
2008-07-02,03:53:00,0.164,0.000,240.150,0.800,0.000,0.000,1.0
2008-07-02,03:54:00,0.138,0.000,240.090,0.600,0.000,0.000,0.0
2008-07-02,03:55:00,0.204,0.056,239.300,1.000,0.000,0.000,1.0
2008-07-02,03:56:00,0.246,0.118,239.100,1.000,0.000,0.000,1.0
2008-07-02,03:57:00,0.242,0.120,239.120,1.000,0.000,0.000,0.0
2008-07-02,03:58:00,0.240,0.120,239.630,1.000,0.000,0.000,1.0
2008-07-02,03:59:00,0.240,0.122,240.090,1.000,0.000,0.000,1.0
2008-07-02,04:00:00,0.238,0.122,239.780,1.000,0.000,0.000,0.0
2008-07-02,04:01:00,0.236,0.120,239.100,1.000,0.000,0.000,1.0
2008-07-02,04:02:00,0.236,0.120,239.380,1.000,0.000,0.000,1.0
2008-07-02,04:03:00,0.234,0.120,239.410,1.000,0.000,0.000,0.0
2008-07-02,04:04:00,0.234,0.120,239.340,1.000,0.000,0.000,1.0
2008-07-02,04:05:00,0.234,0.122,239.760,1.000,0.000,0.000,1.0
2008-07-02,04:06:00,0.234,0.120,239.410,1.000,0.000,0.000,0.0
2008-07-02,04:07:00,0.234,0.120,239.370,1.000,0.000,0.000,1.0
2008-07-02,04:08:00,0.234,0.120,239.390,1.000,0.000,0.000,1.0
2008-07-02,04:09:00,0.234,0.122,239.630,1.000,0.000,0.000,0.0
2008-07-02,04:10:00,0.232,0.120,239.390,1.000,0.000,0.000,1.0
2008-07-02,04:11:00,0.232,0.120,239.190,1.000,0.000,0.000,1.0
2008-07-02,04:12:00,0.232,0.120,239.380,1.000,0.000,0.000,0.0
2008-07-02,04:13:00,0.232,0.122,239.730,1.000,0.000,0.000,1.0
2008-07-02,04:14:00,0.232,0.120,239.710,1.000,0.000,0.000,0.0
2008-07-02,04:15:00,0.232,0.120,239.420,1.000,0.000,0.000,1.0
2008-07-02,04:16:00,0.232,0.120,239.080,1.000,0.000,0.000,1.0
2008-07-02,04:17:00,0.260,0.138,239.100,1.400,0.000,0.000,0.0
2008-07-02,04:18:00,0.310,0.220,239.440,1.600,0.000,0.000,1.0
2008-07-02,04:19:00,0.264,0.158,239.960,1.200,0.000,0.000,1.0
2008-07-02,04:20:00,0.216,0.094,240.320,1.000,0.000,0.000,0.0
2008-07-02,04:21:00,0.278,0.156,240.090,1.400,0.000,0.000,1.0
2008-07-02,04:22:00,0.304,0.214,240.370,1.400,0.000,2.000,1.0
2008-07-02,04:23:00,0.302,0.212,239.470,1.400,0.000,1.000,0.0
2008-07-02,04:24:00,0.300,0.212,239.640,1.400,0.000,2.000,1.0
2008-07-02,04:25:00,0.298,0.212,239.750,1.400,0.000,1.000,1.0
2008-07-02,04:26:00,0.296,0.212,239.680,1.400,0.000,2.000,0.0
2008-07-02,04:27:00,0.296,0.212,239.800,1.400,0.000,1.000,1.0
2008-07-02,04:28:00,0.294,0.214,240.450,1.400,0.000,2.000,1.0
2008-07-02,04:29:00,0.294,0.216,240.780,1.400,0.000,1.000,0.0
2008-07-02,04:30:00,0.292,0.214,240.340,1.400,0.000,1.000,1.0
2008-07-02,04:31:00,0.290,0.212,239.900,1.400,0.000,2.000,1.0
2008-07-02,04:32:00,0.398,0.232,239.820,2.200,0.000,1.000,1.0
2008-07-02,04:33:00,1.050,0.418,238.900,4.600,0.000,2.000,12.0
2008-07-02,04:34:00,1.076,0.444,239.530,4.800,0.000,1.000,12.0
2008-07-02,04:35:00,1.098,0.442,239.400,4.800,0.000,1.000,13.0
2008-07-02,04:36:00,1.100,0.438,239.120,4.800,0.000,2.000,12.0
2008-07-02,04:37:00,0.900,0.342,239.380,4.200,0.000,1.000,11.0
2008-07-02,04:38:00,0.314,0.242,240.080,1.600,0.000,1.000,1.0
2008-07-02,04:39:00,0.314,0.244,240.520,1.600,0.000,1.000,0.0
2008-07-02,04:40:00,0.312,0.242,240.180,1.600,0.000,2.000,1.0
2008-07-02,04:41:00,0.310,0.242,239.850,1.600,0.000,1.000,1.0
2008-07-02,04:42:00,0.310,0.242,239.910,1.600,0.000,1.000,0.0
2008-07-02,04:43:00,0.308,0.242,239.960,1.600,0.000,1.000,1.0
2008-07-02,04:44:00,0.308,0.242,239.900,1.600,0.000,2.000,1.0
2008-07-02,04:45:00,0.306,0.240,239.820,1.600,0.000,1.000,0.0
2008-07-02,04:46:00,0.306,0.242,239.930,1.600,0.000,1.000,1.0
2008-07-02,04:47:00,0.306,0.240,239.540,1.600,0.000,1.000,1.0
2008-07-02,04:48:00,0.306,0.240,239.670,1.600,0.000,2.000,0.0
2008-07-02,04:49:00,0.304,0.240,239.690,1.600,0.000,1.000,1.0
2008-07-02,04:50:00,0.304,0.240,239.580,1.600,0.000,1.000,1.0
2008-07-02,04:51:00,0.304,0.240,239.440,1.600,0.000,1.000,0.0
2008-07-02,04:52:00,0.304,0.240,239.680,1.600,0.000,1.000,1.0
2008-07-02,04:53:00,0.304,0.240,239.720,1.600,0.000,2.000,1.0
2008-07-02,04:54:00,0.304,0.240,239.830,1.600,0.000,1.000,0.0
2008-07-02,04:55:00,0.290,0.218,239.900,1.400,0.000,1.000,1.0
2008-07-02,04:56:00,0.156,0.000,240.300,0.600,0.000,0.000,1.0
2008-07-02,04:57:00,0.138,0.000,240.090,0.600,0.000,0.000,0.0
2008-07-02,04:58:00,0.138,0.000,239.960,0.600,0.000,0.000,1.0
2008-07-02,04:59:00,0.138,0.000,239.930,0.600,0.000,0.000,0.0
2008-07-02,05:00:00,0.136,0.000,239.910,0.600,0.000,0.000,1.0
2008-07-02,05:01:00,0.214,0.068,239.530,1.000,0.000,0.000,1.0
2008-07-02,05:02:00,0.214,0.092,239.580,1.000,0.000,0.000,0.0
2008-07-02,05:03:00,0.214,0.092,239.600,1.000,0.000,0.000,1.0
2008-07-02,05:04:00,0.214,0.092,239.450,1.000,0.000,0.000,1.0
2008-07-02,05:05:00,0.212,0.092,239.620,1.000,0.000,0.000,0.0
2008-07-02,05:06:00,0.210,0.090,239.230,1.000,0.000,0.000,1.0
2008-07-02,05:07:00,0.210,0.090,239.210,1.000,0.000,0.000,1.0
2008-07-02,05:08:00,0.208,0.090,239.100,0.800,0.000,0.000,0.0
2008-07-02,05:09:00,0.208,0.090,239.100,0.800,0.000,0.000,1.0
2008-07-02,05:10:00,0.314,0.206,239.240,1.600,0.000,0.000,1.0
2008-07-02,05:11:00,0.312,0.218,238.870,1.600,0.000,0.000,0.0
2008-07-02,05:12:00,0.308,0.220,239.050,1.600,0.000,0.000,1.0
2008-07-02,05:13:00,0.308,0.220,239.130,1.600,0.000,0.000,1.0
2008-07-02,05:14:00,0.306,0.222,239.530,1.600,0.000,0.000,0.0
2008-07-02,05:15:00,0.306,0.224,240.000,1.600,0.000,0.000,1.0
2008-07-02,05:16:00,0.304,0.224,240.360,1.600,0.000,0.000,1.0
2008-07-02,05:17:00,0.304,0.226,240.820,1.600,0.000,0.000,0.0
2008-07-02,05:18:00,0.304,0.226,240.820,1.600,0.000,0.000,1.0
2008-07-02,05:19:00,0.302,0.226,240.920,1.600,0.000,0.000,1.0
2008-07-02,05:20:00,0.302,0.226,240.860,1.600,0.000,0.000,0.0
2008-07-02,05:21:00,0.244,0.138,240.970,1.200,0.000,0.000,1.0
2008-07-02,05:22:00,0.234,0.124,240.820,1.000,0.000,0.000,1.0
2008-07-02,05:23:00,0.234,0.124,240.710,1.000,0.000,0.000,0.0
2008-07-02,05:24:00,0.234,0.124,240.890,1.000,0.000,0.000,1.0
2008-07-02,05:25:00,0.234,0.124,240.950,1.000,0.000,0.000,0.0
2008-07-02,05:26:00,0.234,0.124,240.930,1.000,0.000,0.000,1.0
2008-07-02,05:27:00,0.234,0.128,241.670,1.000,0.000,0.000,1.0
2008-07-02,05:28:00,0.236,0.128,242.140,1.000,0.000,0.000,0.0
2008-07-02,05:29:00,0.236,0.130,242.540,1.000,0.000,0.000,1.0
2008-07-02,05:30:00,0.820,0.232,241.750,3.600,0.000,0.000,10.0
2008-07-02,05:31:00,0.914,0.238,241.300,3.800,0.000,0.000,12.0
2008-07-02,05:32:00,0.944,0.238,241.260,4.000,0.000,0.000,12.0
2008-07-02,05:33:00,0.860,0.102,240.790,3.600,0.000,0.000,13.0
2008-07-02,05:34:00,0.688,0.072,240.700,3.000,0.000,0.000,10.0
2008-07-02,05:35:00,0.138,0.000,241.070,0.600,0.000,0.000,1.0
2008-07-02,05:36:00,0.138,0.000,240.510,0.600,0.000,0.000,1.0
2008-07-02,05:37:00,0.138,0.000,240.170,0.600,0.000,0.000,0.0
2008-07-02,05:38:00,0.138,0.000,239.970,0.600,0.000,0.000,1.0
2008-07-02,05:39:00,0.138,0.000,240.040,0.600,0.000,0.000,1.0
2008-07-02,05:40:00,0.138,0.000,239.970,0.600,0.000,0.000,0.0
2008-07-02,05:41:00,0.138,0.000,240.030,0.600,0.000,0.000,1.0
2008-07-02,05:42:00,0.138,0.000,240.130,0.600,0.000,0.000,1.0
2008-07-02,05:43:00,0.138,0.000,240.060,0.600,0.000,0.000,0.0
2008-07-02,05:44:00,0.138,0.000,240.320,0.600,0.000,0.000,1.0
2008-07-02,05:45:00,0.206,0.058,240.250,1.000,0.000,0.000,1.0
2008-07-02,05:46:00,0.244,0.114,240.370,1.200,0.000,0.000,0.0
2008-07-02,05:47:00,0.324,0.224,240.290,1.600,0.000,0.000,1.0
2008-07-02,05:48:00,0.320,0.224,240.290,1.600,0.000,0.000,1.0
2008-07-02,05:49:00,0.316,0.224,240.220,1.600,0.000,0.000,0.0
2008-07-02,05:50:00,0.314,0.226,240.610,1.600,0.000,0.000,1.0
2008-07-02,05:51:00,0.310,0.226,240.720,1.600,0.000,0.000,1.0
2008-07-02,05:52:00,0.308,0.228,240.860,1.600,0.000,0.000,0.0
2008-07-02,05:53:00,0.308,0.228,240.960,1.600,0.000,0.000,1.0
2008-07-02,05:54:00,0.306,0.228,240.990,1.600,0.000,0.000,1.0
2008-07-02,05:55:00,0.306,0.228,241.300,1.600,0.000,0.000,0.0
2008-07-02,05:56:00,0.304,0.228,241.400,1.600,0.000,0.000,1.0
2008-07-02,05:57:00,0.304,0.226,240.740,1.600,0.000,0.000,1.0
2008-07-02,05:58:00,0.302,0.224,239.910,1.400,0.000,0.000,0.0
2008-07-02,05:59:00,0.300,0.222,239.810,1.400,0.000,0.000,1.0
2008-07-02,06:00:00,0.300,0.222,239.680,1.400,0.000,0.000,1.0
2008-07-02,06:01:00,0.300,0.224,240.020,1.400,0.000,0.000,0.0
2008-07-02,06:02:00,0.300,0.226,240.320,1.400,0.000,0.000,1.0
2008-07-02,06:03:00,0.300,0.226,240.440,1.400,0.000,0.000,1.0
2008-07-02,06:04:00,0.290,0.212,240.900,1.400,0.000,0.000,0.0
2008-07-02,06:05:00,0.234,0.128,241.320,1.000,0.000,0.000,1.0
2008-07-02,06:06:00,0.234,0.126,240.950,1.000,0.000,0.000,0.0
2008-07-02,06:07:00,0.234,0.128,241.510,1.000,0.000,0.000,1.0
2008-07-02,06:08:00,0.204,0.086,241.640,1.000,0.000,0.000,1.0
2008-07-02,06:09:00,0.138,0.000,241.410,0.600,0.000,0.000,0.0
2008-07-02,06:10:00,0.194,0.046,241.690,1.000,0.000,0.000,1.0
2008-07-02,06:11:00,0.232,0.118,241.860,1.000,0.000,1.000,1.0
2008-07-02,06:12:00,0.230,0.116,241.100,1.000,0.000,1.000,0.0
2008-07-02,06:13:00,0.314,0.112,240.620,1.400,0.000,2.000,1.0
2008-07-02,06:14:00,0.528,0.106,239.880,2.200,0.000,1.000,1.0
2008-07-02,06:15:00,0.526,0.106,239.800,2.200,0.000,2.000,0.0
2008-07-02,06:16:00,0.526,0.106,239.560,2.200,0.000,1.000,1.0
2008-07-02,06:17:00,0.582,0.104,239.680,2.400,0.000,2.000,1.0
2008-07-02,06:18:00,0.534,0.104,239.560,2.200,0.000,1.000,0.0
2008-07-02,06:19:00,0.524,0.106,239.930,2.200,0.000,2.000,1.0
2008-07-02,06:20:00,0.526,0.108,240.690,2.200,0.000,1.000,1.0
2008-07-02,06:21:00,0.526,0.108,241.060,2.200,0.000,1.000,0.0
2008-07-02,06:22:00,0.578,0.160,241.370,2.400,0.000,2.000,1.0
2008-07-02,06:23:00,0.654,0.240,240.740,2.800,0.000,1.000,1.0
2008-07-02,06:24:00,0.726,0.236,240.190,3.000,0.000,1.000,0.0
2008-07-02,06:25:00,0.862,0.270,240.080,4.000,0.000,2.000,4.0
2008-07-02,06:26:00,1.104,0.344,239.610,4.800,0.000,1.000,11.0
2008-07-02,06:27:00,1.968,0.326,238.520,8.400,0.000,1.000,27.0
2008-07-02,06:28:00,2.184,0.336,239.970,9.200,0.000,2.000,31.0
2008-07-02,06:29:00,2.194,0.416,240.430,9.200,0.000,1.000,31.0
2008-07-02,06:30:00,1.900,0.396,239.520,8.200,0.000,1.000,26.0
2008-07-02,06:31:00,1.448,0.332,239.470,6.200,0.000,1.000,18.0
2008-07-02,06:32:00,1.448,0.332,239.770,6.200,0.000,2.000,19.0
2008-07-02,06:33:00,1.444,0.332,239.790,6.000,0.000,1.000,18.0
2008-07-02,06:34:00,1.436,0.332,239.490,6.000,0.000,1.000,18.0
2008-07-02,06:35:00,1.432,0.330,239.310,6.000,0.000,1.000,18.0
2008-07-02,06:36:00,1.430,0.330,239.330,6.000,0.000,1.000,19.0
2008-07-02,06:37:00,1.444,0.332,238.970,6.200,0.000,2.000,18.0
2008-07-02,06:38:00,4.842,0.308,235.620,20.800,0.000,1.000,17.0
2008-07-02,06:39:00,3.550,0.302,236.940,15.800,0.000,1.000,18.0
2008-07-02,06:40:00,2.536,0.314,238.580,10.600,0.000,1.000,18.0
2008-07-02,06:41:00,2.438,0.314,238.870,10.200,0.000,1.000,18.0
2008-07-02,06:42:00,2.636,0.316,238.870,11.000,0.000,2.000,18.0
2008-07-02,06:43:00,2.426,0.352,238.890,10.400,0.000,1.000,19.0
2008-07-02,06:44:00,2.224,0.238,238.880,9.400,0.000,1.000,18.0
2008-07-02,06:45:00,2.710,0.220,237.880,11.400,0.000,1.000,18.0
2008-07-02,06:46:00,2.016,0.186,238.210,8.600,0.000,1.000,18.0
2008-07-02,06:47:00,2.274,0.064,237.470,9.600,0.000,0.000,18.0
2008-07-02,06:48:00,1.654,0.128,238.280,7.000,0.000,0.000,18.0
2008-07-02,06:49:00,2.004,0.070,238.050,8.600,0.000,0.000,17.0
2008-07-02,06:50:00,2.186,0.066,238.370,9.200,0.000,1.000,19.0
2008-07-02,06:51:00,1.422,0.076,239.140,6.000,0.000,0.000,18.0
2008-07-02,06:52:00,1.346,0.076,238.850,5.600,0.000,0.000,18.0
2008-07-02,06:53:00,1.334,0.078,239.200,5.600,0.000,0.000,18.0
2008-07-02,06:54:00,2.006,0.124,238.800,8.800,0.000,0.000,18.0
2008-07-02,06:55:00,2.264,0.138,237.970,9.800,0.000,0.000,18.0
2008-07-02,06:56:00,1.662,0.102,238.490,7.400,0.000,0.000,18.0
2008-07-02,06:57:00,2.164,0.102,238.000,9.800,0.000,0.000,18.0
2008-07-02,06:58:00,2.888,0.222,236.250,12.400,0.000,0.000,18.0
2008-07-02,06:59:00,2.638,0.206,235.680,11.600,0.000,0.000,17.0
2008-07-02,07:00:00,2.370,0.210,236.000,10.400,0.000,0.000,18.0
2008-07-02,07:01:00,2.056,0.232,236.730,9.200,0.000,0.000,18.0
2008-07-02,07:02:00,1.552,0.208,237.300,6.800,0.000,0.000,18.0
2008-07-02,07:03:00,1.764,0.196,236.990,7.600,0.000,0.000,17.0
2008-07-02,07:04:00,2.138,0.190,236.470,9.000,0.000,0.000,18.0
2008-07-02,07:05:00,1.332,0.200,237.070,5.600,0.000,0.000,18.0
2008-07-02,07:06:00,1.346,0.206,238.470,5.600,0.000,0.000,18.0
2008-07-02,07:07:00,1.338,0.202,237.740,5.600,0.000,0.000,18.0
2008-07-02,07:08:00,1.334,0.202,237.430,5.600,0.000,0.000,18.0
2008-07-02,07:09:00,1.334,0.202,237.330,5.600,0.000,0.000,18.0
2008-07-02,07:10:00,1.526,0.200,237.080,6.600,0.000,0.000,17.0
2008-07-02,07:11:00,1.952,0.232,236.470,8.600,0.000,0.000,18.0
2008-07-02,07:12:00,1.748,0.216,236.010,7.800,0.000,0.000,18.0
2008-07-02,07:13:00,1.610,0.212,235.790,7.200,0.000,0.000,17.0
2008-07-02,07:14:00,1.320,0.196,236.120,5.600,0.000,0.000,18.0
2008-07-02,07:15:00,1.320,0.196,236.230,5.600,0.000,0.000,18.0
2008-07-02,07:16:00,1.320,0.198,236.190,5.600,0.000,0.000,18.0
2008-07-02,07:17:00,1.624,0.236,235.990,7.000,0.000,0.000,21.0
2008-07-02,07:18:00,1.980,0.278,235.590,8.400,0.000,0.000,29.0
2008-07-02,07:19:00,1.958,0.202,235.780,8.200,0.000,0.000,29.0
2008-07-02,07:20:00,1.970,0.162,236.840,8.200,0.000,0.000,30.0
2008-07-02,07:21:00,2.116,0.156,236.300,9.000,0.000,0.000,29.0
2008-07-02,07:22:00,1.940,0.136,236.700,8.200,0.000,0.000,28.0
2008-07-02,07:23:00,1.404,0.070,237.070,5.800,0.000,0.000,17.0
2008-07-02,07:24:00,1.402,0.070,236.800,5.800,0.000,0.000,18.0
2008-07-02,07:25:00,1.238,0.072,236.760,5.400,0.000,0.000,16.0
2008-07-02,07:26:00,0.368,0.082,237.840,1.600,0.000,0.000,1.0
2008-07-02,07:27:00,0.630,0.082,237.610,3.400,0.000,0.000,1.0
2008-07-02,07:28:00,0.756,0.102,237.280,4.000,0.000,0.000,0.0
2008-07-02,07:29:00,0.778,0.102,239.200,4.000,0.000,0.000,1.0
2008-07-02,07:30:00,0.754,0.104,239.150,4.000,0.000,0.000,0.0
2008-07-02,07:31:00,0.736,0.110,241.010,3.800,0.000,0.000,1.0
2008-07-02,07:32:00,0.376,0.092,241.990,1.600,0.000,0.000,1.0
2008-07-02,07:33:00,0.434,0.150,241.440,2.000,0.000,0.000,0.0
2008-07-02,07:34:00,0.482,0.222,240.740,2.200,0.000,0.000,1.0
2008-07-02,07:35:00,0.478,0.222,240.850,2.200,0.000,0.000,1.0
2008-07-02,07:36:00,0.474,0.220,240.250,2.200,0.000,0.000,0.0
2008-07-02,07:37:00,0.472,0.218,239.840,2.000,0.000,0.000,1.0
2008-07-02,07:38:00,0.470,0.218,239.570,2.000,0.000,0.000,1.0
2008-07-02,07:39:00,0.466,0.216,239.130,2.000,0.000,0.000,0.0
2008-07-02,07:40:00,0.540,0.294,239.290,2.600,0.000,0.000,1.0
2008-07-02,07:41:00,0.594,0.340,239.840,2.800,0.000,1.000,1.0
2008-07-02,07:42:00,0.560,0.340,239.570,2.600,0.000,2.000,0.0
2008-07-02,07:43:00,0.556,0.338,239.430,2.600,0.000,1.000,1.0
2008-07-02,07:44:00,0.572,0.352,239.550,2.800,0.000,2.000,1.0
2008-07-02,07:45:00,0.724,0.428,239.820,3.600,0.000,1.000,0.0
2008-07-02,07:46:00,0.864,0.488,239.460,4.200,0.000,2.000,1.0
2008-07-02,07:47:00,0.920,0.518,239.310,4.400,0.000,1.000,1.0
2008-07-02,07:48:00,0.672,0.400,240.090,3.400,0.000,2.000,0.0
2008-07-02,07:49:00,0.750,0.434,239.080,3.600,0.000,1.000,1.0
2008-07-02,07:50:00,0.892,0.504,238.740,4.400,0.000,2.000,1.0
2008-07-02,07:51:00,0.844,0.482,238.620,4.200,0.000,1.000,0.0
2008-07-02,07:52:00,0.912,0.514,239.400,4.400,0.000,1.000,1.0
2008-07-02,07:53:00,0.542,0.336,239.230,2.600,0.000,2.000,0.0
2008-07-02,07:54:00,0.684,0.404,238.770,3.400,0.000,1.000,1.0
2008-07-02,07:55:00,0.652,0.306,239.070,3.200,0.000,1.000,1.0
2008-07-02,07:56:00,0.642,0.300,239.140,3.000,0.000,2.000,0.0
2008-07-02,07:57:00,0.452,0.208,238.750,2.000,0.000,1.000,1.0
2008-07-02,07:58:00,0.502,0.234,238.430,2.400,0.000,1.000,1.0
2008-07-02,07:59:00,0.602,0.246,238.650,4.200,0.000,1.000,0.0
2008-07-02,08:00:00,0.486,0.212,239.340,2.400,0.000,2.000,1.0
2008-07-02,08:01:00,0.446,0.208,240.280,2.000,0.000,1.000,1.0
2008-07-02,08:02:00,0.444,0.208,239.790,2.000,0.000,1.000,0.0
2008-07-02,08:03:00,0.440,0.202,238.620,2.000,0.000,1.000,1.0
2008-07-02,08:04:00,0.658,0.244,238.480,4.000,0.000,2.000,1.0
2008-07-02,08:05:00,0.686,0.236,238.900,4.000,0.000,1.000,0.0
2008-07-02,08:06:00,0.712,0.238,237.710,4.000,0.000,1.000,1.0
2008-07-02,08:07:00,0.544,0.200,238.190,2.400,0.000,1.000,1.0
2008-07-02,08:08:00,0.544,0.200,238.220,2.400,0.000,2.000,0.0
2008-07-02,08:09:00,0.624,0.282,237.570,2.800,0.000,1.000,1.0
2008-07-02,08:10:00,0.682,0.328,238.140,3.200,0.000,1.000,1.0
2008-07-02,08:11:00,0.652,0.328,238.080,3.000,0.000,1.000,0.0
2008-07-02,08:12:00,0.644,0.330,238.410,3.000,0.000,1.000,1.0
2008-07-02,08:13:00,0.700,0.342,238.620,3.400,0.000,2.000,1.0
2008-07-02,08:14:00,1.302,0.428,238.160,5.600,0.000,1.000,11.0
2008-07-02,08:15:00,1.316,0.418,237.290,5.800,0.000,1.000,12.0
2008-07-02,08:16:00,1.338,0.412,236.610,5.800,0.000,1.000,13.0
2008-07-02,08:17:00,1.344,0.414,236.810,5.800,0.000,1.000,12.0
2008-07-02,08:18:00,1.318,0.416,237.600,5.800,0.000,2.000,13.0
2008-07-02,08:19:00,0.636,0.330,238.360,3.000,0.000,1.000,0.0
2008-07-02,08:20:00,0.694,0.316,239.510,3.200,0.000,1.000,1.0
2008-07-02,08:21:00,0.718,0.314,240.290,3.200,0.000,1.000,1.0
2008-07-02,08:22:00,0.830,0.342,239.900,3.800,0.000,1.000,0.0
2008-07-02,08:23:00,0.878,0.346,240.330,4.000,0.000,2.000,1.0
2008-07-02,08:24:00,0.946,0.360,240.090,4.400,0.000,1.000,1.0
2008-07-02,08:25:00,0.980,0.364,239.750,4.600,0.000,1.000,0.0
2008-07-02,08:26:00,1.104,0.380,238.940,5.000,0.000,1.000,1.0
2008-07-02,08:27:00,0.716,0.310,239.430,3.200,0.000,2.000,1.0
2008-07-02,08:28:00,0.716,0.308,239.320,3.200,0.000,1.000,0.0
2008-07-02,08:29:00,0.720,0.312,240.090,3.200,0.000,1.000,1.0
2008-07-02,08:30:00,0.652,0.216,240.150,2.800,0.000,1.000,1.0
2008-07-02,08:31:00,0.720,0.180,240.350,3.200,0.000,1.000,0.0
2008-07-02,08:32:00,1.014,0.228,239.160,5.600,0.000,1.000,1.0
2008-07-02,08:33:00,1.228,0.226,238.780,6.200,0.000,2.000,0.0
2008-07-02,08:34:00,0.670,0.000,239.310,2.800,0.000,0.000,1.0
2008-07-02,08:35:00,0.578,0.000,239.390,2.600,0.000,0.000,1.0
2008-07-02,08:36:00,1.194,0.134,237.940,6.600,0.000,0.000,0.0
2008-07-02,08:37:00,1.028,0.092,238.270,5.800,0.000,0.000,1.0
2008-07-02,08:38:00,0.414,0.000,238.980,1.600,0.000,0.000,1.0
2008-07-02,08:39:00,1.552,0.176,237.860,8.800,0.000,0.000,0.0
2008-07-02,08:40:00,0.742,0.000,238.500,4.200,0.000,0.000,1.0
2008-07-02,08:41:00,0.414,0.000,238.850,1.600,0.000,0.000,1.0
2008-07-02,08:42:00,0.414,0.000,238.650,1.600,0.000,0.000,0.0
2008-07-02,08:43:00,0.736,0.000,238.140,4.200,0.000,0.000,1.0
2008-07-02,08:44:00,1.402,0.170,237.470,6.800,0.000,0.000,1.0
2008-07-02,08:45:00,0.524,0.094,239.190,2.200,0.000,0.000,0.0
2008-07-02,08:46:00,1.234,0.214,237.810,6.400,0.000,0.000,1.0
2008-07-02,08:47:00,1.192,0.250,238.010,6.400,0.000,0.000,1.0
2008-07-02,08:48:00,1.614,0.342,237.460,8.200,0.000,0.000,0.0
2008-07-02,08:49:00,0.512,0.092,238.680,2.200,0.000,0.000,1.0
2008-07-02,08:50:00,0.614,0.116,238.280,3.400,0.000,0.000,0.0
2008-07-02,08:51:00,0.510,0.090,238.450,2.200,0.000,0.000,1.0
2008-07-02,08:52:00,0.566,0.122,238.340,2.600,0.000,0.000,1.0
2008-07-02,08:53:00,0.634,0.120,238.140,2.800,0.000,0.000,0.0
2008-07-02,08:54:00,0.508,0.088,238.570,2.000,0.000,0.000,1.0
2008-07-02,08:55:00,0.506,0.088,237.970,2.000,0.000,0.000,1.0
2008-07-02,08:56:00,0.616,0.120,237.930,2.800,0.000,0.000,0.0
2008-07-02,08:57:00,0.506,0.088,238.260,2.000,0.000,0.000,1.0
2008-07-02,08:58:00,0.630,0.084,237.870,2.600,0.000,0.000,1.0
2008-07-02,08:59:00,0.786,0.080,237.420,3.200,0.000,0.000,0.0
2008-07-02,09:00:00,0.656,0.082,237.390,2.800,0.000,0.000,1.0
2008-07-02,09:01:00,0.504,0.086,237.710,2.000,0.000,0.000,1.0
2008-07-02,09:02:00,0.644,0.118,237.790,3.600,0.000,0.000,0.0
2008-07-02,09:03:00,0.754,0.150,236.960,3.400,0.000,0.000,1.0
2008-07-02,09:04:00,0.606,0.108,237.600,2.800,0.000,0.000,0.0
2008-07-02,09:05:00,0.452,0.000,237.290,2.000,0.000,0.000,1.0
2008-07-02,09:06:00,0.486,0.056,236.810,2.000,0.000,0.000,1.0
2008-07-02,09:07:00,0.542,0.112,236.500,2.600,0.000,0.000,0.0
2008-07-02,09:08:00,0.734,0.202,238.790,4.000,0.000,0.000,1.0
2008-07-02,09:09:00,0.494,0.064,240.500,2.000,0.000,0.000,1.0
2008-07-02,09:10:00,0.492,0.064,240.620,2.000,0.000,0.000,0.0
2008-07-02,09:11:00,0.504,0.064,240.180,2.000,0.000,0.000,1.0
2008-07-02,09:12:00,0.976,0.132,239.610,4.400,0.000,0.000,7.0
2008-07-02,09:13:00,1.220,0.166,239.620,5.000,0.000,0.000,12.0
2008-07-02,09:14:00,1.246,0.158,238.650,5.200,0.000,0.000,12.0
2008-07-02,09:15:00,1.332,0.180,238.610,6.000,0.000,0.000,13.0
2008-07-02,09:16:00,1.268,0.166,239.600,5.400,0.000,0.000,12.0
2008-07-02,09:17:00,1.118,0.142,239.460,4.800,0.000,0.000,11.0
2008-07-02,09:18:00,0.548,0.062,239.530,2.200,0.000,0.000,1.0
2008-07-02,09:19:00,0.548,0.060,238.990,2.200,0.000,0.000,0.0
2008-07-02,09:20:00,0.654,0.176,239.360,2.800,0.000,0.000,1.0
2008-07-02,09:21:00,1.284,0.282,238.510,6.200,0.000,0.000,1.0
2008-07-02,09:22:00,0.652,0.192,239.120,2.800,0.000,0.000,0.0
2008-07-02,09:23:00,0.686,0.200,238.350,3.000,0.000,0.000,1.0
2008-07-02,09:24:00,0.662,0.194,237.850,3.000,0.000,0.000,1.0
2008-07-02,09:25:00,1.606,0.334,237.640,7.400,0.000,0.000,0.0
2008-07-02,09:26:00,1.206,0.284,238.640,6.200,0.000,0.000,1.0
2008-07-02,09:27:00,1.602,0.352,238.600,7.800,0.000,0.000,0.0
2008-07-02,09:28:00,1.212,0.304,238.360,6.400,0.000,0.000,1.0
2008-07-02,09:29:00,1.668,0.414,237.300,8.800,0.000,0.000,1.0
2008-07-02,09:30:00,1.714,0.434,237.080,9.200,0.000,0.000,0.0
2008-07-02,09:31:00,1.926,0.480,236.830,9.800,0.000,0.000,1.0
2008-07-02,09:32:00,1.112,0.248,237.470,6.600,0.000,0.000,1.0
2008-07-02,09:33:00,1.654,0.332,236.800,8.600,0.000,0.000,0.0
2008-07-02,09:34:00,1.160,0.230,237.390,6.800,0.000,0.000,1.0
2008-07-02,09:35:00,1.790,0.366,236.700,9.200,0.000,0.000,1.0
2008-07-02,09:36:00,0.662,0.164,237.890,4.600,0.000,0.000,0.0
2008-07-02,09:37:00,0.426,0.116,237.480,2.200,0.000,0.000,1.0
2008-07-02,09:38:00,0.360,0.102,237.230,1.800,0.000,0.000,1.0
2008-07-02,09:39:00,0.440,0.118,237.140,2.200,0.000,0.000,0.0
2008-07-02,09:40:00,0.258,0.094,237.280,1.200,0.000,0.000,1.0
2008-07-02,09:41:00,0.258,0.000,237.780,2.600,0.000,0.000,0.0
2008-07-02,09:42:00,0.398,0.000,237.140,3.200,0.000,0.000,1.0
2008-07-02,09:43:00,0.192,0.000,237.220,1.000,0.000,0.000,1.0
2008-07-02,09:44:00,0.236,0.086,237.970,1.000,0.000,1.000,0.0
2008-07-02,09:45:00,0.236,0.086,237.770,1.000,0.000,2.000,1.0
2008-07-02,09:46:00,0.234,0.084,237.500,1.000,0.000,1.000,1.0
2008-07-02,09:47:00,0.866,0.206,236.930,6.000,0.000,2.000,0.0
2008-07-02,09:48:00,1.744,0.384,235.980,8.400,0.000,1.000,1.0
2008-07-02,09:49:00,0.990,0.216,237.460,5.600,0.000,2.000,1.0
2008-07-02,09:50:00,0.230,0.086,238.220,1.000,0.000,1.000,0.0
2008-07-02,09:51:00,0.334,0.112,237.220,2.800,0.000,1.000,1.0
2008-07-02,09:52:00,0.226,0.082,236.570,1.000,0.000,2.000,0.0
2008-07-02,09:53:00,0.302,0.102,235.910,2.600,0.000,1.000,1.0
2008-07-02,09:54:00,0.224,0.080,235.870,1.000,0.000,2.000,1.0
2008-07-02,09:55:00,0.818,0.092,235.110,4.800,0.000,1.000,0.0
2008-07-02,09:56:00,0.924,0.242,235.050,5.600,0.000,1.000,1.0
2008-07-02,09:57:00,1.234,0.270,234.620,6.600,0.000,2.000,1.0
2008-07-02,09:58:00,1.032,0.326,234.770,5.200,0.000,1.000,0.0
2008-07-02,09:59:00,1.194,0.350,234.640,6.200,0.000,1.000,1.0
2008-07-02,10:00:00,0.620,0.330,235.060,4.000,0.000,1.000,0.0
2008-07-02,10:01:00,0.950,0.346,234.770,5.400,0.000,2.000,1.0
2008-07-02,10:02:00,1.400,0.402,233.470,7.800,0.000,1.000,1.0
2008-07-02,10:03:00,0.606,0.330,234.820,4.000,0.000,1.000,0.0
2008-07-02,10:04:00,0.610,0.344,234.790,3.800,0.000,1.000,1.0
2008-07-02,10:05:00,0.376,0.300,235.020,2.000,0.000,2.000,1.0
2008-07-02,10:06:00,0.376,0.302,235.280,2.000,0.000,1.000,0.0
2008-07-02,10:07:00,0.372,0.298,234.390,2.000,0.000,1.000,1.0
2008-07-02,10:08:00,0.372,0.296,234.070,2.000,0.000,1.000,0.0
2008-07-02,10:09:00,0.370,0.296,234.160,2.000,0.000,2.000,1.0
2008-07-02,10:10:00,0.368,0.294,233.650,2.000,0.000,1.000,1.0
2008-07-02,10:11:00,0.368,0.296,234.080,2.000,0.000,1.000,0.0
2008-07-02,10:12:00,0.368,0.294,233.680,2.000,0.000,1.000,1.0
2008-07-02,10:13:00,0.428,0.324,236.110,3.000,0.000,1.000,1.0
2008-07-02,10:14:00,0.370,0.306,236.170,2.000,0.000,1.000,0.0
2008-07-02,10:15:00,1.408,0.470,235.870,7.400,0.000,2.000,10.0
2008-07-02,10:16:00,2.170,0.560,235.410,10.400,0.000,1.000,11.0
2008-07-02,10:17:00,2.620,0.618,234.660,12.800,0.000,1.000,13.0
2008-07-02,10:18:00,2.150,0.518,235.360,11.000,0.000,1.000,12.0
2008-07-02,10:19:00,1.218,0.310,236.650,5.800,0.000,1.000,12.0
2008-07-02,10:20:00,0.644,0.220,237.300,3.800,0.000,2.000,7.0
2008-07-02,10:21:00,0.216,0.084,237.660,1.000,0.000,1.000,1.0
2008-07-02,10:22:00,0.216,0.086,237.990,1.000,0.000,1.000,0.0
2008-07-02,10:23:00,0.528,0.150,237.440,4.000,0.000,1.000,1.0
2008-07-02,10:24:00,0.670,0.180,237.970,5.200,0.000,1.000,1.0
2008-07-02,10:25:00,0.606,0.174,238.940,4.600,0.000,2.000,0.0
2008-07-02,10:26:00,0.492,0.154,240.240,3.800,0.000,1.000,1.0
2008-07-02,10:27:00,1.030,0.254,240.290,6.400,0.000,1.000,1.0
2008-07-02,10:28:00,1.168,0.288,240.490,7.000,0.000,1.000,0.0
2008-07-02,10:29:00,1.556,0.362,239.720,8.800,0.000,1.000,1.0
2008-07-02,10:30:00,1.150,0.176,239.090,7.000,0.000,0.000,1.0
2008-07-02,10:31:00,0.374,0.052,239.550,3.600,0.000,0.000,0.0
2008-07-02,10:32:00,0.322,0.118,239.010,2.600,0.000,0.000,1.0
2008-07-02,10:33:00,0.332,0.120,238.580,2.600,0.000,0.000,1.0
2008-07-02,10:34:00,0.246,0.100,239.400,1.000,0.000,0.000,0.0
2008-07-02,10:35:00,0.942,0.236,238.440,6.000,0.000,0.000,1.0
2008-07-02,10:36:00,1.678,0.362,237.920,8.000,0.000,0.000,0.0
2008-07-02,10:37:00,0.242,0.102,240.060,1.000,0.000,0.000,1.0
2008-07-02,10:38:00,0.618,0.176,238.970,4.600,0.000,0.000,1.0
2008-07-02,10:39:00,1.804,0.392,237.070,8.400,0.000,0.000,0.0
2008-07-02,10:40:00,1.572,0.362,237.530,8.200,0.000,0.000,1.0
2008-07-02,10:41:00,0.238,0.100,239.420,1.000,0.000,0.000,1.0
2008-07-02,10:42:00,0.238,0.100,239.550,1.000,0.000,0.000,0.0
2008-07-02,10:43:00,0.238,0.100,239.570,1.000,0.000,0.000,1.0
2008-07-02,10:44:00,0.238,0.100,239.740,1.000,0.000,0.000,1.0
2008-07-02,10:45:00,0.302,0.120,239.780,2.600,0.000,0.000,0.0
2008-07-02,10:46:00,0.238,0.100,239.670,1.000,0.000,0.000,1.0
2008-07-02,10:47:00,0.412,0.254,239.480,2.200,0.000,0.000,1.0
2008-07-02,10:48:00,0.340,0.220,239.540,1.800,0.000,0.000,0.0
2008-07-02,10:49:00,0.314,0.200,239.580,1.400,0.000,0.000,1.0
2008-07-02,10:50:00,0.388,0.224,239.890,2.800,0.000,0.000,1.0
2008-07-02,10:51:00,0.372,0.132,240.360,2.400,0.000,0.000,0.0
2008-07-02,10:52:00,0.216,0.072,240.190,1.000,0.000,0.000,1.0
2008-07-02,10:53:00,0.436,0.124,239.870,3.600,0.000,0.000,1.0
2008-07-02,10:54:00,0.216,0.076,241.410,1.000,0.000,0.000,0.0
2008-07-02,10:55:00,0.216,0.076,241.580,1.000,0.000,0.000,1.0
2008-07-02,10:56:00,0.294,0.098,241.580,2.600,0.000,0.000,1.0
2008-07-02,10:57:00,0.426,0.122,241.320,3.200,0.000,0.000,0.0
2008-07-02,10:58:00,0.420,0.122,241.300,3.200,0.000,0.000,1.0
2008-07-02,10:59:00,0.360,0.110,239.870,3.200,0.000,0.000,1.0
2008-07-02,11:00:00,0.212,0.072,239.950,0.800,0.000,0.000,0.0
2008-07-02,11:01:00,0.212,0.074,240.410,0.800,0.000,0.000,1.0
2008-07-02,11:02:00,0.316,0.098,240.310,2.600,0.000,0.000,1.0
2008-07-02,11:03:00,0.494,0.134,238.980,3.800,0.000,0.000,0.0
2008-07-02,11:04:00,0.210,0.070,239.010,0.800,0.000,0.000,1.0
2008-07-02,11:05:00,0.380,0.106,239.360,3.000,0.000,0.000,0.0
2008-07-02,11:06:00,0.244,0.000,240.100,2.600,0.000,0.000,1.0
2008-07-02,11:07:00,0.492,0.184,238.930,3.600,0.000,0.000,1.0
2008-07-02,11:08:00,0.302,0.134,239.060,1.600,0.000,0.000,0.0
2008-07-02,11:09:00,0.906,0.210,238.800,5.200,0.000,0.000,1.0
2008-07-02,11:10:00,0.968,0.240,238.670,6.000,0.000,0.000,1.0
2008-07-02,11:11:00,1.396,0.290,238.260,6.800,0.000,0.000,0.0
2008-07-02,11:12:00,0.748,0.188,238.980,4.200,0.000,0.000,1.0
2008-07-02,11:13:00,0.244,0.102,239.510,1.400,0.000,0.000,1.0
2008-07-02,11:14:00,0.418,0.168,239.040,2.800,0.000,0.000,0.0
2008-07-02,11:15:00,0.308,0.120,239.340,2.600,0.000,0.000,1.0
2008-07-02,11:16:00,0.254,0.104,239.590,1.200,0.000,0.000,1.0
2008-07-02,11:17:00,0.598,0.176,239.420,4.000,0.000,0.000,2.0
2008-07-02,11:18:00,0.902,0.204,239.520,3.800,0.000,0.000,12.0
2008-07-02,11:19:00,1.116,0.284,239.550,5.400,0.000,0.000,12.0
2008-07-02,11:20:00,1.054,0.266,239.480,4.600,0.000,0.000,12.0
2008-07-02,11:21:00,1.188,0.288,238.420,5.600,0.000,0.000,13.0
2008-07-02,11:22:00,0.870,0.240,238.350,4.400,0.000,0.000,9.0
2008-07-02,11:23:00,0.276,0.124,238.290,1.400,0.000,0.000,1.0
2008-07-02,11:24:00,0.498,0.168,238.050,3.800,0.000,0.000,1.0
2008-07-02,11:25:00,0.236,0.100,238.950,1.000,0.000,0.000,0.0
2008-07-02,11:26:00,0.344,0.126,238.910,1.800,0.000,0.000,1.0
2008-07-02,11:27:00,0.452,0.088,238.590,4.000,0.000,0.000,1.0
2008-07-02,11:28:00,0.348,0.000,238.000,2.800,0.000,0.000,0.0
2008-07-02,11:29:00,0.168,0.000,239.140,0.800,0.000,0.000,1.0
2008-07-02,11:30:00,0.142,0.000,239.770,0.600,0.000,0.000,0.0
2008-07-02,11:31:00,0.332,0.060,239.280,2.800,0.000,0.000,1.0
2008-07-02,11:32:00,0.478,0.136,239.150,4.000,0.000,0.000,1.0
2008-07-02,11:33:00,0.374,0.108,238.590,3.200,0.000,0.000,0.0
2008-07-02,11:34:00,0.370,0.102,238.700,2.800,0.000,0.000,1.0
2008-07-02,11:35:00,0.644,0.128,238.620,4.000,0.000,0.000,1.0
2008-07-02,11:36:00,1.056,0.182,238.360,5.400,0.000,0.000,0.0
2008-07-02,11:37:00,0.502,0.112,239.160,3.200,0.000,0.000,1.0
2008-07-02,11:38:00,0.254,0.068,239.000,1.000,0.000,0.000,1.0
2008-07-02,11:39:00,0.270,0.070,239.630,1.200,0.000,0.000,0.0
2008-07-02,11:40:00,0.506,0.168,238.470,3.400,0.000,0.000,1.0
2008-07-02,11:41:00,0.268,0.066,238.270,1.200,0.000,0.000,1.0
2008-07-02,11:42:00,0.344,0.146,238.440,1.600,0.000,0.000,0.0
2008-07-02,11:43:00,0.752,0.258,237.800,4.600,0.000,0.000,1.0
2008-07-02,11:44:00,0.858,0.284,238.520,3.800,0.000,0.000,1.0
2008-07-02,11:45:00,0.948,0.360,238.410,4.200,0.000,1.000,0.0
2008-07-02,11:46:00,0.956,0.356,237.750,4.200,0.000,2.000,1.0
2008-07-02,11:47:00,0.958,0.360,238.220,4.200,0.000,1.000,0.0
2008-07-02,11:48:00,0.964,0.362,238.760,4.200,0.000,2.000,1.0
2008-07-02,11:49:00,0.962,0.362,238.850,4.200,0.000,1.000,1.0
2008-07-02,11:50:00,0.932,0.324,239.100,4.200,0.000,2.000,0.0
2008-07-02,11:51:00,0.894,0.260,238.620,3.800,0.000,1.000,1.0
2008-07-02,11:52:00,0.888,0.262,239.120,3.800,0.000,2.000,1.0
2008-07-02,11:53:00,0.888,0.262,239.250,3.800,0.000,1.000,0.0
2008-07-02,11:54:00,0.908,0.264,239.510,4.000,0.000,1.000,1.0
2008-07-02,11:55:00,0.910,0.262,239.240,4.000,0.000,2.000,1.0
2008-07-02,11:56:00,0.882,0.260,238.800,3.800,0.000,1.000,0.0
2008-07-02,11:57:00,0.878,0.260,238.560,3.800,0.000,2.000,1.0
2008-07-02,11:58:00,0.916,0.262,239.490,4.000,0.000,1.000,1.0
2008-07-02,11:59:00,0.884,0.262,239.280,3.800,0.000,1.000,0.0
2008-07-02,12:00:00,0.610,0.242,239.300,3.000,0.000,1.000,1.0
2008-07-02,12:01:00,0.290,0.180,239.330,1.400,0.000,2.000,1.0
2008-07-02,12:02:00,0.224,0.086,239.050,1.000,0.000,1.000,0.0
2008-07-02,12:03:00,0.224,0.088,239.160,1.000,0.000,1.000,1.0
2008-07-02,12:04:00,0.222,0.086,239.160,1.000,0.000,2.000,1.0
2008-07-02,12:05:00,0.238,0.092,238.870,1.200,0.000,1.000,0.0
2008-07-02,12:06:00,0.300,0.184,238.490,1.400,0.000,1.000,1.0
2008-07-02,12:07:00,0.296,0.184,237.970,1.400,0.000,1.000,0.0
2008-07-02,12:08:00,0.296,0.182,237.990,1.400,0.000,1.000,1.0
2008-07-02,12:09:00,0.296,0.184,238.470,1.400,0.000,2.000,1.0
2008-07-02,12:10:00,0.292,0.184,238.580,1.400,0.000,1.000,0.0
2008-07-02,12:11:00,0.290,0.184,238.460,1.400,0.000,1.000,1.0
2008-07-02,12:12:00,0.290,0.186,238.550,1.400,0.000,1.000,1.0
2008-07-02,12:13:00,0.288,0.184,238.480,1.400,0.000,2.000,0.0
2008-07-02,12:14:00,0.288,0.184,238.210,1.400,0.000,1.000,1.0
2008-07-02,12:15:00,0.288,0.182,237.880,1.400,0.000,1.000,1.0
2008-07-02,12:16:00,0.858,0.260,237.050,3.800,0.000,1.000,9.0
2008-07-02,12:17:00,0.976,0.280,237.040,4.200,0.000,1.000,12.0
2008-07-02,12:18:00,1.104,0.404,237.930,4.800,0.000,1.000,12.0
2008-07-02,12:19:00,1.118,0.400,237.460,5.000,0.000,2.000,13.0
2008-07-02,12:20:00,1.132,0.402,237.640,5.000,0.000,1.000,13.0
2008-07-02,12:21:00,0.500,0.328,238.560,2.600,0.000,1.000,3.0
2008-07-02,12:22:00,0.330,0.214,238.870,1.600,0.000,0.000,0.0
2008-07-02,12:23:00,0.318,0.198,239.190,1.600,0.000,0.000,1.0
2008-07-02,12:24:00,0.318,0.198,239.400,1.600,0.000,0.000,1.0
2008-07-02,12:25:00,0.320,0.198,239.330,1.600,0.000,0.000,0.0
2008-07-02,12:26:00,0.314,0.198,239.110,1.400,0.000,0.000,1.0
2008-07-02,12:27:00,0.314,0.200,239.580,1.400,0.000,0.000,1.0
2008-07-02,12:28:00,0.312,0.198,239.320,1.400,0.000,0.000,0.0
2008-07-02,12:29:00,0.312,0.198,239.050,1.400,0.000,0.000,1.0
2008-07-02,12:30:00,0.312,0.198,239.220,1.400,0.000,0.000,1.0
2008-07-02,12:31:00,0.310,0.198,239.340,1.400,0.000,0.000,0.0
2008-07-02,12:32:00,0.310,0.196,238.680,1.400,0.000,0.000,1.0
2008-07-02,12:33:00,0.308,0.198,238.960,1.400,0.000,0.000,0.0
2008-07-02,12:34:00,0.310,0.198,239.430,1.400,0.000,0.000,1.0
2008-07-02,12:35:00,0.310,0.202,240.000,1.400,0.000,0.000,1.0
2008-07-02,12:36:00,0.310,0.204,240.500,1.400,0.000,0.000,0.0
2008-07-02,12:37:00,0.308,0.200,239.430,1.400,0.000,0.000,1.0
2008-07-02,12:38:00,0.308,0.200,239.580,1.400,0.000,0.000,1.0
2008-07-02,12:39:00,0.282,0.164,239.030,1.400,0.000,0.000,0.0
2008-07-02,12:40:00,0.214,0.070,239.320,1.000,0.000,0.000,1.0
2008-07-02,12:41:00,0.216,0.072,239.830,1.000,0.000,0.000,1.0
2008-07-02,12:42:00,0.230,0.070,239.940,1.000,0.000,0.000,0.0
2008-07-02,12:43:00,0.226,0.070,239.880,1.000,0.000,0.000,1.0
2008-07-02,12:44:00,0.218,0.070,239.670,1.000,0.000,0.000,1.0
2008-07-02,12:45:00,0.218,0.070,239.480,1.000,0.000,0.000,0.0
2008-07-02,12:46:00,0.218,0.070,239.940,1.000,0.000,0.000,1.0
2008-07-02,12:47:00,0.218,0.070,239.770,1.000,0.000,0.000,1.0
2008-07-02,12:48:00,0.218,0.070,239.860,1.000,0.000,0.000,0.0
2008-07-02,12:49:00,0.218,0.070,240.000,1.000,0.000,0.000,1.0
2008-07-02,12:50:00,0.216,0.070,240.080,1.000,0.000,0.000,1.0
2008-07-02,12:51:00,0.218,0.072,240.990,1.000,0.000,0.000,0.0
2008-07-02,12:52:00,0.216,0.072,240.560,1.000,0.000,0.000,1.0
2008-07-02,12:53:00,0.216,0.072,240.990,1.000,0.000,0.000,1.0
2008-07-02,12:54:00,0.216,0.072,240.500,1.000,0.000,0.000,0.0
2008-07-02,12:55:00,0.282,0.138,239.850,1.400,0.000,0.000,1.0
2008-07-02,12:56:00,0.324,0.202,239.940,1.600,0.000,0.000,1.0
2008-07-02,12:57:00,0.320,0.202,240.180,1.600,0.000,0.000,0.0
2008-07-02,12:58:00,0.318,0.204,240.380,1.600,0.000,0.000,1.0
2008-07-02,12:59:00,0.316,0.204,240.360,1.600,0.000,0.000,1.0
2008-07-02,13:00:00,0.314,0.204,240.620,1.400,0.000,0.000,0.0
2008-07-02,13:01:00,0.314,0.206,240.830,1.400,0.000,0.000,1.0
2008-07-02,13:02:00,0.316,0.206,241.130,1.600,0.000,0.000,0.0
2008-07-02,13:03:00,0.322,0.206,241.050,1.600,0.000,0.000,1.0
2008-07-02,13:04:00,0.318,0.206,241.060,1.600,0.000,0.000,1.0
2008-07-02,13:05:00,0.314,0.208,241.370,1.600,0.000,0.000,0.0
2008-07-02,13:06:00,0.316,0.206,240.980,1.600,0.000,0.000,1.0
2008-07-02,13:07:00,0.316,0.206,240.930,1.600,0.000,0.000,1.0
2008-07-02,13:08:00,0.314,0.208,241.640,1.600,0.000,0.000,0.0
2008-07-02,13:09:00,0.316,0.208,241.530,1.600,0.000,0.000,1.0
2008-07-02,13:10:00,0.316,0.206,240.930,1.600,0.000,0.000,1.0
2008-07-02,13:11:00,0.316,0.202,240.340,1.600,0.000,0.000,0.0
2008-07-02,13:12:00,0.820,0.194,239.630,4.400,0.000,0.000,1.0
2008-07-02,13:13:00,0.710,0.210,239.900,4.000,0.000,0.000,1.0
2008-07-02,13:14:00,1.640,0.218,239.060,7.800,0.000,0.000,13.0
2008-07-02,13:15:00,2.104,0.212,238.350,9.200,0.000,0.000,19.0
2008-07-02,13:16:00,2.436,0.284,237.370,10.800,0.000,0.000,26.0
2008-07-02,13:17:00,2.662,0.296,237.050,11.600,0.000,0.000,29.0
2008-07-02,13:18:00,2.640,0.306,237.410,11.400,0.000,0.000,30.0
2008-07-02,13:19:00,2.566,0.298,237.220,11.200,0.000,0.000,30.0
2008-07-02,13:20:00,2.078,0.280,238.090,8.800,0.000,0.000,30.0
2008-07-02,13:21:00,1.766,0.238,238.230,7.600,0.000,0.000,25.0
2008-07-02,13:22:00,1.436,0.186,238.730,6.000,0.000,0.000,18.0
2008-07-02,13:23:00,1.460,0.184,238.410,6.000,0.000,0.000,18.0
2008-07-02,13:24:00,1.462,0.184,238.620,6.000,0.000,0.000,18.0
2008-07-02,13:25:00,1.456,0.182,238.070,6.000,0.000,0.000,18.0
2008-07-02,13:26:00,1.456,0.184,238.160,6.000,0.000,0.000,18.0
2008-07-02,13:27:00,1.450,0.182,237.740,6.000,0.000,0.000,18.0
2008-07-02,13:28:00,1.454,0.184,238.110,6.000,0.000,0.000,18.0
2008-07-02,13:29:00,1.462,0.186,238.820,6.000,0.000,0.000,18.0
2008-07-02,13:30:00,1.384,0.078,238.590,5.800,0.000,0.000,18.0
2008-07-02,13:31:00,1.364,0.056,238.380,5.600,0.000,0.000,19.0
2008-07-02,13:32:00,1.380,0.054,238.220,5.800,0.000,0.000,18.0
2008-07-02,13:33:00,1.464,0.052,237.840,6.000,0.000,0.000,17.0
2008-07-02,13:34:00,1.532,0.074,237.750,6.800,0.000,0.000,18.0
2008-07-02,13:35:00,1.484,0.052,237.980,6.200,0.000,0.000,18.0
2008-07-02,13:36:00,1.464,0.052,237.960,6.000,0.000,0.000,18.0
2008-07-02,13:37:00,1.518,0.102,238.230,6.400,0.000,0.000,18.0
2008-07-02,13:38:00,1.554,0.172,238.000,6.400,0.000,1.000,18.0
2008-07-02,13:39:00,1.558,0.174,238.550,6.400,0.000,2.000,18.0
2008-07-02,13:40:00,1.556,0.174,238.440,6.400,0.000,1.000,18.0
2008-07-02,13:41:00,1.556,0.174,238.400,6.400,0.000,2.000,18.0
2008-07-02,13:42:00,1.624,0.184,238.720,6.800,0.000,1.000,18.0
2008-07-02,13:43:00,1.956,0.222,238.450,8.200,0.000,2.000,18.0
2008-07-02,13:44:00,1.668,0.190,237.940,7.000,0.000,1.000,18.0
2008-07-02,13:45:00,1.544,0.278,238.430,6.600,0.000,2.000,18.0
2008-07-02,13:46:00,1.554,0.304,238.440,6.600,0.000,1.000,18.0
2008-07-02,13:47:00,1.550,0.304,238.470,6.600,0.000,1.000,19.0
2008-07-02,13:48:00,1.630,0.304,238.060,6.800,0.000,2.000,17.0
2008-07-02,13:49:00,1.648,0.312,238.240,7.000,0.000,1.000,18.0
2008-07-02,13:50:00,1.642,0.310,238.060,7.000,0.000,2.000,18.0
2008-07-02,13:51:00,1.784,0.348,237.390,8.200,0.000,1.000,18.0
2008-07-02,13:52:00,1.630,0.308,237.580,7.000,0.000,1.000,18.0
2008-07-02,13:53:00,1.618,0.304,236.700,6.800,0.000,1.000,18.0
2008-07-02,13:54:00,1.608,0.300,235.920,6.800,0.000,2.000,18.0
2008-07-02,13:55:00,1.606,0.300,235.830,6.800,0.000,1.000,17.0
2008-07-02,13:56:00,1.600,0.298,235.280,6.800,0.000,1.000,18.0
2008-07-02,13:57:00,1.610,0.302,236.250,6.800,0.000,1.000,18.0
2008-07-02,13:58:00,1.610,0.302,236.290,6.800,0.000,2.000,17.0
2008-07-02,13:59:00,1.606,0.302,235.980,6.800,0.000,1.000,18.0
2008-07-02,14:00:00,1.596,0.298,235.210,6.800,0.000,1.000,18.0
2008-07-02,14:01:00,1.918,0.338,234.700,8.400,0.000,1.000,22.0
2008-07-02,14:02:00,2.234,0.364,233.370,9.600,0.000,2.000,28.0
2008-07-02,14:03:00,2.254,0.358,232.760,9.800,0.000,1.000,29.0
2008-07-02,14:04:00,2.260,0.356,232.310,9.800,0.000,1.000,29.0
2008-07-02,14:05:00,2.258,0.350,231.650,9.800,0.000,1.000,28.0
2008-07-02,14:06:00,2.240,0.310,233.530,9.600,0.000,1.000,29.0
2008-07-02,14:07:00,1.502,0.172,234.970,6.400,0.000,2.000,19.0
2008-07-02,14:08:00,1.504,0.172,235.260,6.400,0.000,1.000,17.0
2008-07-02,14:09:00,1.502,0.172,235.170,6.400,0.000,1.000,18.0
2008-07-02,14:10:00,1.498,0.172,234.790,6.400,0.000,1.000,17.0
2008-07-02,14:11:00,1.502,0.172,235.260,6.400,0.000,1.000,18.0
2008-07-02,14:12:00,1.500,0.172,235.020,6.400,0.000,1.000,17.0
2008-07-02,14:13:00,1.502,0.172,235.150,6.400,0.000,2.000,18.0
2008-07-02,14:14:00,1.474,0.130,235.090,6.200,0.000,1.000,17.0
2008-07-02,14:15:00,1.444,0.076,235.570,6.000,0.000,1.000,18.0
2008-07-02,14:16:00,1.444,0.076,235.570,6.000,0.000,1.000,18.0
2008-07-02,14:17:00,1.446,0.076,235.870,6.000,0.000,1.000,17.0
2008-07-02,14:18:00,1.398,0.000,236.810,5.800,0.000,1.000,18.0
2008-07-02,14:19:00,1.398,0.000,237.890,5.800,0.000,0.000,18.0
2008-07-02,14:20:00,1.414,0.000,238.070,5.800,0.000,0.000,18.0
2008-07-02,14:21:00,1.458,0.000,237.580,6.000,0.000,0.000,18.0
2008-07-02,14:22:00,1.570,0.090,237.010,6.600,0.000,0.000,18.0
2008-07-02,14:23:00,1.562,0.088,237.370,6.600,0.000,0.000,17.0
2008-07-02,14:24:00,1.554,0.088,237.060,6.600,0.000,0.000,18.0
2008-07-02,14:25:00,1.546,0.086,236.480,6.400,0.000,0.000,18.0
2008-07-02,14:26:00,1.544,0.086,236.090,6.400,0.000,0.000,18.0
2008-07-02,14:27:00,1.532,0.084,235.180,6.400,0.000,0.000,17.0
2008-07-02,14:28:00,1.622,0.108,235.090,7.200,0.000,0.000,18.0
2008-07-02,14:29:00,1.532,0.084,235.320,6.400,0.000,0.000,17.0
2008-07-02,14:30:00,1.536,0.086,235.740,6.400,0.000,0.000,18.0
2008-07-02,14:31:00,1.546,0.088,236.620,6.400,0.000,0.000,18.0
2008-07-02,14:32:00,1.566,0.086,236.640,6.600,0.000,0.000,18.0
2008-07-02,14:33:00,1.866,0.110,235.890,8.200,0.000,0.000,17.0
2008-07-02,14:34:00,1.542,0.086,236.350,6.400,0.000,0.000,18.0
2008-07-02,14:35:00,1.546,0.086,236.760,6.400,0.000,0.000,18.0
2008-07-02,14:36:00,1.544,0.086,236.540,6.400,0.000,0.000,17.0
2008-07-02,14:37:00,1.548,0.088,236.940,6.400,0.000,0.000,18.0
2008-07-02,14:38:00,1.542,0.086,236.390,6.400,0.000,0.000,18.0
2008-07-02,14:39:00,1.532,0.084,235.550,6.400,0.000,0.000,18.0
2008-07-02,14:40:00,1.526,0.082,235.040,6.400,0.000,0.000,17.0
2008-07-02,14:41:00,1.460,0.000,234.700,6.200,0.000,0.000,18.0
2008-07-02,14:42:00,1.432,0.000,234.670,6.000,0.000,0.000,17.0
2008-07-02,14:43:00,1.434,0.000,234.660,6.000,0.000,0.000,18.0
2008-07-02,14:44:00,1.438,0.000,235.130,6.000,0.000,0.000,17.0
2008-07-02,14:45:00,1.444,0.000,235.570,6.000,0.000,0.000,18.0
2008-07-02,14:46:00,1.446,0.000,235.730,6.000,0.000,0.000,17.0
2008-07-02,14:47:00,1.444,0.000,235.420,6.000,0.000,0.000,18.0
2008-07-02,14:48:00,1.444,0.000,235.320,6.000,0.000,0.000,18.0
2008-07-02,14:49:00,1.476,0.000,235.370,6.200,0.000,0.000,17.0
2008-07-02,14:50:00,1.512,0.054,234.600,6.400,0.000,0.000,18.0
2008-07-02,14:51:00,1.480,0.056,234.410,6.200,0.000,0.000,17.0
2008-07-02,14:52:00,1.452,0.060,235.980,6.000,0.000,0.000,18.0
2008-07-02,14:53:00,1.448,0.060,235.560,6.000,0.000,0.000,17.0
2008-07-02,14:54:00,1.444,0.058,235.440,6.000,0.000,0.000,18.0
2008-07-02,14:55:00,1.756,0.100,234.750,7.600,0.000,0.000,22.0
2008-07-02,14:56:00,2.084,0.138,234.220,8.800,0.000,0.000,28.0
2008-07-02,14:57:00,2.210,0.242,234.010,9.400,0.000,0.000,29.0
2008-07-02,14:58:00,2.230,0.260,234.160,9.600,0.000,0.000,29.0
2008-07-02,14:59:00,2.236,0.262,234.560,9.600,0.000,0.000,29.0
2008-07-02,15:00:00,2.144,0.254,234.930,9.200,0.000,0.000,29.0
2008-07-02,15:01:00,1.538,0.184,235.510,6.400,0.000,0.000,17.0
2008-07-02,15:02:00,1.536,0.184,235.500,6.400,0.000,0.000,18.0
2008-07-02,15:03:00,1.532,0.184,235.340,6.400,0.000,0.000,17.0
2008-07-02,15:04:00,1.542,0.186,235.750,6.600,0.000,0.000,18.0
2008-07-02,15:05:00,1.538,0.186,235.790,6.400,0.000,0.000,18.0
2008-07-02,15:06:00,1.536,0.186,235.760,6.400,0.000,0.000,17.0
2008-07-02,15:07:00,1.532,0.184,235.550,6.400,0.000,0.000,18.0
2008-07-02,15:08:00,1.530,0.184,235.390,6.400,0.000,0.000,17.0
2008-07-02,15:09:00,1.536,0.186,235.870,6.400,0.000,0.000,18.0
2008-07-02,15:10:00,1.532,0.184,235.680,6.400,0.000,0.000,18.0
2008-07-02,15:11:00,1.532,0.186,235.770,6.400,0.000,0.000,17.0
2008-07-02,15:12:00,1.536,0.186,235.960,6.400,0.000,0.000,18.0
2008-07-02,15:13:00,1.538,0.186,236.300,6.400,0.000,0.000,18.0
2008-07-02,15:14:00,1.538,0.186,236.300,6.400,0.000,0.000,17.0
2008-07-02,15:15:00,1.540,0.188,236.420,6.400,0.000,0.000,18.0
2008-07-02,15:16:00,1.476,0.096,236.330,6.200,0.000,0.000,18.0
2008-07-02,15:17:00,1.458,0.062,237.230,6.000,0.000,0.000,18.0
2008-07-02,15:18:00,1.460,0.062,237.380,6.000,0.000,0.000,18.0
2008-07-02,15:19:00,1.468,0.064,238.120,6.000,0.000,0.000,18.0
2008-07-02,15:20:00,1.474,0.066,238.790,6.000,0.000,0.000,18.0
2008-07-02,15:21:00,1.474,0.064,238.720,6.000,0.000,0.000,18.0
2008-07-02,15:22:00,1.478,0.066,239.060,6.200,0.000,0.000,18.0
2008-07-02,15:23:00,1.476,0.066,238.990,6.200,0.000,0.000,18.0
2008-07-02,15:24:00,1.476,0.066,239.030,6.200,0.000,0.000,18.0
2008-07-02,15:25:00,1.482,0.066,239.000,6.200,0.000,0.000,18.0
2008-07-02,15:26:00,1.480,0.066,239.280,6.200,0.000,0.000,18.0
2008-07-02,15:27:00,1.478,0.066,239.050,6.200,0.000,0.000,18.0
2008-07-02,15:28:00,1.386,0.066,239.130,5.800,0.000,0.000,18.0
2008-07-02,15:29:00,0.426,0.078,240.080,1.800,0.000,0.000,1.0
2008-07-02,15:30:00,0.426,0.078,240.090,1.800,0.000,0.000,0.0
2008-07-02,15:31:00,0.424,0.076,239.630,1.800,0.000,0.000,1.0
2008-07-02,15:32:00,0.492,0.144,239.120,2.200,0.000,0.000,1.0
2008-07-02,15:33:00,0.528,0.198,237.410,2.400,0.000,0.000,0.0
2008-07-02,15:34:00,0.520,0.196,236.480,2.200,0.000,0.000,1.0
2008-07-02,15:35:00,0.524,0.196,236.790,2.200,0.000,0.000,1.0
2008-07-02,15:36:00,0.558,0.280,236.930,2.600,0.000,0.000,0.0
2008-07-02,15:37:00,0.556,0.314,236.700,2.600,0.000,1.000,1.0
2008-07-02,15:38:00,0.554,0.316,236.770,2.600,0.000,2.000,0.0
2008-07-02,15:39:00,0.634,0.316,237.230,3.000,0.000,1.000,1.0
2008-07-02,15:40:00,0.550,0.318,237.310,2.600,0.000,2.000,1.0
2008-07-02,15:41:00,0.550,0.320,237.710,2.600,0.000,1.000,0.0
2008-07-02,15:42:00,0.508,0.320,237.580,2.400,0.000,1.000,1.0
2008-07-02,15:43:00,0.492,0.322,238.040,2.400,0.000,2.000,1.0
2008-07-02,15:44:00,0.492,0.322,238.100,2.400,0.000,1.000,0.0
2008-07-02,15:45:00,0.490,0.324,238.170,2.400,0.000,2.000,1.0
2008-07-02,15:46:00,0.488,0.322,238.110,2.400,0.000,1.000,1.0
2008-07-02,15:47:00,0.488,0.324,237.900,2.400,0.000,1.000,0.0
2008-07-02,15:48:00,0.452,0.300,238.080,2.200,0.000,2.000,1.0
2008-07-02,15:49:00,0.414,0.242,237.980,2.000,0.000,1.000,1.0
2008-07-02,15:50:00,0.436,0.248,238.300,2.000,0.000,1.000,0.0
2008-07-02,15:51:00,0.386,0.154,238.480,1.800,0.000,2.000,1.0
2008-07-02,15:52:00,0.346,0.118,238.590,1.400,0.000,1.000,0.0
2008-07-02,15:53:00,0.368,0.120,238.530,1.600,0.000,1.000,1.0
2008-07-02,15:54:00,0.912,0.200,237.570,4.000,0.000,2.000,10.0
2008-07-02,15:55:00,0.982,0.206,237.440,4.200,0.000,1.000,12.0
2008-07-02,15:56:00,1.014,0.206,237.430,4.200,0.000,1.000,12.0
2008-07-02,15:57:00,1.022,0.202,237.140,4.400,0.000,1.000,12.0
2008-07-02,15:58:00,1.034,0.206,237.570,4.400,0.000,2.000,13.0
2008-07-02,15:59:00,0.436,0.130,238.490,2.200,0.000,1.000,3.0
2008-07-02,16:00:00,0.314,0.114,238.130,1.400,0.000,1.000,1.0
2008-07-02,16:01:00,0.318,0.114,238.020,1.400,0.000,1.000,0.0
2008-07-02,16:02:00,0.314,0.112,237.950,1.400,0.000,1.000,1.0
2008-07-02,16:03:00,0.314,0.112,238.080,1.400,0.000,2.000,1.0
2008-07-02,16:04:00,0.454,0.130,237.900,2.000,0.000,1.000,0.0
2008-07-02,16:05:00,0.314,0.116,238.870,1.400,0.000,1.000,1.0
2008-07-02,16:06:00,0.390,0.122,239.040,1.600,0.000,1.000,1.0
2008-07-02,16:07:00,0.354,0.150,238.760,1.600,0.000,1.000,0.0
2008-07-02,16:08:00,0.422,0.244,238.660,2.000,0.000,2.000,1.0
2008-07-02,16:09:00,0.470,0.254,239.190,2.200,0.000,1.000,0.0
2008-07-02,16:10:00,0.418,0.248,239.260,2.000,0.000,1.000,1.0
2008-07-02,16:11:00,0.416,0.246,239.110,2.000,0.000,1.000,1.0
2008-07-02,16:12:00,0.412,0.244,238.590,2.000,0.000,1.000,0.0
2008-07-02,16:13:00,0.412,0.244,238.640,2.000,0.000,2.000,1.0
2008-07-02,16:14:00,0.408,0.242,238.840,2.000,0.000,1.000,1.0
2008-07-02,16:15:00,0.338,0.128,239.200,1.400,0.000,0.000,0.0
2008-07-02,16:16:00,0.336,0.128,239.040,1.400,0.000,0.000,1.0
2008-07-02,16:17:00,0.336,0.126,238.920,1.400,0.000,0.000,1.0
2008-07-02,16:18:00,0.336,0.128,239.200,1.400,0.000,0.000,0.0
2008-07-02,16:19:00,0.378,0.162,239.190,1.800,0.000,0.000,1.0
2008-07-02,16:20:00,0.412,0.228,239.080,1.800,0.000,0.000,1.0
2008-07-02,16:21:00,0.412,0.228,238.960,1.800,0.000,0.000,0.0
2008-07-02,16:22:00,0.410,0.228,238.860,1.800,0.000,0.000,1.0
2008-07-02,16:23:00,0.410,0.228,239.020,1.800,0.000,0.000,1.0
2008-07-02,16:24:00,0.368,0.174,239.340,1.600,0.000,0.000,0.0
2008-07-02,16:25:00,0.316,0.100,240.100,1.400,0.000,0.000,1.0
2008-07-02,16:26:00,0.312,0.098,238.990,1.400,0.000,0.000,1.0
2008-07-02,16:27:00,0.310,0.098,238.730,1.200,0.000,0.000,0.0
2008-07-02,16:28:00,0.310,0.098,238.870,1.200,0.000,0.000,1.0
2008-07-02,16:29:00,0.310,0.098,239.270,1.200,0.000,0.000,0.0
2008-07-02,16:30:00,0.330,0.100,240.020,1.400,0.000,0.000,1.0
2008-07-02,16:31:00,0.368,0.098,239.730,1.600,0.000,0.000,1.0
2008-07-02,16:32:00,0.368,0.096,239.440,1.600,0.000,0.000,0.0
2008-07-02,16:33:00,0.346,0.098,239.420,1.400,0.000,0.000,1.0
2008-07-02,16:34:00,0.312,0.098,239.400,1.400,0.000,0.000,1.0
2008-07-02,16:35:00,0.308,0.098,239.260,1.200,0.000,0.000,0.0
2008-07-02,16:36:00,0.262,0.000,239.560,1.000,0.000,0.000,1.0
2008-07-02,16:37:00,0.244,0.000,240.280,1.000,0.000,0.000,1.0
2008-07-02,16:38:00,0.242,0.000,239.660,1.000,0.000,0.000,0.0
2008-07-02,16:39:00,0.244,0.000,240.250,1.000,0.000,0.000,1.0
2008-07-02,16:40:00,0.244,0.000,240.630,1.000,0.000,0.000,1.0
2008-07-02,16:41:00,0.306,0.060,240.610,1.400,0.000,0.000,0.0
2008-07-02,16:42:00,0.354,0.130,240.330,1.400,0.000,0.000,1.0
2008-07-02,16:43:00,0.348,0.130,240.150,1.400,0.000,0.000,1.0
2008-07-02,16:44:00,0.348,0.130,240.340,1.400,0.000,0.000,0.0
2008-07-02,16:45:00,0.346,0.130,240.170,1.400,0.000,0.000,1.0
2008-07-02,16:46:00,0.340,0.126,238.650,1.400,0.000,0.000,1.0
2008-07-02,16:47:00,0.340,0.126,238.720,1.400,0.000,0.000,0.0
2008-07-02,16:48:00,0.338,0.126,238.960,1.400,0.000,0.000,1.0
2008-07-02,16:49:00,0.338,0.128,239.340,1.400,0.000,0.000,1.0
2008-07-02,16:50:00,0.338,0.128,239.750,1.400,0.000,0.000,0.0
2008-07-02,16:51:00,0.338,0.126,239.100,1.400,0.000,0.000,1.0
2008-07-02,16:52:00,0.384,0.138,239.390,1.800,0.000,0.000,1.0
2008-07-02,16:53:00,0.994,0.224,238.650,4.200,0.000,0.000,11.0
2008-07-02,16:54:00,1.024,0.222,238.560,4.400,0.000,0.000,12.0
2008-07-02,16:55:00,1.082,0.222,238.530,4.600,0.000,0.000,12.0
2008-07-02,16:56:00,1.048,0.228,238.910,4.400,0.000,0.000,13.0
2008-07-02,16:57:00,0.880,0.194,239.440,4.000,0.000,0.000,11.0
2008-07-02,16:58:00,0.244,0.000,239.850,1.000,0.000,0.000,0.0
2008-07-02,16:59:00,0.244,0.000,240.080,1.000,0.000,0.000,1.0
2008-07-02,17:00:00,0.244,0.000,239.980,1.000,0.000,0.000,0.0
2008-07-02,17:01:00,0.244,0.000,240.020,1.000,0.000,0.000,1.0
2008-07-02,17:02:00,0.244,0.000,240.490,1.000,0.000,0.000,1.0
2008-07-02,17:03:00,0.318,0.076,240.230,1.400,0.000,0.000,0.0
2008-07-02,17:04:00,0.320,0.100,240.110,1.400,0.000,0.000,1.0
2008-07-02,17:05:00,0.328,0.100,240.210,1.400,0.000,0.000,1.0
2008-07-02,17:06:00,0.256,0.104,240.340,1.200,0.000,0.000,0.0
2008-07-02,17:07:00,0.214,0.106,240.990,1.000,0.000,0.000,1.0
2008-07-02,17:08:00,0.212,0.106,240.730,1.000,0.000,0.000,1.0
2008-07-02,17:09:00,0.212,0.106,240.880,1.000,0.000,0.000,0.0
2008-07-02,17:10:00,0.210,0.106,240.890,1.000,0.000,0.000,1.0
2008-07-02,17:11:00,0.210,0.106,240.730,1.000,0.000,0.000,1.0
2008-07-02,17:12:00,0.208,0.104,240.400,1.000,0.000,0.000,0.0
2008-07-02,17:13:00,0.208,0.104,240.500,1.000,0.000,0.000,1.0
2008-07-02,17:14:00,0.208,0.104,240.240,1.000,0.000,0.000,1.0
2008-07-02,17:15:00,0.298,0.200,239.890,1.600,0.000,0.000,0.0
2008-07-02,17:16:00,0.314,0.234,239.840,1.600,0.000,0.000,1.0
2008-07-02,17:17:00,0.310,0.234,239.800,1.600,0.000,0.000,1.0
2008-07-02,17:18:00,0.308,0.234,240.120,1.600,0.000,0.000,0.0
2008-07-02,17:19:00,0.308,0.236,240.570,1.600,0.000,0.000,1.0
2008-07-02,17:20:00,0.306,0.236,240.690,1.600,0.000,0.000,1.0
2008-07-02,17:21:00,0.304,0.234,240.240,1.600,0.000,0.000,0.0
2008-07-02,17:22:00,0.302,0.234,240.140,1.600,0.000,0.000,1.0
2008-07-02,17:23:00,0.302,0.236,240.380,1.600,0.000,0.000,1.0
2008-07-02,17:24:00,0.306,0.236,240.620,1.600,0.000,0.000,0.0
2008-07-02,17:25:00,0.306,0.236,240.510,1.600,0.000,0.000,1.0
2008-07-02,17:26:00,0.302,0.234,240.000,1.600,0.000,0.000,1.0
2008-07-02,17:27:00,0.302,0.234,240.240,1.600,0.000,0.000,0.0
2008-07-02,17:28:00,0.302,0.234,240.030,1.600,0.000,0.000,1.0
2008-07-02,17:29:00,0.300,0.234,240.320,1.600,0.000,0.000,1.0
2008-07-02,17:30:00,0.300,0.234,240.230,1.600,0.000,0.000,0.0
2008-07-02,17:31:00,0.262,0.182,240.470,1.200,0.000,0.000,1.0
2008-07-02,17:32:00,0.206,0.104,240.690,1.000,0.000,0.000,1.0
2008-07-02,17:33:00,0.206,0.104,240.620,1.000,0.000,0.000,0.0
2008-07-02,17:34:00,0.272,0.174,240.740,1.400,0.000,0.000,1.0
2008-07-02,17:35:00,0.294,0.224,240.470,1.400,0.000,1.000,0.0
2008-07-02,17:36:00,0.294,0.226,240.570,1.400,0.000,2.000,1.0
2008-07-02,17:37:00,0.294,0.226,240.720,1.400,0.000,1.000,1.0
2008-07-02,17:38:00,0.294,0.226,240.720,1.400,0.000,2.000,0.0
2008-07-02,17:39:00,0.292,0.226,240.780,1.400,0.000,1.000,1.0
2008-07-02,17:40:00,0.292,0.224,240.150,1.400,0.000,2.000,1.0
2008-07-02,17:41:00,0.290,0.224,240.300,1.400,0.000,1.000,0.0
2008-07-02,17:42:00,0.290,0.224,240.140,1.400,0.000,1.000,1.0
2008-07-02,17:43:00,0.288,0.224,240.300,1.400,0.000,2.000,1.0
2008-07-02,17:44:00,0.288,0.226,240.660,1.400,0.000,1.000,0.0
2008-07-02,17:45:00,0.278,0.212,240.510,1.400,0.000,2.000,1.0
2008-07-02,17:46:00,0.222,0.122,240.720,1.000,0.000,1.000,1.0
2008-07-02,17:47:00,0.220,0.124,240.990,1.000,0.000,1.000,0.0
2008-07-02,17:48:00,0.252,0.152,241.070,1.200,0.000,2.000,1.0
2008-07-02,17:49:00,0.328,0.254,240.560,1.600,0.000,1.000,1.0
2008-07-02,17:50:00,0.326,0.252,239.980,1.600,0.000,1.000,0.0
2008-07-02,17:51:00,0.582,0.288,240.520,3.000,0.000,2.000,4.0
2008-07-02,17:52:00,0.988,0.364,240.740,4.400,0.000,1.000,12.0
2008-07-02,17:53:00,1.004,0.362,240.590,4.400,0.000,1.000,12.0
2008-07-02,17:54:00,1.020,0.346,239.130,4.400,0.000,1.000,12.0
2008-07-02,17:55:00,1.162,0.344,239.040,5.000,0.000,2.000,13.0
2008-07-02,17:56:00,0.932,0.304,239.530,4.400,0.000,1.000,8.0
2008-07-02,17:57:00,0.308,0.254,240.340,1.600,0.000,1.000,0.0
2008-07-02,17:58:00,0.308,0.256,240.730,1.600,0.000,1.000,1.0
2008-07-02,17:59:00,0.308,0.254,240.500,1.600,0.000,2.000,1.0
2008-07-02,18:00:00,0.306,0.256,240.790,1.600,0.000,1.000,0.0
2008-07-02,18:01:00,0.306,0.252,240.280,1.600,0.000,1.000,1.0
2008-07-02,18:02:00,0.382,0.252,240.370,1.800,0.000,1.000,1.0
2008-07-02,18:03:00,0.412,0.254,240.900,2.000,0.000,1.000,0.0
2008-07-02,18:04:00,0.408,0.250,241.360,2.000,0.000,2.000,1.0
2008-07-02,18:05:00,0.318,0.120,241.210,1.400,0.000,1.000,1.0
2008-07-02,18:06:00,0.318,0.120,241.300,1.400,0.000,1.000,0.0
2008-07-02,18:07:00,0.320,0.122,241.680,1.400,0.000,1.000,1.0
2008-07-02,18:08:00,0.350,0.120,241.490,1.600,0.000,1.000,1.0
2008-07-02,18:09:00,0.374,0.120,241.410,1.600,0.000,2.000,0.0
2008-07-02,18:10:00,0.320,0.122,241.480,1.400,0.000,1.000,1.0
2008-07-02,18:11:00,0.276,0.050,241.300,1.200,0.000,0.000,1.0
2008-07-02,18:12:00,0.246,0.000,241.210,1.000,0.000,0.000,0.0
2008-07-02,18:13:00,0.246,0.000,241.160,1.000,0.000,0.000,1.0
2008-07-02,18:14:00,0.330,0.092,241.120,1.400,0.000,0.000,1.0
2008-07-02,18:15:00,0.448,0.100,241.120,1.800,0.000,0.000,0.0
2008-07-02,18:16:00,0.536,0.098,241.380,2.200,0.000,0.000,1.0
2008-07-02,18:17:00,0.534,0.098,241.270,2.200,0.000,0.000,1.0
2008-07-02,18:18:00,0.534,0.098,241.220,2.200,0.000,0.000,0.0
2008-07-02,18:19:00,0.530,0.098,240.730,2.200,0.000,0.000,1.0
2008-07-02,18:20:00,0.530,0.098,240.850,2.200,0.000,0.000,1.0
2008-07-02,18:21:00,0.528,0.096,240.480,2.200,0.000,0.000,0.0
2008-07-02,18:22:00,0.576,0.142,240.380,2.400,0.000,0.000,1.0
2008-07-02,18:23:00,0.634,0.226,239.970,2.800,0.000,0.000,1.0
2008-07-02,18:24:00,0.630,0.228,240.060,2.800,0.000,0.000,0.0
2008-07-02,18:25:00,0.626,0.228,239.930,2.600,0.000,0.000,1.0
2008-07-02,18:26:00,0.624,0.228,239.990,2.600,0.000,0.000,1.0
2008-07-02,18:27:00,0.622,0.228,240.030,2.600,0.000,0.000,0.0
2008-07-02,18:28:00,0.622,0.228,240.080,2.600,0.000,0.000,1.0
2008-07-02,18:29:00,0.620,0.228,239.900,2.600,0.000,0.000,1.0
2008-07-02,18:30:00,0.618,0.228,239.800,2.600,0.000,0.000,0.0
2008-07-02,18:31:00,0.598,0.200,239.620,2.600,0.000,0.000,1.0
2008-07-02,18:32:00,0.548,0.124,239.400,2.200,0.000,0.000,1.0
2008-07-02,18:33:00,0.550,0.126,239.760,2.200,0.000,0.000,0.0
2008-07-02,18:34:00,0.546,0.124,239.490,2.200,0.000,0.000,1.0
2008-07-02,18:35:00,0.544,0.124,239.460,2.200,0.000,0.000,1.0
2008-07-02,18:36:00,0.550,0.126,240.000,2.200,0.000,0.000,0.0
2008-07-02,18:37:00,0.548,0.126,239.860,2.200,0.000,0.000,1.0
2008-07-02,18:38:00,0.512,0.074,239.490,2.200,0.000,0.000,0.0
2008-07-02,18:39:00,0.454,0.000,239.240,1.800,0.000,0.000,1.0
2008-07-02,18:40:00,0.454,0.000,239.190,1.800,0.000,0.000,1.0
2008-07-02,18:41:00,0.452,0.000,238.790,1.800,0.000,0.000,0.0
2008-07-02,18:42:00,0.454,0.000,239.130,1.800,0.000,0.000,1.0
2008-07-02,18:43:00,0.454,0.000,238.960,1.800,0.000,0.000,1.0
2008-07-02,18:44:00,0.452,0.000,238.550,1.800,0.000,0.000,0.0
2008-07-02,18:45:00,0.452,0.000,238.410,1.800,0.000,0.000,1.0
2008-07-02,18:46:00,0.452,0.000,238.280,1.800,0.000,0.000,1.0
2008-07-02,18:47:00,0.450,0.000,238.160,1.800,0.000,0.000,0.0
2008-07-02,18:48:00,0.454,0.000,239.400,1.800,0.000,0.000,1.0
2008-07-02,18:49:00,0.454,0.000,239.390,1.800,0.000,0.000,1.0
2008-07-02,18:50:00,0.452,0.000,238.380,1.800,0.000,0.000,0.0
2008-07-02,18:51:00,0.842,0.050,237.770,3.800,0.000,0.000,7.0
2008-07-02,18:52:00,1.110,0.084,237.400,4.600,0.000,0.000,11.0
2008-07-02,18:53:00,1.144,0.086,237.940,4.800,0.000,0.000,13.0
2008-07-02,18:54:00,1.160,0.086,238.050,4.800,0.000,0.000,12.0
2008-07-02,18:55:00,1.166,0.088,238.110,4.800,0.000,0.000,12.0
2008-07-02,18:56:00,0.834,0.084,238.130,3.800,0.000,0.000,7.0
2008-07-02,18:57:00,0.562,0.122,238.690,2.400,0.000,0.000,1.0
2008-07-02,18:58:00,0.614,0.178,239.420,2.600,0.000,0.000,1.0
2008-07-02,18:59:00,0.630,0.224,239.050,2.800,0.000,0.000,0.0
2008-07-02,19:00:00,0.632,0.228,239.720,2.800,0.000,0.000,1.0
2008-07-02,19:01:00,0.628,0.224,239.020,2.800,0.000,0.000,1.0
2008-07-02,19:02:00,0.624,0.222,238.570,2.600,0.000,0.000,0.0
2008-07-02,19:03:00,0.622,0.224,239.040,2.600,0.000,0.000,1.0
2008-07-02,19:04:00,0.622,0.226,239.400,2.600,0.000,0.000,1.0
2008-07-02,19:05:00,0.620,0.226,239.600,2.600,0.000,0.000,0.0
2008-07-02,19:06:00,0.616,0.224,238.970,2.600,0.000,0.000,1.0
2008-07-02,19:07:00,0.616,0.224,239.210,2.600,0.000,0.000,0.0
2008-07-02,19:08:00,0.614,0.222,238.530,2.600,0.000,0.000,1.0
2008-07-02,19:09:00,0.612,0.222,238.450,2.600,0.000,0.000,1.0
2008-07-02,19:10:00,0.610,0.222,238.190,2.600,0.000,0.000,0.0
2008-07-02,19:11:00,0.606,0.216,237.080,2.600,0.000,0.000,1.0
2008-07-02,19:12:00,0.580,0.180,237.250,2.400,0.000,0.000,1.0
2008-07-02,19:13:00,0.520,0.092,238.660,2.200,0.000,0.000,0.0
2008-07-02,19:14:00,1.390,0.304,237.310,6.400,0.000,0.000,1.0
2008-07-02,19:15:00,1.566,0.272,237.550,6.800,0.000,0.000,1.0
2008-07-02,19:16:00,1.554,0.246,238.220,6.600,0.000,0.000,0.0
2008-07-02,19:17:00,1.532,0.244,237.740,6.600,0.000,0.000,1.0
2008-07-02,19:18:00,0.924,0.102,238.070,4.600,0.000,0.000,1.0
2008-07-02,19:19:00,0.698,0.000,239.730,3.000,0.000,0.000,0.0
2008-07-02,19:20:00,1.830,0.252,236.860,8.000,0.000,0.000,1.0
2008-07-02,19:21:00,2.052,0.290,238.040,8.800,0.000,0.000,0.0
2008-07-02,19:22:00,1.078,0.000,239.410,4.400,0.000,0.000,1.0
2008-07-02,19:23:00,1.046,0.000,239.190,4.400,0.000,0.000,1.0
2008-07-02,19:24:00,1.284,0.146,240.310,5.600,0.000,0.000,0.0
2008-07-02,19:25:00,1.546,0.248,239.960,6.600,0.000,0.000,1.0
2008-07-02,19:26:00,0.898,0.096,240.520,4.400,0.000,0.000,1.0
2008-07-02,19:27:00,1.404,0.220,241.010,6.200,0.000,0.000,0.0
2008-07-02,19:28:00,1.700,0.242,240.230,7.200,0.000,0.000,1.0
2008-07-02,19:29:00,1.072,0.148,240.420,5.000,0.000,0.000,1.0
2008-07-02,19:30:00,0.674,0.190,241.740,2.800,0.000,0.000,0.0
2008-07-02,19:31:00,0.874,0.420,241.500,4.000,0.000,1.000,1.0
2008-07-02,19:32:00,0.870,0.438,241.450,4.000,0.000,1.000,1.0
2008-07-02,19:33:00,0.870,0.446,242.260,4.000,0.000,2.000,0.0
2008-07-02,19:34:00,0.866,0.446,241.840,4.000,0.000,1.000,1.0
2008-07-02,19:35:00,0.814,0.336,241.440,3.600,0.000,2.000,1.0
2008-07-02,19:36:00,0.760,0.254,242.120,3.200,0.000,1.000,0.0
2008-07-02,19:37:00,0.760,0.256,242.590,3.200,0.000,2.000,1.0
2008-07-02,19:38:00,0.780,0.256,242.870,3.400,0.000,1.000,1.0
2008-07-02,19:39:00,0.866,0.256,243.130,3.600,0.000,1.000,0.0
2008-07-02,19:40:00,0.862,0.254,242.650,3.600,0.000,2.000,1.0
2008-07-02,19:41:00,0.862,0.254,242.550,3.600,0.000,1.000,1.0
2008-07-02,19:42:00,0.912,0.308,240.200,4.000,0.000,2.000,0.0
2008-07-02,19:43:00,1.798,0.334,238.850,7.800,0.000,1.000,15.0
2008-07-02,19:44:00,2.040,0.332,238.810,8.600,0.000,1.000,18.0
2008-07-02,19:45:00,2.102,0.328,238.560,8.800,0.000,2.000,19.0
2008-07-02,19:46:00,1.886,0.254,238.710,7.800,0.000,1.000,18.0
2008-07-02,19:47:00,1.846,0.200,238.700,7.600,0.000,1.000,18.0
2008-07-02,19:48:00,1.786,0.196,236.800,7.400,0.000,2.000,18.0
2008-07-02,19:49:00,1.746,0.196,236.980,7.400,0.000,1.000,18.0
2008-07-02,19:50:00,1.770,0.202,238.440,7.400,0.000,1.000,18.0
2008-07-02,19:51:00,1.748,0.196,237.330,7.400,0.000,1.000,18.0
2008-07-02,19:52:00,1.740,0.194,236.760,7.400,0.000,2.000,18.0
2008-07-02,19:53:00,2.908,0.772,235.720,13.200,0.000,1.000,24.0
2008-07-02,19:54:00,2.378,0.286,236.990,10.000,0.000,1.000,28.0
2008-07-02,19:55:00,2.338,0.286,237.040,9.800,0.000,1.000,30.0
2008-07-02,19:56:00,2.536,0.300,238.910,10.600,0.000,2.000,30.0
2008-07-02,19:57:00,2.514,0.286,237.250,10.600,0.000,1.000,29.0
2008-07-02,19:58:00,2.126,0.236,237.520,9.000,0.000,1.000,24.0
2008-07-02,19:59:00,1.824,0.200,239.100,7.600,0.000,1.000,18.0
2008-07-02,20:00:00,1.818,0.200,238.570,7.600,0.000,2.000,18.0
2008-07-02,20:01:00,1.826,0.200,239.140,7.600,0.000,1.000,19.0
2008-07-02,20:02:00,1.824,0.200,239.050,7.600,0.000,1.000,18.0
2008-07-02,20:03:00,1.824,0.202,239.170,7.600,0.000,1.000,18.0
2008-07-02,20:04:00,1.832,0.204,239.920,7.600,0.000,1.000,18.0
2008-07-02,20:05:00,2.038,0.316,238.420,8.600,0.000,2.000,18.0
2008-07-02,20:06:00,2.416,0.374,238.200,10.200,0.000,1.000,18.0
2008-07-02,20:07:00,2.434,0.374,238.440,10.200,0.000,1.000,18.0
2008-07-02,20:08:00,2.146,0.376,237.990,9.000,0.000,1.000,18.0
2008-07-02,20:09:00,2.070,0.376,238.480,8.800,0.000,1.000,18.0
2008-07-02,20:10:00,1.596,0.334,238.750,6.800,0.000,2.000,18.0
2008-07-02,20:11:00,1.560,0.282,238.070,6.600,0.000,0.000,18.0
2008-07-02,20:12:00,1.528,0.218,239.330,6.400,0.000,0.000,18.0
2008-07-02,20:13:00,1.526,0.218,239.250,6.400,0.000,0.000,19.0
2008-07-02,20:14:00,1.538,0.220,240.230,6.400,0.000,0.000,18.0
2008-07-02,20:15:00,1.536,0.220,240.170,6.400,0.000,0.000,18.0
2008-07-02,20:16:00,1.524,0.216,239.200,6.400,0.000,0.000,18.0
2008-07-02,20:17:00,1.414,0.220,239.940,6.000,0.000,0.000,18.0
2008-07-02,20:18:00,0.474,0.236,241.330,2.200,0.000,0.000,0.0
2008-07-02,20:19:00,0.474,0.234,240.900,2.200,0.000,0.000,1.0
2008-07-02,20:20:00,0.450,0.202,241.150,2.000,0.000,0.000,1.0
2008-07-02,20:21:00,0.378,0.098,240.460,1.600,0.000,0.000,0.0
2008-07-02,20:22:00,0.376,0.098,239.840,1.600,0.000,0.000,1.0
2008-07-02,20:23:00,0.376,0.098,239.770,1.600,0.000,0.000,0.0
2008-07-02,20:24:00,0.380,0.100,241.220,1.600,0.000,0.000,1.0
2008-07-02,20:25:00,0.380,0.102,241.320,1.600,0.000,0.000,1.0
2008-07-02,20:26:00,0.382,0.104,242.240,1.600,0.000,0.000,0.0
2008-07-02,20:27:00,0.382,0.104,242.850,1.600,0.000,0.000,1.0
2008-07-02,20:28:00,0.382,0.104,242.230,1.600,0.000,0.000,1.0
2008-07-02,20:29:00,0.382,0.104,242.700,1.600,0.000,0.000,0.0
2008-07-02,20:30:00,0.544,0.298,242.880,2.600,0.000,0.000,1.0
2008-07-02,20:31:00,0.540,0.290,241.740,2.600,0.000,0.000,1.0
2008-07-02,20:32:00,0.544,0.274,242.380,2.400,0.000,0.000,0.0
2008-07-02,20:33:00,0.550,0.250,242.370,2.400,0.000,0.000,1.0
2008-07-02,20:34:00,0.546,0.244,241.610,2.400,0.000,0.000,1.0
2008-07-02,20:35:00,0.478,0.142,240.220,2.000,0.000,0.000,0.0
2008-07-02,20:36:00,0.470,0.134,239.630,2.000,0.000,0.000,1.0
2008-07-02,20:37:00,0.310,0.000,240.080,1.200,0.000,0.000,1.0
2008-07-02,20:38:00,0.312,0.000,240.960,1.200,0.000,0.000,0.0
2008-07-02,20:39:00,0.396,0.086,239.730,1.800,0.000,0.000,1.0
2008-07-02,20:40:00,0.590,0.124,239.660,2.600,0.000,0.000,1.0
2008-07-02,20:41:00,0.742,0.122,239.700,3.000,0.000,0.000,0.0
2008-07-02,20:42:00,0.742,0.120,239.280,3.000,0.000,0.000,1.0
2008-07-02,20:43:00,0.744,0.122,239.960,3.000,0.000,0.000,1.0
2008-07-02,20:44:00,0.738,0.122,239.660,3.000,0.000,0.000,0.0
2008-07-02,20:45:00,0.736,0.122,239.620,3.000,0.000,0.000,1.0
2008-07-02,20:46:00,0.734,0.120,239.450,3.000,0.000,0.000,1.0
2008-07-02,20:47:00,0.730,0.118,238.700,3.000,0.000,0.000,0.0
2008-07-02,20:48:00,0.734,0.122,239.820,3.000,0.000,0.000,1.0
2008-07-02,20:49:00,0.734,0.122,239.980,3.000,0.000,0.000,1.0
2008-07-02,20:50:00,0.734,0.122,239.800,3.000,0.000,0.000,0.0
2008-07-02,20:51:00,0.734,0.122,239.960,3.000,0.000,0.000,1.0
2008-07-02,20:52:00,0.734,0.122,239.980,3.000,0.000,0.000,1.0
2008-07-02,20:53:00,0.734,0.124,240.360,3.000,0.000,0.000,0.0
2008-07-02,20:54:00,0.734,0.124,240.480,3.000,0.000,0.000,1.0
2008-07-02,20:55:00,0.686,0.000,240.100,2.800,0.000,0.000,1.0
2008-07-02,20:56:00,1.296,0.094,239.160,5.400,0.000,0.000,11.0
2008-07-02,20:57:00,1.316,0.094,239.370,5.400,0.000,0.000,12.0
2008-07-02,20:58:00,1.398,0.142,239.170,5.800,0.000,0.000,12.0
2008-07-02,20:59:00,1.426,0.190,238.840,6.000,0.000,0.000,13.0
2008-07-02,21:00:00,1.352,0.180,239.100,5.800,0.000,0.000,11.0
2008-07-02,21:01:00,0.718,0.094,240.190,3.000,0.000,0.000,1.0
2008-07-02,21:02:00,0.716,0.094,240.200,3.000,0.000,0.000,1.0
2008-07-02,21:03:00,0.714,0.094,240.290,3.000,0.000,0.000,0.0
2008-07-02,21:04:00,0.710,0.094,239.960,3.000,0.000,0.000,1.0
2008-07-02,21:05:00,0.712,0.094,240.310,3.000,0.000,0.000,1.0
2008-07-02,21:06:00,0.710,0.094,240.130,3.000,0.000,0.000,0.0
2008-07-02,21:07:00,0.710,0.094,240.130,2.800,0.000,0.000,1.0
2008-07-02,21:08:00,0.710,0.094,240.440,2.800,0.000,0.000,1.0
2008-07-02,21:09:00,0.712,0.096,241.130,3.000,0.000,0.000,0.0
2008-07-02,21:10:00,0.710,0.094,240.670,2.800,0.000,0.000,1.0
2008-07-02,21:11:00,1.366,0.086,238.990,6.400,0.000,0.000,1.0
2008-07-02,21:12:00,0.862,0.104,239.500,4.000,0.000,0.000,0.0
2008-07-02,21:13:00,1.060,0.110,239.420,5.000,0.000,0.000,1.0
2008-07-02,21:14:00,1.282,0.234,238.850,6.000,0.000,0.000,1.0
2008-07-02,21:15:00,0.810,0.222,239.530,3.400,0.000,0.000,0.0
2008-07-02,21:16:00,0.806,0.222,239.350,3.400,0.000,0.000,1.0
2008-07-02,21:17:00,0.776,0.180,239.490,3.200,0.000,0.000,1.0
2008-07-02,21:18:00,0.736,0.120,239.330,3.000,0.000,0.000,0.0
2008-07-02,21:19:00,0.736,0.122,239.430,3.000,0.000,0.000,1.0
2008-07-02,21:20:00,0.736,0.122,239.700,3.000,0.000,0.000,1.0
2008-07-02,21:21:00,0.614,0.134,240.250,2.600,0.000,0.000,0.0
2008-07-02,21:22:00,0.610,0.322,240.000,2.800,0.000,0.000,1.0
2008-07-02,21:23:00,0.644,0.300,238.520,3.000,0.000,0.000,1.0
2008-07-02,21:24:00,0.660,0.300,238.640,3.000,0.000,0.000,0.0
2008-07-02,21:25:00,0.656,0.306,239.290,3.000,0.000,0.000,1.0
2008-07-02,21:26:00,0.612,0.226,239.100,2.600,0.000,0.000,0.0
2008-07-02,21:27:00,0.582,0.122,239.230,2.400,0.000,0.000,1.0
2008-07-02,21:28:00,0.878,0.118,239.020,3.800,0.000,0.000,1.0
2008-07-02,21:29:00,1.090,0.150,238.700,4.600,0.000,0.000,0.0
2008-07-02,21:30:00,1.174,0.174,238.610,5.000,0.000,0.000,1.0
2008-07-02,21:31:00,1.366,0.000,237.890,5.800,0.000,0.000,1.0
2008-07-02,21:32:00,1.354,0.100,238.610,5.600,0.000,1.000,0.0
2008-07-02,21:33:00,1.358,0.102,239.420,5.600,0.000,1.000,1.0
2008-07-02,21:34:00,1.360,0.102,239.860,5.600,0.000,2.000,1.0
2008-07-02,21:35:00,1.360,0.102,239.880,5.600,0.000,1.000,0.0
2008-07-02,21:36:00,1.360,0.102,239.700,5.600,0.000,2.000,1.0
2008-07-02,21:37:00,1.358,0.102,239.670,5.600,0.000,1.000,1.0
2008-07-02,21:38:00,1.362,0.102,239.820,5.600,0.000,2.000,0.0
2008-07-02,21:39:00,1.372,0.102,239.790,5.600,0.000,1.000,1.0
2008-07-02,21:40:00,1.362,0.100,239.330,5.600,0.000,2.000,1.0
2008-07-02,21:41:00,1.356,0.100,239.180,5.600,0.000,1.000,0.0
2008-07-02,21:42:00,1.396,0.100,239.480,5.800,0.000,1.000,1.0
2008-07-02,21:43:00,2.526,0.182,238.280,10.600,0.000,2.000,18.0
2008-07-02,21:44:00,2.500,0.192,238.230,10.400,0.000,1.000,19.0
2008-07-02,21:45:00,2.480,0.190,237.910,10.400,0.000,1.000,18.0
2008-07-02,21:46:00,2.468,0.190,237.990,10.400,0.000,2.000,19.0
2008-07-02,21:47:00,2.484,0.208,238.600,10.400,0.000,1.000,18.0
2008-07-02,21:48:00,2.542,0.220,237.820,10.600,1.000,1.000,18.0
2008-07-02,21:49:00,2.640,0.334,237.350,11.200,1.000,2.000,18.0
2008-07-02,21:50:00,2.616,0.324,236.810,11.000,2.000,1.000,18.0
2008-07-02,21:51:00,2.606,0.322,236.810,11.000,1.000,1.000,17.0
2008-07-02,21:52:00,2.604,0.324,236.900,11.000,1.000,1.000,18.0
2008-07-02,21:53:00,2.790,0.388,237.000,11.800,1.000,2.000,18.0
2008-07-02,21:54:00,2.530,0.332,237.350,10.600,1.000,1.000,18.0
2008-07-02,21:55:00,2.532,0.326,237.280,10.600,2.000,1.000,18.0
2008-07-02,21:56:00,2.612,0.326,237.280,11.000,1.000,1.000,18.0
2008-07-02,21:57:00,2.702,0.324,236.940,11.400,1.000,1.000,18.0
2008-07-02,21:58:00,2.426,0.334,237.290,10.200,1.000,2.000,17.0
2008-07-02,21:59:00,2.946,0.320,236.980,12.400,2.000,1.000,18.0
2008-07-02,22:00:00,3.532,0.406,236.040,15.000,1.000,1.000,27.0
2008-07-02,22:01:00,3.718,0.396,235.490,15.800,1.000,1.000,29.0
2008-07-02,22:02:00,3.664,0.396,235.150,15.600,1.000,2.000,29.0
2008-07-02,22:03:00,3.716,0.396,235.390,15.800,1.000,1.000,29.0
2008-07-02,22:04:00,3.518,0.286,235.900,15.000,2.000,1.000,30.0
2008-07-02,22:05:00,2.704,0.244,236.990,11.400,1.000,1.000,24.0
2008-07-02,22:06:00,2.372,0.234,237.310,10.000,1.000,1.000,18.0
2008-07-02,22:07:00,2.398,0.310,237.360,10.200,1.000,2.000,18.0
2008-07-02,22:08:00,2.410,0.388,237.300,10.200,1.000,1.000,18.0
2008-07-02,22:09:00,4.736,0.304,234.740,20.400,33.000,1.000,17.0
2008-07-02,22:10:00,4.350,0.180,235.060,18.400,37.000,1.000,18.0
2008-07-02,22:11:00,4.720,0.206,234.100,20.200,36.000,2.000,17.0
2008-07-02,22:12:00,4.200,0.182,234.690,17.800,37.000,1.000,18.0
2008-07-02,22:13:00,4.094,0.182,234.170,17.400,37.000,1.000,17.0
2008-07-02,22:14:00,4.096,0.182,234.380,17.400,36.000,1.000,17.0
2008-07-02,22:15:00,3.956,0.186,235.070,16.800,37.000,1.000,18.0
2008-07-02,22:16:00,3.820,0.186,235.120,16.200,37.000,2.000,18.0
2008-07-02,22:17:00,4.082,0.184,234.890,17.400,36.000,1.000,17.0
2008-07-02,22:18:00,3.828,0.188,235.520,16.200,37.000,1.000,18.0
2008-07-02,22:19:00,3.578,0.102,237.730,15.200,35.000,0.000,18.0
2008-07-02,22:20:00,1.666,0.094,239.500,6.800,1.000,0.000,18.0
2008-07-02,22:21:00,1.672,0.096,240.170,6.800,2.000,0.000,18.0
2008-07-02,22:22:00,1.662,0.100,240.180,6.800,1.000,0.000,18.0
2008-07-02,22:23:00,1.512,0.170,239.780,6.200,1.000,0.000,19.0
2008-07-02,22:24:00,1.344,0.244,240.240,5.800,1.000,0.000,13.0
2008-07-02,22:25:00,0.930,0.290,240.730,4.000,1.000,0.000,1.0
2008-07-02,22:26:00,0.890,0.290,240.880,3.800,2.000,0.000,1.0
2008-07-02,22:27:00,0.886,0.290,240.720,3.800,1.000,0.000,0.0
2008-07-02,22:28:00,0.936,0.306,240.590,4.000,1.000,0.000,1.0
2008-07-02,22:29:00,1.010,0.322,240.210,4.400,1.000,0.000,1.0
2008-07-02,22:30:00,0.964,0.322,240.060,4.200,1.000,0.000,0.0
2008-07-02,22:31:00,1.048,0.320,239.960,4.400,2.000,0.000,1.0
2008-07-02,22:32:00,0.694,0.292,240.840,3.200,1.000,0.000,1.0
2008-07-02,22:33:00,0.550,0.282,241.210,2.400,1.000,0.000,0.0
2008-07-02,22:34:00,0.550,0.282,241.270,2.400,1.000,0.000,1.0
2008-07-02,22:35:00,0.550,0.282,241.490,2.400,1.000,0.000,1.0
2008-07-02,22:36:00,0.548,0.280,241.140,2.400,2.000,0.000,0.0
2008-07-02,22:37:00,0.548,0.280,240.860,2.400,1.000,0.000,1.0
2008-07-02,22:38:00,0.526,0.248,240.930,2.400,1.000,0.000,1.0
2008-07-02,22:39:00,0.452,0.144,240.330,2.000,1.000,0.000,0.0
2008-07-02,22:40:00,0.452,0.144,240.450,2.000,2.000,0.000,1.0
2008-07-02,22:41:00,0.454,0.146,240.680,2.000,1.000,0.000,1.0
2008-07-02,22:42:00,0.454,0.146,241.000,2.000,1.000,0.000,0.0
2008-07-02,22:43:00,0.454,0.146,240.950,2.000,1.000,0.000,1.0
2008-07-02,22:44:00,0.452,0.144,240.350,2.000,1.000,0.000,1.0
2008-07-02,22:45:00,0.452,0.144,239.990,2.000,2.000,0.000,0.0
2008-07-02,22:46:00,0.450,0.144,240.180,2.000,1.000,0.000,1.0
2008-07-02,22:47:00,0.452,0.144,240.220,2.000,1.000,0.000,1.0
2008-07-02,22:48:00,0.448,0.142,239.550,1.800,1.000,0.000,0.0
2008-07-02,22:49:00,0.450,0.142,239.490,2.000,1.000,0.000,1.0
2008-07-02,22:50:00,0.448,0.142,239.820,1.800,1.000,0.000,1.0
2008-07-02,22:51:00,0.452,0.144,240.070,2.000,2.000,0.000,0.0
2008-07-02,22:52:00,0.450,0.144,240.510,2.000,1.000,0.000,1.0
2008-07-02,22:53:00,0.452,0.144,240.270,2.000,1.000,0.000,1.0
2008-07-02,22:54:00,0.450,0.144,240.540,2.000,1.000,0.000,0.0
2008-07-02,22:55:00,0.452,0.144,240.090,2.000,2.000,0.000,1.0
2008-07-02,22:56:00,0.450,0.146,240.300,2.000,1.000,0.000,1.0
2008-07-02,22:57:00,0.492,0.182,239.450,2.200,1.000,0.000,0.0
2008-07-02,22:58:00,0.558,0.274,239.580,2.600,1.000,0.000,1.0
2008-07-02,22:59:00,0.556,0.276,239.940,2.600,1.000,0.000,0.0
2008-07-02,23:00:00,0.552,0.276,240.090,2.600,1.000,0.000,1.0
2008-07-02,23:01:00,0.554,0.278,240.210,2.600,2.000,0.000,1.0
2008-07-02,23:02:00,0.556,0.282,240.070,2.600,1.000,0.000,0.0
2008-07-02,23:03:00,0.550,0.278,240.170,2.400,1.000,0.000,1.0
2008-07-02,23:04:00,0.544,0.270,238.720,2.400,1.000,0.000,1.0
2008-07-02,23:05:00,0.774,0.306,238.020,3.800,2.000,0.000,4.0
2008-07-02,23:06:00,1.188,0.358,237.410,5.200,1.000,0.000,11.0
2008-07-02,23:07:00,1.214,0.354,236.920,5.200,1.000,0.000,12.0
2008-07-02,23:08:00,1.236,0.352,236.880,5.400,1.000,0.000,12.0
2008-07-02,23:09:00,1.208,0.352,236.810,5.200,1.000,0.000,13.0
2008-07-02,23:10:00,1.088,0.356,237.470,4.800,1.000,0.000,12.0
2008-07-02,23:11:00,0.418,0.306,237.880,2.200,1.000,0.000,1.0
2008-07-02,23:12:00,0.362,0.232,238.080,1.800,1.000,0.000,0.0
2008-07-02,23:13:00,0.304,0.152,238.940,1.400,1.000,0.000,1.0
2008-07-02,23:14:00,0.286,0.054,239.780,1.200,1.000,0.000,0.0
2008-07-02,23:15:00,0.276,0.046,240.180,1.200,1.000,0.000,1.0
2008-07-02,23:16:00,0.210,0.000,239.900,0.800,2.000,0.000,1.0
2008-07-02,23:17:00,0.206,0.000,239.920,0.800,1.000,0.000,0.0
2008-07-02,23:18:00,0.208,0.000,239.900,0.800,1.000,0.000,1.0
2008-07-02,23:19:00,0.206,0.000,239.570,0.800,1.000,0.000,1.0
2008-07-02,23:20:00,0.206,0.000,239.220,0.800,1.000,0.000,0.0
2008-07-02,23:21:00,0.184,0.000,239.230,0.800,1.000,0.000,1.0
2008-07-02,23:22:00,0.180,0.000,239.490,0.800,1.000,0.000,1.0
2008-07-02,23:23:00,0.162,0.000,239.430,0.600,0.000,0.000,0.0
2008-07-02,23:24:00,0.204,0.000,239.380,0.800,1.000,0.000,1.0
2008-07-02,23:25:00,1.594,0.000,238.040,8.000,23.000,0.000,1.0
2008-07-02,23:26:00,2.380,0.000,237.350,10.000,37.000,0.000,0.0
2008-07-02,23:27:00,2.378,0.000,237.400,10.000,37.000,0.000,1.0
2008-07-02,23:28:00,2.370,0.000,237.030,10.000,38.000,0.000,1.0
2008-07-02,23:29:00,2.354,0.000,236.400,9.800,37.000,0.000,0.0
2008-07-02,23:30:00,2.358,0.000,236.560,9.800,37.000,0.000,1.0
2008-07-02,23:31:00,2.366,0.000,236.710,10.000,37.000,0.000,0.0
2008-07-02,23:32:00,2.426,0.000,236.810,10.200,37.000,0.000,1.0
2008-07-02,23:33:00,2.466,0.112,236.780,10.400,37.000,0.000,1.0
2008-07-02,23:34:00,2.458,0.112,236.700,10.400,37.000,0.000,0.0
2008-07-02,23:35:00,2.454,0.112,236.720,10.200,37.000,0.000,1.0
2008-07-02,23:36:00,2.448,0.112,236.790,10.200,37.000,0.000,1.0
2008-07-02,23:37:00,2.080,0.116,237.260,9.400,33.000,0.000,0.0
2008-07-02,23:38:00,0.310,0.202,238.790,1.600,0.000,0.000,1.0
2008-07-02,23:39:00,0.326,0.254,240.260,1.600,0.000,2.000,1.0
2008-07-02,23:40:00,0.324,0.254,240.050,1.600,0.000,1.000,0.0
2008-07-02,23:41:00,0.342,0.284,239.760,1.800,0.000,2.000,1.0
2008-07-02,23:42:00,0.334,0.270,239.690,1.800,0.000,1.000,1.0
2008-07-02,23:43:00,0.370,0.298,240.780,2.000,0.000,2.000,0.0
2008-07-02,23:44:00,0.398,0.360,240.870,2.200,0.000,1.000,1.0
2008-07-02,23:45:00,0.396,0.360,241.030,2.200,0.000,1.000,1.0
2008-07-02,23:46:00,0.394,0.358,240.800,2.200,0.000,2.000,0.0
2008-07-02,23:47:00,0.392,0.358,240.870,2.200,0.000,1.000,1.0
2008-07-02,23:48:00,0.310,0.242,240.340,1.600,0.000,2.000,1.0
2008-07-02,23:49:00,0.294,0.224,240.680,1.400,0.000,1.000,0.0
2008-07-02,23:50:00,0.292,0.224,240.880,1.400,0.000,1.000,1.0
2008-07-02,23:51:00,0.288,0.224,240.560,1.400,0.000,2.000,1.0
2008-07-02,23:52:00,0.286,0.224,240.680,1.400,0.000,1.000,0.0
2008-07-02,23:53:00,0.286,0.222,240.230,1.400,0.000,1.000,1.0
2008-07-02,23:54:00,0.284,0.226,241.040,1.400,0.000,2.000,0.0
2008-07-02,23:55:00,0.282,0.224,240.390,1.400,0.000,1.000,1.0
2008-07-02,23:56:00,0.282,0.222,239.670,1.400,0.000,1.000,1.0
2008-07-02,23:57:00,0.280,0.220,239.280,1.400,0.000,1.000,0.0
2008-07-02,23:58:00,0.280,0.218,239.080,1.400,0.000,2.000,1.0
2008-07-02,23:59:00,0.278,0.220,239.290,1.400,0.000,1.000,1.0
