Date,Time,Global_active_power,Global_reactive_power,Voltage,Global_intensity,Sub_metering_1,Sub_metering_2,Sub_metering_3
2008-07-03,00:00:00,0.278,0.218,239.070,1.400,0.000,1.000,0.0
2008-07-03,00:01:00,0.222,0.136,239.060,1.000,0.000,1.000,1.0
2008-07-03,00:02:00,0.212,0.118,239.190,1.000,0.000,2.000,1.0
2008-07-03,00:03:00,0.212,0.118,239.140,1.000,0.000,1.000,0.0
2008-07-03,00:04:00,0.210,0.118,238.800,1.000,0.000,1.000,1.0
2008-07-03,00:05:00,0.210,0.118,239.080,1.000,0.000,1.000,1.0
2008-07-03,00:06:00,0.210,0.118,239.060,1.000,0.000,1.000,0.0
2008-07-03,00:07:00,0.288,0.196,238.740,1.400,0.000,2.000,1.0
2008-07-03,00:08:00,0.316,0.244,238.300,1.600,0.000,1.000,1.0
2008-07-03,00:09:00,0.314,0.248,239.350,1.600,0.000,1.000,0.0
2008-07-03,00:10:00,0.312,0.250,239.470,1.600,0.000,1.000,1.0
2008-07-03,00:11:00,0.312,0.252,239.450,1.600,0.000,1.000,1.0
2008-07-03,00:12:00,0.278,0.184,239.390,1.400,0.000,1.000,0.0
2008-07-03,00:13:00,0.236,0.130,239.560,1.000,0.000,0.000,1.0
2008-07-03,00:14:00,0.830,0.222,238.840,3.600,0.000,0.000,10.0
2008-07-03,00:15:00,0.896,0.224,238.590,3.800,0.000,0.000,12.0
2008-07-03,00:16:00,0.928,0.224,238.600,4.000,0.000,0.000,12.0
2008-07-03,00:17:00,0.936,0.224,238.480,4.000,0.000,0.000,12.0
2008-07-03,00:18:00,0.940,0.226,238.710,4.000,0.000,0.000,13.0
2008-07-03,00:19:00,0.456,0.160,239.390,2.400,0.000,0.000,5.0
2008-07-03,00:20:00,0.232,0.132,239.930,1.000,0.000,0.000,0.0
2008-07-03,00:21:00,0.232,0.130,239.620,1.000,0.000,0.000,1.0
2008-07-03,00:22:00,0.230,0.128,239.170,1.000,0.000,0.000,1.0
2008-07-03,00:23:00,0.138,0.000,239.500,0.600,0.000,0.000,0.0
2008-07-03,00:24:00,0.138,0.000,239.790,0.600,0.000,0.000,1.0
2008-07-03,00:25:00,0.136,0.000,239.240,0.600,0.000,0.000,1.0
2008-07-03,00:26:00,0.136,0.000,238.980,0.600,0.000,0.000,0.0
2008-07-03,00:27:00,0.198,0.060,238.840,1.000,0.000,0.000,1.0
2008-07-03,00:28:00,0.216,0.104,240.290,1.000,0.000,0.000,0.0
2008-07-03,00:29:00,0.216,0.102,239.910,1.000,0.000,0.000,1.0
2008-07-03,00:30:00,0.214,0.102,239.620,1.000,0.000,0.000,1.0
2008-07-03,00:31:00,0.214,0.102,239.930,1.000,0.000,0.000,0.0
2008-07-03,00:32:00,0.212,0.104,240.510,1.000,0.000,0.000,1.0
2008-07-03,00:33:00,0.212,0.106,241.620,1.000,0.000,0.000,1.0
2008-07-03,00:34:00,0.212,0.108,241.930,1.000,0.000,0.000,0.0
2008-07-03,00:35:00,0.212,0.108,242.060,1.000,0.000,0.000,1.0
2008-07-03,00:36:00,0.210,0.106,241.330,1.000,0.000,0.000,1.0
2008-07-03,00:37:00,0.210,0.108,242.250,1.000,0.000,0.000,0.0
2008-07-03,00:38:00,0.210,0.108,242.500,1.000,0.000,0.000,1.0
2008-07-03,00:39:00,0.210,0.110,242.640,1.000,0.000,0.000,1.0
2008-07-03,00:40:00,0.210,0.108,242.190,1.000,0.000,0.000,0.0
2008-07-03,00:41:00,0.210,0.110,242.610,1.000,0.000,0.000,1.0
2008-07-03,00:42:00,0.298,0.196,241.870,1.400,0.000,0.000,1.0
2008-07-03,00:43:00,0.248,0.136,241.500,1.200,0.000,0.000,0.0
2008-07-03,00:44:00,0.244,0.134,240.870,1.000,0.000,0.000,1.0
2008-07-03,00:45:00,0.242,0.134,240.810,1.000,0.000,0.000,1.0
2008-07-03,00:46:00,0.240,0.132,240.530,1.000,0.000,0.000,0.0
2008-07-03,00:47:00,0.238,0.134,241.240,1.000,0.000,0.000,1.0
2008-07-03,00:48:00,0.238,0.136,241.860,1.000,0.000,0.000,1.0
2008-07-03,00:49:00,0.238,0.136,241.770,1.000,0.000,0.000,0.0
2008-07-03,00:50:00,0.236,0.136,241.740,1.000,0.000,0.000,1.0
2008-07-03,00:51:00,0.236,0.136,241.400,1.000,0.000,0.000,1.0
2008-07-03,00:52:00,0.236,0.136,241.460,1.000,0.000,0.000,0.0
2008-07-03,00:53:00,0.234,0.136,241.490,1.000,0.000,0.000,1.0
2008-07-03,00:54:00,0.234,0.134,240.990,1.000,0.000,0.000,1.0
2008-07-03,00:55:00,0.234,0.134,241.040,1.000,0.000,0.000,0.0
2008-07-03,00:56:00,0.234,0.136,241.410,1.000,0.000,0.000,1.0
2008-07-03,00:57:00,0.202,0.092,241.990,1.000,0.000,0.000,1.0
2008-07-03,00:58:00,0.140,0.000,242.350,0.600,0.000,0.000,0.0
2008-07-03,00:59:00,0.140,0.000,243.100,0.600,0.000,0.000,1.0
2008-07-03,01:00:00,0.140,0.000,243.190,0.600,0.000,0.000,1.0
2008-07-03,01:01:00,0.142,0.000,243.470,0.600,0.000,0.000,0.0
2008-07-03,01:02:00,0.140,0.000,243.000,0.600,0.000,0.000,1.0
2008-07-03,01:03:00,0.140,0.000,242.640,0.600,0.000,0.000,1.0
2008-07-03,01:04:00,0.140,0.000,242.530,0.600,0.000,0.000,0.0
2008-07-03,01:05:00,0.140,0.000,241.910,0.600,0.000,0.000,1.0
2008-07-03,01:06:00,0.138,0.000,241.710,0.600,0.000,0.000,1.0
2008-07-03,01:07:00,0.140,0.000,241.870,0.600,0.000,0.000,0.0
2008-07-03,01:08:00,0.140,0.000,241.920,0.600,0.000,0.000,1.0
2008-07-03,01:09:00,0.232,0.106,241.610,1.200,0.000,0.000,1.0
2008-07-03,01:10:00,0.216,0.106,241.420,1.000,0.000,0.000,0.0
2008-07-03,01:11:00,0.216,0.106,241.400,1.000,0.000,0.000,1.0
2008-07-03,01:12:00,0.216,0.106,241.340,1.000,0.000,0.000,1.0
2008-07-03,01:13:00,0.214,0.106,241.640,1.000,0.000,0.000,0.0
2008-07-03,01:14:00,0.212,0.108,241.840,1.000,0.000,0.000,1.0
2008-07-03,01:15:00,0.212,0.108,242.420,1.000,0.000,0.000,1.0
2008-07-03,01:16:00,0.212,0.110,242.530,1.000,0.000,0.000,0.0
2008-07-03,01:17:00,0.322,0.228,242.350,1.600,0.000,0.000,1.0
2008-07-03,01:18:00,0.318,0.242,242.390,1.600,0.000,0.000,1.0
2008-07-03,01:19:00,0.314,0.242,242.140,1.600,0.000,0.000,0.0
2008-07-03,01:20:00,0.312,0.242,242.060,1.600,0.000,0.000,1.0
2008-07-03,01:21:00,0.310,0.240,241.770,1.600,0.000,0.000,1.0
2008-07-03,01:22:00,0.308,0.242,242.120,1.600,0.000,0.000,0.0
2008-07-03,01:23:00,0.308,0.244,242.400,1.600,0.000,0.000,1.0
2008-07-03,01:24:00,0.240,0.140,242.350,1.000,0.000,0.000,1.0
2008-07-03,01:25:00,0.826,0.244,241.690,3.600,0.000,0.000,10.0
2008-07-03,01:26:00,0.904,0.252,241.600,3.800,0.000,0.000,11.0
2008-07-03,01:27:00,0.936,0.256,241.990,4.000,0.000,0.000,13.0
2008-07-03,01:28:00,0.948,0.258,242.410,4.000,0.000,0.000,12.0
2008-07-03,01:29:00,0.770,0.228,242.640,3.600,0.000,0.000,10.0
2008-07-03,01:30:00,0.268,0.164,242.510,1.400,0.000,0.000,1.0
2008-07-03,01:31:00,0.324,0.262,242.320,1.600,0.000,0.000,1.0
2008-07-03,01:32:00,0.312,0.246,242.180,1.600,0.000,2.000,0.0
2008-07-03,01:33:00,0.230,0.126,242.070,1.000,0.000,1.000,1.0
2008-07-03,01:34:00,0.230,0.126,242.150,1.000,0.000,2.000,1.0
2008-07-03,01:35:00,0.230,0.126,242.200,1.000,0.000,1.000,0.0
2008-07-03,01:36:00,0.228,0.128,242.370,1.000,0.000,2.000,1.0
2008-07-03,01:37:00,0.228,0.126,242.380,1.000,0.000,1.000,1.0
2008-07-03,01:38:00,0.228,0.126,242.250,1.000,0.000,2.000,0.0
2008-07-03,01:39:00,0.226,0.126,242.330,1.000,0.000,1.000,1.0
2008-07-03,01:40:00,0.226,0.126,242.390,1.000,0.000,1.000,1.0
2008-07-03,01:41:00,0.226,0.126,242.440,1.000,0.000,2.000,0.0
2008-07-03,01:42:00,0.224,0.128,243.030,1.000,0.000,1.000,1.0
2008-07-03,01:43:00,0.224,0.128,243.190,1.000,0.000,2.000,1.0
2008-07-03,01:44:00,0.222,0.128,243.290,1.000,0.000,1.000,0.0
2008-07-03,01:45:00,0.222,0.128,243.270,1.000,0.000,1.000,1.0
2008-07-03,01:46:00,0.220,0.128,243.120,1.000,0.000,2.000,1.0
2008-07-03,01:47:00,0.220,0.128,242.970,1.000,0.000,1.000,1.0
2008-07-03,01:48:00,0.220,0.128,243.170,1.000,0.000,1.000,0.0
2008-07-03,01:49:00,0.218,0.126,242.730,1.000,0.000,1.000,1.0
2008-07-03,01:50:00,0.302,0.220,242.840,1.600,0.000,2.000,1.0
2008-07-03,01:51:00,0.294,0.232,243.170,1.400,0.000,1.000,0.0
2008-07-03,01:52:00,0.374,0.318,243.260,2.000,0.000,1.000,1.0
2008-07-03,01:53:00,0.402,0.368,242.880,2.200,0.000,1.000,1.0
2008-07-03,01:54:00,0.396,0.368,242.880,2.200,0.000,2.000,0.0
2008-07-03,01:55:00,0.390,0.366,242.530,2.200,0.000,1.000,1.0
2008-07-03,01:56:00,0.384,0.362,241.440,2.200,0.000,1.000,1.0
2008-07-03,01:57:00,0.378,0.352,239.500,2.000,0.000,1.000,0.0
2008-07-03,01:58:00,0.378,0.352,239.430,2.000,0.000,2.000,1.0
2008-07-03,01:59:00,0.376,0.352,239.440,2.000,0.000,1.000,0.0
2008-07-03,02:00:00,0.374,0.352,239.610,2.000,0.000,1.000,1.0
2008-07-03,02:01:00,0.374,0.352,239.570,2.000,0.000,1.000,1.0
2008-07-03,02:02:00,0.372,0.352,239.550,2.000,0.000,1.000,0.0
2008-07-03,02:03:00,0.372,0.352,239.580,2.000,0.000,2.000,1.0
2008-07-03,02:04:00,0.342,0.302,239.480,1.800,0.000,0.000,1.0
2008-07-03,02:05:00,0.232,0.132,239.770,1.000,0.000,0.000,0.0
2008-07-03,02:06:00,0.232,0.132,240.350,1.000,0.000,0.000,1.0
2008-07-03,02:07:00,0.232,0.132,240.270,1.000,0.000,0.000,1.0
2008-07-03,02:08:00,0.142,0.000,239.720,0.600,0.000,0.000,0.0
2008-07-03,02:09:00,0.138,0.000,239.790,0.600,0.000,0.000,1.0
2008-07-03,02:10:00,0.138,0.000,239.980,0.600,0.000,0.000,1.0
2008-07-03,02:11:00,0.138,0.000,240.630,0.600,0.000,0.000,0.0
2008-07-03,02:12:00,0.138,0.000,240.970,0.600,0.000,0.000,1.0
2008-07-03,02:13:00,0.138,0.000,240.970,0.600,0.000,0.000,1.0
2008-07-03,02:14:00,0.138,0.000,241.040,0.600,0.000,0.000,0.0
2008-07-03,02:15:00,0.138,0.000,240.900,0.600,0.000,0.000,1.0
2008-07-03,02:16:00,0.138,0.000,240.990,0.600,0.000,0.000,1.0
2008-07-03,02:17:00,0.138,0.000,241.220,0.600,0.000,0.000,0.0
2008-07-03,02:18:00,0.138,0.000,241.220,0.600,0.000,0.000,1.0
2008-07-03,02:19:00,0.138,0.000,241.240,0.600,0.000,0.000,1.0
2008-07-03,02:20:00,0.138,0.000,241.210,0.600,0.000,0.000,0.0
2008-07-03,02:21:00,0.138,0.000,240.590,0.600,0.000,0.000,1.0
2008-07-03,02:22:00,0.138,0.000,240.410,0.600,0.000,0.000,1.0
2008-07-03,02:23:00,0.138,0.000,240.290,0.600,0.000,0.000,0.0
2008-07-03,02:24:00,0.138,0.000,239.930,0.600,0.000,0.000,1.0
2008-07-03,02:25:00,0.138,0.000,239.910,0.600,0.000,0.000,1.0
2008-07-03,02:26:00,0.138,0.000,239.760,0.600,0.000,0.000,0.0
2008-07-03,02:27:00,0.190,0.048,240.170,1.000,0.000,0.000,1.0
2008-07-03,02:28:00,0.248,0.130,240.130,1.200,0.000,0.000,1.0
2008-07-03,02:29:00,0.244,0.132,240.260,1.000,0.000,0.000,0.0
2008-07-03,02:30:00,0.242,0.132,240.180,1.000,0.000,0.000,1.0
2008-07-03,02:31:00,0.274,0.158,240.290,1.400,0.000,0.000,1.0
2008-07-03,02:32:00,0.314,0.232,239.900,1.600,0.000,0.000,0.0
2008-07-03,02:33:00,0.896,0.322,238.760,4.000,0.000,0.000,10.0
2008-07-03,02:34:00,0.968,0.328,238.650,4.200,0.000,0.000,12.0
2008-07-03,02:35:00,0.998,0.328,238.620,4.400,0.000,0.000,12.0
2008-07-03,02:36:00,1.004,0.324,238.340,4.400,0.000,0.000,12.0
2008-07-03,02:37:00,1.006,0.320,238.110,4.400,0.000,0.000,12.0
2008-07-03,02:38:00,0.316,0.232,239.140,1.600,0.000,0.000,2.0
2008-07-03,02:39:00,0.302,0.230,239.120,1.600,0.000,0.000,1.0
2008-07-03,02:40:00,0.302,0.230,239.160,1.600,0.000,0.000,0.0
2008-07-03,02:41:00,0.300,0.230,239.300,1.600,0.000,0.000,1.0
2008-07-03,02:42:00,0.300,0.230,239.140,1.600,0.000,0.000,1.0
2008-07-03,02:43:00,0.220,0.120,239.350,1.000,0.000,0.000,0.0
2008-07-03,02:44:00,0.206,0.102,239.920,1.000,0.000,0.000,1.0
2008-07-03,02:45:00,0.206,0.102,239.890,1.000,0.000,0.000,1.0
2008-07-03,02:46:00,0.152,0.000,240.070,0.600,0.000,0.000,0.0
2008-07-03,02:47:00,0.138,0.000,240.040,0.600,0.000,0.000,1.0
2008-07-03,02:48:00,0.136,0.000,239.380,0.600,0.000,0.000,0.0
2008-07-03,02:49:00,0.136,0.000,239.510,0.600,0.000,0.000,1.0
2008-07-03,02:50:00,0.136,0.000,239.380,0.600,0.000,0.000,1.0
2008-07-03,02:51:00,0.136,0.000,239.300,0.600,0.000,0.000,0.0
2008-07-03,02:52:00,0.136,0.000,239.430,0.600,0.000,0.000,1.0
2008-07-03,02:53:00,0.136,0.000,239.400,0.600,0.000,0.000,1.0
2008-07-03,02:54:00,0.136,0.000,239.410,0.600,0.000,0.000,0.0
2008-07-03,02:55:00,0.136,0.000,239.290,0.600,0.000,0.000,1.0
2008-07-03,02:56:00,0.136,0.000,239.400,0.600,0.000,0.000,1.0
2008-07-03,02:57:00,0.136,0.000,239.210,0.600,0.000,0.000,0.0
2008-07-03,02:58:00,0.136,0.000,239.430,0.600,0.000,0.000,1.0
2008-07-03,02:59:00,0.138,0.000,239.590,0.600,0.000,0.000,1.0
2008-07-03,03:00:00,0.136,0.000,239.560,0.600,0.000,0.000,0.0
2008-07-03,03:01:00,0.136,0.000,239.490,0.600,0.000,0.000,1.0
2008-07-03,03:02:00,0.182,0.000,239.500,1.000,0.000,0.000,1.0
2008-07-03,03:03:00,0.248,0.130,239.370,1.200,0.000,0.000,0.0
2008-07-03,03:04:00,0.244,0.130,239.350,1.000,0.000,0.000,1.0
2008-07-03,03:05:00,0.240,0.130,239.330,1.000,0.000,0.000,1.0
2008-07-03,03:06:00,0.238,0.130,239.280,1.000,0.000,0.000,0.0
2008-07-03,03:07:00,0.238,0.130,239.440,1.000,0.000,0.000,1.0
2008-07-03,03:08:00,0.236,0.130,239.590,1.000,0.000,0.000,1.0
2008-07-03,03:09:00,0.236,0.132,239.920,1.000,0.000,0.000,0.0
2008-07-03,03:10:00,0.234,0.132,239.920,1.000,0.000,0.000,1.0
2008-07-03,03:11:00,0.234,0.132,240.010,1.000,0.000,0.000,0.0
2008-07-03,03:12:00,0.232,0.132,239.840,1.000,0.000,0.000,1.0
2008-07-03,03:13:00,0.304,0.204,239.830,1.600,0.000,0.000,1.0
2008-07-03,03:14:00,0.310,0.234,240.030,1.600,0.000,0.000,0.0
2008-07-03,03:15:00,0.308,0.232,239.540,1.600,0.000,0.000,1.0
2008-07-03,03:16:00,0.308,0.232,239.410,1.600,0.000,0.000,1.0
2008-07-03,03:17:00,0.304,0.230,239.080,1.600,0.000,0.000,0.0
2008-07-03,03:18:00,0.226,0.122,239.150,1.000,0.000,0.000,1.0
2008-07-03,03:19:00,0.210,0.100,239.040,1.000,0.000,0.000,1.0
2008-07-03,03:20:00,0.208,0.100,238.880,1.000,0.000,0.000,0.0
2008-07-03,03:21:00,0.208,0.102,239.490,1.000,0.000,0.000,1.0
2008-07-03,03:22:00,0.208,0.102,239.510,1.000,0.000,0.000,1.0
2008-07-03,03:23:00,0.206,0.102,239.460,1.000,0.000,0.000,0.0
2008-07-03,03:24:00,0.282,0.182,239.080,1.400,0.000,0.000,1.0
2008-07-03,03:25:00,0.294,0.220,239.090,1.400,0.000,2.000,1.0
2008-07-03,03:26:00,0.278,0.198,239.120,1.400,0.000,1.000,0.0
2008-07-03,03:27:00,0.226,0.120,239.480,1.000,0.000,2.000,1.0
2008-07-03,03:28:00,0.226,0.120,239.620,1.000,0.000,1.000,1.0
2008-07-03,03:29:00,0.226,0.120,239.600,1.000,0.000,2.000,0.0
2008-07-03,03:30:00,0.224,0.120,239.590,1.000,0.000,1.000,1.0
2008-07-03,03:31:00,0.224,0.120,239.660,1.000,0.000,1.000,1.0
2008-07-03,03:32:00,0.224,0.120,239.540,1.000,0.000,2.000,0.0
2008-07-03,03:33:00,0.222,0.120,239.630,1.000,0.000,1.000,1.0
2008-07-03,03:34:00,0.222,0.120,239.590,1.000,0.000,2.000,0.0
2008-07-03,03:35:00,0.222,0.118,239.520,1.000,0.000,1.000,1.0
2008-07-03,03:36:00,0.220,0.118,239.190,1.000,0.000,1.000,1.0
2008-07-03,03:37:00,0.242,0.134,239.420,1.200,0.000,2.000,0.0
2008-07-03,03:38:00,0.328,0.252,240.020,1.600,0.000,1.000,1.0
2008-07-03,03:39:00,0.326,0.256,240.970,1.600,0.000,1.000,1.0
2008-07-03,03:40:00,0.322,0.258,241.290,1.600,0.000,2.000,0.0
2008-07-03,03:41:00,0.320,0.258,241.450,1.600,0.000,1.000,1.0
2008-07-03,03:42:00,0.318,0.260,241.590,1.600,0.000,1.000,1.0
2008-07-03,03:43:00,0.314,0.258,241.250,1.600,0.000,1.000,0.0
2008-07-03,03:44:00,0.492,0.290,241.030,2.600,0.000,2.000,3.0
2008-07-03,03:45:00,0.958,0.360,240.110,4.200,0.000,1.000,12.0
2008-07-03,03:46:00,0.982,0.360,240.220,4.200,0.000,1.000,12.0
2008-07-03,03:47:00,1.006,0.360,240.240,4.400,0.000,1.000,12.0
2008-07-03,03:48:00,1.012,0.356,239.890,4.400,0.000,2.000,12.0
2008-07-03,03:49:00,0.664,0.306,240.270,3.400,0.000,1.000,8.0
2008-07-03,03:50:00,0.306,0.254,240.490,1.600,0.000,1.000,0.0
2008-07-03,03:51:00,0.306,0.254,240.510,1.600,0.000,1.000,1.0
2008-07-03,03:52:00,0.304,0.254,240.400,1.600,0.000,2.000,1.0
2008-07-03,03:53:00,0.236,0.156,240.100,1.200,0.000,1.000,0.0
2008-07-03,03:54:00,0.278,0.188,239.840,1.400,0.000,1.000,1.0
2008-07-03,03:55:00,0.286,0.222,239.820,1.400,0.000,1.000,1.0
2008-07-03,03:56:00,0.288,0.222,239.840,1.400,0.000,1.000,0.0
2008-07-03,03:57:00,0.236,0.136,239.500,1.000,0.000,1.000,1.0
2008-07-03,03:58:00,0.212,0.100,238.980,1.000,0.000,0.000,1.0
2008-07-03,03:59:00,0.212,0.102,239.590,1.000,0.000,0.000,0.0
2008-07-03,04:00:00,0.210,0.104,240.000,1.000,0.000,0.000,1.0
2008-07-03,04:01:00,0.210,0.102,239.830,1.000,0.000,0.000,1.0
2008-07-03,04:02:00,0.208,0.102,239.900,1.000,0.000,0.000,0.0
2008-07-03,04:03:00,0.208,0.102,239.750,1.000,0.000,0.000,1.0
2008-07-03,04:04:00,0.208,0.102,239.630,1.000,0.000,0.000,1.0
2008-07-03,04:05:00,0.208,0.104,239.980,1.000,0.000,0.000,0.0
2008-07-03,04:06:00,0.208,0.104,239.930,1.000,0.000,0.000,1.0
2008-07-03,04:07:00,0.162,0.000,239.990,0.600,0.000,0.000,1.0
2008-07-03,04:08:00,0.138,0.000,239.930,0.600,0.000,0.000,0.0
2008-07-03,04:09:00,0.138,0.000,240.160,0.600,0.000,0.000,1.0
2008-07-03,04:10:00,0.138,0.000,240.300,0.600,0.000,0.000,1.0
2008-07-03,04:11:00,0.138,0.000,240.250,0.600,0.000,0.000,0.0
2008-07-03,04:12:00,0.170,0.000,239.450,0.800,0.000,0.000,1.0
2008-07-03,04:13:00,0.248,0.130,239.370,1.200,0.000,0.000,0.0
2008-07-03,04:14:00,0.244,0.130,239.600,1.000,0.000,0.000,1.0
2008-07-03,04:15:00,0.242,0.130,239.760,1.000,0.000,0.000,1.0
2008-07-03,04:16:00,0.240,0.130,239.660,1.000,0.000,0.000,0.0
2008-07-03,04:17:00,0.238,0.130,239.690,1.000,0.000,0.000,1.0
2008-07-03,04:18:00,0.238,0.132,239.890,1.000,0.000,0.000,1.0
2008-07-03,04:19:00,0.236,0.132,239.850,1.000,0.000,0.000,0.0
2008-07-03,04:20:00,0.236,0.132,239.880,1.000,0.000,0.000,1.0
2008-07-03,04:21:00,0.234,0.130,239.800,1.000,0.000,0.000,1.0
2008-07-03,04:22:00,0.232,0.130,239.250,1.000,0.000,0.000,0.0
2008-07-03,04:23:00,0.232,0.128,239.160,1.000,0.000,0.000,1.0
2008-07-03,04:24:00,0.232,0.128,239.220,1.000,0.000,0.000,1.0
2008-07-03,04:25:00,0.232,0.128,239.140,1.000,0.000,0.000,0.0
2008-07-03,04:26:00,0.232,0.130,239.300,1.000,0.000,0.000,1.0
2008-07-03,04:27:00,0.232,0.130,239.510,1.000,0.000,0.000,1.0
2008-07-03,04:28:00,0.144,0.000,239.740,0.600,0.000,0.000,0.0
2008-07-03,04:29:00,0.138,0.000,239.720,0.600,0.000,0.000,1.0
2008-07-03,04:30:00,0.138,0.000,239.820,0.600,0.000,0.000,1.0
2008-07-03,04:31:00,0.138,0.000,240.350,0.600,0.000,0.000,0.0
2008-07-03,04:32:00,0.138,0.000,240.370,0.600,0.000,0.000,1.0
2008-07-03,04:33:00,0.138,0.000,241.050,0.600,0.000,0.000,1.0
2008-07-03,04:34:00,0.138,0.000,241.160,0.600,0.000,0.000,0.0
2008-07-03,04:35:00,0.230,0.100,240.100,1.200,0.000,0.000,1.0
2008-07-03,04:36:00,0.214,0.102,239.680,1.000,0.000,0.000,1.0
2008-07-03,04:37:00,0.216,0.100,239.580,1.000,0.000,0.000,0.0
2008-07-03,04:38:00,0.214,0.100,239.530,1.000,0.000,0.000,1.0
2008-07-03,04:39:00,0.212,0.102,239.720,1.000,0.000,0.000,1.0
2008-07-03,04:40:00,0.210,0.102,239.810,1.000,0.000,0.000,0.0
2008-07-03,04:41:00,0.210,0.102,239.980,1.000,0.000,0.000,1.0
2008-07-03,04:42:00,0.210,0.104,240.600,1.000,0.000,0.000,0.0
2008-07-03,04:43:00,0.210,0.104,240.720,1.000,0.000,0.000,1.0
2008-07-03,04:44:00,0.208,0.106,240.890,1.000,0.000,0.000,1.0
2008-07-03,04:45:00,0.210,0.106,241.310,1.000,0.000,0.000,0.0
2008-07-03,04:46:00,0.208,0.104,240.540,1.000,0.000,0.000,1.0
2008-07-03,04:47:00,0.198,0.072,239.860,1.000,0.000,0.000,1.0
2008-07-03,04:48:00,0.248,0.130,239.700,1.200,0.000,0.000,0.0
2008-07-03,04:49:00,0.244,0.130,239.760,1.000,0.000,0.000,1.0
2008-07-03,04:50:00,0.242,0.130,239.840,1.000,0.000,0.000,1.0
2008-07-03,04:51:00,0.240,0.130,239.700,1.000,0.000,0.000,0.0
2008-07-03,04:52:00,0.238,0.128,239.100,1.000,0.000,0.000,1.0
2008-07-03,04:53:00,0.236,0.128,238.720,1.000,0.000,0.000,1.0
2008-07-03,04:54:00,0.236,0.128,239.000,1.000,0.000,0.000,0.0
2008-07-03,04:55:00,0.234,0.130,239.300,1.000,0.000,0.000,1.0
2008-07-03,04:56:00,0.842,0.226,238.630,3.600,0.000,0.000,10.0
2008-07-03,04:57:00,0.888,0.228,238.710,3.800,0.000,0.000,12.0
2008-07-03,04:58:00,0.920,0.226,238.580,4.000,0.000,0.000,12.0
2008-07-03,04:59:00,0.928,0.224,238.360,4.000,0.000,0.000,12.0
2008-07-03,05:00:00,0.756,0.200,238.480,3.400,0.000,0.000,10.0
2008-07-03,05:01:00,0.232,0.130,239.170,1.000,0.000,0.000,1.0
2008-07-03,05:02:00,0.230,0.130,239.190,1.000,0.000,0.000,1.0
2008-07-03,05:03:00,0.150,0.000,239.600,0.600,0.000,0.000,0.0
2008-07-03,05:04:00,0.138,0.000,239.810,0.600,0.000,0.000,1.0
2008-07-03,05:05:00,0.138,0.000,239.510,0.600,0.000,0.000,0.0
2008-07-03,05:06:00,0.136,0.000,239.130,0.600,0.000,0.000,1.0
2008-07-03,05:07:00,0.136,0.000,239.450,0.600,0.000,0.000,1.0
2008-07-03,05:08:00,0.136,0.000,239.430,0.600,0.000,0.000,0.0
2008-07-03,05:09:00,0.136,0.000,239.530,0.600,0.000,0.000,1.0
2008-07-03,05:10:00,0.136,0.000,239.460,0.600,0.000,0.000,1.0
2008-07-03,05:11:00,0.138,0.000,240.400,0.600,0.000,0.000,0.0
2008-07-03,05:12:00,0.138,0.000,240.210,0.600,0.000,0.000,1.0
2008-07-03,05:13:00,0.136,0.000,239.650,0.600,0.000,0.000,1.0
2008-07-03,05:14:00,0.136,0.000,239.430,0.600,0.000,0.000,0.0
2008-07-03,05:15:00,0.210,0.074,239.530,1.000,0.000,0.000,1.0
2008-07-03,05:16:00,0.214,0.102,239.600,1.000,0.000,0.000,1.0
2008-07-03,05:17:00,0.320,0.224,239.430,1.600,0.000,0.000,0.0
2008-07-03,05:18:00,0.302,0.220,239.410,1.400,0.000,2.000,1.0
2008-07-03,05:19:00,0.298,0.220,239.120,1.400,0.000,1.000,1.0
2008-07-03,05:20:00,0.298,0.220,239.200,1.400,0.000,2.000,0.0
2008-07-03,05:21:00,0.296,0.220,239.400,1.400,0.000,1.000,1.0
2008-07-03,05:22:00,0.294,0.220,239.310,1.400,0.000,2.000,1.0
2008-07-03,05:23:00,0.412,0.350,239.950,2.200,0.000,1.000,0.0
2008-07-03,05:24:00,0.402,0.356,240.390,2.200,0.000,1.000,1.0
2008-07-03,05:25:00,0.396,0.356,240.440,2.200,0.000,2.000,1.0
2008-07-03,05:26:00,0.394,0.358,240.490,2.200,0.000,1.000,0.0
2008-07-03,05:27:00,0.374,0.334,240.650,2.000,0.000,2.000,1.0
2008-07-03,05:28:00,0.320,0.254,240.360,1.600,0.000,1.000,1.0
2008-07-03,05:29:00,0.318,0.254,240.590,1.600,0.000,1.000,0.0
2008-07-03,05:30:00,0.316,0.256,240.980,1.600,0.000,2.000,1.0
2008-07-03,05:31:00,0.314,0.256,240.860,1.600,0.000,1.000,1.0
2008-07-03,05:32:00,0.312,0.254,240.700,1.600,0.000,1.000,0.0
2008-07-03,05:33:00,0.312,0.258,241.340,1.600,0.000,2.000,1.0
2008-07-03,05:34:00,0.310,0.256,241.000,1.600,0.000,1.000,0.0
2008-07-03,05:35:00,0.308,0.252,240.110,1.600,0.000,1.000,1.0
2008-07-03,05:36:00,0.308,0.252,240.070,1.600,0.000,1.000,1.0
2008-07-03,05:37:00,0.306,0.252,240.100,1.600,0.000,2.000,0.0
2008-07-03,05:38:00,0.234,0.148,240.080,1.200,0.000,1.000,1.0
2008-07-03,05:39:00,0.214,0.122,240.480,1.000,0.000,1.000,1.0
2008-07-03,05:40:00,0.214,0.122,240.870,1.000,0.000,1.000,0.0
2008-07-03,05:41:00,0.214,0.122,241.080,1.000,0.000,2.000,1.0
2008-07-03,05:42:00,0.214,0.122,241.090,1.000,0.000,1.000,1.0
2008-07-03,05:43:00,0.214,0.124,241.190,1.000,0.000,1.000,0.0
2008-07-03,05:44:00,0.214,0.124,241.750,1.000,0.000,1.000,1.0
2008-07-03,05:45:00,0.214,0.124,241.700,1.000,0.000,1.000,1.0
2008-07-03,05:46:00,0.264,0.124,241.650,1.200,0.000,2.000,0.0
2008-07-03,05:47:00,0.214,0.126,241.760,1.000,0.000,1.000,1.0
2008-07-03,05:48:00,0.212,0.124,241.350,1.000,0.000,1.000,1.0
2008-07-03,05:49:00,0.162,0.000,241.230,0.800,0.000,0.000,0.0
2008-07-03,05:50:00,0.140,0.000,241.870,0.600,0.000,0.000,1.0
2008-07-03,05:51:00,0.140,0.000,241.700,0.600,0.000,0.000,1.0
2008-07-03,05:52:00,0.138,0.000,241.370,0.600,0.000,0.000,0.0
2008-07-03,05:53:00,0.138,0.000,241.430,0.600,0.000,0.000,1.0
2008-07-03,05:54:00,0.138,0.000,241.250,0.600,0.000,0.000,1.0
2008-07-03,05:55:00,0.162,0.000,242.460,0.800,0.000,0.000,0.0
2008-07-03,05:56:00,0.218,0.108,242.170,1.000,0.000,0.000,1.0
2008-07-03,05:57:00,0.918,0.100,241.970,4.400,0.000,0.000,11.0
2008-07-03,05:58:00,1.432,0.202,241.410,6.000,0.000,0.000,20.0
2008-07-03,05:59:00,1.418,0.224,240.770,5.800,0.000,0.000,18.0
2008-07-03,06:00:00,1.404,0.226,241.170,5.800,0.000,0.000,19.0
2008-07-03,06:01:00,1.398,0.228,241.500,5.800,0.000,0.000,19.0
2008-07-03,06:02:00,1.396,0.230,241.900,5.800,0.000,0.000,18.0
2008-07-03,06:03:00,1.388,0.230,241.660,5.800,0.000,0.000,19.0
2008-07-03,06:04:00,1.388,0.230,241.930,5.800,0.000,0.000,19.0
2008-07-03,06:05:00,1.382,0.228,241.540,5.800,0.000,0.000,18.0
2008-07-03,06:06:00,1.382,0.230,241.720,5.800,0.000,0.000,19.0
2008-07-03,06:07:00,1.378,0.228,241.530,5.800,0.000,0.000,18.0
2008-07-03,06:08:00,1.806,0.280,240.310,7.600,0.000,0.000,26.0
2008-07-03,06:09:00,1.952,0.228,240.200,8.200,0.000,0.000,29.0
2008-07-03,06:10:00,1.978,0.226,239.890,8.200,0.000,0.000,29.0
2008-07-03,06:11:00,1.990,0.222,239.620,8.200,0.000,0.000,30.0
2008-07-03,06:12:00,1.992,0.222,239.400,8.200,0.000,0.000,30.0
2008-07-03,06:13:00,1.350,0.056,240.140,5.600,0.000,0.000,21.0
2008-07-03,06:14:00,1.204,0.000,240.490,5.000,0.000,0.000,18.0
2008-07-03,06:15:00,1.206,0.000,240.560,5.000,0.000,0.000,19.0
2008-07-03,06:16:00,1.204,0.000,240.520,5.000,0.000,0.000,18.0
2008-07-03,06:17:00,1.202,0.000,240.320,5.000,0.000,0.000,18.0
2008-07-03,06:18:00,1.208,0.000,240.900,5.000,0.000,0.000,19.0
2008-07-03,06:19:00,1.212,0.000,241.080,5.000,0.000,0.000,18.0
2008-07-03,06:20:00,1.506,0.000,240.240,6.200,0.000,0.000,18.0
2008-07-03,06:21:00,1.510,0.000,240.630,6.200,0.000,0.000,19.0
2008-07-03,06:22:00,1.514,0.000,240.940,6.200,0.000,0.000,18.0
2008-07-03,06:23:00,1.554,0.000,240.800,6.400,0.000,0.000,19.0
2008-07-03,06:24:00,1.302,0.000,240.970,5.400,0.000,0.000,18.0
2008-07-03,06:25:00,1.400,0.000,241.510,5.800,0.000,0.000,19.0
2008-07-03,06:26:00,1.396,0.000,241.280,5.800,0.000,0.000,18.0
2008-07-03,06:27:00,0.900,0.000,240.770,4.200,0.000,0.000,14.0
2008-07-03,06:28:00,0.138,0.000,241.400,0.600,0.000,0.000,1.0
2008-07-03,06:29:00,0.148,0.000,241.900,0.600,0.000,0.000,1.0
2008-07-03,06:30:00,0.210,0.000,241.590,0.800,0.000,0.000,0.0
2008-07-03,06:31:00,0.180,0.000,241.410,0.600,0.000,0.000,1.0
2008-07-03,06:32:00,0.182,0.000,241.140,0.800,0.000,0.000,1.0
2008-07-03,06:33:00,0.284,0.120,240.540,1.400,0.000,0.000,0.0
2008-07-03,06:34:00,0.792,0.212,240.260,3.400,0.000,0.000,1.0
2008-07-03,06:35:00,0.786,0.212,240.220,3.400,0.000,0.000,1.0
2008-07-03,06:36:00,0.782,0.212,239.960,3.400,0.000,0.000,0.0
2008-07-03,06:37:00,0.854,0.286,239.960,3.800,0.000,0.000,1.0
2008-07-03,06:38:00,0.856,0.314,240.070,3.800,0.000,0.000,1.0
2008-07-03,06:39:00,0.858,0.284,239.990,3.600,0.000,0.000,0.0
2008-07-03,06:40:00,0.872,0.276,239.820,3.800,0.000,0.000,1.0
2008-07-03,06:41:00,0.866,0.272,239.020,3.800,0.000,0.000,1.0
2008-07-03,06:42:00,0.864,0.272,239.080,3.800,0.000,0.000,0.0
2008-07-03,06:43:00,0.882,0.274,239.220,3.800,0.000,0.000,1.0
2008-07-03,06:44:00,0.910,0.274,239.430,3.800,0.000,0.000,0.0
2008-07-03,06:45:00,0.918,0.272,239.430,4.000,0.000,0.000,1.0
2008-07-03,06:46:00,1.208,0.292,238.800,5.400,0.000,0.000,1.0
2008-07-03,06:47:00,2.940,0.262,237.020,12.600,0.000,0.000,19.0
2008-07-03,06:48:00,2.178,0.194,237.940,9.400,0.000,0.000,18.0
2008-07-03,06:49:00,1.972,0.124,238.530,8.200,0.000,0.000,19.0
2008-07-03,06:50:00,1.908,0.000,238.070,8.000,0.000,0.000,18.0
2008-07-03,06:51:00,1.920,0.000,239.170,8.000,0.000,0.000,18.0
2008-07-03,06:52:00,2.482,0.000,237.910,11.400,0.000,0.000,18.0
2008-07-03,06:53:00,5.310,0.052,234.090,22.600,0.000,0.000,18.0
2008-07-03,06:54:00,5.524,0.000,233.740,23.600,0.000,0.000,17.0
2008-07-03,06:55:00,4.786,0.000,235.120,20.600,0.000,0.000,18.0
2008-07-03,06:56:00,2.634,0.000,237.340,11.200,0.000,0.000,18.0
2008-07-03,06:57:00,2.816,0.000,237.690,11.800,0.000,0.000,18.0
2008-07-03,06:58:00,3.114,0.062,237.500,13.400,0.000,0.000,18.0
2008-07-03,06:59:00,2.966,0.000,236.710,13.000,0.000,0.000,17.0
2008-07-03,07:00:00,2.242,0.000,237.770,9.400,0.000,0.000,18.0
2008-07-03,07:01:00,1.582,0.000,239.100,6.800,0.000,0.000,18.0
2008-07-03,07:02:00,1.296,0.000,239.450,5.400,0.000,0.000,19.0
2008-07-03,07:03:00,1.232,0.000,239.050,5.200,0.000,0.000,18.0
2008-07-03,07:04:00,1.200,0.000,238.420,5.000,0.000,0.000,18.0
2008-07-03,07:05:00,1.306,0.000,239.120,5.600,0.000,0.000,18.0
2008-07-03,07:06:00,1.964,0.000,237.450,8.600,0.000,0.000,19.0
2008-07-03,07:07:00,2.332,0.102,237.410,10.200,0.000,0.000,28.0
2008-07-03,07:08:00,2.442,0.120,237.660,10.600,0.000,0.000,29.0
2008-07-03,07:09:00,2.610,0.232,237.070,11.400,0.000,0.000,30.0
2008-07-03,07:10:00,2.286,0.328,237.530,9.800,0.000,1.000,29.0
2008-07-03,07:11:00,2.080,0.324,237.460,8.800,0.000,1.000,30.0
2008-07-03,07:12:00,1.442,0.244,238.170,6.200,0.000,2.000,19.0
2008-07-03,07:13:00,1.420,0.282,238.550,6.000,0.000,1.000,18.0
2008-07-03,07:14:00,1.444,0.336,238.540,6.200,0.000,2.000,19.0
2008-07-03,07:15:00,1.442,0.336,238.520,6.200,0.000,1.000,18.0
2008-07-03,07:16:00,1.508,0.352,238.140,6.400,0.000,2.000,18.0
2008-07-03,07:17:00,1.436,0.336,238.290,6.200,0.000,1.000,18.0
2008-07-03,07:18:00,1.496,0.338,238.700,6.400,0.000,2.000,18.0
2008-07-03,07:19:00,1.434,0.338,238.650,6.000,0.000,1.000,18.0
2008-07-03,07:20:00,1.438,0.336,238.300,6.200,0.000,1.000,18.0
2008-07-03,07:21:00,1.570,0.338,239.070,6.600,0.000,2.000,18.0
2008-07-03,07:22:00,1.766,0.548,241.700,7.600,0.000,1.000,18.0
2008-07-03,07:23:00,1.622,0.454,242.550,6.800,0.000,1.000,19.0
2008-07-03,07:24:00,1.440,0.352,241.990,6.000,0.000,2.000,19.0
2008-07-03,07:25:00,1.366,0.218,242.070,5.600,0.000,1.000,18.0
2008-07-03,07:26:00,1.362,0.218,241.840,5.600,0.000,1.000,19.0
2008-07-03,07:27:00,1.364,0.220,242.060,5.600,0.000,2.000,18.0
2008-07-03,07:28:00,1.360,0.218,241.720,5.600,0.000,1.000,19.0
2008-07-03,07:29:00,1.418,0.216,241.670,5.800,0.000,1.000,18.0
2008-07-03,07:30:00,1.654,0.212,241.510,6.800,0.000,1.000,19.0
2008-07-03,07:31:00,1.656,0.214,241.740,6.800,0.000,2.000,19.0
2008-07-03,07:32:00,1.630,0.182,241.450,6.800,0.000,1.000,18.0
2008-07-03,07:33:00,1.586,0.108,241.650,6.400,0.000,1.000,19.0
2008-07-03,07:34:00,1.334,0.114,242.250,5.400,0.000,1.000,18.0
2008-07-03,07:35:00,1.296,0.116,242.450,5.200,0.000,2.000,19.0
2008-07-03,07:36:00,1.294,0.116,242.370,5.200,0.000,1.000,18.0
2008-07-03,07:37:00,1.290,0.114,242.000,5.200,0.000,1.000,19.0
2008-07-03,07:38:00,1.280,0.112,241.060,5.200,0.000,1.000,18.0
2008-07-03,07:39:00,1.278,0.112,240.800,5.200,0.000,1.000,19.0
2008-07-03,07:40:00,1.272,0.110,240.210,5.200,0.000,2.000,18.0
2008-07-03,07:41:00,1.272,0.110,240.220,5.200,0.000,1.000,18.0
2008-07-03,07:42:00,1.234,0.000,240.470,5.000,0.000,0.000,19.0
2008-07-03,07:43:00,1.200,0.000,240.180,5.000,0.000,0.000,18.0
2008-07-03,07:44:00,1.310,0.098,241.240,5.400,0.000,0.000,19.0
2008-07-03,07:45:00,1.318,0.124,241.120,5.400,0.000,0.000,18.0
2008-07-03,07:46:00,1.306,0.122,240.450,5.400,0.000,0.000,18.0
2008-07-03,07:47:00,1.306,0.122,240.550,5.400,0.000,0.000,19.0
2008-07-03,07:48:00,1.296,0.120,239.870,5.400,0.000,0.000,18.0
2008-07-03,07:49:00,1.290,0.120,239.350,5.400,0.000,0.000,18.0
2008-07-03,07:50:00,1.298,0.122,240.170,5.400,0.000,0.000,18.0
2008-07-03,07:51:00,1.292,0.120,239.660,5.400,0.000,0.000,19.0
2008-07-03,07:52:00,1.292,0.120,239.880,5.400,0.000,0.000,18.0
2008-07-03,07:53:00,1.286,0.118,239.440,5.400,0.000,0.000,18.0
2008-07-03,07:54:00,1.316,0.116,238.720,5.400,0.000,0.000,18.0
2008-07-03,07:55:00,1.282,0.118,238.940,5.400,0.000,0.000,18.0
2008-07-03,07:56:00,1.294,0.120,239.650,5.400,0.000,0.000,18.0
2008-07-03,07:57:00,1.296,0.118,239.260,5.400,0.000,0.000,19.0
2008-07-03,07:58:00,1.240,0.056,239.160,5.200,0.000,0.000,18.0
2008-07-03,07:59:00,1.190,0.000,239.120,4.800,0.000,0.000,18.0
2008-07-03,08:00:00,1.274,0.074,239.310,5.200,0.000,0.000,18.0
2008-07-03,08:01:00,1.270,0.090,239.580,5.200,0.000,0.000,18.0
2008-07-03,08:02:00,1.270,0.090,239.540,5.200,0.000,0.000,18.0
2008-07-03,08:03:00,1.268,0.088,239.150,5.200,0.000,0.000,19.0
2008-07-03,08:04:00,1.326,0.088,239.310,5.400,0.000,0.000,18.0
2008-07-03,08:05:00,1.324,0.088,239.040,5.400,0.000,0.000,18.0
2008-07-03,08:06:00,1.320,0.086,238.810,5.400,0.000,0.000,18.0
2008-07-03,08:07:00,1.320,0.086,238.910,5.400,0.000,0.000,18.0
2008-07-03,08:08:00,1.874,0.174,238.700,7.800,0.000,0.000,27.0
2008-07-03,08:09:00,1.968,0.178,237.910,8.200,0.000,0.000,29.0
2008-07-03,08:10:00,1.980,0.182,238.190,8.200,0.000,0.000,29.0
2008-07-03,08:11:00,1.954,0.180,237.980,8.200,0.000,0.000,30.0
2008-07-03,08:12:00,1.954,0.180,237.800,8.200,0.000,0.000,29.0
2008-07-03,08:13:00,1.404,0.106,238.230,6.000,0.000,0.000,22.0
2008-07-03,08:14:00,1.280,0.086,238.060,5.400,0.000,0.000,17.0
2008-07-03,08:15:00,1.254,0.088,238.320,5.200,0.000,0.000,19.0
2008-07-03,08:16:00,1.252,0.086,238.200,5.200,0.000,0.000,18.0
2008-07-03,08:17:00,1.256,0.088,238.580,5.200,0.000,0.000,18.0
2008-07-03,08:18:00,1.206,0.000,239.490,5.000,0.000,0.000,18.0
2008-07-03,08:19:00,1.278,0.074,239.140,5.400,0.000,0.000,18.0
2008-07-03,08:20:00,1.300,0.118,238.730,5.400,0.000,0.000,18.0
2008-07-03,08:21:00,1.298,0.118,239.010,5.400,0.000,0.000,18.0
2008-07-03,08:22:00,1.298,0.118,239.250,5.400,0.000,0.000,18.0
2008-07-03,08:23:00,1.296,0.118,239.190,5.400,0.000,0.000,18.0
2008-07-03,08:24:00,1.294,0.118,239.170,5.400,0.000,0.000,19.0
2008-07-03,08:25:00,1.288,0.116,238.690,5.400,0.000,0.000,18.0
2008-07-03,08:26:00,1.284,0.116,238.430,5.400,0.000,0.000,18.0
2008-07-03,08:27:00,1.280,0.116,238.260,5.400,0.000,0.000,18.0
2008-07-03,08:28:00,1.280,0.116,238.200,5.400,0.000,0.000,18.0
2008-07-03,08:29:00,1.282,0.116,238.470,5.400,0.000,0.000,18.0
2008-07-03,08:30:00,1.282,0.118,238.620,5.400,0.000,0.000,18.0
2008-07-03,08:31:00,1.282,0.116,238.500,5.400,0.000,0.000,18.0
2008-07-03,08:32:00,1.280,0.116,238.420,5.400,0.000,0.000,18.0
2008-07-03,08:33:00,1.248,0.070,238.630,5.200,0.000,0.000,18.0
2008-07-03,08:34:00,1.192,0.000,238.780,5.000,0.000,0.000,18.0
2008-07-03,08:35:00,1.192,0.000,239.010,5.000,0.000,0.000,18.0
2008-07-03,08:36:00,1.186,0.000,238.280,4.800,0.000,0.000,18.0
2008-07-03,08:37:00,1.186,0.000,238.290,4.800,0.000,0.000,18.0
2008-07-03,08:38:00,1.060,0.000,238.190,4.600,0.000,0.000,17.0
2008-07-03,08:39:00,0.140,0.000,239.240,0.600,0.000,0.000,1.0
2008-07-03,08:40:00,0.140,0.000,239.240,0.600,0.000,0.000,0.0
2008-07-03,08:41:00,0.140,0.000,239.200,0.600,0.000,0.000,1.0
2008-07-03,08:42:00,0.140,0.000,239.260,0.600,0.000,0.000,1.0
2008-07-03,08:43:00,0.140,0.000,239.470,0.600,0.000,0.000,0.0
2008-07-03,08:44:00,0.140,0.000,239.460,0.600,0.000,0.000,1.0
2008-07-03,08:45:00,0.172,0.000,239.810,1.000,0.000,0.000,1.0
2008-07-03,08:46:00,0.218,0.104,240.050,1.000,0.000,0.000,0.0
2008-07-03,08:47:00,0.216,0.102,239.720,1.000,0.000,0.000,1.0
2008-07-03,08:48:00,0.216,0.102,239.300,1.000,0.000,0.000,1.0
2008-07-03,08:49:00,0.216,0.100,238.880,1.000,0.000,0.000,0.0
2008-07-03,08:50:00,0.212,0.100,238.820,1.000,0.000,0.000,1.0
2008-07-03,08:51:00,0.210,0.098,238.450,1.000,0.000,0.000,1.0
2008-07-03,08:52:00,0.210,0.100,238.490,1.000,0.000,0.000,0.0
2008-07-03,08:53:00,0.208,0.098,238.480,1.000,0.000,0.000,1.0
2008-07-03,08:54:00,0.300,0.192,238.540,1.600,0.000,0.000,1.0
2008-07-03,08:55:00,0.316,0.228,238.780,1.600,0.000,0.000,0.0
2008-07-03,08:56:00,0.312,0.228,238.790,1.600,0.000,0.000,1.0
2008-07-03,08:57:00,0.308,0.226,238.180,1.600,0.000,0.000,0.0
2008-07-03,08:58:00,0.306,0.226,238.030,1.600,0.000,0.000,1.0
2008-07-03,08:59:00,0.262,0.160,238.110,1.200,0.000,0.000,1.0
2008-07-03,09:00:00,0.236,0.126,238.390,1.000,0.000,0.000,0.0
2008-07-03,09:01:00,0.234,0.126,238.000,1.000,0.000,0.000,1.0
2008-07-03,09:02:00,0.234,0.126,238.050,1.000,0.000,0.000,1.0
2008-07-03,09:03:00,0.286,0.178,238.100,1.600,0.000,0.000,0.0
2008-07-03,09:04:00,0.320,0.244,237.810,1.600,0.000,1.000,1.0
2008-07-03,09:05:00,0.318,0.242,237.560,1.600,0.000,2.000,1.0
2008-07-03,09:06:00,0.316,0.242,237.520,1.600,0.000,1.000,0.0
2008-07-03,09:07:00,0.316,0.242,237.450,1.600,0.000,2.000,1.0
2008-07-03,09:08:00,0.288,0.202,237.040,1.400,0.000,1.000,1.0
2008-07-03,09:09:00,0.222,0.114,237.090,1.000,0.000,2.000,0.0
2008-07-03,09:10:00,0.222,0.112,236.900,1.000,0.000,1.000,1.0
2008-07-03,09:11:00,0.222,0.112,236.920,1.000,0.000,1.000,0.0
2008-07-03,09:12:00,0.220,0.110,236.210,1.000,0.000,2.000,1.0
2008-07-03,09:13:00,0.218,0.110,236.030,1.000,0.000,1.000,1.0
2008-07-03,09:14:00,0.218,0.110,236.040,1.000,0.000,2.000,0.0
2008-07-03,09:15:00,0.218,0.112,237.040,1.000,0.000,1.000,1.0
2008-07-03,09:16:00,0.218,0.118,238.950,1.000,0.000,1.000,1.0
2008-07-03,09:17:00,0.218,0.116,238.650,1.000,0.000,2.000,0.0
2008-07-03,09:18:00,0.216,0.116,238.780,1.000,0.000,1.000,1.0
2008-07-03,09:19:00,0.430,0.152,238.800,2.400,0.000,1.000,4.0
2008-07-03,09:20:00,0.856,0.212,238.230,3.600,0.000,2.000,11.0
2008-07-03,09:21:00,0.884,0.220,239.250,3.800,0.000,1.000,12.0
2008-07-03,09:22:00,0.908,0.216,238.920,3.800,0.000,1.000,12.0
2008-07-03,09:23:00,0.916,0.216,239.120,3.800,0.000,1.000,12.0
2008-07-03,09:24:00,0.558,0.168,239.770,2.800,0.000,2.000,7.0
2008-07-03,09:25:00,0.214,0.120,240.190,1.000,0.000,1.000,1.0
2008-07-03,09:26:00,0.214,0.120,240.260,1.000,0.000,1.000,1.0
2008-07-03,09:27:00,0.290,0.202,240.360,1.600,0.000,1.000,0.0
2008-07-03,09:28:00,0.302,0.224,240.560,1.400,0.000,1.000,1.0
2008-07-03,09:29:00,0.434,0.316,240.450,2.200,0.000,2.000,1.0
2008-07-03,09:30:00,0.396,0.358,240.680,2.200,0.000,1.000,0.0
2008-07-03,09:31:00,0.392,0.360,241.130,2.200,0.000,1.000,1.0
2008-07-03,09:32:00,0.388,0.360,240.880,2.200,0.000,1.000,1.0
2008-07-03,09:33:00,0.382,0.356,240.280,2.000,0.000,2.000,0.0
2008-07-03,09:34:00,0.464,0.354,240.150,2.400,0.000,1.000,1.0
2008-07-03,09:35:00,0.446,0.290,240.290,2.200,0.000,0.000,1.0
2008-07-03,09:36:00,0.412,0.234,240.740,1.800,0.000,0.000,0.0
2008-07-03,09:37:00,0.412,0.234,240.840,1.800,0.000,0.000,1.0
2008-07-03,09:38:00,0.410,0.234,240.890,1.800,0.000,0.000,1.0
2008-07-03,09:39:00,0.410,0.236,241.080,1.800,0.000,0.000,0.0
2008-07-03,09:40:00,0.396,0.214,240.670,1.800,0.000,0.000,1.0
2008-07-03,09:41:00,0.338,0.130,240.130,1.400,0.000,0.000,1.0
2008-07-03,09:42:00,0.338,0.130,240.130,1.400,0.000,0.000,0.0
2008-07-03,09:43:00,0.338,0.130,240.310,1.400,0.000,0.000,1.0
2008-07-03,09:44:00,0.248,0.000,240.650,1.000,0.000,0.000,0.0
2008-07-03,09:45:00,0.244,0.000,240.140,1.000,0.000,0.000,1.0
2008-07-03,09:46:00,0.222,0.000,239.810,0.800,0.000,0.000,1.0
2008-07-03,09:47:00,0.138,0.000,239.930,0.600,0.000,0.000,0.0
2008-07-03,09:48:00,0.138,0.000,239.540,0.600,0.000,0.000,1.0
2008-07-03,09:49:00,0.138,0.000,239.360,0.600,0.000,0.000,1.0
2008-07-03,09:50:00,0.136,0.000,239.190,0.600,0.000,0.000,0.0
2008-07-03,09:51:00,0.136,0.000,239.050,0.600,0.000,0.000,1.0
2008-07-03,09:52:00,0.136,0.000,239.340,0.600,0.000,0.000,1.0
2008-07-03,09:53:00,0.200,0.000,239.580,0.800,0.000,0.000,0.0
2008-07-03,09:54:00,0.136,0.000,239.420,0.600,0.000,0.000,1.0
2008-07-03,09:55:00,0.136,0.000,239.140,0.600,0.000,0.000,1.0
2008-07-03,09:56:00,0.136,0.000,238.980,0.600,0.000,0.000,0.0
2008-07-03,09:57:00,0.136,0.000,239.260,0.600,0.000,0.000,1.0
2008-07-03,09:58:00,0.136,0.000,239.140,0.600,0.000,0.000,1.0
2008-07-03,09:59:00,0.136,0.000,239.170,0.600,0.000,0.000,0.0
2008-07-03,10:00:00,0.136,0.000,239.080,0.600,0.000,0.000,1.0
2008-07-03,10:01:00,0.136,0.000,238.780,0.600,0.000,0.000,1.0
2008-07-03,10:02:00,0.136,0.000,239.260,0.600,0.000,0.000,0.0
2008-07-03,10:03:00,0.136,0.000,239.630,0.600,0.000,0.000,1.0
2008-07-03,10:04:00,0.204,0.064,239.350,1.000,0.000,0.000,1.0
2008-07-03,10:05:00,0.246,0.128,239.280,1.200,0.000,0.000,0.0
2008-07-03,10:06:00,0.240,0.126,238.180,1.000,0.000,0.000,1.0
2008-07-03,10:07:00,0.238,0.124,237.720,1.000,0.000,0.000,0.0
2008-07-03,10:08:00,0.236,0.124,237.990,1.000,0.000,0.000,1.0
2008-07-03,10:09:00,0.300,0.172,238.150,1.600,0.000,0.000,1.0
2008-07-03,10:10:00,0.312,0.226,238.310,1.600,0.000,0.000,0.0
2008-07-03,10:11:00,0.314,0.226,238.260,1.600,0.000,0.000,1.0
2008-07-03,10:12:00,0.310,0.226,238.240,1.600,0.000,0.000,1.0
2008-07-03,10:13:00,0.308,0.228,238.310,1.600,0.000,0.000,0.0
2008-07-03,10:14:00,0.306,0.228,238.350,1.600,0.000,0.000,1.0
2008-07-03,10:15:00,0.304,0.226,238.040,1.600,0.000,0.000,1.0
2008-07-03,10:16:00,0.302,0.228,238.310,1.600,0.000,0.000,0.0
2008-07-03,10:17:00,0.300,0.226,238.140,1.600,0.000,0.000,1.0
2008-07-03,10:18:00,0.300,0.226,238.140,1.600,0.000,0.000,1.0
2008-07-03,10:19:00,0.220,0.118,238.500,1.000,0.000,0.000,0.0
2008-07-03,10:20:00,0.284,0.096,238.400,1.200,0.000,0.000,1.0
2008-07-03,10:21:00,0.310,0.096,238.630,1.200,0.000,0.000,1.0
2008-07-03,10:22:00,0.310,0.096,238.830,1.200,0.000,0.000,0.0
2008-07-03,10:23:00,0.310,0.096,238.870,1.200,0.000,0.000,1.0
2008-07-03,10:24:00,0.276,0.046,238.600,1.200,0.000,0.000,0.0
2008-07-03,10:25:00,0.242,0.000,238.620,1.000,0.000,0.000,1.0
2008-07-03,10:26:00,0.242,0.000,238.900,1.000,0.000,0.000,1.0
2008-07-03,10:27:00,0.242,0.000,238.640,1.000,0.000,0.000,0.0
2008-07-03,10:28:00,0.242,0.000,238.650,1.000,0.000,0.000,1.0
2008-07-03,10:29:00,0.242,0.000,238.810,1.000,0.000,0.000,1.0
2008-07-03,10:30:00,0.242,0.000,238.850,1.000,0.000,0.000,0.0
2008-07-03,10:31:00,0.240,0.000,237.840,1.000,0.000,0.000,1.0
2008-07-03,10:32:00,0.238,0.000,237.380,1.000,0.000,0.000,1.0
2008-07-03,10:33:00,0.238,0.000,237.440,1.000,0.000,0.000,0.0
2008-07-03,10:34:00,0.730,0.070,237.660,3.200,0.000,0.000,8.0
2008-07-03,10:35:00,0.888,0.088,237.670,3.600,0.000,0.000,12.0
2008-07-03,10:36:00,0.918,0.086,237.440,3.800,0.000,0.000,12.0
2008-07-03,10:37:00,0.938,0.096,238.850,3.800,0.000,0.000,12.0
2008-07-03,10:38:00,0.840,0.084,239.450,3.600,0.000,0.000,11.0
2008-07-03,10:39:00,0.320,0.076,239.970,1.400,0.000,0.000,1.0
2008-07-03,10:40:00,0.352,0.130,240.030,1.400,0.000,0.000,1.0
2008-07-03,10:41:00,0.348,0.130,239.910,1.400,0.000,0.000,0.0
2008-07-03,10:42:00,0.346,0.130,240.060,1.400,0.000,0.000,1.0
2008-07-03,10:43:00,0.344,0.130,240.170,1.400,0.000,0.000,1.0
2008-07-03,10:44:00,0.344,0.130,240.110,1.400,0.000,0.000,0.0
2008-07-03,10:45:00,0.340,0.128,239.540,1.400,0.000,0.000,1.0
2008-07-03,10:46:00,0.340,0.128,239.230,1.400,0.000,0.000,1.0
2008-07-03,10:47:00,0.338,0.128,239.430,1.400,0.000,0.000,0.0
2008-07-03,10:48:00,0.338,0.126,238.940,1.400,0.000,0.000,1.0
2008-07-03,10:49:00,0.292,0.128,239.020,1.200,0.000,0.000,0.0
2008-07-03,10:50:00,0.270,0.128,239.050,1.200,0.000,0.000,1.0
2008-07-03,10:51:00,0.234,0.130,239.240,1.000,0.000,0.000,1.0
2008-07-03,10:52:00,0.234,0.130,239.450,1.000,0.000,0.000,0.0
2008-07-03,10:53:00,0.256,0.138,239.560,1.400,0.000,0.000,1.0
2008-07-03,10:54:00,0.236,0.124,240.080,1.000,0.000,0.000,1.0
2008-07-03,10:55:00,0.218,0.102,240.010,1.000,0.000,0.000,0.0
2008-07-03,10:56:00,0.302,0.196,239.760,1.600,0.000,0.000,1.0
2008-07-03,10:57:00,0.306,0.222,239.870,1.600,0.000,2.000,1.0
2008-07-03,10:58:00,0.302,0.222,239.700,1.400,0.000,1.000,0.0
2008-07-03,10:59:00,0.302,0.222,239.840,1.400,0.000,2.000,1.0
2008-07-03,11:00:00,0.300,0.222,239.840,1.400,0.000,1.000,1.0
2008-07-03,11:01:00,0.298,0.220,239.620,1.400,0.000,2.000,0.0
2008-07-03,11:02:00,0.296,0.220,239.180,1.400,0.000,1.000,1.0
2008-07-03,11:03:00,0.296,0.218,239.000,1.400,0.000,2.000,1.0
2008-07-03,11:04:00,0.294,0.218,239.020,1.400,0.000,1.000,0.0
2008-07-03,11:05:00,0.292,0.218,239.150,1.400,0.000,1.000,1.0
2008-07-03,11:06:00,0.280,0.200,238.290,1.400,0.000,2.000,1.0
2008-07-03,11:07:00,0.222,0.114,237.800,1.000,0.000,1.000,0.0
2008-07-03,11:08:00,0.220,0.112,237.190,1.000,0.000,2.000,1.0
2008-07-03,11:09:00,0.220,0.112,237.150,1.000,0.000,1.000,1.0
2008-07-03,11:10:00,0.218,0.114,237.330,1.000,0.000,1.000,0.0
2008-07-03,11:11:00,0.218,0.114,237.700,1.000,0.000,2.000,1.0
2008-07-03,11:12:00,0.216,0.114,237.720,1.000,0.000,1.000,0.0
2008-07-03,11:13:00,0.216,0.114,237.970,1.000,0.000,1.000,1.0
2008-07-03,11:14:00,0.258,0.152,236.810,1.400,0.000,1.000,1.0
2008-07-03,11:15:00,0.324,0.242,237.940,1.600,0.000,2.000,0.0
2008-07-03,11:16:00,0.318,0.242,237.560,1.600,0.000,1.000,1.0
2008-07-03,11:17:00,0.316,0.242,237.880,1.600,0.000,1.000,1.0
2008-07-03,11:18:00,0.314,0.240,237.050,1.600,0.000,1.000,0.0
2008-07-03,11:19:00,0.312,0.238,236.830,1.600,0.000,2.000,1.0
2008-07-03,11:20:00,0.310,0.242,237.940,1.600,0.000,1.000,1.0
2008-07-03,11:21:00,0.308,0.240,237.000,1.600,0.000,1.000,0.0
2008-07-03,11:22:00,0.304,0.236,236.260,1.600,0.000,1.000,1.0
2008-07-03,11:23:00,0.306,0.242,237.540,1.600,0.000,1.000,0.0
2008-07-03,11:24:00,0.304,0.240,237.610,1.600,0.000,2.000,1.0
2008-07-03,11:25:00,0.304,0.238,237.020,1.600,0.000,1.000,1.0
2008-07-03,11:26:00,0.304,0.238,237.020,1.600,0.000,1.000,0.0
2008-07-03,11:27:00,0.302,0.238,236.870,1.600,0.000,1.000,1.0
2008-07-03,11:28:00,0.264,0.174,236.600,1.200,0.000,1.000,1.0
2008-07-03,11:29:00,0.162,0.000,237.060,0.800,0.000,0.000,0.0
2008-07-03,11:30:00,0.138,0.000,237.630,0.600,0.000,0.000,1.0
2008-07-03,11:31:00,0.138,0.000,237.690,0.600,0.000,0.000,1.0
2008-07-03,11:32:00,0.138,0.000,237.010,0.600,0.000,0.000,0.0
2008-07-03,11:33:00,0.136,0.000,237.140,0.600,0.000,0.000,1.0
2008-07-03,11:34:00,0.138,0.000,237.360,0.600,0.000,0.000,1.0
2008-07-03,11:35:00,0.138,0.000,237.780,0.600,0.000,0.000,0.0
2008-07-03,11:36:00,0.198,0.052,237.560,1.000,0.000,0.000,1.0
2008-07-03,11:37:00,0.214,0.096,237.330,1.000,0.000,0.000,0.0
2008-07-03,11:38:00,0.216,0.096,237.730,1.000,0.000,0.000,1.0
2008-07-03,11:39:00,0.214,0.096,237.600,1.000,0.000,0.000,1.0
2008-07-03,11:40:00,0.212,0.096,237.190,1.000,0.000,0.000,0.0
2008-07-03,11:41:00,0.212,0.096,237.230,1.000,0.000,0.000,1.0
2008-07-03,11:42:00,0.210,0.096,237.660,1.000,0.000,0.000,1.0
2008-07-03,11:43:00,0.210,0.096,237.380,1.000,0.000,0.000,0.0
2008-07-03,11:44:00,0.208,0.096,237.490,1.000,0.000,0.000,1.0
2008-07-03,11:45:00,0.208,0.096,237.750,1.000,0.000,0.000,1.0
2008-07-03,11:46:00,0.208,0.096,237.560,1.000,0.000,0.000,0.0
2008-07-03,11:47:00,0.208,0.096,237.550,1.000,0.000,0.000,1.0
2008-07-03,11:48:00,0.206,0.096,237.570,1.000,0.000,0.000,1.0
2008-07-03,11:49:00,0.196,0.052,237.670,1.000,0.000,0.000,0.0
2008-07-03,11:50:00,0.764,0.198,237.220,3.400,0.000,0.000,9.0
2008-07-03,11:51:00,0.886,0.206,236.500,3.800,0.000,0.000,11.0
2008-07-03,11:52:00,0.918,0.208,236.700,4.000,0.000,0.000,12.0
2008-07-03,11:53:00,0.928,0.204,236.300,4.000,0.000,0.000,12.0
2008-07-03,11:54:00,0.876,0.198,236.540,3.800,0.000,0.000,12.0
2008-07-03,11:55:00,0.236,0.122,237.040,1.000,0.000,0.000,1.0
2008-07-03,11:56:00,0.236,0.126,237.780,1.000,0.000,0.000,0.0
2008-07-03,11:57:00,0.236,0.128,238.670,1.000,0.000,0.000,1.0
2008-07-03,11:58:00,0.236,0.126,238.250,1.000,0.000,0.000,1.0
2008-07-03,11:59:00,0.234,0.126,238.090,1.000,0.000,0.000,0.0
2008-07-03,12:00:00,0.234,0.126,238.080,1.000,0.000,0.000,1.0
2008-07-03,12:01:00,0.234,0.126,238.140,1.000,0.000,0.000,1.0
2008-07-03,12:02:00,0.234,0.126,238.350,1.000,0.000,0.000,0.0
2008-07-03,12:03:00,0.232,0.126,238.100,1.000,0.000,0.000,1.0
2008-07-03,12:04:00,0.164,0.000,237.940,0.800,0.000,0.000,1.0
2008-07-03,12:05:00,0.138,0.000,237.910,0.600,0.000,0.000,0.0
2008-07-03,12:06:00,0.138,0.000,238.040,0.600,0.000,0.000,1.0
2008-07-03,12:07:00,0.138,0.000,237.550,0.600,0.000,0.000,1.0
2008-07-03,12:08:00,0.138,0.000,237.610,0.600,0.000,0.000,0.0
2008-07-03,12:09:00,0.138,0.000,237.500,0.600,0.000,0.000,1.0
2008-07-03,12:10:00,0.138,0.000,237.360,0.600,0.000,0.000,0.0
2008-07-03,12:11:00,0.138,0.000,237.650,0.600,0.000,0.000,1.0
2008-07-03,12:12:00,0.138,0.000,237.950,0.600,0.000,0.000,1.0
2008-07-03,12:13:00,0.138,0.000,237.720,0.600,0.000,0.000,0.0
2008-07-03,12:14:00,0.138,0.000,238.560,0.600,0.000,0.000,1.0
2008-07-03,12:15:00,0.138,0.000,238.810,0.600,0.000,0.000,1.0
2008-07-03,12:16:00,0.138,0.000,238.830,0.600,0.000,0.000,0.0
2008-07-03,12:17:00,0.138,0.000,238.500,0.600,0.000,0.000,1.0
2008-07-03,12:18:00,0.138,0.000,238.470,0.600,0.000,0.000,1.0
2008-07-03,12:19:00,0.222,0.086,238.500,1.200,0.000,0.000,0.0
2008-07-03,12:20:00,0.214,0.094,236.770,1.000,0.000,0.000,1.0
2008-07-03,12:21:00,0.214,0.094,236.720,1.000,0.000,0.000,1.0
2008-07-03,12:22:00,0.214,0.094,236.800,1.000,0.000,0.000,0.0
2008-07-03,12:23:00,0.212,0.094,236.840,1.000,0.000,0.000,1.0
2008-07-03,12:24:00,0.270,0.152,237.180,1.400,0.000,0.000,0.0
2008-07-03,12:25:00,0.318,0.222,237.450,1.600,0.000,0.000,1.0
2008-07-03,12:26:00,0.312,0.224,237.980,1.600,0.000,0.000,1.0
2008-07-03,12:27:00,0.308,0.222,237.180,1.600,0.000,0.000,0.0
2008-07-03,12:28:00,0.306,0.222,237.160,1.600,0.000,0.000,1.0
2008-07-03,12:29:00,0.306,0.226,238.170,1.600,0.000,0.000,1.0
2008-07-03,12:30:00,0.322,0.228,238.630,1.600,0.000,0.000,0.0
2008-07-03,12:31:00,0.300,0.224,238.760,1.400,0.000,0.000,1.0
2008-07-03,12:32:00,0.234,0.128,238.930,1.000,0.000,0.000,1.0
2008-07-03,12:33:00,0.234,0.130,239.090,1.000,0.000,0.000,0.0
2008-07-03,12:34:00,0.234,0.130,239.310,1.000,0.000,0.000,1.0
2008-07-03,12:35:00,0.232,0.130,239.210,1.000,0.000,0.000,1.0
2008-07-03,12:36:00,0.232,0.130,239.220,1.000,0.000,0.000,0.0
2008-07-03,12:37:00,0.232,0.130,239.430,1.000,0.000,0.000,1.0
2008-07-03,12:38:00,0.232,0.130,239.020,1.000,0.000,0.000,1.0
2008-07-03,12:39:00,0.178,0.056,239.230,0.800,0.000,0.000,0.0
2008-07-03,12:40:00,0.138,0.000,239.100,0.600,0.000,0.000,1.0
2008-07-03,12:41:00,0.144,0.000,239.650,0.600,0.000,0.000,1.0
2008-07-03,12:42:00,0.154,0.000,239.480,0.600,0.000,0.000,0.0
2008-07-03,12:43:00,0.138,0.000,239.630,0.600,0.000,0.000,1.0
2008-07-03,12:44:00,0.136,0.000,237.970,0.600,0.000,0.000,0.0
2008-07-03,12:45:00,0.136,0.000,237.690,0.600,0.000,0.000,1.0
2008-07-03,12:46:00,0.136,0.000,237.680,0.600,0.000,0.000,1.0
2008-07-03,12:47:00,0.134,0.000,237.850,0.600,0.000,0.000,0.0
2008-07-03,12:48:00,0.136,0.000,237.730,0.600,0.000,0.000,1.0
2008-07-03,12:49:00,0.158,0.000,237.680,0.600,0.000,0.000,1.0
2008-07-03,12:50:00,0.288,0.088,237.360,1.400,0.000,0.000,0.0
2008-07-03,12:51:00,0.282,0.098,237.280,1.200,0.000,2.000,1.0
2008-07-03,12:52:00,0.280,0.098,237.540,1.200,0.000,1.000,1.0
2008-07-03,12:53:00,0.314,0.122,237.680,1.600,0.000,1.000,0.0
2008-07-03,12:54:00,0.358,0.200,237.980,1.800,0.000,2.000,1.0
2008-07-03,12:55:00,0.358,0.204,239.100,1.800,0.000,1.000,1.0
2008-07-03,12:56:00,0.358,0.202,238.730,1.800,0.000,2.000,0.0
2008-07-03,12:57:00,0.356,0.200,237.940,1.600,0.000,1.000,1.0
2008-07-03,12:58:00,0.354,0.200,238.290,1.600,0.000,2.000,0.0
2008-07-03,12:59:00,0.382,0.216,238.990,1.800,0.000,1.000,1.0
2008-07-03,13:00:00,0.464,0.332,238.850,2.400,0.000,1.000,1.0
2008-07-03,13:01:00,0.456,0.334,239.000,2.400,0.000,2.000,0.0
2008-07-03,13:02:00,0.452,0.334,238.980,2.400,0.000,1.000,1.0
2008-07-03,13:03:00,0.448,0.340,240.090,2.400,0.000,2.000,1.0
2008-07-03,13:04:00,0.444,0.336,239.430,2.200,0.000,1.000,0.0
2008-07-03,13:05:00,0.442,0.340,239.960,2.200,0.000,1.000,1.0
2008-07-03,13:06:00,0.430,0.344,240.070,2.200,0.000,1.000,1.0
2008-07-03,13:07:00,0.426,0.344,240.270,2.200,0.000,2.000,0.0
2008-07-03,13:08:00,0.838,0.420,240.130,4.000,0.000,1.000,8.0
2008-07-03,13:09:00,1.052,0.436,238.660,4.800,0.000,1.000,11.0
2008-07-03,13:10:00,1.086,0.442,239.310,4.800,0.000,2.000,12.0
2008-07-03,13:11:00,1.178,0.444,239.600,5.400,0.000,1.000,12.0
2008-07-03,13:12:00,1.982,0.442,238.730,8.800,0.000,1.000,13.0
2008-07-03,13:13:00,1.036,0.382,239.450,5.200,0.000,1.000,2.0
2008-07-03,13:14:00,0.504,0.338,239.570,2.800,0.000,1.000,1.0
2008-07-03,13:15:00,0.334,0.210,239.790,1.800,0.000,2.000,1.0
2008-07-03,13:16:00,0.322,0.210,239.940,1.600,0.000,1.000,0.0
2008-07-03,13:17:00,0.532,0.208,239.810,3.000,0.000,1.000,3.0
2008-07-03,13:18:00,1.428,0.196,238.670,6.000,0.000,1.000,19.0
2008-07-03,13:19:00,1.396,0.198,239.310,5.800,0.000,2.000,19.0
2008-07-03,13:20:00,1.416,0.198,239.180,6.000,0.000,1.000,18.0
2008-07-03,13:21:00,1.386,0.198,239.340,5.800,0.000,1.000,19.0
2008-07-03,13:22:00,1.384,0.198,239.560,5.800,0.000,1.000,18.0
2008-07-03,13:23:00,1.326,0.084,239.760,5.600,0.000,0.000,19.0
2008-07-03,13:24:00,1.298,0.080,239.700,5.400,0.000,0.000,18.0
2008-07-03,13:25:00,1.308,0.080,240.090,5.400,0.000,0.000,18.0
2008-07-03,13:26:00,1.300,0.080,240.170,5.400,0.000,0.000,19.0
2008-07-03,13:27:00,1.358,0.080,240.050,5.800,0.000,0.000,18.0
2008-07-03,13:28:00,1.316,0.078,239.380,5.400,0.000,0.000,18.0
2008-07-03,13:29:00,1.312,0.078,239.060,5.400,0.000,0.000,18.0
2008-07-03,13:30:00,1.290,0.078,239.280,5.400,0.000,0.000,18.0
2008-07-03,13:31:00,1.288,0.078,239.140,5.400,0.000,0.000,19.0
2008-07-03,13:32:00,1.288,0.078,239.360,5.400,0.000,0.000,18.0
2008-07-03,13:33:00,1.286,0.078,239.140,5.400,0.000,0.000,18.0
2008-07-03,13:34:00,1.306,0.090,239.110,5.400,0.000,0.000,18.0
2008-07-03,13:35:00,1.394,0.208,238.890,5.800,0.000,0.000,18.0
2008-07-03,13:36:00,1.380,0.204,238.030,5.800,0.000,0.000,18.0
2008-07-03,13:37:00,1.386,0.124,237.960,5.800,0.000,0.000,18.0
2008-07-03,13:38:00,1.506,0.102,238.160,6.200,0.000,0.000,18.0
2008-07-03,13:39:00,1.502,0.100,238.050,6.200,0.000,0.000,18.0
2008-07-03,13:40:00,1.504,0.102,238.270,6.200,0.000,0.000,18.0
2008-07-03,13:41:00,1.374,0.106,238.730,5.800,0.000,0.000,18.0
2008-07-03,13:42:00,1.320,0.108,239.440,5.400,0.000,0.000,18.0
2008-07-03,13:43:00,1.322,0.110,239.860,5.400,0.000,0.000,19.0
2008-07-03,13:44:00,1.322,0.110,239.910,5.400,0.000,0.000,18.0
2008-07-03,13:45:00,1.324,0.110,240.040,5.400,0.000,0.000,18.0
2008-07-03,13:46:00,1.322,0.110,239.940,5.400,0.000,0.000,18.0
2008-07-03,13:47:00,1.320,0.110,239.770,5.400,0.000,0.000,19.0
2008-07-03,13:48:00,1.324,0.110,240.110,5.400,0.000,0.000,18.0
2008-07-03,13:49:00,1.322,0.110,239.950,5.400,0.000,0.000,18.0
2008-07-03,13:50:00,1.248,0.000,239.200,5.200,0.000,0.000,18.0
2008-07-03,13:51:00,1.224,0.000,239.520,5.000,0.000,0.000,19.0
2008-07-03,13:52:00,0.732,0.000,240.660,3.600,0.000,0.000,11.0
2008-07-03,13:53:00,0.168,0.000,241.270,0.800,0.000,0.000,0.0
2008-07-03,13:54:00,0.168,0.000,240.570,0.800,0.000,0.000,1.0
2008-07-03,13:55:00,0.168,0.000,240.400,0.800,0.000,0.000,1.0
2008-07-03,13:56:00,0.166,0.000,240.030,0.800,0.000,0.000,0.0
2008-07-03,13:57:00,0.166,0.000,240.180,0.800,0.000,0.000,1.0
2008-07-03,13:58:00,0.166,0.000,240.250,0.800,0.000,0.000,1.0
2008-07-03,13:59:00,0.166,0.000,239.770,0.800,0.000,0.000,0.0
2008-07-03,14:00:00,0.166,0.000,239.600,0.800,0.000,0.000,1.0
2008-07-03,14:01:00,0.166,0.000,239.690,0.800,0.000,0.000,1.0
2008-07-03,14:02:00,0.166,0.000,239.530,0.800,0.000,0.000,0.0
2008-07-03,14:03:00,0.166,0.000,239.230,0.800,0.000,0.000,1.0
2008-07-03,14:04:00,0.166,0.000,239.390,0.800,0.000,0.000,0.0
2008-07-03,14:05:00,0.166,0.000,239.580,0.800,0.000,0.000,1.0
2008-07-03,14:06:00,0.166,0.000,239.470,0.800,0.000,0.000,1.0
2008-07-03,14:07:00,0.166,0.000,239.780,0.800,0.000,0.000,0.0
2008-07-03,14:08:00,0.214,0.000,239.820,1.200,0.000,0.000,1.0
2008-07-03,14:09:00,0.244,0.092,239.840,1.000,0.000,0.000,1.0
2008-07-03,14:10:00,0.332,0.182,240.000,1.600,0.000,0.000,0.0
2008-07-03,14:11:00,0.354,0.224,240.110,1.800,0.000,0.000,1.0
2008-07-03,14:12:00,0.348,0.222,239.830,1.600,0.000,0.000,1.0
2008-07-03,14:13:00,0.344,0.222,239.870,1.600,0.000,0.000,0.0
2008-07-03,14:14:00,0.340,0.222,239.990,1.600,0.000,0.000,1.0
2008-07-03,14:15:00,0.338,0.224,240.170,1.600,0.000,0.000,1.0
2008-07-03,14:16:00,0.336,0.222,240.090,1.600,0.000,0.000,0.0
2008-07-03,14:17:00,0.334,0.222,240.060,1.600,0.000,0.000,1.0
2008-07-03,14:18:00,0.334,0.226,241.060,1.600,0.000,0.000,1.0
2008-07-03,14:19:00,0.332,0.226,240.870,1.600,0.000,0.000,0.0
2008-07-03,14:20:00,0.332,0.224,240.350,1.600,0.000,0.000,1.0
2008-07-03,14:21:00,0.332,0.226,240.930,1.600,0.000,0.000,1.0
2008-07-03,14:22:00,0.330,0.226,240.580,1.600,0.000,0.000,0.0
2008-07-03,14:23:00,0.310,0.196,240.640,1.600,0.000,0.000,1.0
2008-07-03,14:24:00,0.278,0.126,240.090,1.400,0.000,0.000,1.0
2008-07-03,14:25:00,0.864,0.172,239.810,3.600,0.000,0.000,11.0
2008-07-03,14:26:00,0.828,0.094,239.770,3.400,0.000,0.000,11.0
2008-07-03,14:27:00,0.860,0.090,239.570,3.600,0.000,0.000,12.0
2008-07-03,14:28:00,0.870,0.090,239.540,3.600,0.000,0.000,13.0
2008-07-03,14:29:00,0.710,0.068,239.880,3.200,0.000,0.000,10.0
2008-07-03,14:30:00,0.168,0.000,240.200,0.800,0.000,0.000,1.0
2008-07-03,14:31:00,0.168,0.000,240.300,0.800,0.000,0.000,0.0
2008-07-03,14:32:00,0.168,0.000,240.520,0.800,0.000,0.000,1.0
2008-07-03,14:33:00,0.168,0.000,240.560,0.800,0.000,0.000,1.0
2008-07-03,14:34:00,0.168,0.000,240.590,0.800,0.000,0.000,0.0
2008-07-03,14:35:00,0.168,0.000,240.390,0.800,0.000,0.000,1.0
2008-07-03,14:36:00,0.168,0.000,240.200,0.800,0.000,0.000,1.0
2008-07-03,14:37:00,0.168,0.000,240.810,0.800,0.000,0.000,0.0
2008-07-03,14:38:00,0.168,0.000,240.990,0.800,0.000,0.000,1.0
2008-07-03,14:39:00,0.168,0.000,241.130,0.800,0.000,0.000,1.0
2008-07-03,14:40:00,0.168,0.000,240.910,0.800,0.000,0.000,0.0
2008-07-03,14:41:00,0.168,0.000,241.130,0.800,0.000,0.000,1.0
2008-07-03,14:42:00,0.162,0.000,241.110,0.600,0.000,0.000,1.0
2008-07-03,14:43:00,0.162,0.000,241.190,0.600,0.000,0.000,0.0
2008-07-03,14:44:00,0.230,0.064,241.110,1.200,0.000,0.000,1.0
2008-07-03,14:45:00,0.314,0.178,240.670,1.600,0.000,2.000,1.0
2008-07-03,14:46:00,0.358,0.246,240.780,1.800,0.000,1.000,0.0
2008-07-03,14:47:00,0.356,0.246,240.670,1.800,0.000,1.000,1.0
2008-07-03,14:48:00,0.352,0.244,240.380,1.800,0.000,2.000,1.0
2008-07-03,14:49:00,0.350,0.246,240.650,1.800,0.000,1.000,0.0
2008-07-03,14:50:00,0.366,0.252,240.730,1.800,0.000,2.000,1.0
2008-07-03,14:51:00,0.424,0.344,239.880,2.200,0.000,1.000,1.0
2008-07-03,14:52:00,0.420,0.344,239.900,2.200,0.000,2.000,0.0
2008-07-03,14:53:00,0.420,0.346,240.260,2.200,0.000,1.000,1.0
2008-07-03,14:54:00,0.416,0.346,240.100,2.200,0.000,1.000,1.0
2008-07-03,14:55:00,0.414,0.350,240.780,2.200,0.000,2.000,0.0
2008-07-03,14:56:00,0.410,0.348,240.430,2.200,0.000,1.000,1.0
2008-07-03,14:57:00,0.408,0.350,240.850,2.200,0.000,2.000,1.0
2008-07-03,14:58:00,0.406,0.350,240.710,2.200,0.000,1.000,0.0
2008-07-03,14:59:00,0.404,0.350,240.950,2.200,0.000,1.000,1.0
2008-07-03,15:00:00,0.386,0.332,242.750,2.000,0.000,2.000,0.0
2008-07-03,15:01:00,0.310,0.224,242.720,1.600,0.000,1.000,1.0
2008-07-03,15:02:00,0.310,0.224,242.700,1.600,0.000,1.000,1.0
2008-07-03,15:03:00,0.306,0.220,241.870,1.600,0.000,1.000,1.0
2008-07-03,15:04:00,0.304,0.220,241.860,1.600,0.000,2.000,0.0
2008-07-03,15:05:00,0.252,0.142,242.010,1.200,0.000,1.000,1.0
2008-07-03,15:06:00,0.234,0.116,241.370,1.000,0.000,1.000,0.0
2008-07-03,15:07:00,0.232,0.114,240.870,1.000,0.000,1.000,1.0
2008-07-03,15:08:00,0.232,0.116,241.340,1.000,0.000,2.000,1.0
2008-07-03,15:09:00,0.230,0.116,241.110,1.000,0.000,1.000,0.0
2008-07-03,15:10:00,0.228,0.112,240.240,1.000,0.000,1.000,1.0
2008-07-03,15:11:00,0.226,0.112,240.080,1.000,0.000,1.000,1.0
2008-07-03,15:12:00,0.226,0.110,239.630,1.000,0.000,1.000,0.0
2008-07-03,15:13:00,0.226,0.112,239.900,1.000,0.000,2.000,1.0
2008-07-03,15:14:00,0.226,0.114,240.610,1.000,0.000,1.000,1.0
2008-07-03,15:15:00,0.226,0.116,241.210,1.000,0.000,1.000,0.0
2008-07-03,15:16:00,0.184,0.048,241.370,0.800,0.000,1.000,1.0
2008-07-03,15:17:00,0.150,0.000,240.960,0.600,0.000,0.000,1.0
2008-07-03,15:18:00,0.150,0.000,240.680,0.600,0.000,0.000,0.0
2008-07-03,15:19:00,0.150,0.000,240.260,0.600,0.000,0.000,1.0
2008-07-03,15:20:00,0.196,0.000,240.140,1.000,0.000,0.000,1.0
2008-07-03,15:21:00,0.258,0.122,239.870,1.200,0.000,0.000,0.0
2008-07-03,15:22:00,0.254,0.122,239.710,1.200,0.000,0.000,1.0
2008-07-03,15:23:00,0.252,0.122,239.730,1.200,0.000,0.000,1.0
2008-07-03,15:24:00,0.250,0.124,240.050,1.200,0.000,0.000,0.0
2008-07-03,15:25:00,0.246,0.120,239.150,1.200,0.000,0.000,1.0
2008-07-03,15:26:00,0.244,0.120,239.100,1.000,0.000,0.000,1.0
2008-07-03,15:27:00,0.244,0.122,239.410,1.000,0.000,0.000,0.0
2008-07-03,15:28:00,0.242,0.122,239.660,1.000,0.000,0.000,1.0
2008-07-03,15:29:00,0.242,0.124,239.910,1.000,0.000,0.000,1.0
2008-07-03,15:30:00,0.242,0.124,240.350,1.000,0.000,0.000,0.0
2008-07-03,15:31:00,0.240,0.124,240.040,1.000,0.000,0.000,1.0
2008-07-03,15:32:00,0.278,0.152,239.880,1.400,0.000,0.000,1.0
2008-07-03,15:33:00,0.318,0.226,240.330,1.600,0.000,0.000,0.0
2008-07-03,15:34:00,0.316,0.226,240.280,1.600,0.000,0.000,1.0
2008-07-03,15:35:00,0.314,0.222,239.890,1.600,0.000,0.000,1.0
2008-07-03,15:36:00,0.220,0.094,239.690,1.000,0.000,0.000,0.0
2008-07-03,15:37:00,0.218,0.094,239.790,1.000,0.000,0.000,1.0
2008-07-03,15:38:00,0.216,0.094,240.000,1.000,0.000,0.000,0.0
2008-07-03,15:39:00,0.216,0.096,240.400,1.000,0.000,0.000,1.0
2008-07-03,15:40:00,0.214,0.094,240.260,1.000,0.000,0.000,1.0
2008-07-03,15:41:00,0.214,0.096,240.440,1.000,0.000,0.000,0.0
2008-07-03,15:42:00,0.564,0.156,240.200,2.800,0.000,0.000,6.0
2008-07-03,15:43:00,0.860,0.202,240.380,3.600,0.000,0.000,12.0
2008-07-03,15:44:00,0.892,0.200,240.320,3.800,0.000,0.000,12.0
2008-07-03,15:45:00,0.912,0.200,240.270,3.800,0.000,0.000,12.0
2008-07-03,15:46:00,0.866,0.120,239.510,3.600,0.000,0.000,13.0
2008-07-03,15:47:00,0.206,0.000,240.450,1.200,0.000,0.000,2.0
2008-07-03,15:48:00,0.142,0.000,240.630,0.600,0.000,0.000,1.0
2008-07-03,15:49:00,0.142,0.000,240.460,0.600,0.000,0.000,0.0
2008-07-03,15:50:00,0.142,0.000,240.490,0.600,0.000,0.000,1.0
2008-07-03,15:51:00,0.142,0.000,240.400,0.600,0.000,0.000,1.0
2008-07-03,15:52:00,0.142,0.000,240.620,0.600,0.000,0.000,0.0
2008-07-03,15:53:00,0.140,0.000,240.110,0.600,0.000,0.000,1.0
2008-07-03,15:54:00,0.140,0.000,239.730,0.600,0.000,0.000,1.0
2008-07-03,15:55:00,0.138,0.000,239.940,0.600,0.000,0.000,0.0
2008-07-03,15:56:00,0.260,0.116,239.650,1.200,0.000,0.000,1.0
2008-07-03,15:57:00,0.250,0.120,239.250,1.200,0.000,0.000,1.0
2008-07-03,15:58:00,0.290,0.118,238.810,1.400,0.000,0.000,0.0
2008-07-03,15:59:00,0.238,0.120,238.960,1.000,0.000,0.000,1.0
2008-07-03,16:00:00,0.418,0.118,239.210,2.600,0.000,0.000,0.0
2008-07-03,16:01:00,0.880,0.126,238.620,4.600,0.000,0.000,1.0
2008-07-03,16:02:00,0.886,0.156,238.380,4.600,0.000,0.000,1.0
2008-07-03,16:03:00,0.790,0.138,238.570,4.200,0.000,0.000,0.0
2008-07-03,16:04:00,0.294,0.120,239.070,1.800,0.000,0.000,1.0
2008-07-03,16:05:00,0.256,0.120,239.190,1.400,0.000,0.000,1.0
2008-07-03,16:06:00,0.256,0.120,239.170,1.400,0.000,0.000,0.0
2008-07-03,16:07:00,0.256,0.120,239.060,1.400,0.000,0.000,1.0
2008-07-03,16:08:00,0.328,0.208,239.630,1.800,0.000,0.000,1.0
2008-07-03,16:09:00,0.324,0.226,240.360,1.600,0.000,0.000,0.0
2008-07-03,16:10:00,0.336,0.228,240.790,1.800,0.000,0.000,1.0
2008-07-03,16:11:00,0.282,0.168,239.870,1.400,0.000,0.000,1.0
2008-07-03,16:12:00,0.238,0.092,239.720,1.200,0.000,0.000,0.0
2008-07-03,16:13:00,0.224,0.092,239.850,1.000,0.000,0.000,1.0
2008-07-03,16:14:00,0.224,0.094,240.210,1.000,0.000,0.000,1.0
2008-07-03,16:15:00,0.234,0.094,240.370,1.200,0.000,0.000,0.0
2008-07-03,16:16:00,0.222,0.094,240.150,1.000,0.000,0.000,1.0
2008-07-03,16:17:00,0.220,0.092,239.500,1.000,0.000,0.000,1.0
2008-07-03,16:18:00,0.230,0.092,239.760,1.200,0.000,0.000,0.0
2008-07-03,16:19:00,0.220,0.092,239.890,1.000,0.000,0.000,1.0
2008-07-03,16:20:00,0.232,0.094,239.960,1.200,0.000,0.000,1.0
2008-07-03,16:21:00,0.226,0.094,240.040,1.200,0.000,0.000,0.0
2008-07-03,16:22:00,0.224,0.094,240.020,1.200,0.000,0.000,1.0
2008-07-03,16:23:00,0.224,0.092,239.770,1.200,0.000,0.000,1.0
2008-07-03,16:24:00,0.220,0.092,239.760,1.000,0.000,0.000,0.0
2008-07-03,16:25:00,0.224,0.092,239.540,1.200,0.000,0.000,1.0
2008-07-03,16:26:00,0.220,0.092,239.930,1.000,0.000,0.000,0.0
2008-07-03,16:27:00,0.220,0.094,240.390,1.000,0.000,0.000,1.0
2008-07-03,16:28:00,0.230,0.094,240.340,1.200,0.000,0.000,1.0
2008-07-03,16:29:00,0.198,0.062,240.190,1.000,0.000,0.000,0.0
2008-07-03,16:30:00,0.152,0.000,239.810,0.800,0.000,0.000,1.0
2008-07-03,16:31:00,0.230,0.070,239.960,1.200,0.000,0.000,1.0
2008-07-03,16:32:00,0.260,0.120,239.780,1.200,0.000,0.000,0.0
2008-07-03,16:33:00,0.268,0.120,239.760,1.400,0.000,0.000,1.0
2008-07-03,16:34:00,0.256,0.122,239.730,1.200,0.000,0.000,1.0
2008-07-03,16:35:00,0.254,0.122,239.800,1.200,0.000,0.000,0.0
2008-07-03,16:36:00,0.262,0.124,240.390,1.400,0.000,0.000,1.0
2008-07-03,16:37:00,0.250,0.122,240.240,1.200,0.000,0.000,1.0
2008-07-03,16:38:00,0.340,0.224,239.650,1.800,0.000,0.000,0.0
2008-07-03,16:39:00,0.334,0.242,239.660,1.800,0.000,1.000,1.0
2008-07-03,16:40:00,0.346,0.242,239.760,1.800,0.000,2.000,1.0
2008-07-03,16:41:00,0.334,0.242,239.500,1.800,0.000,1.000,0.0
2008-07-03,16:42:00,0.338,0.242,239.700,1.800,0.000,2.000,1.0
2008-07-03,16:43:00,0.458,0.252,239.750,2.200,0.000,1.000,1.0
2008-07-03,16:44:00,0.438,0.240,239.880,2.000,0.000,2.000,0.0
2008-07-03,16:45:00,0.436,0.240,239.630,2.000,0.000,1.000,1.0
2008-07-03,16:46:00,0.488,0.244,239.450,2.400,0.000,1.000,1.0
2008-07-03,16:47:00,0.354,0.126,239.930,1.600,0.000,2.000,0.0
2008-07-03,16:48:00,0.340,0.108,239.910,1.600,0.000,1.000,1.0
2008-07-03,16:49:00,0.340,0.106,239.610,1.600,0.000,2.000,1.0
2008-07-03,16:50:00,0.360,0.106,239.610,1.800,0.000,1.000,0.0
2008-07-03,16:51:00,0.324,0.106,239.290,1.400,0.000,1.000,1.0
2008-07-03,16:52:00,0.352,0.108,239.330,1.600,0.000,2.000,1.0
2008-07-03,16:53:00,0.310,0.110,239.480,1.600,0.000,1.000,0.0
2008-07-03,16:54:00,0.240,0.110,239.920,1.200,0.000,1.000,1.0
2008-07-03,16:55:00,0.218,0.112,240.040,1.000,0.000,2.000,0.0
2008-07-03,16:56:00,0.324,0.204,239.790,1.800,0.000,1.000,1.0
2008-07-03,16:57:00,0.314,0.212,239.670,1.600,0.000,1.000,1.0
2008-07-03,16:58:00,0.292,0.212,239.780,1.400,0.000,1.000,0.0
2008-07-03,16:59:00,0.642,0.268,239.520,3.200,0.000,2.000,6.0
2008-07-03,17:00:00,0.966,0.312,239.270,4.200,0.000,1.000,12.0
2008-07-03,17:01:00,0.962,0.310,239.270,4.200,0.000,1.000,12.0
2008-07-03,17:02:00,0.992,0.308,239.020,4.400,0.000,1.000,12.0
2008-07-03,17:03:00,1.008,0.304,238.640,4.400,0.000,1.000,12.0
2008-07-03,17:04:00,0.410,0.226,239.260,2.200,0.000,2.000,3.0
2008-07-03,17:05:00,0.292,0.212,239.800,1.600,0.000,1.000,1.0
2008-07-03,17:06:00,0.338,0.244,240.460,1.800,0.000,1.000,1.0
2008-07-03,17:07:00,0.400,0.344,239.980,2.200,0.000,1.000,0.0
2008-07-03,17:08:00,0.408,0.342,239.580,2.200,0.000,2.000,1.0
2008-07-03,17:09:00,0.382,0.342,239.550,2.000,0.000,1.000,1.0
2008-07-03,17:10:00,0.414,0.344,239.690,2.400,0.000,1.000,0.0
2008-07-03,17:11:00,0.378,0.344,239.680,2.000,0.000,1.000,1.0
2008-07-03,17:12:00,0.310,0.216,238.880,1.600,0.000,0.000,1.0
2008-07-03,17:13:00,0.258,0.120,239.190,1.400,0.000,0.000,0.0
2008-07-03,17:14:00,0.244,0.120,239.110,1.200,0.000,0.000,1.0
2008-07-03,17:15:00,0.246,0.122,239.310,1.200,0.000,0.000,1.0
2008-07-03,17:16:00,0.256,0.122,239.440,1.400,0.000,0.000,0.0
2008-07-03,17:17:00,0.242,0.120,238.740,1.200,0.000,0.000,1.0
2008-07-03,17:18:00,0.252,0.120,238.950,1.200,0.000,0.000,1.0
2008-07-03,17:19:00,0.244,0.120,238.870,1.200,0.000,0.000,0.0
2008-07-03,17:20:00,0.244,0.120,238.770,1.200,0.000,0.000,1.0
2008-07-03,17:21:00,0.252,0.120,238.860,1.200,0.000,0.000,1.0
2008-07-03,17:22:00,0.206,0.056,238.680,1.200,0.000,0.000,0.0
2008-07-03,17:23:00,0.138,0.000,238.980,0.600,0.000,0.000,1.0
2008-07-03,17:24:00,0.170,0.000,238.990,1.000,0.000,0.000,1.0
2008-07-03,17:25:00,0.138,0.000,238.840,0.600,0.000,0.000,0.0
2008-07-03,17:26:00,0.158,0.000,239.220,1.000,0.000,0.000,1.0
2008-07-03,17:27:00,0.158,0.000,239.320,1.000,0.000,0.000,0.0
2008-07-03,17:28:00,0.138,0.000,239.860,0.600,0.000,0.000,1.0
2008-07-03,17:29:00,0.158,0.000,240.130,1.000,0.000,0.000,1.0
2008-07-03,17:30:00,0.150,0.000,240.610,0.800,0.000,0.000,0.0
2008-07-03,17:31:00,0.158,0.000,240.150,0.800,0.000,0.000,1.0
2008-07-03,17:32:00,0.156,0.000,240.290,0.800,0.000,0.000,1.0
2008-07-03,17:33:00,0.160,0.000,240.320,0.800,0.000,0.000,0.0
2008-07-03,17:34:00,0.334,0.000,240.190,1.400,0.000,0.000,1.0
2008-07-03,17:35:00,0.210,0.000,240.480,1.000,0.000,0.000,1.0
2008-07-03,17:36:00,0.230,0.000,240.780,1.000,0.000,0.000,0.0
2008-07-03,17:37:00,0.156,0.000,241.640,0.800,0.000,0.000,1.0
2008-07-03,17:38:00,0.176,0.000,241.120,1.000,0.000,0.000,1.0
2008-07-03,17:39:00,0.234,0.094,240.790,1.200,0.000,0.000,0.0
2008-07-03,17:40:00,0.232,0.094,240.850,1.200,0.000,0.000,1.0
2008-07-03,17:41:00,0.232,0.096,241.000,1.200,0.000,0.000,1.0
2008-07-03,17:42:00,0.320,0.188,240.590,1.600,0.000,0.000,0.0
2008-07-03,17:43:00,0.338,0.230,241.650,1.800,0.000,0.000,1.0
2008-07-03,17:44:00,0.332,0.232,242.070,1.600,0.000,0.000,1.0
2008-07-03,17:45:00,0.328,0.232,241.860,1.600,0.000,0.000,0.0
2008-07-03,17:46:00,0.326,0.232,241.990,1.600,0.000,0.000,1.0
2008-07-03,17:47:00,0.336,0.232,242.000,1.800,0.000,0.000,1.0
2008-07-03,17:48:00,0.322,0.234,242.380,1.600,0.000,0.000,0.0
2008-07-03,17:49:00,0.320,0.234,242.400,1.600,0.000,0.000,1.0
2008-07-03,17:50:00,0.320,0.234,242.380,1.600,0.000,0.000,1.0
2008-07-03,17:51:00,0.330,0.234,242.470,1.800,0.000,0.000,0.0
2008-07-03,17:52:00,0.318,0.236,242.910,1.600,0.000,0.000,1.0
2008-07-03,17:53:00,0.318,0.234,242.280,1.600,0.000,0.000,1.0
2008-07-03,17:54:00,0.316,0.230,241.480,1.600,0.000,0.000,0.0
2008-07-03,17:55:00,0.326,0.230,241.590,1.800,0.000,0.000,1.0
2008-07-03,17:56:00,0.284,0.184,241.030,1.400,0.000,0.000,1.0
2008-07-03,17:57:00,0.246,0.126,241.010,1.200,0.000,0.000,0.0
2008-07-03,17:58:00,0.164,0.000,241.320,0.800,0.000,0.000,1.0
2008-07-03,17:59:00,0.162,0.000,241.130,1.000,0.000,0.000,1.0
2008-07-03,18:00:00,0.152,0.000,241.420,0.800,0.000,0.000,0.0
2008-07-03,18:01:00,0.150,0.000,240.920,0.800,0.000,0.000,1.0
2008-07-03,18:02:00,0.178,0.000,241.320,1.000,0.000,0.000,1.0
2008-07-03,18:03:00,0.152,0.000,241.410,0.800,0.000,0.000,0.0
2008-07-03,18:04:00,0.150,0.000,241.140,0.800,0.000,0.000,1.0
2008-07-03,18:05:00,0.150,0.000,240.840,0.800,0.000,0.000,1.0
2008-07-03,18:06:00,0.150,0.000,240.830,0.800,0.000,0.000,0.0
2008-07-03,18:07:00,0.162,0.000,240.740,1.000,0.000,0.000,1.0
2008-07-03,18:08:00,0.150,0.000,240.670,0.800,0.000,0.000,1.0
2008-07-03,18:09:00,0.150,0.000,240.670,0.800,0.000,0.000,0.0
2008-07-03,18:10:00,0.162,0.000,240.800,1.000,0.000,0.000,1.0
2008-07-03,18:11:00,0.150,0.000,240.010,0.800,0.000,0.000,1.0
2008-07-03,18:12:00,0.150,0.000,240.220,0.800,0.000,0.000,0.0
2008-07-03,18:13:00,0.162,0.000,240.250,1.000,0.000,0.000,1.0
2008-07-03,18:14:00,0.138,0.000,240.180,0.600,0.000,0.000,1.0
2008-07-03,18:15:00,0.162,0.000,240.700,1.000,0.000,0.000,0.0
2008-07-03,18:16:00,0.800,0.096,239.610,3.400,0.000,0.000,11.0
2008-07-03,18:17:00,0.856,0.152,240.430,3.600,0.000,0.000,12.0
2008-07-03,18:18:00,0.954,0.228,239.950,4.000,0.000,0.000,12.0
2008-07-03,18:19:00,0.970,0.232,240.450,4.200,0.000,0.000,12.0
2008-07-03,18:20:00,0.840,0.212,240.580,3.800,0.000,0.000,11.0
2008-07-03,18:21:00,0.260,0.124,240.410,1.200,0.000,0.000,1.0
2008-07-03,18:22:00,0.240,0.124,240.020,1.000,0.000,0.000,0.0
2008-07-03,18:23:00,0.326,0.194,240.040,1.800,0.000,0.000,1.0
2008-07-03,18:24:00,0.326,0.226,240.140,1.600,0.000,0.000,1.0
2008-07-03,18:25:00,0.330,0.226,240.190,1.800,0.000,0.000,0.0
2008-07-03,18:26:00,0.324,0.224,240.120,1.600,0.000,0.000,1.0
2008-07-03,18:27:00,0.326,0.224,240.120,1.600,0.000,0.000,1.0
2008-07-03,18:28:00,0.334,0.224,240.090,1.800,0.000,0.000,0.0
2008-07-03,18:29:00,0.318,0.226,240.220,1.600,0.000,0.000,1.0
2008-07-03,18:30:00,0.308,0.224,240.120,1.600,0.000,0.000,1.0
2008-07-03,18:31:00,0.328,0.224,239.800,1.800,0.000,0.000,0.0
2008-07-03,18:32:00,0.312,0.222,239.310,1.600,0.000,0.000,1.0
2008-07-03,18:33:00,0.270,0.158,239.540,1.400,0.000,0.000,1.0
2008-07-03,18:34:00,0.294,0.174,239.440,1.600,0.000,0.000,0.0
2008-07-03,18:35:00,0.306,0.210,238.960,1.600,0.000,2.000,1.0
2008-07-03,18:36:00,0.304,0.210,238.780,1.600,0.000,1.000,1.0
2008-07-03,18:37:00,0.316,0.212,239.150,1.600,0.000,2.000,0.0
2008-07-03,18:38:00,0.306,0.212,239.360,1.600,0.000,1.000,1.0
2008-07-03,18:39:00,0.304,0.212,239.260,1.600,0.000,2.000,1.0
2008-07-03,18:40:00,0.254,0.138,240.380,1.200,0.000,1.000,0.0
2008-07-03,18:41:00,0.262,0.112,240.170,1.400,0.000,1.000,1.0
2008-07-03,18:42:00,0.226,0.114,240.740,1.000,0.000,2.000,1.0
2008-07-03,18:43:00,0.238,0.114,240.580,1.200,0.000,1.000,0.0
2008-07-03,18:44:00,0.236,0.112,240.420,1.200,0.000,2.000,1.0
2008-07-03,18:45:00,0.258,0.112,239.960,1.400,0.000,1.000,1.0
2008-07-03,18:46:00,0.222,0.112,240.130,1.000,0.000,1.000,0.0
2008-07-03,18:47:00,0.232,0.112,240.220,1.200,0.000,2.000,1.0
2008-07-03,18:48:00,0.232,0.112,240.130,1.200,0.000,1.000,0.0
2008-07-03,18:49:00,0.252,0.112,240.220,1.400,0.000,1.000,1.0
2008-07-03,18:50:00,0.218,0.110,239.850,1.000,0.000,2.000,1.0
2008-07-03,18:51:00,0.228,0.110,239.910,1.200,0.000,1.000,0.0
2008-07-03,18:52:00,0.228,0.112,240.190,1.200,0.000,1.000,1.0
2008-07-03,18:53:00,0.360,0.230,239.970,2.000,0.000,2.000,1.0
2008-07-03,18:54:00,0.322,0.242,240.080,1.600,0.000,1.000,0.0
2008-07-03,18:55:00,0.342,0.244,240.460,1.800,0.000,1.000,1.0
2008-07-03,18:56:00,0.316,0.244,240.000,1.600,0.000,1.000,1.0
2008-07-03,18:57:00,0.344,0.242,239.910,1.800,0.000,2.000,0.0
2008-07-03,18:58:00,0.312,0.242,239.690,1.600,0.000,1.000,1.0
2008-07-03,18:59:00,0.326,0.240,239.220,1.800,0.000,1.000,1.0
2008-07-03,19:00:00,0.318,0.238,238.820,1.600,0.000,1.000,0.0
2008-07-03,19:01:00,0.322,0.238,239.080,1.800,0.000,1.000,1.0
2008-07-03,19:02:00,0.316,0.238,238.680,1.600,0.000,2.000,1.0
2008-07-03,19:03:00,0.330,0.240,239.310,1.800,0.000,1.000,0.0
2008-07-03,19:04:00,0.320,0.244,240.190,1.600,0.000,1.000,1.0
2008-07-03,19:05:00,0.382,0.300,240.430,2.000,0.000,1.000,1.0
2008-07-03,19:06:00,0.470,0.350,238.960,2.400,0.000,1.000,0.0
2008-07-03,19:07:00,0.416,0.174,238.730,2.000,0.000,0.000,1.0
2008-07-03,19:08:00,0.530,0.202,239.010,2.400,0.000,0.000,1.0
2008-07-03,19:09:00,0.342,0.090,239.810,1.400,0.000,0.000,0.0
2008-07-03,19:10:00,0.362,0.090,240.100,1.600,0.000,0.000,1.0
2008-07-03,19:11:00,0.430,0.088,239.880,1.800,0.000,0.000,1.0
2008-07-03,19:12:00,0.446,0.092,241.380,2.000,0.000,0.000,0.0
2008-07-03,19:13:00,0.422,0.090,241.120,1.800,0.000,0.000,1.0
2008-07-03,19:14:00,0.574,0.088,241.400,2.400,0.000,0.000,1.0
2008-07-03,19:15:00,0.490,0.094,242.760,2.200,0.000,0.000,0.0
2008-07-03,19:16:00,0.276,0.082,243.000,1.200,0.000,0.000,1.0
2008-07-03,19:17:00,0.856,0.074,241.290,5.400,0.000,8.000,1.0
2008-07-03,19:18:00,2.534,0.058,238.550,10.600,0.000,38.000,0.0
2008-07-03,19:19:00,2.568,0.056,238.710,10.600,0.000,38.000,1.0
2008-07-03,19:20:00,2.836,0.210,237.380,12.000,0.000,38.000,0.0
2008-07-03,19:21:00,2.590,0.108,238.810,10.800,0.000,38.000,1.0
2008-07-03,19:22:00,2.504,0.058,238.690,10.400,0.000,38.000,1.0
2008-07-03,19:23:00,2.516,0.054,238.650,10.400,0.000,38.000,0.0
2008-07-03,19:24:00,2.508,0.052,238.170,10.400,0.000,38.000,1.0
2008-07-03,19:25:00,2.584,0.144,238.120,10.800,0.000,38.000,1.0
2008-07-03,19:26:00,0.532,0.264,240.930,3.000,0.000,5.000,0.0
2008-07-03,19:27:00,0.450,0.262,241.570,2.200,0.000,1.000,1.0
2008-07-03,19:28:00,0.470,0.330,240.010,2.400,0.000,1.000,1.0
2008-07-03,19:29:00,0.526,0.428,240.870,2.800,0.000,1.000,0.0
2008-07-03,19:30:00,0.494,0.422,239.810,2.600,0.000,0.000,1.0
2008-07-03,19:31:00,1.072,0.476,239.960,5.000,0.000,1.000,9.0
2008-07-03,19:32:00,1.190,0.486,239.500,5.400,0.000,2.000,12.0
2008-07-03,19:33:00,1.246,0.480,239.380,5.600,0.000,1.000,12.0
2008-07-03,19:34:00,1.242,0.470,237.920,5.600,0.000,2.000,12.0
2008-07-03,19:35:00,1.174,0.496,238.250,5.400,0.000,1.000,12.0
2008-07-03,19:36:00,0.506,0.426,241.440,2.800,0.000,1.000,1.0
2008-07-03,19:37:00,0.468,0.400,240.930,2.600,0.000,0.000,0.0
2008-07-03,19:38:00,0.518,0.380,240.650,2.600,0.000,1.000,1.0
2008-07-03,19:39:00,0.690,0.554,241.840,3.600,0.000,1.000,1.0
2008-07-03,19:40:00,0.830,0.558,240.690,4.200,0.000,2.000,0.0
2008-07-03,19:41:00,0.822,0.550,239.910,4.000,0.000,1.000,1.0
2008-07-03,19:42:00,0.810,0.576,239.960,4.200,0.000,2.000,1.0
2008-07-03,19:43:00,0.948,0.622,241.510,4.800,0.000,3.000,0.0
2008-07-03,19:44:00,1.072,0.548,241.030,5.000,0.000,4.000,1.0
2008-07-03,19:45:00,1.538,0.648,238.920,7.600,0.000,4.000,1.0
2008-07-03,19:46:00,1.804,0.648,235.690,8.800,0.000,4.000,0.0
2008-07-03,19:47:00,0.886,0.522,237.280,4.800,0.000,4.000,1.0
2008-07-03,19:48:00,2.148,0.732,237.800,9.600,0.000,1.000,1.0
2008-07-03,19:49:00,2.114,0.672,237.890,9.400,0.000,0.000,0.0
2008-07-03,19:50:00,2.072,0.608,236.540,9.200,0.000,0.000,1.0
2008-07-03,19:51:00,0.636,0.432,238.750,3.600,0.000,0.000,1.0
2008-07-03,19:52:00,0.590,0.432,239.960,3.000,0.000,0.000,0.0
2008-07-03,19:53:00,0.556,0.424,238.390,3.000,0.000,0.000,1.0
2008-07-03,19:54:00,0.578,0.372,238.020,2.800,0.000,0.000,1.0
2008-07-03,19:55:00,0.530,0.238,239.250,2.400,0.000,0.000,0.0
2008-07-03,19:56:00,0.536,0.240,240.370,2.400,0.000,0.000,1.0
2008-07-03,19:57:00,0.496,0.178,240.250,2.200,0.000,0.000,1.0
2008-07-03,19:58:00,0.416,0.138,240.610,1.800,0.000,0.000,0.0
2008-07-03,19:59:00,0.416,0.140,241.510,1.800,0.000,0.000,1.0
2008-07-03,20:00:00,0.412,0.138,241.160,1.800,0.000,0.000,0.0
2008-07-03,20:01:00,0.412,0.138,241.200,1.800,0.000,0.000,1.0
2008-07-03,20:02:00,0.410,0.140,240.470,1.800,0.000,0.000,1.0
2008-07-03,20:03:00,0.350,0.146,240.310,1.600,0.000,0.000,0.0
2008-07-03,20:04:00,0.378,0.230,241.960,1.800,0.000,0.000,1.0
2008-07-03,20:05:00,1.850,0.560,239.040,8.200,0.000,0.000,1.0
2008-07-03,20:06:00,0.826,0.352,240.860,4.800,0.000,0.000,0.0
2008-07-03,20:07:00,0.496,0.366,241.620,2.800,0.000,0.000,1.0
2008-07-03,20:08:00,0.540,0.410,241.880,2.800,0.000,0.000,1.0
2008-07-03,20:09:00,0.404,0.278,240.870,2.000,0.000,0.000,0.0
2008-07-03,20:10:00,0.406,0.282,241.950,2.000,0.000,0.000,1.0
2008-07-03,20:11:00,0.720,0.274,242.280,3.200,0.000,0.000,1.0
2008-07-03,20:12:00,0.736,0.272,242.040,3.200,0.000,0.000,0.0
2008-07-03,20:13:00,0.786,0.270,240.730,3.400,0.000,0.000,1.0
2008-07-03,20:14:00,0.784,0.270,240.120,3.400,0.000,0.000,1.0
2008-07-03,20:15:00,0.786,0.270,240.650,3.400,0.000,0.000,0.0
2008-07-03,20:16:00,0.784,0.272,240.520,3.400,0.000,0.000,1.0
2008-07-03,20:17:00,0.778,0.266,239.300,3.400,0.000,0.000,1.0
2008-07-03,20:18:00,1.328,0.336,239.660,6.600,0.000,0.000,0.0
2008-07-03,20:19:00,2.020,0.288,239.400,8.600,0.000,0.000,1.0
2008-07-03,20:20:00,1.118,0.100,239.410,5.800,0.000,0.000,1.0
2008-07-03,20:21:00,0.472,0.000,239.510,2.000,0.000,0.000,0.0
2008-07-03,20:22:00,0.524,0.000,240.320,2.200,0.000,0.000,1.0
2008-07-03,20:23:00,0.562,0.110,240.530,2.400,0.000,1.000,1.0
2008-07-03,20:24:00,0.558,0.106,239.400,2.200,0.000,2.000,0.0
2008-07-03,20:25:00,0.578,0.116,239.880,2.400,0.000,1.000,1.0
2008-07-03,20:26:00,0.638,0.212,240.740,2.800,0.000,2.000,1.0
2008-07-03,20:27:00,0.630,0.206,238.910,2.800,0.000,1.000,0.0
2008-07-03,20:28:00,0.656,0.204,238.140,2.800,0.000,2.000,1.0
2008-07-03,20:29:00,0.710,0.208,239.540,3.000,0.000,1.000,1.0
2008-07-03,20:30:00,0.630,0.210,239.990,2.600,0.000,2.000,0.0
2008-07-03,20:31:00,0.622,0.206,238.750,2.600,0.000,1.000,1.0
2008-07-03,20:32:00,0.622,0.206,238.880,2.600,0.000,2.000,1.0
2008-07-03,20:33:00,0.624,0.212,240.440,2.600,0.000,1.000,0.0
2008-07-03,20:34:00,0.622,0.210,239.890,2.600,0.000,1.000,1.0
2008-07-03,20:35:00,0.622,0.212,240.400,2.600,0.000,2.000,1.0
2008-07-03,20:36:00,0.676,0.210,239.930,3.000,0.000,1.000,0.0
2008-07-03,20:37:00,0.668,0.210,239.840,2.800,0.000,1.000,1.0
2008-07-03,20:38:00,0.616,0.210,239.870,2.600,0.000,2.000,0.0
2008-07-03,20:39:00,0.694,0.292,239.550,3.200,0.000,1.000,1.0
2008-07-03,20:40:00,0.718,0.336,239.100,3.200,0.000,1.000,1.0
2008-07-03,20:41:00,0.692,0.304,239.360,3.000,0.000,2.000,0.0
2008-07-03,20:42:00,0.646,0.238,239.470,2.800,0.000,1.000,1.0
2008-07-03,20:43:00,0.646,0.238,239.660,2.800,0.000,1.000,1.0
2008-07-03,20:44:00,0.646,0.240,240.150,2.800,0.000,1.000,0.0
2008-07-03,20:45:00,1.250,0.328,239.800,5.400,0.000,2.000,9.0
2008-07-03,20:46:00,1.314,0.346,240.010,5.600,0.000,1.000,12.0
2008-07-03,20:47:00,1.334,0.346,239.890,5.600,0.000,1.000,12.0
2008-07-03,20:48:00,1.348,0.348,240.290,5.800,0.000,1.000,12.0
2008-07-03,20:49:00,1.356,0.356,241.030,5.800,0.000,2.000,13.0
2008-07-03,20:50:00,0.760,0.262,241.010,3.400,0.000,1.000,3.0
2008-07-03,20:51:00,0.648,0.244,241.190,2.800,0.000,1.000,1.0
2008-07-03,20:52:00,0.716,0.242,240.640,3.200,0.000,1.000,1.0
2008-07-03,20:53:00,0.644,0.242,240.320,2.800,0.000,2.000,0.0
2008-07-03,20:54:00,0.632,0.236,241.200,2.800,0.000,1.000,1.0
2008-07-03,20:55:00,0.550,0.114,241.900,2.200,0.000,1.000,1.0
2008-07-03,20:56:00,1.542,0.000,240.920,6.400,0.000,1.000,16.0
2008-07-03,20:57:00,1.582,0.000,240.670,6.400,0.000,0.000,19.0
2008-07-03,20:58:00,1.578,0.000,241.480,6.400,0.000,0.000,19.0
2008-07-03,20:59:00,1.634,0.000,241.460,6.800,0.000,0.000,19.0
2008-07-03,21:00:00,1.570,0.000,241.530,6.400,0.000,0.000,19.0
2008-07-03,21:01:00,1.558,0.000,241.360,6.400,0.000,0.000,18.0
2008-07-03,21:02:00,1.586,0.000,241.060,6.600,0.000,0.000,19.0
2008-07-03,21:03:00,1.632,0.084,241.500,6.600,0.000,0.000,18.0
2008-07-03,21:04:00,1.632,0.084,241.500,6.600,0.000,0.000,19.0
2008-07-03,21:05:00,2.172,0.080,241.000,9.400,0.000,0.000,18.0
2008-07-03,21:06:00,2.048,0.106,240.520,8.800,0.000,0.000,19.0
2008-07-03,21:07:00,2.224,0.104,239.230,9.600,0.000,0.000,18.0
2008-07-03,21:08:00,1.634,0.080,239.940,6.800,0.000,0.000,18.0
2008-07-03,21:09:00,1.626,0.078,239.560,6.800,0.000,0.000,18.0
2008-07-03,21:10:00,1.614,0.078,239.510,6.600,0.000,0.000,19.0
2008-07-03,21:11:00,1.642,0.080,239.700,6.800,0.000,0.000,18.0
2008-07-03,21:12:00,1.740,0.078,240.010,7.200,0.000,0.000,18.0
2008-07-03,21:13:00,1.622,0.080,239.880,6.800,0.000,0.000,18.0
2008-07-03,21:14:00,1.644,0.112,239.040,6.800,0.000,0.000,18.0
2008-07-03,21:15:00,1.728,0.208,238.970,7.200,0.000,0.000,19.0
2008-07-03,21:16:00,1.716,0.208,238.760,7.200,0.000,0.000,18.0
2008-07-03,21:17:00,1.706,0.208,238.940,7.200,0.000,0.000,18.0
2008-07-03,21:18:00,1.714,0.208,239.010,7.200,0.000,0.000,18.0
2008-07-03,21:19:00,1.704,0.208,238.960,7.200,0.000,0.000,18.0
2008-07-03,21:20:00,1.794,0.220,239.000,7.600,0.000,0.000,18.0
2008-07-03,21:21:00,1.884,0.238,239.170,7.800,0.000,0.000,18.0
2008-07-03,21:22:00,1.890,0.228,239.450,7.800,2.000,0.000,18.0
2008-07-03,21:23:00,1.944,0.222,240.250,8.200,1.000,0.000,19.0
2008-07-03,21:24:00,1.838,0.224,240.180,7.600,1.000,0.000,18.0
2008-07-03,21:25:00,1.786,0.222,239.700,7.400,1.000,0.000,18.0
2008-07-03,21:26:00,1.780,0.220,239.400,7.400,2.000,0.000,19.0
2008-07-03,21:27:00,1.786,0.222,239.670,7.400,1.000,0.000,18.0
2008-07-03,21:28:00,1.820,0.220,239.390,7.600,1.000,0.000,18.0
2008-07-03,21:29:00,2.174,0.242,239.360,9.000,1.000,0.000,18.0
2008-07-03,21:30:00,3.290,0.140,238.190,14.400,1.000,19.000,18.0
2008-07-03,21:31:00,3.990,0.132,237.360,16.800,2.000,36.000,18.0
2008-07-03,21:32:00,3.712,0.104,237.640,16.200,1.000,28.000,18.0
2008-07-03,21:33:00,4.592,0.000,237.100,19.400,1.000,37.000,18.0
2008-07-03,21:34:00,4.500,0.104,237.080,19.400,1.000,28.000,18.0
2008-07-03,21:35:00,4.498,0.000,236.770,19.000,2.000,37.000,17.0
2008-07-03,21:36:00,6.302,0.000,234.890,26.800,1.000,70.000,18.0
2008-07-03,21:37:00,6.298,0.000,234.720,26.800,1.000,71.000,17.0
2008-07-03,21:38:00,6.330,0.000,234.300,27.000,1.000,71.000,18.0
2008-07-03,21:39:00,6.160,0.000,234.340,26.200,1.000,72.000,17.0
2008-07-03,21:40:00,6.058,0.000,234.900,25.800,1.000,71.000,18.0
2008-07-03,21:41:00,6.138,0.000,234.840,26.000,1.000,72.000,17.0
2008-07-03,21:42:00,7.126,0.000,233.490,30.800,27.000,63.000,18.0
2008-07-03,21:43:00,6.098,0.000,234.750,25.800,37.000,36.000,17.0
2008-07-03,21:44:00,7.066,0.000,234.330,30.400,36.000,52.000,18.0
2008-07-03,21:45:00,6.528,0.000,235.030,28.000,37.000,45.000,17.0
2008-07-03,21:46:00,6.118,0.052,234.880,26.000,37.000,36.000,18.0
2008-07-03,21:47:00,6.504,0.078,234.530,27.600,37.000,36.000,17.0
2008-07-03,21:48:00,6.868,0.048,233.760,29.400,36.000,36.000,17.0
2008-07-03,21:49:00,7.082,0.046,233.410,30.200,36.000,36.000,18.0
2008-07-03,21:50:00,6.890,0.116,233.600,29.400,37.000,36.000,17.0
2008-07-03,21:51:00,6.774,0.190,233.830,29.000,36.000,36.000,17.0
2008-07-03,21:52:00,6.292,0.216,234.310,27.000,30.000,36.000,18.0
2008-07-03,21:53:00,4.530,0.290,236.790,19.200,1.000,33.000,18.0
2008-07-03,21:54:00,3.656,0.314,237.790,15.400,2.000,17.000,18.0
2008-07-03,21:55:00,4.294,0.294,234.790,18.200,1.000,36.000,17.0
2008-07-03,21:56:00,4.856,0.334,233.840,20.800,1.000,36.000,25.0
2008-07-03,21:57:00,4.152,0.356,232.880,18.000,1.000,21.000,28.0
2008-07-03,21:58:00,4.516,0.344,232.460,19.600,1.000,28.000,29.0
2008-07-03,21:59:00,4.942,0.388,232.220,21.200,2.000,36.000,29.0
2008-07-03,22:00:00,4.156,0.422,233.110,18.000,1.000,24.000,29.0
2008-07-03,22:01:00,4.566,0.386,232.650,19.800,1.000,32.000,25.0
2008-07-03,22:02:00,4.210,0.332,233.020,18.200,1.000,33.000,17.0
2008-07-03,22:03:00,3.718,0.348,233.280,16.000,1.000,22.000,18.0
2008-07-03,22:04:00,4.598,0.316,232.570,19.800,1.000,37.000,17.0
2008-07-03,22:05:00,3.490,0.274,233.990,15.000,2.000,20.000,17.0
2008-07-03,22:06:00,4.074,0.270,233.310,17.600,1.000,30.000,17.0
2008-07-03,22:07:00,3.868,0.292,233.470,16.800,1.000,27.000,18.0
2008-07-03,22:08:00,3.714,0.286,233.530,16.000,1.000,24.000,17.0
2008-07-03,22:09:00,4.118,0.294,233.130,17.800,1.000,32.000,17.0
2008-07-03,22:10:00,3.812,0.284,233.210,16.400,1.000,18.000,18.0
2008-07-03,22:11:00,4.432,0.290,232.670,19.000,2.000,35.000,17.0
2008-07-03,22:12:00,3.382,0.286,233.610,14.400,1.000,17.000,17.0
2008-07-03,22:13:00,2.778,0.308,234.220,12.000,1.000,6.000,18.0
2008-07-03,22:14:00,2.784,0.292,234.350,12.000,1.000,5.000,17.0
2008-07-03,22:15:00,2.664,0.308,234.470,11.400,1.000,4.000,18.0
2008-07-03,22:16:00,2.652,0.292,234.440,11.400,1.000,5.000,17.0
2008-07-03,22:17:00,2.652,0.306,234.570,11.400,2.000,5.000,17.0
2008-07-03,22:18:00,2.672,0.298,235.250,11.400,1.000,5.000,18.0
2008-07-03,22:19:00,2.676,0.314,236.460,11.400,1.000,5.000,18.0
2008-07-03,22:20:00,2.650,0.300,236.000,11.200,1.000,4.000,17.0
2008-07-03,22:21:00,2.458,0.252,236.140,10.400,1.000,2.000,18.0
2008-07-03,22:22:00,2.264,0.238,236.230,9.600,1.000,2.000,18.0
2008-07-03,22:23:00,1.912,0.208,236.560,8.000,2.000,1.000,18.0
2008-07-03,22:24:00,1.810,0.212,236.690,7.600,1.000,2.000,17.0
2008-07-03,22:25:00,1.746,0.272,236.240,7.400,1.000,1.000,18.0
2008-07-03,22:26:00,2.134,0.340,236.170,9.000,1.000,2.000,18.0
2008-07-03,22:27:00,2.114,0.338,236.710,9.000,1.000,1.000,18.0
2008-07-03,22:28:00,2.164,0.354,238.840,9.200,2.000,1.000,18.0
2008-07-03,22:29:00,1.938,0.352,239.030,8.200,1.000,2.000,18.0
2008-07-03,22:30:00,1.912,0.356,239.100,8.200,1.000,1.000,18.0
2008-07-03,22:31:00,2.094,0.350,238.840,8.800,1.000,2.000,18.0
2008-07-03,22:32:00,2.154,0.352,238.620,9.000,1.000,1.000,18.0
2008-07-03,22:33:00,2.136,0.350,238.960,9.000,2.000,1.000,18.0
2008-07-03,22:34:00,1.908,0.358,239.320,8.000,1.000,2.000,18.0
2008-07-03,22:35:00,1.888,0.354,239.350,8.000,1.000,1.000,19.0
2008-07-03,22:36:00,2.156,0.354,238.900,9.000,1.000,2.000,18.0
2008-07-03,22:37:00,2.134,0.350,238.960,9.000,1.000,1.000,18.0
2008-07-03,22:38:00,1.926,0.358,239.530,8.200,2.000,2.000,18.0
2008-07-03,22:39:00,1.890,0.354,239.640,8.000,1.000,1.000,18.0
2008-07-03,22:40:00,2.118,0.318,239.190,8.800,1.000,1.000,18.0
2008-07-03,22:41:00,2.048,0.220,239.350,8.600,1.000,2.000,19.0
2008-07-03,22:42:00,1.818,0.228,239.730,7.600,1.000,1.000,18.0
2008-07-03,22:43:00,1.796,0.222,239.430,7.600,2.000,1.000,18.0
2008-07-03,22:44:00,1.948,0.172,239.280,8.200,1.000,1.000,18.0
2008-07-03,22:45:00,1.824,0.094,239.440,7.600,1.000,0.000,18.0
2008-07-03,22:46:00,1.550,0.050,240.240,6.400,0.000,1.000,19.0
2008-07-03,22:47:00,1.530,0.000,240.660,6.400,1.000,0.000,18.0
2008-07-03,22:48:00,1.672,0.000,241.180,7.000,0.000,0.000,18.0
2008-07-03,22:49:00,1.812,0.000,241.390,7.400,1.000,0.000,19.0
2008-07-03,22:50:00,1.574,0.000,242.100,6.400,0.000,0.000,19.0
2008-07-03,22:51:00,1.604,0.000,241.400,6.600,2.000,0.000,18.0
2008-07-03,22:52:00,1.722,0.000,241.550,7.200,1.000,1.000,19.0
2008-07-03,22:53:00,1.838,0.000,241.570,7.600,1.000,0.000,18.0
2008-07-03,22:54:00,1.582,0.000,241.710,6.600,2.000,0.000,19.0
2008-07-03,22:55:00,1.596,0.000,241.230,6.600,1.000,0.000,18.0
2008-07-03,22:56:00,1.546,0.000,240.470,6.400,1.000,0.000,18.0
2008-07-03,22:57:00,2.080,0.076,239.140,8.800,1.000,1.000,23.0
2008-07-03,22:58:00,2.246,0.158,239.300,9.400,1.000,0.000,30.0
2008-07-03,22:59:00,2.170,0.168,239.370,9.000,1.000,0.000,29.0
2008-07-03,23:00:00,2.210,0.222,239.670,9.200,0.000,0.000,30.0
2008-07-03,23:01:00,2.464,0.280,239.230,10.400,1.000,0.000,30.0
2008-07-03,23:02:00,3.914,0.192,237.790,16.800,28.000,0.000,25.0
2008-07-03,23:03:00,3.782,0.144,237.970,15.800,38.000,1.000,18.0
2008-07-03,23:04:00,3.756,0.140,237.850,15.800,37.000,0.000,18.0
2008-07-03,23:05:00,3.884,0.142,237.340,16.400,38.000,0.000,17.0
2008-07-03,23:06:00,3.214,0.144,237.960,13.600,37.000,0.000,7.0
2008-07-03,23:07:00,2.734,0.154,238.720,11.400,38.000,0.000,0.0
2008-07-03,23:08:00,2.712,0.130,238.750,11.400,37.000,0.000,1.0
2008-07-03,23:09:00,2.742,0.216,238.730,11.400,38.000,1.000,1.0
2008-07-03,23:10:00,2.582,0.214,238.810,10.800,38.000,0.000,0.0
2008-07-03,23:11:00,2.596,0.218,238.950,10.800,38.000,0.000,1.0
2008-07-03,23:12:00,2.596,0.218,239.900,10.800,37.000,0.000,1.0
2008-07-03,23:13:00,2.680,0.222,239.930,11.200,38.000,0.000,0.0
2008-07-03,23:14:00,1.990,0.222,240.060,9.200,28.000,0.000,1.0
2008-07-03,23:15:00,0.470,0.214,241.800,2.200,0.000,1.000,1.0
2008-07-03,23:16:00,0.372,0.100,241.630,1.800,0.000,0.000,0.0
2008-07-03,23:17:00,0.394,0.108,241.710,1.800,0.000,0.000,1.0
2008-07-03,23:18:00,0.394,0.136,242.000,1.800,0.000,0.000,1.0
2008-07-03,23:19:00,0.358,0.118,242.080,1.600,1.000,0.000,0.0
2008-07-03,23:20:00,0.332,0.150,242.200,1.600,0.000,2.000,1.0
2008-07-03,23:21:00,0.436,0.162,242.330,1.800,0.000,3.000,1.0
2008-07-03,23:22:00,0.440,0.178,242.230,2.000,0.000,4.000,0.0
2008-07-03,23:23:00,0.432,0.158,241.840,1.800,0.000,4.000,1.0
2008-07-03,23:24:00,0.436,0.174,241.460,2.000,0.000,3.000,1.0
2008-07-03,23:25:00,0.574,0.154,241.050,2.600,0.000,4.000,0.0
2008-07-03,23:26:00,0.584,0.174,241.780,2.600,0.000,3.000,1.0
2008-07-03,23:27:00,0.576,0.158,242.100,2.600,0.000,4.000,1.0
2008-07-03,23:28:00,0.426,0.094,242.190,2.000,0.000,2.000,0.0
2008-07-03,23:29:00,0.156,0.000,242.270,0.600,0.000,0.000,1.0
2008-07-03,23:30:00,0.322,0.000,242.370,1.600,0.000,0.000,1.0
2008-07-03,23:31:00,0.304,0.000,242.900,1.400,0.000,0.000,0.0
2008-07-03,23:32:00,0.182,0.000,243.150,0.800,0.000,0.000,1.0
2008-07-03,23:33:00,0.320,0.000,243.180,1.600,0.000,0.000,1.0
2008-07-03,23:34:00,0.318,0.000,243.490,1.600,0.000,1.000,0.0
2008-07-03,23:35:00,0.156,0.000,243.760,0.600,0.000,0.000,1.0
2008-07-03,23:36:00,0.380,0.136,243.430,1.800,0.000,0.000,1.0
2008-07-03,23:37:00,0.510,0.134,243.460,2.200,0.000,0.000,0.0
2008-07-03,23:38:00,0.280,0.142,243.310,1.200,0.000,0.000,1.0
2008-07-03,23:39:00,0.354,0.132,242.570,1.600,0.000,0.000,1.0
2008-07-03,23:40:00,0.484,0.136,242.350,2.200,0.000,1.000,0.0
2008-07-03,23:41:00,0.256,0.134,242.390,1.200,0.000,0.000,1.0
2008-07-03,23:42:00,0.328,0.138,242.270,1.600,0.000,0.000,1.0
2008-07-03,23:43:00,0.518,0.130,242.300,2.400,0.000,0.000,0.0
2008-07-03,23:44:00,0.272,0.138,242.650,1.200,0.000,0.000,1.0
2008-07-03,23:45:00,0.378,0.136,242.590,1.800,0.000,0.000,1.0
2008-07-03,23:46:00,0.450,0.134,243.230,2.000,0.000,1.000,0.0
2008-07-03,23:47:00,0.272,0.142,243.430,1.200,0.000,0.000,1.0
2008-07-03,23:48:00,0.400,0.140,242.490,1.800,0.000,0.000,1.0
2008-07-03,23:49:00,0.466,0.182,242.550,2.200,0.000,0.000,0.0
2008-07-03,23:50:00,0.250,0.132,242.270,1.200,0.000,0.000,1.0
2008-07-03,23:51:00,0.364,0.050,242.120,2.000,0.000,1.000,1.0
2008-07-03,23:52:00,0.440,0.096,241.670,2.000,0.000,0.000,0.0
2008-07-03,23:53:00,0.252,0.106,241.910,1.200,0.000,0.000,1.0
2008-07-03,23:54:00,0.252,0.100,242.140,1.200,0.000,0.000,1.0
2008-07-03,23:55:00,0.542,0.102,241.950,2.400,0.000,0.000,0.0
2008-07-03,23:56:00,0.230,0.102,242.090,1.000,0.000,0.000,1.0
2008-07-03,23:57:00,0.366,0.106,242.060,1.800,0.000,1.000,1.0
2008-07-03,23:58:00,0.438,0.118,241.150,2.000,0.000,0.000,0.0
2008-07-03,23:59:00,0.334,0.228,241.280,1.600,0.000,2.000,1.0
