Date,Time,Global_active_power,Global_reactive_power,Voltage,Global_intensity,Sub_metering_1,Sub_metering_2,Sub_metering_3
2009-06-16,00:00:00,0.152,0.000,240.550,0.800,0.000,0.000,1.0
2009-06-16,00:01:00,0.164,0.000,240.680,1.000,0.000,0.000,0.0
2009-06-16,00:02:00,0.164,0.000,240.900,1.000,0.000,0.000,1.0
2009-06-16,00:03:00,0.140,0.000,240.760,0.600,0.000,0.000,1.0
2009-06-16,00:04:00,0.164,0.000,240.810,1.000,0.000,0.000,0.0
2009-06-16,00:05:00,0.152,0.000,240.770,0.800,0.000,0.000,1.0
2009-06-16,00:06:00,0.234,0.080,240.710,1.200,0.000,0.000,1.0
2009-06-16,00:07:00,0.240,0.096,240.860,1.200,0.000,0.000,0.0
2009-06-16,00:08:00,0.218,0.098,241.150,1.000,0.000,0.000,1.0
2009-06-16,00:09:00,0.240,0.098,241.400,1.200,0.000,0.000,1.0
2009-06-16,00:10:00,0.238,0.098,241.250,1.200,0.000,0.000,0.0
2009-06-16,00:11:00,0.216,0.100,241.730,1.000,0.000,0.000,1.0
2009-06-16,00:12:00,0.236,0.098,241.650,1.200,0.000,0.000,1.0
2009-06-16,00:13:00,0.224,0.098,241.240,1.000,0.000,0.000,0.0
2009-06-16,00:14:00,0.232,0.098,241.090,1.200,0.000,0.000,1.0
2009-06-16,00:15:00,0.210,0.098,241.570,1.000,0.000,0.000,1.0
2009-06-16,00:16:00,0.240,0.098,241.900,1.200,0.000,0.000,0.0
2009-06-16,00:17:00,0.214,0.098,241.860,1.000,0.000,0.000,1.0
2009-06-16,00:18:00,0.272,0.132,242.060,1.400,0.000,0.000,1.0
2009-06-16,00:19:00,0.320,0.234,242.120,1.600,0.000,0.000,0.0
2009-06-16,00:20:00,0.352,0.234,242.310,1.800,0.000,0.000,1.0
2009-06-16,00:21:00,0.316,0.236,242.530,1.600,0.000,0.000,1.0
2009-06-16,00:22:00,0.324,0.236,242.620,1.600,0.000,0.000,0.0
2009-06-16,00:23:00,0.336,0.238,243.040,1.800,0.000,0.000,1.0
2009-06-16,00:24:00,0.324,0.240,243.430,1.600,0.000,0.000,1.0
2009-06-16,00:25:00,0.322,0.240,243.310,1.600,0.000,0.000,0.0
2009-06-16,00:26:00,0.332,0.240,243.350,1.800,0.000,0.000,1.0
2009-06-16,00:27:00,0.308,0.240,243.120,1.600,0.000,0.000,1.0
2009-06-16,00:28:00,0.332,0.244,244.190,1.800,0.000,0.000,0.0
2009-06-16,00:29:00,0.320,0.242,244.080,1.600,0.000,0.000,1.0
2009-06-16,00:30:00,0.320,0.242,244.220,1.600,0.000,0.000,1.0
2009-06-16,00:31:00,0.318,0.242,243.970,1.600,0.000,0.000,0.0
2009-06-16,00:32:00,0.318,0.242,243.750,1.600,0.000,0.000,1.0
2009-06-16,00:33:00,0.328,0.240,243.400,1.800,0.000,0.000,1.0
2009-06-16,00:34:00,0.316,0.238,243.030,1.600,0.000,0.000,0.0
2009-06-16,00:35:00,0.286,0.190,242.900,1.400,0.000,0.000,1.0
2009-06-16,00:36:00,0.166,0.000,242.930,0.800,0.000,0.000,1.0
2009-06-16,00:37:00,0.158,0.000,242.590,0.800,0.000,0.000,0.0
2009-06-16,00:38:00,0.158,0.000,243.410,0.800,0.000,0.000,1.0
2009-06-16,00:39:00,0.160,0.000,243.460,0.800,0.000,0.000,1.0
2009-06-16,00:40:00,0.142,0.000,243.400,0.600,0.000,0.000,0.0
2009-06-16,00:41:00,0.160,0.000,243.220,0.800,0.000,0.000,1.0
2009-06-16,00:42:00,0.160,0.000,242.780,0.800,0.000,0.000,1.0
2009-06-16,00:43:00,0.152,0.000,242.390,0.800,0.000,0.000,0.0
2009-06-16,00:44:00,0.178,0.000,241.810,0.800,0.000,0.000,1.0
2009-06-16,00:45:00,0.160,0.000,241.870,0.800,0.000,0.000,1.0
2009-06-16,00:46:00,0.162,0.000,242.090,1.000,0.000,0.000,0.0
2009-06-16,00:47:00,0.164,0.000,242.390,1.000,0.000,0.000,1.0
2009-06-16,00:48:00,0.142,0.000,242.350,0.600,0.000,0.000,1.0
2009-06-16,00:49:00,0.152,0.000,242.490,0.800,0.000,0.000,0.0
2009-06-16,00:50:00,0.164,0.000,242.550,1.000,0.000,0.000,1.0
2009-06-16,00:51:00,0.166,0.000,242.890,1.000,0.000,0.000,1.0
2009-06-16,00:52:00,0.144,0.000,243.130,0.600,0.000,0.000,0.0
2009-06-16,00:53:00,0.156,0.000,242.870,0.800,0.000,0.000,1.0
2009-06-16,00:54:00,0.166,0.000,242.620,1.000,0.000,0.000,1.0
2009-06-16,00:55:00,0.164,0.000,242.400,1.000,0.000,0.000,0.0
2009-06-16,00:56:00,0.144,0.000,242.590,0.600,0.000,0.000,1.0
2009-06-16,00:57:00,0.160,0.000,242.690,0.800,0.000,0.000,1.0
2009-06-16,00:58:00,0.154,0.000,242.610,0.800,0.000,0.000,0.0
2009-06-16,00:59:00,0.270,0.122,242.570,1.400,0.000,0.000,1.0
2009-06-16,01:00:00,0.274,0.130,242.070,1.400,0.000,0.000,1.0
2009-06-16,01:01:00,0.260,0.130,242.380,1.200,0.000,0.000,0.0
2009-06-16,01:02:00,0.258,0.130,242.280,1.200,0.000,0.000,1.0
2009-06-16,01:03:00,0.306,0.176,242.350,1.600,0.000,0.000,1.0
2009-06-16,01:04:00,0.344,0.234,242.470,1.800,0.000,0.000,0.0
2009-06-16,01:05:00,0.342,0.234,242.270,1.800,0.000,0.000,1.0
2009-06-16,01:06:00,0.318,0.238,242.950,1.600,0.000,0.000,1.0
2009-06-16,01:07:00,0.326,0.234,242.710,1.600,0.000,0.000,0.0
2009-06-16,01:08:00,0.336,0.234,242.490,1.800,0.000,0.000,1.0
2009-06-16,01:09:00,0.322,0.234,242.480,1.600,0.000,0.000,1.0
2009-06-16,01:10:00,0.332,0.236,242.500,1.800,0.000,0.000,0.0
2009-06-16,01:11:00,0.308,0.236,242.450,1.600,0.000,0.000,1.0
2009-06-16,01:12:00,0.332,0.236,242.700,1.800,0.000,0.000,1.0
2009-06-16,01:13:00,0.320,0.240,243.290,1.600,0.000,0.000,0.0
2009-06-16,01:14:00,0.350,0.262,243.310,2.000,0.000,0.000,1.0
2009-06-16,01:15:00,0.414,0.362,243.730,2.200,0.000,1.000,1.0
2009-06-16,01:16:00,0.298,0.228,243.410,1.400,0.000,1.000,0.0
2009-06-16,01:17:00,0.322,0.226,243.100,1.800,0.000,2.000,1.0
2009-06-16,01:18:00,0.310,0.226,243.050,1.600,0.000,1.000,1.0
2009-06-16,01:19:00,0.922,0.366,242.660,4.200,0.000,2.000,10.0
2009-06-16,01:20:00,0.946,0.370,242.500,4.200,0.000,1.000,11.0
2009-06-16,01:21:00,1.004,0.374,243.140,4.400,0.000,2.000,12.0
2009-06-16,01:22:00,1.006,0.374,243.180,4.400,0.000,1.000,13.0
2009-06-16,01:23:00,1.006,0.372,242.970,4.400,0.000,2.000,12.0
2009-06-16,01:24:00,0.550,0.282,244.020,2.800,0.000,1.000,5.0
2009-06-16,01:25:00,0.256,0.132,244.860,1.400,0.000,1.000,1.0
2009-06-16,01:26:00,0.250,0.128,244.950,1.200,0.000,2.000,1.0
2009-06-16,01:27:00,0.230,0.128,244.830,1.000,0.000,1.000,0.0
2009-06-16,01:28:00,0.246,0.126,244.550,1.200,0.000,2.000,1.0
2009-06-16,01:29:00,0.244,0.126,244.370,1.200,0.000,1.000,1.0
2009-06-16,01:30:00,0.242,0.126,244.360,1.200,0.000,1.000,0.0
2009-06-16,01:31:00,0.240,0.126,244.190,1.200,0.000,2.000,1.0
2009-06-16,01:32:00,0.236,0.126,244.510,1.200,0.000,1.000,1.0
2009-06-16,01:33:00,0.224,0.124,243.580,1.000,0.000,1.000,0.0
2009-06-16,01:34:00,0.246,0.122,243.240,1.200,0.000,2.000,1.0
2009-06-16,01:35:00,0.232,0.122,243.270,1.200,0.000,1.000,1.0
2009-06-16,01:36:00,0.232,0.122,243.310,1.200,0.000,1.000,0.0
2009-06-16,01:37:00,0.232,0.122,243.550,1.200,0.000,1.000,1.0
2009-06-16,01:38:00,0.230,0.124,243.740,1.200,0.000,2.000,1.0
2009-06-16,01:39:00,0.330,0.218,243.580,1.800,0.000,1.000,0.0
2009-06-16,01:40:00,0.338,0.260,243.750,1.800,0.000,1.000,1.0
2009-06-16,01:41:00,0.334,0.260,243.690,1.800,0.000,1.000,1.0
2009-06-16,01:42:00,0.334,0.262,244.090,1.800,0.000,2.000,0.0
2009-06-16,01:43:00,0.344,0.262,244.110,1.800,0.000,1.000,1.0
2009-06-16,01:44:00,0.342,0.262,244.140,1.800,0.000,1.000,1.0
2009-06-16,01:45:00,0.306,0.242,244.310,1.600,0.000,1.000,0.0
2009-06-16,01:46:00,0.256,0.138,244.640,1.200,0.000,0.000,1.0
2009-06-16,01:47:00,0.254,0.138,244.400,1.200,0.000,0.000,1.0
2009-06-16,01:48:00,0.266,0.138,244.740,1.400,0.000,0.000,0.0
2009-06-16,01:49:00,0.252,0.138,244.390,1.200,0.000,0.000,1.0
2009-06-16,01:50:00,0.252,0.136,244.230,1.200,0.000,0.000,1.0
2009-06-16,01:51:00,0.250,0.136,244.070,1.200,0.000,0.000,0.0
2009-06-16,01:52:00,0.262,0.138,244.090,1.400,0.000,0.000,1.0
2009-06-16,01:53:00,0.298,0.180,243.650,1.600,0.000,0.000,1.0
2009-06-16,01:54:00,0.326,0.240,243.420,1.600,0.000,0.000,0.0
2009-06-16,01:55:00,0.336,0.236,242.430,1.800,0.000,0.000,1.0
2009-06-16,01:56:00,0.218,0.102,242.570,1.000,0.000,0.000,1.0
2009-06-16,01:57:00,0.240,0.102,242.390,1.200,0.000,0.000,0.0
2009-06-16,01:58:00,0.228,0.100,242.380,1.000,0.000,0.000,1.0
2009-06-16,01:59:00,0.226,0.100,241.960,1.000,0.000,0.000,1.0
2009-06-16,02:00:00,0.232,0.100,241.790,1.200,0.000,0.000,0.0
2009-06-16,02:01:00,0.224,0.100,242.200,1.000,0.000,0.000,1.0
2009-06-16,02:02:00,0.228,0.100,242.080,1.200,0.000,0.000,1.0
2009-06-16,02:03:00,0.226,0.100,241.710,1.200,0.000,0.000,0.0
2009-06-16,02:04:00,0.222,0.100,241.700,1.000,0.000,0.000,1.0
2009-06-16,02:05:00,0.224,0.100,241.820,1.000,0.000,0.000,1.0
2009-06-16,02:06:00,0.222,0.100,241.860,1.000,0.000,0.000,0.0
2009-06-16,02:07:00,0.234,0.100,241.940,1.200,0.000,0.000,1.0
2009-06-16,02:08:00,0.224,0.100,241.930,1.000,0.000,0.000,1.0
2009-06-16,02:09:00,0.224,0.100,242.060,1.000,0.000,0.000,0.0
2009-06-16,02:10:00,0.224,0.100,242.430,1.000,0.000,0.000,1.0
2009-06-16,02:11:00,0.188,0.046,242.640,1.000,0.000,0.000,1.0
2009-06-16,02:12:00,0.168,0.000,242.920,1.000,0.000,0.000,0.0
2009-06-16,02:13:00,0.156,0.000,242.960,0.800,0.000,0.000,1.0
2009-06-16,02:14:00,0.156,0.000,243.030,0.800,0.000,0.000,1.0
2009-06-16,02:15:00,0.168,0.000,243.480,1.000,0.000,0.000,0.0
2009-06-16,02:16:00,0.156,0.000,243.540,0.800,0.000,0.000,1.0
2009-06-16,02:17:00,0.156,0.000,243.230,0.800,0.000,0.000,1.0
2009-06-16,02:18:00,0.166,0.000,243.150,1.000,0.000,0.000,0.0
2009-06-16,02:19:00,0.234,0.092,243.160,1.200,0.000,0.000,1.0
2009-06-16,02:20:00,0.278,0.134,243.540,1.400,0.000,0.000,1.0
2009-06-16,02:21:00,0.262,0.134,243.420,1.200,0.000,0.000,0.0
2009-06-16,02:22:00,0.260,0.132,243.100,1.200,0.000,0.000,1.0
2009-06-16,02:23:00,0.258,0.132,242.930,1.200,0.000,0.000,1.0
2009-06-16,02:24:00,0.256,0.132,243.090,1.200,0.000,0.000,0.0
2009-06-16,02:25:00,0.268,0.134,243.390,1.400,0.000,0.000,1.0
2009-06-16,02:26:00,0.256,0.136,243.690,1.200,0.000,0.000,1.0
2009-06-16,02:27:00,0.254,0.134,243.570,1.200,0.000,0.000,0.0
2009-06-16,02:28:00,0.252,0.134,243.220,1.200,0.000,0.000,1.0
2009-06-16,02:29:00,0.264,0.134,243.280,1.400,0.000,0.000,1.0
2009-06-16,02:30:00,0.262,0.134,243.190,1.400,0.000,0.000,0.0
2009-06-16,02:31:00,0.240,0.134,243.220,1.000,0.000,0.000,1.0
2009-06-16,02:32:00,0.250,0.134,242.970,1.200,0.000,0.000,1.0
2009-06-16,02:33:00,0.262,0.132,243.030,1.400,0.000,0.000,0.0
2009-06-16,02:34:00,0.250,0.134,243.140,1.200,0.000,0.000,1.0
2009-06-16,02:35:00,0.244,0.108,243.120,1.200,0.000,0.000,1.0
2009-06-16,02:36:00,0.144,0.000,243.290,0.600,0.000,0.000,0.0
2009-06-16,02:37:00,0.166,0.000,243.800,1.000,0.000,0.000,1.0
2009-06-16,02:38:00,0.156,0.000,244.070,0.800,0.000,0.000,1.0
2009-06-16,02:39:00,0.166,0.000,244.350,1.000,0.000,0.000,0.0
2009-06-16,02:40:00,0.222,0.082,244.190,1.200,0.000,0.000,1.0
2009-06-16,02:41:00,0.246,0.104,244.100,1.200,0.000,0.000,1.0
2009-06-16,02:42:00,0.234,0.104,244.040,1.200,0.000,0.000,0.0
2009-06-16,02:43:00,0.234,0.106,244.300,1.200,0.000,0.000,1.0
2009-06-16,02:44:00,0.232,0.106,244.470,1.200,0.000,0.000,1.0
2009-06-16,02:45:00,0.230,0.108,244.850,1.200,0.000,0.000,0.0
2009-06-16,02:46:00,0.236,0.106,244.270,1.200,0.000,0.000,1.0
2009-06-16,02:47:00,0.228,0.106,244.230,1.000,0.000,0.000,1.0
2009-06-16,02:48:00,0.226,0.106,244.150,1.000,0.000,0.000,0.0
2009-06-16,02:49:00,0.238,0.104,243.810,1.200,0.000,0.000,1.0
2009-06-16,02:50:00,0.232,0.104,243.960,1.200,0.000,0.000,1.0
2009-06-16,02:51:00,0.230,0.104,243.710,1.200,0.000,0.000,0.0
2009-06-16,02:52:00,0.488,0.174,243.810,2.600,0.000,0.000,5.0
2009-06-16,02:53:00,0.864,0.258,243.600,3.600,0.000,0.000,12.0
2009-06-16,02:54:00,0.902,0.262,244.060,3.800,0.000,0.000,11.0
2009-06-16,02:55:00,0.914,0.258,243.800,3.800,0.000,0.000,13.0
2009-06-16,02:56:00,0.870,0.176,243.610,3.600,0.000,0.000,12.0
2009-06-16,02:57:00,0.624,0.100,243.980,3.000,0.000,0.000,9.0
2009-06-16,02:58:00,0.156,0.000,244.290,0.800,0.000,0.000,0.0
2009-06-16,02:59:00,0.242,0.076,243.940,1.400,0.000,0.000,1.0
2009-06-16,03:00:00,0.266,0.136,244.070,1.200,0.000,0.000,1.0
2009-06-16,03:01:00,0.262,0.136,244.140,1.200,0.000,0.000,0.0
2009-06-16,03:02:00,0.260,0.136,244.120,1.200,0.000,0.000,1.0
2009-06-16,03:03:00,0.270,0.138,244.190,1.400,0.000,0.000,1.0
2009-06-16,03:04:00,0.258,0.138,244.550,1.200,0.000,0.000,0.0
2009-06-16,03:05:00,0.256,0.138,244.690,1.200,0.000,0.000,1.0
2009-06-16,03:06:00,0.256,0.138,244.690,1.200,0.000,0.000,1.0
2009-06-16,03:07:00,0.266,0.140,244.760,1.400,0.000,0.000,1.0
2009-06-16,03:08:00,0.254,0.138,244.590,1.200,0.000,0.000,0.0
2009-06-16,03:09:00,0.252,0.138,244.680,1.200,0.000,0.000,1.0
2009-06-16,03:10:00,0.252,0.138,244.470,1.200,0.000,0.000,1.0
2009-06-16,03:11:00,0.252,0.138,244.530,1.200,0.000,0.000,0.0
2009-06-16,03:12:00,0.252,0.138,244.490,1.200,0.000,0.000,1.0
2009-06-16,03:13:00,0.274,0.138,244.570,1.400,0.000,0.000,1.0
2009-06-16,03:14:00,0.240,0.138,244.730,1.000,0.000,0.000,0.0
2009-06-16,03:15:00,0.228,0.106,245.030,1.200,0.000,0.000,1.0
2009-06-16,03:16:00,0.156,0.000,245.120,0.800,0.000,0.000,1.0
2009-06-16,03:17:00,0.192,0.000,244.970,1.200,0.000,0.000,0.0
2009-06-16,03:18:00,0.244,0.126,244.630,1.200,0.000,1.000,1.0
2009-06-16,03:19:00,0.244,0.126,244.440,1.200,0.000,2.000,1.0
2009-06-16,03:20:00,0.244,0.126,244.270,1.200,0.000,1.000,0.0
2009-06-16,03:21:00,0.258,0.124,244.250,1.400,0.000,2.000,1.0
2009-06-16,03:22:00,0.248,0.126,244.570,1.200,0.000,1.000,1.0
2009-06-16,03:23:00,0.248,0.124,244.060,1.200,0.000,1.000,0.0
2009-06-16,03:24:00,0.246,0.128,245.160,1.200,0.000,2.000,1.0
2009-06-16,03:25:00,0.306,0.188,245.350,1.600,0.000,1.000,1.0
2009-06-16,03:26:00,0.322,0.236,245.420,1.600,0.000,2.000,0.0
2009-06-16,03:27:00,0.322,0.236,245.270,1.600,0.000,1.000,1.0
2009-06-16,03:28:00,0.332,0.234,245.340,1.800,0.000,2.000,1.0
2009-06-16,03:29:00,0.318,0.236,245.460,1.600,0.000,1.000,0.0
2009-06-16,03:30:00,0.316,0.234,245.410,1.600,0.000,2.000,1.0
2009-06-16,03:31:00,0.312,0.234,245.180,1.600,0.000,1.000,1.0
2009-06-16,03:32:00,0.310,0.232,244.890,1.600,0.000,1.000,0.0
2009-06-16,03:33:00,0.320,0.232,244.890,1.800,0.000,2.000,1.0
2009-06-16,03:34:00,0.306,0.232,244.830,1.600,0.000,1.000,1.0
2009-06-16,03:35:00,0.304,0.230,244.090,1.600,0.000,1.000,0.0
2009-06-16,03:36:00,0.304,0.230,244.180,1.600,0.000,2.000,1.0
2009-06-16,03:37:00,0.304,0.230,244.470,1.600,0.000,1.000,1.0
2009-06-16,03:38:00,0.326,0.230,244.410,1.800,0.000,1.000,0.0
2009-06-16,03:39:00,0.400,0.354,244.380,2.200,0.000,1.000,1.0
2009-06-16,03:40:00,0.358,0.288,244.250,1.800,0.000,2.000,1.0
2009-06-16,03:41:00,0.338,0.262,244.460,1.800,0.000,1.000,1.0
2009-06-16,03:42:00,0.344,0.262,244.200,1.800,0.000,1.000,0.0
2009-06-16,03:43:00,0.342,0.260,243.910,1.800,0.000,1.000,1.0
2009-06-16,03:44:00,0.328,0.252,242.200,1.800,0.000,2.000,1.0
2009-06-16,03:45:00,0.334,0.252,242.160,1.800,0.000,1.000,0.0
2009-06-16,03:46:00,0.314,0.252,242.040,1.600,0.000,1.000,1.0
2009-06-16,03:47:00,0.336,0.252,242.010,1.800,0.000,1.000,1.0
2009-06-16,03:48:00,0.272,0.158,242.480,1.400,0.000,1.000,0.0
2009-06-16,03:49:00,0.256,0.130,242.340,1.200,0.000,0.000,1.0
2009-06-16,03:50:00,0.250,0.132,242.600,1.200,0.000,0.000,1.0
2009-06-16,03:51:00,0.242,0.130,242.310,1.200,0.000,0.000,0.0
2009-06-16,03:52:00,0.252,0.130,242.360,1.200,0.000,0.000,1.0
2009-06-16,03:53:00,0.252,0.130,242.250,1.200,0.000,0.000,0.0
2009-06-16,03:54:00,0.250,0.128,241.560,1.200,0.000,0.000,1.0
2009-06-16,03:55:00,0.194,0.050,242.250,1.000,0.000,0.000,1.0
2009-06-16,03:56:00,0.166,0.000,242.530,1.000,0.000,0.000,0.0
2009-06-16,03:57:00,0.156,0.000,242.780,0.800,0.000,0.000,1.0
2009-06-16,03:58:00,0.154,0.000,242.610,0.800,0.000,0.000,1.0
2009-06-16,03:59:00,0.154,0.000,242.610,0.800,0.000,0.000,0.0
2009-06-16,04:00:00,0.154,0.000,242.270,0.800,0.000,0.000,1.0
2009-06-16,04:01:00,0.166,0.000,242.580,1.000,0.000,0.000,1.0
2009-06-16,04:02:00,0.154,0.000,242.620,0.800,0.000,0.000,0.0
2009-06-16,04:03:00,0.154,0.000,242.730,0.800,0.000,0.000,1.0
2009-06-16,04:04:00,0.154,0.000,242.730,0.800,0.000,0.000,1.0
2009-06-16,04:05:00,0.164,0.000,242.250,1.000,0.000,0.000,0.0
2009-06-16,04:06:00,0.164,0.000,242.130,1.000,0.000,0.000,1.0
2009-06-16,04:07:00,0.142,0.000,242.070,0.600,0.000,0.000,1.0
2009-06-16,04:08:00,0.152,0.000,241.870,0.800,0.000,0.000,0.0
2009-06-16,04:09:00,0.218,0.000,241.770,1.200,0.000,0.000,1.0
2009-06-16,04:10:00,0.230,0.098,241.730,1.000,0.000,0.000,1.0
2009-06-16,04:11:00,0.230,0.098,241.620,1.000,0.000,0.000,0.0
2009-06-16,04:12:00,0.228,0.098,241.560,1.000,0.000,0.000,1.0
2009-06-16,04:13:00,0.240,0.098,241.460,1.200,0.000,0.000,1.0
2009-06-16,04:14:00,0.228,0.100,241.780,1.000,0.000,0.000,0.0
2009-06-16,04:15:00,0.226,0.098,241.630,1.000,0.000,0.000,1.0
2009-06-16,04:16:00,0.224,0.098,241.180,1.000,0.000,0.000,1.0
2009-06-16,04:17:00,0.234,0.098,241.260,1.200,0.000,0.000,0.0
2009-06-16,04:18:00,0.262,0.122,241.590,1.400,0.000,0.000,1.0
2009-06-16,04:19:00,0.320,0.232,241.550,1.600,0.000,0.000,1.0
2009-06-16,04:20:00,0.336,0.232,241.770,1.800,0.000,0.000,0.0
2009-06-16,04:21:00,0.326,0.230,241.250,1.600,0.000,0.000,1.0
2009-06-16,04:22:00,0.330,0.230,241.270,1.800,0.000,0.000,1.0
2009-06-16,04:23:00,0.324,0.226,241.540,1.600,0.000,0.000,0.0
2009-06-16,04:24:00,0.258,0.128,241.480,1.200,0.000,0.000,1.0
2009-06-16,04:25:00,0.256,0.126,241.210,1.200,0.000,0.000,1.0
2009-06-16,04:26:00,0.548,0.192,241.170,2.800,0.000,0.000,5.0
2009-06-16,04:27:00,0.878,0.262,241.010,3.800,0.000,0.000,11.0
2009-06-16,04:28:00,0.906,0.256,240.440,4.000,0.000,0.000,12.0
2009-06-16,04:29:00,0.928,0.256,240.350,4.000,0.000,0.000,12.0
2009-06-16,04:30:00,0.934,0.254,240.410,4.000,0.000,0.000,12.0
2009-06-16,04:31:00,0.822,0.232,240.380,3.800,0.000,0.000,10.0
2009-06-16,04:32:00,0.258,0.128,241.160,1.400,0.000,0.000,1.0
2009-06-16,04:33:00,0.246,0.130,241.570,1.200,0.000,0.000,1.0
2009-06-16,04:34:00,0.234,0.112,241.930,1.200,0.000,0.000,0.0
2009-06-16,04:35:00,0.152,0.000,242.560,0.800,0.000,0.000,1.0
2009-06-16,04:36:00,0.164,0.000,242.560,1.000,0.000,0.000,1.0
2009-06-16,04:37:00,0.154,0.000,242.780,0.800,0.000,0.000,0.0
2009-06-16,04:38:00,0.152,0.000,242.160,0.800,0.000,0.000,1.0
2009-06-16,04:39:00,0.154,0.000,241.720,0.800,0.000,0.000,1.0
2009-06-16,04:40:00,0.154,0.000,241.450,0.800,0.000,0.000,0.0
2009-06-16,04:41:00,0.166,0.000,241.320,1.000,0.000,0.000,1.0
2009-06-16,04:42:00,0.154,0.000,241.020,0.800,0.000,0.000,1.0
2009-06-16,04:43:00,0.154,0.000,240.850,0.800,0.000,0.000,0.0
2009-06-16,04:44:00,0.164,0.000,241.140,1.000,0.000,0.000,1.0
2009-06-16,04:45:00,0.164,0.000,241.170,1.000,0.000,0.000,1.0
2009-06-16,04:46:00,0.142,0.000,241.120,0.600,0.000,0.000,0.0
2009-06-16,04:47:00,0.164,0.000,241.310,1.000,0.000,0.000,1.0
2009-06-16,04:48:00,0.154,0.000,241.340,0.800,0.000,0.000,1.0
2009-06-16,04:49:00,0.154,0.000,241.440,0.800,0.000,0.000,0.0
2009-06-16,04:50:00,0.164,0.000,241.800,1.000,0.000,0.000,1.0
2009-06-16,04:51:00,0.142,0.000,241.910,0.600,0.000,0.000,1.0
2009-06-16,04:52:00,0.166,0.000,242.330,1.000,0.000,0.000,0.0
2009-06-16,04:53:00,0.210,0.000,241.880,1.200,0.000,0.000,1.0
2009-06-16,04:54:00,0.220,0.100,242.060,1.000,0.000,0.000,1.0
2009-06-16,04:55:00,0.230,0.098,241.780,1.200,0.000,0.000,0.0
2009-06-16,04:56:00,0.242,0.098,241.090,1.200,0.000,0.000,1.0
2009-06-16,04:57:00,0.240,0.098,241.390,1.200,0.000,0.000,0.0
2009-06-16,04:58:00,0.292,0.176,241.240,1.400,0.000,0.000,1.0
2009-06-16,04:59:00,0.344,0.226,240.270,1.800,0.000,0.000,1.0
2009-06-16,05:00:00,0.328,0.226,240.400,1.600,0.000,0.000,0.0
2009-06-16,05:01:00,0.326,0.228,240.740,1.600,0.000,0.000,1.0
2009-06-16,05:02:00,0.336,0.228,240.710,1.800,0.000,0.000,1.0
2009-06-16,05:03:00,0.324,0.230,240.950,1.600,0.000,0.000,0.0
2009-06-16,05:04:00,0.320,0.228,240.640,1.600,0.000,0.000,1.0
2009-06-16,05:05:00,0.320,0.230,240.840,1.600,0.000,0.000,1.0
2009-06-16,05:06:00,0.330,0.228,240.650,1.800,0.000,0.000,0.0
2009-06-16,05:07:00,0.300,0.202,240.810,1.600,0.000,0.000,1.0
2009-06-16,05:08:00,0.248,0.126,240.910,1.200,0.000,0.000,1.0
2009-06-16,05:09:00,0.260,0.128,241.220,1.400,0.000,0.000,0.0
2009-06-16,05:10:00,0.236,0.126,240.900,1.000,0.000,0.000,1.0
2009-06-16,05:11:00,0.258,0.126,240.600,1.400,0.000,0.000,1.0
2009-06-16,05:12:00,0.248,0.126,240.660,1.200,0.000,0.000,0.0
2009-06-16,05:13:00,0.246,0.124,240.130,1.200,0.000,0.000,1.0
2009-06-16,05:14:00,0.206,0.056,240.200,1.200,0.000,0.000,1.0
2009-06-16,05:15:00,0.152,0.000,240.340,0.800,0.000,0.000,0.0
2009-06-16,05:16:00,0.160,0.000,240.700,0.800,0.000,0.000,1.0
2009-06-16,05:17:00,0.158,0.000,240.630,0.800,0.000,0.000,1.0
2009-06-16,05:18:00,0.140,0.000,241.090,0.600,0.000,0.000,0.0
2009-06-16,05:19:00,0.168,0.000,240.880,1.000,0.000,0.000,1.0
2009-06-16,05:20:00,0.140,0.000,240.830,0.600,0.000,0.000,1.0
2009-06-16,05:21:00,0.240,0.090,239.950,1.400,0.000,0.000,0.0
2009-06-16,05:22:00,0.242,0.112,239.880,1.200,0.000,1.000,1.0
2009-06-16,05:23:00,0.240,0.112,239.890,1.200,0.000,2.000,1.0
2009-06-16,05:24:00,0.240,0.112,239.650,1.200,0.000,1.000,0.0
2009-06-16,05:25:00,0.240,0.112,239.610,1.200,0.000,2.000,1.0
2009-06-16,05:26:00,0.238,0.112,239.560,1.200,0.000,1.000,0.0
2009-06-16,05:27:00,0.250,0.114,240.330,1.200,0.000,2.000,1.0
2009-06-16,05:28:00,0.238,0.112,240.340,1.200,0.000,1.000,1.0
2009-06-16,05:29:00,0.238,0.114,240.440,1.200,0.000,2.000,0.0
2009-06-16,05:30:00,0.236,0.114,240.520,1.200,0.000,1.000,1.0
2009-06-16,05:31:00,0.248,0.114,240.660,1.200,0.000,1.000,1.0
2009-06-16,05:32:00,0.236,0.114,240.390,1.200,0.000,2.000,0.0
2009-06-16,05:33:00,0.236,0.114,240.640,1.200,0.000,1.000,1.0
2009-06-16,05:34:00,0.234,0.114,240.550,1.200,0.000,2.000,1.0
2009-06-16,05:35:00,0.244,0.112,240.140,1.200,0.000,1.000,0.0
2009-06-16,05:36:00,0.230,0.112,240.110,1.200,0.000,1.000,1.0
2009-06-16,05:37:00,0.242,0.114,240.390,1.200,0.000,2.000,1.0
2009-06-16,05:38:00,0.388,0.296,240.410,2.200,0.000,1.000,0.0
2009-06-16,05:39:00,0.422,0.350,240.540,2.400,0.000,1.000,1.0
2009-06-16,05:40:00,0.406,0.346,240.070,2.200,0.000,2.000,1.0
2009-06-16,05:41:00,0.404,0.346,240.110,2.200,0.000,1.000,0.0
2009-06-16,05:42:00,0.414,0.348,240.480,2.200,0.000,1.000,1.0
2009-06-16,05:43:00,0.400,0.350,240.820,2.200,0.000,1.000,1.0
2009-06-16,05:44:00,0.406,0.352,241.080,2.200,0.000,2.000,0.0
2009-06-16,05:45:00,0.382,0.354,241.090,2.000,0.000,1.000,1.0
2009-06-16,05:46:00,0.404,0.352,240.970,2.200,0.000,1.000,1.0
2009-06-16,05:47:00,0.386,0.354,241.130,2.200,0.000,1.000,0.0
2009-06-16,05:48:00,0.394,0.354,241.370,2.200,0.000,2.000,1.0
2009-06-16,05:49:00,0.392,0.356,241.520,2.200,0.000,1.000,1.0
2009-06-16,05:50:00,0.390,0.356,241.440,2.200,0.000,1.000,0.0
2009-06-16,05:51:00,0.322,0.242,241.360,1.600,0.000,0.000,1.0
2009-06-16,05:52:00,0.282,0.180,241.830,1.400,0.000,0.000,1.0
2009-06-16,05:53:00,0.248,0.128,241.430,1.200,0.000,0.000,0.0
2009-06-16,05:54:00,0.176,0.000,240.880,1.000,0.000,0.000,1.0
2009-06-16,05:55:00,0.152,0.000,241.150,0.800,0.000,0.000,0.0
2009-06-16,05:56:00,0.152,0.000,240.830,0.800,0.000,0.000,1.0
2009-06-16,05:57:00,0.152,0.000,240.700,0.800,0.000,0.000,1.0
2009-06-16,05:58:00,0.154,0.000,240.520,0.800,0.000,0.000,0.0
2009-06-16,05:59:00,0.166,0.000,241.410,1.000,0.000,0.000,1.0
2009-06-16,06:00:00,0.154,0.000,241.290,0.800,0.000,0.000,1.0
2009-06-16,06:01:00,0.154,0.000,242.180,0.800,0.000,0.000,0.0
2009-06-16,06:02:00,0.154,0.000,242.280,0.800,0.000,0.000,1.0
2009-06-16,06:03:00,0.164,0.000,241.500,1.000,0.000,0.000,1.0
2009-06-16,06:04:00,0.164,0.000,241.300,1.000,0.000,0.000,0.0
2009-06-16,06:05:00,0.142,0.000,242.010,0.600,0.000,0.000,1.0
2009-06-16,06:06:00,0.164,0.000,241.430,1.000,0.000,0.000,1.0
2009-06-16,06:07:00,0.520,0.080,241.120,2.600,0.000,0.000,6.0
2009-06-16,06:08:00,0.782,0.132,241.090,3.200,0.000,0.000,11.0
2009-06-16,06:09:00,0.810,0.124,240.310,3.400,0.000,0.000,12.0
2009-06-16,06:10:00,0.832,0.122,240.000,3.400,0.000,0.000,12.0
2009-06-16,06:11:00,0.846,0.122,240.270,3.600,0.000,0.000,12.0
2009-06-16,06:12:00,0.742,0.104,240.850,3.400,0.000,0.000,11.0
2009-06-16,06:13:00,0.152,0.000,241.520,0.800,0.000,0.000,0.0
2009-06-16,06:14:00,0.154,0.000,241.870,0.800,0.000,0.000,1.0
2009-06-16,06:15:00,0.156,0.000,241.980,0.800,0.000,0.000,1.0
2009-06-16,06:16:00,0.154,0.000,241.480,0.800,0.000,0.000,0.0
2009-06-16,06:17:00,0.152,0.000,240.490,0.800,0.000,0.000,1.0
2009-06-16,06:18:00,0.748,0.104,239.720,3.800,0.000,0.000,8.0
2009-06-16,06:19:00,1.368,0.110,239.140,5.800,0.000,0.000,19.0
2009-06-16,06:20:00,1.334,0.108,238.610,5.600,0.000,0.000,18.0
2009-06-16,06:21:00,1.332,0.108,238.770,5.600,0.000,0.000,19.0
2009-06-16,06:22:00,1.302,0.110,238.910,5.400,0.000,0.000,18.0
2009-06-16,06:23:00,1.366,0.138,238.750,5.800,0.000,0.000,18.0
2009-06-16,06:24:00,1.366,0.210,238.510,5.800,0.000,0.000,19.0
2009-06-16,06:25:00,1.372,0.208,238.270,5.800,0.000,0.000,18.0
2009-06-16,06:26:00,1.380,0.208,238.280,5.800,0.000,0.000,18.0
2009-06-16,06:27:00,1.366,0.208,238.290,5.800,0.000,0.000,18.0
2009-06-16,06:28:00,1.374,0.208,238.250,5.800,0.000,0.000,18.0
2009-06-16,06:29:00,1.348,0.208,238.050,5.600,0.000,0.000,18.0
2009-06-16,06:30:00,1.378,0.208,238.050,5.800,0.000,0.000,18.0
2009-06-16,06:31:00,1.348,0.208,238.390,5.600,0.000,0.000,18.0
2009-06-16,06:32:00,1.360,0.206,237.640,5.800,0.000,0.000,18.0
2009-06-16,06:33:00,1.340,0.184,237.410,5.600,0.000,0.000,18.0
2009-06-16,06:34:00,1.264,0.078,237.710,5.200,0.000,0.000,18.0
2009-06-16,06:35:00,1.264,0.082,239.540,5.200,0.000,0.000,18.0
2009-06-16,06:36:00,1.286,0.082,239.910,5.400,0.000,0.000,18.0
2009-06-16,06:37:00,1.252,0.000,239.740,5.200,0.000,0.000,18.0
2009-06-16,06:38:00,1.212,0.000,239.510,5.000,0.000,0.000,19.0
2009-06-16,06:39:00,1.390,0.000,238.990,5.800,0.000,0.000,18.0
2009-06-16,06:40:00,1.396,0.000,238.920,5.800,0.000,0.000,18.0
2009-06-16,06:41:00,1.334,0.000,241.470,5.400,0.000,0.000,18.0
2009-06-16,06:42:00,1.342,0.000,241.310,5.600,0.000,0.000,19.0
2009-06-16,06:43:00,1.342,0.000,241.200,5.600,0.000,0.000,18.0
2009-06-16,06:44:00,1.324,0.000,241.640,5.400,0.000,0.000,19.0
2009-06-16,06:45:00,1.338,0.000,241.890,5.400,0.000,0.000,18.0
2009-06-16,06:46:00,1.358,0.000,242.620,5.600,0.000,0.000,19.0
2009-06-16,06:47:00,1.362,0.000,243.080,5.600,0.000,0.000,19.0
2009-06-16,06:48:00,1.346,0.000,243.760,5.400,0.000,0.000,19.0
2009-06-16,06:49:00,1.360,0.000,243.980,5.600,0.000,0.000,18.0
2009-06-16,06:50:00,1.370,0.000,243.850,5.600,0.000,0.000,19.0
2009-06-16,06:51:00,1.350,0.000,243.130,5.400,0.000,0.000,19.0
2009-06-16,06:52:00,1.350,0.000,242.990,5.400,0.000,0.000,19.0
2009-06-16,06:53:00,1.360,0.000,242.890,5.600,0.000,0.000,18.0
2009-06-16,06:54:00,1.350,0.000,242.970,5.400,0.000,0.000,19.0
2009-06-16,06:55:00,1.356,0.000,243.610,5.600,0.000,0.000,19.0
2009-06-16,06:56:00,1.364,0.000,243.270,5.600,0.000,0.000,19.0
2009-06-16,06:57:00,1.376,0.000,242.950,5.600,0.000,0.000,18.0
2009-06-16,06:58:00,1.548,0.120,242.510,6.400,0.000,0.000,19.0
2009-06-16,06:59:00,4.340,0.096,239.170,18.200,0.000,0.000,18.0
2009-06-16,07:00:00,4.544,0.106,239.480,19.000,0.000,0.000,19.0
2009-06-16,07:01:00,2.344,0.146,240.940,11.000,0.000,0.000,18.0
2009-06-16,07:02:00,1.872,0.146,241.620,8.200,0.000,0.000,18.0
2009-06-16,07:03:00,1.342,0.118,241.900,5.600,0.000,0.000,19.0
2009-06-16,07:04:00,1.368,0.114,240.780,5.600,0.000,0.000,18.0
2009-06-16,07:05:00,1.382,0.110,241.500,5.600,0.000,0.000,19.0
2009-06-16,07:06:00,1.452,0.182,241.320,6.000,0.000,0.000,18.0
2009-06-16,07:07:00,1.432,0.212,240.350,6.000,0.000,0.000,19.0
2009-06-16,07:08:00,1.440,0.214,240.800,6.000,0.000,0.000,18.0
2009-06-16,07:09:00,1.438,0.210,240.260,6.000,0.000,0.000,18.0
2009-06-16,07:10:00,1.428,0.212,240.460,6.000,0.000,0.000,19.0
2009-06-16,07:11:00,1.432,0.212,240.350,6.000,0.000,0.000,18.0
2009-06-16,07:12:00,1.428,0.214,240.530,6.000,0.000,0.000,18.0
2009-06-16,07:13:00,1.342,0.090,240.040,5.600,0.000,0.000,19.0
2009-06-16,07:14:00,1.334,0.078,240.070,5.600,0.000,0.000,18.0
2009-06-16,07:15:00,1.364,0.086,240.370,5.600,0.000,0.000,18.0
2009-06-16,07:16:00,1.966,0.214,240.260,8.200,0.000,0.000,29.0
2009-06-16,07:17:00,1.976,0.204,239.540,8.200,0.000,0.000,29.0
2009-06-16,07:18:00,2.008,0.210,240.120,8.400,0.000,0.000,29.0
2009-06-16,07:19:00,2.006,0.204,239.190,8.400,0.000,0.000,30.0
2009-06-16,07:20:00,2.070,0.202,239.400,8.600,0.000,0.000,30.0
2009-06-16,07:21:00,1.824,0.144,240.400,7.600,0.000,0.000,24.0
2009-06-16,07:22:00,1.544,0.078,240.550,6.400,0.000,0.000,19.0
2009-06-16,07:23:00,1.360,0.000,240.740,5.600,0.000,0.000,18.0
2009-06-16,07:24:00,1.362,0.080,240.930,5.600,0.000,1.000,18.0
2009-06-16,07:25:00,1.450,0.096,239.370,6.000,0.000,1.000,19.0
2009-06-16,07:26:00,1.446,0.096,239.380,6.000,0.000,1.000,18.0
2009-06-16,07:27:00,1.448,0.098,239.780,6.000,0.000,2.000,18.0
2009-06-16,07:28:00,1.444,0.098,239.540,6.000,0.000,1.000,18.0
2009-06-16,07:29:00,1.440,0.096,238.900,6.000,0.000,2.000,18.0
2009-06-16,07:30:00,1.444,0.096,239.100,6.000,0.000,1.000,18.0
2009-06-16,07:31:00,1.442,0.096,238.990,6.000,0.000,2.000,19.0
2009-06-16,07:32:00,1.536,0.094,238.960,6.400,0.000,1.000,18.0
2009-06-16,07:33:00,1.422,0.096,239.410,5.800,0.000,1.000,18.0
2009-06-16,07:34:00,2.646,0.084,238.380,11.200,0.000,2.000,18.0
2009-06-16,07:35:00,2.156,0.090,238.860,9.400,0.000,1.000,18.0
2009-06-16,07:36:00,1.620,0.114,238.850,6.800,0.000,2.000,18.0
2009-06-16,07:37:00,1.568,0.230,238.820,6.600,0.000,1.000,18.0
2009-06-16,07:38:00,1.552,0.230,238.470,6.600,0.000,1.000,18.0
2009-06-16,07:39:00,1.506,0.230,238.670,6.400,0.000,2.000,18.0
2009-06-16,07:40:00,1.534,0.226,238.460,6.400,0.000,1.000,18.0
2009-06-16,07:41:00,1.526,0.224,238.310,6.400,0.000,1.000,18.0
2009-06-16,07:42:00,1.548,0.224,238.780,6.400,0.000,2.000,18.0
2009-06-16,07:43:00,1.566,0.220,238.110,6.600,0.000,1.000,19.0
2009-06-16,07:44:00,1.520,0.220,238.020,6.400,0.000,1.000,17.0
2009-06-16,07:45:00,1.522,0.224,238.440,6.400,0.000,1.000,19.0
2009-06-16,07:46:00,1.530,0.212,237.860,6.400,0.000,2.000,17.0
2009-06-16,07:47:00,1.544,0.200,237.390,6.400,0.000,1.000,18.0
2009-06-16,07:48:00,1.554,0.204,238.480,6.600,0.000,1.000,18.0
2009-06-16,07:49:00,1.578,0.210,240.160,6.600,0.000,1.000,19.0
2009-06-16,07:50:00,1.668,0.316,240.300,7.000,0.000,2.000,18.0
2009-06-16,07:51:00,1.564,0.320,240.830,6.600,0.000,1.000,18.0
2009-06-16,07:52:00,1.474,0.232,239.070,6.200,0.000,1.000,19.0
2009-06-16,07:53:00,1.440,0.182,239.630,6.000,0.000,1.000,18.0
2009-06-16,07:54:00,1.386,0.078,239.930,5.800,0.000,1.000,18.0
2009-06-16,07:55:00,1.368,0.062,239.890,5.600,0.000,0.000,18.0
2009-06-16,07:56:00,1.364,0.062,239.460,5.600,0.000,0.000,19.0
2009-06-16,07:57:00,1.710,0.180,239.270,7.200,0.000,0.000,18.0
2009-06-16,07:58:00,1.408,0.084,239.430,5.800,1.000,0.000,18.0
2009-06-16,07:59:00,1.372,0.086,239.270,5.600,1.000,0.000,18.0
2009-06-16,08:00:00,1.370,0.082,239.640,5.600,1.000,0.000,18.0
2009-06-16,08:01:00,2.136,0.076,238.040,9.200,1.000,0.000,18.0
2009-06-16,08:02:00,2.120,0.076,238.300,9.200,2.000,0.000,18.0
2009-06-16,08:03:00,1.354,0.090,239.840,5.600,1.000,0.000,19.0
2009-06-16,08:04:00,1.336,0.094,239.940,5.400,1.000,0.000,18.0
2009-06-16,08:05:00,1.328,0.094,239.360,5.400,1.000,0.000,18.0
2009-06-16,08:06:00,1.324,0.092,238.830,5.400,1.000,0.000,18.0
2009-06-16,08:07:00,1.318,0.090,238.530,5.400,1.000,0.000,18.0
2009-06-16,08:08:00,1.322,0.090,238.520,5.400,2.000,0.000,18.0
2009-06-16,08:09:00,1.328,0.094,239.080,5.400,1.000,0.000,18.0
2009-06-16,08:10:00,1.338,0.096,239.640,5.600,1.000,0.000,19.0
2009-06-16,08:11:00,1.322,0.090,238.820,5.400,1.000,0.000,18.0
2009-06-16,08:12:00,1.388,0.090,238.780,5.800,1.000,0.000,18.0
2009-06-16,08:13:00,1.328,0.092,239.130,5.400,2.000,0.000,18.0
2009-06-16,08:14:00,1.344,0.096,240.640,5.600,1.000,0.000,18.0
2009-06-16,08:15:00,1.362,0.116,240.930,5.600,1.000,0.000,19.0
2009-06-16,08:16:00,1.836,0.314,241.110,7.800,1.000,0.000,25.0
2009-06-16,08:17:00,2.042,0.282,241.610,8.400,1.000,0.000,29.0
2009-06-16,08:18:00,2.718,0.266,241.040,12.000,11.000,0.000,30.0
2009-06-16,08:19:00,4.260,0.228,238.680,17.800,38.000,0.000,29.0
2009-06-16,08:20:00,4.248,0.226,238.460,17.800,37.000,0.000,30.0
2009-06-16,08:21:00,4.246,0.228,238.530,17.800,38.000,0.000,29.0
2009-06-16,08:22:00,4.286,0.554,239.010,18.200,38.000,0.000,21.0
2009-06-16,08:23:00,4.574,0.832,238.410,19.600,38.000,0.000,18.0
2009-06-16,08:24:00,4.516,0.816,237.580,19.400,37.000,0.000,18.0
2009-06-16,08:25:00,4.520,0.814,237.780,19.400,37.000,0.000,18.0
2009-06-16,08:26:00,4.494,0.804,237.280,19.400,38.000,0.000,18.0
2009-06-16,08:27:00,4.504,0.814,237.560,19.400,37.000,0.000,18.0
2009-06-16,08:28:00,4.336,0.816,237.670,18.800,36.000,0.000,18.0
2009-06-16,08:29:00,2.386,0.838,239.910,10.800,1.000,0.000,18.0
2009-06-16,08:30:00,2.382,0.834,239.990,10.800,1.000,0.000,18.0
2009-06-16,08:31:00,1.828,0.442,241.180,8.400,1.000,0.000,19.0
2009-06-16,08:32:00,1.294,0.000,242.250,5.200,2.000,0.000,18.0
2009-06-16,08:33:00,1.286,0.000,241.530,5.200,1.000,0.000,19.0
2009-06-16,08:34:00,1.284,0.000,241.650,5.200,1.000,0.000,18.0
2009-06-16,08:35:00,1.284,0.000,241.330,5.200,1.000,0.000,19.0
2009-06-16,08:36:00,1.280,0.000,241.030,5.200,1.000,0.000,18.0
2009-06-16,08:37:00,1.282,0.000,240.950,5.200,2.000,0.000,19.0
2009-06-16,08:38:00,1.276,0.000,240.600,5.200,1.000,0.000,18.0
2009-06-16,08:39:00,1.282,0.000,241.070,5.200,1.000,0.000,18.0
2009-06-16,08:40:00,1.276,0.000,240.920,5.200,1.000,0.000,19.0
2009-06-16,08:41:00,1.274,0.000,240.610,5.200,1.000,0.000,18.0
2009-06-16,08:42:00,1.276,0.000,240.790,5.200,2.000,0.000,18.0
2009-06-16,08:43:00,1.278,0.000,241.040,5.200,1.000,0.000,19.0
2009-06-16,08:44:00,1.284,0.000,241.630,5.200,1.000,0.000,18.0
2009-06-16,08:45:00,1.282,0.000,241.480,5.200,1.000,0.000,19.0
2009-06-16,08:46:00,1.278,0.000,240.990,5.200,1.000,0.000,18.0
2009-06-16,08:47:00,1.280,0.000,241.140,5.200,1.000,0.000,19.0
2009-06-16,08:48:00,1.360,0.082,241.310,5.600,2.000,0.000,18.0
2009-06-16,08:49:00,1.348,0.096,240.660,5.600,1.000,0.000,19.0
2009-06-16,08:50:00,1.350,0.096,240.710,5.600,1.000,0.000,18.0
2009-06-16,08:51:00,1.348,0.096,240.620,5.600,1.000,0.000,18.0
2009-06-16,08:52:00,1.352,0.096,241.040,5.600,1.000,0.000,19.0
2009-06-16,08:53:00,1.344,0.096,240.610,5.600,1.000,0.000,18.0
2009-06-16,08:54:00,1.340,0.094,240.220,5.600,2.000,0.000,18.0
2009-06-16,08:55:00,1.386,0.138,240.270,5.800,1.000,0.000,19.0
2009-06-16,08:56:00,1.448,0.226,240.140,6.000,1.000,0.000,18.0
2009-06-16,08:57:00,1.492,0.224,239.750,6.200,1.000,0.000,18.0
2009-06-16,08:58:00,1.552,0.226,240.350,6.400,1.000,0.000,19.0
2009-06-16,08:59:00,2.668,0.210,238.240,12.000,1.000,0.000,18.0
2009-06-16,09:00:00,2.566,0.208,237.650,11.600,2.000,0.000,18.0
2009-06-16,09:01:00,2.196,0.210,237.570,10.000,1.000,0.000,17.0
2009-06-16,09:02:00,2.242,0.210,237.580,10.200,1.000,0.000,18.0
2009-06-16,09:03:00,1.846,0.218,238.990,8.400,1.000,0.000,19.0
2009-06-16,09:04:00,2.074,0.172,238.760,9.400,1.000,0.000,18.0
2009-06-16,09:05:00,2.096,0.116,239.350,9.600,1.000,0.000,18.0
2009-06-16,09:06:00,1.986,0.116,239.060,9.000,2.000,0.000,18.0
2009-06-16,09:07:00,1.928,0.116,238.720,8.800,1.000,0.000,18.0
2009-06-16,09:08:00,2.096,0.116,239.130,9.600,1.000,0.000,18.0
2009-06-16,09:09:00,1.764,0.118,239.260,8.000,1.000,0.000,18.0
2009-06-16,09:10:00,1.616,0.120,239.150,7.000,1.000,0.000,18.0
2009-06-16,09:11:00,1.410,0.086,239.240,5.800,2.000,0.000,19.0
2009-06-16,09:12:00,1.272,0.000,239.620,5.200,1.000,0.000,18.0
2009-06-16,09:13:00,1.272,0.000,238.850,5.200,1.000,0.000,18.0
2009-06-16,09:14:00,1.252,0.000,238.360,5.200,1.000,0.000,18.0
2009-06-16,09:15:00,1.262,0.000,239.510,5.200,1.000,0.000,18.0
2009-06-16,09:16:00,1.262,0.000,239.380,5.200,1.000,0.000,18.0
2009-06-16,09:17:00,1.260,0.000,239.230,5.200,2.000,0.000,18.0
2009-06-16,09:18:00,1.260,0.000,239.270,5.200,1.000,0.000,19.0
2009-06-16,09:19:00,1.258,0.000,239.140,5.200,1.000,0.000,18.0
2009-06-16,09:20:00,1.248,0.000,239.130,5.200,1.000,0.000,18.0
2009-06-16,09:21:00,1.242,0.000,239.920,5.000,1.000,0.000,18.0
2009-06-16,09:22:00,1.230,0.000,239.860,5.000,0.000,0.000,18.0
2009-06-16,09:23:00,1.268,0.000,239.610,5.200,1.000,0.000,19.0
2009-06-16,09:24:00,1.268,0.000,239.270,5.200,2.000,0.000,18.0
2009-06-16,09:25:00,1.264,0.000,239.230,5.200,1.000,0.000,18.0
2009-06-16,09:26:00,1.290,0.000,239.190,5.400,1.000,0.000,18.0
2009-06-16,09:27:00,1.346,0.110,239.190,5.600,1.000,0.000,18.0
2009-06-16,09:28:00,1.600,0.336,238.700,7.000,1.000,2.000,18.0
2009-06-16,09:29:00,1.980,0.594,238.550,9.000,2.000,1.000,18.0
2009-06-16,09:30:00,1.400,0.228,239.190,5.800,0.000,2.000,19.0
2009-06-16,09:31:00,1.878,0.590,238.800,8.600,1.000,1.000,18.0
2009-06-16,09:32:00,1.482,0.318,239.380,6.400,1.000,2.000,18.0
2009-06-16,09:33:00,1.410,0.222,239.180,5.800,1.000,1.000,18.0
2009-06-16,09:34:00,2.680,0.204,238.180,12.000,20.000,1.000,18.0
2009-06-16,09:35:00,3.652,0.308,236.230,15.400,37.000,2.000,18.0
2009-06-16,09:36:00,3.642,0.314,236.270,15.400,37.000,1.000,17.0
2009-06-16,09:37:00,3.650,0.316,236.750,15.400,38.000,2.000,18.0
2009-06-16,09:38:00,3.644,0.318,236.750,15.400,37.000,1.000,18.0
2009-06-16,09:39:00,3.618,0.312,235.930,15.200,36.000,1.000,18.0
2009-06-16,09:40:00,3.636,0.316,236.520,15.400,37.000,2.000,17.0
2009-06-16,09:41:00,3.630,0.314,236.360,15.400,37.000,1.000,18.0
2009-06-16,09:42:00,3.620,0.314,236.230,15.200,37.000,2.000,18.0
2009-06-16,09:43:00,3.604,0.314,236.040,15.200,37.000,1.000,18.0
2009-06-16,09:44:00,3.592,0.312,235.560,15.200,36.000,1.000,17.0
2009-06-16,09:45:00,3.592,0.312,235.840,15.200,37.000,1.000,18.0
2009-06-16,09:46:00,3.310,0.362,236.370,14.600,25.000,2.000,25.0
2009-06-16,09:47:00,2.080,0.344,237.940,8.800,0.000,1.000,28.0
2009-06-16,09:48:00,2.108,0.344,237.890,9.000,0.000,1.000,29.0
2009-06-16,09:49:00,2.130,0.348,237.990,9.000,0.000,1.000,29.0
2009-06-16,09:50:00,2.150,0.378,237.920,9.000,1.000,2.000,29.0
2009-06-16,09:51:00,1.926,0.218,238.400,8.200,0.000,1.000,28.0
2009-06-16,09:52:00,1.370,0.098,239.010,5.600,0.000,1.000,18.0
2009-06-16,09:53:00,1.372,0.098,239.400,5.600,0.000,1.000,18.0
2009-06-16,09:54:00,1.364,0.098,238.820,5.600,0.000,2.000,18.0
2009-06-16,09:55:00,1.360,0.096,238.320,5.600,0.000,1.000,18.0
2009-06-16,09:56:00,1.356,0.096,238.030,5.600,0.000,1.000,18.0
2009-06-16,09:57:00,1.300,0.000,237.230,5.400,0.000,0.000,18.0
2009-06-16,09:58:00,1.272,0.000,236.900,5.200,0.000,0.000,18.0
2009-06-16,09:59:00,1.282,0.000,237.800,5.400,0.000,0.000,18.0
2009-06-16,10:00:00,1.282,0.000,237.690,5.400,0.000,0.000,18.0
2009-06-16,10:01:00,1.278,0.000,237.270,5.400,0.000,0.000,18.0
2009-06-16,10:02:00,1.282,0.000,237.690,5.400,0.000,0.000,18.0
2009-06-16,10:03:00,1.276,0.000,237.010,5.200,0.000,0.000,17.0
2009-06-16,10:04:00,1.278,0.000,237.250,5.400,0.000,0.000,18.0
2009-06-16,10:05:00,1.272,0.000,236.710,5.200,0.000,0.000,18.0
2009-06-16,10:06:00,1.652,0.362,237.030,7.400,0.000,0.000,18.0
2009-06-16,10:07:00,1.850,0.528,238.250,8.400,0.000,0.000,18.0
2009-06-16,10:08:00,1.746,0.506,238.380,7.800,0.000,0.000,18.0
2009-06-16,10:09:00,1.686,0.458,238.990,7.600,0.000,0.000,18.0
2009-06-16,10:10:00,1.196,0.000,239.540,5.000,0.000,0.000,18.0
2009-06-16,10:11:00,1.194,0.000,239.430,5.000,0.000,0.000,19.0
2009-06-16,10:12:00,1.200,0.000,239.950,5.000,0.000,0.000,18.0
2009-06-16,10:13:00,1.202,0.000,240.160,5.000,0.000,0.000,18.0
2009-06-16,10:14:00,1.266,0.052,239.450,5.200,0.000,0.000,18.0
2009-06-16,10:15:00,1.302,0.112,239.400,5.400,0.000,0.000,18.0
2009-06-16,10:16:00,1.952,0.578,238.130,8.800,0.000,0.000,18.0
2009-06-16,10:17:00,2.016,0.620,237.490,9.000,0.000,0.000,18.0
2009-06-16,10:18:00,2.114,0.714,238.150,9.600,0.000,0.000,18.0
2009-06-16,10:19:00,1.770,0.492,239.060,8.000,0.000,0.000,18.0
2009-06-16,10:20:00,1.374,0.224,239.630,5.800,0.000,0.000,19.0
2009-06-16,10:21:00,1.400,0.256,239.270,5.800,0.000,0.000,18.0
2009-06-16,10:22:00,1.362,0.214,239.360,5.600,0.000,0.000,18.0
2009-06-16,10:23:00,1.368,0.216,240.140,5.600,0.000,0.000,18.0
2009-06-16,10:24:00,1.366,0.216,240.160,5.600,0.000,0.000,19.0
2009-06-16,10:25:00,1.360,0.216,239.630,5.600,0.000,0.000,18.0
2009-06-16,10:26:00,1.362,0.216,240.030,5.600,0.000,0.000,18.0
2009-06-16,10:27:00,1.370,0.220,240.730,5.600,0.000,0.000,18.0
2009-06-16,10:28:00,1.368,0.220,240.740,5.600,0.000,0.000,19.0
2009-06-16,10:29:00,1.376,0.222,241.430,5.600,0.000,0.000,18.0
2009-06-16,10:30:00,1.310,0.128,241.620,5.400,0.000,0.000,19.0
2009-06-16,10:31:00,1.284,0.090,241.760,5.200,0.000,0.000,18.0
2009-06-16,10:32:00,1.284,0.090,241.790,5.200,0.000,0.000,19.0
2009-06-16,10:33:00,1.268,0.066,241.670,5.200,0.000,0.000,18.0
2009-06-16,10:34:00,1.216,0.000,241.740,5.000,0.000,0.000,19.0
2009-06-16,10:35:00,1.224,0.000,242.530,5.000,0.000,0.000,19.0
2009-06-16,10:36:00,1.224,0.000,242.570,5.000,0.000,0.000,18.0
2009-06-16,10:37:00,1.220,0.000,242.130,5.000,0.000,0.000,19.0
2009-06-16,10:38:00,1.208,0.000,240.930,5.000,0.000,0.000,18.0
2009-06-16,10:39:00,1.208,0.000,240.960,5.000,0.000,0.000,19.0
2009-06-16,10:40:00,1.208,0.000,240.760,5.000,0.000,0.000,18.0
2009-06-16,10:41:00,1.208,0.000,240.950,5.000,0.000,0.000,19.0
2009-06-16,10:42:00,1.208,0.000,240.880,5.000,0.000,0.000,18.0
2009-06-16,10:43:00,1.210,0.000,241.090,5.000,0.000,0.000,18.0
2009-06-16,10:44:00,1.206,0.000,240.770,5.000,0.000,0.000,19.0
2009-06-16,10:45:00,1.200,0.000,240.120,5.000,0.000,0.000,18.0
2009-06-16,10:46:00,1.196,0.000,239.660,5.000,0.000,0.000,18.0
2009-06-16,10:47:00,1.198,0.000,239.880,5.000,0.000,0.000,19.0
2009-06-16,10:48:00,1.540,0.052,239.680,6.600,0.000,0.000,23.0
2009-06-16,10:49:00,1.824,0.100,238.590,7.600,0.000,0.000,29.0
2009-06-16,10:50:00,1.854,0.102,238.720,7.800,0.000,0.000,29.0
2009-06-16,10:51:00,1.872,0.100,238.700,7.800,0.000,0.000,29.0
2009-06-16,10:52:00,1.882,0.104,239.150,7.800,0.000,0.000,30.0
2009-06-16,10:53:00,1.926,0.148,239.160,8.000,0.000,0.000,29.0
2009-06-16,10:54:00,1.304,0.112,239.630,5.400,0.000,0.000,19.0
2009-06-16,10:55:00,1.302,0.114,239.820,5.400,0.000,0.000,18.0
2009-06-16,10:56:00,1.300,0.114,239.750,5.400,0.000,0.000,18.0
2009-06-16,10:57:00,1.306,0.116,240.580,5.400,0.000,0.000,19.0
2009-06-16,10:58:00,1.292,0.112,239.320,5.400,0.000,0.000,18.0
2009-06-16,10:59:00,1.284,0.110,238.550,5.400,0.000,0.000,18.0
2009-06-16,11:00:00,1.288,0.112,239.160,5.400,0.000,0.000,18.0
2009-06-16,11:01:00,1.294,0.112,239.730,5.400,0.000,0.000,18.0
2009-06-16,11:02:00,1.300,0.116,240.540,5.400,0.000,0.000,19.0
2009-06-16,11:03:00,1.298,0.116,240.400,5.400,0.000,0.000,18.0
2009-06-16,11:04:00,1.296,0.114,240.210,5.400,0.000,0.000,18.0
2009-06-16,11:05:00,1.336,0.146,240.440,5.600,0.000,0.000,19.0
2009-06-16,11:06:00,1.374,0.218,240.560,5.600,0.000,0.000,18.0
2009-06-16,11:07:00,1.376,0.218,240.700,5.800,0.000,0.000,18.0
2009-06-16,11:08:00,1.366,0.216,239.910,5.600,0.000,0.000,19.0
2009-06-16,11:09:00,1.328,0.158,240.290,5.400,0.000,0.000,18.0
2009-06-16,11:10:00,1.288,0.086,240.550,5.200,0.000,0.000,18.0
2009-06-16,11:11:00,1.384,0.084,240.420,5.600,0.000,0.000,19.0
2009-06-16,11:12:00,1.382,0.084,240.400,5.600,0.000,0.000,18.0
2009-06-16,11:13:00,1.386,0.084,240.760,5.600,0.000,0.000,18.0
2009-06-16,11:14:00,1.356,0.078,238.100,5.600,0.000,0.000,18.0
2009-06-16,11:15:00,1.356,0.078,238.100,5.600,0.000,0.000,18.0
2009-06-16,11:16:00,1.346,0.076,237.180,5.600,0.000,0.000,18.0
2009-06-16,11:17:00,1.426,0.076,237.510,6.000,0.000,0.000,18.0
2009-06-16,11:18:00,1.450,0.074,237.220,6.000,0.000,0.000,18.0
2009-06-16,11:19:00,1.356,0.076,237.370,5.600,0.000,0.000,18.0
2009-06-16,11:20:00,1.366,0.076,237.310,5.800,0.000,1.000,18.0
2009-06-16,11:21:00,1.372,0.096,237.760,5.600,0.000,1.000,18.0
2009-06-16,11:22:00,1.290,0.094,236.560,5.400,0.000,1.000,17.0
2009-06-16,11:23:00,1.252,0.094,236.480,5.200,0.000,2.000,18.0
2009-06-16,11:24:00,1.260,0.096,237.320,5.200,0.000,1.000,18.0
2009-06-16,11:25:00,1.268,0.098,238.120,5.200,0.000,2.000,18.0
2009-06-16,11:26:00,1.276,0.100,238.470,5.200,0.000,1.000,18.0
2009-06-16,11:27:00,1.314,0.100,239.160,5.400,0.000,2.000,18.0
2009-06-16,11:28:00,1.280,0.102,239.550,5.200,0.000,1.000,18.0
2009-06-16,11:29:00,1.278,0.102,239.390,5.200,0.000,2.000,19.0
2009-06-16,11:30:00,1.272,0.100,239.010,5.200,0.000,1.000,18.0
2009-06-16,11:31:00,1.278,0.102,239.570,5.200,0.000,1.000,18.0
2009-06-16,11:32:00,1.304,0.116,240.000,5.400,0.000,2.000,18.0
2009-06-16,11:33:00,1.384,0.232,239.410,5.800,0.000,1.000,18.0
2009-06-16,11:34:00,1.378,0.232,239.360,5.800,0.000,2.000,19.0
2009-06-16,11:35:00,1.372,0.232,239.180,5.800,0.000,1.000,18.0
2009-06-16,11:36:00,1.372,0.232,239.250,5.800,0.000,1.000,18.0
2009-06-16,11:37:00,1.372,0.234,239.670,5.800,0.000,1.000,18.0
2009-06-16,11:38:00,1.372,0.234,239.820,5.800,0.000,2.000,18.0
2009-06-16,11:39:00,1.370,0.234,239.670,5.800,0.000,1.000,19.0
2009-06-16,11:40:00,1.366,0.232,239.410,5.600,0.000,1.000,18.0
2009-06-16,11:41:00,1.358,0.230,238.860,5.600,0.000,2.000,18.0
2009-06-16,11:42:00,1.358,0.232,239.070,5.600,0.000,1.000,18.0
2009-06-16,11:43:00,1.360,0.232,239.310,5.600,0.000,1.000,18.0
2009-06-16,11:44:00,1.358,0.232,239.240,5.600,0.000,1.000,18.0
2009-06-16,11:45:00,1.366,0.234,240.050,5.600,0.000,2.000,19.0
2009-06-16,11:46:00,1.364,0.234,239.980,5.600,0.000,1.000,18.0
2009-06-16,11:47:00,1.364,0.234,239.910,5.600,0.000,1.000,18.0
2009-06-16,11:48:00,1.356,0.224,239.850,5.600,0.000,1.000,18.0
2009-06-16,11:49:00,1.268,0.102,239.660,5.200,0.000,2.000,19.0
2009-06-16,11:50:00,1.272,0.102,240.000,5.200,0.000,1.000,18.0
2009-06-16,11:51:00,1.274,0.102,240.280,5.200,0.000,1.000,18.0
2009-06-16,11:52:00,1.332,0.150,240.640,5.600,0.000,1.000,19.0
2009-06-16,11:53:00,1.280,0.086,240.500,5.200,0.000,0.000,18.0
2009-06-16,11:54:00,1.274,0.084,239.940,5.200,0.000,0.000,18.0
2009-06-16,11:55:00,1.270,0.084,239.610,5.200,0.000,0.000,18.0
2009-06-16,11:56:00,1.276,0.086,240.250,5.200,0.000,0.000,19.0
2009-06-16,11:57:00,1.272,0.086,240.060,5.200,0.000,0.000,18.0
2009-06-16,11:58:00,1.268,0.086,239.760,5.200,0.000,0.000,18.0
2009-06-16,11:59:00,1.264,0.084,239.580,5.200,0.000,0.000,19.0
2009-06-16,12:00:00,1.260,0.084,239.170,5.200,0.000,0.000,18.0
2009-06-16,12:01:00,1.270,0.086,240.140,5.200,0.000,0.000,18.0
2009-06-16,12:02:00,1.270,0.086,240.290,5.200,0.000,0.000,18.0
2009-06-16,12:03:00,1.268,0.086,240.040,5.200,0.000,0.000,19.0
2009-06-16,12:04:00,1.266,0.086,240.010,5.200,0.000,0.000,18.0
2009-06-16,12:05:00,1.268,0.086,240.190,5.200,0.000,0.000,18.0
2009-06-16,12:06:00,1.236,0.000,240.030,5.000,0.000,0.000,18.0
2009-06-16,12:07:00,1.194,0.000,239.490,5.000,0.000,0.000,19.0
2009-06-16,12:08:00,1.196,0.000,239.700,5.000,0.000,0.000,18.0
2009-06-16,12:09:00,1.192,0.000,239.310,5.000,0.000,0.000,18.0
2009-06-16,12:10:00,1.194,0.000,239.420,5.000,0.000,0.000,18.0
2009-06-16,12:11:00,1.194,0.000,239.500,5.000,0.000,0.000,18.0
2009-06-16,12:12:00,1.304,0.092,240.330,5.400,0.000,0.000,19.0
2009-06-16,12:13:00,1.524,0.160,239.470,6.400,0.000,0.000,21.0
2009-06-16,12:14:00,1.918,0.234,238.760,8.000,0.000,0.000,29.0
2009-06-16,12:15:00,1.940,0.234,238.680,8.200,0.000,0.000,29.0
2009-06-16,12:16:00,1.964,0.232,238.410,8.200,0.000,0.000,29.0
2009-06-16,12:17:00,1.974,0.236,238.850,8.200,0.000,0.000,29.0
2009-06-16,12:18:00,1.982,0.238,239.380,8.200,0.000,0.000,30.0
2009-06-16,12:19:00,1.526,0.156,239.940,6.400,0.000,0.000,22.0
2009-06-16,12:20:00,1.300,0.118,240.480,5.400,0.000,0.000,19.0
2009-06-16,12:21:00,1.298,0.116,240.460,5.400,0.000,0.000,18.0
2009-06-16,12:22:00,1.298,0.116,240.420,5.400,0.000,0.000,18.0
2009-06-16,12:23:00,1.288,0.114,239.520,5.400,0.000,0.000,19.0
2009-06-16,12:24:00,1.296,0.122,239.720,5.400,0.000,0.000,18.0
2009-06-16,12:25:00,1.296,0.124,239.610,5.400,0.000,0.000,18.0
2009-06-16,12:26:00,1.298,0.124,239.800,5.400,0.000,0.000,18.0
2009-06-16,12:27:00,1.304,0.126,240.310,5.400,0.000,0.000,19.0
2009-06-16,12:28:00,1.244,0.000,240.040,5.200,0.000,0.000,18.0
2009-06-16,12:29:00,1.210,0.000,240.590,5.000,0.000,0.000,18.0
2009-06-16,12:30:00,1.206,0.000,240.710,5.000,0.000,0.000,19.0
2009-06-16,12:31:00,1.210,0.000,241.060,5.000,0.000,0.000,18.0
2009-06-16,12:32:00,1.202,0.000,240.380,5.000,0.000,0.000,18.0
2009-06-16,12:33:00,1.200,0.000,240.220,5.000,0.000,0.000,19.0
2009-06-16,12:34:00,1.198,0.000,239.890,5.000,0.000,0.000,18.0
2009-06-16,12:35:00,1.208,0.000,240.240,5.000,0.000,0.000,18.0
2009-06-16,12:36:00,1.212,0.000,240.040,5.000,0.000,0.000,19.0
2009-06-16,12:37:00,1.284,0.000,240.570,5.400,0.000,0.000,18.0
2009-06-16,12:38:00,1.540,0.324,240.090,6.600,0.000,0.000,18.0
2009-06-16,12:39:00,1.608,0.416,241.710,6.800,0.000,0.000,19.0
2009-06-16,12:40:00,1.598,0.408,241.330,6.800,0.000,0.000,18.0
2009-06-16,12:41:00,1.592,0.404,241.180,6.800,0.000,0.000,19.0
2009-06-16,12:42:00,1.582,0.398,240.730,6.800,0.000,0.000,18.0
2009-06-16,12:43:00,1.576,0.394,240.660,6.600,0.000,0.000,18.0
2009-06-16,12:44:00,1.570,0.390,240.440,6.600,0.000,0.000,19.0
2009-06-16,12:45:00,1.566,0.388,240.400,6.600,0.000,0.000,18.0
2009-06-16,12:46:00,1.558,0.382,239.960,6.600,0.000,0.000,18.0
2009-06-16,12:47:00,1.562,0.384,240.440,6.600,0.000,0.000,19.0
2009-06-16,12:48:00,1.562,0.384,240.400,6.600,0.000,0.000,18.0
2009-06-16,12:49:00,1.564,0.384,240.730,6.600,0.000,0.000,18.0
2009-06-16,12:50:00,1.564,0.382,240.990,6.600,0.000,0.000,19.0
2009-06-16,12:51:00,1.564,0.382,241.090,6.600,0.000,0.000,18.0
2009-06-16,12:52:00,2.088,0.374,240.500,9.000,0.000,0.000,19.0
2009-06-16,12:53:00,2.512,0.362,239.380,10.600,0.000,0.000,18.0
2009-06-16,12:54:00,2.082,0.366,239.070,9.000,0.000,0.000,18.0
2009-06-16,12:55:00,1.556,0.372,239.330,6.600,0.000,0.000,18.0
2009-06-16,12:56:00,1.548,0.374,239.810,6.600,0.000,0.000,18.0
2009-06-16,12:57:00,1.546,0.370,239.840,6.600,0.000,0.000,19.0
2009-06-16,12:58:00,2.266,0.230,239.100,9.600,0.000,0.000,18.0
2009-06-16,12:59:00,2.342,0.228,238.850,9.800,0.000,0.000,18.0
2009-06-16,13:00:00,1.376,0.178,239.560,5.800,0.000,0.000,18.0
2009-06-16,13:01:00,1.264,0.084,239.760,5.200,0.000,0.000,18.0
2009-06-16,13:02:00,1.272,0.086,240.590,5.200,0.000,0.000,19.0
2009-06-16,13:03:00,1.274,0.086,240.870,5.200,0.000,0.000,18.0
2009-06-16,13:04:00,1.274,0.086,240.930,5.200,0.000,0.000,18.0
2009-06-16,13:05:00,1.266,0.084,240.060,5.200,0.000,0.000,19.0
2009-06-16,13:06:00,1.262,0.084,239.630,5.200,0.000,0.000,18.0
2009-06-16,13:07:00,1.266,0.084,240.040,5.200,0.000,0.000,18.0
2009-06-16,13:08:00,1.264,0.084,240.010,5.200,0.000,0.000,19.0
2009-06-16,13:09:00,1.266,0.084,240.170,5.200,0.000,0.000,18.0
2009-06-16,13:10:00,1.266,0.084,240.190,5.200,0.000,0.000,18.0
2009-06-16,13:11:00,1.270,0.084,240.490,5.200,0.000,0.000,18.0
2009-06-16,13:12:00,1.266,0.084,240.210,5.200,0.000,0.000,19.0
2009-06-16,13:13:00,1.268,0.086,240.490,5.200,0.000,0.000,18.0
2009-06-16,13:14:00,1.214,0.000,240.830,5.000,0.000,0.000,18.0
2009-06-16,13:15:00,1.202,0.000,240.370,5.000,0.000,0.000,19.0
2009-06-16,13:16:00,1.202,0.000,240.410,5.000,0.000,0.000,18.0
2009-06-16,13:17:00,1.278,0.066,240.510,5.200,0.000,0.000,18.0
2009-06-16,13:18:00,1.290,0.104,240.390,5.200,0.000,1.000,19.0
2009-06-16,13:19:00,1.298,0.104,240.480,5.400,0.000,2.000,18.0
2009-06-16,13:20:00,1.398,0.224,240.440,5.800,0.000,1.000,18.0
2009-06-16,13:21:00,1.394,0.236,240.130,5.800,0.000,2.000,19.0
2009-06-16,13:22:00,1.390,0.238,240.260,5.800,0.000,1.000,18.0
2009-06-16,13:23:00,1.390,0.238,240.330,5.800,0.000,2.000,18.0
2009-06-16,13:24:00,1.386,0.238,240.310,5.800,0.000,1.000,19.0
2009-06-16,13:25:00,1.382,0.236,240.070,5.800,0.000,2.000,18.0
2009-06-16,13:26:00,1.382,0.238,240.180,5.800,0.000,1.000,18.0
2009-06-16,13:27:00,1.374,0.234,239.570,5.800,0.000,1.000,19.0
2009-06-16,13:28:00,1.374,0.236,239.770,5.800,0.000,2.000,18.0
2009-06-16,13:29:00,1.372,0.236,239.690,5.800,0.000,1.000,18.0
2009-06-16,13:30:00,1.368,0.234,239.360,5.800,0.000,2.000,18.0
2009-06-16,13:31:00,1.368,0.234,239.650,5.800,0.000,1.000,18.0
2009-06-16,13:32:00,1.366,0.234,239.570,5.600,0.000,1.000,19.0
2009-06-16,13:33:00,1.368,0.234,239.850,5.800,0.000,2.000,18.0
2009-06-16,13:34:00,1.364,0.234,239.720,5.600,0.000,1.000,18.0
2009-06-16,13:35:00,1.366,0.234,239.970,5.600,0.000,1.000,18.0
2009-06-16,13:36:00,1.370,0.234,240.180,5.800,0.000,1.000,19.0
2009-06-16,13:37:00,1.280,0.112,239.810,5.200,0.000,2.000,18.0
2009-06-16,13:38:00,1.266,0.100,239.300,5.200,0.000,1.000,18.0
2009-06-16,13:39:00,1.266,0.100,239.310,5.200,0.000,1.000,18.0
2009-06-16,13:40:00,1.268,0.100,239.590,5.200,0.000,2.000,18.0
2009-06-16,13:41:00,1.266,0.100,239.300,5.200,0.000,1.000,19.0
2009-06-16,13:42:00,1.288,0.112,239.210,5.400,0.000,1.000,18.0
2009-06-16,13:43:00,1.338,0.200,239.070,5.600,0.000,1.000,18.0
2009-06-16,13:44:00,1.336,0.200,238.880,5.600,0.000,1.000,18.0
2009-06-16,13:45:00,1.336,0.200,239.020,5.600,0.000,2.000,18.0
2009-06-16,13:46:00,1.338,0.202,239.370,5.600,0.000,1.000,18.0
2009-06-16,13:47:00,1.336,0.202,239.450,5.600,0.000,1.000,18.0
2009-06-16,13:48:00,1.336,0.202,239.460,5.600,0.000,1.000,19.0
2009-06-16,13:49:00,1.274,0.106,239.120,5.200,0.000,1.000,18.0
2009-06-16,13:50:00,1.264,0.082,239.670,5.200,0.000,0.000,18.0
2009-06-16,13:51:00,1.262,0.082,239.430,5.200,0.000,0.000,18.0
2009-06-16,13:52:00,1.260,0.082,239.290,5.200,0.000,0.000,18.0
2009-06-16,13:53:00,1.258,0.082,239.280,5.200,0.000,0.000,19.0
2009-06-16,13:54:00,1.246,0.080,237.940,5.200,0.000,0.000,18.0
2009-06-16,13:55:00,1.232,0.076,236.540,5.200,0.000,0.000,17.0
2009-06-16,13:56:00,1.226,0.076,236.100,5.200,0.000,0.000,18.0
2009-06-16,13:57:00,1.230,0.076,236.430,5.200,0.000,0.000,18.0
2009-06-16,13:58:00,1.230,0.076,236.470,5.200,0.000,0.000,18.0
2009-06-16,13:59:00,1.278,0.116,236.910,5.400,0.000,0.000,17.0
2009-06-16,14:00:00,1.632,0.258,236.260,7.000,0.000,0.000,23.0
2009-06-16,14:01:00,1.940,0.306,236.150,8.200,0.000,0.000,27.0
2009-06-16,14:02:00,1.912,0.216,236.340,8.000,0.000,0.000,29.0
2009-06-16,14:03:00,1.936,0.216,236.330,8.200,0.000,0.000,29.0
2009-06-16,14:04:00,1.934,0.212,235.700,8.200,0.000,0.000,29.0
2009-06-16,14:05:00,1.972,0.234,238.680,8.200,0.000,0.000,29.0
2009-06-16,14:06:00,1.370,0.128,239.680,5.800,0.000,0.000,20.0
2009-06-16,14:07:00,1.300,0.116,240.420,5.400,0.000,0.000,18.0
2009-06-16,14:08:00,1.312,0.116,240.650,5.400,0.000,0.000,19.0
2009-06-16,14:09:00,1.292,0.114,239.670,5.400,0.000,0.000,18.0
2009-06-16,14:10:00,1.292,0.114,240.000,5.400,0.000,0.000,18.0
2009-06-16,14:11:00,1.288,0.112,239.540,5.400,0.000,0.000,18.0
2009-06-16,14:12:00,1.306,0.120,241.470,5.400,0.000,0.000,19.0
2009-06-16,14:13:00,1.302,0.118,241.110,5.400,0.000,0.000,18.0
2009-06-16,14:14:00,1.296,0.116,240.550,5.400,0.000,0.000,19.0
2009-06-16,14:15:00,1.288,0.114,239.720,5.400,0.000,0.000,18.0
2009-06-16,14:16:00,1.234,0.000,239.820,5.000,0.000,0.000,18.0
2009-06-16,14:17:00,1.202,0.000,240.290,5.000,0.000,0.000,18.0
2009-06-16,14:18:00,1.204,0.000,240.460,5.000,0.000,0.000,19.0
2009-06-16,14:19:00,1.206,0.000,240.780,5.000,0.000,0.000,18.0
2009-06-16,14:20:00,1.204,0.000,240.520,5.000,0.000,0.000,19.0
2009-06-16,14:21:00,1.204,0.000,240.610,5.000,0.000,0.000,18.0
2009-06-16,14:22:00,1.200,0.000,240.160,5.000,0.000,0.000,18.0
2009-06-16,14:23:00,1.198,0.000,239.910,5.000,0.000,0.000,18.0
2009-06-16,14:24:00,1.196,0.000,239.740,5.000,0.000,0.000,19.0
2009-06-16,14:25:00,1.186,0.000,238.670,4.800,0.000,0.000,18.0
2009-06-16,14:26:00,1.238,0.000,238.450,5.200,0.000,0.000,18.0
2009-06-16,14:27:00,1.266,0.082,239.130,5.200,0.000,0.000,18.0
2009-06-16,14:28:00,1.262,0.082,238.580,5.200,0.000,0.000,18.0
2009-06-16,14:29:00,1.280,0.100,239.260,5.200,0.000,0.000,18.0
2009-06-16,14:30:00,1.370,0.114,238.870,5.600,1.000,0.000,18.0
2009-06-16,14:31:00,1.968,0.096,238.860,9.200,10.000,0.000,18.0
2009-06-16,14:32:00,3.528,0.084,238.120,14.800,38.000,0.000,18.0
2009-06-16,14:33:00,3.506,0.080,237.500,14.600,38.000,0.000,18.0
2009-06-16,14:34:00,3.506,0.074,237.640,14.600,37.000,0.000,18.0
2009-06-16,14:35:00,3.496,0.074,237.660,14.600,38.000,0.000,18.0
2009-06-16,14:36:00,3.594,0.072,237.640,15.000,37.000,0.000,18.0
2009-06-16,14:37:00,3.310,0.078,238.830,14.000,36.000,0.000,18.0
2009-06-16,14:38:00,1.348,0.096,240.980,5.600,1.000,0.000,19.0
2009-06-16,14:39:00,1.450,0.216,240.500,6.000,1.000,0.000,18.0
2009-06-16,14:40:00,1.454,0.230,240.990,6.000,1.000,0.000,18.0
2009-06-16,14:41:00,1.446,0.232,240.660,6.000,1.000,0.000,19.0
2009-06-16,14:42:00,1.454,0.238,240.690,6.000,1.000,0.000,18.0
2009-06-16,14:43:00,1.456,0.254,240.830,6.000,2.000,0.000,18.0
2009-06-16,14:44:00,1.420,0.280,240.780,6.000,0.000,0.000,19.0
2009-06-16,14:45:00,1.422,0.282,241.160,6.000,1.000,0.000,18.0
2009-06-16,14:46:00,1.420,0.284,241.080,6.000,1.000,0.000,19.0
2009-06-16,14:47:00,1.390,0.240,241.050,5.800,0.000,0.000,18.0
2009-06-16,14:48:00,1.420,0.250,240.870,6.000,1.000,0.000,19.0
2009-06-16,14:49:00,1.460,0.250,241.380,6.000,1.000,0.000,18.0
2009-06-16,14:50:00,3.482,0.216,239.310,14.600,34.000,0.000,18.0
2009-06-16,14:51:00,3.618,0.208,238.830,15.000,38.000,0.000,18.0
2009-06-16,14:52:00,1.806,0.246,238.690,8.400,9.000,0.000,18.0
2009-06-16,14:53:00,1.376,0.244,238.450,5.800,0.000,0.000,18.0
2009-06-16,14:54:00,1.420,0.232,239.070,6.000,2.000,0.000,19.0
2009-06-16,14:55:00,3.482,0.132,236.790,14.600,35.000,0.000,17.0
2009-06-16,14:56:00,3.478,0.072,237.130,14.600,37.000,0.000,18.0
2009-06-16,14:57:00,3.466,0.072,236.800,14.600,37.000,0.000,18.0
2009-06-16,14:58:00,3.470,0.072,237.160,14.600,37.000,0.000,18.0
2009-06-16,14:59:00,3.432,0.000,237.480,14.400,37.000,0.000,18.0
2009-06-16,15:00:00,3.336,0.000,237.580,14.000,38.000,0.000,17.0
2009-06-16,15:01:00,2.348,0.000,238.790,9.800,37.000,0.000,1.0
2009-06-16,15:02:00,0.170,0.000,240.700,0.600,2.000,0.000,0.0
2009-06-16,15:03:00,0.156,0.000,240.490,0.600,0.000,0.000,1.0
2009-06-16,15:04:00,0.150,0.000,240.860,0.600,0.000,0.000,1.0
2009-06-16,15:05:00,0.174,0.000,241.370,0.800,1.000,0.000,0.0
2009-06-16,15:06:00,0.138,0.000,241.460,0.600,0.000,0.000,1.0
2009-06-16,15:07:00,0.138,0.000,241.160,0.600,0.000,0.000,1.0
2009-06-16,15:08:00,0.138,0.000,241.250,0.600,0.000,0.000,0.0
2009-06-16,15:09:00,0.138,0.000,241.130,0.600,0.000,0.000,1.0
2009-06-16,15:10:00,0.138,0.000,240.870,0.600,0.000,0.000,1.0
2009-06-16,15:11:00,0.138,0.000,241.390,0.600,0.000,0.000,0.0
2009-06-16,15:12:00,0.138,0.000,241.420,0.600,0.000,0.000,1.0
2009-06-16,15:13:00,0.140,0.000,241.970,0.600,0.000,0.000,1.0
2009-06-16,15:14:00,0.140,0.000,241.990,0.600,0.000,0.000,0.0
2009-06-16,15:15:00,0.194,0.052,241.560,1.000,0.000,0.000,1.0
2009-06-16,15:16:00,0.230,0.120,241.960,1.000,0.000,1.000,1.0
2009-06-16,15:17:00,0.274,0.164,242.170,1.400,0.000,1.000,0.0
2009-06-16,15:18:00,0.336,0.252,241.370,1.600,0.000,2.000,1.0
2009-06-16,15:19:00,0.334,0.252,241.380,1.600,0.000,1.000,1.0
2009-06-16,15:20:00,0.330,0.250,241.130,1.600,0.000,2.000,0.0
2009-06-16,15:21:00,0.330,0.252,241.560,1.600,0.000,1.000,1.0
2009-06-16,15:22:00,0.328,0.254,241.710,1.600,0.000,2.000,0.0
2009-06-16,15:23:00,0.326,0.252,241.400,1.600,0.000,1.000,1.0
2009-06-16,15:24:00,0.324,0.254,241.470,1.600,0.000,2.000,1.0
2009-06-16,15:25:00,0.322,0.254,241.870,1.600,0.000,1.000,0.0
2009-06-16,15:26:00,0.320,0.254,242.010,1.600,0.000,1.000,1.0
2009-06-16,15:27:00,0.318,0.252,241.540,1.600,0.000,2.000,1.0
2009-06-16,15:28:00,0.316,0.250,241.060,1.600,0.000,1.000,0.0
2009-06-16,15:29:00,0.316,0.254,241.550,1.600,0.000,2.000,1.0
2009-06-16,15:30:00,0.314,0.254,241.730,1.600,0.000,1.000,1.0
2009-06-16,15:31:00,0.314,0.254,241.680,1.600,0.000,1.000,0.0
2009-06-16,15:32:00,0.368,0.308,241.920,2.000,0.000,2.000,1.0
2009-06-16,15:33:00,0.380,0.350,242.160,2.000,0.000,1.000,1.0
2009-06-16,15:34:00,0.294,0.222,241.630,1.400,0.000,1.000,0.0
2009-06-16,15:35:00,0.292,0.224,241.910,1.400,0.000,1.000,1.0
2009-06-16,15:36:00,0.290,0.222,241.320,1.400,0.000,2.000,1.0
2009-06-16,15:37:00,0.288,0.222,241.770,1.400,0.000,1.000,0.0
2009-06-16,15:38:00,0.286,0.224,242.120,1.400,0.000,1.000,1.0
2009-06-16,15:39:00,0.286,0.224,242.280,1.400,0.000,2.000,1.0
2009-06-16,15:40:00,0.284,0.222,241.650,1.400,0.000,1.000,0.0
2009-06-16,15:41:00,0.282,0.220,241.350,1.400,0.000,1.000,1.0
2009-06-16,15:42:00,0.282,0.222,241.680,1.400,0.000,1.000,1.0
2009-06-16,15:43:00,0.282,0.222,241.640,1.400,0.000,1.000,0.0
2009-06-16,15:44:00,0.280,0.220,241.150,1.400,0.000,2.000,1.0
2009-06-16,15:45:00,0.280,0.222,241.590,1.400,0.000,1.000,1.0
2009-06-16,15:46:00,0.220,0.120,241.570,1.000,0.000,0.000,0.0
2009-06-16,15:47:00,0.208,0.100,241.590,0.800,0.000,0.000,1.0
2009-06-16,15:48:00,0.208,0.102,241.740,0.800,0.000,0.000,1.0
2009-06-16,15:49:00,0.154,0.000,242.250,0.600,0.000,0.000,0.0
2009-06-16,15:50:00,0.730,0.130,241.300,3.200,0.000,0.000,10.0
2009-06-16,15:51:00,0.778,0.134,241.510,3.200,0.000,0.000,12.0
2009-06-16,15:52:00,0.812,0.132,241.550,3.400,0.000,0.000,12.0
2009-06-16,15:53:00,0.824,0.130,241.210,3.400,0.000,0.000,12.0
2009-06-16,15:54:00,0.828,0.130,241.170,3.400,0.000,0.000,12.0
2009-06-16,15:55:00,0.260,0.000,241.210,1.400,0.000,0.000,3.0
2009-06-16,15:56:00,0.242,0.108,241.510,1.200,0.000,0.000,1.0
2009-06-16,15:57:00,0.294,0.130,241.430,1.400,0.000,0.000,0.0
2009-06-16,15:58:00,0.418,0.126,241.120,1.800,0.000,0.000,1.0
2009-06-16,15:59:00,0.414,0.124,240.560,1.800,0.000,0.000,1.0
2009-06-16,16:00:00,0.414,0.124,240.850,1.800,0.000,0.000,0.0
2009-06-16,16:01:00,0.276,0.128,241.100,1.200,0.000,0.000,1.0
2009-06-16,16:02:00,0.238,0.128,240.980,1.000,0.000,0.000,1.0
2009-06-16,16:03:00,0.236,0.130,241.470,1.000,0.000,0.000,0.0
2009-06-16,16:04:00,0.234,0.128,240.610,1.000,0.000,0.000,1.0
2009-06-16,16:05:00,0.234,0.128,240.980,1.000,0.000,0.000,1.0
2009-06-16,16:06:00,0.232,0.128,240.390,1.000,0.000,0.000,0.0
2009-06-16,16:07:00,0.232,0.126,240.070,1.000,0.000,0.000,1.0
2009-06-16,16:08:00,0.232,0.126,240.050,1.000,0.000,0.000,0.0
2009-06-16,16:09:00,0.232,0.126,240.020,1.000,0.000,0.000,1.0
2009-06-16,16:10:00,0.232,0.128,240.190,1.000,0.000,0.000,1.0
2009-06-16,16:11:00,0.232,0.130,240.990,1.000,0.000,0.000,0.0
2009-06-16,16:12:00,0.168,0.000,240.890,0.800,0.000,0.000,1.0
2009-06-16,16:13:00,0.136,0.000,240.250,0.600,0.000,0.000,1.0
2009-06-16,16:14:00,0.136,0.000,240.730,0.600,0.000,0.000,0.0
2009-06-16,16:15:00,0.138,0.000,241.210,0.600,0.000,0.000,1.0
2009-06-16,16:16:00,0.136,0.000,240.740,0.600,0.000,0.000,1.0
2009-06-16,16:17:00,0.136,0.000,240.750,0.600,0.000,0.000,0.0
2009-06-16,16:18:00,0.138,0.000,241.280,0.600,0.000,0.000,1.0
2009-06-16,16:19:00,0.138,0.000,241.540,0.600,0.000,0.000,1.0
2009-06-16,16:20:00,0.138,0.000,242.260,0.600,0.000,0.000,0.0
2009-06-16,16:21:00,0.214,0.078,242.420,1.000,0.000,0.000,1.0
2009-06-16,16:22:00,0.216,0.104,242.910,1.000,0.000,0.000,1.0
2009-06-16,16:23:00,0.216,0.102,242.540,1.000,0.000,0.000,0.0
2009-06-16,16:24:00,0.216,0.104,242.450,1.000,0.000,0.000,1.0
2009-06-16,16:25:00,0.214,0.104,242.510,1.000,0.000,0.000,1.0
2009-06-16,16:26:00,0.212,0.102,242.380,1.000,0.000,0.000,0.0
2009-06-16,16:27:00,0.212,0.104,242.790,1.000,0.000,0.000,1.0
2009-06-16,16:28:00,0.216,0.100,242.300,1.000,0.000,0.000,1.0
2009-06-16,16:29:00,0.258,0.084,242.190,1.200,0.000,0.000,0.0
2009-06-16,16:30:00,0.258,0.082,241.420,1.200,0.000,0.000,1.0
2009-06-16,16:31:00,0.258,0.082,241.640,1.200,0.000,0.000,1.0
2009-06-16,16:32:00,0.256,0.082,241.860,1.200,0.000,0.000,0.0
2009-06-16,16:33:00,0.254,0.080,240.670,1.200,0.000,0.000,1.0
2009-06-16,16:34:00,0.336,0.166,240.800,1.600,0.000,0.000,1.0
2009-06-16,16:35:00,0.360,0.212,240.700,1.800,0.000,0.000,0.0
2009-06-16,16:36:00,0.320,0.160,241.110,1.400,0.000,0.000,1.0
2009-06-16,16:37:00,0.286,0.112,240.950,1.200,0.000,0.000,1.0
2009-06-16,16:38:00,0.284,0.110,240.370,1.200,0.000,0.000,0.0
2009-06-16,16:39:00,0.284,0.108,240.230,1.200,0.000,0.000,1.0
2009-06-16,16:40:00,0.282,0.108,239.600,1.200,0.000,0.000,1.0
2009-06-16,16:41:00,0.264,0.114,239.730,1.200,0.000,0.000,0.0
2009-06-16,16:42:00,0.266,0.118,240.950,1.200,0.000,0.000,1.0
2009-06-16,16:43:00,0.264,0.118,240.910,1.200,0.000,0.000,1.0
2009-06-16,16:44:00,0.264,0.118,240.920,1.200,0.000,0.000,0.0
2009-06-16,16:45:00,0.280,0.112,240.710,1.200,0.000,0.000,1.0
2009-06-16,16:46:00,0.268,0.116,240.860,1.200,0.000,0.000,1.0
2009-06-16,16:47:00,0.262,0.116,240.890,1.200,0.000,0.000,0.0
2009-06-16,16:48:00,0.262,0.116,240.550,1.200,0.000,0.000,1.0
2009-06-16,16:49:00,0.262,0.116,240.930,1.200,0.000,0.000,0.0
2009-06-16,16:50:00,0.236,0.052,241.060,1.000,0.000,0.000,1.0
2009-06-16,16:51:00,0.184,0.000,241.500,0.800,0.000,0.000,1.0
2009-06-16,16:52:00,0.186,0.000,241.690,0.800,0.000,0.000,0.0
2009-06-16,16:53:00,0.186,0.000,241.770,0.800,0.000,0.000,1.0
2009-06-16,16:54:00,0.178,0.000,241.610,0.800,0.000,0.000,1.0
2009-06-16,16:55:00,0.168,0.000,241.550,0.800,0.000,0.000,0.0
2009-06-16,16:56:00,0.168,0.000,241.970,0.800,0.000,0.000,1.0
2009-06-16,16:57:00,0.168,0.000,241.600,0.800,0.000,0.000,1.0
2009-06-16,16:58:00,0.168,0.000,242.060,0.800,0.000,0.000,0.0
2009-06-16,16:59:00,0.168,0.000,242.290,0.800,0.000,0.000,1.0
2009-06-16,17:00:00,0.170,0.000,242.570,0.800,0.000,0.000,1.0
2009-06-16,17:01:00,0.172,0.000,243.130,0.800,0.000,0.000,0.0
2009-06-16,17:02:00,0.174,0.000,243.960,0.800,0.000,0.000,1.0
2009-06-16,17:03:00,0.172,0.000,243.420,0.800,0.000,0.000,1.0
2009-06-16,17:04:00,0.180,0.000,242.700,0.800,0.000,0.000,0.0
2009-06-16,17:05:00,0.190,0.000,242.480,0.800,0.000,0.000,1.0
2009-06-16,17:06:00,0.190,0.000,242.620,0.800,0.000,0.000,1.0
2009-06-16,17:07:00,0.188,0.000,241.710,0.800,0.000,0.000,0.0
2009-06-16,17:08:00,0.258,0.052,242.550,1.200,0.000,0.000,1.0
2009-06-16,17:09:00,0.266,0.084,241.940,1.200,0.000,0.000,1.0
2009-06-16,17:10:00,0.268,0.084,241.610,1.200,0.000,0.000,0.0
2009-06-16,17:11:00,0.266,0.084,241.850,1.200,0.000,0.000,1.0
2009-06-16,17:12:00,0.310,0.126,241.910,1.400,0.000,0.000,1.0
2009-06-16,17:13:00,0.372,0.216,241.780,1.800,0.000,0.000,0.0
2009-06-16,17:14:00,0.366,0.214,241.210,1.800,0.000,0.000,1.0
2009-06-16,17:15:00,0.358,0.212,240.550,1.800,0.000,0.000,1.0
2009-06-16,17:16:00,0.414,0.272,240.880,2.200,0.000,0.000,0.0
2009-06-16,17:17:00,0.440,0.338,240.970,2.200,0.000,2.000,1.0
2009-06-16,17:18:00,0.436,0.338,240.940,2.200,0.000,1.000,1.0
2009-06-16,17:19:00,0.436,0.338,240.960,2.200,0.000,1.000,0.0
2009-06-16,17:20:00,0.434,0.334,240.460,2.200,0.000,2.000,1.0
2009-06-16,17:21:00,0.434,0.336,240.790,2.200,0.000,1.000,1.0
2009-06-16,17:22:00,0.434,0.338,241.050,2.200,0.000,2.000,0.0
2009-06-16,17:23:00,0.434,0.336,241.010,2.200,0.000,1.000,1.0
2009-06-16,17:24:00,0.388,0.258,241.220,2.000,0.000,2.000,1.0
2009-06-16,17:25:00,0.366,0.232,241.130,1.800,0.000,1.000,0.0
2009-06-16,17:26:00,0.364,0.240,242.160,1.800,0.000,2.000,1.0
2009-06-16,17:27:00,0.424,0.236,241.970,2.000,0.000,1.000,1.0
2009-06-16,17:28:00,0.412,0.222,242.270,2.000,0.000,1.000,0.0
2009-06-16,17:29:00,0.268,0.106,242.230,1.200,0.000,2.000,1.0
2009-06-16,17:30:00,0.316,0.088,242.370,1.400,0.000,1.000,1.0
2009-06-16,17:31:00,0.304,0.092,242.610,1.400,0.000,1.000,0.0
2009-06-16,17:32:00,0.298,0.094,242.780,1.400,0.000,2.000,1.0
2009-06-16,17:33:00,0.296,0.094,242.690,1.400,0.000,1.000,1.0
2009-06-16,17:34:00,0.566,0.156,242.130,2.800,0.000,1.000,4.0
2009-06-16,17:35:00,0.928,0.234,242.130,4.000,0.000,2.000,11.0
2009-06-16,17:36:00,0.972,0.204,239.550,4.200,0.000,1.000,12.0
2009-06-16,17:37:00,0.996,0.202,239.210,4.200,0.000,1.000,12.0
2009-06-16,17:38:00,0.996,0.208,239.610,4.200,0.000,2.000,12.0
2009-06-16,17:39:00,0.814,0.168,239.260,3.800,0.000,1.000,9.0
2009-06-16,17:40:00,0.320,0.080,240.170,1.400,0.000,1.000,1.0
2009-06-16,17:41:00,0.316,0.082,240.320,1.400,0.000,1.000,1.0
2009-06-16,17:42:00,0.310,0.084,240.570,1.400,0.000,2.000,0.0
2009-06-16,17:43:00,0.316,0.082,240.190,1.400,0.000,1.000,1.0
2009-06-16,17:44:00,0.314,0.084,241.050,1.400,0.000,1.000,1.0
2009-06-16,17:45:00,0.404,0.086,240.660,1.800,0.000,1.000,0.0
2009-06-16,17:46:00,0.258,0.090,239.580,1.200,0.000,1.000,1.0
2009-06-16,17:47:00,0.222,0.000,239.930,1.000,0.000,1.000,1.0
2009-06-16,17:48:00,0.186,0.000,239.490,0.800,0.000,0.000,0.0
2009-06-16,17:49:00,0.184,0.000,238.030,0.800,0.000,0.000,1.0
2009-06-16,17:50:00,0.222,0.000,239.520,1.200,0.000,0.000,1.0
2009-06-16,17:51:00,0.328,0.082,239.730,1.400,0.000,0.000,0.0
2009-06-16,17:52:00,0.350,0.114,238.850,1.600,0.000,0.000,1.0
2009-06-16,17:53:00,0.374,0.190,239.260,1.800,0.000,0.000,1.0
2009-06-16,17:54:00,0.378,0.188,239.370,1.800,0.000,0.000,0.0
2009-06-16,17:55:00,0.382,0.190,239.540,1.800,0.000,0.000,1.0
2009-06-16,17:56:00,0.374,0.188,239.040,1.800,0.000,0.000,0.0
2009-06-16,17:57:00,0.378,0.190,240.020,1.800,0.000,0.000,1.0
2009-06-16,17:58:00,0.374,0.188,239.570,1.600,0.000,0.000,1.0
2009-06-16,17:59:00,0.370,0.190,239.780,1.600,0.000,0.000,0.0
2009-06-16,18:00:00,0.368,0.190,239.440,1.600,0.000,0.000,1.0
2009-06-16,18:01:00,0.364,0.200,239.580,1.600,0.000,0.000,1.0
2009-06-16,18:02:00,0.362,0.202,240.080,1.600,0.000,0.000,0.0
2009-06-16,18:03:00,0.362,0.202,239.950,1.600,0.000,0.000,1.0
2009-06-16,18:04:00,0.358,0.202,239.930,1.600,0.000,0.000,1.0
2009-06-16,18:05:00,0.358,0.202,240.030,1.600,0.000,0.000,0.0
2009-06-16,18:06:00,0.356,0.202,239.920,1.600,0.000,0.000,1.0
2009-06-16,18:07:00,0.276,0.088,239.370,1.200,0.000,0.000,1.0
2009-06-16,18:08:00,0.260,0.070,239.250,1.000,0.000,0.000,0.0
2009-06-16,18:09:00,0.264,0.070,239.760,1.000,0.000,0.000,1.0
2009-06-16,18:10:00,0.262,0.070,240.220,1.000,0.000,0.000,1.0
2009-06-16,18:11:00,0.290,0.072,240.990,1.200,0.000,0.000,0.0
2009-06-16,18:12:00,0.364,0.072,240.870,1.400,0.000,0.000,1.0
2009-06-16,18:13:00,0.346,0.046,240.470,1.400,0.000,0.000,1.0
2009-06-16,18:14:00,0.296,0.000,241.030,1.200,0.000,0.000,0.0
2009-06-16,18:15:00,1.190,0.000,240.270,5.200,0.000,0.000,15.0
2009-06-16,18:16:00,1.394,0.000,239.130,5.800,0.000,0.000,19.0
2009-06-16,18:17:00,1.378,0.000,239.090,5.600,0.000,0.000,18.0
2009-06-16,18:18:00,1.364,0.000,239.260,5.600,0.000,0.000,19.0
2009-06-16,18:19:00,1.516,0.000,240.060,6.200,0.000,0.000,18.0
2009-06-16,18:20:00,1.414,0.056,240.240,5.800,0.000,0.000,19.0
2009-06-16,18:21:00,1.422,0.058,240.210,5.800,0.000,1.000,18.0
2009-06-16,18:22:00,3.102,0.068,238.310,14.000,0.000,1.000,18.0
2009-06-16,18:23:00,4.168,0.076,237.250,17.600,0.000,1.000,18.0
2009-06-16,18:24:00,6.432,0.088,234.560,27.400,0.000,37.000,18.0
2009-06-16,18:25:00,6.866,0.088,234.550,29.400,0.000,36.000,17.0
2009-06-16,18:26:00,6.170,0.088,235.050,26.200,0.000,37.000,18.0
2009-06-16,18:27:00,4.764,0.082,236.090,21.000,0.000,37.000,17.0
2009-06-16,18:28:00,3.626,0.000,237.680,15.200,0.000,38.000,18.0
2009-06-16,18:29:00,3.822,0.242,236.980,16.000,0.000,37.000,18.0
2009-06-16,18:30:00,3.806,0.234,236.630,16.000,0.000,38.000,18.0
2009-06-16,18:31:00,3.204,0.234,237.500,14.000,0.000,28.000,18.0
2009-06-16,18:32:00,1.638,0.244,239.070,6.800,0.000,2.000,18.0
2009-06-16,18:33:00,1.690,0.302,238.760,7.200,0.000,1.000,18.0
2009-06-16,18:34:00,3.746,0.442,237.510,16.000,27.000,5.000,18.0
2009-06-16,18:35:00,3.946,0.472,237.000,16.600,38.000,1.000,18.0
2009-06-16,18:36:00,3.928,0.456,237.350,16.600,38.000,1.000,18.0
2009-06-16,18:37:00,3.950,0.432,237.190,16.600,38.000,0.000,18.0
2009-06-16,18:38:00,3.990,0.426,237.520,16.800,39.000,2.000,18.0
2009-06-16,18:39:00,5.276,0.664,235.470,22.600,37.000,1.000,17.0
2009-06-16,18:40:00,3.988,0.448,237.940,16.800,38.000,1.000,18.0
2009-06-16,18:41:00,3.964,0.472,237.860,16.800,39.000,2.000,18.0
2009-06-16,18:42:00,3.956,0.462,237.880,16.600,38.000,0.000,18.0
2009-06-16,18:43:00,4.038,0.426,238.040,17.000,38.000,1.000,18.0
2009-06-16,18:44:00,3.950,0.428,238.000,16.600,39.000,1.000,18.0
2009-06-16,18:45:00,3.976,0.418,237.970,16.800,38.000,1.000,18.0
2009-06-16,18:46:00,3.994,0.420,238.580,16.800,39.000,1.000,18.0
2009-06-16,18:47:00,3.982,0.420,238.230,16.800,38.000,1.000,18.0
2009-06-16,18:48:00,3.904,0.460,238.380,16.400,39.000,1.000,18.0
2009-06-16,18:49:00,2.100,0.428,240.000,9.000,1.000,1.000,26.0
2009-06-16,18:50:00,2.508,0.424,238.760,10.600,0.000,6.000,29.0
2009-06-16,18:51:00,2.534,0.420,239.530,10.600,0.000,6.000,29.0
2009-06-16,18:52:00,2.528,0.420,239.820,10.600,0.000,5.000,30.0
2009-06-16,18:53:00,2.510,0.408,238.480,10.600,0.000,5.000,29.0
2009-06-16,18:54:00,2.092,0.344,238.040,9.000,0.000,3.000,26.0
2009-06-16,18:55:00,1.520,0.212,239.250,6.400,0.000,0.000,19.0
2009-06-16,18:56:00,2.108,0.360,238.790,9.600,0.000,0.000,18.0
2009-06-16,18:57:00,3.092,0.514,238.350,13.200,0.000,0.000,18.0
2009-06-16,18:58:00,2.816,0.446,239.180,12.200,0.000,0.000,18.0
2009-06-16,18:59:00,1.422,0.128,241.060,5.800,0.000,0.000,18.0
2009-06-16,19:00:00,1.360,0.094,241.060,5.600,0.000,0.000,19.0
2009-06-16,19:01:00,1.372,0.112,241.430,5.600,0.000,0.000,18.0
2009-06-16,19:02:00,1.370,0.110,241.320,5.600,0.000,0.000,19.0
2009-06-16,19:03:00,1.360,0.108,240.460,5.600,1.000,0.000,18.0
2009-06-16,19:04:00,1.362,0.110,240.790,5.600,0.000,0.000,18.0
2009-06-16,19:05:00,1.360,0.108,240.650,5.600,1.000,0.000,19.0
2009-06-16,19:06:00,1.352,0.106,240.030,5.600,0.000,0.000,18.0
2009-06-16,19:07:00,1.356,0.106,240.190,5.600,1.000,0.000,18.0
2009-06-16,19:08:00,1.922,0.236,239.670,8.800,0.000,0.000,19.0
2009-06-16,19:09:00,1.646,0.160,239.760,7.400,0.000,0.000,18.0
2009-06-16,19:10:00,1.388,0.152,239.640,5.800,1.000,0.000,18.0
2009-06-16,19:11:00,1.450,0.240,239.940,6.000,0.000,0.000,18.0
2009-06-16,19:12:00,1.440,0.238,239.690,6.000,1.000,0.000,19.0
2009-06-16,19:13:00,1.458,0.236,239.770,6.200,0.000,0.000,18.0
2009-06-16,19:14:00,1.500,0.314,239.740,6.400,0.000,1.000,18.0
2009-06-16,19:15:00,1.492,0.316,239.520,6.200,0.000,1.000,18.0
2009-06-16,19:16:00,1.488,0.316,239.360,6.200,0.000,2.000,18.0
2009-06-16,19:17:00,1.488,0.316,239.430,6.200,0.000,1.000,19.0
2009-06-16,19:18:00,1.488,0.314,239.450,6.200,0.000,2.000,18.0
2009-06-16,19:19:00,1.486,0.316,239.580,6.200,0.000,1.000,18.0
2009-06-16,19:20:00,1.464,0.290,239.320,6.200,0.000,2.000,18.0
2009-06-16,19:21:00,1.418,0.212,239.150,6.000,0.000,1.000,18.0
2009-06-16,19:22:00,1.414,0.212,239.120,6.000,0.000,2.000,18.0
2009-06-16,19:23:00,1.412,0.216,239.510,5.800,0.000,1.000,19.0
2009-06-16,19:24:00,1.410,0.214,239.300,5.800,0.000,1.000,18.0
2009-06-16,19:25:00,1.412,0.214,239.560,5.800,0.000,2.000,18.0
2009-06-16,19:26:00,1.410,0.214,239.780,5.800,0.000,1.000,18.0
2009-06-16,19:27:00,1.410,0.216,240.040,5.800,0.000,2.000,18.0
2009-06-16,19:28:00,1.420,0.216,240.450,5.800,0.000,1.000,19.0
2009-06-16,19:29:00,1.408,0.216,240.030,5.800,0.000,1.000,18.0
2009-06-16,19:30:00,1.408,0.218,240.380,5.800,0.000,2.000,18.0
2009-06-16,19:31:00,1.410,0.218,240.240,5.800,0.000,1.000,19.0
2009-06-16,19:32:00,1.896,0.210,239.890,8.400,0.000,1.000,18.0
2009-06-16,19:33:00,1.902,0.222,239.460,8.400,0.000,2.000,18.0
2009-06-16,19:34:00,1.852,0.232,238.230,8.200,0.000,1.000,18.0
2009-06-16,19:35:00,1.772,0.154,239.580,7.800,0.000,1.000,18.0
2009-06-16,19:36:00,1.352,0.082,239.580,5.600,0.000,2.000,19.0
2009-06-16,19:37:00,1.314,0.084,240.540,5.400,0.000,1.000,18.0
2009-06-16,19:38:00,1.302,0.082,239.490,5.400,0.000,1.000,18.0
2009-06-16,19:39:00,1.310,0.086,240.380,5.400,0.000,1.000,18.0
2009-06-16,19:40:00,1.314,0.088,240.850,5.400,0.000,2.000,19.0
2009-06-16,19:41:00,1.320,0.086,241.000,5.400,0.000,1.000,18.0
2009-06-16,19:42:00,1.328,0.086,241.200,5.400,0.000,1.000,19.0
2009-06-16,19:43:00,1.332,0.086,241.370,5.400,0.000,1.000,18.0
2009-06-16,19:44:00,1.302,0.056,241.480,5.400,0.000,1.000,19.0
2009-06-16,19:45:00,1.334,0.000,241.770,5.400,0.000,0.000,18.0
2009-06-16,19:46:00,1.360,0.066,242.220,5.600,0.000,0.000,19.0
2009-06-16,19:47:00,1.360,0.062,242.060,5.600,0.000,0.000,18.0
2009-06-16,19:48:00,1.362,0.064,241.810,5.600,0.000,0.000,19.0
2009-06-16,19:49:00,1.364,0.062,242.190,5.600,0.000,0.000,19.0
2009-06-16,19:50:00,1.408,0.000,241.780,5.800,0.000,0.000,18.0
2009-06-16,19:51:00,1.500,0.000,241.640,6.200,0.000,0.000,19.0
2009-06-16,19:52:00,1.502,0.000,241.900,6.200,0.000,0.000,18.0
2009-06-16,19:53:00,1.502,0.000,242.390,6.200,0.000,0.000,19.0
2009-06-16,19:54:00,1.498,0.000,241.220,6.200,0.000,0.000,18.0
2009-06-16,19:55:00,1.494,0.000,240.850,6.200,0.000,0.000,19.0
2009-06-16,19:56:00,1.664,0.000,240.900,6.800,0.000,0.000,18.0
2009-06-16,19:57:00,1.888,0.122,240.710,7.800,0.000,0.000,18.0
2009-06-16,19:58:00,1.630,0.132,240.730,6.800,0.000,0.000,19.0
2009-06-16,19:59:00,1.642,0.116,240.780,6.800,0.000,1.000,18.0
2009-06-16,20:00:00,2.352,0.118,240.700,10.600,0.000,11.000,19.0
2009-06-16,20:01:00,3.894,0.100,239.430,16.200,0.000,38.000,18.0
2009-06-16,20:02:00,3.888,0.106,239.130,16.200,0.000,38.000,18.0
2009-06-16,20:03:00,3.888,0.112,239.960,16.200,0.000,39.000,18.0
2009-06-16,20:04:00,3.844,0.110,239.350,16.000,0.000,38.000,18.0
2009-06-16,20:05:00,3.842,0.110,239.270,16.000,0.000,38.000,18.0
2009-06-16,20:06:00,3.866,0.108,239.420,16.000,0.000,38.000,19.0
2009-06-16,20:07:00,3.860,0.106,239.010,16.000,0.000,39.000,18.0
2009-06-16,20:08:00,3.894,0.108,239.600,16.200,0.000,38.000,18.0
2009-06-16,20:09:00,2.324,0.126,242.000,10.800,0.000,29.000,4.0
2009-06-16,20:10:00,0.568,0.146,244.220,2.400,0.000,1.000,0.0
2009-06-16,20:11:00,0.546,0.154,244.460,2.200,0.000,2.000,1.0
2009-06-16,20:12:00,0.496,0.204,245.070,2.200,0.000,1.000,1.0
2009-06-16,20:13:00,0.798,0.298,244.780,3.800,0.000,0.000,5.0
2009-06-16,20:14:00,1.066,0.260,243.790,4.400,0.000,1.000,12.0
2009-06-16,20:15:00,1.090,0.190,244.250,4.400,0.000,1.000,12.0
2009-06-16,20:16:00,1.150,0.186,244.410,4.800,0.000,1.000,12.0
2009-06-16,20:17:00,1.158,0.192,244.960,4.800,0.000,2.000,12.0
2009-06-16,20:18:00,1.018,0.178,244.360,4.400,0.000,2.000,11.0
2009-06-16,20:19:00,0.416,0.088,244.740,1.800,0.000,1.000,1.0
2009-06-16,20:20:00,0.400,0.084,243.000,1.800,0.000,1.000,0.0
2009-06-16,20:21:00,0.370,0.000,242.370,1.600,0.000,0.000,1.0
2009-06-16,20:22:00,1.580,0.332,240.860,7.600,0.000,1.000,1.0
2009-06-16,20:23:00,1.254,0.232,240.800,6.400,0.000,1.000,0.0
2009-06-16,20:24:00,0.794,0.110,241.120,4.400,0.000,2.000,1.0
2009-06-16,20:25:00,0.418,0.000,241.510,1.800,0.000,1.000,1.0
2009-06-16,20:26:00,0.290,0.118,241.760,1.200,0.000,2.000,0.0
2009-06-16,20:27:00,0.652,0.160,241.590,2.800,0.000,4.000,1.0
2009-06-16,20:28:00,0.862,0.168,241.610,3.600,0.000,6.000,1.0
2009-06-16,20:29:00,0.820,0.158,241.190,3.400,0.000,6.000,0.0
2009-06-16,20:30:00,0.808,0.160,241.060,3.400,0.000,5.000,1.0
2009-06-16,20:31:00,0.754,0.160,241.240,3.200,0.000,4.000,1.0
2009-06-16,20:32:00,0.500,0.116,241.390,2.000,0.000,1.000,0.0
2009-06-16,20:33:00,0.490,0.094,241.770,2.000,0.000,0.000,1.0
2009-06-16,20:34:00,0.498,0.096,242.580,2.000,0.000,0.000,1.0
2009-06-16,20:35:00,0.708,0.110,242.000,3.000,0.000,0.000,0.0
2009-06-16,20:36:00,0.882,0.220,240.820,3.600,0.000,0.000,1.0
2009-06-16,20:37:00,0.878,0.218,240.720,3.600,0.000,0.000,1.0
2009-06-16,20:38:00,0.882,0.224,241.850,3.600,0.000,0.000,0.0
2009-06-16,20:39:00,0.880,0.224,241.850,3.600,0.000,0.000,1.0
2009-06-16,20:40:00,0.728,0.226,241.700,3.200,0.000,0.000,1.0
2009-06-16,20:41:00,0.322,0.234,241.870,1.600,0.000,0.000,0.0
2009-06-16,20:42:00,0.306,0.238,242.340,1.600,0.000,0.000,1.0
2009-06-16,20:43:00,0.304,0.236,242.270,1.600,0.000,0.000,1.0
2009-06-16,20:44:00,0.304,0.238,242.450,1.600,0.000,0.000,0.0
2009-06-16,20:45:00,0.312,0.234,242.580,1.600,0.000,0.000,1.0
2009-06-16,20:46:00,0.344,0.208,242.570,1.600,0.000,0.000,1.0
2009-06-16,20:47:00,0.340,0.208,242.370,1.600,0.000,0.000,0.0
2009-06-16,20:48:00,0.340,0.210,242.520,1.600,0.000,0.000,1.0
2009-06-16,20:49:00,0.338,0.212,242.690,1.600,0.000,0.000,1.0
2009-06-16,20:50:00,0.336,0.212,242.660,1.600,0.000,0.000,0.0
2009-06-16,20:51:00,0.336,0.212,242.420,1.600,0.000,0.000,1.0
2009-06-16,20:52:00,0.326,0.200,243.010,1.600,0.000,0.000,1.0
2009-06-16,20:53:00,0.242,0.078,242.690,1.000,0.000,0.000,0.0
2009-06-16,20:54:00,0.242,0.078,242.510,1.000,0.000,0.000,1.0
2009-06-16,20:55:00,0.240,0.078,242.640,1.000,0.000,0.000,1.0
2009-06-16,20:56:00,0.240,0.088,241.790,1.000,0.000,0.000,0.0
2009-06-16,20:57:00,0.242,0.088,241.200,1.000,0.000,0.000,1.0
2009-06-16,20:58:00,0.240,0.088,241.090,1.000,0.000,0.000,1.0
2009-06-16,20:59:00,0.236,0.086,240.850,1.000,0.000,0.000,0.0
2009-06-16,21:00:00,0.236,0.088,241.150,1.000,0.000,0.000,1.0
2009-06-16,21:01:00,0.236,0.088,241.150,1.000,0.000,0.000,1.0
2009-06-16,21:02:00,0.236,0.088,240.770,1.000,0.000,0.000,0.0
2009-06-16,21:03:00,0.236,0.088,241.470,1.000,0.000,0.000,1.0
2009-06-16,21:04:00,0.238,0.090,241.700,1.000,0.000,0.000,1.0
2009-06-16,21:05:00,0.236,0.090,241.650,1.000,0.000,0.000,0.0
2009-06-16,21:06:00,0.236,0.088,241.130,1.000,0.000,0.000,1.0
2009-06-16,21:07:00,0.236,0.086,240.840,1.000,0.000,0.000,1.0
2009-06-16,21:08:00,0.236,0.088,241.180,1.000,0.000,0.000,0.0
2009-06-16,21:09:00,0.236,0.088,241.170,1.000,0.000,0.000,1.0
2009-06-16,21:10:00,0.232,0.082,239.240,1.000,0.000,0.000,1.0
2009-06-16,21:11:00,0.232,0.082,238.920,1.000,0.000,0.000,0.0
2009-06-16,21:12:00,0.228,0.078,238.770,1.000,0.000,0.000,1.0
2009-06-16,21:13:00,0.218,0.000,239.800,1.200,0.000,0.000,0.0
2009-06-16,21:14:00,0.532,0.154,239.420,2.400,0.000,1.000,1.0
2009-06-16,21:15:00,0.648,0.228,239.250,2.800,0.000,1.000,1.0
2009-06-16,21:16:00,0.910,0.224,239.320,3.800,0.000,2.000,0.0
2009-06-16,21:17:00,0.726,0.228,239.540,3.000,0.000,1.000,1.0
2009-06-16,21:18:00,0.716,0.228,239.720,3.000,0.000,2.000,1.0
2009-06-16,21:19:00,0.710,0.224,238.880,3.000,0.000,1.000,0.0
2009-06-16,21:20:00,0.708,0.222,238.500,3.000,0.000,2.000,1.0
2009-06-16,21:21:00,0.708,0.224,238.820,3.000,0.000,1.000,1.0
2009-06-16,21:22:00,0.632,0.226,239.110,2.800,0.000,2.000,0.0
2009-06-16,21:23:00,0.472,0.236,239.940,2.200,0.000,1.000,1.0
2009-06-16,21:24:00,0.432,0.234,240.270,2.000,0.000,1.000,1.0
2009-06-16,21:25:00,0.470,0.252,239.920,2.200,0.000,2.000,0.0
2009-06-16,21:26:00,0.784,0.358,239.370,3.800,0.000,1.000,1.0
2009-06-16,21:27:00,0.596,0.266,239.250,2.600,1.000,2.000,1.0
2009-06-16,21:28:00,0.648,0.286,239.400,2.800,2.000,1.000,0.0
2009-06-16,21:29:00,0.640,0.290,238.640,2.800,1.000,1.000,1.0
2009-06-16,21:30:00,0.628,0.266,238.980,2.800,1.000,2.000,1.0
2009-06-16,21:31:00,0.642,0.160,239.420,2.600,1.000,1.000,0.0
2009-06-16,21:32:00,0.598,0.160,239.250,2.600,1.000,1.000,1.0
2009-06-16,21:33:00,0.552,0.162,239.450,2.400,1.000,1.000,0.0
2009-06-16,21:34:00,0.554,0.156,239.580,2.400,2.000,2.000,1.0
2009-06-16,21:35:00,0.550,0.162,240.060,2.400,1.000,1.000,1.0
2009-06-16,21:36:00,0.552,0.164,240.140,2.400,1.000,1.000,0.0
2009-06-16,21:37:00,0.568,0.164,240.440,2.400,1.000,1.000,1.0
2009-06-16,21:38:00,0.668,0.168,240.320,2.800,1.000,2.000,1.0
2009-06-16,21:39:00,0.554,0.166,240.350,2.400,2.000,1.000,0.0
2009-06-16,21:40:00,0.554,0.164,239.850,2.400,1.000,1.000,1.0
2009-06-16,21:41:00,0.718,0.266,239.670,3.400,1.000,1.000,2.0
2009-06-16,21:42:00,1.250,0.386,238.980,5.400,1.000,2.000,11.0
2009-06-16,21:43:00,1.272,0.386,238.940,5.600,1.000,1.000,11.0
2009-06-16,21:44:00,1.252,0.344,238.880,5.400,1.000,0.000,12.0
2009-06-16,21:45:00,1.216,0.288,238.900,5.200,1.000,0.000,12.0
2009-06-16,21:46:00,1.370,0.282,238.810,5.800,1.000,0.000,13.0
2009-06-16,21:47:00,2.806,0.142,237.390,12.200,28.000,0.000,2.0
2009-06-16,21:48:00,3.210,0.120,236.740,13.400,37.000,0.000,1.0
2009-06-16,21:49:00,3.190,0.116,236.440,13.400,37.000,0.000,1.0
2009-06-16,21:50:00,3.184,0.116,236.620,13.400,37.000,0.000,0.0
2009-06-16,21:51:00,3.184,0.116,236.650,13.400,38.000,0.000,1.0
2009-06-16,21:52:00,3.202,0.146,236.000,13.600,36.000,0.000,0.0
2009-06-16,21:53:00,3.270,0.238,235.940,13.800,37.000,0.000,1.0
2009-06-16,21:54:00,3.270,0.230,235.650,13.800,37.000,0.000,1.0
2009-06-16,21:55:00,3.248,0.232,234.760,13.800,36.000,0.000,0.0
2009-06-16,21:56:00,2.466,0.250,236.200,11.200,27.000,0.000,1.0
2009-06-16,21:57:00,0.968,0.272,238.320,4.200,2.000,0.000,1.0
2009-06-16,21:58:00,0.964,0.272,238.190,4.200,1.000,0.000,0.0
2009-06-16,21:59:00,0.966,0.274,238.480,4.200,1.000,0.000,1.0
2009-06-16,22:00:00,0.964,0.274,238.640,4.200,1.000,0.000,1.0
2009-06-16,22:01:00,1.716,0.264,237.580,7.600,1.000,0.000,12.0
2009-06-16,22:02:00,2.026,0.258,236.710,8.600,1.000,0.000,19.0
2009-06-16,22:03:00,2.016,0.258,236.740,8.600,1.000,0.000,18.0
2009-06-16,22:04:00,1.996,0.258,236.360,8.400,1.000,0.000,18.0
2009-06-16,22:05:00,1.990,0.256,236.270,8.400,2.000,0.000,18.0
2009-06-16,22:06:00,1.980,0.256,236.090,8.400,1.000,0.000,18.0
2009-06-16,22:07:00,1.984,0.258,236.190,8.400,1.000,0.000,17.0
2009-06-16,22:08:00,1.964,0.242,236.070,8.200,1.000,0.000,18.0
2009-06-16,22:09:00,1.874,0.118,235.950,7.800,1.000,0.000,18.0
2009-06-16,22:10:00,1.858,0.096,236.320,7.800,1.000,0.000,18.0
2009-06-16,22:11:00,1.866,0.098,236.660,7.800,1.000,0.000,17.0
2009-06-16,22:12:00,1.862,0.096,236.570,7.800,2.000,0.000,18.0
2009-06-16,22:13:00,1.856,0.096,236.040,7.800,1.000,0.000,18.0
2009-06-16,22:14:00,1.816,0.000,236.220,7.600,1.000,0.000,18.0
2009-06-16,22:15:00,1.792,0.000,235.920,7.600,1.000,0.000,17.0
2009-06-16,22:16:00,1.808,0.000,237.210,7.600,1.000,0.000,18.0
2009-06-16,22:17:00,1.840,0.000,239.490,7.600,1.000,0.000,18.0
2009-06-16,22:18:00,1.842,0.000,239.750,7.600,1.000,0.000,19.0
2009-06-16,22:19:00,1.836,0.000,239.280,7.600,2.000,0.000,18.0
2009-06-16,22:20:00,1.836,0.000,239.310,7.600,1.000,0.000,18.0
2009-06-16,22:21:00,1.836,0.000,239.280,7.600,1.000,0.000,18.0
2009-06-16,22:22:00,1.842,0.000,239.650,7.600,1.000,0.000,18.0
2009-06-16,22:23:00,1.834,0.000,239.080,7.600,1.000,0.000,19.0
2009-06-16,22:24:00,1.832,0.000,238.970,7.600,1.000,0.000,18.0
2009-06-16,22:25:00,1.832,0.000,238.970,7.600,1.000,0.000,18.0
2009-06-16,22:26:00,1.864,0.000,241.260,7.600,2.000,0.000,18.0
2009-06-16,22:27:00,1.864,0.000,241.320,7.600,1.000,0.000,19.0
2009-06-16,22:28:00,1.898,0.000,240.880,7.800,1.000,0.000,18.0
2009-06-16,22:29:00,1.974,0.000,241.890,8.000,1.000,0.000,19.0
2009-06-16,22:30:00,1.860,0.000,242.090,7.600,1.000,0.000,18.0
2009-06-16,22:31:00,1.952,0.140,241.990,8.000,1.000,0.000,19.0
2009-06-16,22:32:00,1.950,0.152,241.920,8.000,2.000,0.000,18.0
2009-06-16,22:33:00,1.948,0.154,242.200,8.000,1.000,0.000,19.0
2009-06-16,22:34:00,1.948,0.154,242.070,8.000,1.000,0.000,19.0
2009-06-16,22:35:00,1.942,0.152,241.960,8.000,1.000,0.000,18.0
2009-06-16,22:36:00,1.066,0.164,243.050,4.600,1.000,0.000,5.0
2009-06-16,22:37:00,0.852,0.164,243.190,3.400,1.000,0.000,1.0
2009-06-16,22:38:00,0.838,0.168,243.310,3.400,2.000,0.000,0.0
2009-06-16,22:39:00,0.836,0.168,243.190,3.400,1.000,0.000,1.0
2009-06-16,22:40:00,0.832,0.164,243.160,3.400,1.000,0.000,1.0
2009-06-16,22:41:00,0.830,0.164,243.360,3.400,1.000,0.000,0.0
2009-06-16,22:42:00,0.832,0.164,243.360,3.400,2.000,0.000,1.0
2009-06-16,22:43:00,0.830,0.164,243.550,3.400,1.000,0.000,1.0
2009-06-16,22:44:00,0.910,0.248,243.380,3.800,1.000,0.000,0.0
2009-06-16,22:45:00,0.906,0.270,243.540,3.800,1.000,0.000,1.0
2009-06-16,22:46:00,0.906,0.268,243.320,3.800,1.000,0.000,1.0
2009-06-16,22:47:00,0.862,0.210,243.850,3.600,2.000,0.000,0.0
2009-06-16,22:48:00,0.794,0.176,244.160,3.200,0.000,0.000,1.0
2009-06-16,22:49:00,0.784,0.166,244.280,3.200,1.000,0.000,1.0
2009-06-16,22:50:00,1.082,0.154,243.950,4.400,1.000,0.000,0.0
2009-06-16,22:51:00,0.912,0.142,244.260,3.800,1.000,0.000,1.0
2009-06-16,22:52:00,0.834,0.140,244.110,3.400,2.000,0.000,1.0
2009-06-16,22:53:00,0.800,0.120,242.990,3.200,1.000,0.000,0.0
2009-06-16,22:54:00,0.782,0.104,242.790,3.200,1.000,0.000,1.0
2009-06-16,22:55:00,0.784,0.104,242.980,3.200,1.000,0.000,1.0
2009-06-16,22:56:00,0.788,0.108,244.140,3.200,1.000,0.000,0.0
2009-06-16,22:57:00,0.788,0.108,243.980,3.200,1.000,0.000,1.0
2009-06-16,22:58:00,0.758,0.132,243.640,3.000,1.000,0.000,1.0
2009-06-16,22:59:00,0.760,0.140,243.650,3.000,1.000,0.000,0.0
2009-06-16,23:00:00,0.740,0.132,243.630,3.000,0.000,0.000,1.0
2009-06-16,23:01:00,0.794,0.118,243.290,3.200,2.000,0.000,1.0
2009-06-16,23:02:00,2.598,0.086,240.910,11.400,30.000,0.000,0.0
2009-06-16,23:03:00,2.994,0.080,240.330,12.400,38.000,0.000,1.0
2009-06-16,23:04:00,2.934,0.000,240.480,12.200,38.000,0.000,1.0
2009-06-16,23:05:00,2.942,0.000,241.130,12.200,38.000,0.000,0.0
2009-06-16,23:06:00,2.932,0.000,240.810,12.000,38.000,0.000,1.0
2009-06-16,23:07:00,2.950,0.000,241.340,12.200,39.000,0.000,1.0
2009-06-16,23:08:00,3.448,0.070,241.130,14.200,38.000,0.000,7.0
2009-06-16,23:09:00,3.630,0.160,240.520,15.000,38.000,0.000,11.0
2009-06-16,23:10:00,3.694,0.244,240.210,15.400,38.000,0.000,12.0
2009-06-16,23:11:00,3.718,0.244,240.510,15.400,38.000,0.000,12.0
2009-06-16,23:12:00,3.306,0.258,240.990,13.600,38.000,0.000,12.0
2009-06-16,23:13:00,2.494,0.256,242.460,11.400,31.000,0.000,9.0
2009-06-16,23:14:00,0.360,0.272,244.570,1.800,0.000,1.000,0.0
2009-06-16,23:15:00,0.358,0.272,244.580,1.800,0.000,2.000,1.0
2009-06-16,23:16:00,0.356,0.272,244.470,1.800,0.000,1.000,1.0
2009-06-16,23:17:00,0.378,0.308,244.370,2.000,0.000,2.000,0.0
2009-06-16,23:18:00,0.368,0.288,244.410,1.800,1.000,1.000,1.0
2009-06-16,23:19:00,0.356,0.274,244.680,1.800,0.000,2.000,1.0
2009-06-16,23:20:00,0.352,0.272,244.510,1.800,0.000,1.000,0.0
2009-06-16,23:21:00,0.354,0.272,244.600,1.800,0.000,2.000,1.0
2009-06-16,23:22:00,0.352,0.272,244.560,1.800,0.000,1.000,1.0
2009-06-16,23:23:00,0.352,0.270,244.300,1.800,0.000,2.000,0.0
2009-06-16,23:24:00,0.350,0.272,244.500,1.800,0.000,1.000,1.0
2009-06-16,23:25:00,0.332,0.246,244.740,1.600,0.000,1.000,1.0
2009-06-16,23:26:00,0.254,0.134,245.050,1.200,0.000,2.000,0.0
2009-06-16,23:27:00,0.254,0.132,245.150,1.200,0.000,1.000,1.0
2009-06-16,23:28:00,0.252,0.134,245.410,1.200,0.000,2.000,1.0
2009-06-16,23:29:00,0.252,0.134,245.530,1.000,0.000,1.000,0.0
2009-06-16,23:30:00,0.250,0.132,245.360,1.000,0.000,1.000,1.0
2009-06-16,23:31:00,0.250,0.134,245.800,1.000,0.000,2.000,1.0
2009-06-16,23:32:00,0.248,0.130,244.320,1.000,0.000,1.000,1.0
2009-06-16,23:33:00,0.298,0.178,243.590,1.400,0.000,1.000,0.0
2009-06-16,23:34:00,0.322,0.234,243.560,1.600,0.000,1.000,1.0
2009-06-16,23:35:00,0.320,0.234,243.540,1.600,0.000,2.000,1.0
2009-06-16,23:36:00,0.320,0.234,243.620,1.600,0.000,1.000,0.0
2009-06-16,23:37:00,0.320,0.234,243.780,1.600,0.000,1.000,1.0
2009-06-16,23:38:00,0.318,0.234,244.060,1.600,0.000,1.000,1.0
2009-06-16,23:39:00,0.316,0.236,244.290,1.600,0.000,2.000,0.0
2009-06-16,23:40:00,0.314,0.236,244.060,1.600,0.000,1.000,1.0
2009-06-16,23:41:00,0.314,0.236,243.980,1.600,0.000,1.000,1.0
2009-06-16,23:42:00,0.312,0.236,244.320,1.600,0.000,1.000,0.0
2009-06-16,23:43:00,0.312,0.236,244.280,1.600,0.000,2.000,1.0
2009-06-16,23:44:00,0.290,0.200,244.530,1.400,0.000,1.000,1.0
2009-06-16,23:45:00,0.238,0.112,244.580,1.000,0.000,0.000,0.0
2009-06-16,23:46:00,0.238,0.112,244.570,1.000,0.000,0.000,1.0
2009-06-16,23:47:00,0.242,0.120,244.590,1.000,0.000,0.000,1.0
2009-06-16,23:48:00,0.390,0.288,244.380,2.000,0.000,0.000,0.0
2009-06-16,23:49:00,0.346,0.250,244.680,1.600,0.000,0.000,1.0
2009-06-16,23:50:00,0.292,0.170,244.850,1.400,0.000,0.000,1.0
2009-06-16,23:51:00,0.274,0.144,244.970,1.200,0.000,0.000,0.0
2009-06-16,23:52:00,0.274,0.146,245.270,1.200,0.000,0.000,1.0
2009-06-16,23:53:00,0.264,0.144,244.700,1.200,0.000,0.000,1.0
2009-06-16,23:54:00,0.264,0.144,244.740,1.200,0.000,0.000,0.0
2009-06-16,23:55:00,0.242,0.142,244.930,1.000,0.000,0.000,1.0
2009-06-16,23:56:00,0.242,0.142,245.110,1.000,0.000,0.000,1.0
2009-06-16,23:57:00,0.242,0.144,245.390,1.000,0.000,0.000,0.0
2009-06-16,23:58:00,0.240,0.142,245.110,1.000,0.000,0.000,1.0
2009-06-16,23:59:00,0.240,0.142,245.340,1.000,0.000,0.000,1.0
