Date,Time,Global_active_power,Global_reactive_power,Voltage,Global_intensity,Sub_metering_1,Sub_metering_2,Sub_metering_3
2009-06-06,00:00:00,0.384,0.252,243.070,1.800,0.000,2.000,0.0
2009-06-06,00:01:00,0.380,0.248,241.890,1.800,0.000,1.000,1.0
2009-06-06,00:02:00,0.378,0.246,241.620,1.800,0.000,2.000,1.0
2009-06-06,00:03:00,0.376,0.246,241.480,1.800,0.000,1.000,0.0
2009-06-06,00:04:00,0.374,0.246,241.530,1.800,0.000,1.000,1.0
2009-06-06,00:05:00,0.372,0.246,241.680,1.800,0.000,2.000,1.0
2009-06-06,00:06:00,0.370,0.246,241.620,1.800,0.000,1.000,0.0
2009-06-06,00:07:00,0.370,0.246,241.830,1.800,0.000,1.000,1.0
2009-06-06,00:08:00,0.368,0.248,241.840,1.800,0.000,2.000,1.0
2009-06-06,00:09:00,0.400,0.272,242.140,2.000,0.000,1.000,0.0
2009-06-06,00:10:00,0.444,0.352,242.140,2.200,0.000,1.000,1.0
2009-06-06,00:11:00,0.442,0.352,242.130,2.200,0.000,2.000,1.0
2009-06-06,00:12:00,0.410,0.306,242.280,2.000,0.000,1.000,0.0
2009-06-06,00:13:00,0.346,0.216,242.340,1.600,0.000,1.000,1.0
2009-06-06,00:14:00,0.344,0.216,242.280,1.600,0.000,1.000,1.0
2009-06-06,00:15:00,0.342,0.218,242.230,1.600,0.000,2.000,0.0
2009-06-06,00:16:00,0.340,0.218,242.490,1.600,0.000,1.000,1.0
2009-06-06,00:17:00,0.944,0.216,241.890,4.200,0.000,1.000,1.0
2009-06-06,00:18:00,0.996,0.222,241.610,4.200,0.000,1.000,0.0
2009-06-06,00:19:00,1.120,0.218,241.540,4.600,0.000,1.000,1.0
2009-06-06,00:20:00,1.124,0.192,241.870,4.600,0.000,1.000,1.0
2009-06-06,00:21:00,1.068,0.098,242.360,4.400,0.000,0.000,0.0
2009-06-06,00:22:00,1.070,0.098,242.310,4.400,0.000,0.000,1.0
2009-06-06,00:23:00,0.500,0.000,242.610,2.200,0.000,0.000,1.0
2009-06-06,00:24:00,0.412,0.000,242.930,1.600,0.000,0.000,0.0
2009-06-06,00:25:00,0.350,0.000,242.830,1.400,0.000,0.000,1.0
2009-06-06,00:26:00,0.288,0.000,243.240,1.200,0.000,0.000,1.0
2009-06-06,00:27:00,0.268,0.000,243.520,1.200,0.000,0.000,0.0
2009-06-06,00:28:00,0.268,0.000,243.610,1.200,0.000,0.000,1.0
2009-06-06,00:29:00,0.268,0.000,243.610,1.200,0.000,0.000,1.0
2009-06-06,00:30:00,0.234,0.000,243.080,1.000,0.000,0.000,0.0
2009-06-06,00:31:00,0.196,0.000,243.090,0.800,0.000,0.000,1.0
2009-06-06,00:32:00,0.196,0.000,243.250,0.800,0.000,0.000,1.0
2009-06-06,00:33:00,0.196,0.000,243.130,0.800,0.000,0.000,0.0
2009-06-06,00:34:00,0.196,0.000,243.110,0.800,0.000,0.000,1.0
2009-06-06,00:35:00,0.318,0.124,242.570,1.400,0.000,0.000,1.0
2009-06-06,00:36:00,0.304,0.124,242.500,1.400,0.000,0.000,0.0
2009-06-06,00:37:00,0.300,0.124,242.510,1.400,0.000,0.000,1.0
2009-06-06,00:38:00,0.300,0.124,242.450,1.400,0.000,0.000,1.0
2009-06-06,00:39:00,0.576,0.190,242.280,2.800,0.000,0.000,4.0
2009-06-06,00:40:00,0.912,0.258,241.450,3.800,0.000,0.000,11.0
2009-06-06,00:41:00,0.936,0.256,241.190,4.000,0.000,0.000,12.0
2009-06-06,00:42:00,0.960,0.256,241.320,4.000,0.000,0.000,12.0
2009-06-06,00:43:00,0.964,0.256,241.410,4.000,0.000,0.000,11.0
2009-06-06,00:44:00,0.912,0.246,241.460,4.000,0.000,0.000,12.0
2009-06-06,00:45:00,0.292,0.126,242.550,1.400,0.000,0.000,1.0
2009-06-06,00:46:00,0.292,0.126,242.820,1.400,0.000,0.000,0.0
2009-06-06,00:47:00,0.292,0.126,242.900,1.400,0.000,0.000,1.0
2009-06-06,00:48:00,0.292,0.126,242.700,1.400,0.000,0.000,1.0
2009-06-06,00:49:00,0.292,0.126,242.810,1.400,0.000,0.000,0.0
2009-06-06,00:50:00,0.270,0.098,243.080,1.200,0.000,0.000,1.0
2009-06-06,00:51:00,0.196,0.000,243.300,0.800,0.000,0.000,1.0
2009-06-06,00:52:00,0.196,0.000,243.350,0.800,0.000,0.000,0.0
2009-06-06,00:53:00,0.196,0.000,243.520,0.800,0.000,0.000,1.0
2009-06-06,00:54:00,0.196,0.000,243.450,0.800,0.000,0.000,1.0
2009-06-06,00:55:00,0.196,0.000,243.100,0.800,0.000,0.000,0.0
2009-06-06,00:56:00,0.250,0.000,242.750,1.200,0.000,0.000,1.0
2009-06-06,00:57:00,0.274,0.096,242.760,1.200,0.000,0.000,1.0
2009-06-06,00:58:00,0.274,0.098,243.040,1.200,0.000,0.000,0.0
2009-06-06,00:59:00,0.274,0.096,242.710,1.200,0.000,0.000,1.0
2009-06-06,01:00:00,0.272,0.094,242.440,1.200,0.000,0.000,1.0
2009-06-06,01:01:00,0.270,0.094,242.330,1.200,0.000,0.000,0.0
2009-06-06,01:02:00,0.268,0.094,242.330,1.200,0.000,0.000,1.0
2009-06-06,01:03:00,0.266,0.094,242.230,1.200,0.000,0.000,1.0
2009-06-06,01:04:00,0.266,0.094,242.040,1.200,0.000,0.000,0.0
2009-06-06,01:05:00,0.266,0.094,242.260,1.200,0.000,0.000,1.0
2009-06-06,01:06:00,0.266,0.094,242.410,1.200,0.000,0.000,1.0
2009-06-06,01:07:00,0.266,0.096,243.040,1.200,0.000,0.000,0.0
2009-06-06,01:08:00,0.266,0.096,243.110,1.200,0.000,0.000,1.0
2009-06-06,01:09:00,0.236,0.050,243.260,1.000,0.000,0.000,1.0
2009-06-06,01:10:00,0.196,0.000,243.400,0.800,0.000,0.000,0.0
2009-06-06,01:11:00,0.196,0.000,243.600,0.800,0.000,0.000,1.0
2009-06-06,01:12:00,0.196,0.000,243.840,0.800,0.000,0.000,1.0
2009-06-06,01:13:00,0.310,0.116,243.350,1.400,0.000,0.000,0.0
2009-06-06,01:14:00,0.304,0.124,242.780,1.400,0.000,0.000,1.0
2009-06-06,01:15:00,0.302,0.124,242.520,1.400,0.000,0.000,1.0
2009-06-06,01:16:00,0.298,0.122,241.920,1.400,0.000,0.000,0.0
2009-06-06,01:17:00,0.296,0.120,240.930,1.400,0.000,0.000,1.0
2009-06-06,01:18:00,0.294,0.118,240.560,1.400,0.000,0.000,1.0
2009-06-06,01:19:00,0.294,0.118,240.890,1.400,0.000,0.000,0.0
2009-06-06,01:20:00,0.292,0.120,241.040,1.400,0.000,0.000,1.0
2009-06-06,01:21:00,0.290,0.118,240.860,1.400,0.000,0.000,1.0
2009-06-06,01:22:00,0.290,0.118,240.980,1.400,0.000,0.000,0.0
2009-06-06,01:23:00,0.290,0.118,240.990,1.400,0.000,0.000,1.0
2009-06-06,01:24:00,0.288,0.118,240.510,1.400,0.000,0.000,1.0
2009-06-06,01:25:00,0.288,0.118,240.410,1.400,0.000,0.000,0.0
2009-06-06,01:26:00,0.288,0.118,240.620,1.400,0.000,0.000,1.0
2009-06-06,01:27:00,0.288,0.120,240.730,1.400,0.000,0.000,1.0
2009-06-06,01:28:00,0.276,0.104,240.700,1.200,0.000,0.000,0.0
2009-06-06,01:29:00,0.192,0.000,240.890,0.800,0.000,0.000,1.0
2009-06-06,01:30:00,0.194,0.000,240.980,0.800,0.000,0.000,1.0
2009-06-06,01:31:00,0.194,0.000,241.130,0.800,0.000,0.000,0.0
2009-06-06,01:32:00,0.194,0.000,241.270,0.800,0.000,0.000,1.0
2009-06-06,01:33:00,0.194,0.000,241.220,0.800,0.000,0.000,1.0
2009-06-06,01:34:00,0.196,0.000,242.690,0.800,0.000,0.000,0.0
2009-06-06,01:35:00,0.198,0.000,243.440,0.800,0.000,0.000,1.0
2009-06-06,01:36:00,0.198,0.000,243.410,0.800,0.000,0.000,1.0
2009-06-06,01:37:00,0.198,0.000,243.330,0.800,0.000,0.000,0.0
2009-06-06,01:38:00,0.198,0.000,243.440,0.800,0.000,0.000,1.0
2009-06-06,01:39:00,0.194,0.000,242.760,0.800,0.000,0.000,1.0
2009-06-06,01:40:00,0.194,0.000,242.640,0.800,0.000,0.000,0.0
2009-06-06,01:41:00,0.194,0.000,242.720,0.800,0.000,0.000,1.0
2009-06-06,01:42:00,0.242,0.000,242.730,1.200,0.000,0.000,1.0
2009-06-06,01:43:00,0.272,0.094,242.420,1.200,0.000,0.000,0.0
2009-06-06,01:44:00,0.272,0.094,242.610,1.200,0.000,0.000,1.0
2009-06-06,01:45:00,0.272,0.094,242.720,1.200,0.000,0.000,1.0
2009-06-06,01:46:00,0.272,0.094,242.480,1.200,0.000,0.000,0.0
2009-06-06,01:47:00,0.270,0.094,242.250,1.200,0.000,0.000,1.0
2009-06-06,01:48:00,0.268,0.094,242.150,1.200,0.000,0.000,1.0
2009-06-06,01:49:00,0.266,0.094,242.340,1.200,0.000,0.000,0.0
2009-06-06,01:50:00,0.266,0.094,242.230,1.200,0.000,0.000,1.0
2009-06-06,01:51:00,0.424,0.268,242.440,2.200,0.000,0.000,1.0
2009-06-06,01:52:00,0.460,0.354,242.490,2.400,0.000,2.000,0.0
2009-06-06,01:53:00,0.454,0.352,242.090,2.400,0.000,1.000,1.0
2009-06-06,01:54:00,0.452,0.350,241.790,2.400,0.000,2.000,1.0
2009-06-06,01:55:00,0.408,0.282,241.830,2.000,0.000,1.000,0.0
2009-06-06,01:56:00,0.382,0.246,241.800,1.800,0.000,2.000,1.0
2009-06-06,01:57:00,0.380,0.248,241.880,1.800,0.000,1.000,0.0
2009-06-06,01:58:00,0.380,0.248,242.080,1.800,0.000,1.000,1.0
2009-06-06,01:59:00,0.438,0.246,241.950,2.000,0.000,2.000,1.0
2009-06-06,02:00:00,0.896,0.242,241.420,4.000,0.000,1.000,0.0
2009-06-06,02:01:00,1.160,0.242,241.300,4.800,0.000,2.000,1.0
2009-06-06,02:02:00,0.694,0.242,241.660,3.200,0.000,1.000,1.0
2009-06-06,02:03:00,0.718,0.238,241.350,3.200,0.000,1.000,0.0
2009-06-06,02:04:00,1.204,0.350,241.150,5.400,0.000,2.000,9.0
2009-06-06,02:05:00,1.326,0.376,241.280,5.600,0.000,1.000,11.0
2009-06-06,02:06:00,1.196,0.382,241.780,5.200,0.000,1.000,11.0
2009-06-06,02:07:00,0.946,0.254,242.410,4.000,0.000,2.000,12.0
2009-06-06,02:08:00,0.950,0.254,242.420,4.000,0.000,1.000,12.0
2009-06-06,02:09:00,0.696,0.202,242.830,3.200,0.000,1.000,8.0
2009-06-06,02:10:00,0.274,0.116,243.490,1.200,0.000,2.000,1.0
2009-06-06,02:11:00,0.274,0.118,243.950,1.200,0.000,1.000,1.0
2009-06-06,02:12:00,0.276,0.122,244.970,1.200,0.000,1.000,0.0
2009-06-06,02:13:00,0.276,0.120,244.720,1.200,0.000,2.000,1.0
2009-06-06,02:14:00,0.276,0.120,244.630,1.200,0.000,1.000,1.0
2009-06-06,02:15:00,0.276,0.120,244.740,1.200,0.000,1.000,1.0
2009-06-06,02:16:00,0.274,0.116,243.730,1.200,0.000,1.000,0.0
2009-06-06,02:17:00,0.272,0.114,243.240,1.200,0.000,1.000,1.0
2009-06-06,02:18:00,0.272,0.112,242.970,1.200,0.000,2.000,1.0
2009-06-06,02:19:00,0.272,0.112,242.960,1.200,0.000,1.000,0.0
2009-06-06,02:20:00,0.258,0.090,242.740,1.200,0.000,1.000,1.0
2009-06-06,02:21:00,0.196,0.000,243.050,0.800,0.000,0.000,1.0
2009-06-06,02:22:00,0.196,0.000,243.050,0.800,0.000,0.000,0.0
2009-06-06,02:23:00,0.196,0.000,243.000,0.800,0.000,0.000,1.0
2009-06-06,02:24:00,0.196,0.000,243.230,0.800,0.000,0.000,1.0
2009-06-06,02:25:00,0.196,0.000,243.210,0.800,0.000,0.000,0.0
2009-06-06,02:26:00,0.196,0.000,243.350,0.800,0.000,0.000,1.0
2009-06-06,02:27:00,0.196,0.000,243.310,0.800,0.000,0.000,1.0
2009-06-06,02:28:00,0.234,0.000,243.180,1.200,0.000,0.000,0.0
2009-06-06,02:29:00,0.336,0.158,242.420,1.600,0.000,0.000,1.0
2009-06-06,02:30:00,0.382,0.228,242.290,1.800,0.000,0.000,1.0
2009-06-06,02:31:00,0.378,0.230,242.500,1.800,0.000,0.000,0.0
2009-06-06,02:32:00,0.376,0.230,242.460,1.800,0.000,0.000,1.0
2009-06-06,02:33:00,0.372,0.230,242.490,1.800,0.000,0.000,1.0
2009-06-06,02:34:00,0.370,0.230,242.730,1.800,0.000,0.000,0.0
2009-06-06,02:35:00,0.368,0.230,242.860,1.800,0.000,0.000,1.0
2009-06-06,02:36:00,0.366,0.230,242.980,1.800,0.000,0.000,1.0
2009-06-06,02:37:00,0.364,0.228,242.670,1.800,0.000,0.000,0.0
2009-06-06,02:38:00,0.362,0.228,242.360,1.800,0.000,0.000,1.0
2009-06-06,02:39:00,0.362,0.230,242.970,1.800,0.000,0.000,1.0
2009-06-06,02:40:00,0.360,0.230,242.920,1.800,0.000,0.000,0.0
2009-06-06,02:41:00,0.360,0.230,243.070,1.800,0.000,0.000,1.0
2009-06-06,02:42:00,0.292,0.128,243.460,1.400,0.000,0.000,1.0
2009-06-06,02:43:00,0.292,0.126,243.210,1.400,0.000,0.000,0.0
2009-06-06,02:44:00,0.292,0.126,243.240,1.400,0.000,0.000,1.0
2009-06-06,02:45:00,0.230,0.000,243.650,1.000,0.000,0.000,1.0
2009-06-06,02:46:00,0.196,0.000,243.980,0.800,0.000,0.000,0.0
2009-06-06,02:47:00,0.196,0.000,242.640,0.800,0.000,0.000,1.0
2009-06-06,02:48:00,0.194,0.000,241.660,0.800,0.000,0.000,1.0
2009-06-06,02:49:00,0.194,0.000,241.910,0.800,0.000,0.000,0.0
2009-06-06,02:50:00,0.194,0.000,241.750,0.800,0.000,0.000,1.0
2009-06-06,02:51:00,0.194,0.000,241.330,0.800,0.000,0.000,1.0
2009-06-06,02:52:00,0.194,0.000,241.360,0.800,0.000,0.000,0.0
2009-06-06,02:53:00,0.194,0.000,241.380,0.800,0.000,0.000,1.0
2009-06-06,02:54:00,0.194,0.000,241.250,0.800,0.000,0.000,1.0
2009-06-06,02:55:00,0.194,0.000,241.310,0.800,0.000,0.000,0.0
2009-06-06,02:56:00,0.194,0.000,241.280,0.800,0.000,0.000,1.0
2009-06-06,02:57:00,0.194,0.000,241.340,0.800,0.000,0.000,1.0
2009-06-06,02:58:00,0.194,0.000,241.860,0.800,0.000,0.000,0.0
2009-06-06,02:59:00,0.194,0.000,242.030,0.800,0.000,0.000,1.0
2009-06-06,03:00:00,0.194,0.000,242.130,0.800,0.000,0.000,1.0
2009-06-06,03:01:00,0.194,0.000,242.180,0.800,0.000,0.000,0.0
2009-06-06,03:02:00,0.194,0.000,241.730,0.800,0.000,0.000,1.0
2009-06-06,03:03:00,0.194,0.000,241.150,0.800,0.000,0.000,1.0
2009-06-06,03:04:00,0.194,0.000,241.080,0.800,0.000,0.000,0.0
2009-06-06,03:05:00,0.194,0.000,240.960,0.800,0.000,0.000,1.0
2009-06-06,03:06:00,0.194,0.000,240.950,0.800,0.000,0.000,0.0
2009-06-06,03:07:00,0.224,0.000,241.100,1.200,0.000,0.000,1.0
2009-06-06,03:08:00,0.304,0.120,241.100,1.400,0.000,0.000,1.0
2009-06-06,03:09:00,0.302,0.120,241.250,1.400,0.000,0.000,0.0
2009-06-06,03:10:00,0.298,0.120,241.190,1.400,0.000,0.000,1.0
2009-06-06,03:11:00,0.298,0.120,241.320,1.400,0.000,0.000,1.0
2009-06-06,03:12:00,0.296,0.122,241.410,1.400,0.000,0.000,0.0
2009-06-06,03:13:00,0.294,0.122,241.370,1.400,0.000,0.000,1.0
2009-06-06,03:14:00,0.294,0.120,241.060,1.400,0.000,0.000,1.0
2009-06-06,03:15:00,0.340,0.164,241.080,1.600,0.000,0.000,0.0
2009-06-06,03:16:00,0.368,0.222,240.950,1.800,0.000,0.000,1.0
2009-06-06,03:17:00,0.366,0.224,241.020,1.800,0.000,0.000,1.0
2009-06-06,03:18:00,0.366,0.224,241.340,1.800,0.000,0.000,0.0
2009-06-06,03:19:00,0.366,0.226,241.700,1.800,0.000,0.000,1.0
2009-06-06,03:20:00,0.364,0.226,241.530,1.800,0.000,0.000,1.0
2009-06-06,03:21:00,0.360,0.224,241.290,1.800,0.000,0.000,0.0
2009-06-06,03:22:00,0.360,0.224,241.390,1.800,0.000,0.000,1.0
2009-06-06,03:23:00,0.312,0.158,241.310,1.400,0.000,0.000,1.0
2009-06-06,03:24:00,0.266,0.092,241.570,1.200,0.000,0.000,0.0
2009-06-06,03:25:00,0.264,0.092,241.510,1.200,0.000,0.000,1.0
2009-06-06,03:26:00,0.264,0.092,241.690,1.200,0.000,0.000,1.0
2009-06-06,03:27:00,0.264,0.094,242.150,1.200,0.000,0.000,0.0
2009-06-06,03:28:00,0.246,0.066,242.700,1.200,0.000,0.000,1.0
2009-06-06,03:29:00,0.196,0.000,242.640,0.800,0.000,0.000,1.0
2009-06-06,03:30:00,0.196,0.000,242.740,0.800,0.000,0.000,0.0
2009-06-06,03:31:00,0.196,0.000,242.860,0.800,0.000,0.000,1.0
2009-06-06,03:32:00,0.196,0.000,242.670,0.800,0.000,0.000,1.0
2009-06-06,03:33:00,0.196,0.000,242.700,0.800,0.000,0.000,0.0
2009-06-06,03:34:00,0.624,0.094,242.350,2.800,0.000,0.000,8.0
2009-06-06,03:35:00,0.818,0.132,242.080,3.400,0.000,0.000,11.0
2009-06-06,03:36:00,0.846,0.128,241.870,3.600,0.000,0.000,11.0
2009-06-06,03:37:00,0.866,0.130,242.250,3.600,0.000,0.000,12.0
2009-06-06,03:38:00,0.870,0.132,242.640,3.600,0.000,0.000,12.0
2009-06-06,03:39:00,0.936,0.110,242.550,4.000,0.000,0.000,13.0
2009-06-06,03:40:00,1.326,0.000,241.960,5.400,0.000,0.000,19.0
2009-06-06,03:41:00,1.308,0.000,241.770,5.400,0.000,0.000,19.0
2009-06-06,03:42:00,1.290,0.000,241.420,5.200,0.000,0.000,19.0
2009-06-06,03:43:00,1.280,0.000,241.330,5.200,0.000,0.000,19.0
2009-06-06,03:44:00,1.274,0.000,241.050,5.200,0.000,0.000,18.0
2009-06-06,03:45:00,1.270,0.000,240.980,5.200,0.000,0.000,19.0
2009-06-06,03:46:00,1.390,0.112,240.840,5.800,0.000,0.000,18.0
2009-06-06,03:47:00,1.380,0.110,241.570,5.600,0.000,0.000,19.0
2009-06-06,03:48:00,1.376,0.110,241.560,5.600,0.000,0.000,18.0
2009-06-06,03:49:00,1.374,0.110,241.510,5.600,0.000,0.000,19.0
2009-06-06,03:50:00,1.372,0.110,241.580,5.600,0.000,0.000,18.0
2009-06-06,03:51:00,1.372,0.112,241.760,5.600,0.000,0.000,19.0
2009-06-06,03:52:00,1.468,0.232,241.760,6.200,0.000,0.000,19.0
2009-06-06,03:53:00,1.452,0.236,241.580,6.000,0.000,2.000,18.0
2009-06-06,03:54:00,1.452,0.236,241.660,6.000,0.000,1.000,19.0
2009-06-06,03:55:00,1.450,0.234,241.540,6.000,0.000,2.000,18.0
2009-06-06,03:56:00,1.450,0.234,241.520,6.000,0.000,1.000,19.0
2009-06-06,03:57:00,1.446,0.232,241.130,6.000,0.000,1.000,18.0
2009-06-06,03:58:00,1.444,0.232,241.040,6.000,0.000,2.000,19.0
2009-06-06,03:59:00,1.442,0.232,240.930,6.000,0.000,1.000,18.0
2009-06-06,04:00:00,1.440,0.232,240.830,6.000,0.000,2.000,18.0
2009-06-06,04:01:00,1.404,0.174,241.120,5.800,0.000,1.000,19.0
2009-06-06,04:02:00,1.384,0.120,241.180,5.800,0.000,2.000,18.0
2009-06-06,04:03:00,1.424,0.202,241.030,5.800,0.000,1.000,19.0
2009-06-06,04:04:00,1.424,0.202,241.290,5.800,0.000,1.000,18.0
2009-06-06,04:05:00,1.424,0.202,241.240,5.800,0.000,2.000,19.0
2009-06-06,04:06:00,1.422,0.202,241.240,5.800,0.000,1.000,18.0
2009-06-06,04:07:00,1.420,0.202,241.270,5.800,0.000,1.000,19.0
2009-06-06,04:08:00,1.418,0.202,241.480,5.800,0.000,2.000,18.0
2009-06-06,04:09:00,1.414,0.202,241.330,5.800,0.000,1.000,19.0
2009-06-06,04:10:00,1.414,0.202,241.370,5.800,0.000,1.000,18.0
2009-06-06,04:11:00,1.414,0.202,241.550,5.800,0.000,1.000,19.0
2009-06-06,04:12:00,1.412,0.202,241.320,5.800,0.000,2.000,18.0
2009-06-06,04:13:00,1.410,0.202,241.320,5.800,0.000,1.000,19.0
2009-06-06,04:14:00,1.408,0.202,241.180,5.800,0.000,1.000,18.0
2009-06-06,04:15:00,1.372,0.144,241.470,5.600,0.000,1.000,19.0
2009-06-06,04:16:00,1.340,0.098,241.220,5.600,0.000,2.000,18.0
2009-06-06,04:17:00,1.340,0.098,241.220,5.600,0.000,1.000,18.0
2009-06-06,04:18:00,1.344,0.098,241.730,5.600,0.000,1.000,19.0
2009-06-06,04:19:00,1.342,0.098,241.570,5.600,0.000,1.000,18.0
2009-06-06,04:20:00,1.334,0.084,241.610,5.400,0.000,1.000,19.0
2009-06-06,04:21:00,1.272,0.000,241.680,5.200,0.000,0.000,19.0
2009-06-06,04:22:00,0.372,0.000,242.320,2.200,0.000,0.000,4.0
2009-06-06,04:23:00,0.196,0.000,242.250,0.800,0.000,0.000,0.0
2009-06-06,04:24:00,0.310,0.112,241.810,1.400,0.000,0.000,1.0
2009-06-06,04:25:00,0.304,0.122,241.700,1.400,0.000,0.000,1.0
2009-06-06,04:26:00,0.300,0.122,241.640,1.400,0.000,0.000,0.0
2009-06-06,04:27:00,0.298,0.122,241.440,1.400,0.000,0.000,1.0
2009-06-06,04:28:00,0.298,0.122,241.440,1.400,0.000,0.000,1.0
2009-06-06,04:29:00,0.296,0.122,241.550,1.400,0.000,0.000,0.0
2009-06-06,04:30:00,0.294,0.122,241.350,1.400,0.000,0.000,1.0
2009-06-06,04:31:00,0.292,0.122,241.320,1.400,0.000,0.000,1.0
2009-06-06,04:32:00,0.292,0.122,241.310,1.400,0.000,0.000,0.0
2009-06-06,04:33:00,0.292,0.122,241.420,1.400,0.000,0.000,1.0
2009-06-06,04:34:00,0.290,0.122,241.580,1.400,0.000,0.000,1.0
2009-06-06,04:35:00,0.290,0.124,241.760,1.400,0.000,0.000,0.0
2009-06-06,04:36:00,0.290,0.124,241.890,1.400,0.000,0.000,1.0
2009-06-06,04:37:00,0.290,0.124,241.830,1.400,0.000,0.000,1.0
2009-06-06,04:38:00,0.290,0.122,241.810,1.400,0.000,0.000,0.0
2009-06-06,04:39:00,0.252,0.070,241.780,1.200,0.000,0.000,1.0
2009-06-06,04:40:00,0.194,0.000,242.130,0.800,0.000,0.000,1.0
2009-06-06,04:41:00,0.194,0.000,242.240,0.800,0.000,0.000,0.0
2009-06-06,04:42:00,0.196,0.000,242.530,0.800,0.000,0.000,1.0
2009-06-06,04:43:00,0.196,0.000,242.470,0.800,0.000,0.000,1.0
2009-06-06,04:44:00,0.196,0.000,242.380,0.800,0.000,0.000,0.0
2009-06-06,04:45:00,0.194,0.000,241.840,0.800,0.000,0.000,1.0
2009-06-06,04:46:00,0.194,0.000,241.960,0.800,0.000,0.000,1.0
2009-06-06,04:47:00,0.194,0.000,242.350,0.800,0.000,0.000,0.0
2009-06-06,04:48:00,0.194,0.000,242.200,0.800,0.000,0.000,1.0
2009-06-06,04:49:00,0.230,0.000,242.230,1.200,0.000,0.000,1.0
2009-06-06,04:50:00,0.272,0.092,242.120,1.200,0.000,0.000,0.0
2009-06-06,04:51:00,0.272,0.092,241.870,1.200,0.000,0.000,1.0
2009-06-06,04:52:00,0.272,0.094,242.130,1.200,0.000,0.000,1.0
2009-06-06,04:53:00,0.270,0.092,241.710,1.200,0.000,0.000,0.0
2009-06-06,04:54:00,0.268,0.090,241.220,1.200,0.000,0.000,1.0
2009-06-06,04:55:00,0.266,0.090,240.910,1.200,0.000,0.000,1.0
2009-06-06,04:56:00,0.266,0.092,241.340,1.200,0.000,0.000,0.0
2009-06-06,04:57:00,0.266,0.092,241.470,1.200,0.000,0.000,1.0
2009-06-06,04:58:00,0.264,0.092,241.410,1.200,0.000,0.000,1.0
2009-06-06,04:59:00,0.264,0.092,241.500,1.200,0.000,0.000,0.0
2009-06-06,05:00:00,0.264,0.092,241.850,1.200,0.000,0.000,1.0
2009-06-06,05:01:00,0.264,0.092,241.900,1.200,0.000,0.000,1.0
2009-06-06,05:02:00,0.290,0.090,241.720,1.400,0.000,0.000,0.0
2009-06-06,05:03:00,0.304,0.122,241.670,1.400,0.000,0.000,1.0
2009-06-06,05:04:00,0.302,0.122,241.810,1.400,0.000,0.000,1.0
2009-06-06,05:05:00,0.300,0.124,242.510,1.400,0.000,0.000,0.0
2009-06-06,05:06:00,0.298,0.124,242.340,1.400,0.000,0.000,1.0
2009-06-06,05:07:00,0.296,0.124,242.180,1.400,0.000,0.000,1.0
2009-06-06,05:08:00,0.294,0.122,241.540,1.400,0.000,0.000,0.0
2009-06-06,05:09:00,0.798,0.238,241.260,3.600,0.000,0.000,9.0
2009-06-06,05:10:00,0.912,0.258,241.320,3.800,0.000,0.000,11.0
2009-06-06,05:11:00,0.942,0.260,241.590,4.000,0.000,0.000,11.0
2009-06-06,05:12:00,0.958,0.262,241.840,4.000,0.000,0.000,12.0
2009-06-06,05:13:00,0.960,0.260,241.810,4.000,0.000,0.000,12.0
2009-06-06,05:14:00,0.754,0.216,241.810,3.400,0.000,0.000,9.0
2009-06-06,05:15:00,0.290,0.126,242.340,1.400,0.000,0.000,1.0
2009-06-06,05:16:00,0.292,0.128,242.790,1.400,0.000,0.000,0.0
2009-06-06,05:17:00,0.270,0.098,242.920,1.200,0.000,0.000,1.0
2009-06-06,05:18:00,0.196,0.000,242.780,0.800,0.000,0.000,1.0
2009-06-06,05:19:00,0.196,0.000,242.830,0.800,0.000,0.000,0.0
2009-06-06,05:20:00,0.196,0.000,242.940,0.800,0.000,0.000,1.0
2009-06-06,05:21:00,0.196,0.000,242.910,0.800,0.000,0.000,1.0
2009-06-06,05:22:00,0.196,0.000,242.820,0.800,0.000,0.000,0.0
2009-06-06,05:23:00,0.196,0.000,242.750,0.800,0.000,0.000,1.0
2009-06-06,05:24:00,0.196,0.000,242.250,0.800,0.000,0.000,1.0
2009-06-06,05:25:00,0.196,0.000,241.970,0.800,0.000,0.000,0.0
2009-06-06,05:26:00,0.196,0.000,242.270,0.800,0.000,0.000,1.0
2009-06-06,05:27:00,0.196,0.000,242.690,0.800,0.000,0.000,1.0
2009-06-06,05:28:00,0.196,0.000,242.970,0.800,0.000,0.000,0.0
2009-06-06,05:29:00,0.196,0.000,242.940,0.800,0.000,0.000,1.0
2009-06-06,05:30:00,0.196,0.000,243.020,0.800,0.000,0.000,1.0
2009-06-06,05:31:00,0.196,0.000,243.220,0.800,0.000,0.000,0.0
2009-06-06,05:32:00,0.194,0.000,242.320,0.800,0.000,0.000,1.0
2009-06-06,05:33:00,0.194,0.000,242.170,0.800,0.000,0.000,1.0
2009-06-06,05:34:00,0.194,0.000,242.170,0.800,0.000,0.000,0.0
2009-06-06,05:35:00,0.194,0.000,242.230,0.800,0.000,0.000,1.0
2009-06-06,05:36:00,0.280,0.082,242.340,1.400,0.000,0.000,1.0
2009-06-06,05:37:00,0.272,0.096,242.540,1.200,0.000,0.000,0.0
2009-06-06,05:38:00,0.272,0.096,242.420,1.200,0.000,0.000,1.0
2009-06-06,05:39:00,0.272,0.096,242.340,1.200,0.000,0.000,1.0
2009-06-06,05:40:00,0.340,0.168,242.160,1.600,0.000,0.000,0.0
2009-06-06,05:41:00,0.378,0.230,242.300,1.800,0.000,0.000,1.0
2009-06-06,05:42:00,0.372,0.230,242.200,1.800,0.000,0.000,1.0
2009-06-06,05:43:00,0.370,0.230,242.210,1.800,0.000,0.000,0.0
2009-06-06,05:44:00,0.368,0.232,242.600,1.800,0.000,0.000,1.0
2009-06-06,05:45:00,0.366,0.230,242.620,1.800,0.000,0.000,1.0
2009-06-06,05:46:00,0.364,0.230,242.660,1.800,0.000,0.000,0.0
2009-06-06,05:47:00,0.364,0.232,242.550,1.800,0.000,0.000,1.0
2009-06-06,05:48:00,0.334,0.188,242.540,1.600,0.000,0.000,1.0
2009-06-06,05:49:00,0.292,0.126,242.570,1.400,0.000,0.000,0.0
2009-06-06,05:50:00,0.294,0.128,243.040,1.400,0.000,0.000,1.0
2009-06-06,05:51:00,0.292,0.128,242.650,1.400,0.000,0.000,1.0
2009-06-06,05:52:00,0.352,0.194,242.560,1.800,0.000,0.000,0.0
2009-06-06,05:53:00,0.378,0.252,242.760,1.800,0.000,2.000,1.0
2009-06-06,05:54:00,0.376,0.252,242.900,1.800,0.000,1.000,1.0
2009-06-06,05:55:00,0.376,0.252,242.930,1.800,0.000,2.000,0.0
2009-06-06,05:56:00,0.286,0.122,243.900,1.200,0.000,1.000,1.0
2009-06-06,05:57:00,0.284,0.118,243.490,1.200,0.000,1.000,1.0
2009-06-06,05:58:00,0.284,0.116,243.120,1.200,0.000,2.000,0.0
2009-06-06,05:59:00,0.284,0.116,243.420,1.200,0.000,1.000,1.0
2009-06-06,06:00:00,0.282,0.116,242.940,1.200,0.000,2.000,1.0
2009-06-06,06:01:00,0.282,0.114,242.690,1.200,0.000,1.000,0.0
2009-06-06,06:02:00,0.282,0.114,242.540,1.200,0.000,2.000,1.0
2009-06-06,06:03:00,0.280,0.114,242.800,1.200,0.000,1.000,1.0
2009-06-06,06:04:00,0.280,0.114,242.680,1.200,0.000,1.000,0.0
2009-06-06,06:05:00,0.278,0.114,242.640,1.200,0.000,2.000,1.0
2009-06-06,06:06:00,0.278,0.114,242.730,1.200,0.000,1.000,1.0
2009-06-06,06:07:00,0.278,0.114,242.800,1.200,0.000,1.000,0.0
2009-06-06,06:08:00,0.276,0.114,242.680,1.200,0.000,2.000,1.0
2009-06-06,06:09:00,0.274,0.114,242.440,1.200,0.000,1.000,1.0
2009-06-06,06:10:00,0.272,0.112,242.210,1.200,0.000,1.000,0.0
2009-06-06,06:11:00,0.272,0.112,242.250,1.200,0.000,2.000,1.0
2009-06-06,06:12:00,0.272,0.114,242.350,1.200,0.000,1.000,1.0
2009-06-06,06:13:00,0.272,0.114,242.560,1.200,0.000,1.000,0.0
2009-06-06,06:14:00,0.272,0.116,242.900,1.200,0.000,1.000,1.0
2009-06-06,06:15:00,0.272,0.116,242.910,1.200,0.000,2.000,1.0
2009-06-06,06:16:00,0.270,0.114,242.570,1.200,0.000,1.000,0.0
2009-06-06,06:17:00,0.270,0.114,242.380,1.200,0.000,1.000,1.0
2009-06-06,06:18:00,0.310,0.150,242.330,1.600,0.000,1.000,1.0
2009-06-06,06:19:00,0.378,0.248,242.030,1.800,0.000,2.000,0.0
2009-06-06,06:20:00,0.374,0.248,241.960,1.800,0.000,1.000,1.0
2009-06-06,06:21:00,0.308,0.140,242.040,1.400,0.000,0.000,1.0
2009-06-06,06:22:00,0.298,0.126,242.060,1.400,0.000,0.000,0.0
2009-06-06,06:23:00,0.376,0.210,241.840,1.800,0.000,0.000,1.0
2009-06-06,06:24:00,0.372,0.228,241.700,1.800,0.000,0.000,0.0
2009-06-06,06:25:00,0.370,0.228,241.820,1.800,0.000,0.000,1.0
2009-06-06,06:26:00,0.368,0.230,242.200,1.800,0.000,0.000,1.0
2009-06-06,06:27:00,0.366,0.230,242.280,1.800,0.000,0.000,0.0
2009-06-06,06:28:00,0.364,0.230,242.190,1.800,0.000,0.000,1.0
2009-06-06,06:29:00,0.362,0.230,242.080,1.800,0.000,0.000,1.0
2009-06-06,06:30:00,0.360,0.230,242.110,1.800,0.000,0.000,0.0
2009-06-06,06:31:00,0.360,0.228,242.010,1.800,0.000,0.000,1.0
2009-06-06,06:32:00,0.360,0.228,241.870,1.800,0.000,0.000,1.0
2009-06-06,06:33:00,0.358,0.228,241.850,1.800,0.000,0.000,0.0
2009-06-06,06:34:00,0.278,0.114,241.830,1.200,0.000,0.000,1.0
2009-06-06,06:35:00,0.260,0.088,241.530,1.200,0.000,0.000,1.0
2009-06-06,06:36:00,0.194,0.000,241.860,0.800,0.000,0.000,0.0
2009-06-06,06:37:00,0.286,0.000,241.540,1.400,0.000,0.000,1.0
2009-06-06,06:38:00,0.484,0.000,241.360,2.000,0.000,0.000,1.0
2009-06-06,06:39:00,0.466,0.000,241.280,2.000,0.000,0.000,0.0
2009-06-06,06:40:00,0.194,0.000,241.430,0.800,0.000,0.000,1.0
2009-06-06,06:41:00,0.438,0.000,241.430,1.800,0.000,0.000,1.0
2009-06-06,06:42:00,0.498,0.000,241.600,2.000,0.000,0.000,0.0
2009-06-06,06:43:00,0.488,0.000,241.470,2.000,0.000,0.000,1.0
2009-06-06,06:44:00,0.482,0.000,241.340,2.000,0.000,0.000,1.0
2009-06-06,06:45:00,0.480,0.000,240.960,2.000,0.000,0.000,0.0
2009-06-06,06:46:00,0.482,0.000,241.420,2.000,0.000,0.000,1.0
2009-06-06,06:47:00,1.010,0.110,241.360,4.200,0.000,0.000,9.0
2009-06-06,06:48:00,1.116,0.126,241.710,4.600,0.000,0.000,11.0
2009-06-06,06:49:00,1.158,0.124,241.640,4.800,0.000,0.000,12.0
2009-06-06,06:50:00,1.732,0.310,241.120,8.200,0.000,0.000,11.0
2009-06-06,06:51:00,1.838,0.370,240.890,8.400,0.000,0.000,12.0
2009-06-06,06:52:00,0.764,0.158,242.240,3.400,0.000,0.000,4.0
2009-06-06,06:53:00,0.590,0.122,242.450,2.400,0.000,0.000,1.0
2009-06-06,06:54:00,0.588,0.120,242.410,2.400,0.000,0.000,0.0
2009-06-06,06:55:00,0.476,0.124,242.480,2.200,0.000,0.000,1.0
2009-06-06,06:56:00,0.404,0.126,242.880,1.800,0.000,0.000,1.0
2009-06-06,06:57:00,0.402,0.122,242.120,1.800,0.000,0.000,0.0
2009-06-06,06:58:00,0.812,0.114,241.020,4.000,0.000,0.000,7.0
2009-06-06,06:59:00,1.506,0.106,240.300,6.200,0.000,0.000,19.0
2009-06-06,07:00:00,1.494,0.108,240.560,6.200,0.000,0.000,19.0
2009-06-06,07:01:00,1.488,0.110,241.260,6.200,0.000,0.000,19.0
2009-06-06,07:02:00,1.546,0.182,241.020,6.400,0.000,0.000,19.0
2009-06-06,07:03:00,1.546,0.212,240.810,6.400,0.000,0.000,18.0
2009-06-06,07:04:00,1.536,0.208,240.080,6.400,0.000,0.000,18.0
2009-06-06,07:05:00,1.528,0.206,239.680,6.400,0.000,0.000,19.0
2009-06-06,07:06:00,1.528,0.208,239.880,6.400,0.000,0.000,18.0
2009-06-06,07:07:00,1.526,0.208,239.850,6.400,0.000,0.000,18.0
2009-06-06,07:08:00,1.522,0.208,239.770,6.400,0.000,0.000,19.0
2009-06-06,07:09:00,1.504,0.180,239.940,6.200,0.000,0.000,18.0
2009-06-06,07:10:00,1.424,0.074,239.350,5.800,0.000,0.000,18.0
2009-06-06,07:11:00,1.422,0.074,239.300,5.800,0.000,0.000,18.0
2009-06-06,07:12:00,1.418,0.074,239.070,5.800,0.000,0.000,18.0
2009-06-06,07:13:00,1.420,0.074,239.280,5.800,0.000,0.000,19.0
2009-06-06,07:14:00,1.532,0.074,239.590,6.400,0.000,0.000,18.0
2009-06-06,07:15:00,1.596,0.072,238.810,6.600,0.000,0.000,18.0
2009-06-06,07:16:00,1.564,0.000,239.010,6.400,0.000,0.000,18.0
2009-06-06,07:17:00,1.530,0.000,238.890,6.400,0.000,0.000,18.0
2009-06-06,07:18:00,1.532,0.000,239.000,6.400,0.000,0.000,18.0
2009-06-06,07:19:00,1.558,0.000,239.120,6.400,0.000,0.000,19.0
2009-06-06,07:20:00,1.722,0.000,238.640,7.200,0.000,0.000,18.0
2009-06-06,07:21:00,2.526,0.000,237.340,10.800,0.000,0.000,18.0
2009-06-06,07:22:00,1.648,0.000,238.340,7.000,0.000,0.000,18.0
2009-06-06,07:23:00,2.984,0.000,236.620,13.800,0.000,0.000,17.0
2009-06-06,07:24:00,4.294,0.000,235.320,18.200,0.000,0.000,18.0
2009-06-06,07:25:00,5.168,0.000,234.110,22.000,0.000,0.000,17.0
2009-06-06,07:26:00,5.208,0.000,235.420,22.000,0.000,0.000,18.0
2009-06-06,07:27:00,3.270,0.000,238.200,14.600,0.000,0.000,18.0
2009-06-06,07:28:00,1.622,0.000,239.730,6.800,0.000,0.000,18.0
2009-06-06,07:29:00,1.618,0.000,239.550,6.800,0.000,0.000,18.0
2009-06-06,07:30:00,1.614,0.000,239.450,6.600,0.000,0.000,19.0
2009-06-06,07:31:00,1.894,0.138,239.330,8.000,0.000,0.000,18.0
2009-06-06,07:32:00,2.432,0.172,238.960,10.600,0.000,0.000,18.0
2009-06-06,07:33:00,2.442,0.170,239.010,10.600,0.000,0.000,18.0
2009-06-06,07:34:00,1.700,0.142,239.700,7.000,0.000,0.000,18.0
2009-06-06,07:35:00,1.696,0.140,239.560,7.000,0.000,0.000,19.0
2009-06-06,07:36:00,1.710,0.138,239.410,7.000,0.000,0.000,18.0
2009-06-06,07:37:00,1.762,0.136,239.500,7.400,0.000,0.000,18.0
2009-06-06,07:38:00,1.758,0.134,239.090,7.400,0.000,0.000,18.0
2009-06-06,07:39:00,1.754,0.136,238.970,7.400,0.000,0.000,18.0
2009-06-06,07:40:00,1.756,0.136,239.110,7.400,0.000,0.000,18.0
2009-06-06,07:41:00,1.758,0.136,239.080,7.400,0.000,0.000,19.0
2009-06-06,07:42:00,1.742,0.134,237.850,7.400,0.000,0.000,18.0
2009-06-06,07:43:00,1.822,0.236,237.920,7.600,0.000,0.000,17.0
2009-06-06,07:44:00,1.814,0.232,237.940,7.600,0.000,0.000,18.0
2009-06-06,07:45:00,1.818,0.238,237.950,7.600,0.000,0.000,18.0
2009-06-06,07:46:00,2.408,0.350,237.570,10.200,0.000,0.000,28.0
2009-06-06,07:47:00,2.344,0.240,237.440,9.800,0.000,0.000,28.0
2009-06-06,07:48:00,2.362,0.220,237.750,10.000,0.000,0.000,29.0
2009-06-06,07:49:00,2.366,0.218,237.540,10.000,0.000,0.000,29.0
2009-06-06,07:50:00,2.368,0.222,238.020,10.000,0.000,0.000,29.0
2009-06-06,07:51:00,2.126,0.184,238.640,9.000,0.000,0.000,25.0
2009-06-06,07:52:00,1.714,0.108,238.510,7.200,0.000,0.000,18.0
2009-06-06,07:53:00,1.764,0.172,237.910,7.400,0.000,0.000,18.0
2009-06-06,07:54:00,1.788,0.222,237.880,7.600,0.000,1.000,18.0
2009-06-06,07:55:00,1.786,0.224,238.050,7.600,0.000,1.000,18.0
2009-06-06,07:56:00,2.082,0.222,237.990,9.000,0.000,2.000,18.0
2009-06-06,07:57:00,3.042,0.214,237.060,12.800,0.000,1.000,18.0
2009-06-06,07:58:00,2.220,0.122,237.660,9.600,0.000,2.000,18.0
2009-06-06,07:59:00,1.728,0.126,238.410,7.200,0.000,1.000,18.0
2009-06-06,08:00:00,1.714,0.124,237.670,7.200,0.000,2.000,18.0
2009-06-06,08:01:00,1.718,0.124,237.760,7.200,0.000,1.000,18.0
2009-06-06,08:02:00,1.726,0.126,238.330,7.200,0.000,1.000,18.0
2009-06-06,08:03:00,1.740,0.126,238.790,7.200,0.000,2.000,18.0
2009-06-06,08:04:00,1.724,0.126,237.840,7.200,0.000,1.000,18.0
2009-06-06,08:05:00,1.720,0.124,237.280,7.200,0.000,2.000,18.0
2009-06-06,08:06:00,1.726,0.126,237.970,7.200,0.000,1.000,18.0
2009-06-06,08:07:00,1.734,0.128,238.580,7.200,0.000,1.000,18.0
2009-06-06,08:08:00,1.722,0.124,237.570,7.200,0.000,2.000,18.0
2009-06-06,08:09:00,1.780,0.182,238.000,7.400,0.000,1.000,18.0
2009-06-06,08:10:00,1.572,0.258,237.850,6.600,0.000,1.000,18.0
2009-06-06,08:11:00,1.540,0.258,238.020,6.600,0.000,1.000,18.0
2009-06-06,08:12:00,1.608,0.260,238.770,6.800,0.000,2.000,18.0
2009-06-06,08:13:00,1.784,0.256,237.750,7.600,0.000,1.000,18.0
2009-06-06,08:14:00,1.532,0.254,237.170,6.600,0.000,1.000,18.0
2009-06-06,08:15:00,1.528,0.256,237.710,6.400,0.000,1.000,18.0
2009-06-06,08:16:00,1.528,0.256,237.500,6.400,0.000,2.000,18.0
2009-06-06,08:17:00,1.520,0.254,237.150,6.400,0.000,1.000,18.0
2009-06-06,08:18:00,1.536,0.256,237.850,6.600,0.000,1.000,18.0
2009-06-06,08:19:00,1.524,0.256,237.620,6.400,0.000,1.000,17.0
2009-06-06,08:20:00,1.522,0.256,237.880,6.400,0.000,2.000,18.0
2009-06-06,08:21:00,1.510,0.246,237.580,6.400,0.000,1.000,18.0
2009-06-06,08:22:00,1.406,0.140,237.830,5.800,0.000,0.000,18.0
2009-06-06,08:23:00,1.342,0.106,238.820,5.600,0.000,0.000,18.0
2009-06-06,08:24:00,1.338,0.106,238.530,5.600,0.000,0.000,18.0
2009-06-06,08:25:00,1.254,0.000,238.260,5.200,0.000,0.000,19.0
2009-06-06,08:26:00,1.244,0.000,238.270,5.200,0.000,0.000,18.0
2009-06-06,08:27:00,1.244,0.000,238.320,5.200,0.000,0.000,18.0
2009-06-06,08:28:00,1.238,0.000,237.690,5.200,0.000,0.000,18.0
2009-06-06,08:29:00,1.242,0.000,238.140,5.200,0.000,0.000,18.0
2009-06-06,08:30:00,1.268,0.000,237.910,5.400,0.000,0.000,17.0
2009-06-06,08:31:00,1.306,0.072,237.430,5.400,0.000,0.000,18.0
2009-06-06,08:32:00,1.304,0.072,237.400,5.400,0.000,0.000,18.0
2009-06-06,08:33:00,1.306,0.072,237.530,5.400,0.000,0.000,18.0
2009-06-06,08:34:00,1.306,0.074,237.590,5.400,0.000,0.000,18.0
2009-06-06,08:35:00,1.304,0.072,237.510,5.400,0.000,0.000,18.0
2009-06-06,08:36:00,1.318,0.076,239.020,5.400,0.000,0.000,18.0
2009-06-06,08:37:00,1.314,0.076,238.830,5.400,0.000,0.000,18.0
2009-06-06,08:38:00,1.316,0.076,239.190,5.400,0.000,0.000,18.0
2009-06-06,08:39:00,1.316,0.078,239.280,5.400,0.000,0.000,19.0
2009-06-06,08:40:00,1.346,0.076,238.960,5.600,0.000,0.000,18.0
2009-06-06,08:41:00,1.414,0.072,238.250,5.800,0.000,0.000,18.0
2009-06-06,08:42:00,1.410,0.072,238.000,5.800,0.000,0.000,18.0
2009-06-06,08:43:00,1.410,0.074,238.090,5.800,0.000,0.000,18.0
2009-06-06,08:44:00,1.358,0.000,238.210,5.600,0.000,0.000,18.0
2009-06-06,08:45:00,1.342,0.000,237.920,5.600,0.000,0.000,18.0
2009-06-06,08:46:00,1.344,0.000,237.980,5.600,0.000,0.000,18.0
2009-06-06,08:47:00,1.336,0.000,238.190,5.600,0.000,0.000,18.0
2009-06-06,08:48:00,1.340,0.100,237.200,5.600,0.000,0.000,18.0
2009-06-06,08:49:00,1.338,0.100,237.230,5.600,0.000,0.000,17.0
2009-06-06,08:50:00,1.332,0.098,237.020,5.600,0.000,0.000,18.0
2009-06-06,08:51:00,1.334,0.100,237.340,5.600,0.000,0.000,18.0
2009-06-06,08:52:00,1.342,0.102,238.060,5.600,0.000,0.000,18.0
2009-06-06,08:53:00,1.336,0.100,237.820,5.600,0.000,0.000,18.0
2009-06-06,08:54:00,1.336,0.102,237.950,5.600,0.000,0.000,18.0
2009-06-06,08:55:00,1.332,0.100,237.790,5.600,0.000,0.000,18.0
2009-06-06,08:56:00,1.338,0.102,238.440,5.600,0.000,0.000,18.0
2009-06-06,08:57:00,1.332,0.100,237.800,5.600,0.000,0.000,18.0
2009-06-06,08:58:00,1.320,0.096,236.510,5.600,0.000,0.000,18.0
2009-06-06,08:59:00,1.320,0.094,236.000,5.600,0.000,0.000,18.0
2009-06-06,09:00:00,1.320,0.094,236.000,5.600,0.000,0.000,17.0
2009-06-06,09:01:00,1.320,0.094,236.000,5.600,0.000,0.000,18.0
2009-06-06,09:02:00,1.320,0.096,236.190,5.600,0.000,0.000,18.0
2009-06-06,09:03:00,1.252,0.000,236.250,5.200,0.000,0.000,17.0
2009-06-06,09:04:00,1.234,0.000,236.630,5.200,0.000,0.000,18.0
2009-06-06,09:05:00,1.744,0.060,235.450,7.400,0.000,0.000,26.0
2009-06-06,09:06:00,1.872,0.090,238.520,7.800,0.000,0.000,28.0
2009-06-06,09:07:00,2.034,0.132,238.350,8.600,0.000,0.000,29.0
2009-06-06,09:08:00,2.258,0.122,237.700,9.400,0.000,0.000,29.0
2009-06-06,09:09:00,2.222,0.082,238.410,9.200,0.000,0.000,29.0
2009-06-06,09:10:00,2.232,0.086,238.910,9.200,0.000,0.000,29.0
2009-06-06,09:11:00,1.582,0.000,238.640,6.600,0.000,0.000,19.0
2009-06-06,09:12:00,1.296,0.000,238.730,5.400,0.000,0.000,18.0
2009-06-06,09:13:00,1.364,0.056,238.250,5.800,0.000,0.000,18.0
2009-06-06,09:14:00,1.388,0.096,238.170,5.800,0.000,0.000,18.0
2009-06-06,09:15:00,1.386,0.098,238.380,5.800,0.000,0.000,18.0
2009-06-06,09:16:00,1.434,0.142,238.170,6.000,0.000,0.000,18.0
2009-06-06,09:17:00,1.456,0.196,237.980,6.200,0.000,0.000,18.0
2009-06-06,09:18:00,1.458,0.198,238.270,6.200,0.000,0.000,18.0
2009-06-06,09:19:00,1.446,0.196,237.690,6.000,0.000,0.000,18.0
2009-06-06,09:20:00,1.446,0.198,238.090,6.000,0.000,0.000,18.0
2009-06-06,09:21:00,1.436,0.196,237.540,6.000,0.000,0.000,18.0
2009-06-06,09:22:00,1.444,0.200,238.400,6.000,0.000,0.000,18.0
2009-06-06,09:23:00,1.442,0.200,238.550,6.000,0.000,0.000,18.0
2009-06-06,09:24:00,1.448,0.204,239.200,6.000,0.000,0.000,18.0
2009-06-06,09:25:00,1.450,0.206,239.490,6.000,0.000,0.000,19.0
2009-06-06,09:26:00,1.472,0.214,241.780,6.000,0.000,0.000,18.0
2009-06-06,09:27:00,1.466,0.212,241.250,6.000,0.000,0.000,19.0
2009-06-06,09:28:00,1.470,0.214,241.700,6.000,0.000,0.000,18.0
2009-06-06,09:29:00,1.470,0.214,241.730,6.000,0.000,0.000,19.0
2009-06-06,09:30:00,1.466,0.212,241.470,6.000,0.000,0.000,18.0
2009-06-06,09:31:00,1.460,0.210,241.070,6.000,0.000,0.000,19.0
2009-06-06,09:32:00,1.354,0.048,241.120,5.600,0.000,0.000,18.0
2009-06-06,09:33:00,1.306,0.000,241.360,5.400,0.000,0.000,19.0
2009-06-06,09:34:00,1.304,0.000,241.130,5.400,0.000,0.000,18.0
2009-06-06,09:35:00,1.304,0.000,241.080,5.400,0.000,0.000,18.0
2009-06-06,09:36:00,1.308,0.000,241.490,5.400,0.000,0.000,19.0
2009-06-06,09:37:00,1.310,0.000,241.800,5.400,0.000,0.000,18.0
2009-06-06,09:38:00,1.310,0.000,241.760,5.400,0.000,0.000,19.0
2009-06-06,09:39:00,1.304,0.000,241.050,5.400,0.000,0.000,18.0
2009-06-06,09:40:00,1.308,0.000,241.480,5.400,0.000,0.000,19.0
2009-06-06,09:41:00,1.304,0.000,241.090,5.400,0.000,0.000,18.0
2009-06-06,09:42:00,1.304,0.000,241.080,5.400,0.000,0.000,19.0
2009-06-06,09:43:00,1.300,0.000,240.670,5.400,0.000,0.000,18.0
2009-06-06,09:44:00,1.296,0.000,240.400,5.400,0.000,0.000,19.0
2009-06-06,09:45:00,1.294,0.000,240.060,5.400,0.000,0.000,18.0
2009-06-06,09:46:00,1.292,0.000,239.870,5.400,0.000,0.000,18.0
2009-06-06,09:47:00,1.292,0.000,239.900,5.400,0.000,0.000,18.0
2009-06-06,09:48:00,1.292,0.000,239.790,5.400,0.000,0.000,19.0
2009-06-06,09:49:00,1.300,0.000,240.540,5.400,0.000,0.000,18.0
2009-06-06,09:50:00,1.300,0.000,240.550,5.400,0.000,0.000,18.0
2009-06-06,09:51:00,1.298,0.000,240.420,5.400,0.000,0.000,19.0
2009-06-06,09:52:00,1.296,0.000,240.190,5.400,0.000,0.000,18.0
2009-06-06,09:53:00,1.326,0.000,241.020,5.400,0.000,0.000,18.0
2009-06-06,09:54:00,1.472,0.172,240.900,6.200,0.000,0.000,19.0
2009-06-06,09:55:00,1.482,0.232,241.020,6.200,0.000,1.000,18.0
2009-06-06,09:56:00,1.452,0.234,240.970,6.000,0.000,1.000,19.0
2009-06-06,09:57:00,1.446,0.232,240.520,6.000,0.000,2.000,18.0
2009-06-06,09:58:00,1.444,0.232,240.350,6.000,0.000,1.000,18.0
2009-06-06,09:59:00,1.444,0.232,240.480,6.000,0.000,1.000,19.0
2009-06-06,10:00:00,1.446,0.234,240.730,6.000,0.000,2.000,18.0
2009-06-06,10:01:00,1.436,0.228,239.900,6.000,0.000,1.000,18.0
2009-06-06,10:02:00,1.428,0.226,239.300,6.000,0.000,2.000,19.0
2009-06-06,10:03:00,1.426,0.226,239.140,6.000,0.000,1.000,18.0
2009-06-06,10:04:00,1.432,0.228,239.840,6.000,0.000,1.000,18.0
2009-06-06,10:05:00,1.486,0.280,239.810,6.200,0.000,2.000,18.0
2009-06-06,10:06:00,1.508,0.330,240.140,6.400,0.000,1.000,19.0
2009-06-06,10:07:00,1.512,0.332,240.580,6.400,0.000,2.000,18.0
2009-06-06,10:08:00,1.510,0.332,240.550,6.400,0.000,1.000,18.0
2009-06-06,10:09:00,1.504,0.330,240.150,6.400,0.000,1.000,19.0
2009-06-06,10:10:00,1.412,0.208,239.830,5.800,0.000,2.000,18.0
2009-06-06,10:11:00,1.406,0.198,240.140,5.800,0.000,1.000,18.0
2009-06-06,10:12:00,1.408,0.200,240.480,5.800,0.000,1.000,18.0
2009-06-06,10:13:00,1.406,0.198,240.510,5.800,0.000,1.000,19.0
2009-06-06,10:14:00,1.404,0.200,240.440,5.800,0.000,2.000,18.0
2009-06-06,10:15:00,0.354,0.214,241.340,1.800,0.000,1.000,2.0
2009-06-06,10:16:00,0.340,0.214,241.430,1.600,0.000,1.000,0.0
2009-06-06,10:17:00,0.338,0.210,240.410,1.600,0.000,1.000,1.0
2009-06-06,10:18:00,0.336,0.210,240.500,1.600,0.000,2.000,1.0
2009-06-06,10:19:00,0.270,0.110,240.730,1.200,0.000,1.000,0.0
2009-06-06,10:20:00,0.270,0.110,241.220,1.200,0.000,1.000,1.0
2009-06-06,10:21:00,0.270,0.110,241.110,1.200,0.000,1.000,1.0
2009-06-06,10:22:00,0.256,0.088,241.350,1.200,0.000,1.000,0.0
2009-06-06,10:23:00,0.196,0.000,241.530,0.800,0.000,0.000,1.0
2009-06-06,10:24:00,0.196,0.000,241.080,0.800,0.000,0.000,1.0
2009-06-06,10:25:00,0.196,0.000,241.780,0.800,0.000,0.000,0.0
2009-06-06,10:26:00,0.198,0.000,242.430,0.800,0.000,0.000,1.0
2009-06-06,10:27:00,0.198,0.000,242.650,0.800,0.000,0.000,1.0
2009-06-06,10:28:00,0.452,0.054,242.820,2.400,0.000,0.000,4.0
2009-06-06,10:29:00,0.812,0.130,241.940,3.400,0.000,0.000,11.0
2009-06-06,10:30:00,0.836,0.128,241.770,3.400,0.000,0.000,11.0
2009-06-06,10:31:00,0.856,0.122,241.110,3.600,0.000,0.000,12.0
2009-06-06,10:32:00,0.942,0.206,240.610,4.000,0.000,0.000,12.0
2009-06-06,10:33:00,0.908,0.240,240.820,4.000,0.000,0.000,11.0
2009-06-06,10:34:00,0.300,0.124,241.610,1.400,0.000,0.000,1.0
2009-06-06,10:35:00,0.300,0.124,241.680,1.400,0.000,0.000,0.0
2009-06-06,10:36:00,0.298,0.124,241.250,1.400,0.000,0.000,1.0
2009-06-06,10:37:00,0.294,0.120,240.390,1.400,0.000,0.000,0.0
2009-06-06,10:38:00,0.294,0.120,240.300,1.400,0.000,0.000,1.0
2009-06-06,10:39:00,0.294,0.122,241.070,1.400,0.000,0.000,1.0
2009-06-06,10:40:00,0.292,0.122,240.870,1.400,0.000,0.000,0.0
2009-06-06,10:41:00,0.290,0.122,240.620,1.400,0.000,0.000,1.0
2009-06-06,10:42:00,0.292,0.124,241.020,1.400,0.000,0.000,1.0
2009-06-06,10:43:00,0.290,0.122,240.750,1.400,0.000,0.000,0.0
2009-06-06,10:44:00,0.290,0.122,240.690,1.400,0.000,0.000,1.0
2009-06-06,10:45:00,0.290,0.122,241.220,1.400,0.000,0.000,1.0
2009-06-06,10:46:00,0.290,0.124,241.240,1.400,0.000,0.000,0.0
2009-06-06,10:47:00,0.288,0.122,240.490,1.400,0.000,0.000,1.0
2009-06-06,10:48:00,0.236,0.046,240.810,1.000,0.000,0.000,1.0
2009-06-06,10:49:00,0.194,0.000,240.080,0.800,0.000,0.000,0.0
2009-06-06,10:50:00,0.194,0.000,240.210,0.800,0.000,0.000,1.0
2009-06-06,10:51:00,0.194,0.000,240.390,0.800,0.000,0.000,1.0
2009-06-06,10:52:00,0.194,0.000,240.610,0.800,0.000,0.000,0.0
2009-06-06,10:53:00,0.266,0.062,240.400,1.400,0.000,0.000,1.0
2009-06-06,10:54:00,0.272,0.094,241.270,1.200,0.000,0.000,1.0
2009-06-06,10:55:00,0.272,0.092,240.630,1.200,0.000,0.000,0.0
2009-06-06,10:56:00,0.272,0.092,240.400,1.200,0.000,0.000,1.0
2009-06-06,10:57:00,0.270,0.092,240.500,1.200,0.000,0.000,1.0
2009-06-06,10:58:00,0.268,0.092,240.480,1.200,0.000,0.000,0.0
2009-06-06,10:59:00,0.268,0.092,240.960,1.200,0.000,0.000,1.0
2009-06-06,11:00:00,0.266,0.094,241.150,1.200,0.000,0.000,1.0
2009-06-06,11:01:00,0.266,0.092,240.760,1.200,0.000,0.000,0.0
2009-06-06,11:02:00,0.264,0.092,240.280,1.200,0.000,0.000,1.0
2009-06-06,11:03:00,0.264,0.092,240.420,1.200,0.000,0.000,1.0
2009-06-06,11:04:00,0.264,0.090,240.050,1.200,0.000,0.000,0.0
2009-06-06,11:05:00,0.260,0.086,239.650,1.200,0.000,0.000,1.0
2009-06-06,11:06:00,0.194,0.000,240.340,0.800,0.000,0.000,1.0
2009-06-06,11:07:00,0.194,0.000,240.570,0.800,0.000,0.000,0.0
2009-06-06,11:08:00,0.194,0.000,240.780,0.800,0.000,0.000,1.0
2009-06-06,11:09:00,0.194,0.000,240.220,0.800,0.000,0.000,0.0
2009-06-06,11:10:00,0.194,0.000,240.000,0.800,0.000,0.000,1.0
2009-06-06,11:11:00,0.254,0.046,240.080,1.200,0.000,0.000,1.0
2009-06-06,11:12:00,0.304,0.120,240.490,1.400,0.000,0.000,0.0
2009-06-06,11:13:00,0.300,0.118,240.110,1.400,0.000,0.000,1.0
2009-06-06,11:14:00,0.316,0.118,239.950,1.400,0.000,0.000,1.0
2009-06-06,11:15:00,0.302,0.120,240.220,1.400,0.000,0.000,0.0
2009-06-06,11:16:00,0.296,0.118,240.020,1.400,0.000,0.000,1.0
2009-06-06,11:17:00,0.304,0.118,240.290,1.400,0.000,0.000,1.0
2009-06-06,11:18:00,0.324,0.120,240.880,1.400,0.000,0.000,0.0
2009-06-06,11:19:00,0.328,0.120,240.870,1.600,0.000,0.000,1.0
2009-06-06,11:20:00,0.318,0.120,240.540,1.400,0.000,0.000,1.0
2009-06-06,11:21:00,0.318,0.118,240.060,1.400,0.000,0.000,0.0
2009-06-06,11:22:00,0.476,0.118,240.300,2.200,0.000,0.000,1.0
2009-06-06,11:23:00,0.318,0.122,241.120,1.400,0.000,0.000,1.0
2009-06-06,11:24:00,0.318,0.124,241.570,1.400,0.000,0.000,0.0
2009-06-06,11:25:00,0.330,0.124,241.540,1.600,0.000,0.000,1.0
2009-06-06,11:26:00,0.314,0.126,241.910,1.400,0.000,0.000,1.0
2009-06-06,11:27:00,0.350,0.144,241.850,1.800,0.000,0.000,0.0
2009-06-06,11:28:00,0.394,0.228,241.970,1.800,0.000,0.000,1.0
2009-06-06,11:29:00,0.352,0.092,241.530,1.600,0.000,0.000,1.0
2009-06-06,11:30:00,0.584,0.086,241.430,2.400,0.000,0.000,0.0
2009-06-06,11:31:00,0.590,0.086,241.500,2.400,0.000,0.000,1.0
2009-06-06,11:32:00,0.584,0.088,241.670,2.400,0.000,0.000,1.0
2009-06-06,11:33:00,0.586,0.088,241.960,2.400,0.000,0.000,0.0
2009-06-06,11:34:00,0.432,0.092,242.320,2.000,0.000,0.000,1.0
2009-06-06,11:35:00,0.296,0.094,241.550,1.400,0.000,0.000,1.0
2009-06-06,11:36:00,0.294,0.088,240.700,1.400,0.000,0.000,0.0
2009-06-06,11:37:00,0.290,0.088,240.520,1.400,0.000,0.000,1.0
2009-06-06,11:38:00,0.290,0.090,240.400,1.400,0.000,0.000,1.0
2009-06-06,11:39:00,0.290,0.090,240.540,1.400,0.000,0.000,0.0
2009-06-06,11:40:00,0.290,0.090,240.730,1.400,0.000,0.000,1.0
2009-06-06,11:41:00,0.342,0.142,240.800,1.600,0.000,0.000,1.0
2009-06-06,11:42:00,0.400,0.224,240.840,2.000,0.000,0.000,0.0
2009-06-06,11:43:00,0.800,0.216,240.390,4.200,0.000,0.000,1.0
2009-06-06,11:44:00,1.152,0.232,239.840,5.600,0.000,0.000,1.0
2009-06-06,11:45:00,0.930,0.258,240.700,4.800,0.000,0.000,0.0
2009-06-06,11:46:00,0.804,0.230,240.520,4.400,0.000,0.000,1.0
2009-06-06,11:47:00,0.390,0.220,240.600,1.800,0.000,0.000,0.0
2009-06-06,11:48:00,0.388,0.222,240.910,1.800,0.000,0.000,1.0
2009-06-06,11:49:00,0.386,0.220,240.370,1.800,0.000,0.000,1.0
2009-06-06,11:50:00,0.380,0.220,240.420,1.800,0.000,0.000,0.0
2009-06-06,11:51:00,0.380,0.220,240.200,1.800,0.000,0.000,1.0
2009-06-06,11:52:00,0.380,0.220,239.970,1.800,0.000,0.000,1.0
2009-06-06,11:53:00,0.380,0.220,240.050,1.800,0.000,0.000,0.0
2009-06-06,11:54:00,0.378,0.220,239.910,1.800,0.000,0.000,1.0
2009-06-06,11:55:00,0.378,0.220,239.620,1.800,0.000,0.000,1.0
2009-06-06,11:56:00,0.508,0.344,240.570,2.600,0.000,1.000,0.0
2009-06-06,11:57:00,0.516,0.338,241.000,2.600,0.000,1.000,1.0
2009-06-06,11:58:00,0.526,0.334,241.740,2.600,0.000,2.000,1.0
2009-06-06,11:59:00,0.486,0.260,241.690,2.400,0.000,1.000,0.0
2009-06-06,12:00:00,0.462,0.224,241.420,2.200,0.000,2.000,1.0
2009-06-06,12:01:00,0.462,0.228,241.630,2.200,0.000,1.000,1.0
2009-06-06,12:02:00,0.462,0.228,241.490,2.200,0.000,1.000,0.0
2009-06-06,12:03:00,0.744,0.292,241.060,3.600,0.000,2.000,5.0
2009-06-06,12:04:00,1.066,0.354,240.370,4.600,0.000,1.000,11.0
2009-06-06,12:05:00,1.084,0.352,240.120,4.800,0.000,2.000,11.0
2009-06-06,12:06:00,1.110,0.350,240.080,4.800,0.000,1.000,12.0
2009-06-06,12:07:00,1.114,0.346,239.920,4.800,0.000,1.000,11.0
2009-06-06,12:08:00,1.110,0.342,239.260,4.800,0.000,2.000,12.0
2009-06-06,12:09:00,0.530,0.246,239.930,2.600,0.000,1.000,3.0
2009-06-06,12:10:00,0.448,0.230,239.720,2.200,0.000,2.000,0.0
2009-06-06,12:11:00,0.446,0.228,239.770,2.200,0.000,1.000,1.0
2009-06-06,12:12:00,0.412,0.186,239.790,2.000,0.000,1.000,1.0
2009-06-06,12:13:00,0.360,0.096,239.930,1.600,0.000,1.000,0.0
2009-06-06,12:14:00,0.358,0.096,239.820,1.600,0.000,2.000,1.0
2009-06-06,12:15:00,0.354,0.096,239.990,1.600,0.000,1.000,0.0
2009-06-06,12:16:00,0.350,0.098,239.990,1.600,0.000,1.000,1.0
2009-06-06,12:17:00,0.356,0.100,240.140,1.600,0.000,2.000,1.0
2009-06-06,12:18:00,0.352,0.098,240.200,1.600,0.000,1.000,0.0
2009-06-06,12:19:00,0.352,0.100,240.550,1.600,0.000,1.000,1.0
2009-06-06,12:20:00,0.356,0.098,240.620,1.600,0.000,1.000,1.0
2009-06-06,12:21:00,0.360,0.098,241.000,1.600,0.000,2.000,0.0
2009-06-06,12:22:00,0.348,0.100,240.820,1.600,0.000,1.000,1.0
2009-06-06,12:23:00,0.350,0.098,240.450,1.600,0.000,1.000,1.0
2009-06-06,12:24:00,0.320,0.054,239.890,1.400,0.000,1.000,0.0
2009-06-06,12:25:00,0.286,0.000,240.470,1.400,0.000,0.000,1.0
2009-06-06,12:26:00,0.282,0.000,241.530,1.200,0.000,0.000,1.0
2009-06-06,12:27:00,0.308,0.000,240.990,1.400,0.000,0.000,0.0
2009-06-06,12:28:00,0.386,0.108,240.240,1.800,0.000,0.000,1.0
2009-06-06,12:29:00,0.384,0.110,240.540,1.800,0.000,0.000,1.0
2009-06-06,12:30:00,0.382,0.110,240.660,1.800,0.000,0.000,0.0
2009-06-06,12:31:00,0.458,0.186,240.850,2.200,0.000,0.000,1.0
2009-06-06,12:32:00,0.466,0.212,240.150,2.200,0.000,0.000,1.0
2009-06-06,12:33:00,0.460,0.210,239.820,2.200,0.000,0.000,0.0
2009-06-06,12:34:00,0.456,0.210,240.020,2.200,0.000,0.000,1.0
2009-06-06,12:35:00,0.452,0.218,241.560,2.200,0.000,0.000,1.0
2009-06-06,12:36:00,0.448,0.216,241.290,2.000,0.000,0.000,0.0
2009-06-06,12:37:00,0.450,0.216,240.970,2.200,0.000,0.000,1.0
2009-06-06,12:38:00,0.452,0.216,240.480,2.200,0.000,0.000,1.0
2009-06-06,12:39:00,0.450,0.218,240.850,2.200,0.000,0.000,0.0
2009-06-06,12:40:00,0.448,0.218,241.290,2.000,0.000,0.000,1.0
2009-06-06,12:41:00,0.444,0.218,241.640,2.000,0.000,0.000,1.0
2009-06-06,12:42:00,0.442,0.216,241.150,2.000,0.000,0.000,0.0
2009-06-06,12:43:00,0.438,0.214,240.720,2.000,0.000,0.000,1.0
2009-06-06,12:44:00,0.434,0.214,240.430,2.000,0.000,0.000,1.0
2009-06-06,12:45:00,0.434,0.220,241.360,2.000,0.000,0.000,0.0
2009-06-06,12:46:00,0.438,0.220,241.360,2.000,0.000,0.000,1.0
2009-06-06,12:47:00,0.436,0.220,241.170,2.000,0.000,0.000,1.0
2009-06-06,12:48:00,0.438,0.220,241.400,2.000,0.000,0.000,0.0
2009-06-06,12:49:00,0.434,0.220,241.630,2.000,0.000,0.000,1.0
2009-06-06,12:50:00,0.370,0.162,242.480,1.800,0.000,0.000,1.0
2009-06-06,12:51:00,0.364,0.126,242.680,1.600,0.000,0.000,0.0
2009-06-06,12:52:00,0.362,0.122,242.580,1.600,0.000,0.000,1.0
2009-06-06,12:53:00,0.568,0.140,241.960,2.400,0.000,0.000,1.0
2009-06-06,12:54:00,0.716,0.314,242.100,3.200,0.000,0.000,0.0
2009-06-06,12:55:00,0.514,0.258,242.330,2.400,0.000,0.000,1.0
2009-06-06,12:56:00,0.448,0.170,242.620,2.000,0.000,0.000,1.0
2009-06-06,12:57:00,0.444,0.164,241.980,2.000,0.000,0.000,0.0
2009-06-06,12:58:00,0.442,0.160,242.390,2.000,0.000,0.000,1.0
2009-06-06,12:59:00,0.442,0.156,242.560,1.800,0.000,0.000,1.0
2009-06-06,13:00:00,1.966,0.542,241.420,8.800,0.000,0.000,0.0
2009-06-06,13:01:00,2.060,0.514,241.720,9.000,0.000,0.000,1.0
2009-06-06,13:02:00,2.016,0.452,241.140,8.600,0.000,0.000,1.0
2009-06-06,13:03:00,1.722,0.396,241.230,7.800,0.000,0.000,0.0
2009-06-06,13:04:00,0.994,0.256,241.220,5.200,0.000,0.000,1.0
2009-06-06,13:05:00,1.690,0.360,240.190,7.600,0.000,0.000,0.0
2009-06-06,13:06:00,1.918,0.380,240.630,8.200,0.000,0.000,1.0
2009-06-06,13:07:00,1.892,0.364,240.400,8.000,0.000,0.000,1.0
2009-06-06,13:08:00,0.528,0.148,241.310,2.600,0.000,0.000,0.0
2009-06-06,13:09:00,0.542,0.240,240.920,2.400,0.000,0.000,1.0
2009-06-06,13:10:00,0.554,0.268,240.610,2.400,0.000,0.000,1.0
2009-06-06,13:11:00,0.552,0.268,241.080,2.400,0.000,0.000,0.0
2009-06-06,13:12:00,0.554,0.268,241.210,2.400,0.000,0.000,1.0
2009-06-06,13:13:00,0.548,0.268,241.010,2.400,0.000,0.000,1.0
2009-06-06,13:14:00,0.544,0.266,240.690,2.400,0.000,0.000,0.0
2009-06-06,13:15:00,0.548,0.270,241.800,2.400,0.000,0.000,1.0
2009-06-06,13:16:00,0.546,0.270,241.990,2.400,0.000,0.000,1.0
2009-06-06,13:17:00,0.586,0.306,243.150,2.800,0.000,0.000,0.0
2009-06-06,13:18:00,0.622,0.376,242.420,3.000,0.000,0.000,1.0
2009-06-06,13:19:00,0.622,0.376,242.580,3.000,0.000,0.000,1.0
2009-06-06,13:20:00,0.620,0.378,242.690,3.000,0.000,0.000,0.0
2009-06-06,13:21:00,1.922,0.636,240.900,8.800,0.000,0.000,1.0
2009-06-06,13:22:00,0.670,0.384,242.380,3.400,0.000,0.000,1.0
2009-06-06,13:23:00,0.618,0.376,242.510,3.000,0.000,0.000,0.0
2009-06-06,13:24:00,0.614,0.372,241.900,3.000,0.000,0.000,1.0
2009-06-06,13:25:00,0.612,0.372,241.650,3.000,0.000,0.000,1.0
2009-06-06,13:26:00,0.612,0.374,242.280,3.000,0.000,0.000,0.0
2009-06-06,13:27:00,0.612,0.374,242.290,3.000,0.000,0.000,1.0
2009-06-06,13:28:00,0.610,0.372,241.950,2.800,0.000,0.000,1.0
2009-06-06,13:29:00,0.610,0.372,242.160,2.800,0.000,0.000,0.0
2009-06-06,13:30:00,0.608,0.370,241.530,2.800,0.000,0.000,1.0
2009-06-06,13:31:00,0.606,0.370,241.490,2.800,0.000,0.000,1.0
2009-06-06,13:32:00,0.608,0.370,241.780,2.800,0.000,0.000,0.0
2009-06-06,13:33:00,0.612,0.372,242.340,3.000,0.000,0.000,1.0
2009-06-06,13:34:00,0.608,0.370,241.750,2.800,0.000,0.000,1.0
2009-06-06,13:35:00,0.630,0.382,241.850,3.000,0.000,0.000,0.0
2009-06-06,13:36:00,0.676,0.398,240.240,3.200,0.000,0.000,1.0
2009-06-06,13:37:00,0.758,0.376,239.030,3.600,1.000,0.000,1.0
2009-06-06,13:38:00,1.764,0.356,237.910,7.400,2.000,0.000,19.0
2009-06-06,13:39:00,1.756,0.360,238.740,7.400,1.000,0.000,19.0
2009-06-06,13:40:00,1.750,0.362,239.360,7.400,1.000,0.000,18.0
2009-06-06,13:41:00,1.732,0.362,239.010,7.400,1.000,0.000,19.0
2009-06-06,13:42:00,1.730,0.360,239.050,7.400,1.000,0.000,18.0
2009-06-06,13:43:00,1.722,0.360,238.730,7.200,1.000,0.000,18.0
2009-06-06,13:44:00,1.732,0.360,239.110,7.400,2.000,0.000,18.0
2009-06-06,13:45:00,1.626,0.284,240.130,6.800,1.000,0.000,19.0
2009-06-06,13:46:00,1.532,0.220,239.870,6.400,1.000,0.000,18.0
2009-06-06,13:47:00,1.530,0.220,239.970,6.400,1.000,0.000,18.0
2009-06-06,13:48:00,1.982,0.322,239.250,8.400,1.000,0.000,26.0
2009-06-06,13:49:00,2.110,0.312,239.460,8.800,2.000,0.000,28.0
2009-06-06,13:50:00,2.044,0.162,240.050,8.400,1.000,0.000,29.0
2009-06-06,13:51:00,2.028,0.112,239.510,8.400,1.000,0.000,29.0
2009-06-06,13:52:00,2.032,0.112,239.640,8.400,1.000,0.000,29.0
2009-06-06,13:53:00,1.662,0.000,239.830,7.000,1.000,0.000,24.0
2009-06-06,13:54:00,1.384,0.000,239.820,5.800,1.000,0.000,18.0
2009-06-06,13:55:00,1.370,0.000,239.030,5.800,1.000,0.000,18.0
2009-06-06,13:56:00,1.516,0.092,238.890,6.400,1.000,0.000,18.0
2009-06-06,13:57:00,3.288,0.116,236.590,14.400,27.000,0.000,18.0
2009-06-06,13:58:00,3.976,0.218,235.750,16.800,37.000,0.000,18.0
2009-06-06,13:59:00,3.980,0.220,236.520,16.800,37.000,1.000,17.0
2009-06-06,14:00:00,3.968,0.220,236.430,16.800,37.000,2.000,18.0
2009-06-06,14:01:00,3.980,0.222,237.200,16.800,37.000,1.000,18.0
2009-06-06,14:02:00,3.976,0.222,236.840,16.800,37.000,2.000,18.0
2009-06-06,14:03:00,3.962,0.218,236.540,16.800,37.000,1.000,18.0
2009-06-06,14:04:00,3.944,0.214,236.020,16.600,37.000,2.000,17.0
2009-06-06,14:05:00,4.076,0.318,236.700,17.200,37.000,1.000,18.0
2009-06-06,14:06:00,4.272,0.316,236.060,18.200,37.000,1.000,18.0
2009-06-06,14:07:00,4.952,0.270,234.830,21.200,37.000,2.000,17.0
2009-06-06,14:08:00,4.770,0.242,234.580,20.600,36.000,1.000,18.0
2009-06-06,14:09:00,2.692,0.244,237.200,12.200,12.000,2.000,18.0
2009-06-06,14:10:00,2.130,0.252,238.210,9.000,1.000,1.000,18.0
2009-06-06,14:11:00,2.292,0.326,238.840,10.000,1.000,1.000,18.0
2009-06-06,14:12:00,2.478,0.370,238.610,10.800,1.000,2.000,18.0
2009-06-06,14:13:00,2.166,0.360,238.380,9.200,2.000,1.000,18.0
2009-06-06,14:14:00,2.166,0.362,238.450,9.200,1.000,1.000,18.0
2009-06-06,14:15:00,2.182,0.364,238.940,9.400,1.000,2.000,18.0
2009-06-06,14:16:00,2.172,0.366,239.110,9.200,1.000,1.000,18.0
2009-06-06,14:17:00,2.176,0.366,239.300,9.200,1.000,1.000,18.0
2009-06-06,14:18:00,2.178,0.368,239.660,9.200,1.000,1.000,19.0
2009-06-06,14:19:00,2.174,0.370,239.700,9.200,1.000,2.000,18.0
2009-06-06,14:20:00,2.164,0.370,239.620,9.200,2.000,1.000,18.0
2009-06-06,14:21:00,2.094,0.376,240.050,8.800,1.000,1.000,18.0
2009-06-06,14:22:00,1.984,0.384,240.350,8.400,1.000,1.000,19.0
2009-06-06,14:23:00,1.988,0.388,241.020,8.400,1.000,1.000,18.0
2009-06-06,14:24:00,1.980,0.382,240.110,8.400,1.000,2.000,19.0
2009-06-06,14:25:00,1.970,0.380,239.690,8.400,1.000,1.000,18.0
2009-06-06,14:26:00,1.924,0.300,239.600,8.000,2.000,0.000,18.0
2009-06-06,14:27:00,1.898,0.260,239.720,8.000,1.000,0.000,18.0
2009-06-06,14:28:00,1.898,0.258,239.380,8.000,1.000,0.000,18.0
2009-06-06,14:29:00,1.742,0.200,239.600,7.200,1.000,0.000,19.0
2009-06-06,14:30:00,1.672,0.174,240.060,7.000,1.000,0.000,18.0
2009-06-06,14:31:00,1.654,0.190,240.000,7.000,1.000,0.000,18.0
2009-06-06,14:32:00,1.574,0.230,240.990,6.600,1.000,0.000,19.0
2009-06-06,14:33:00,1.566,0.232,240.040,6.600,2.000,0.000,18.0
2009-06-06,14:34:00,1.540,0.212,239.390,6.400,1.000,0.000,18.0
2009-06-06,14:35:00,1.538,0.212,239.590,6.400,1.000,0.000,18.0
2009-06-06,14:36:00,1.530,0.218,239.670,6.400,1.000,0.000,19.0
2009-06-06,14:37:00,1.466,0.138,239.600,6.200,1.000,0.000,18.0
2009-06-06,14:38:00,1.434,0.090,239.690,6.000,1.000,0.000,18.0
2009-06-06,14:39:00,1.430,0.088,239.470,6.000,2.000,0.000,18.0
2009-06-06,14:40:00,1.426,0.088,238.850,6.000,1.000,0.000,18.0
2009-06-06,14:41:00,1.426,0.088,239.060,6.000,1.000,0.000,19.0
2009-06-06,14:42:00,1.408,0.000,240.210,5.800,1.000,0.000,18.0
2009-06-06,14:43:00,1.372,0.000,240.060,5.600,1.000,0.000,18.0
2009-06-06,14:44:00,1.372,0.000,240.000,5.600,1.000,0.000,18.0
2009-06-06,14:45:00,1.374,0.000,240.100,5.600,2.000,0.000,19.0
2009-06-06,14:46:00,1.374,0.000,240.180,5.600,1.000,0.000,18.0
2009-06-06,14:47:00,1.374,0.000,240.170,5.600,1.000,0.000,18.0
2009-06-06,14:48:00,1.372,0.000,239.970,5.600,1.000,0.000,19.0
2009-06-06,14:49:00,1.374,0.000,240.090,5.600,1.000,0.000,18.0
2009-06-06,14:50:00,1.374,0.000,240.120,5.600,1.000,0.000,18.0
2009-06-06,14:51:00,1.380,0.000,240.180,5.800,2.000,0.000,19.0
2009-06-06,14:52:00,1.402,0.000,239.870,5.800,1.000,0.000,18.0
2009-06-06,14:53:00,1.474,0.118,239.450,6.200,1.000,0.000,18.0
2009-06-06,14:54:00,1.466,0.118,239.150,6.200,1.000,0.000,18.0
2009-06-06,14:55:00,1.466,0.118,239.050,6.200,1.000,0.000,18.0
2009-06-06,14:56:00,1.464,0.118,239.180,6.000,1.000,0.000,18.0
2009-06-06,14:57:00,1.450,0.120,239.310,6.000,2.000,0.000,19.0
2009-06-06,14:58:00,0.410,0.134,241.020,1.800,1.000,0.000,1.0
2009-06-06,14:59:00,0.412,0.136,241.470,1.800,1.000,0.000,0.0
2009-06-06,15:00:00,0.414,0.162,241.610,2.000,1.000,0.000,1.0
2009-06-06,15:01:00,0.384,0.166,240.830,1.800,1.000,0.000,1.0
2009-06-06,15:02:00,0.368,0.172,240.870,1.800,1.000,0.000,0.0
2009-06-06,15:03:00,0.404,0.150,241.900,1.800,1.000,0.000,1.0
2009-06-06,15:04:00,0.414,0.144,241.670,1.800,1.000,0.000,1.0
2009-06-06,15:05:00,0.416,0.144,242.060,1.800,1.000,0.000,0.0
2009-06-06,15:06:00,0.406,0.140,242.290,1.800,1.000,0.000,1.0
2009-06-06,15:07:00,0.410,0.138,241.970,1.800,2.000,0.000,1.0
2009-06-06,15:08:00,0.406,0.138,241.890,1.800,1.000,0.000,0.0
2009-06-06,15:09:00,0.408,0.136,241.890,1.800,1.000,0.000,1.0
2009-06-06,15:10:00,0.404,0.138,241.710,1.800,1.000,0.000,1.0
2009-06-06,15:11:00,0.378,0.178,242.210,1.800,1.000,0.000,0.0
2009-06-06,15:12:00,0.374,0.170,242.670,1.800,0.000,0.000,1.0
2009-06-06,15:13:00,0.384,0.162,242.980,1.800,1.000,0.000,1.0
2009-06-06,15:14:00,0.896,0.236,242.790,5.200,7.000,0.000,0.0
2009-06-06,15:15:00,2.712,0.216,240.920,11.200,38.000,0.000,1.0
2009-06-06,15:16:00,2.712,0.218,241.060,11.200,38.000,0.000,1.0
2009-06-06,15:17:00,2.698,0.216,240.390,11.200,38.000,0.000,0.0
2009-06-06,15:18:00,2.704,0.218,240.860,11.200,39.000,0.000,1.0
2009-06-06,15:19:00,2.688,0.218,240.450,11.200,38.000,0.000,1.0
2009-06-06,15:20:00,2.700,0.220,241.000,11.200,38.000,0.000,0.0
2009-06-06,15:21:00,2.704,0.220,240.990,11.200,38.000,0.000,1.0
2009-06-06,15:22:00,2.710,0.222,241.460,11.200,39.000,0.000,1.0
2009-06-06,15:23:00,2.668,0.176,241.210,11.000,38.000,0.000,0.0
2009-06-06,15:24:00,2.604,0.088,241.210,10.800,38.000,0.000,1.0
2009-06-06,15:25:00,2.604,0.088,241.310,10.800,38.000,0.000,1.0
2009-06-06,15:26:00,2.608,0.088,241.820,10.800,39.000,0.000,0.0
2009-06-06,15:27:00,1.268,0.100,242.870,7.000,17.000,0.000,1.0
2009-06-06,15:28:00,0.316,0.106,243.790,1.400,0.000,0.000,1.0
2009-06-06,15:29:00,0.316,0.106,243.910,1.400,0.000,0.000,0.0
2009-06-06,15:30:00,0.322,0.112,243.570,1.400,0.000,0.000,1.0
2009-06-06,15:31:00,0.290,0.064,243.050,1.400,1.000,0.000,1.0
2009-06-06,15:32:00,0.252,0.000,242.500,1.200,0.000,0.000,0.0
2009-06-06,15:33:00,0.728,0.118,242.820,3.200,0.000,0.000,9.0
2009-06-06,15:34:00,0.868,0.154,243.770,3.600,0.000,0.000,11.0
2009-06-06,15:35:00,0.898,0.150,243.610,3.800,0.000,0.000,11.0
2009-06-06,15:36:00,0.916,0.152,244.060,3.800,0.000,0.000,12.0
2009-06-06,15:37:00,0.918,0.146,243.490,3.800,0.000,0.000,12.0
2009-06-06,15:38:00,0.498,0.058,244.530,2.400,0.000,0.000,5.0
2009-06-06,15:39:00,0.350,0.118,243.910,1.600,0.000,0.000,1.0
2009-06-06,15:40:00,0.354,0.138,243.720,1.600,0.000,0.000,0.0
2009-06-06,15:41:00,0.352,0.136,243.380,1.600,0.000,0.000,1.0
2009-06-06,15:42:00,0.350,0.132,242.520,1.600,0.000,0.000,1.0
2009-06-06,15:43:00,0.348,0.136,243.180,1.600,0.000,0.000,0.0
2009-06-06,15:44:00,0.348,0.138,243.970,1.600,0.000,0.000,1.0
2009-06-06,15:45:00,0.346,0.136,243.570,1.600,0.000,0.000,1.0
2009-06-06,15:46:00,0.346,0.134,243.240,1.600,0.000,0.000,0.0
2009-06-06,15:47:00,0.344,0.134,243.040,1.600,0.000,0.000,1.0
2009-06-06,15:48:00,0.344,0.136,243.650,1.600,0.000,0.000,1.0
2009-06-06,15:49:00,0.346,0.142,245.080,1.600,0.000,0.000,0.0
2009-06-06,15:50:00,0.344,0.140,244.770,1.600,0.000,0.000,1.0
2009-06-06,15:51:00,0.344,0.138,244.350,1.600,0.000,0.000,1.0
2009-06-06,15:52:00,0.344,0.138,244.350,1.600,0.000,0.000,0.0
2009-06-06,15:53:00,0.342,0.138,244.070,1.600,0.000,0.000,1.0
2009-06-06,15:54:00,0.342,0.134,243.560,1.600,0.000,0.000,1.0
2009-06-06,15:55:00,0.340,0.132,243.000,1.600,0.000,0.000,0.0
2009-06-06,15:56:00,0.340,0.130,242.520,1.600,0.000,0.000,1.0
2009-06-06,15:57:00,0.340,0.130,242.680,1.600,0.000,0.000,1.0
2009-06-06,15:58:00,0.340,0.130,242.550,1.600,0.000,0.000,0.0
2009-06-06,15:59:00,0.388,0.178,243.010,2.000,0.000,0.000,1.0
2009-06-06,16:00:00,0.424,0.254,242.680,2.000,0.000,1.000,1.0
2009-06-06,16:01:00,0.454,0.284,243.580,2.400,0.000,2.000,0.0
2009-06-06,16:02:00,0.536,0.404,243.840,2.800,0.000,1.000,1.0
2009-06-06,16:03:00,0.504,0.368,243.760,2.600,0.000,2.000,1.0
2009-06-06,16:04:00,0.500,0.360,242.430,2.600,0.000,1.000,0.0
2009-06-06,16:05:00,0.502,0.368,243.620,2.600,0.000,1.000,1.0
2009-06-06,16:06:00,0.498,0.366,243.200,2.600,0.000,2.000,1.0
2009-06-06,16:07:00,0.496,0.364,242.920,2.600,0.000,1.000,0.0
2009-06-06,16:08:00,0.494,0.362,242.790,2.600,0.000,2.000,1.0
2009-06-06,16:09:00,0.424,0.260,242.510,2.000,0.000,1.000,1.0
2009-06-06,16:10:00,0.398,0.224,242.300,2.000,0.000,2.000,0.0
2009-06-06,16:11:00,0.396,0.220,241.560,2.000,0.000,1.000,1.0
2009-06-06,16:12:00,0.394,0.220,241.510,2.000,0.000,1.000,1.0
2009-06-06,16:13:00,0.394,0.220,241.810,1.800,0.000,2.000,0.0
2009-06-06,16:14:00,0.396,0.226,243.150,2.000,0.000,1.000,1.0
2009-06-06,16:15:00,0.394,0.228,243.670,1.800,0.000,1.000,1.0
2009-06-06,16:16:00,0.392,0.226,243.420,1.800,0.000,2.000,0.0
2009-06-06,16:17:00,0.376,0.204,242.420,1.800,0.000,1.000,1.0
2009-06-06,16:18:00,0.326,0.126,244.220,1.400,0.000,1.000,1.0
2009-06-06,16:19:00,0.326,0.128,244.770,1.600,0.000,2.000,0.0
2009-06-06,16:20:00,0.320,0.116,241.750,1.400,0.000,1.000,1.0
2009-06-06,16:21:00,0.320,0.112,241.020,1.400,0.000,1.000,1.0
2009-06-06,16:22:00,0.318,0.112,240.800,1.400,0.000,1.000,0.0
2009-06-06,16:23:00,0.318,0.112,241.110,1.400,0.000,2.000,1.0
2009-06-06,16:24:00,0.318,0.112,240.790,1.400,0.000,1.000,1.0
2009-06-06,16:25:00,0.404,0.208,241.030,2.000,0.000,1.000,0.0
2009-06-06,16:26:00,0.422,0.242,240.590,2.000,0.000,1.000,1.0
2009-06-06,16:27:00,0.410,0.228,240.580,2.000,0.000,1.000,1.0
2009-06-06,16:28:00,0.346,0.124,240.820,1.600,0.000,0.000,0.0
2009-06-06,16:29:00,0.344,0.122,240.220,1.600,0.000,0.000,1.0
2009-06-06,16:30:00,0.344,0.124,240.810,1.600,0.000,0.000,1.0
2009-06-06,16:31:00,0.342,0.122,240.530,1.600,0.000,0.000,0.0
2009-06-06,16:32:00,0.342,0.126,240.990,1.600,0.000,0.000,1.0
2009-06-06,16:33:00,0.342,0.126,241.210,1.600,0.000,0.000,1.0
2009-06-06,16:34:00,0.342,0.126,241.220,1.600,0.000,0.000,0.0
2009-06-06,16:35:00,0.340,0.128,241.290,1.600,0.000,0.000,1.0
2009-06-06,16:36:00,0.340,0.128,241.200,1.600,0.000,0.000,1.0
2009-06-06,16:37:00,0.338,0.128,241.310,1.600,0.000,0.000,0.0
2009-06-06,16:38:00,0.340,0.130,241.580,1.600,0.000,0.000,1.0
2009-06-06,16:39:00,0.340,0.130,241.800,1.600,0.000,0.000,1.0
2009-06-06,16:40:00,0.340,0.130,241.870,1.600,0.000,0.000,0.0
2009-06-06,16:41:00,0.340,0.132,242.440,1.600,0.000,0.000,1.0
2009-06-06,16:42:00,0.338,0.128,241.430,1.600,0.000,0.000,1.0
2009-06-06,16:43:00,0.338,0.128,241.740,1.600,0.000,0.000,0.0
2009-06-06,16:44:00,0.340,0.134,242.990,1.600,0.000,0.000,1.0
2009-06-06,16:45:00,0.340,0.136,242.970,1.600,0.000,0.000,1.0
2009-06-06,16:46:00,0.340,0.136,243.100,1.600,0.000,0.000,0.0
2009-06-06,16:47:00,0.340,0.136,243.300,1.600,0.000,0.000,1.0
2009-06-06,16:48:00,0.386,0.176,242.780,2.000,0.000,0.000,1.0
2009-06-06,16:49:00,0.416,0.238,242.680,2.000,0.000,0.000,0.0
2009-06-06,16:50:00,0.416,0.238,242.760,2.000,0.000,0.000,1.0
2009-06-06,16:51:00,0.416,0.238,242.810,2.000,0.000,0.000,1.0
2009-06-06,16:52:00,0.412,0.234,242.080,2.000,0.000,0.000,0.0
2009-06-06,16:53:00,0.410,0.230,241.330,2.000,0.000,0.000,1.0
2009-06-06,16:54:00,0.352,0.148,241.590,1.600,0.000,0.000,1.0
2009-06-06,16:55:00,0.316,0.100,242.010,1.400,0.000,0.000,0.0
2009-06-06,16:56:00,0.316,0.100,241.760,1.400,0.000,0.000,1.0
2009-06-06,16:57:00,0.316,0.102,242.140,1.400,0.000,0.000,1.0
2009-06-06,16:58:00,0.314,0.100,241.710,1.400,0.000,0.000,0.0
2009-06-06,16:59:00,0.314,0.100,241.740,1.400,0.000,0.000,1.0
2009-06-06,17:00:00,0.314,0.100,241.760,1.400,0.000,0.000,1.0
2009-06-06,17:01:00,0.314,0.100,242.110,1.400,0.000,0.000,0.0
2009-06-06,17:02:00,0.312,0.100,241.800,1.400,0.000,0.000,1.0
2009-06-06,17:03:00,0.296,0.072,241.900,1.400,0.000,0.000,1.0
2009-06-06,17:04:00,0.244,0.000,242.110,1.200,0.000,0.000,0.0
2009-06-06,17:05:00,0.246,0.000,242.380,1.200,0.000,0.000,1.0
2009-06-06,17:06:00,0.244,0.000,241.880,1.200,0.000,0.000,1.0
2009-06-06,17:07:00,0.244,0.000,241.730,1.200,0.000,0.000,0.0
2009-06-06,17:08:00,0.244,0.000,242.130,1.200,0.000,0.000,1.0
2009-06-06,17:09:00,0.244,0.000,241.720,1.200,0.000,0.000,1.0
2009-06-06,17:10:00,0.322,0.076,241.510,1.600,0.000,0.000,0.0
2009-06-06,17:11:00,0.354,0.126,241.530,1.600,0.000,0.000,1.0
2009-06-06,17:12:00,0.364,0.126,241.320,1.600,0.000,0.000,1.0
2009-06-06,17:13:00,0.360,0.126,241.100,1.600,0.000,0.000,0.0
2009-06-06,17:14:00,0.344,0.132,240.940,1.600,0.000,0.000,1.0
2009-06-06,17:15:00,1.066,0.126,240.060,5.200,0.000,0.000,1.0
2009-06-06,17:16:00,0.714,0.158,240.990,3.800,0.000,0.000,0.0
2009-06-06,17:17:00,0.660,0.146,241.240,3.600,0.000,0.000,1.0
2009-06-06,17:18:00,0.978,0.212,240.890,4.600,0.000,0.000,5.0
2009-06-06,17:19:00,0.980,0.264,240.610,4.200,0.000,0.000,11.0
2009-06-06,17:20:00,0.994,0.262,240.400,4.400,0.000,0.000,11.0
2009-06-06,17:21:00,1.008,0.258,240.090,4.400,0.000,0.000,11.0
2009-06-06,17:22:00,1.028,0.254,240.430,4.400,0.000,0.000,12.0
2009-06-06,17:23:00,0.524,0.158,241.080,2.600,0.000,0.000,4.0
2009-06-06,17:24:00,0.356,0.116,241.290,1.600,0.000,0.000,1.0
2009-06-06,17:25:00,0.390,0.108,241.220,1.800,0.000,0.000,0.0
2009-06-06,17:26:00,0.378,0.108,240.950,1.800,0.000,0.000,1.0
2009-06-06,17:27:00,0.386,0.108,241.100,1.800,0.000,0.000,1.0
2009-06-06,17:28:00,0.440,0.108,241.160,2.000,0.000,0.000,0.0
2009-06-06,17:29:00,0.620,0.100,240.340,2.600,0.000,0.000,1.0
2009-06-06,17:30:00,0.620,0.144,240.010,2.800,0.000,0.000,1.0
2009-06-06,17:31:00,0.850,0.292,238.780,3.800,0.000,0.000,0.0
2009-06-06,17:32:00,0.852,0.280,239.050,3.800,0.000,0.000,1.0
2009-06-06,17:33:00,0.876,0.346,239.030,4.000,0.000,0.000,1.0
2009-06-06,17:34:00,0.452,0.218,239.040,2.200,0.000,0.000,0.0
2009-06-06,17:35:00,0.420,0.218,238.880,2.000,0.000,0.000,1.0
2009-06-06,17:36:00,0.422,0.222,239.890,2.000,0.000,0.000,0.0
2009-06-06,17:37:00,0.432,0.224,240.170,2.200,0.000,0.000,1.0
2009-06-06,17:38:00,0.342,0.112,239.840,1.600,0.000,0.000,1.0
2009-06-06,17:39:00,0.326,0.092,239.500,1.600,0.000,0.000,0.0
2009-06-06,17:40:00,0.336,0.092,240.270,1.600,0.000,0.000,1.0
2009-06-06,17:41:00,0.322,0.092,240.280,1.600,0.000,0.000,1.0
2009-06-06,17:42:00,0.320,0.090,239.730,1.600,0.000,0.000,0.0
2009-06-06,17:43:00,0.332,0.092,239.930,1.600,0.000,0.000,1.0
2009-06-06,17:44:00,0.320,0.092,239.980,1.600,0.000,0.000,1.0
2009-06-06,17:45:00,0.320,0.092,240.150,1.600,0.000,0.000,0.0
2009-06-06,17:46:00,0.330,0.090,240.010,1.600,0.000,0.000,1.0
2009-06-06,17:47:00,0.310,0.076,240.110,1.600,0.000,0.000,1.0
2009-06-06,17:48:00,0.262,0.000,239.940,1.400,0.000,0.000,0.0
2009-06-06,17:49:00,0.264,0.000,240.340,1.400,0.000,0.000,1.0
2009-06-06,17:50:00,0.240,0.000,240.060,1.200,0.000,0.000,1.0
2009-06-06,17:51:00,0.264,0.000,240.890,1.400,0.000,0.000,0.0
2009-06-06,17:52:00,0.262,0.000,240.980,1.400,0.000,0.000,1.0
2009-06-06,17:53:00,0.242,0.000,241.380,1.200,0.000,0.000,1.0
2009-06-06,17:54:00,0.340,0.076,241.360,1.800,0.000,0.000,0.0
2009-06-06,17:55:00,0.362,0.128,242.000,1.800,0.000,0.000,1.0
2009-06-06,17:56:00,0.366,0.128,242.290,1.800,0.000,0.000,1.0
2009-06-06,17:57:00,0.362,0.128,241.890,1.800,0.000,0.000,0.0
2009-06-06,17:58:00,0.436,0.126,241.770,2.000,0.000,0.000,1.0
2009-06-06,17:59:00,0.510,0.126,242.080,2.200,0.000,0.000,1.0
2009-06-06,18:00:00,0.378,0.118,241.840,1.800,0.000,0.000,0.0
2009-06-06,18:01:00,0.488,0.206,241.430,2.400,0.000,2.000,1.0
2009-06-06,18:02:00,1.742,0.216,240.060,8.600,0.000,21.000,1.0
2009-06-06,18:03:00,2.732,0.206,239.090,11.400,0.000,40.000,0.0
2009-06-06,18:04:00,2.738,0.206,238.890,11.400,0.000,39.000,1.0
2009-06-06,18:05:00,2.730,0.208,239.290,11.400,0.000,39.000,0.0
2009-06-06,18:06:00,2.724,0.208,239.010,11.400,0.000,40.000,1.0
2009-06-06,18:07:00,2.736,0.208,239.190,11.400,0.000,39.000,1.0
2009-06-06,18:08:00,2.740,0.204,239.110,11.400,0.000,40.000,0.0
2009-06-06,18:09:00,2.736,0.204,239.170,11.400,0.000,39.000,1.0
2009-06-06,18:10:00,2.744,0.202,238.890,11.400,0.000,40.000,1.0
2009-06-06,18:11:00,2.756,0.198,239.100,11.600,0.000,39.000,0.0
2009-06-06,18:12:00,0.566,0.214,240.610,2.800,0.000,5.000,1.0
2009-06-06,18:13:00,0.568,0.214,240.620,2.600,0.000,2.000,1.0
2009-06-06,18:14:00,1.052,0.234,239.690,6.000,0.000,11.000,0.0
2009-06-06,18:15:00,0.526,0.260,240.320,2.600,0.000,2.000,1.0
2009-06-06,18:16:00,0.522,0.262,240.730,2.600,0.000,2.000,1.0
2009-06-06,18:17:00,0.542,0.224,240.620,2.600,0.000,2.000,0.0
2009-06-06,18:18:00,0.550,0.226,240.870,2.600,0.000,3.000,1.0
2009-06-06,18:19:00,0.660,0.314,240.710,3.200,0.000,2.000,1.0
2009-06-06,18:20:00,0.576,0.198,240.830,2.800,0.000,3.000,0.0
2009-06-06,18:21:00,0.528,0.230,240.760,2.600,0.000,3.000,1.0
2009-06-06,18:22:00,0.520,0.240,241.130,2.600,0.000,2.000,1.0
2009-06-06,18:23:00,0.490,0.214,241.420,2.400,0.000,1.000,0.0
2009-06-06,18:24:00,0.506,0.202,241.250,2.400,0.000,2.000,1.0
2009-06-06,18:25:00,0.512,0.198,241.110,2.400,0.000,2.000,1.0
2009-06-06,18:26:00,0.542,0.192,240.970,2.600,0.000,3.000,0.0
2009-06-06,18:27:00,0.532,0.188,241.800,2.400,0.000,2.000,1.0
2009-06-06,18:28:00,0.538,0.212,241.450,2.600,0.000,3.000,1.0
2009-06-06,18:29:00,0.836,0.216,240.710,3.800,0.000,5.000,0.0
2009-06-06,18:30:00,0.792,0.240,240.100,3.400,0.000,5.000,1.0
2009-06-06,18:31:00,0.888,0.326,240.390,4.000,0.000,5.000,0.0
2009-06-06,18:32:00,0.850,0.276,240.400,3.800,0.000,5.000,1.0
2009-06-06,18:33:00,0.716,0.206,240.610,3.200,0.000,3.000,1.0
2009-06-06,18:34:00,0.502,0.176,241.010,2.200,0.000,0.000,0.0
2009-06-06,18:35:00,0.488,0.158,241.250,2.200,0.000,0.000,1.0
2009-06-06,18:36:00,0.550,0.218,241.100,2.600,0.000,0.000,1.0
2009-06-06,18:37:00,0.604,0.286,241.020,2.800,0.000,0.000,0.0
2009-06-06,18:38:00,0.588,0.284,240.980,2.800,0.000,0.000,1.0
2009-06-06,18:39:00,0.584,0.284,241.200,2.800,0.000,0.000,1.0
2009-06-06,18:40:00,0.596,0.286,241.740,2.800,0.000,0.000,0.0
2009-06-06,18:41:00,0.582,0.284,241.350,2.600,0.000,0.000,1.0
2009-06-06,18:42:00,0.590,0.282,241.500,2.800,0.000,0.000,1.0
2009-06-06,18:43:00,0.562,0.282,241.360,2.600,0.000,0.000,0.0
2009-06-06,18:44:00,0.594,0.278,240.630,2.800,0.000,0.000,1.0
2009-06-06,18:45:00,0.560,0.276,240.500,2.600,0.000,0.000,1.0
2009-06-06,18:46:00,0.588,0.274,240.610,2.800,0.000,0.000,0.0
2009-06-06,18:47:00,0.592,0.274,240.520,2.800,0.000,0.000,1.0
2009-06-06,18:48:00,0.574,0.274,240.570,2.600,0.000,0.000,1.0
2009-06-06,18:49:00,0.660,0.290,240.390,3.200,0.000,0.000,1.0
2009-06-06,18:50:00,1.164,0.396,239.740,5.000,0.000,0.000,11.0
2009-06-06,18:51:00,1.218,0.398,239.980,5.400,0.000,0.000,11.0
2009-06-06,18:52:00,1.214,0.396,239.770,5.200,0.000,0.000,11.0
2009-06-06,18:53:00,1.242,0.398,240.080,5.400,0.000,0.000,12.0
2009-06-06,18:54:00,1.308,0.458,239.730,5.800,0.000,0.000,12.0
2009-06-06,18:55:00,0.848,0.408,240.120,4.200,0.000,0.000,4.0
2009-06-06,18:56:00,0.730,0.364,239.610,3.400,0.000,0.000,1.0
2009-06-06,18:57:00,0.734,0.364,239.440,3.400,0.000,0.000,1.0
2009-06-06,18:58:00,0.756,0.368,240.280,3.600,0.000,0.000,0.0
2009-06-06,18:59:00,0.744,0.366,240.270,3.400,0.000,0.000,1.0
2009-06-06,19:00:00,0.748,0.366,240.080,3.400,0.000,0.000,1.0
2009-06-06,19:01:00,0.748,0.366,240.540,3.400,0.000,0.000,0.0
2009-06-06,19:02:00,0.748,0.368,240.790,3.400,0.000,0.000,1.0
2009-06-06,19:03:00,0.748,0.366,240.710,3.400,0.000,0.000,1.0
2009-06-06,19:04:00,0.706,0.366,240.710,3.400,0.000,0.000,0.0
2009-06-06,19:05:00,1.162,0.366,240.180,5.600,0.000,0.000,1.0
2009-06-06,19:06:00,0.742,0.366,240.480,3.400,0.000,0.000,1.0
2009-06-06,19:07:00,0.630,0.370,240.760,3.000,0.000,0.000,0.0
2009-06-06,19:08:00,0.634,0.370,240.950,3.000,0.000,0.000,1.0
2009-06-06,19:09:00,0.630,0.368,240.670,3.000,0.000,0.000,0.0
2009-06-06,19:10:00,0.630,0.366,240.400,3.000,0.000,0.000,1.0
2009-06-06,19:11:00,0.628,0.366,240.450,3.000,0.000,0.000,1.0
2009-06-06,19:12:00,0.628,0.366,240.320,3.000,0.000,0.000,0.0
2009-06-06,19:13:00,0.638,0.366,240.330,3.000,0.000,0.000,1.0
2009-06-06,19:14:00,0.626,0.366,240.330,3.000,0.000,0.000,1.0
2009-06-06,19:15:00,0.626,0.368,240.780,3.000,0.000,0.000,0.0
2009-06-06,19:16:00,0.636,0.366,240.230,3.000,0.000,0.000,1.0
2009-06-06,19:17:00,0.622,0.366,240.120,3.000,0.000,0.000,1.0
2009-06-06,19:18:00,0.622,0.366,240.170,3.000,0.000,0.000,0.0
2009-06-06,19:19:00,0.622,0.366,240.280,3.000,0.000,0.000,1.0
2009-06-06,19:20:00,0.630,0.366,239.910,3.000,0.000,0.000,1.0
2009-06-06,19:21:00,0.632,0.368,240.330,3.000,0.000,0.000,0.0
2009-06-06,19:22:00,0.644,0.366,240.240,3.000,0.000,0.000,1.0
2009-06-06,19:23:00,0.916,0.360,240.050,4.000,0.000,0.000,1.0
2009-06-06,19:24:00,1.286,0.394,239.030,6.200,0.000,5.000,0.0
2009-06-06,19:25:00,2.730,0.262,237.870,11.400,0.000,36.000,1.0
2009-06-06,19:26:00,2.230,0.264,238.320,10.200,0.000,28.000,1.0
2009-06-06,19:27:00,2.752,0.250,237.480,11.600,0.000,37.000,0.0
2009-06-06,19:28:00,2.250,0.266,238.000,10.200,0.000,30.000,1.0
2009-06-06,19:29:00,3.624,0.172,236.060,15.800,0.000,50.000,0.0
2009-06-06,19:30:00,4.664,0.096,235.040,19.800,0.000,72.000,1.0
2009-06-06,19:31:00,4.656,0.080,235.270,19.800,0.000,71.000,1.0
2009-06-06,19:32:00,4.684,0.100,235.820,19.800,0.000,73.000,0.0
2009-06-06,19:33:00,4.678,0.076,235.520,19.800,0.000,72.000,1.0
2009-06-06,19:34:00,4.684,0.094,235.460,19.800,0.000,72.000,1.0
2009-06-06,19:35:00,4.680,0.076,235.650,19.800,0.000,72.000,0.0
2009-06-06,19:36:00,4.324,0.096,235.910,18.600,0.000,67.000,1.0
2009-06-06,19:37:00,2.562,0.094,238.000,10.800,0.000,38.000,0.0
2009-06-06,19:38:00,3.230,0.106,237.340,14.200,0.000,46.000,1.0
2009-06-06,19:39:00,3.198,0.120,237.290,14.000,0.000,49.000,1.0
2009-06-06,19:40:00,2.808,0.264,238.520,11.800,0.000,37.000,1.0
2009-06-06,19:41:00,3.836,0.254,237.930,16.000,0.000,37.000,19.0
2009-06-06,19:42:00,3.842,0.244,237.570,16.200,0.000,37.000,19.0
2009-06-06,19:43:00,3.812,0.200,236.710,16.000,0.000,37.000,18.0
2009-06-06,19:44:00,3.752,0.132,236.440,15.800,0.000,37.000,18.0
2009-06-06,19:45:00,3.784,0.200,236.250,16.000,0.000,38.000,18.0
2009-06-06,19:46:00,3.796,0.288,236.320,16.000,0.000,39.000,17.0
2009-06-06,19:47:00,3.774,0.272,236.350,16.000,0.000,38.000,18.0
2009-06-06,19:48:00,3.754,0.248,236.240,15.800,0.000,37.000,18.0
2009-06-06,19:49:00,3.770,0.236,236.410,16.000,0.000,38.000,18.0
2009-06-06,19:50:00,2.810,0.260,237.730,11.800,0.000,22.000,18.0
2009-06-06,19:51:00,3.614,0.230,236.700,15.400,0.000,33.000,18.0
2009-06-06,19:52:00,3.842,0.246,236.620,16.200,0.000,39.000,17.0
2009-06-06,19:53:00,3.054,0.276,238.160,13.000,0.000,26.000,19.0
2009-06-06,19:54:00,3.506,0.344,237.680,15.000,0.000,33.000,17.0
2009-06-06,19:55:00,4.374,0.356,236.610,18.800,14.000,31.000,18.0
2009-06-06,19:56:00,5.618,0.418,235.310,24.000,38.000,30.000,18.0
2009-06-06,19:57:00,5.794,0.400,235.200,24.800,38.000,36.000,17.0
2009-06-06,19:58:00,5.128,0.408,235.980,21.800,37.000,24.000,18.0
2009-06-06,19:59:00,5.850,0.322,234.810,24.800,38.000,37.000,18.0
2009-06-06,20:00:00,4.914,0.350,235.960,20.800,37.000,22.000,17.0
2009-06-06,20:01:00,5.510,0.324,235.310,23.400,38.000,30.000,18.0
2009-06-06,20:02:00,5.150,0.350,236.220,22.000,38.000,26.000,18.0
2009-06-06,20:03:00,5.304,0.328,236.060,22.600,37.000,26.000,17.0
2009-06-06,20:04:00,5.576,0.342,235.840,23.800,38.000,33.000,18.0
2009-06-06,20:05:00,4.984,0.358,236.700,21.200,38.000,19.000,19.0
2009-06-06,20:06:00,6.282,0.442,235.210,26.800,37.000,34.000,28.0
2009-06-06,20:07:00,5.304,0.330,236.410,22.400,38.000,18.000,29.0
2009-06-06,20:08:00,5.442,0.330,236.170,24.000,29.000,31.000,29.0
2009-06-06,20:09:00,2.400,0.372,239.650,10.000,2.000,5.000,29.0
2009-06-06,20:10:00,2.374,0.368,238.080,10.000,1.000,5.000,30.0
2009-06-06,20:11:00,2.198,0.322,237.790,9.400,1.000,5.000,27.0
2009-06-06,20:12:00,3.128,0.228,236.150,14.000,24.000,5.000,18.0
2009-06-06,20:13:00,3.848,0.206,235.910,16.200,38.000,4.000,17.0
2009-06-06,20:14:00,3.922,0.272,236.340,16.600,38.000,6.000,18.0
2009-06-06,20:15:00,2.798,0.324,238.040,12.600,20.000,4.000,18.0
2009-06-06,20:16:00,1.792,0.366,239.970,7.600,2.000,5.000,18.0
2009-06-06,20:17:00,1.556,0.298,239.620,6.600,1.000,2.000,19.0
2009-06-06,20:18:00,2.250,0.290,238.580,10.400,11.000,1.000,18.0
2009-06-06,20:19:00,3.732,0.270,237.310,15.600,38.000,2.000,17.0
2009-06-06,20:20:00,3.758,0.274,237.710,15.800,38.000,1.000,18.0
2009-06-06,20:21:00,1.790,0.296,239.690,8.000,7.000,2.000,19.0
2009-06-06,20:22:00,1.614,0.356,239.880,6.800,2.000,1.000,18.0
2009-06-06,20:23:00,1.642,0.426,239.570,7.000,1.000,2.000,18.0
2009-06-06,20:24:00,1.930,0.426,238.940,8.800,4.000,1.000,18.0
2009-06-06,20:25:00,2.418,0.350,238.300,11.200,16.000,1.000,18.0
2009-06-06,20:26:00,1.574,0.326,239.080,6.600,0.000,2.000,18.0
2009-06-06,20:27:00,1.550,0.322,238.830,6.600,0.000,1.000,19.0
2009-06-06,20:28:00,1.568,0.326,238.810,6.600,0.000,2.000,18.0
2009-06-06,20:29:00,1.558,0.342,238.920,6.600,1.000,1.000,18.0
2009-06-06,20:30:00,1.592,0.370,239.000,6.800,0.000,2.000,18.0
2009-06-06,20:31:00,1.576,0.368,239.310,6.800,1.000,1.000,18.0
2009-06-06,20:32:00,1.592,0.372,239.130,6.800,0.000,2.000,18.0
2009-06-06,20:33:00,1.578,0.370,239.640,6.800,0.000,1.000,19.0
2009-06-06,20:34:00,1.592,0.372,239.350,6.800,1.000,1.000,18.0
2009-06-06,20:35:00,1.566,0.364,238.720,6.600,0.000,2.000,18.0
2009-06-06,20:36:00,1.580,0.364,238.200,6.800,1.000,1.000,18.0
2009-06-06,20:37:00,1.556,0.352,238.130,6.600,0.000,1.000,18.0
2009-06-06,20:38:00,1.506,0.244,237.710,6.400,1.000,1.000,18.0
2009-06-06,20:39:00,1.488,0.240,237.790,6.200,0.000,0.000,18.0
2009-06-06,20:40:00,1.512,0.246,238.330,6.400,1.000,0.000,18.0
2009-06-06,20:41:00,1.488,0.238,237.880,6.200,0.000,0.000,18.0
2009-06-06,20:42:00,1.500,0.234,237.600,6.400,0.000,0.000,18.0
2009-06-06,20:43:00,1.460,0.196,237.730,6.200,0.000,0.000,18.0
2009-06-06,20:44:00,1.416,0.102,237.790,6.000,0.000,1.000,18.0
2009-06-06,20:45:00,1.412,0.102,238.390,6.000,0.000,0.000,18.0
2009-06-06,20:46:00,1.410,0.102,238.190,5.800,0.000,0.000,18.0
2009-06-06,20:47:00,1.416,0.104,237.990,6.000,0.000,0.000,18.0
2009-06-06,20:48:00,1.400,0.100,238.290,5.800,0.000,0.000,18.0
2009-06-06,20:49:00,1.440,0.104,238.540,6.000,0.000,1.000,18.0
2009-06-06,20:50:00,1.438,0.100,238.970,6.000,0.000,0.000,18.0
2009-06-06,20:51:00,1.438,0.108,239.300,6.000,0.000,0.000,18.0
2009-06-06,20:52:00,1.412,0.100,238.790,6.000,0.000,0.000,18.0
2009-06-06,20:53:00,1.434,0.106,238.930,6.000,0.000,0.000,18.0
2009-06-06,20:54:00,1.412,0.100,238.810,5.800,0.000,0.000,18.0
2009-06-06,20:55:00,1.424,0.104,238.330,6.000,0.000,1.000,18.0
2009-06-06,20:56:00,1.408,0.100,238.590,5.800,0.000,0.000,18.0
2009-06-06,20:57:00,1.428,0.104,238.730,6.000,0.000,0.000,18.0
2009-06-06,20:58:00,1.420,0.104,239.740,6.000,0.000,0.000,19.0
2009-06-06,20:59:00,1.440,0.108,239.840,6.000,0.000,0.000,18.0
2009-06-06,21:00:00,1.422,0.106,239.960,6.000,0.000,0.000,18.0
2009-06-06,21:01:00,1.444,0.112,240.280,6.000,0.000,1.000,19.0
2009-06-06,21:02:00,1.420,0.106,239.940,6.000,0.000,0.000,18.0
2009-06-06,21:03:00,1.448,0.112,240.510,6.000,0.000,0.000,18.0
2009-06-06,21:04:00,1.430,0.108,240.890,6.000,0.000,0.000,19.0
2009-06-06,21:05:00,1.448,0.112,240.770,6.000,0.000,0.000,18.0
2009-06-06,21:06:00,1.428,0.108,240.680,6.000,0.000,0.000,18.0
2009-06-06,21:07:00,1.444,0.112,240.430,6.000,0.000,1.000,19.0
2009-06-06,21:08:00,1.420,0.104,240.010,6.000,0.000,0.000,18.0
2009-06-06,21:09:00,1.446,0.120,240.210,6.000,0.000,0.000,18.0
2009-06-06,21:10:00,1.460,0.138,240.400,6.000,0.000,0.000,19.0
2009-06-06,21:11:00,1.526,0.224,240.520,6.400,0.000,0.000,18.0
2009-06-06,21:12:00,1.504,0.218,240.250,6.200,0.000,0.000,18.0
2009-06-06,21:13:00,1.520,0.220,239.910,6.400,0.000,1.000,19.0
2009-06-06,21:14:00,1.502,0.218,240.180,6.200,0.000,0.000,18.0
2009-06-06,21:15:00,1.512,0.218,239.730,6.400,0.000,0.000,18.0
2009-06-06,21:16:00,1.524,0.138,239.710,6.400,0.000,2.000,18.0
2009-06-06,21:17:00,1.610,0.140,239.670,6.800,0.000,3.000,19.0
2009-06-06,21:18:00,1.616,0.156,239.650,6.800,0.000,4.000,18.0
2009-06-06,21:19:00,1.608,0.138,239.600,6.600,0.000,3.000,18.0
2009-06-06,21:20:00,1.618,0.154,239.110,6.800,0.000,4.000,18.0
2009-06-06,21:21:00,2.206,0.250,238.270,9.200,0.000,3.000,28.0
2009-06-06,21:22:00,2.226,0.266,238.130,9.400,0.000,4.000,29.0
2009-06-06,21:23:00,2.252,0.252,238.440,9.400,0.000,3.000,29.0
2009-06-06,21:24:00,2.322,0.228,238.550,9.800,0.000,3.000,29.0
2009-06-06,21:25:00,2.094,0.202,238.720,8.800,0.000,0.000,29.0
2009-06-06,21:26:00,1.864,0.168,238.670,8.000,0.000,0.000,26.0
2009-06-06,21:27:00,1.354,0.000,238.980,5.600,0.000,0.000,18.0
2009-06-06,21:28:00,1.344,0.000,238.950,5.600,0.000,0.000,18.0
2009-06-06,21:29:00,1.326,0.000,238.980,5.600,0.000,0.000,19.0
2009-06-06,21:30:00,1.348,0.000,238.960,5.600,0.000,0.000,18.0
2009-06-06,21:31:00,1.362,0.000,239.040,5.800,0.000,0.000,18.0
2009-06-06,21:32:00,1.450,0.116,238.910,6.000,0.000,1.000,18.0
2009-06-06,21:33:00,1.426,0.110,238.760,6.000,0.000,0.000,18.0
2009-06-06,21:34:00,1.444,0.116,238.890,6.000,0.000,0.000,18.0
2009-06-06,21:35:00,1.424,0.110,238.780,6.000,0.000,0.000,18.0
2009-06-06,21:36:00,1.440,0.114,238.670,6.000,0.000,0.000,18.0
2009-06-06,21:37:00,1.420,0.110,238.730,6.000,0.000,0.000,18.0
2009-06-06,21:38:00,1.436,0.114,238.570,6.000,0.000,1.000,18.0
2009-06-06,21:39:00,1.426,0.112,238.700,6.000,0.000,0.000,19.0
2009-06-06,21:40:00,1.428,0.112,238.680,6.000,0.000,0.000,18.0
2009-06-06,21:41:00,1.434,0.114,238.580,6.000,0.000,0.000,18.0
2009-06-06,21:42:00,1.416,0.110,238.580,6.000,0.000,0.000,18.0
2009-06-06,21:43:00,1.438,0.116,238.910,6.000,0.000,1.000,18.0
2009-06-06,21:44:00,1.464,0.152,239.050,6.200,0.000,0.000,18.0
2009-06-06,21:45:00,1.526,0.234,238.950,6.400,0.000,2.000,18.0
2009-06-06,21:46:00,1.504,0.228,238.670,6.400,0.000,2.000,18.0
2009-06-06,21:47:00,1.520,0.232,238.560,6.400,0.000,2.000,18.0
2009-06-06,21:48:00,1.506,0.230,238.860,6.400,0.000,1.000,18.0
2009-06-06,21:49:00,1.528,0.236,239.340,6.400,0.000,2.000,19.0
2009-06-06,21:50:00,1.512,0.232,239.630,6.400,0.000,2.000,18.0
2009-06-06,21:51:00,1.522,0.234,239.030,6.400,0.000,1.000,18.0
2009-06-06,21:52:00,1.504,0.232,239.220,6.400,0.000,2.000,18.0
2009-06-06,21:53:00,1.558,0.234,238.930,6.600,0.000,2.000,18.0
2009-06-06,21:54:00,1.654,0.226,238.400,7.000,0.000,1.000,18.0
2009-06-06,21:55:00,1.668,0.228,238.060,7.000,0.000,2.000,18.0
2009-06-06,21:56:00,1.694,0.266,237.930,7.200,0.000,1.000,18.0
2009-06-06,21:57:00,1.728,0.322,237.310,7.400,0.000,2.000,18.0
2009-06-06,21:58:00,1.666,0.260,236.970,7.000,0.000,1.000,18.0
2009-06-06,21:59:00,1.636,0.194,237.080,7.000,0.000,2.000,18.0
2009-06-06,22:00:00,1.614,0.190,237.020,6.800,0.000,1.000,18.0
2009-06-06,22:01:00,1.632,0.194,237.130,6.800,0.000,2.000,18.0
2009-06-06,22:02:00,1.610,0.190,237.160,6.800,0.000,1.000,17.0
2009-06-06,22:03:00,1.620,0.192,236.580,6.800,0.000,2.000,18.0
2009-06-06,22:04:00,1.600,0.188,236.510,6.800,0.000,1.000,18.0
2009-06-06,22:05:00,1.620,0.192,236.710,6.800,0.000,2.000,18.0
2009-06-06,22:06:00,1.604,0.188,236.950,6.800,0.000,1.000,18.0
2009-06-06,22:07:00,1.720,0.286,236.920,7.400,0.000,2.000,17.0
2009-06-06,22:08:00,1.692,0.270,236.580,7.200,0.000,1.000,18.0
2009-06-06,22:09:00,1.732,0.188,236.360,7.400,0.000,1.000,18.0
2009-06-06,22:10:00,1.818,0.174,235.910,7.800,0.000,2.000,18.0
2009-06-06,22:11:00,1.546,0.090,237.040,6.400,0.000,1.000,17.0
2009-06-06,22:12:00,1.632,0.090,237.040,6.800,0.000,2.000,18.0
2009-06-06,22:13:00,1.614,0.086,236.910,6.800,0.000,1.000,18.0
2009-06-06,22:14:00,1.682,0.144,236.860,7.200,0.000,1.000,18.0
2009-06-06,22:15:00,1.718,0.214,237.010,7.200,0.000,2.000,18.0
2009-06-06,22:16:00,1.748,0.222,238.210,7.400,0.000,1.000,18.0
2009-06-06,22:17:00,1.728,0.218,238.660,7.200,0.000,2.000,18.0
2009-06-06,22:18:00,1.674,0.104,238.310,7.000,0.000,0.000,18.0
2009-06-06,22:19:00,1.656,0.102,238.560,7.000,0.000,0.000,18.0
2009-06-06,22:20:00,1.674,0.106,238.660,7.000,0.000,0.000,18.0
2009-06-06,22:21:00,1.650,0.100,238.340,7.000,0.000,0.000,18.0
2009-06-06,22:22:00,1.666,0.104,238.110,7.000,0.000,0.000,18.0
2009-06-06,22:23:00,1.638,0.098,237.400,6.800,0.000,0.000,18.0
2009-06-06,22:24:00,1.652,0.100,236.780,7.000,0.000,1.000,18.0
2009-06-06,22:25:00,1.630,0.094,236.550,6.800,0.000,0.000,17.0
2009-06-06,22:26:00,1.652,0.100,237.000,7.000,0.000,0.000,18.0
2009-06-06,22:27:00,1.640,0.098,237.770,6.800,0.000,0.000,18.0
2009-06-06,22:28:00,1.658,0.104,237.720,7.000,0.000,0.000,18.0
2009-06-06,22:29:00,1.640,0.098,237.720,6.800,0.000,0.000,18.0
2009-06-06,22:30:00,1.660,0.104,237.830,7.000,0.000,1.000,18.0
2009-06-06,22:31:00,1.644,0.100,238.080,6.800,0.000,0.000,18.0
2009-06-06,22:32:00,1.664,0.104,238.220,7.000,0.000,0.000,18.0
2009-06-06,22:33:00,1.650,0.102,238.440,6.800,0.000,0.000,18.0
2009-06-06,22:34:00,1.696,0.116,238.570,7.200,0.000,0.000,18.0
2009-06-06,22:35:00,1.680,0.112,238.220,7.000,0.000,0.000,18.0
2009-06-06,22:36:00,2.286,0.116,237.590,9.600,0.000,1.000,18.0
2009-06-06,22:37:00,2.080,0.112,237.940,8.800,0.000,0.000,18.0
2009-06-06,22:38:00,1.704,0.118,238.670,7.200,0.000,0.000,18.0
2009-06-06,22:39:00,1.662,0.000,238.580,7.000,0.000,0.000,18.0
2009-06-06,22:40:00,1.712,0.000,238.400,7.200,0.000,0.000,18.0
2009-06-06,22:41:00,1.076,0.092,238.850,5.000,0.000,0.000,8.0
2009-06-06,22:42:00,0.688,0.096,239.340,3.000,0.000,1.000,1.0
2009-06-06,22:43:00,0.704,0.100,239.580,3.000,0.000,0.000,0.0
2009-06-06,22:44:00,0.668,0.098,240.110,2.800,0.000,0.000,1.0
2009-06-06,22:45:00,0.644,0.104,239.810,2.800,0.000,0.000,1.0
2009-06-06,22:46:00,0.662,0.118,239.620,3.000,0.000,0.000,0.0
2009-06-06,22:47:00,1.084,0.160,239.120,4.600,0.000,1.000,1.0
2009-06-06,22:48:00,0.800,0.122,240.280,3.400,0.000,0.000,1.0
2009-06-06,22:49:00,0.634,0.106,240.510,2.800,0.000,0.000,0.0
2009-06-06,22:50:00,0.616,0.100,240.380,2.600,0.000,0.000,1.0
2009-06-06,22:51:00,0.666,0.104,240.320,2.800,0.000,0.000,1.0
2009-06-06,22:52:00,0.622,0.100,240.580,2.600,0.000,0.000,0.0
2009-06-06,22:53:00,0.632,0.104,240.030,2.800,0.000,1.000,1.0
2009-06-06,22:54:00,0.548,0.000,240.210,2.400,0.000,0.000,0.0
2009-06-06,22:55:00,0.594,0.000,239.560,2.600,0.000,0.000,1.0
2009-06-06,22:56:00,0.652,0.128,239.780,2.800,0.000,0.000,1.0
2009-06-06,22:57:00,0.776,0.160,239.680,3.600,0.000,0.000,2.0
2009-06-06,22:58:00,1.252,0.252,239.070,5.400,0.000,0.000,11.0
2009-06-06,22:59:00,1.288,0.256,239.010,5.600,0.000,0.000,11.0
2009-06-06,23:00:00,1.298,0.254,239.110,5.600,0.000,0.000,11.0
2009-06-06,23:01:00,1.324,0.260,239.200,5.600,0.000,1.000,12.0
2009-06-06,23:02:00,1.310,0.254,239.320,5.600,0.000,0.000,12.0
2009-06-06,23:03:00,0.910,0.182,240.160,4.200,0.000,0.000,5.0
2009-06-06,23:04:00,0.642,0.132,240.420,2.800,0.000,0.000,0.0
2009-06-06,23:05:00,0.662,0.138,240.510,2.800,0.000,0.000,1.0
2009-06-06,23:06:00,0.646,0.132,240.630,2.800,0.000,0.000,1.0
2009-06-06,23:07:00,0.664,0.138,240.690,3.000,0.000,1.000,0.0
2009-06-06,23:08:00,0.642,0.134,240.360,2.800,0.000,0.000,1.0
2009-06-06,23:09:00,0.660,0.136,240.400,2.800,0.000,0.000,1.0
2009-06-06,23:10:00,0.650,0.132,240.340,2.800,0.000,0.000,0.0
2009-06-06,23:11:00,0.654,0.136,240.260,2.800,0.000,0.000,1.0
2009-06-06,23:12:00,0.668,0.136,240.570,3.000,0.000,1.000,1.0
2009-06-06,23:13:00,0.646,0.132,240.780,2.800,0.000,0.000,0.0
2009-06-06,23:14:00,0.664,0.138,240.870,3.000,0.000,0.000,1.0
2009-06-06,23:15:00,0.648,0.132,241.110,2.800,0.000,0.000,1.0
2009-06-06,23:16:00,0.666,0.136,240.680,3.000,0.000,0.000,0.0
2009-06-06,23:17:00,0.828,0.130,240.370,3.600,0.000,0.000,1.0
2009-06-06,23:18:00,0.930,0.132,240.450,4.000,0.000,1.000,1.0
2009-06-06,23:19:00,0.850,0.000,240.800,3.600,0.000,0.000,0.0
2009-06-06,23:20:00,0.836,0.000,240.590,3.600,0.000,0.000,1.0
2009-06-06,23:21:00,0.814,0.000,240.730,3.400,0.000,0.000,1.0
2009-06-06,23:22:00,0.834,0.000,240.900,3.600,0.000,0.000,0.0
2009-06-06,23:23:00,0.816,0.000,240.350,3.400,0.000,0.000,1.0
2009-06-06,23:24:00,0.884,0.000,240.380,3.800,0.000,1.000,0.0
2009-06-06,23:25:00,0.890,0.094,240.260,3.800,0.000,0.000,1.0
2009-06-06,23:26:00,0.910,0.100,240.620,3.800,0.000,0.000,1.0
2009-06-06,23:27:00,0.892,0.096,240.860,3.800,0.000,0.000,0.0
2009-06-06,23:28:00,0.902,0.100,241.040,3.800,0.000,0.000,1.0
2009-06-06,23:29:00,1.056,0.086,241.020,4.400,0.000,0.000,1.0
2009-06-06,23:30:00,1.604,0.094,240.700,6.800,0.000,1.000,0.0
2009-06-06,23:31:00,1.312,0.084,240.860,5.400,0.000,0.000,1.0
2009-06-06,23:32:00,1.322,0.158,241.040,5.600,0.000,0.000,1.0
2009-06-06,23:33:00,1.236,0.260,240.650,5.200,0.000,1.000,0.0
2009-06-06,23:34:00,1.092,0.326,241.150,4.600,0.000,2.000,1.0
2009-06-06,23:35:00,1.126,0.318,240.950,4.800,0.000,1.000,1.0
2009-06-06,23:36:00,1.242,0.452,241.380,5.400,0.000,2.000,0.0
2009-06-06,23:37:00,1.120,0.360,242.070,4.800,0.000,2.000,1.0
2009-06-06,23:38:00,1.182,0.360,242.130,5.000,0.000,2.000,1.0
2009-06-06,23:39:00,1.182,0.356,242.660,5.000,0.000,1.000,0.0
2009-06-06,23:40:00,1.130,0.362,242.270,4.800,0.000,2.000,1.0
2009-06-06,23:41:00,1.116,0.358,242.150,4.800,0.000,1.000,1.0
2009-06-06,23:42:00,1.114,0.358,242.270,4.800,0.000,2.000,0.0
2009-06-06,23:43:00,1.124,0.362,242.470,4.800,0.000,2.000,1.0
2009-06-06,23:44:00,1.102,0.356,242.260,4.800,0.000,1.000,1.0
2009-06-06,23:45:00,1.118,0.360,242.210,4.800,0.000,2.000,0.0
2009-06-06,23:46:00,1.094,0.352,241.910,4.800,0.000,2.000,1.0
2009-06-06,23:47:00,1.108,0.354,241.460,4.800,0.000,1.000,1.0
2009-06-06,23:48:00,1.090,0.350,241.580,4.600,0.000,2.000,0.0
2009-06-06,23:49:00,1.110,0.356,241.760,4.800,0.000,1.000,1.0
2009-06-06,23:50:00,1.090,0.352,241.830,4.600,0.000,2.000,1.0
2009-06-06,23:51:00,1.108,0.356,241.760,4.800,0.000,1.000,0.0
2009-06-06,23:52:00,1.088,0.352,241.900,4.600,0.000,2.000,1.0
2009-06-06,23:53:00,1.112,0.354,241.030,4.800,0.000,1.000,1.0
2009-06-06,23:54:00,1.082,0.350,241.110,4.600,0.000,1.000,0.0
2009-06-06,23:55:00,1.128,0.362,241.510,4.800,0.000,2.000,1.0
2009-06-06,23:56:00,1.086,0.354,241.800,4.600,0.000,1.000,1.0
2009-06-06,23:57:00,1.180,0.360,241.280,5.000,0.000,2.000,0.0
2009-06-06,23:58:00,1.146,0.330,241.520,5.000,0.000,1.000,1.0
2009-06-06,23:59:00,1.010,0.230,241.720,4.200,0.000,2.000,1.0
