Date,Time,Global_active_power,Global_reactive_power,Voltage,Global_intensity,Sub_metering_1,Sub_metering_2,Sub_metering_3
2010-02-24,00:00:00,0.356,0.110,243.580,1.400,0.000,0.000,1.0
2010-02-24,00:01:00,0.374,0.114,243.480,1.600,0.000,0.000,1.0
2010-02-24,00:02:00,0.354,0.110,243.680,1.400,0.000,0.000,0.0
2010-02-24,00:03:00,0.372,0.114,243.430,1.600,0.000,0.000,1.0
2010-02-24,00:04:00,0.352,0.106,242.640,1.400,0.000,0.000,1.0
2010-02-24,00:05:00,0.372,0.116,243.800,1.600,0.000,1.000,0.0
2010-02-24,00:06:00,0.356,0.112,244.300,1.400,0.000,0.000,1.0
2010-02-24,00:07:00,0.372,0.118,244.270,1.600,0.000,0.000,1.0
2010-02-24,00:08:00,0.356,0.116,245.150,1.400,0.000,0.000,0.0
2010-02-24,00:09:00,0.318,0.000,244.710,1.400,0.000,0.000,1.0
2010-02-24,00:10:00,0.272,0.000,244.310,1.200,0.000,0.000,1.0
2010-02-24,00:11:00,0.266,0.000,244.040,1.000,0.000,1.000,0.0
2010-02-24,00:12:00,0.276,0.000,243.540,1.200,0.000,0.000,1.0
2010-02-24,00:13:00,0.260,0.000,243.660,1.000,0.000,0.000,1.0
2010-02-24,00:14:00,0.276,0.000,243.370,1.200,0.000,0.000,0.0
2010-02-24,00:15:00,0.260,0.000,243.540,1.000,0.000,0.000,1.0
2010-02-24,00:16:00,0.278,0.000,243.910,1.200,0.000,0.000,1.0
2010-02-24,00:17:00,0.262,0.000,244.680,1.000,0.000,0.000,0.0
2010-02-24,00:18:00,0.282,0.000,245.650,1.200,0.000,1.000,1.0
2010-02-24,00:19:00,0.262,0.000,245.200,1.000,0.000,0.000,1.0
2010-02-24,00:20:00,0.282,0.000,245.790,1.200,0.000,0.000,0.0
2010-02-24,00:21:00,0.264,0.000,245.740,1.000,0.000,0.000,1.0
2010-02-24,00:22:00,0.280,0.000,245.290,1.200,0.000,0.000,1.0
2010-02-24,00:23:00,0.286,0.000,245.650,1.400,0.000,0.000,0.0
2010-02-24,00:24:00,0.360,0.088,245.200,1.400,0.000,1.000,1.0
2010-02-24,00:25:00,0.340,0.084,245.680,1.400,0.000,0.000,1.0
2010-02-24,00:26:00,0.360,0.090,245.610,1.400,0.000,0.000,0.0
2010-02-24,00:27:00,0.340,0.082,245.330,1.400,0.000,0.000,1.0
2010-02-24,00:28:00,0.356,0.086,244.460,1.400,0.000,0.000,1.0
2010-02-24,00:29:00,0.334,0.078,243.840,1.400,0.000,0.000,0.0
2010-02-24,00:30:00,0.350,0.080,242.910,1.400,0.000,1.000,1.0
2010-02-24,00:31:00,0.330,0.078,243.540,1.400,0.000,0.000,1.0
2010-02-24,00:32:00,0.346,0.078,242.220,1.400,0.000,0.000,0.0
2010-02-24,00:33:00,0.326,0.072,241.830,1.400,0.000,0.000,1.0
2010-02-24,00:34:00,0.344,0.078,241.920,1.400,0.000,0.000,1.0
2010-02-24,00:35:00,0.322,0.070,240.630,1.400,0.000,0.000,0.0
2010-02-24,00:36:00,0.340,0.074,240.790,1.400,0.000,0.000,1.0
2010-02-24,00:37:00,0.276,0.000,241.310,1.200,0.000,0.000,1.0
2010-02-24,00:38:00,0.274,0.000,241.730,1.200,0.000,1.000,0.0
2010-02-24,00:39:00,0.258,0.000,243.030,1.000,0.000,0.000,1.0
2010-02-24,00:40:00,0.358,0.062,242.380,1.600,0.000,0.000,1.0
2010-02-24,00:41:00,0.382,0.106,241.980,1.600,0.000,0.000,0.0
2010-02-24,00:42:00,0.366,0.102,241.630,1.600,0.000,0.000,1.0
2010-02-24,00:43:00,0.380,0.108,241.840,1.600,0.000,1.000,1.0
2010-02-24,00:44:00,0.362,0.104,242.580,1.600,0.000,0.000,0.0
2010-02-24,00:45:00,0.378,0.108,242.180,1.600,0.000,0.000,1.0
2010-02-24,00:46:00,0.358,0.102,242.060,1.400,0.000,0.000,1.0
2010-02-24,00:47:00,0.374,0.106,241.790,1.600,0.000,0.000,0.0
2010-02-24,00:48:00,0.352,0.098,240.520,1.400,0.000,0.000,1.0
2010-02-24,00:49:00,0.370,0.104,240.930,1.600,0.000,1.000,1.0
2010-02-24,00:50:00,0.352,0.100,241.090,1.400,0.000,0.000,0.0
2010-02-24,00:51:00,0.366,0.102,240.140,1.600,0.000,0.000,1.0
2010-02-24,00:52:00,0.350,0.100,240.800,1.400,0.000,0.000,1.0
2010-02-24,00:53:00,0.366,0.104,240.350,1.600,0.000,0.000,0.0
2010-02-24,00:54:00,0.348,0.100,240.730,1.400,0.000,0.000,1.0
2010-02-24,00:55:00,0.368,0.106,240.840,1.600,0.000,1.000,0.0
2010-02-24,00:56:00,0.348,0.100,240.360,1.400,0.000,0.000,1.0
2010-02-24,00:57:00,0.368,0.108,241.310,1.600,0.000,0.000,1.0
2010-02-24,00:58:00,0.350,0.104,241.700,1.400,0.000,0.000,0.0
2010-02-24,00:59:00,0.368,0.108,241.700,1.600,0.000,0.000,1.0
2010-02-24,01:00:00,0.278,0.000,242.300,1.200,0.000,0.000,1.0
2010-02-24,01:01:00,0.274,0.000,241.790,1.200,0.000,0.000,0.0
2010-02-24,01:02:00,0.256,0.000,241.670,1.000,0.000,0.000,1.0
2010-02-24,01:03:00,0.276,0.000,242.550,1.200,0.000,1.000,1.0
2010-02-24,01:04:00,0.258,0.000,243.180,1.000,0.000,0.000,0.0
2010-02-24,01:05:00,0.278,0.000,243.150,1.200,0.000,0.000,1.0
2010-02-24,01:06:00,0.258,0.000,242.380,1.000,0.000,0.000,1.0
2010-02-24,01:07:00,0.274,0.000,241.680,1.200,0.000,0.000,0.0
2010-02-24,01:08:00,0.256,0.000,242.170,1.000,0.000,0.000,1.0
2010-02-24,01:09:00,0.274,0.000,241.930,1.200,0.000,1.000,1.0
2010-02-24,01:10:00,0.264,0.000,242.370,1.000,0.000,0.000,0.0
2010-02-24,01:11:00,0.270,0.000,242.990,1.200,0.000,0.000,1.0
2010-02-24,01:12:00,0.306,0.000,242.590,1.400,0.000,0.000,1.0
2010-02-24,01:13:00,0.336,0.076,243.160,1.400,0.000,0.000,0.0
2010-02-24,01:14:00,0.352,0.078,242.170,1.400,0.000,1.000,1.0
2010-02-24,01:15:00,0.484,0.130,242.460,2.400,0.000,0.000,3.0
2010-02-24,01:16:00,0.918,0.280,243.100,3.800,0.000,0.000,10.0
2010-02-24,01:17:00,0.910,0.272,242.830,3.800,0.000,0.000,10.0
2010-02-24,01:18:00,0.952,0.272,242.570,4.000,0.000,0.000,11.0
2010-02-24,01:19:00,0.650,0.178,242.980,3.000,0.000,0.000,6.0
2010-02-24,01:20:00,0.346,0.080,242.130,1.400,0.000,1.000,1.0
2010-02-24,01:21:00,0.326,0.074,241.780,1.400,0.000,0.000,1.0
2010-02-24,01:22:00,0.344,0.078,241.380,1.400,0.000,0.000,0.0
2010-02-24,01:23:00,0.324,0.072,241.120,1.400,0.000,0.000,1.0
2010-02-24,01:24:00,0.342,0.078,241.530,1.400,0.000,0.000,0.0
2010-02-24,01:25:00,0.284,0.000,240.860,1.200,0.000,0.000,1.0
2010-02-24,01:26:00,0.274,0.000,241.450,1.200,0.000,0.000,1.0
2010-02-24,01:27:00,0.256,0.000,242.100,1.000,0.000,0.000,0.0
2010-02-24,01:28:00,0.274,0.000,241.960,1.200,0.000,1.000,1.0
2010-02-24,01:29:00,0.258,0.000,242.580,1.000,0.000,0.000,1.0
2010-02-24,01:30:00,0.276,0.000,242.530,1.200,0.000,0.000,0.0
2010-02-24,01:31:00,0.304,0.000,242.990,1.400,0.000,0.000,1.0
2010-02-24,01:32:00,0.388,0.114,242.920,1.600,0.000,0.000,1.0
2010-02-24,01:33:00,0.366,0.108,242.950,1.600,0.000,0.000,0.0
2010-02-24,01:34:00,0.384,0.116,243.470,1.600,0.000,1.000,1.0
2010-02-24,01:35:00,0.364,0.110,243.490,1.600,0.000,0.000,1.0
2010-02-24,01:36:00,0.382,0.116,243.630,1.600,0.000,0.000,0.0
2010-02-24,01:37:00,0.362,0.110,243.540,1.600,0.000,0.000,1.0
2010-02-24,01:38:00,0.376,0.112,242.490,1.600,0.000,0.000,1.0
2010-02-24,01:39:00,0.358,0.106,242.570,1.400,0.000,0.000,0.0
2010-02-24,01:40:00,0.376,0.112,242.800,1.600,0.000,1.000,1.0
2010-02-24,01:41:00,0.364,0.108,242.160,1.600,0.000,0.000,1.0
2010-02-24,01:42:00,0.362,0.106,242.000,1.600,0.000,0.000,0.0
2010-02-24,01:43:00,0.370,0.108,241.520,1.600,0.000,0.000,1.0
2010-02-24,01:44:00,0.352,0.104,241.760,1.400,0.000,0.000,1.0
2010-02-24,01:45:00,0.370,0.110,242.200,1.600,0.000,1.000,0.0
2010-02-24,01:46:00,0.350,0.104,241.740,1.400,0.000,0.000,1.0
2010-02-24,01:47:00,0.370,0.108,241.760,1.600,0.000,0.000,1.0
2010-02-24,01:48:00,0.350,0.104,241.920,1.400,0.000,0.000,0.0
2010-02-24,01:49:00,0.368,0.108,241.820,1.600,0.000,0.000,1.0
2010-02-24,01:50:00,0.352,0.108,243.070,1.400,0.000,0.000,1.0
2010-02-24,01:51:00,0.288,0.000,243.070,1.200,0.000,1.000,0.0
2010-02-24,01:52:00,0.258,0.000,242.620,1.000,0.000,0.000,1.0
2010-02-24,01:53:00,0.280,0.000,244.300,1.200,0.000,0.000,1.0
2010-02-24,01:54:00,0.260,0.000,243.230,1.000,0.000,0.000,0.0
2010-02-24,01:55:00,0.278,0.000,243.290,1.200,0.000,0.000,1.0
2010-02-24,01:56:00,0.260,0.000,243.160,1.000,0.000,0.000,1.0
2010-02-24,01:57:00,0.278,0.000,242.940,1.200,0.000,0.000,0.0
2010-02-24,01:58:00,0.260,0.000,243.060,1.000,0.000,0.000,1.0
2010-02-24,01:59:00,0.276,0.000,242.210,1.200,0.000,1.000,1.0
2010-02-24,02:00:00,0.258,0.000,242.560,1.000,0.000,0.000,0.0
2010-02-24,02:01:00,0.324,0.000,242.970,1.400,0.000,0.000,1.0
2010-02-24,02:02:00,0.336,0.076,243.080,1.400,0.000,0.000,0.0
2010-02-24,02:03:00,0.356,0.084,243.710,1.400,0.000,0.000,1.0
2010-02-24,02:04:00,0.336,0.078,243.330,1.400,0.000,0.000,1.0
2010-02-24,02:05:00,0.354,0.080,242.440,1.400,0.000,1.000,0.0
2010-02-24,02:06:00,0.334,0.076,242.720,1.400,0.000,0.000,1.0
2010-02-24,02:07:00,0.346,0.074,240.500,1.400,0.000,0.000,1.0
2010-02-24,02:08:00,0.328,0.072,241.280,1.400,0.000,0.000,0.0
2010-02-24,02:09:00,0.348,0.080,242.480,1.400,0.000,0.000,1.0
2010-02-24,02:10:00,0.328,0.076,242.310,1.400,0.000,0.000,1.0
2010-02-24,02:11:00,0.346,0.080,242.170,1.400,0.000,1.000,0.0
2010-02-24,02:12:00,0.340,0.078,241.820,1.400,0.000,0.000,1.0
2010-02-24,02:13:00,0.316,0.052,241.770,1.400,0.000,0.000,1.0
2010-02-24,02:14:00,0.276,0.000,242.020,1.200,0.000,0.000,0.0
2010-02-24,02:15:00,0.256,0.000,241.710,1.000,0.000,0.000,1.0
2010-02-24,02:16:00,0.276,0.000,241.990,1.200,0.000,1.000,1.0
2010-02-24,02:17:00,0.256,0.000,241.660,1.000,0.000,0.000,0.0
2010-02-24,02:18:00,0.274,0.000,241.330,1.200,0.000,0.000,1.0
2010-02-24,02:19:00,0.258,0.000,242.070,1.000,0.000,0.000,1.0
2010-02-24,02:20:00,0.276,0.000,241.940,1.200,0.000,0.000,0.0
2010-02-24,02:21:00,0.256,0.000,241.420,1.000,0.000,0.000,1.0
2010-02-24,02:22:00,0.324,0.000,241.910,1.400,0.000,0.000,1.0
2010-02-24,02:23:00,0.366,0.102,241.180,1.600,0.000,0.000,0.0
2010-02-24,02:24:00,0.382,0.108,241.120,1.600,0.000,1.000,1.0
2010-02-24,02:25:00,0.362,0.104,241.680,1.600,0.000,0.000,1.0
2010-02-24,02:26:00,0.380,0.110,241.910,1.600,0.000,0.000,0.0
2010-02-24,02:27:00,0.362,0.106,242.360,1.600,0.000,0.000,1.0
2010-02-24,02:28:00,0.378,0.112,242.480,1.600,0.000,0.000,1.0
2010-02-24,02:29:00,0.358,0.106,242.160,1.400,0.000,0.000,0.0
2010-02-24,02:30:00,0.376,0.112,242.660,1.600,0.000,1.000,1.0
2010-02-24,02:31:00,0.356,0.104,242.100,1.400,0.000,0.000,1.0
2010-02-24,02:32:00,0.374,0.110,242.130,1.600,0.000,0.000,0.0
2010-02-24,02:33:00,0.352,0.102,241.440,1.400,0.000,0.000,1.0
2010-02-24,02:34:00,0.370,0.108,241.500,1.600,0.000,0.000,1.0
2010-02-24,02:35:00,0.352,0.104,241.880,1.400,0.000,0.000,0.0
2010-02-24,02:36:00,0.370,0.110,241.880,1.600,0.000,1.000,1.0
2010-02-24,02:37:00,0.352,0.106,242.100,1.400,0.000,0.000,0.0
2010-02-24,02:38:00,0.370,0.110,242.010,1.600,0.000,0.000,1.0
2010-02-24,02:39:00,0.352,0.106,242.250,1.400,0.000,0.000,1.0
2010-02-24,02:40:00,0.370,0.110,242.340,1.600,0.000,0.000,0.0
2010-02-24,02:41:00,0.354,0.106,241.930,1.400,0.000,0.000,1.0
2010-02-24,02:42:00,0.274,0.000,242.690,1.200,0.000,1.000,1.0
2010-02-24,02:43:00,0.276,0.000,242.620,1.200,0.000,0.000,0.0
2010-02-24,02:44:00,0.258,0.000,241.780,1.000,0.000,0.000,1.0
2010-02-24,02:45:00,0.276,0.000,242.400,1.200,0.000,0.000,1.0
2010-02-24,02:46:00,0.260,0.000,243.390,1.000,0.000,0.000,0.0
2010-02-24,02:47:00,0.280,0.000,244.290,1.200,0.000,1.000,1.0
2010-02-24,02:48:00,0.304,0.000,244.510,1.400,0.000,0.000,1.0
2010-02-24,02:49:00,0.360,0.104,243.970,1.600,0.000,2.000,0.0
2010-02-24,02:50:00,0.344,0.100,243.930,1.400,0.000,1.000,1.0
2010-02-24,02:51:00,0.448,0.204,243.100,2.000,0.000,2.000,1.0
2010-02-24,02:52:00,0.414,0.202,242.800,1.800,0.000,1.000,0.0
2010-02-24,02:53:00,0.434,0.206,242.710,2.000,0.000,2.000,1.0
2010-02-24,02:54:00,0.416,0.198,241.730,1.800,0.000,1.000,1.0
2010-02-24,02:55:00,0.432,0.206,242.410,2.000,0.000,2.000,0.0
2010-02-24,02:56:00,0.412,0.198,242.090,1.800,0.000,2.000,1.0
2010-02-24,02:57:00,0.428,0.202,241.870,2.000,0.000,1.000,1.0
2010-02-24,02:58:00,0.410,0.200,242.520,1.800,0.000,2.000,0.0
2010-02-24,02:59:00,0.430,0.206,242.620,2.000,0.000,1.000,1.0
2010-02-24,03:00:00,0.412,0.202,243.090,1.800,0.000,2.000,1.0
2010-02-24,03:01:00,0.432,0.210,243.440,2.000,0.000,2.000,0.0
2010-02-24,03:02:00,0.408,0.198,243.100,1.800,0.000,1.000,1.0
2010-02-24,03:03:00,0.360,0.102,242.850,1.600,0.000,2.000,1.0
2010-02-24,03:04:00,0.342,0.098,243.490,1.400,0.000,1.000,0.0
2010-02-24,03:05:00,0.362,0.104,244.000,1.600,0.000,2.000,1.0
2010-02-24,03:06:00,0.344,0.100,244.250,1.400,0.000,1.000,1.0
2010-02-24,03:07:00,0.360,0.104,243.730,1.600,0.000,2.000,0.0
2010-02-24,03:08:00,0.340,0.098,243.560,1.400,0.000,1.000,1.0
2010-02-24,03:09:00,0.358,0.102,243.470,1.600,0.000,2.000,1.0
2010-02-24,03:10:00,0.338,0.096,243.300,1.400,0.000,1.000,0.0
2010-02-24,03:11:00,0.356,0.102,243.490,1.600,0.000,2.000,1.0
2010-02-24,03:12:00,0.346,0.100,244.040,1.400,0.000,1.000,1.0
2010-02-24,03:13:00,0.380,0.128,244.690,1.600,0.000,2.000,0.0
2010-02-24,03:14:00,0.468,0.248,244.870,2.200,0.000,1.000,1.0
2010-02-24,03:15:00,0.446,0.240,244.640,2.000,0.000,2.000,1.0
2010-02-24,03:16:00,0.460,0.246,244.390,2.000,0.000,1.000,0.0
2010-02-24,03:17:00,0.442,0.242,244.790,2.000,0.000,2.000,1.0
2010-02-24,03:18:00,0.456,0.242,243.880,2.000,0.000,1.000,1.0
2010-02-24,03:19:00,0.436,0.238,244.170,2.000,0.000,2.000,0.0
2010-02-24,03:20:00,0.454,0.244,244.180,2.000,0.000,1.000,1.0
2010-02-24,03:21:00,0.432,0.234,243.240,2.000,0.000,1.000,1.0
2010-02-24,03:22:00,0.448,0.240,243.420,2.000,0.000,2.000,0.0
2010-02-24,03:23:00,0.428,0.234,243.300,2.000,0.000,1.000,1.0
2010-02-24,03:24:00,0.446,0.242,243.620,2.000,0.000,2.000,1.0
2010-02-24,03:25:00,0.428,0.238,244.040,2.000,0.000,1.000,0.0
2010-02-24,03:26:00,0.446,0.242,243.620,2.000,0.000,1.000,1.0
2010-02-24,03:27:00,0.428,0.238,244.110,2.000,0.000,2.000,1.0
2010-02-24,03:28:00,0.444,0.240,243.360,2.000,0.000,1.000,0.0
2010-02-24,03:29:00,0.422,0.232,242.680,2.000,0.000,1.000,1.0
2010-02-24,03:30:00,0.442,0.238,242.980,2.000,0.000,2.000,1.0
2010-02-24,03:31:00,0.422,0.232,242.800,2.000,0.000,1.000,0.0
2010-02-24,03:32:00,0.424,0.212,242.430,2.000,0.000,2.000,1.0
2010-02-24,03:33:00,0.330,0.094,243.010,1.400,0.000,1.000,1.0
2010-02-24,03:34:00,0.346,0.098,242.430,1.400,0.000,1.000,0.0
2010-02-24,03:35:00,0.328,0.094,242.890,1.400,0.000,2.000,1.0
2010-02-24,03:36:00,0.348,0.102,243.500,1.400,0.000,1.000,1.0
2010-02-24,03:37:00,0.330,0.098,244.080,1.400,0.000,1.000,0.0
2010-02-24,03:38:00,0.350,0.104,244.430,1.400,0.000,2.000,1.0
2010-02-24,03:39:00,0.332,0.102,244.920,1.400,0.000,1.000,1.0
2010-02-24,03:40:00,0.406,0.160,244.720,1.800,0.000,2.000,0.0
2010-02-24,03:41:00,0.408,0.206,244.060,1.800,0.000,1.000,1.0
2010-02-24,03:42:00,0.426,0.212,244.130,2.000,0.000,1.000,1.0
2010-02-24,03:43:00,0.422,0.212,244.600,1.800,0.000,2.000,0.0
2010-02-24,03:44:00,0.416,0.210,244.290,1.800,0.000,1.000,1.0
2010-02-24,03:45:00,0.426,0.214,244.670,2.000,0.000,2.000,1.0
2010-02-24,03:46:00,0.402,0.204,243.640,1.800,0.000,1.000,0.0
2010-02-24,03:47:00,0.418,0.206,242.980,1.800,0.000,1.000,1.0
2010-02-24,03:48:00,0.400,0.202,243.070,1.800,0.000,2.000,1.0
2010-02-24,03:49:00,0.418,0.208,243.350,1.800,0.000,1.000,0.0
2010-02-24,03:50:00,0.398,0.200,243.000,1.800,0.000,1.000,1.0
2010-02-24,03:51:00,0.416,0.206,242.760,1.800,0.000,2.000,1.0
2010-02-24,03:52:00,0.338,0.108,242.010,1.400,0.000,1.000,0.0
2010-02-24,03:53:00,0.344,0.096,241.630,1.400,0.000,1.000,1.0
2010-02-24,03:54:00,0.326,0.092,242.110,1.400,0.000,2.000,1.0
2010-02-24,03:55:00,0.344,0.096,241.610,1.400,0.000,1.000,0.0
2010-02-24,03:56:00,0.326,0.092,241.820,1.400,0.000,1.000,1.0
2010-02-24,03:57:00,0.344,0.096,241.760,1.400,0.000,2.000,1.0
2010-02-24,03:58:00,0.326,0.092,242.200,1.400,0.000,1.000,0.0
2010-02-24,03:59:00,0.348,0.102,243.270,1.400,0.000,2.000,1.0
2010-02-24,04:00:00,0.328,0.094,242.960,1.400,0.000,1.000,1.0
2010-02-24,04:01:00,0.348,0.100,243.240,1.400,0.000,1.000,0.0
2010-02-24,04:02:00,0.328,0.092,242.510,1.400,0.000,1.000,1.0
2010-02-24,04:03:00,0.344,0.096,241.830,1.400,0.000,2.000,1.0
2010-02-24,04:04:00,0.748,0.248,241.420,3.600,0.000,1.000,6.0
2010-02-24,04:05:00,1.022,0.410,240.820,4.600,0.000,2.000,10.0
2010-02-24,04:06:00,1.026,0.414,241.630,4.600,0.000,1.000,11.0
2010-02-24,04:07:00,1.030,0.404,241.130,4.600,0.000,1.000,11.0
2010-02-24,04:08:00,0.430,0.230,242.120,2.000,0.000,1.000,1.0
2010-02-24,04:09:00,0.450,0.240,243.370,2.000,0.000,2.000,0.0
2010-02-24,04:10:00,0.430,0.236,243.400,2.000,0.000,1.000,1.0
2010-02-24,04:11:00,0.450,0.244,243.890,2.000,0.000,2.000,1.0
2010-02-24,04:12:00,0.428,0.238,243.710,2.000,0.000,1.000,0.0
2010-02-24,04:13:00,0.444,0.240,243.130,2.000,0.000,1.000,1.0
2010-02-24,04:14:00,0.440,0.238,243.080,2.000,0.000,1.000,1.0
2010-02-24,04:15:00,0.428,0.234,243.040,2.000,0.000,2.000,0.0
2010-02-24,04:16:00,0.442,0.242,243.470,2.000,0.000,1.000,1.0
2010-02-24,04:17:00,0.424,0.238,244.060,2.000,0.000,2.000,1.0
2010-02-24,04:18:00,0.442,0.242,243.620,2.000,0.000,1.000,0.0
2010-02-24,04:19:00,0.424,0.238,244.050,2.000,0.000,1.000,1.0
2010-02-24,04:20:00,0.442,0.244,244.310,2.000,0.000,2.000,1.0
2010-02-24,04:21:00,0.422,0.236,243.520,2.000,0.000,1.000,0.0
2010-02-24,04:22:00,0.440,0.242,243.530,2.000,0.000,1.000,1.0
2010-02-24,04:23:00,0.404,0.206,243.960,1.800,0.000,1.000,1.0
2010-02-24,04:24:00,0.280,0.000,243.680,1.200,0.000,1.000,0.0
2010-02-24,04:25:00,0.262,0.000,243.990,1.000,0.000,0.000,1.0
2010-02-24,04:26:00,0.280,0.000,242.970,1.200,0.000,0.000,0.0
2010-02-24,04:27:00,0.260,0.000,242.670,1.000,0.000,0.000,1.0
2010-02-24,04:28:00,0.280,0.000,243.440,1.200,0.000,0.000,1.0
2010-02-24,04:29:00,0.262,0.000,243.870,1.000,0.000,0.000,0.0
2010-02-24,04:30:00,0.322,0.000,244.060,1.400,0.000,1.000,1.0
2010-02-24,04:31:00,0.338,0.080,243.720,1.400,0.000,0.000,1.0
2010-02-24,04:32:00,0.354,0.084,243.150,1.400,0.000,0.000,0.0
2010-02-24,04:33:00,0.338,0.080,243.600,1.400,0.000,0.000,1.0
2010-02-24,04:34:00,0.354,0.082,242.620,1.400,0.000,0.000,1.0
2010-02-24,04:35:00,0.334,0.078,242.750,1.400,0.000,0.000,0.0
2010-02-24,04:36:00,0.352,0.084,243.430,1.400,0.000,1.000,1.0
2010-02-24,04:37:00,0.330,0.076,242.200,1.400,0.000,0.000,1.0
2010-02-24,04:38:00,0.346,0.078,241.620,1.400,0.000,0.000,0.0
2010-02-24,04:39:00,0.326,0.074,241.440,1.400,0.000,0.000,1.0
2010-02-24,04:40:00,0.344,0.078,241.360,1.400,0.000,0.000,1.0
2010-02-24,04:41:00,0.326,0.074,241.800,1.400,0.000,0.000,0.0
2010-02-24,04:42:00,0.292,0.000,241.770,1.200,0.000,1.000,1.0
2010-02-24,04:43:00,0.266,0.000,242.950,1.000,0.000,0.000,1.0
2010-02-24,04:44:00,0.274,0.000,243.820,1.200,0.000,0.000,0.0
2010-02-24,04:45:00,0.280,0.000,243.760,1.200,0.000,0.000,1.0
2010-02-24,04:46:00,0.262,0.000,244.570,1.000,0.000,0.000,1.0
2010-02-24,04:47:00,0.280,0.000,243.350,1.200,0.000,0.000,0.0
2010-02-24,04:48:00,0.260,0.000,243.180,1.000,0.000,0.000,1.0
2010-02-24,04:49:00,0.280,0.000,243.500,1.200,0.000,1.000,1.0
2010-02-24,04:50:00,0.260,0.000,243.350,1.000,0.000,0.000,0.0
2010-02-24,04:51:00,0.280,0.000,243.440,1.200,0.000,0.000,1.0
2010-02-24,04:52:00,0.258,0.000,241.950,1.000,0.000,0.000,1.0
2010-02-24,04:53:00,0.278,0.000,242.480,1.200,0.000,0.000,0.0
2010-02-24,04:54:00,0.256,0.000,241.840,1.000,0.000,0.000,1.0
2010-02-24,04:55:00,0.276,0.000,241.690,1.200,0.000,1.000,1.0
2010-02-24,04:56:00,0.346,0.062,242.350,1.600,0.000,0.000,0.0
2010-02-24,04:57:00,0.388,0.112,242.590,1.600,0.000,0.000,1.0
2010-02-24,04:58:00,0.364,0.104,242.020,1.600,0.000,0.000,1.0
2010-02-24,04:59:00,0.382,0.112,242.520,1.600,0.000,0.000,0.0
2010-02-24,05:00:00,0.360,0.104,241.570,1.600,0.000,0.000,1.0
2010-02-24,05:01:00,0.380,0.110,242.080,1.600,0.000,1.000,1.0
2010-02-24,05:02:00,0.362,0.110,243.190,1.600,0.000,0.000,0.0
2010-02-24,05:03:00,0.376,0.110,242.010,1.600,0.000,0.000,1.0
2010-02-24,05:04:00,0.356,0.104,241.970,1.400,0.000,0.000,1.0
2010-02-24,05:05:00,0.374,0.110,242.260,1.600,0.000,0.000,0.0
2010-02-24,05:06:00,0.356,0.106,242.380,1.400,0.000,0.000,1.0
2010-02-24,05:07:00,0.374,0.112,242.690,1.600,0.000,1.000,1.0
2010-02-24,05:08:00,0.354,0.106,242.330,1.400,0.000,0.000,0.0
2010-02-24,05:09:00,0.372,0.112,242.580,1.600,0.000,0.000,1.0
2010-02-24,05:10:00,0.352,0.104,241.880,1.400,0.000,0.000,1.0
2010-02-24,05:11:00,0.368,0.108,241.220,1.600,0.000,0.000,0.0
2010-02-24,05:12:00,0.350,0.104,241.630,1.400,0.000,0.000,1.0
2010-02-24,05:13:00,0.368,0.106,240.940,1.600,0.000,1.000,1.0
2010-02-24,05:14:00,0.358,0.104,241.050,1.600,0.000,0.000,0.0
2010-02-24,05:15:00,0.272,0.000,241.470,1.200,0.000,0.000,1.0
2010-02-24,05:16:00,0.276,0.000,241.880,1.200,0.000,0.000,0.0
2010-02-24,05:17:00,0.260,0.000,242.750,1.000,0.000,0.000,1.0
2010-02-24,05:18:00,0.278,0.000,242.230,1.200,0.000,1.000,1.0
2010-02-24,05:19:00,0.258,0.000,242.720,1.000,0.000,0.000,0.0
2010-02-24,05:20:00,0.278,0.000,242.770,1.200,0.000,0.000,1.0
2010-02-24,05:21:00,0.320,0.000,242.990,1.400,0.000,0.000,1.0
2010-02-24,05:22:00,0.356,0.084,243.300,1.400,0.000,0.000,0.0
2010-02-24,05:23:00,0.334,0.074,241.830,1.400,0.000,0.000,1.0
2010-02-24,05:24:00,0.352,0.078,241.340,1.400,0.000,1.000,1.0
2010-02-24,05:25:00,0.334,0.074,242.150,1.400,0.000,0.000,0.0
2010-02-24,05:26:00,0.350,0.078,241.190,1.400,0.000,0.000,1.0
2010-02-24,05:27:00,0.330,0.074,241.780,1.400,0.000,0.000,1.0
2010-02-24,05:28:00,0.348,0.080,241.790,1.400,0.000,0.000,0.0
2010-02-24,05:29:00,0.328,0.074,241.510,1.400,0.000,0.000,1.0
2010-02-24,05:30:00,0.346,0.078,241.650,1.400,0.000,0.000,1.0
2010-02-24,05:31:00,0.326,0.070,240.660,1.400,0.000,0.000,0.0
2010-02-24,05:32:00,0.320,0.000,240.780,1.400,0.000,1.000,1.0
2010-02-24,05:33:00,0.256,0.000,240.990,1.000,0.000,0.000,1.0
2010-02-24,05:34:00,0.274,0.000,240.300,1.200,0.000,0.000,0.0
2010-02-24,05:35:00,0.254,0.000,240.550,1.000,0.000,0.000,1.0
2010-02-24,05:36:00,0.254,0.000,240.510,1.000,0.000,0.000,1.0
2010-02-24,05:37:00,0.254,0.000,240.110,1.000,0.000,0.000,0.0
2010-02-24,05:38:00,0.254,0.000,240.270,1.000,0.000,0.000,1.0
2010-02-24,05:39:00,0.254,0.000,240.430,1.000,0.000,0.000,1.0
2010-02-24,05:40:00,0.254,0.000,240.540,1.000,0.000,0.000,0.0
2010-02-24,05:41:00,0.256,0.000,241.300,1.000,0.000,0.000,1.0
2010-02-24,05:42:00,0.256,0.000,240.970,1.000,0.000,0.000,1.0
2010-02-24,05:43:00,0.254,0.000,240.070,1.000,0.000,0.000,0.0
2010-02-24,05:44:00,0.254,0.000,240.080,1.000,0.000,0.000,1.0
2010-02-24,05:45:00,0.252,0.000,239.380,1.000,0.000,0.000,0.0
2010-02-24,05:46:00,0.252,0.000,239.550,1.000,0.000,0.000,1.0
2010-02-24,05:47:00,0.310,0.000,239.360,1.400,0.000,0.000,1.0
2010-02-24,05:48:00,0.364,0.096,239.480,1.600,0.000,0.000,0.0
2010-02-24,05:49:00,0.360,0.098,239.690,1.600,0.000,0.000,1.0
2010-02-24,05:50:00,0.358,0.096,239.610,1.600,0.000,0.000,1.0
2010-02-24,05:51:00,0.362,0.100,240.890,1.600,0.000,0.000,0.0
2010-02-24,05:52:00,0.366,0.100,240.850,1.600,0.000,0.000,1.0
2010-02-24,05:53:00,0.362,0.098,240.170,1.600,0.000,0.000,1.0
2010-02-24,05:54:00,0.360,0.098,240.240,1.600,0.000,0.000,0.0
2010-02-24,05:55:00,0.358,0.096,239.690,1.400,0.000,0.000,1.0
2010-02-24,05:56:00,0.356,0.096,239.330,1.400,0.000,0.000,1.0
2010-02-24,05:57:00,0.356,0.098,239.820,1.400,0.000,0.000,0.0
2010-02-24,05:58:00,0.356,0.098,240.210,1.400,0.000,0.000,1.0
2010-02-24,05:59:00,0.356,0.100,241.060,1.400,0.000,0.000,0.0
2010-02-24,06:00:00,0.358,0.102,241.480,1.400,0.000,0.000,1.0
2010-02-24,06:01:00,0.356,0.102,241.420,1.400,0.000,0.000,1.0
2010-02-24,06:02:00,0.356,0.102,241.500,1.400,0.000,0.000,0.0
2010-02-24,06:03:00,0.396,0.098,240.640,1.800,0.000,0.000,1.0
2010-02-24,06:04:00,1.464,0.086,239.560,6.000,0.000,0.000,19.0
2010-02-24,06:05:00,1.466,0.092,241.270,6.000,0.000,0.000,19.0
2010-02-24,06:06:00,1.374,0.000,241.290,5.600,0.000,0.000,19.0
2010-02-24,06:07:00,1.354,0.000,241.710,5.600,0.000,0.000,19.0
2010-02-24,06:08:00,1.346,0.000,241.380,5.400,0.000,0.000,18.0
2010-02-24,06:09:00,1.334,0.000,240.620,5.400,0.000,0.000,19.0
2010-02-24,06:10:00,1.338,0.000,241.090,5.400,0.000,0.000,18.0
2010-02-24,06:11:00,1.338,0.000,241.220,5.400,0.000,0.000,19.0
2010-02-24,06:12:00,1.418,0.000,241.160,5.800,0.000,0.000,18.0
2010-02-24,06:13:00,1.418,0.062,241.840,5.800,0.000,0.000,19.0
2010-02-24,06:14:00,1.414,0.062,241.340,5.800,0.000,0.000,19.0
2010-02-24,06:15:00,1.422,0.064,242.310,5.800,0.000,0.000,18.0
2010-02-24,06:16:00,1.436,0.068,243.630,5.800,0.000,0.000,19.0
2010-02-24,06:17:00,1.436,0.068,243.910,5.800,0.000,0.000,19.0
2010-02-24,06:18:00,1.434,0.068,243.830,5.800,0.000,0.000,19.0
2010-02-24,06:19:00,1.434,0.068,243.940,5.800,0.000,0.000,19.0
2010-02-24,06:20:00,1.420,0.064,242.830,5.800,0.000,0.000,19.0
2010-02-24,06:21:00,1.414,0.062,242.280,5.800,0.000,0.000,18.0
2010-02-24,06:22:00,1.416,0.062,242.410,5.800,0.000,0.000,19.0
2010-02-24,06:23:00,1.408,0.000,243.310,5.800,0.000,0.000,19.0
2010-02-24,06:24:00,1.358,0.000,243.480,5.600,0.000,0.000,19.0
2010-02-24,06:25:00,1.360,0.000,243.600,5.600,0.000,0.000,18.0
2010-02-24,06:26:00,1.364,0.000,244.030,5.600,0.000,0.000,19.0
2010-02-24,06:27:00,1.376,0.000,245.100,5.600,0.000,0.000,19.0
2010-02-24,06:28:00,1.370,0.000,244.520,5.600,0.000,0.000,19.0
2010-02-24,06:29:00,1.372,0.000,244.760,5.600,0.000,0.000,19.0
2010-02-24,06:30:00,1.384,0.000,245.890,5.600,0.000,0.000,20.0
2010-02-24,06:31:00,1.368,0.000,244.310,5.600,0.000,0.000,19.0
2010-02-24,06:32:00,1.370,0.000,244.660,5.600,0.000,0.000,19.0
2010-02-24,06:33:00,1.360,0.000,243.580,5.600,0.000,0.000,18.0
2010-02-24,06:34:00,1.366,0.000,244.110,5.600,0.000,0.000,19.0
2010-02-24,06:35:00,1.382,0.000,245.760,5.600,0.000,0.000,19.0
2010-02-24,06:36:00,1.378,0.000,245.290,5.600,0.000,0.000,20.0
2010-02-24,06:37:00,1.388,0.000,246.230,5.600,0.000,0.000,19.0
2010-02-24,06:38:00,1.436,0.000,245.480,5.800,0.000,0.000,19.0
2010-02-24,06:39:00,1.392,0.106,245.310,5.800,0.000,0.000,19.0
2010-02-24,06:40:00,0.380,0.122,246.670,1.600,0.000,0.000,0.0
2010-02-24,06:41:00,0.376,0.120,246.240,1.600,0.000,0.000,1.0
2010-02-24,06:42:00,0.402,0.154,246.630,1.600,0.000,0.000,1.0
2010-02-24,06:43:00,0.566,0.170,247.220,2.400,0.000,0.000,0.0
2010-02-24,06:44:00,0.696,0.164,246.730,2.800,0.000,0.000,1.0
2010-02-24,06:45:00,0.690,0.160,245.800,2.800,0.000,0.000,1.0
2010-02-24,06:46:00,0.688,0.158,245.450,2.800,0.000,0.000,0.0
2010-02-24,06:47:00,0.774,0.162,245.430,3.600,0.000,0.000,1.0
2010-02-24,06:48:00,2.140,0.164,244.780,9.200,0.000,0.000,1.0
2010-02-24,06:49:00,1.858,0.146,244.530,7.800,0.000,0.000,0.0
2010-02-24,06:50:00,2.508,0.192,244.910,10.600,0.000,0.000,1.0
2010-02-24,06:51:00,2.382,0.174,244.160,10.200,0.000,0.000,1.0
2010-02-24,06:52:00,1.524,0.278,243.290,7.000,0.000,0.000,5.0
2010-02-24,06:53:00,2.800,0.352,241.050,12.000,0.000,0.000,10.0
2010-02-24,06:54:00,3.042,0.336,239.700,13.000,0.000,0.000,10.0
2010-02-24,06:55:00,2.228,0.304,240.150,9.400,0.000,0.000,11.0
2010-02-24,06:56:00,0.768,0.172,241.960,3.400,0.000,0.000,3.0
2010-02-24,06:57:00,0.656,0.146,242.290,2.600,0.000,0.000,0.0
2010-02-24,06:58:00,0.664,0.078,242.490,2.800,0.000,0.000,1.0
2010-02-24,06:59:00,0.622,0.000,242.550,2.600,0.000,0.000,1.0
2010-02-24,07:00:00,0.744,0.110,243.010,3.200,0.000,0.000,0.0
2010-02-24,07:01:00,0.764,0.112,242.880,3.200,0.000,0.000,1.0
2010-02-24,07:02:00,0.750,0.108,241.770,3.200,0.000,0.000,1.0
2010-02-24,07:03:00,0.742,0.110,241.680,3.000,0.000,0.000,0.0
2010-02-24,07:04:00,0.746,0.110,241.430,3.200,0.000,0.000,1.0
2010-02-24,07:05:00,0.742,0.108,240.990,3.000,0.000,0.000,1.0
2010-02-24,07:06:00,0.748,0.110,241.220,3.200,0.000,0.000,0.0
2010-02-24,07:07:00,0.742,0.108,240.560,3.200,0.000,0.000,1.0
2010-02-24,07:08:00,0.734,0.106,240.160,3.000,0.000,0.000,0.0
2010-02-24,07:09:00,0.742,0.106,240.450,3.200,0.000,0.000,1.0
2010-02-24,07:10:00,0.744,0.106,240.210,3.200,0.000,0.000,1.0
2010-02-24,07:11:00,0.748,0.108,241.050,3.200,0.000,0.000,0.0
2010-02-24,07:12:00,0.748,0.110,241.620,3.200,0.000,0.000,1.0
2010-02-24,07:13:00,0.692,0.000,241.630,2.800,0.000,0.000,1.0
2010-02-24,07:14:00,0.676,0.000,241.160,2.800,0.000,0.000,0.0
2010-02-24,07:15:00,0.676,0.000,239.610,2.800,0.000,0.000,1.0
2010-02-24,07:16:00,0.672,0.000,239.780,2.800,0.000,0.000,1.0
2010-02-24,07:17:00,0.672,0.000,240.350,2.800,0.000,0.000,0.0
2010-02-24,07:18:00,0.666,0.000,240.420,2.800,0.000,0.000,1.0
2010-02-24,07:19:00,0.676,0.000,240.960,2.800,0.000,0.000,1.0
2010-02-24,07:20:00,0.676,0.000,240.300,2.800,0.000,0.000,0.0
2010-02-24,07:21:00,0.678,0.000,240.780,2.800,0.000,0.000,1.0
2010-02-24,07:22:00,0.676,0.000,240.950,2.800,0.000,0.000,1.0
2010-02-24,07:23:00,0.670,0.000,240.520,2.800,0.000,0.000,0.0
2010-02-24,07:24:00,0.668,0.000,240.800,2.800,0.000,0.000,1.0
2010-02-24,07:25:00,0.668,0.000,239.960,2.800,0.000,0.000,1.0
2010-02-24,07:26:00,0.662,0.000,239.810,2.800,0.000,0.000,0.0
2010-02-24,07:27:00,0.704,0.000,240.050,3.000,0.000,0.000,1.0
2010-02-24,07:28:00,0.776,0.134,239.580,3.200,0.000,0.000,0.0
2010-02-24,07:29:00,0.772,0.136,239.720,3.200,0.000,0.000,1.0
2010-02-24,07:30:00,0.778,0.136,239.700,3.200,0.000,0.000,1.0
2010-02-24,07:31:00,1.646,0.124,238.750,7.400,0.000,0.000,0.0
2010-02-24,07:32:00,2.218,0.120,238.650,9.200,0.000,0.000,1.0
2010-02-24,07:33:00,1.038,0.134,240.270,4.800,0.000,0.000,1.0
2010-02-24,07:34:00,0.902,0.132,240.140,3.800,0.000,0.000,0.0
2010-02-24,07:35:00,0.822,0.134,240.140,3.400,0.000,0.000,1.0
2010-02-24,07:36:00,0.804,0.128,238.760,3.400,0.000,0.000,1.0
2010-02-24,07:37:00,0.802,0.128,238.750,3.400,0.000,0.000,0.0
2010-02-24,07:38:00,0.766,0.126,237.830,3.200,0.000,0.000,1.0
2010-02-24,07:39:00,1.802,0.126,236.690,7.800,0.000,0.000,12.0
2010-02-24,07:40:00,2.122,0.108,238.260,8.800,0.000,0.000,19.0
2010-02-24,07:41:00,2.114,0.108,238.690,8.800,0.000,0.000,18.0
2010-02-24,07:42:00,2.094,0.106,238.310,8.800,0.000,0.000,19.0
2010-02-24,07:43:00,2.086,0.106,238.120,8.600,0.000,0.000,18.0
2010-02-24,07:44:00,2.072,0.104,237.390,8.600,0.000,0.000,18.0
2010-02-24,07:45:00,2.216,0.104,237.600,9.200,0.000,0.000,18.0
2010-02-24,07:46:00,2.194,0.106,238.150,9.200,0.000,0.000,18.0
2010-02-24,07:47:00,2.156,0.112,238.060,9.000,0.000,0.000,18.0
2010-02-24,07:48:00,1.910,0.000,238.940,8.000,1.000,0.000,18.0
2010-02-24,07:49:00,1.868,0.068,238.690,7.800,1.000,0.000,18.0
2010-02-24,07:50:00,1.706,0.000,239.670,7.000,1.000,0.000,19.0
2010-02-24,07:51:00,1.642,0.000,240.080,6.800,1.000,0.000,18.0
2010-02-24,07:52:00,2.114,0.174,238.610,8.800,2.000,0.000,18.0
2010-02-24,07:53:00,1.950,0.268,239.300,8.200,1.000,0.000,18.0
2010-02-24,07:54:00,1.748,0.266,239.180,7.400,1.000,0.000,18.0
2010-02-24,07:55:00,2.706,0.262,237.830,12.000,1.000,17.000,18.0
2010-02-24,07:56:00,3.606,0.116,237.680,15.000,1.000,36.000,18.0
2010-02-24,07:57:00,3.096,0.124,238.440,13.400,1.000,28.000,18.0
2010-02-24,07:58:00,3.598,0.118,237.670,15.000,1.000,36.000,18.0
2010-02-24,07:59:00,3.092,0.124,238.390,13.400,2.000,27.000,18.0
2010-02-24,08:00:00,3.578,0.120,236.810,15.000,1.000,36.000,18.0
2010-02-24,08:01:00,3.568,0.122,236.490,15.000,1.000,36.000,18.0
2010-02-24,08:02:00,3.548,0.112,236.040,15.000,1.000,35.000,18.0
2010-02-24,08:03:00,3.532,0.116,235.320,15.000,1.000,36.000,17.0
2010-02-24,08:04:00,3.542,0.110,235.820,15.000,1.000,35.000,18.0
2010-02-24,08:05:00,3.524,0.094,235.510,14.800,2.000,36.000,18.0
2010-02-24,08:06:00,3.604,0.000,235.390,15.200,1.000,35.000,17.0
2010-02-24,08:07:00,3.612,0.000,235.770,15.200,0.000,35.000,18.0
2010-02-24,08:08:00,3.594,0.000,235.840,15.200,2.000,36.000,18.0
2010-02-24,08:09:00,5.002,0.000,235.430,21.600,22.000,35.000,17.0
2010-02-24,08:10:00,5.726,0.000,235.140,24.200,37.000,36.000,18.0
2010-02-24,08:11:00,5.678,0.000,234.170,24.200,37.000,35.000,17.0
2010-02-24,08:12:00,5.750,0.082,234.180,24.400,36.000,36.000,18.0
2010-02-24,08:13:00,5.738,0.110,234.060,24.400,37.000,36.000,17.0
2010-02-24,08:14:00,5.720,0.106,233.690,24.400,36.000,36.000,18.0
2010-02-24,08:15:00,4.824,0.182,235.360,20.400,37.000,19.000,20.0
2010-02-24,08:16:00,6.104,0.252,233.730,26.200,36.000,32.000,27.0
2010-02-24,08:17:00,5.986,0.254,233.810,25.600,36.000,32.000,27.0
2010-02-24,08:18:00,5.396,0.316,234.510,23.000,36.000,18.000,28.0
2010-02-24,08:19:00,6.512,0.364,232.680,28.000,36.000,36.000,27.0
2010-02-24,08:20:00,5.308,0.284,235.500,22.600,37.000,21.000,21.0
2010-02-24,08:21:00,5.880,0.228,233.770,25.200,36.000,30.000,17.0
2010-02-24,08:22:00,5.540,0.232,233.630,23.800,36.000,27.000,17.0
2010-02-24,08:23:00,4.570,0.238,234.360,19.600,21.000,23.000,18.0
2010-02-24,08:24:00,3.932,0.246,234.770,16.800,1.000,37.000,17.0
2010-02-24,08:25:00,2.540,0.264,236.590,10.800,1.000,18.000,18.0
2010-02-24,08:26:00,3.478,0.242,233.480,15.000,2.000,33.000,18.0
2010-02-24,08:27:00,2.698,0.290,232.580,11.600,1.000,18.000,17.0
2010-02-24,08:28:00,2.418,0.454,234.710,10.400,1.000,7.000,17.0
2010-02-24,08:29:00,2.334,0.442,234.340,10.000,1.000,5.000,18.0
2010-02-24,08:30:00,2.742,0.444,236.600,11.800,1.000,5.000,18.0
2010-02-24,08:31:00,3.392,0.438,236.780,14.400,1.000,5.000,17.0
2010-02-24,08:32:00,2.944,0.436,236.980,12.600,1.000,4.000,18.0
2010-02-24,08:33:00,3.294,0.434,237.450,14.000,1.000,5.000,18.0
2010-02-24,08:34:00,3.552,0.428,237.170,15.000,2.000,4.000,18.0
2010-02-24,08:35:00,3.588,0.426,237.500,15.200,1.000,5.000,18.0
2010-02-24,08:36:00,3.276,0.384,238.560,13.800,1.000,2.000,18.0
2010-02-24,08:37:00,2.934,0.376,238.500,12.400,1.000,2.000,18.0
2010-02-24,08:38:00,3.040,0.418,238.780,13.000,1.000,1.000,18.0
2010-02-24,08:39:00,2.158,0.428,240.090,9.200,1.000,2.000,18.0
2010-02-24,08:40:00,2.722,0.498,238.040,12.200,2.000,1.000,19.0
2010-02-24,08:41:00,2.332,0.392,240.230,10.200,1.000,2.000,18.0
2010-02-24,08:42:00,1.958,0.230,240.920,8.200,1.000,1.000,18.0
2010-02-24,08:43:00,1.942,0.202,240.550,8.000,1.000,2.000,19.0
2010-02-24,08:44:00,1.928,0.198,240.690,8.000,1.000,1.000,18.0
2010-02-24,08:45:00,1.946,0.202,240.330,8.000,1.000,1.000,18.0
2010-02-24,08:46:00,1.920,0.194,239.820,8.000,1.000,2.000,19.0
2010-02-24,08:47:00,1.942,0.202,240.380,8.000,2.000,1.000,18.0
2010-02-24,08:48:00,1.924,0.198,240.750,8.000,1.000,1.000,18.0
2010-02-24,08:49:00,1.934,0.200,240.500,8.000,1.000,2.000,19.0
2010-02-24,08:50:00,1.912,0.194,240.180,8.000,1.000,1.000,18.0
2010-02-24,08:51:00,1.922,0.196,239.380,8.000,1.000,2.000,18.0
2010-02-24,08:52:00,1.918,0.196,240.710,8.000,1.000,1.000,19.0
2010-02-24,08:53:00,1.672,0.198,239.400,7.000,2.000,1.000,18.0
2010-02-24,08:54:00,1.506,0.196,239.260,6.200,1.000,1.000,18.0
2010-02-24,08:55:00,1.558,0.214,242.330,6.400,1.000,2.000,19.0
2010-02-24,08:56:00,1.528,0.204,241.240,6.400,1.000,1.000,18.0
2010-02-24,08:57:00,1.556,0.214,242.070,6.400,1.000,2.000,19.0
2010-02-24,08:58:00,1.544,0.212,242.890,6.400,1.000,1.000,19.0
2010-02-24,08:59:00,1.556,0.212,242.150,6.400,2.000,1.000,18.0
2010-02-24,09:00:00,1.470,0.102,241.580,6.000,1.000,1.000,19.0
2010-02-24,09:01:00,1.486,0.106,241.310,6.200,1.000,2.000,18.0
2010-02-24,09:02:00,1.460,0.100,240.960,6.000,1.000,1.000,19.0
2010-02-24,09:03:00,1.474,0.104,240.920,6.000,1.000,2.000,18.0
2010-02-24,09:04:00,1.446,0.096,240.200,6.000,1.000,1.000,19.0
2010-02-24,09:05:00,1.476,0.106,240.680,6.000,2.000,1.000,18.0
2010-02-24,09:06:00,1.460,0.102,241.130,6.000,1.000,1.000,18.0
2010-02-24,09:07:00,1.474,0.102,240.660,6.000,1.000,2.000,19.0
2010-02-24,09:08:00,1.456,0.100,241.140,6.000,1.000,1.000,18.0
2010-02-24,09:09:00,1.534,0.168,240.440,6.400,1.000,2.000,19.0
2010-02-24,09:10:00,1.568,0.234,240.650,6.600,1.000,1.000,18.0
2010-02-24,09:11:00,1.568,0.234,240.610,6.600,2.000,1.000,18.0
2010-02-24,09:12:00,1.566,0.234,240.060,6.600,1.000,2.000,19.0
2010-02-24,09:13:00,1.544,0.228,239.600,6.400,1.000,1.000,18.0
2010-02-24,09:14:00,1.574,0.250,240.230,6.600,1.000,1.000,18.0
2010-02-24,09:15:00,1.530,0.268,239.990,6.400,1.000,1.000,19.0
2010-02-24,09:16:00,1.544,0.270,240.920,6.400,1.000,2.000,18.0
2010-02-24,09:17:00,1.532,0.250,240.240,6.400,0.000,1.000,18.0
2010-02-24,09:18:00,1.566,0.240,239.430,6.600,2.000,2.000,19.0
2010-02-24,09:19:00,1.552,0.236,240.370,6.400,1.000,1.000,18.0
2010-02-24,09:20:00,1.566,0.238,240.640,6.600,1.000,1.000,18.0
2010-02-24,09:21:00,1.548,0.234,240.880,6.400,1.000,1.000,19.0
2010-02-24,09:22:00,1.564,0.238,240.760,6.400,1.000,2.000,18.0
2010-02-24,09:23:00,1.548,0.234,240.900,6.400,2.000,1.000,19.0
2010-02-24,09:24:00,1.580,0.246,242.240,6.600,1.000,1.000,18.0
2010-02-24,09:25:00,1.520,0.266,241.300,6.400,0.000,2.000,19.0
2010-02-24,09:26:00,1.540,0.268,240.800,6.400,1.000,1.000,18.0
2010-02-24,09:27:00,1.516,0.260,241.140,6.200,1.000,1.000,19.0
2010-02-24,09:28:00,1.560,0.244,240.140,6.600,1.000,2.000,18.0
2010-02-24,09:29:00,3.544,0.208,238.130,15.000,33.000,1.000,18.0
2010-02-24,09:30:00,3.658,0.098,238.450,15.200,37.000,1.000,18.0
2010-02-24,09:31:00,3.610,0.074,237.920,15.000,38.000,1.000,18.0
2010-02-24,09:32:00,3.626,0.080,237.890,15.200,37.000,2.000,18.0
2010-02-24,09:33:00,3.846,0.150,237.220,16.200,37.000,1.000,22.0
2010-02-24,09:34:00,4.176,0.240,237.240,17.600,37.000,1.000,27.0
2010-02-24,09:35:00,4.216,0.258,236.670,17.800,37.000,2.000,28.0
2010-02-24,09:36:00,4.398,0.328,236.010,18.600,37.000,5.000,27.0
2010-02-24,09:37:00,4.248,0.344,237.130,18.000,37.000,4.000,25.0
2010-02-24,09:38:00,3.824,0.228,236.230,16.200,37.000,5.000,18.0
2010-02-24,09:39:00,3.890,0.246,238.650,16.200,37.000,4.000,18.0
2010-02-24,09:40:00,3.902,0.246,239.270,16.200,38.000,5.000,18.0
2010-02-24,09:41:00,3.884,0.248,238.730,16.200,37.000,4.000,18.0
2010-02-24,09:42:00,3.888,0.244,239.090,16.200,37.000,5.000,19.0
2010-02-24,09:43:00,3.624,0.222,239.010,15.400,36.000,4.000,18.0
2010-02-24,09:44:00,1.478,0.200,241.860,6.000,1.000,1.000,18.0
2010-02-24,09:45:00,1.606,0.202,241.980,6.600,0.000,1.000,19.0
2010-02-24,09:46:00,1.580,0.194,241.350,6.600,0.000,1.000,18.0
2010-02-24,09:47:00,1.624,0.230,242.110,6.600,0.000,2.000,19.0
2010-02-24,09:48:00,1.600,0.218,241.830,6.600,0.000,1.000,18.0
2010-02-24,09:49:00,1.526,0.204,241.830,6.200,0.000,1.000,19.0
2010-02-24,09:50:00,1.456,0.166,242.100,6.000,0.000,1.000,19.0
2010-02-24,09:51:00,1.422,0.098,241.750,5.800,0.000,2.000,18.0
2010-02-24,09:52:00,1.430,0.100,244.050,5.800,0.000,1.000,19.0
2010-02-24,09:53:00,1.452,0.106,244.420,5.800,0.000,1.000,19.0
2010-02-24,09:54:00,1.424,0.098,244.070,5.800,0.000,2.000,19.0
2010-02-24,09:55:00,1.444,0.104,244.360,5.800,0.000,1.000,19.0
2010-02-24,09:56:00,1.430,0.100,244.750,5.800,0.000,1.000,19.0
2010-02-24,09:57:00,1.452,0.106,244.930,5.800,0.000,2.000,19.0
2010-02-24,09:58:00,1.426,0.100,244.290,5.800,0.000,1.000,19.0
2010-02-24,09:59:00,1.430,0.100,242.820,5.800,0.000,1.000,19.0
2010-02-24,10:00:00,1.498,0.174,243.700,6.200,0.000,1.000,18.0
2010-02-24,10:01:00,1.556,0.242,243.960,6.400,0.000,2.000,19.0
2010-02-24,10:02:00,1.530,0.236,243.450,6.200,0.000,1.000,19.0
2010-02-24,10:03:00,1.564,0.248,244.970,6.400,0.000,1.000,19.0
2010-02-24,10:04:00,1.540,0.240,243.900,6.400,0.000,2.000,19.0
2010-02-24,10:05:00,1.532,0.236,243.090,6.200,0.000,1.000,19.0
2010-02-24,10:06:00,1.550,0.244,244.110,6.400,0.000,1.000,19.0
2010-02-24,10:07:00,1.522,0.234,243.460,6.200,0.000,2.000,19.0
2010-02-24,10:08:00,1.536,0.240,243.410,6.400,0.000,1.000,18.0
2010-02-24,10:09:00,1.518,0.236,243.970,6.200,0.000,1.000,19.0
2010-02-24,10:10:00,1.526,0.238,243.120,6.200,0.000,2.000,19.0
2010-02-24,10:11:00,1.500,0.228,242.330,6.200,0.000,1.000,19.0
2010-02-24,10:12:00,1.526,0.238,243.140,6.200,0.000,1.000,18.0
2010-02-24,10:13:00,1.508,0.232,243.180,6.200,0.000,1.000,19.0
2010-02-24,10:14:00,1.534,0.242,243.950,6.200,0.000,2.000,19.0
2010-02-24,10:15:00,1.512,0.232,243.040,6.200,0.000,1.000,19.0
2010-02-24,10:16:00,1.546,0.244,244.450,6.400,0.000,1.000,19.0
2010-02-24,10:17:00,1.528,0.240,244.330,6.200,0.000,1.000,19.0
2010-02-24,10:18:00,1.572,0.282,244.010,6.400,0.000,2.000,19.0
2010-02-24,10:19:00,1.470,0.120,245.090,6.000,0.000,0.000,19.0
2010-02-24,10:20:00,1.442,0.048,245.550,5.800,0.000,0.000,19.0
2010-02-24,10:21:00,1.376,0.000,245.250,5.600,0.000,0.000,19.0
2010-02-24,10:22:00,1.386,0.000,245.100,5.600,0.000,0.000,19.0
2010-02-24,10:23:00,1.364,0.000,244.620,5.400,0.000,0.000,19.0
2010-02-24,10:24:00,1.378,0.000,244.360,5.600,0.000,1.000,19.0
2010-02-24,10:25:00,1.354,0.000,243.790,5.400,0.000,0.000,19.0
2010-02-24,10:26:00,1.372,0.000,243.740,5.600,0.000,0.000,19.0
2010-02-24,10:27:00,1.408,0.000,243.830,5.800,0.000,0.000,19.0
2010-02-24,10:28:00,1.448,0.084,243.730,5.800,0.000,0.000,18.0
2010-02-24,10:29:00,1.436,0.080,244.130,5.800,0.000,0.000,19.0
2010-02-24,10:30:00,1.466,0.086,244.520,6.000,0.000,1.000,19.0
2010-02-24,10:31:00,1.440,0.080,244.180,5.800,0.000,0.000,19.0
2010-02-24,10:32:00,1.464,0.088,244.800,6.000,0.000,0.000,19.0
2010-02-24,10:33:00,1.662,0.078,244.400,6.800,0.000,0.000,19.0
2010-02-24,10:34:00,1.736,0.080,243.690,7.000,0.000,0.000,19.0
2010-02-24,10:35:00,1.736,0.080,244.180,7.000,0.000,0.000,19.0
2010-02-24,10:36:00,1.722,0.076,243.460,7.000,0.000,1.000,19.0
2010-02-24,10:37:00,1.736,0.080,243.850,7.000,0.000,0.000,19.0
2010-02-24,10:38:00,1.722,0.078,244.270,7.000,0.000,0.000,19.0
2010-02-24,10:39:00,1.728,0.080,243.310,7.000,0.000,0.000,18.0
2010-02-24,10:40:00,1.712,0.076,243.600,7.000,0.000,0.000,19.0
2010-02-24,10:41:00,1.692,0.000,244.230,6.800,0.000,0.000,19.0
2010-02-24,10:42:00,1.650,0.000,244.010,6.600,0.000,0.000,19.0
2010-02-24,10:43:00,1.662,0.000,243.530,6.800,0.000,1.000,19.0
2010-02-24,10:44:00,1.646,0.000,243.630,6.600,0.000,0.000,19.0
2010-02-24,10:45:00,1.676,0.000,244.580,6.800,0.000,0.000,19.0
2010-02-24,10:46:00,1.652,0.000,244.120,6.600,0.000,0.000,19.0
2010-02-24,10:47:00,1.660,0.000,243.310,6.800,0.000,0.000,18.0
2010-02-24,10:48:00,1.648,0.000,243.860,6.600,0.000,0.000,19.0
2010-02-24,10:49:00,1.664,0.000,242.720,6.800,0.000,1.000,19.0
2010-02-24,10:50:00,1.690,0.000,243.640,6.800,0.000,0.000,19.0
2010-02-24,10:51:00,1.776,0.114,243.840,7.200,0.000,0.000,19.0
2010-02-24,10:52:00,1.754,0.108,243.760,7.200,0.000,0.000,19.0
2010-02-24,10:53:00,1.780,0.116,244.470,7.200,0.000,0.000,18.0
2010-02-24,10:54:00,1.754,0.108,243.980,7.200,0.000,0.000,19.0
2010-02-24,10:55:00,1.776,0.110,243.670,7.200,0.000,1.000,19.0
2010-02-24,10:56:00,1.750,0.100,243.040,7.200,0.000,0.000,19.0
2010-02-24,10:57:00,1.742,0.098,241.150,7.200,0.000,0.000,18.0
2010-02-24,10:58:00,1.728,0.094,241.480,7.000,0.000,0.000,19.0
2010-02-24,10:59:00,1.718,0.094,239.400,7.200,0.000,0.000,18.0
2010-02-24,11:00:00,1.696,0.088,239.260,7.000,0.000,0.000,18.0
2010-02-24,11:01:00,1.720,0.094,239.580,7.200,0.000,0.000,19.0
2010-02-24,11:02:00,1.684,0.084,238.240,7.000,0.000,0.000,18.0
2010-02-24,11:03:00,1.704,0.090,238.270,7.000,0.000,1.000,18.0
2010-02-24,11:04:00,1.686,0.086,238.350,7.000,0.000,0.000,18.0
2010-02-24,11:05:00,1.688,0.088,237.130,7.000,0.000,0.000,18.0
2010-02-24,11:06:00,1.690,0.088,237.590,7.000,0.000,0.000,18.0
2010-02-24,11:07:00,1.694,0.080,236.580,7.000,0.000,0.000,17.0
2010-02-24,11:08:00,1.770,0.078,235.070,7.400,0.000,1.000,18.0
2010-02-24,11:09:00,1.750,0.074,235.060,7.400,0.000,0.000,17.0
2010-02-24,11:10:00,1.748,0.052,234.940,7.400,0.000,0.000,18.0
2010-02-24,11:11:00,1.694,0.046,237.560,7.000,0.000,0.000,18.0
2010-02-24,11:12:00,1.742,0.000,239.840,7.200,0.000,0.000,18.0
2010-02-24,11:13:00,1.722,0.000,241.190,7.000,0.000,0.000,19.0
2010-02-24,11:14:00,1.716,0.068,240.950,7.000,0.000,1.000,18.0
2010-02-24,11:15:00,1.692,0.062,240.580,7.000,0.000,0.000,18.0
2010-02-24,11:16:00,1.718,0.068,240.880,7.000,0.000,0.000,19.0
2010-02-24,11:17:00,1.704,0.062,240.690,7.000,0.000,0.000,18.0
2010-02-24,11:18:00,1.710,0.064,239.790,7.000,0.000,0.000,19.0
2010-02-24,11:19:00,1.694,0.060,240.020,7.000,0.000,0.000,18.0
2010-02-24,11:20:00,1.716,0.066,240.340,7.000,0.000,1.000,18.0
2010-02-24,11:21:00,1.700,0.062,240.810,7.000,0.000,0.000,19.0
2010-02-24,11:22:00,1.718,0.066,240.810,7.000,0.000,0.000,18.0
2010-02-24,11:23:00,1.700,0.062,241.120,7.000,0.000,0.000,19.0
2010-02-24,11:24:00,1.726,0.068,241.610,7.000,0.000,0.000,18.0
2010-02-24,11:25:00,1.700,0.062,241.190,7.000,0.000,0.000,19.0
2010-02-24,11:26:00,1.720,0.068,241.310,7.000,0.000,0.000,18.0
2010-02-24,11:27:00,1.700,0.064,241.930,7.000,0.000,0.000,19.0
2010-02-24,11:28:00,1.642,0.000,241.110,6.800,0.000,1.000,18.0
2010-02-24,11:29:00,1.624,0.000,241.550,6.600,0.000,0.000,19.0
2010-02-24,11:30:00,1.644,0.000,241.730,6.800,0.000,0.000,18.0
2010-02-24,11:31:00,1.680,0.000,241.640,6.800,0.000,0.000,19.0
2010-02-24,11:32:00,1.704,0.000,241.650,7.000,0.000,0.000,18.0
2010-02-24,11:33:00,1.698,0.046,241.190,7.000,0.000,0.000,19.0
2010-02-24,11:34:00,1.800,0.000,240.550,7.400,0.000,1.000,18.0
2010-02-24,11:35:00,1.792,0.048,240.950,7.400,0.000,0.000,19.0
2010-02-24,11:36:00,1.802,0.000,241.090,7.400,0.000,0.000,18.0
2010-02-24,11:37:00,1.806,0.000,241.220,7.400,0.000,0.000,18.0
2010-02-24,11:38:00,1.794,0.046,241.540,7.400,0.000,0.000,19.0
2010-02-24,11:39:00,1.822,0.000,241.640,7.400,0.000,1.000,19.0
2010-02-24,11:40:00,1.822,0.000,241.710,7.400,0.000,0.000,18.0
2010-02-24,11:41:00,1.914,0.088,240.700,7.800,0.000,0.000,18.0
2010-02-24,11:42:00,1.888,0.082,240.330,7.800,0.000,0.000,19.0
2010-02-24,11:43:00,2.348,0.238,240.780,9.800,0.000,0.000,25.0
2010-02-24,11:44:00,2.456,0.262,240.340,10.200,0.000,0.000,28.0
2010-02-24,11:45:00,2.498,0.268,240.550,10.400,0.000,0.000,28.0
2010-02-24,11:46:00,2.490,0.266,240.750,10.400,0.000,0.000,29.0
2010-02-24,11:47:00,2.020,0.126,241.500,8.400,0.000,1.000,21.0
2010-02-24,11:48:00,1.894,0.088,241.930,7.800,0.000,0.000,18.0
2010-02-24,11:49:00,1.912,0.094,241.680,7.800,0.000,0.000,19.0
2010-02-24,11:50:00,1.894,0.090,241.780,7.800,0.000,0.000,19.0
2010-02-24,11:51:00,1.908,0.098,242.090,7.800,0.000,0.000,18.0
2010-02-24,11:52:00,1.890,0.094,242.150,7.800,0.000,0.000,19.0
2010-02-24,11:53:00,1.918,0.100,242.510,7.800,0.000,1.000,18.0
2010-02-24,11:54:00,1.898,0.092,242.420,7.800,0.000,0.000,19.0
2010-02-24,11:55:00,1.796,0.098,241.530,7.400,0.000,0.000,19.0
2010-02-24,11:56:00,1.782,0.092,241.920,7.400,0.000,0.000,18.0
2010-02-24,11:57:00,1.792,0.096,241.510,7.400,0.000,0.000,19.0
2010-02-24,11:58:00,1.752,0.092,241.470,7.200,0.000,0.000,18.0
2010-02-24,11:59:00,1.760,0.100,241.330,7.200,0.000,1.000,19.0
2010-02-24,12:00:00,1.780,0.122,240.500,7.400,0.000,0.000,18.0
2010-02-24,12:01:00,1.926,0.166,241.800,8.000,0.000,0.000,19.0
2010-02-24,12:02:00,1.892,0.150,240.780,7.800,0.000,0.000,18.0
2010-02-24,12:03:00,1.980,0.150,241.700,8.200,0.000,0.000,19.0
2010-02-24,12:04:00,1.952,0.138,241.210,8.000,0.000,0.000,18.0
2010-02-24,12:05:00,2.014,0.198,240.690,8.400,0.000,1.000,19.0
2010-02-24,12:06:00,2.016,0.236,240.500,8.400,0.000,0.000,18.0
2010-02-24,12:07:00,2.000,0.232,239.500,8.400,0.000,0.000,18.0
2010-02-24,12:08:00,2.020,0.232,240.090,8.400,0.000,0.000,18.0
2010-02-24,12:09:00,2.010,0.228,240.920,8.400,0.000,0.000,19.0
2010-02-24,12:10:00,2.020,0.230,240.390,8.400,0.000,0.000,18.0
2010-02-24,12:11:00,2.006,0.224,240.830,8.200,0.000,0.000,19.0
2010-02-24,12:12:00,2.016,0.228,240.420,8.400,0.000,1.000,18.0
2010-02-24,12:13:00,2.002,0.226,241.330,8.200,0.000,0.000,19.0
2010-02-24,12:14:00,2.740,0.428,240.780,12.000,0.000,0.000,18.0
2010-02-24,12:15:00,3.536,0.554,239.530,15.000,0.000,0.000,18.0
2010-02-24,12:16:00,2.728,0.382,241.010,11.800,0.000,0.000,19.0
2010-02-24,12:17:00,2.382,0.356,241.130,10.200,0.000,0.000,18.0
2010-02-24,12:18:00,2.566,0.398,240.810,11.200,0.000,1.000,18.0
2010-02-24,12:19:00,1.676,0.228,242.310,7.000,0.000,0.000,19.0
2010-02-24,12:20:00,1.546,0.110,242.490,6.400,0.000,0.000,19.0
2010-02-24,12:21:00,1.496,0.080,242.430,6.200,0.000,0.000,18.0
2010-02-24,12:22:00,1.544,0.080,242.580,6.400,0.000,0.000,19.0
2010-02-24,12:23:00,1.522,0.086,242.640,6.200,0.000,0.000,19.0
2010-02-24,12:24:00,1.542,0.080,243.060,6.400,0.000,1.000,19.0
2010-02-24,12:25:00,1.508,0.086,241.870,6.200,0.000,0.000,18.0
2010-02-24,12:26:00,1.524,0.080,242.200,6.200,0.000,0.000,19.0
2010-02-24,12:27:00,1.510,0.086,242.490,6.200,0.000,0.000,19.0
2010-02-24,12:28:00,1.532,0.080,242.770,6.200,0.000,0.000,18.0
2010-02-24,12:29:00,1.512,0.084,242.930,6.200,0.000,0.000,19.0
2010-02-24,12:30:00,1.526,0.080,242.370,6.200,0.000,1.000,19.0
2010-02-24,12:31:00,1.622,0.000,242.230,6.600,0.000,0.000,18.0
2010-02-24,12:32:00,1.632,0.054,241.580,6.600,0.000,0.000,19.0
2010-02-24,12:33:00,1.606,0.048,241.370,6.600,0.000,0.000,18.0
2010-02-24,12:34:00,2.024,0.186,241.660,8.400,0.000,0.000,25.0
2010-02-24,12:35:00,2.190,0.230,241.390,9.000,0.000,0.000,28.0
2010-02-24,12:36:00,2.232,0.244,242.340,9.200,0.000,0.000,29.0
2010-02-24,12:37:00,2.234,0.244,242.620,9.200,0.000,0.000,29.0
2010-02-24,12:38:00,1.650,0.066,242.100,6.800,0.000,1.000,20.0
2010-02-24,12:39:00,1.626,0.058,243.090,6.600,0.000,0.000,19.0
2010-02-24,12:40:00,1.610,0.054,243.250,6.600,0.000,0.000,18.0
2010-02-24,12:41:00,1.628,0.060,243.560,6.600,0.000,0.000,19.0
2010-02-24,12:42:00,1.616,0.056,244.050,6.600,0.000,0.000,19.0
2010-02-24,12:43:00,1.618,0.056,242.580,6.600,0.000,1.000,19.0
2010-02-24,12:44:00,1.590,0.050,241.870,6.600,0.000,0.000,18.0
2010-02-24,12:45:00,1.608,0.054,241.980,6.600,0.000,0.000,19.0
2010-02-24,12:46:00,1.648,0.046,241.360,6.800,0.000,0.000,18.0
2010-02-24,12:47:00,1.626,0.058,242.830,6.600,0.000,0.000,19.0
2010-02-24,12:48:00,1.606,0.054,243.320,6.600,0.000,0.000,19.0
2010-02-24,12:49:00,1.618,0.058,242.870,6.600,0.000,1.000,19.0
2010-02-24,12:50:00,1.524,0.080,242.960,6.200,0.000,0.000,18.0
2010-02-24,12:51:00,1.472,0.000,241.770,6.000,0.000,0.000,19.0
2010-02-24,12:52:00,1.478,0.000,242.140,6.000,0.000,0.000,19.0
2010-02-24,12:53:00,1.492,0.000,242.670,6.000,0.000,0.000,18.0
2010-02-24,12:54:00,1.540,0.000,241.730,6.400,0.000,0.000,19.0
2010-02-24,12:55:00,1.672,0.000,242.130,6.800,0.000,1.000,19.0
2010-02-24,12:56:00,1.656,0.000,243.370,6.800,0.000,0.000,18.0
2010-02-24,12:57:00,1.662,0.000,242.500,6.800,0.000,0.000,19.0
2010-02-24,12:58:00,1.690,0.000,243.550,6.800,0.000,0.000,19.0
2010-02-24,12:59:00,1.740,0.074,242.690,7.200,0.000,0.000,19.0
2010-02-24,13:00:00,1.730,0.070,243.510,7.000,0.000,0.000,18.0
2010-02-24,13:01:00,1.758,0.076,243.890,7.200,0.000,1.000,19.0
2010-02-24,13:02:00,1.732,0.070,243.280,7.000,0.000,0.000,19.0
2010-02-24,13:03:00,2.480,0.068,242.460,10.400,0.000,0.000,19.0
2010-02-24,13:04:00,2.104,0.064,243.010,9.000,0.000,0.000,18.0
2010-02-24,13:05:00,1.740,0.072,242.860,7.000,0.000,0.000,19.0
2010-02-24,13:06:00,1.734,0.070,243.870,7.000,0.000,0.000,19.0
2010-02-24,13:07:00,1.742,0.074,243.980,7.000,0.000,0.000,19.0
2010-02-24,13:08:00,1.744,0.074,244.130,7.000,0.000,1.000,19.0
2010-02-24,13:09:00,1.726,0.068,243.870,7.000,0.000,0.000,19.0
2010-02-24,13:10:00,1.732,0.072,243.220,7.000,0.000,0.000,19.0
2010-02-24,13:11:00,1.722,0.068,243.850,7.000,0.000,0.000,18.0
2010-02-24,13:12:00,1.678,0.000,243.730,6.800,0.000,0.000,19.0
2010-02-24,13:13:00,1.662,0.000,244.510,6.800,0.000,0.000,19.0
2010-02-24,13:14:00,1.676,0.000,244.170,6.800,0.000,1.000,19.0
2010-02-24,13:15:00,1.648,0.000,243.380,6.600,0.000,0.000,19.0
2010-02-24,13:16:00,1.670,0.000,243.420,6.800,0.000,0.000,19.0
2010-02-24,13:17:00,1.616,0.000,243.090,6.600,0.000,0.000,19.0
2010-02-24,13:18:00,1.386,0.000,243.930,5.600,0.000,0.000,19.0
2010-02-24,13:19:00,1.380,0.000,245.310,5.600,0.000,0.000,19.0
2010-02-24,13:20:00,1.392,0.000,244.900,5.600,0.000,1.000,19.0
2010-02-24,13:21:00,1.442,0.046,245.130,5.800,0.000,0.000,19.0
2010-02-24,13:22:00,1.494,0.114,244.640,6.000,0.000,0.000,19.0
2010-02-24,13:23:00,1.464,0.106,243.890,6.000,0.000,0.000,19.0
2010-02-24,13:24:00,1.520,0.112,244.120,6.200,0.000,0.000,19.0
2010-02-24,13:25:00,1.496,0.108,244.630,6.000,0.000,0.000,19.0
2010-02-24,13:26:00,1.492,0.116,245.140,6.000,0.000,1.000,19.0
2010-02-24,13:27:00,1.480,0.112,245.880,6.000,0.000,0.000,19.0
2010-02-24,13:28:00,1.488,0.116,244.980,6.000,0.000,0.000,19.0
2010-02-24,13:29:00,1.464,0.110,244.670,6.000,0.000,0.000,19.0
2010-02-24,13:30:00,1.478,0.114,244.280,6.000,0.000,0.000,19.0
2010-02-24,13:31:00,1.454,0.106,243.630,6.000,0.000,0.000,19.0
2010-02-24,13:32:00,1.486,0.116,244.660,6.000,0.000,1.000,19.0
2010-02-24,13:33:00,1.474,0.112,245.250,6.000,0.000,0.000,19.0
2010-02-24,13:34:00,1.486,0.116,244.930,6.000,0.000,0.000,19.0
2010-02-24,13:35:00,1.460,0.110,244.780,5.800,0.000,0.000,19.0
2010-02-24,13:36:00,1.472,0.112,244.270,6.000,0.000,0.000,19.0
2010-02-24,13:37:00,1.476,0.114,245.670,6.000,0.000,0.000,19.0
2010-02-24,13:38:00,1.482,0.116,245.830,6.000,0.000,1.000,19.0
2010-02-24,13:39:00,1.488,0.118,245.710,6.000,0.000,0.000,19.0
2010-02-24,13:40:00,1.458,0.110,245.060,5.800,0.000,0.000,19.0
2010-02-24,13:41:00,1.410,0.000,244.320,5.800,0.000,0.000,19.0
2010-02-24,13:42:00,1.346,0.000,243.260,5.400,0.000,0.000,19.0
2010-02-24,13:43:00,1.350,0.000,241.960,5.600,0.000,0.000,19.0
2010-02-24,13:44:00,1.330,0.000,241.740,5.400,0.000,0.000,18.0
2010-02-24,13:45:00,1.358,0.000,242.690,5.600,0.000,1.000,19.0
2010-02-24,13:46:00,1.340,0.000,242.330,5.400,0.000,0.000,19.0
2010-02-24,13:47:00,1.364,0.000,242.480,5.600,0.000,0.000,18.0
2010-02-24,13:48:00,1.346,0.000,242.570,5.400,0.000,0.000,19.0
2010-02-24,13:49:00,1.344,0.000,241.310,5.600,0.000,0.000,18.0
2010-02-24,13:50:00,1.376,0.000,241.660,5.600,0.000,0.000,19.0
2010-02-24,13:51:00,1.420,0.072,241.280,5.800,0.000,1.000,18.0
2010-02-24,13:52:00,1.390,0.064,240.220,5.800,0.000,0.000,19.0
2010-02-24,13:53:00,1.426,0.074,241.950,5.800,0.000,0.000,18.0
2010-02-24,13:54:00,1.400,0.068,241.330,5.800,0.000,0.000,19.0
2010-02-24,13:55:00,1.418,0.074,241.430,5.800,0.000,0.000,18.0
2010-02-24,13:56:00,1.398,0.068,241.420,5.800,0.000,0.000,19.0
2010-02-24,13:57:00,1.414,0.074,241.310,5.800,0.000,1.000,18.0
2010-02-24,13:58:00,1.402,0.070,242.030,5.800,0.000,0.000,19.0
2010-02-24,13:59:00,1.420,0.076,241.970,5.800,0.000,0.000,18.0
2010-02-24,14:00:00,1.398,0.068,241.670,5.800,0.000,0.000,19.0
2010-02-24,14:01:00,1.420,0.074,242.030,5.800,0.000,0.000,19.0
2010-02-24,14:02:00,1.388,0.066,240.840,5.600,0.000,0.000,18.0
2010-02-24,14:03:00,1.398,0.062,240.760,5.800,0.000,1.000,18.0
2010-02-24,14:04:00,1.322,0.000,241.000,5.400,0.000,0.000,19.0
2010-02-24,14:05:00,1.334,0.000,240.330,5.400,0.000,0.000,18.0
2010-02-24,14:06:00,1.324,0.000,241.270,5.400,0.000,0.000,19.0
2010-02-24,14:07:00,1.338,0.000,240.680,5.400,0.000,0.000,18.0
2010-02-24,14:08:00,1.332,0.000,240.930,5.400,0.000,0.000,19.0
2010-02-24,14:09:00,1.330,0.000,241.060,5.400,0.000,1.000,18.0
2010-02-24,14:10:00,1.356,0.000,240.500,5.600,0.000,0.000,18.0
2010-02-24,14:11:00,1.496,0.172,242.430,6.200,0.000,2.000,19.0
2010-02-24,14:12:00,1.552,0.236,243.140,6.400,0.000,1.000,19.0
2010-02-24,14:13:00,1.534,0.232,243.520,6.200,0.000,2.000,19.0
2010-02-24,14:14:00,1.548,0.234,243.170,6.400,0.000,1.000,18.0
2010-02-24,14:15:00,1.524,0.228,242.830,6.200,0.000,2.000,19.0
2010-02-24,14:16:00,1.550,0.236,243.480,6.400,0.000,1.000,19.0
2010-02-24,14:17:00,1.650,0.278,243.330,6.800,0.000,2.000,20.0
2010-02-24,14:18:00,2.112,0.426,242.700,8.800,0.000,1.000,28.0
2010-02-24,14:19:00,2.120,0.430,243.380,8.800,0.000,2.000,29.0
2010-02-24,14:20:00,2.136,0.418,242.070,9.000,0.000,1.000,29.0
2010-02-24,14:21:00,1.806,0.316,241.830,7.600,0.000,2.000,24.0
2010-02-24,14:22:00,1.536,0.234,242.850,6.400,0.000,2.000,19.0
2010-02-24,14:23:00,1.512,0.226,242.370,6.200,0.000,1.000,18.0
2010-02-24,14:24:00,1.542,0.238,243.390,6.400,0.000,2.000,19.0
2010-02-24,14:25:00,1.524,0.232,243.570,6.200,0.000,1.000,19.0
2010-02-24,14:26:00,1.542,0.236,243.540,6.400,0.000,2.000,19.0
2010-02-24,14:27:00,1.524,0.232,243.550,6.200,0.000,1.000,19.0
2010-02-24,14:28:00,1.540,0.236,243.420,6.400,0.000,2.000,18.0
2010-02-24,14:29:00,1.520,0.230,243.450,6.200,0.000,1.000,19.0
2010-02-24,14:30:00,1.532,0.234,242.980,6.400,0.000,2.000,19.0
2010-02-24,14:31:00,1.474,0.164,243.420,6.000,0.000,1.000,19.0
2010-02-24,14:32:00,1.442,0.096,243.420,5.800,0.000,2.000,19.0
2010-02-24,14:33:00,1.416,0.090,242.820,5.800,0.000,1.000,18.0
2010-02-24,14:34:00,1.432,0.094,242.650,5.800,0.000,2.000,19.0
2010-02-24,14:35:00,1.424,0.092,243.630,5.800,0.000,1.000,19.0
2010-02-24,14:36:00,1.432,0.094,242.720,5.800,0.000,2.000,19.0
2010-02-24,14:37:00,1.422,0.092,243.500,5.800,0.000,1.000,18.0
2010-02-24,14:38:00,1.444,0.098,243.860,5.800,0.000,1.000,19.0
2010-02-24,14:39:00,1.436,0.096,243.430,5.800,0.000,2.000,19.0
2010-02-24,14:40:00,1.430,0.094,243.980,5.800,0.000,1.000,19.0
2010-02-24,14:41:00,1.434,0.096,243.090,5.800,0.000,2.000,19.0
2010-02-24,14:42:00,1.470,0.138,243.440,6.000,0.000,1.000,18.0
2010-02-24,14:43:00,1.516,0.204,243.670,6.200,0.000,1.000,19.0
2010-02-24,14:44:00,1.486,0.194,242.680,6.000,0.000,2.000,19.0
2010-02-24,14:45:00,1.502,0.198,242.350,6.200,0.000,1.000,19.0
2010-02-24,14:46:00,1.478,0.192,242.000,6.000,0.000,1.000,18.0
2010-02-24,14:47:00,1.502,0.200,242.660,6.200,0.000,2.000,19.0
2010-02-24,14:48:00,1.484,0.196,242.880,6.000,0.000,1.000,19.0
2010-02-24,14:49:00,1.504,0.202,243.130,6.200,0.000,2.000,18.0
2010-02-24,14:50:00,1.492,0.200,243.920,6.000,0.000,1.000,19.0
2010-02-24,14:51:00,1.502,0.202,243.020,6.200,0.000,1.000,19.0
2010-02-24,14:52:00,1.486,0.198,243.430,6.000,0.000,2.000,19.0
2010-02-24,14:53:00,1.500,0.202,243.100,6.200,0.000,1.000,19.0
2010-02-24,14:54:00,1.480,0.196,242.930,6.000,0.000,1.000,18.0
2010-02-24,14:55:00,1.470,0.146,243.640,6.000,0.000,2.000,19.0
2010-02-24,14:56:00,1.420,0.092,243.730,5.800,0.000,1.000,19.0
2010-02-24,14:57:00,1.438,0.096,243.540,5.800,0.000,1.000,19.0
2010-02-24,14:58:00,1.418,0.092,243.520,5.800,0.000,2.000,19.0
2010-02-24,14:59:00,1.432,0.096,243.120,5.800,0.000,1.000,18.0
2010-02-24,15:00:00,1.418,0.090,243.460,5.800,0.000,1.000,19.0
2010-02-24,15:01:00,1.474,0.122,243.670,6.000,0.000,2.000,19.0
2010-02-24,15:02:00,1.532,0.230,243.370,6.200,0.000,1.000,19.0
2010-02-24,15:03:00,1.554,0.236,243.720,6.400,0.000,1.000,19.0
2010-02-24,15:04:00,1.526,0.228,243.280,6.200,0.000,2.000,19.0
2010-02-24,15:05:00,1.540,0.232,242.940,6.400,0.000,1.000,18.0
2010-02-24,15:06:00,1.518,0.226,242.760,6.200,0.000,1.000,19.0
2010-02-24,15:07:00,1.532,0.230,242.490,6.400,0.000,2.000,19.0
2010-02-24,15:08:00,1.526,0.230,243.280,6.200,0.000,1.000,19.0
2010-02-24,15:09:00,1.530,0.232,243.050,6.200,0.000,1.000,18.0
2010-02-24,15:10:00,1.538,0.234,243.430,6.400,0.000,2.000,19.0
2010-02-24,15:11:00,1.518,0.230,243.390,6.200,0.000,1.000,19.0
2010-02-24,15:12:00,1.526,0.230,242.520,6.200,0.000,2.000,19.0
2010-02-24,15:13:00,1.508,0.226,242.710,6.200,0.000,1.000,18.0
2010-02-24,15:14:00,1.522,0.228,242.230,6.200,0.000,1.000,19.0
2010-02-24,15:15:00,1.506,0.226,242.670,6.200,0.000,1.000,19.0
2010-02-24,15:16:00,1.530,0.232,243.090,6.200,0.000,2.000,18.0
2010-02-24,15:17:00,1.504,0.224,242.570,6.200,0.000,1.000,19.0
2010-02-24,15:18:00,1.522,0.228,242.410,6.200,0.000,1.000,19.0
2010-02-24,15:19:00,1.506,0.226,242.770,6.200,0.000,2.000,18.0
2010-02-24,15:20:00,1.520,0.230,242.410,6.200,0.000,1.000,19.0
2010-02-24,15:21:00,1.482,0.198,242.310,6.000,0.000,1.000,19.0
2010-02-24,15:22:00,1.426,0.092,242.260,5.800,0.000,2.000,18.0
2010-02-24,15:23:00,1.408,0.086,242.320,5.800,0.000,1.000,19.0
2010-02-24,15:24:00,1.422,0.090,241.780,5.800,0.000,1.000,19.0
2010-02-24,15:25:00,1.398,0.084,241.370,5.800,0.000,1.000,18.0
2010-02-24,15:26:00,1.424,0.090,241.970,5.800,0.000,2.000,19.0
2010-02-24,15:27:00,1.418,0.090,243.150,5.800,0.000,1.000,18.0
2010-02-24,15:28:00,1.432,0.094,242.770,5.800,0.000,2.000,19.0
2010-02-24,15:29:00,1.410,0.088,242.520,5.800,0.000,1.000,19.0
2010-02-24,15:30:00,1.426,0.092,242.500,5.800,0.000,1.000,18.0
2010-02-24,15:31:00,1.402,0.086,242.510,5.800,0.000,1.000,19.0
2010-02-24,15:32:00,1.420,0.092,242.370,5.800,0.000,2.000,19.0
2010-02-24,15:33:00,1.406,0.088,242.720,5.800,0.000,1.000,18.0
2010-02-24,15:34:00,1.476,0.144,242.610,6.000,0.000,1.000,19.0
2010-02-24,15:35:00,1.488,0.196,243.310,6.000,0.000,2.000,19.0
2010-02-24,15:36:00,1.504,0.200,242.960,6.200,0.000,1.000,19.0
2010-02-24,15:37:00,1.484,0.196,243.110,6.000,0.000,1.000,19.0
2010-02-24,15:38:00,1.516,0.204,243.770,6.200,0.000,2.000,18.0
2010-02-24,15:39:00,1.506,0.200,243.690,6.200,0.000,1.000,19.0
2010-02-24,15:40:00,1.508,0.204,244.050,6.200,0.000,1.000,19.0
2010-02-24,15:41:00,1.484,0.196,243.180,6.000,0.000,1.000,19.0
2010-02-24,15:42:00,1.476,0.194,242.860,6.000,0.000,1.000,19.0
2010-02-24,15:43:00,1.482,0.196,243.450,6.000,0.000,2.000,18.0
2010-02-24,15:44:00,1.476,0.194,243.060,6.000,0.000,1.000,19.0
2010-02-24,15:45:00,1.482,0.198,243.530,6.000,0.000,1.000,19.0
2010-02-24,15:46:00,1.480,0.196,243.390,6.000,0.000,1.000,19.0
2010-02-24,15:47:00,1.454,0.158,243.320,6.000,0.000,1.000,19.0
2010-02-24,15:48:00,1.376,0.000,244.230,5.600,0.000,1.000,19.0
2010-02-24,15:49:00,1.352,0.000,243.960,5.400,0.000,0.000,18.0
2010-02-24,15:50:00,1.348,0.000,243.620,5.400,0.000,0.000,19.0
2010-02-24,15:51:00,1.346,0.000,243.370,5.400,0.000,0.000,19.0
2010-02-24,15:52:00,1.436,0.068,242.940,5.800,0.000,0.000,19.0
2010-02-24,15:53:00,1.474,0.110,245.000,6.000,0.000,0.000,19.0
2010-02-24,15:54:00,1.466,0.108,244.730,6.000,0.000,0.000,19.0
2010-02-24,15:55:00,1.464,0.108,244.490,6.000,0.000,0.000,19.0
2010-02-24,15:56:00,1.456,0.106,244.070,6.000,0.000,0.000,19.0
2010-02-24,15:57:00,1.448,0.104,243.310,5.800,0.000,0.000,19.0
2010-02-24,15:58:00,1.448,0.104,243.510,5.800,0.000,0.000,18.0
2010-02-24,15:59:00,1.440,0.102,242.850,5.800,0.000,0.000,19.0
2010-02-24,16:00:00,1.440,0.102,243.000,5.800,0.000,0.000,19.0
2010-02-24,16:01:00,1.440,0.102,243.070,5.800,0.000,0.000,19.0
2010-02-24,16:02:00,1.434,0.100,242.570,5.800,0.000,0.000,18.0
2010-02-24,16:03:00,1.434,0.102,242.680,5.800,0.000,0.000,19.0
2010-02-24,16:04:00,1.440,0.104,243.160,5.800,0.000,0.000,19.0
2010-02-24,16:05:00,1.424,0.098,241.900,5.800,0.000,0.000,18.0
2010-02-24,16:06:00,1.430,0.100,242.310,5.800,0.000,0.000,19.0
2010-02-24,16:07:00,1.430,0.100,242.330,5.800,0.000,0.000,19.0
2010-02-24,16:08:00,1.428,0.100,242.210,5.800,0.000,0.000,18.0
2010-02-24,16:09:00,1.446,0.106,243.800,5.800,0.000,0.000,19.0
2010-02-24,16:10:00,1.432,0.102,242.760,5.800,0.000,0.000,19.0
2010-02-24,16:11:00,1.424,0.100,241.980,5.800,0.000,0.000,18.0
2010-02-24,16:12:00,1.364,0.000,241.650,5.600,0.000,0.000,19.0
2010-02-24,16:13:00,1.336,0.000,242.270,5.400,0.000,0.000,19.0
2010-02-24,16:14:00,1.346,0.000,243.300,5.400,0.000,0.000,18.0
2010-02-24,16:15:00,1.344,0.000,243.040,5.400,0.000,0.000,19.0
2010-02-24,16:16:00,1.340,0.000,242.740,5.400,0.000,0.000,19.0
2010-02-24,16:17:00,1.342,0.000,242.910,5.400,0.000,0.000,19.0
2010-02-24,16:18:00,1.338,0.000,242.490,5.400,0.000,0.000,18.0
2010-02-24,16:19:00,1.348,0.000,243.340,5.400,0.000,0.000,19.0
2010-02-24,16:20:00,1.350,0.000,243.640,5.400,0.000,0.000,19.0
2010-02-24,16:21:00,1.344,0.000,243.140,5.400,0.000,0.000,19.0
2010-02-24,16:22:00,1.348,0.000,243.500,5.400,0.000,0.000,18.0
2010-02-24,16:23:00,1.344,0.000,243.030,5.400,0.000,0.000,19.0
2010-02-24,16:24:00,1.336,0.000,242.220,5.400,0.000,0.000,19.0
2010-02-24,16:25:00,1.334,0.000,242.110,5.400,0.000,0.000,18.0
2010-02-24,16:26:00,1.356,0.000,240.970,5.600,0.000,0.000,19.0
2010-02-24,16:27:00,1.402,0.066,241.380,5.800,0.000,0.000,18.0
2010-02-24,16:28:00,1.406,0.068,241.750,5.800,0.000,0.000,19.0
2010-02-24,16:29:00,1.402,0.066,241.360,5.800,0.000,0.000,18.0
2010-02-24,16:30:00,1.410,0.068,242.130,5.800,0.000,0.000,19.0
2010-02-24,16:31:00,1.402,0.068,241.560,5.800,0.000,0.000,19.0
2010-02-24,16:32:00,1.400,0.066,241.490,5.800,0.000,0.000,18.0
2010-02-24,16:33:00,1.392,0.066,240.910,5.800,0.000,0.000,19.0
2010-02-24,16:34:00,1.394,0.066,241.200,5.800,0.000,0.000,18.0
2010-02-24,16:35:00,1.400,0.068,241.880,5.800,0.000,0.000,19.0
2010-02-24,16:36:00,1.400,0.068,241.810,5.800,0.000,0.000,18.0
2010-02-24,16:37:00,1.404,0.070,242.210,5.800,0.000,0.000,19.0
2010-02-24,16:38:00,1.408,0.070,242.640,5.800,0.000,0.000,18.0
2010-02-24,16:39:00,1.394,0.050,242.580,5.600,0.000,0.000,19.0
2010-02-24,16:40:00,1.338,0.000,242.480,5.400,0.000,0.000,19.0
2010-02-24,16:41:00,1.334,0.000,242.040,5.400,0.000,0.000,18.0
2010-02-24,16:42:00,1.406,0.000,241.500,5.800,0.000,0.000,19.0
2010-02-24,16:43:00,1.448,0.102,242.560,6.000,0.000,0.000,19.0
2010-02-24,16:44:00,1.442,0.102,242.380,5.800,0.000,0.000,18.0
2010-02-24,16:45:00,1.452,0.104,243.300,6.000,0.000,0.000,19.0
2010-02-24,16:46:00,1.442,0.102,242.660,5.800,0.000,0.000,19.0
2010-02-24,16:47:00,1.650,0.178,241.940,7.000,0.000,0.000,22.0
2010-02-24,16:48:00,1.994,0.288,241.580,8.200,0.000,0.000,27.0
2010-02-24,16:49:00,2.012,0.282,241.400,8.400,0.000,0.000,29.0
2010-02-24,16:50:00,2.036,0.286,241.910,8.400,0.000,0.000,28.0
2010-02-24,16:51:00,1.570,0.140,241.920,6.600,0.000,0.000,22.0
2010-02-24,16:52:00,1.428,0.100,241.940,5.800,0.000,0.000,18.0
2010-02-24,16:53:00,1.436,0.102,242.850,5.800,0.000,0.000,19.0
2010-02-24,16:54:00,1.418,0.096,241.260,5.800,0.000,0.000,19.0
2010-02-24,16:55:00,1.408,0.094,240.350,5.800,0.000,0.000,18.0
2010-02-24,16:56:00,1.410,0.094,240.530,5.800,0.000,0.000,18.0
2010-02-24,16:57:00,1.410,0.094,240.480,5.800,0.000,0.000,19.0
2010-02-24,16:58:00,1.412,0.094,240.730,5.800,0.000,0.000,18.0
2010-02-24,16:59:00,1.408,0.094,240.410,5.800,0.000,0.000,18.0
2010-02-24,17:00:00,1.410,0.094,240.650,5.800,0.000,0.000,19.0
2010-02-24,17:01:00,1.416,0.096,240.750,5.800,0.000,0.000,18.0
2010-02-24,17:02:00,1.356,0.000,240.120,5.600,0.000,0.000,19.0
2010-02-24,17:03:00,1.332,0.000,241.240,5.400,0.000,0.000,18.0
2010-02-24,17:04:00,1.338,0.000,241.940,5.400,0.000,0.000,19.0
2010-02-24,17:05:00,1.328,0.000,241.600,5.400,0.000,0.000,18.0
2010-02-24,17:06:00,1.334,0.000,242.110,5.400,0.000,0.000,19.0
2010-02-24,17:07:00,1.324,0.000,241.120,5.400,0.000,0.000,18.0
2010-02-24,17:08:00,1.330,0.000,241.630,5.400,0.000,0.000,19.0
2010-02-24,17:09:00,1.332,0.000,241.950,5.400,0.000,0.000,18.0
2010-02-24,17:10:00,1.340,0.000,242.660,5.400,0.000,0.000,19.0
2010-02-24,17:11:00,1.346,0.000,243.120,5.400,0.000,0.000,19.0
2010-02-24,17:12:00,1.330,0.000,241.780,5.400,0.000,0.000,18.0
2010-02-24,17:13:00,1.340,0.000,242.670,5.400,0.000,0.000,19.0
2010-02-24,17:14:00,1.350,0.000,243.590,5.400,0.000,0.000,19.0
2010-02-24,17:15:00,1.344,0.000,242.940,5.400,0.000,0.000,19.0
2010-02-24,17:16:00,1.352,0.000,243.280,5.400,0.000,0.000,18.0
2010-02-24,17:17:00,1.352,0.000,243.060,5.400,0.000,0.000,19.0
2010-02-24,17:18:00,1.420,0.048,242.420,5.800,0.000,0.000,19.0
2010-02-24,17:19:00,1.412,0.068,241.730,5.800,0.000,0.000,18.0
2010-02-24,17:20:00,1.408,0.066,241.280,5.800,0.000,0.000,19.0
2010-02-24,17:21:00,1.408,0.066,241.340,5.800,0.000,0.000,18.0
2010-02-24,17:22:00,1.412,0.068,241.860,5.800,0.000,0.000,19.0
2010-02-24,17:23:00,1.412,0.068,241.880,5.800,0.000,0.000,19.0
2010-02-24,17:24:00,1.412,0.070,242.170,5.800,0.000,0.000,18.0
2010-02-24,17:25:00,1.390,0.064,240.250,5.800,0.000,0.000,18.0
2010-02-24,17:26:00,1.392,0.064,240.460,5.800,0.000,0.000,19.0
2010-02-24,17:27:00,1.388,0.064,240.100,5.800,0.000,0.000,18.0
2010-02-24,17:28:00,1.398,0.066,241.110,5.800,0.000,0.000,19.0
2010-02-24,17:29:00,1.400,0.068,241.390,5.800,0.000,0.000,18.0
2010-02-24,17:30:00,1.394,0.046,242.320,5.600,0.000,0.000,19.0
2010-02-24,17:31:00,1.334,0.000,241.520,5.400,0.000,0.000,18.0
2010-02-24,17:32:00,1.386,0.000,241.880,5.600,0.000,0.000,19.0
2010-02-24,17:33:00,1.440,0.098,241.400,6.000,0.000,0.000,18.0
2010-02-24,17:34:00,1.428,0.096,240.600,5.800,0.000,0.000,19.0
2010-02-24,17:35:00,1.420,0.094,239.880,5.800,0.000,0.000,18.0
2010-02-24,17:36:00,1.418,0.092,239.910,5.800,0.000,0.000,18.0
2010-02-24,17:37:00,1.426,0.096,240.730,5.800,0.000,0.000,19.0
2010-02-24,17:38:00,1.432,0.098,241.250,5.800,0.000,0.000,18.0
2010-02-24,17:39:00,1.426,0.096,240.720,5.800,0.000,0.000,19.0
2010-02-24,17:40:00,1.438,0.100,241.850,5.800,0.000,0.000,18.0
2010-02-24,17:41:00,1.432,0.098,241.500,5.800,0.000,0.000,19.0
2010-02-24,17:42:00,1.424,0.096,241.120,5.800,0.000,0.000,18.0
2010-02-24,17:43:00,1.428,0.098,241.800,5.800,0.000,0.000,19.0
2010-02-24,17:44:00,1.424,0.098,241.450,5.800,0.000,0.000,18.0
2010-02-24,17:45:00,1.412,0.094,240.460,5.800,0.000,0.000,19.0
2010-02-24,17:46:00,1.426,0.100,241.710,5.800,0.000,0.000,18.0
2010-02-24,17:47:00,1.428,0.100,242.000,5.800,0.000,0.000,19.0
2010-02-24,17:48:00,1.422,0.098,241.370,5.800,0.000,0.000,18.0
2010-02-24,17:49:00,1.428,0.098,241.500,5.800,0.000,0.000,19.0
2010-02-24,17:50:00,1.432,0.100,241.790,5.800,0.000,0.000,18.0
2010-02-24,17:51:00,1.604,0.098,242.140,6.600,0.000,0.000,19.0
2010-02-24,17:52:00,1.686,0.048,241.430,7.000,0.000,0.000,18.0
2010-02-24,17:53:00,1.612,0.000,240.400,6.600,0.000,0.000,19.0
2010-02-24,17:54:00,1.620,0.000,241.210,6.600,0.000,0.000,18.0
2010-02-24,17:55:00,1.610,0.000,240.330,6.600,0.000,0.000,19.0
2010-02-24,17:56:00,1.624,0.000,241.500,6.600,0.000,0.000,18.0
2010-02-24,17:57:00,1.636,0.000,242.400,6.600,0.000,0.000,19.0
2010-02-24,17:58:00,1.636,0.000,242.420,6.600,0.000,0.000,18.0
2010-02-24,17:59:00,1.638,0.000,242.550,6.600,0.000,0.000,19.0
2010-02-24,18:00:00,1.630,0.000,241.840,6.600,0.000,0.000,19.0
2010-02-24,18:01:00,1.630,0.000,241.860,6.600,0.000,0.000,18.0
2010-02-24,18:02:00,1.616,0.000,240.800,6.600,0.000,0.000,19.0
2010-02-24,18:03:00,1.624,0.000,241.480,6.600,0.000,0.000,18.0
2010-02-24,18:04:00,1.632,0.000,242.080,6.600,0.000,0.000,19.0
2010-02-24,18:05:00,1.914,0.000,241.240,8.000,0.000,0.000,18.0
2010-02-24,18:06:00,2.140,0.000,241.040,8.800,0.000,0.000,19.0
2010-02-24,18:07:00,2.144,0.000,241.190,8.800,0.000,0.000,18.0
2010-02-24,18:08:00,2.130,0.000,240.450,8.800,0.000,0.000,19.0
2010-02-24,18:09:00,2.182,0.000,240.990,9.000,0.000,0.000,18.0
2010-02-24,18:10:00,2.228,0.060,241.560,9.200,0.000,0.000,19.0
2010-02-24,18:11:00,2.542,0.076,240.420,10.600,0.000,0.000,18.0
2010-02-24,18:12:00,2.576,0.080,240.740,10.600,0.000,0.000,18.0
2010-02-24,18:13:00,2.586,0.080,240.900,10.600,0.000,0.000,19.0
2010-02-24,18:14:00,2.622,0.078,240.530,10.800,0.000,0.000,18.0
2010-02-24,18:15:00,2.120,0.086,241.590,9.000,0.000,0.000,11.0
2010-02-24,18:16:00,1.570,0.088,241.270,6.400,0.000,0.000,1.0
2010-02-24,18:17:00,1.560,0.086,240.620,6.400,0.000,0.000,0.0
2010-02-24,18:18:00,1.562,0.086,240.680,6.400,0.000,0.000,1.0
2010-02-24,18:19:00,1.562,0.086,240.660,6.400,0.000,0.000,1.0
2010-02-24,18:20:00,1.562,0.088,241.410,6.400,0.000,0.000,0.0
2010-02-24,18:21:00,1.554,0.088,241.000,6.400,0.000,0.000,1.0
2010-02-24,18:22:00,1.568,0.084,240.970,6.400,0.000,0.000,1.0
2010-02-24,18:23:00,1.594,0.116,240.700,6.600,0.000,0.000,0.0
2010-02-24,18:24:00,1.590,0.116,240.610,6.600,0.000,0.000,1.0
2010-02-24,18:25:00,1.594,0.118,241.250,6.600,0.000,0.000,1.0
2010-02-24,18:26:00,1.596,0.116,240.910,6.600,0.000,0.000,0.0
2010-02-24,18:27:00,1.594,0.116,240.640,6.600,0.000,0.000,1.0
2010-02-24,18:28:00,1.366,0.102,240.520,5.600,0.000,0.000,0.0
2010-02-24,18:29:00,1.220,0.092,239.560,5.000,0.000,0.000,1.0
2010-02-24,18:30:00,1.226,0.096,240.810,5.000,0.000,0.000,1.0
2010-02-24,18:31:00,1.232,0.094,240.660,5.000,0.000,0.000,0.0
2010-02-24,18:32:00,1.264,0.090,239.670,5.200,0.000,0.000,1.0
2010-02-24,18:33:00,1.224,0.094,240.510,5.000,0.000,0.000,1.0
2010-02-24,18:34:00,1.216,0.090,239.500,5.000,0.000,0.000,0.0
2010-02-24,18:35:00,1.220,0.092,239.820,5.000,0.000,0.000,1.0
2010-02-24,18:36:00,1.222,0.096,240.410,5.000,0.000,0.000,1.0
2010-02-24,18:37:00,1.218,0.094,240.260,5.000,0.000,0.000,0.0
2010-02-24,18:38:00,1.222,0.086,239.940,5.000,0.000,0.000,1.0
2010-02-24,18:39:00,1.234,0.082,239.530,5.200,0.000,0.000,1.0
2010-02-24,18:40:00,1.504,0.092,237.710,6.200,0.000,0.000,0.0
2010-02-24,18:41:00,1.228,0.078,238.870,5.000,0.000,0.000,1.0
2010-02-24,18:42:00,1.218,0.070,238.340,5.000,0.000,0.000,1.0
2010-02-24,18:43:00,1.134,0.050,238.400,4.800,0.000,0.000,0.0
2010-02-24,18:44:00,1.148,0.050,239.350,4.800,0.000,0.000,1.0
2010-02-24,18:45:00,1.144,0.052,238.480,4.800,0.000,0.000,0.0
2010-02-24,18:46:00,1.146,0.052,238.420,4.800,0.000,0.000,1.0
2010-02-24,18:47:00,1.146,0.052,238.620,4.800,0.000,0.000,1.0
2010-02-24,18:48:00,1.138,0.054,237.450,4.800,0.000,0.000,0.0
2010-02-24,18:49:00,1.172,0.056,237.150,5.000,0.000,0.000,1.0
2010-02-24,18:50:00,1.500,0.060,236.870,6.200,0.000,0.000,1.0
2010-02-24,18:51:00,1.444,0.056,237.710,6.000,0.000,0.000,0.0
2010-02-24,18:52:00,1.084,0.046,238.860,4.600,0.000,0.000,1.0
2010-02-24,18:53:00,0.920,0.000,237.840,3.800,0.000,0.000,1.0
2010-02-24,18:54:00,0.904,0.000,239.130,3.800,0.000,0.000,0.0
2010-02-24,18:55:00,1.138,0.000,238.790,4.800,0.000,0.000,1.0
2010-02-24,18:56:00,1.092,0.000,238.110,4.600,0.000,0.000,0.0
2010-02-24,18:57:00,1.092,0.000,239.100,4.400,0.000,0.000,1.0
2010-02-24,18:58:00,0.588,0.000,237.950,2.400,0.000,0.000,1.0
2010-02-24,18:59:00,0.592,0.000,238.680,2.400,0.000,0.000,0.0
2010-02-24,19:00:00,0.588,0.000,238.030,2.400,0.000,0.000,1.0
2010-02-24,19:01:00,0.666,0.000,238.130,2.800,0.000,0.000,1.0
2010-02-24,19:02:00,0.664,0.064,238.100,2.800,0.000,0.000,0.0
2010-02-24,19:03:00,0.664,0.064,238.280,2.800,0.000,0.000,1.0
2010-02-24,19:04:00,0.664,0.064,238.210,2.800,0.000,0.000,1.0
2010-02-24,19:05:00,0.666,0.066,239.070,2.800,0.000,0.000,0.0
2010-02-24,19:06:00,0.664,0.066,238.860,2.800,0.000,0.000,1.0
2010-02-24,19:07:00,0.664,0.066,238.790,2.800,0.000,0.000,0.0
2010-02-24,19:08:00,0.660,0.066,238.320,2.800,0.000,0.000,1.0
2010-02-24,19:09:00,0.662,0.066,238.740,2.800,0.000,0.000,1.0
2010-02-24,19:10:00,0.662,0.068,239.280,2.800,0.000,0.000,0.0
2010-02-24,19:11:00,0.664,0.068,239.780,2.800,0.000,0.000,1.0
2010-02-24,19:12:00,0.674,0.072,240.970,2.800,0.000,0.000,1.0
2010-02-24,19:13:00,0.760,0.158,241.190,3.200,0.000,0.000,0.0
2010-02-24,19:14:00,0.714,0.104,241.520,3.000,0.000,0.000,1.0
2010-02-24,19:15:00,0.706,0.104,241.410,2.800,0.000,0.000,1.0
2010-02-24,19:16:00,0.704,0.102,240.940,2.800,0.000,0.000,0.0
2010-02-24,19:17:00,0.814,0.198,240.570,3.600,0.000,0.000,2.0
2010-02-24,19:18:00,1.352,0.492,240.480,6.000,0.000,0.000,10.0
2010-02-24,19:19:00,2.008,0.464,238.910,8.600,0.000,0.000,10.0
2010-02-24,19:20:00,1.946,0.270,238.510,8.200,0.000,0.000,11.0
2010-02-24,19:21:00,2.004,0.186,238.880,8.400,0.000,0.000,7.0
2010-02-24,19:22:00,1.784,0.084,238.680,7.400,0.000,0.000,0.0
2010-02-24,19:23:00,1.778,0.080,238.690,7.400,0.000,0.000,1.0
2010-02-24,19:24:00,1.758,0.080,239.100,7.200,0.000,0.000,1.0
2010-02-24,19:25:00,1.816,0.056,239.970,7.400,0.000,0.000,0.0
2010-02-24,19:26:00,1.894,0.056,238.870,7.800,0.000,0.000,1.0
2010-02-24,19:27:00,1.744,0.052,238.910,7.200,0.000,0.000,0.0
2010-02-24,19:28:00,1.660,0.056,239.730,6.800,0.000,0.000,1.0
2010-02-24,19:29:00,1.584,0.056,239.430,6.600,0.000,0.000,1.0
2010-02-24,19:30:00,1.902,0.192,239.000,8.400,0.000,0.000,0.0
2010-02-24,19:31:00,1.946,0.222,239.520,8.600,0.000,0.000,1.0
2010-02-24,19:32:00,2.146,0.384,238.590,9.600,0.000,0.000,1.0
2010-02-24,19:33:00,2.066,0.256,239.480,9.000,0.000,0.000,0.0
2010-02-24,19:34:00,2.070,0.250,239.790,9.000,0.000,0.000,1.0
2010-02-24,19:35:00,1.688,0.106,239.320,7.000,0.000,0.000,1.0
2010-02-24,19:36:00,1.694,0.098,240.580,7.000,0.000,0.000,0.0
2010-02-24,19:37:00,1.678,0.094,239.450,7.000,0.000,0.000,1.0
2010-02-24,19:38:00,1.676,0.088,238.500,7.000,0.000,0.000,1.0
2010-02-24,19:39:00,2.000,0.048,239.110,8.200,0.000,0.000,0.0
2010-02-24,19:40:00,1.926,0.000,239.220,8.000,0.000,0.000,1.0
2010-02-24,19:41:00,1.948,0.048,239.330,8.000,0.000,0.000,0.0
2010-02-24,19:42:00,1.970,0.048,239.330,8.200,0.000,0.000,1.0
2010-02-24,19:43:00,1.958,0.046,238.730,8.200,0.000,0.000,1.0
2010-02-24,19:44:00,1.792,0.124,239.380,7.400,0.000,0.000,0.0
2010-02-24,19:45:00,1.860,0.270,239.030,7.800,0.000,0.000,1.0
2010-02-24,19:46:00,1.824,0.272,239.700,7.600,0.000,2.000,1.0
2010-02-24,19:47:00,1.802,0.272,239.460,7.600,0.000,1.000,0.0
2010-02-24,19:48:00,1.798,0.270,239.240,7.600,0.000,1.000,1.0
2010-02-24,19:49:00,1.800,0.270,239.520,7.600,0.000,2.000,1.0
2010-02-24,19:50:00,1.788,0.270,239.110,7.400,0.000,1.000,0.0
2010-02-24,19:51:00,1.786,0.270,238.960,7.400,0.000,2.000,1.0
2010-02-24,19:52:00,1.794,0.272,239.970,7.400,0.000,1.000,1.0
2010-02-24,19:53:00,1.788,0.270,239.370,7.400,0.000,1.000,0.0
2010-02-24,19:54:00,1.780,0.268,238.740,7.400,0.000,2.000,1.0
2010-02-24,19:55:00,1.764,0.268,238.470,7.400,0.000,1.000,0.0
2010-02-24,19:56:00,1.768,0.268,239.000,7.400,0.000,1.000,1.0
2010-02-24,19:57:00,1.770,0.268,238.870,7.400,0.000,2.000,1.0
2010-02-24,19:58:00,1.766,0.264,238.300,7.400,0.000,1.000,0.0
2010-02-24,19:59:00,1.610,0.190,238.580,6.800,0.000,2.000,1.0
2010-02-24,20:00:00,1.520,0.144,238.720,6.400,0.000,1.000,1.0
2010-02-24,20:01:00,1.534,0.144,238.580,6.400,0.000,1.000,0.0
2010-02-24,20:02:00,1.564,0.144,238.990,6.400,0.000,2.000,1.0
2010-02-24,20:03:00,1.566,0.156,239.200,6.600,0.000,1.000,1.0
2010-02-24,20:04:00,1.570,0.174,239.100,6.600,0.000,1.000,0.0
2010-02-24,20:05:00,1.568,0.174,239.290,6.600,0.000,2.000,1.0
2010-02-24,20:06:00,1.564,0.176,239.320,6.400,0.000,1.000,1.0
2010-02-24,20:07:00,1.548,0.172,238.590,6.400,0.000,1.000,0.0
2010-02-24,20:08:00,1.552,0.172,238.760,6.400,0.000,1.000,1.0
2010-02-24,20:09:00,1.542,0.170,237.970,6.400,0.000,2.000,0.0
2010-02-24,20:10:00,1.548,0.174,239.080,6.400,0.000,1.000,1.0
2010-02-24,20:11:00,1.548,0.174,239.110,6.400,0.000,1.000,1.0
2010-02-24,20:12:00,1.536,0.168,237.400,6.400,0.000,1.000,0.0
2010-02-24,20:13:00,1.536,0.166,236.870,6.400,0.000,2.000,1.0
2010-02-24,20:14:00,1.580,0.166,236.910,6.600,0.000,1.000,1.0
2010-02-24,20:15:00,1.562,0.166,236.530,6.600,0.000,1.000,0.0
2010-02-24,20:16:00,1.578,0.168,237.070,6.600,0.000,1.000,1.0
2010-02-24,20:17:00,3.142,0.134,235.420,13.600,0.000,1.000,17.0
2010-02-24,20:18:00,3.504,0.160,236.760,15.000,1.000,1.000,19.0
2010-02-24,20:19:00,3.484,0.160,235.830,15.000,1.000,2.000,18.0
2010-02-24,20:20:00,2.700,0.124,236.770,11.400,1.000,1.000,18.0
2010-02-24,20:21:00,2.536,0.122,236.840,10.600,1.000,1.000,18.0
2010-02-24,20:22:00,2.528,0.120,236.380,10.600,1.000,1.000,18.0
2010-02-24,20:23:00,2.528,0.124,236.930,10.600,1.000,1.000,18.0
2010-02-24,20:24:00,2.536,0.124,237.180,10.600,2.000,1.000,17.0
2010-02-24,20:25:00,2.674,0.122,237.110,11.200,1.000,2.000,18.0
2010-02-24,20:26:00,2.826,0.120,237.500,11.800,1.000,1.000,18.0
2010-02-24,20:27:00,2.868,0.118,237.130,12.000,1.000,1.000,18.0
2010-02-24,20:28:00,3.256,0.106,237.160,13.600,1.000,1.000,18.0
2010-02-24,20:29:00,3.338,0.108,237.780,14.000,1.000,1.000,18.0
2010-02-24,20:30:00,3.258,0.050,235.620,13.800,2.000,1.000,18.0
2010-02-24,20:31:00,3.216,0.000,236.390,13.600,1.000,2.000,18.0
2010-02-24,20:32:00,3.208,0.000,235.910,13.600,1.000,1.000,17.0
2010-02-24,20:33:00,3.214,0.000,236.380,13.600,1.000,1.000,18.0
2010-02-24,20:34:00,3.288,0.000,237.440,13.800,1.000,1.000,18.0
2010-02-24,20:35:00,3.290,0.076,236.540,13.800,1.000,1.000,18.0
2010-02-24,20:36:00,2.944,0.124,237.210,12.400,1.000,1.000,18.0
2010-02-24,20:37:00,2.786,0.114,237.700,11.600,1.000,1.000,18.0
2010-02-24,20:38:00,2.824,0.106,238.500,11.800,1.000,2.000,18.0
2010-02-24,20:39:00,4.720,0.082,236.300,20.000,32.000,1.000,17.0
2010-02-24,20:40:00,4.916,0.076,235.470,20.800,37.000,1.000,18.0
2010-02-24,20:41:00,4.898,0.078,235.230,20.800,37.000,1.000,18.0
2010-02-24,20:42:00,4.740,0.082,235.910,20.000,36.000,1.000,17.0
2010-02-24,20:43:00,4.648,0.084,236.510,19.600,37.000,1.000,18.0
2010-02-24,20:44:00,4.596,0.082,235.190,19.400,37.000,1.000,18.0
2010-02-24,20:45:00,4.564,0.080,234.220,19.400,37.000,1.000,17.0
2010-02-24,20:46:00,4.544,0.076,233.580,19.400,36.000,2.000,18.0
2010-02-24,20:47:00,4.564,0.078,234.070,19.400,36.000,1.000,17.0
2010-02-24,20:48:00,4.558,0.078,234.170,19.400,36.000,1.000,17.0
2010-02-24,20:49:00,4.596,0.078,235.450,19.400,37.000,1.000,18.0
2010-02-24,20:50:00,4.530,0.000,235.460,19.200,36.000,1.000,18.0
2010-02-24,20:51:00,3.276,0.000,235.760,14.600,18.000,1.000,17.0
2010-02-24,20:52:00,2.438,0.000,237.410,10.200,2.000,1.000,18.0
2010-02-24,20:53:00,2.440,0.000,237.700,10.200,1.000,1.000,18.0
2010-02-24,20:54:00,2.436,0.000,237.610,10.200,1.000,2.000,18.0
2010-02-24,20:55:00,2.446,0.000,238.360,10.200,1.000,1.000,18.0
2010-02-24,20:56:00,2.482,0.000,237.960,10.400,1.000,1.000,18.0
2010-02-24,20:57:00,2.552,0.134,238.580,10.600,1.000,1.000,18.0
2010-02-24,20:58:00,2.560,0.134,238.820,10.600,1.000,1.000,18.0
2010-02-24,20:59:00,2.548,0.132,238.350,10.600,2.000,1.000,18.0
2010-02-24,21:00:00,2.560,0.132,238.720,10.600,1.000,1.000,19.0
2010-02-24,21:01:00,2.544,0.132,238.500,10.600,1.000,1.000,18.0
2010-02-24,21:02:00,2.536,0.132,238.350,10.600,1.000,2.000,18.0
2010-02-24,21:03:00,2.558,0.138,239.870,10.600,1.000,1.000,18.0
2010-02-24,21:04:00,2.550,0.136,239.350,10.600,1.000,1.000,18.0
2010-02-24,21:05:00,2.544,0.136,239.260,10.600,1.000,1.000,18.0
2010-02-24,21:06:00,2.536,0.134,238.760,10.600,2.000,1.000,18.0
2010-02-24,21:07:00,2.538,0.134,238.720,10.600,1.000,1.000,19.0
2010-02-24,21:08:00,2.622,0.138,238.870,11.000,1.000,1.000,18.0
2010-02-24,21:09:00,2.992,0.148,237.960,12.600,1.000,1.000,18.0
2010-02-24,21:10:00,2.580,0.152,238.770,11.000,1.000,2.000,9.0
2010-02-24,21:11:00,1.716,0.148,240.210,7.200,1.000,1.000,1.0
2010-02-24,21:12:00,1.724,0.146,241.210,7.200,2.000,1.000,0.0
2010-02-24,21:13:00,1.690,0.146,241.230,7.000,1.000,1.000,1.0
2010-02-24,21:14:00,1.616,0.146,241.130,6.600,1.000,1.000,1.0
2010-02-24,21:15:00,1.608,0.144,240.600,6.600,1.000,1.000,0.0
2010-02-24,21:16:00,1.590,0.136,238.460,6.600,1.000,1.000,1.0
2010-02-24,21:17:00,1.596,0.130,239.040,6.600,1.000,1.000,1.0
2010-02-24,21:18:00,1.514,0.000,238.650,6.200,1.000,1.000,0.0
2010-02-24,21:19:00,1.514,0.000,239.420,6.200,2.000,2.000,1.0
2010-02-24,21:20:00,1.456,0.110,238.960,6.000,1.000,0.000,0.0
2010-02-24,21:21:00,1.444,0.112,237.810,6.000,1.000,0.000,1.0
2010-02-24,21:22:00,1.440,0.112,237.910,6.000,1.000,0.000,1.0
2010-02-24,21:23:00,1.434,0.112,237.410,6.000,1.000,0.000,0.0
2010-02-24,21:24:00,1.428,0.112,237.280,6.000,1.000,0.000,1.0
2010-02-24,21:25:00,1.434,0.112,237.250,6.000,1.000,0.000,1.0
2010-02-24,21:26:00,1.430,0.112,237.110,6.000,2.000,0.000,0.0
2010-02-24,21:27:00,1.460,0.106,238.060,6.200,1.000,0.000,1.0
2010-02-24,21:28:00,1.476,0.000,237.470,6.200,1.000,0.000,1.0
2010-02-24,21:29:00,1.110,0.054,238.530,4.600,1.000,0.000,0.0
2010-02-24,21:30:00,1.142,0.070,238.400,4.800,1.000,0.000,1.0
2010-02-24,21:31:00,1.124,0.064,237.150,4.600,1.000,0.000,0.0
2010-02-24,21:32:00,1.174,0.000,238.100,4.800,1.000,0.000,1.0
2010-02-24,21:33:00,1.160,0.000,238.340,4.800,2.000,0.000,1.0
2010-02-24,21:34:00,1.138,0.050,238.140,4.800,1.000,0.000,0.0
2010-02-24,21:35:00,1.146,0.054,239.050,4.800,1.000,0.000,1.0
2010-02-24,21:36:00,1.138,0.052,238.570,4.800,1.000,0.000,1.0
2010-02-24,21:37:00,1.138,0.052,238.570,4.800,1.000,0.000,0.0
2010-02-24,21:38:00,1.110,0.054,239.300,4.600,1.000,0.000,1.0
2010-02-24,21:39:00,0.974,0.056,238.950,4.000,1.000,0.000,1.0
2010-02-24,21:40:00,0.972,0.060,240.060,4.000,2.000,0.000,0.0
2010-02-24,21:41:00,0.928,0.000,239.600,3.800,1.000,0.000,1.0
2010-02-24,21:42:00,0.904,0.000,240.090,3.600,1.000,0.000,1.0
2010-02-24,21:43:00,0.918,0.000,240.950,3.800,1.000,0.000,0.0
2010-02-24,21:44:00,0.870,0.000,239.710,3.600,1.000,0.000,1.0
2010-02-24,21:45:00,1.254,0.146,240.370,5.400,0.000,0.000,5.0
2010-02-24,21:46:00,1.528,0.280,239.590,6.400,1.000,0.000,10.0
2010-02-24,21:47:00,1.548,0.266,239.330,6.400,0.000,0.000,11.0
2010-02-24,21:48:00,1.564,0.294,239.160,6.600,1.000,0.000,10.0
2010-02-24,21:49:00,1.104,0.162,239.690,4.800,1.000,0.000,5.0
2010-02-24,21:50:00,0.908,0.102,240.520,3.800,1.000,0.000,1.0
2010-02-24,21:51:00,0.904,0.094,238.900,3.800,1.000,0.000,0.0
2010-02-24,21:52:00,0.892,0.090,239.320,3.600,1.000,0.000,1.0
2010-02-24,21:53:00,0.898,0.094,240.400,3.600,2.000,0.000,1.0
2010-02-24,21:54:00,0.892,0.094,239.960,3.600,1.000,0.000,0.0
2010-02-24,21:55:00,0.890,0.092,239.640,3.600,1.000,0.000,1.0
2010-02-24,21:56:00,0.886,0.092,239.390,3.600,1.000,0.000,1.0
2010-02-24,21:57:00,0.850,0.128,239.040,3.600,1.000,0.000,0.0
2010-02-24,21:58:00,0.858,0.120,239.390,3.600,0.000,0.000,1.0
2010-02-24,21:59:00,0.856,0.112,239.460,3.600,1.000,0.000,0.0
2010-02-24,22:00:00,1.150,0.098,239.570,5.600,3.000,0.000,1.0
2010-02-24,22:01:00,3.064,0.072,238.120,12.800,38.000,0.000,1.0
2010-02-24,22:02:00,3.048,0.070,237.550,12.800,37.000,0.000,0.0
2010-02-24,22:03:00,3.044,0.070,237.430,12.800,38.000,0.000,1.0
2010-02-24,22:04:00,3.064,0.072,238.290,12.800,37.000,0.000,1.0
2010-02-24,22:05:00,3.044,0.068,237.310,12.800,37.000,0.000,0.0
2010-02-24,22:06:00,2.956,0.046,237.730,12.400,37.000,0.000,1.0
2010-02-24,22:07:00,2.868,0.070,238.120,12.000,38.000,0.000,1.0
2010-02-24,22:08:00,2.840,0.070,237.260,11.800,37.000,0.000,0.0
2010-02-24,22:09:00,2.858,0.070,238.030,12.000,37.000,0.000,1.0
2010-02-24,22:10:00,2.852,0.070,237.880,12.000,37.000,0.000,0.0
2010-02-24,22:11:00,2.852,0.070,238.180,11.800,38.000,0.000,1.0
2010-02-24,22:12:00,2.870,0.068,239.210,12.000,37.000,0.000,1.0
2010-02-24,22:13:00,2.866,0.070,238.840,12.000,38.000,0.000,0.0
2010-02-24,22:14:00,2.864,0.070,238.770,12.000,37.000,0.000,1.0
2010-02-24,22:15:00,1.636,0.060,241.280,8.200,19.000,0.000,1.0
2010-02-24,22:16:00,0.628,0.058,241.650,2.600,0.000,0.000,0.0
2010-02-24,22:17:00,0.632,0.056,242.550,2.600,0.000,0.000,1.0
2010-02-24,22:18:00,0.640,0.048,242.920,2.600,0.000,0.000,1.0
2010-02-24,22:19:00,0.666,0.000,243.750,2.600,0.000,0.000,0.0
2010-02-24,22:20:00,0.746,0.062,244.160,3.000,0.000,0.000,1.0
2010-02-24,22:21:00,0.710,0.052,242.590,2.800,0.000,0.000,1.0
2010-02-24,22:22:00,0.710,0.050,242.340,2.800,0.000,0.000,0.0
2010-02-24,22:23:00,0.714,0.050,242.630,2.800,0.000,0.000,1.0
2010-02-24,22:24:00,0.712,0.048,242.350,2.800,0.000,0.000,1.0
2010-02-24,22:25:00,0.712,0.052,243.090,2.800,0.000,0.000,0.0
2010-02-24,22:26:00,0.710,0.054,243.450,2.800,0.000,0.000,1.0
2010-02-24,22:27:00,0.700,0.050,242.630,2.800,0.000,0.000,1.0
2010-02-24,22:28:00,0.698,0.050,242.770,2.800,0.000,0.000,0.0
2010-02-24,22:29:00,0.696,0.048,242.370,2.800,0.000,0.000,1.0
2010-02-24,22:30:00,0.694,0.048,242.020,2.800,0.000,0.000,1.0
2010-02-24,22:31:00,0.692,0.048,241.590,2.800,0.000,0.000,0.0
2010-02-24,22:32:00,0.666,0.000,242.030,2.800,0.000,0.000,1.0
2010-02-24,22:33:00,0.632,0.056,242.650,2.600,0.000,0.000,1.0
2010-02-24,22:34:00,0.656,0.048,242.460,2.600,0.000,0.000,0.0
2010-02-24,22:35:00,0.748,0.080,242.970,3.000,0.000,0.000,1.0
2010-02-24,22:36:00,0.746,0.082,243.080,3.000,0.000,0.000,1.0
2010-02-24,22:37:00,0.738,0.080,242.240,3.000,0.000,0.000,0.0
2010-02-24,22:38:00,0.740,0.082,242.780,3.000,0.000,0.000,1.0
2010-02-24,22:39:00,0.732,0.080,242.000,3.000,0.000,0.000,1.0
2010-02-24,22:40:00,0.732,0.080,242.150,3.000,0.000,0.000,0.0
2010-02-24,22:41:00,0.736,0.078,242.120,3.000,0.000,0.000,1.0
2010-02-24,22:42:00,0.724,0.078,241.830,3.000,0.000,0.000,1.0
2010-02-24,22:43:00,0.728,0.074,241.440,3.000,0.000,0.000,0.0
2010-02-24,22:44:00,0.726,0.076,241.840,3.000,0.000,0.000,1.0
2010-02-24,22:45:00,0.720,0.076,241.780,3.000,0.000,0.000,0.0
2010-02-24,22:46:00,0.718,0.078,241.690,3.000,0.000,0.000,1.0
2010-02-24,22:47:00,0.718,0.078,241.650,3.000,0.000,0.000,1.0
2010-02-24,22:48:00,0.720,0.078,241.840,3.000,0.000,0.000,0.0
2010-02-24,22:49:00,0.738,0.096,242.240,3.000,0.000,0.000,1.0
2010-02-24,22:50:00,0.764,0.112,241.690,3.200,0.000,0.000,1.0
2010-02-24,22:51:00,0.722,0.074,240.660,3.000,0.000,0.000,0.0
2010-02-24,22:52:00,0.716,0.080,241.950,3.000,0.000,0.000,1.0
2010-02-24,22:53:00,0.716,0.078,241.660,3.000,0.000,0.000,1.0
2010-02-24,22:54:00,0.694,0.000,242.580,2.800,0.000,0.000,0.0
2010-02-24,22:55:00,0.630,0.054,242.480,2.600,0.000,0.000,1.0
2010-02-24,22:56:00,0.626,0.058,241.130,2.600,0.000,0.000,1.0
2010-02-24,22:57:00,0.624,0.056,241.380,2.600,0.000,0.000,0.0
2010-02-24,22:58:00,0.620,0.058,240.570,2.600,0.000,0.000,1.0
2010-02-24,22:59:00,0.618,0.058,240.270,2.600,0.000,0.000,1.0
2010-02-24,23:00:00,0.622,0.056,241.410,2.600,0.000,0.000,0.0
2010-02-24,23:01:00,0.622,0.054,241.960,2.600,0.000,0.000,1.0
2010-02-24,23:02:00,0.624,0.052,242.710,2.600,0.000,0.000,1.0
2010-02-24,23:03:00,0.692,0.052,243.230,2.800,0.000,0.000,0.0
2010-02-24,23:04:00,0.982,0.058,242.010,4.000,0.000,0.000,1.0
2010-02-24,23:05:00,0.632,0.054,243.010,2.600,0.000,0.000,1.0
2010-02-24,23:06:00,0.642,0.056,243.460,2.600,0.000,0.000,0.0
2010-02-24,23:07:00,0.642,0.058,242.720,2.600,0.000,0.000,1.0
2010-02-24,23:08:00,0.634,0.056,242.870,2.600,0.000,0.000,1.0
2010-02-24,23:09:00,0.638,0.058,242.490,2.600,0.000,0.000,0.0
2010-02-24,23:10:00,0.644,0.056,243.250,2.600,0.000,0.000,1.0
2010-02-24,23:11:00,0.678,0.000,243.510,2.800,0.000,0.000,1.0
2010-02-24,23:12:00,0.708,0.050,243.200,2.800,0.000,0.000,0.0
2010-02-24,23:13:00,0.708,0.050,243.340,2.800,0.000,0.000,1.0
2010-02-24,23:14:00,0.718,0.048,242.930,2.800,0.000,0.000,1.0
2010-02-24,23:15:00,0.716,0.046,242.670,2.800,0.000,0.000,0.0
2010-02-24,23:16:00,0.708,0.052,243.270,2.800,0.000,0.000,1.0
2010-02-24,23:17:00,0.702,0.052,243.020,2.800,0.000,0.000,1.0
2010-02-24,23:18:00,0.806,0.050,242.490,3.200,0.000,0.000,0.0
2010-02-24,23:19:00,0.816,0.052,243.390,3.200,0.000,0.000,1.0
2010-02-24,23:20:00,0.712,0.052,242.830,2.800,0.000,0.000,1.0
2010-02-24,23:21:00,0.690,0.052,242.290,2.800,0.000,0.000,0.0
2010-02-24,23:22:00,0.724,0.058,243.070,3.000,0.000,0.000,1.0
2010-02-24,23:23:00,0.788,0.096,242.840,3.200,0.000,0.000,1.0
2010-02-24,23:24:00,0.812,0.120,243.280,3.400,0.000,0.000,0.0
2010-02-24,23:25:00,0.790,0.094,242.850,3.200,0.000,0.000,1.0
2010-02-24,23:26:00,0.788,0.094,242.700,3.200,0.000,0.000,1.0
2010-02-24,23:27:00,0.788,0.094,242.900,3.200,0.000,0.000,0.0
2010-02-24,23:28:00,0.786,0.094,242.910,3.200,0.000,0.000,1.0
2010-02-24,23:29:00,0.788,0.098,243.640,3.200,0.000,0.000,1.0
2010-02-24,23:30:00,0.790,0.098,244.050,3.200,0.000,0.000,0.0
2010-02-24,23:31:00,0.786,0.098,243.650,3.200,0.000,0.000,1.0
2010-02-24,23:32:00,0.786,0.098,243.730,3.200,0.000,0.000,1.0
2010-02-24,23:33:00,0.786,0.098,243.740,3.200,0.000,0.000,0.0
2010-02-24,23:34:00,0.778,0.094,242.580,3.200,0.000,0.000,1.0
2010-02-24,23:35:00,0.778,0.094,242.730,3.200,0.000,0.000,1.0
2010-02-24,23:36:00,0.780,0.096,243.020,3.200,0.000,0.000,0.0
2010-02-24,23:37:00,0.780,0.096,243.280,3.200,0.000,0.000,1.0
2010-02-24,23:38:00,0.594,0.100,243.340,2.600,0.000,0.000,1.0
2010-02-24,23:39:00,0.432,0.106,244.140,1.800,0.000,0.000,0.0
2010-02-24,23:40:00,0.434,0.104,244.020,1.800,0.000,0.000,1.0
2010-02-24,23:41:00,0.434,0.106,244.570,1.800,0.000,0.000,1.0
2010-02-24,23:42:00,0.434,0.106,244.210,1.800,0.000,0.000,0.0
2010-02-24,23:43:00,0.370,0.000,244.430,1.600,0.000,0.000,1.0
2010-02-24,23:44:00,0.342,0.000,244.950,1.400,0.000,0.000,1.0
2010-02-24,23:45:00,0.338,0.000,244.080,1.400,0.000,0.000,0.0
2010-02-24,23:46:00,0.338,0.000,243.350,1.400,0.000,0.000,1.0
2010-02-24,23:47:00,0.336,0.000,243.000,1.400,0.000,0.000,1.0
2010-02-24,23:48:00,0.336,0.000,242.820,1.400,0.000,0.000,0.0
2010-02-24,23:49:00,0.338,0.000,243.600,1.400,0.000,0.000,1.0
2010-02-24,23:50:00,0.336,0.000,243.330,1.400,0.000,0.000,1.0
2010-02-24,23:51:00,0.338,0.000,243.530,1.400,0.000,0.000,0.0
2010-02-24,23:52:00,0.340,0.000,244.190,1.400,0.000,0.000,1.0
2010-02-24,23:53:00,0.338,0.000,243.760,1.400,0.000,0.000,1.0
2010-02-24,23:54:00,0.304,0.000,243.540,1.200,0.000,0.000,0.0
2010-02-24,23:55:00,0.254,0.000,242.850,1.000,0.000,0.000,1.0
2010-02-24,23:56:00,0.254,0.000,242.410,1.000,0.000,0.000,1.0
2010-02-24,23:57:00,0.256,0.000,243.260,1.000,0.000,0.000,0.0
2010-02-24,23:58:00,0.256,0.000,243.150,1.000,0.000,0.000,1.0
2010-02-24,23:59:00,0.256,0.000,243.110,1.000,0.000,0.000,1.0
