Date,Time,Global_active_power,Global_reactive_power,Voltage,Global_intensity,Sub_metering_1,Sub_metering_2,Sub_metering_3
2010-02-04,00:00:00,1.360,0.000,243.070,5.600,0.000,0.000,19.0
2010-02-04,00:01:00,1.470,0.088,243.440,6.000,0.000,0.000,19.0
2010-02-04,00:02:00,1.430,0.078,241.700,5.800,0.000,0.000,18.0
2010-02-04,00:03:00,1.440,0.082,241.110,6.000,0.000,1.000,19.0
2010-02-04,00:04:00,1.410,0.074,240.090,5.800,0.000,0.000,18.0
2010-02-04,00:05:00,1.428,0.080,240.240,5.800,0.000,0.000,18.0
2010-02-04,00:06:00,1.406,0.074,240.010,5.800,0.000,0.000,19.0
2010-02-04,00:07:00,1.434,0.082,241.050,5.800,0.000,0.000,18.0
2010-02-04,00:08:00,1.416,0.076,241.140,5.800,0.000,0.000,19.0
2010-02-04,00:09:00,1.436,0.084,241.500,5.800,0.000,1.000,18.0
2010-02-04,00:10:00,1.408,0.076,240.560,5.800,0.000,0.000,18.0
2010-02-04,00:11:00,1.428,0.080,240.810,5.800,0.000,0.000,19.0
2010-02-04,00:12:00,1.402,0.074,240.150,5.800,0.000,0.000,18.0
2010-02-04,00:13:00,1.424,0.080,240.700,5.800,0.000,0.000,19.0
2010-02-04,00:14:00,1.408,0.076,240.050,5.800,0.000,0.000,18.0
2010-02-04,00:15:00,1.420,0.080,241.070,5.800,0.000,1.000,18.0
2010-02-04,00:16:00,1.426,0.082,240.830,5.800,0.000,0.000,19.0
2010-02-04,00:17:00,1.420,0.080,241.910,5.800,0.000,0.000,18.0
2010-02-04,00:18:00,1.426,0.082,240.970,5.800,0.000,0.000,19.0
2010-02-04,00:19:00,1.442,0.102,240.720,6.000,0.000,0.000,18.0
2010-02-04,00:20:00,1.420,0.066,240.750,5.800,0.000,0.000,19.0
2010-02-04,00:21:00,1.394,0.046,241.140,5.800,0.000,0.000,18.0
2010-02-04,00:22:00,1.406,0.050,240.460,5.800,0.000,1.000,18.0
2010-02-04,00:23:00,1.390,0.046,240.800,5.600,0.000,0.000,19.0
2010-02-04,00:24:00,1.400,0.050,240.200,5.800,0.000,0.000,18.0
2010-02-04,00:25:00,1.386,0.046,240.670,5.600,0.000,0.000,19.0
2010-02-04,00:26:00,1.400,0.050,240.340,5.800,0.000,0.000,18.0
2010-02-04,00:27:00,1.384,0.000,240.750,5.600,0.000,0.000,18.0
2010-02-04,00:28:00,1.404,0.050,240.880,5.800,0.000,1.000,19.0
2010-02-04,00:29:00,1.394,0.048,241.730,5.600,0.000,0.000,18.0
2010-02-04,00:30:00,1.406,0.052,241.250,5.800,0.000,0.000,19.0
2010-02-04,00:31:00,1.394,0.048,241.870,5.600,0.000,0.000,18.0
2010-02-04,00:32:00,1.388,0.000,241.490,5.600,0.000,0.000,19.0
2010-02-04,00:33:00,1.324,0.056,241.500,5.400,0.000,0.000,18.0
2010-02-04,00:34:00,1.336,0.050,241.110,5.400,0.000,0.000,19.0
2010-02-04,00:35:00,1.324,0.056,241.530,5.400,0.000,0.000,18.0
2010-02-04,00:36:00,1.336,0.050,241.110,5.400,0.000,1.000,19.0
2010-02-04,00:37:00,1.314,0.056,240.710,5.400,0.000,0.000,18.0
2010-02-04,00:38:00,1.336,0.052,241.030,5.400,0.000,0.000,19.0
2010-02-04,00:39:00,1.322,0.056,241.380,5.400,0.000,0.000,18.0
2010-02-04,00:40:00,1.338,0.050,241.160,5.400,0.000,0.000,19.0
2010-02-04,00:41:00,1.320,0.056,241.250,5.400,0.000,0.000,18.0
2010-02-04,00:42:00,1.336,0.050,241.070,5.400,0.000,1.000,19.0
2010-02-04,00:43:00,1.320,0.056,241.270,5.400,0.000,0.000,18.0
2010-02-04,00:44:00,1.338,0.050,241.140,5.400,0.000,0.000,19.0
2010-02-04,00:45:00,1.336,0.052,241.700,5.400,0.000,0.000,18.0
2010-02-04,00:46:00,1.334,0.052,241.990,5.400,0.000,0.000,19.0
2010-02-04,00:47:00,1.348,0.048,242.200,5.600,0.000,0.000,18.0
2010-02-04,00:48:00,1.368,0.000,241.500,5.600,0.000,0.000,19.0
2010-02-04,00:49:00,1.446,0.082,241.210,6.000,0.000,1.000,18.0
2010-02-04,00:50:00,1.432,0.078,241.750,5.800,0.000,0.000,19.0
2010-02-04,00:51:00,1.440,0.082,241.040,6.000,0.000,0.000,18.0
2010-02-04,00:52:00,1.424,0.078,241.290,5.800,0.000,0.000,19.0
2010-02-04,00:53:00,1.448,0.086,241.990,6.000,0.000,0.000,19.0
2010-02-04,00:54:00,1.434,0.082,242.540,5.800,0.000,0.000,18.0
2010-02-04,00:55:00,1.446,0.086,242.130,6.000,0.000,1.000,19.0
2010-02-04,00:56:00,1.438,0.084,243.160,5.800,0.000,0.000,19.0
2010-02-04,00:57:00,1.444,0.086,242.170,6.000,0.000,0.000,18.0
2010-02-04,00:58:00,1.424,0.080,242.040,5.800,0.000,0.000,19.0
2010-02-04,00:59:00,1.436,0.084,241.540,5.800,0.000,0.000,18.0
2010-02-04,01:00:00,1.418,0.078,241.560,5.800,0.000,0.000,19.0
2010-02-04,01:01:00,1.422,0.080,240.430,5.800,0.000,1.000,18.0
2010-02-04,01:02:00,1.408,0.076,240.880,5.800,0.000,0.000,19.0
2010-02-04,01:03:00,1.418,0.080,240.060,5.800,0.000,0.000,18.0
2010-02-04,01:04:00,1.408,0.076,240.910,5.800,0.000,0.000,18.0
2010-02-04,01:05:00,1.422,0.080,240.560,5.800,0.000,0.000,19.0
2010-02-04,01:06:00,1.412,0.078,241.220,5.800,0.000,0.000,18.0
2010-02-04,01:07:00,1.372,0.000,240.770,5.600,0.000,0.000,19.0
2010-02-04,01:08:00,1.350,0.000,241.080,5.600,0.000,0.000,18.0
2010-02-04,01:09:00,1.408,0.050,240.650,5.800,0.000,1.000,19.0
2010-02-04,01:10:00,1.392,0.046,240.830,5.800,0.000,0.000,18.0
2010-02-04,01:11:00,1.406,0.050,240.560,5.800,0.000,0.000,18.0
2010-02-04,01:12:00,1.398,0.048,241.560,5.800,0.000,0.000,19.0
2010-02-04,01:13:00,1.410,0.052,241.080,5.800,0.000,0.000,18.0
2010-02-04,01:14:00,1.390,0.046,241.110,5.600,0.000,0.000,19.0
2010-02-04,01:15:00,1.410,0.052,241.320,5.800,0.000,1.000,18.0
2010-02-04,01:16:00,1.414,0.052,242.130,5.800,0.000,0.000,19.0
2010-02-04,01:17:00,1.392,0.048,241.250,5.600,0.000,0.000,19.0
2010-02-04,01:18:00,1.414,0.054,241.980,5.800,0.000,0.000,18.0
2010-02-04,01:19:00,1.398,0.048,242.040,5.600,0.000,0.000,19.0
2010-02-04,01:20:00,1.412,0.050,242.040,5.800,0.000,0.000,18.0
2010-02-04,01:21:00,1.318,0.056,241.050,5.400,0.000,0.000,19.0
2010-02-04,01:22:00,1.338,0.050,241.210,5.400,0.000,1.000,18.0
2010-02-04,01:23:00,1.308,0.056,240.070,5.400,0.000,0.000,19.0
2010-02-04,01:24:00,1.328,0.052,240.280,5.400,0.000,0.000,18.0
2010-02-04,01:25:00,1.310,0.056,240.310,5.400,0.000,0.000,18.0
2010-02-04,01:26:00,1.334,0.050,240.900,5.400,0.000,0.000,19.0
2010-02-04,01:27:00,1.312,0.056,240.380,5.400,0.000,0.000,18.0
2010-02-04,01:28:00,1.322,0.052,239.600,5.400,0.000,1.000,18.0
2010-02-04,01:29:00,1.304,0.058,239.720,5.400,0.000,0.000,19.0
2010-02-04,01:30:00,1.320,0.052,239.540,5.400,0.000,0.000,18.0
2010-02-04,01:31:00,1.306,0.058,239.910,5.400,0.000,0.000,18.0
2010-02-04,01:32:00,1.320,0.052,239.500,5.400,0.000,0.000,18.0
2010-02-04,01:33:00,1.314,0.056,240.560,5.400,0.000,0.000,19.0
2010-02-04,01:34:00,1.336,0.050,240.920,5.400,0.000,1.000,18.0
2010-02-04,01:35:00,1.330,0.054,242.030,5.400,0.000,0.000,19.0
2010-02-04,01:36:00,1.388,0.000,241.560,5.800,0.000,0.000,18.0
2010-02-04,01:37:00,1.448,0.082,242.930,5.800,0.000,0.000,19.0
2010-02-04,01:38:00,1.460,0.086,242.750,6.000,0.000,0.000,19.0
2010-02-04,01:39:00,1.446,0.082,243.190,5.800,0.000,0.000,19.0
2010-02-04,01:40:00,1.450,0.084,242.070,6.000,0.000,0.000,18.0
2010-02-04,01:41:00,1.436,0.080,242.460,5.800,0.000,0.000,19.0
2010-02-04,01:42:00,1.444,0.084,241.730,6.000,0.000,1.000,18.0
2010-02-04,01:43:00,1.432,0.080,242.440,5.800,0.000,0.000,19.0
2010-02-04,01:44:00,1.446,0.086,242.280,6.000,0.000,0.000,19.0
2010-02-04,01:45:00,1.434,0.082,242.290,5.800,0.000,0.000,18.0
2010-02-04,01:46:00,1.428,0.082,241.370,5.800,0.000,0.000,19.0
2010-02-04,01:47:00,1.438,0.084,241.700,5.800,0.000,0.000,18.0
2010-02-04,01:48:00,1.418,0.078,241.550,5.800,0.000,1.000,19.0
2010-02-04,01:49:00,1.452,0.088,243.080,6.000,0.000,0.000,19.0
2010-02-04,01:50:00,1.424,0.080,242.290,5.800,0.000,0.000,18.0
2010-02-04,01:51:00,1.430,0.084,241.280,5.800,0.000,0.000,19.0
2010-02-04,01:52:00,1.904,0.240,239.430,8.000,0.000,0.000,26.0
2010-02-04,01:53:00,2.002,0.268,240.850,8.400,0.000,0.000,28.0
2010-02-04,01:54:00,1.986,0.230,240.800,8.200,0.000,0.000,28.0
2010-02-04,01:55:00,1.950,0.136,241.550,8.000,0.000,1.000,29.0
2010-02-04,01:56:00,1.802,0.090,242.180,7.400,0.000,0.000,27.0
2010-02-04,01:57:00,1.408,0.000,243.480,5.800,0.000,0.000,19.0
2010-02-04,01:58:00,1.414,0.052,242.870,5.800,0.000,0.000,19.0
2010-02-04,01:59:00,1.430,0.058,242.820,5.800,0.000,0.000,18.0
2010-02-04,02:00:00,1.400,0.048,241.700,5.800,0.000,0.000,19.0
2010-02-04,02:01:00,1.426,0.056,242.470,5.800,0.000,1.000,19.0
2010-02-04,02:02:00,1.406,0.050,242.400,5.800,0.000,0.000,18.0
2010-02-04,02:03:00,1.436,0.058,243.530,5.800,0.000,0.000,19.0
2010-02-04,02:04:00,1.408,0.052,242.830,5.800,0.000,0.000,19.0
2010-02-04,02:05:00,1.430,0.058,243.210,5.800,0.000,0.000,19.0
2010-02-04,02:06:00,1.402,0.050,242.540,5.800,0.000,0.000,18.0
2010-02-04,02:07:00,1.422,0.056,242.770,5.800,0.000,1.000,19.0
2010-02-04,02:08:00,1.398,0.050,242.210,5.600,0.000,0.000,19.0
2010-02-04,02:09:00,1.374,0.000,242.660,5.600,0.000,0.000,18.0
2010-02-04,02:10:00,1.328,0.054,241.910,5.400,0.000,0.000,19.0
2010-02-04,02:11:00,1.346,0.048,241.950,5.400,0.000,0.000,18.0
2010-02-04,02:12:00,1.324,0.054,241.620,5.400,0.000,0.000,19.0
2010-02-04,02:13:00,1.350,0.048,242.370,5.600,0.000,0.000,19.0
2010-02-04,02:14:00,1.332,0.054,242.310,5.400,0.000,0.000,18.0
2010-02-04,02:15:00,1.360,0.048,243.140,5.600,0.000,1.000,19.0
2010-02-04,02:16:00,1.358,0.050,243.900,5.600,0.000,0.000,19.0
2010-02-04,02:17:00,1.358,0.050,243.900,5.400,0.000,0.000,19.0
2010-02-04,02:18:00,1.364,0.046,243.670,5.600,0.000,0.000,19.0
2010-02-04,02:19:00,1.344,0.052,243.490,5.400,0.000,0.000,19.0
2010-02-04,02:20:00,1.360,0.048,243.180,5.600,0.000,1.000,18.0
2010-02-04,02:21:00,1.342,0.052,243.330,5.400,0.000,0.000,19.0
2010-02-04,02:22:00,1.368,0.046,243.910,5.600,0.000,0.000,19.0
2010-02-04,02:23:00,1.346,0.052,243.620,5.400,0.000,0.000,19.0
2010-02-04,02:24:00,1.442,0.000,243.130,5.800,0.000,0.000,19.0
2010-02-04,02:25:00,1.432,0.078,241.560,5.800,0.000,0.000,18.0
2010-02-04,02:26:00,1.454,0.086,242.140,6.000,0.000,1.000,19.0
2010-02-04,02:27:00,1.434,0.080,242.130,5.800,0.000,0.000,18.0
2010-02-04,02:28:00,1.462,0.088,243.260,6.000,0.000,0.000,19.0
2010-02-04,02:29:00,1.438,0.082,242.870,5.800,0.000,0.000,19.0
2010-02-04,02:30:00,1.466,0.090,243.870,6.000,0.000,0.000,19.0
2010-02-04,02:31:00,1.440,0.082,243.260,5.800,0.000,0.000,19.0
2010-02-04,02:32:00,1.466,0.090,243.950,6.000,0.000,0.000,19.0
2010-02-04,02:33:00,1.442,0.084,243.590,5.800,0.000,0.000,18.0
2010-02-04,02:34:00,1.470,0.092,244.610,6.000,0.000,1.000,19.0
2010-02-04,02:35:00,1.450,0.086,244.540,5.800,0.000,0.000,19.0
2010-02-04,02:36:00,1.466,0.092,244.320,6.000,0.000,0.000,19.0
2010-02-04,02:37:00,1.434,0.082,243.060,5.800,0.000,0.000,19.0
2010-02-04,02:38:00,1.450,0.088,243.010,6.000,0.000,0.000,19.0
2010-02-04,02:39:00,1.426,0.080,242.490,5.800,0.000,0.000,19.0
2010-02-04,02:40:00,1.452,0.088,243.280,6.000,0.000,1.000,18.0
2010-02-04,02:41:00,1.432,0.082,243.080,5.800,0.000,0.000,19.0
2010-02-04,02:42:00,1.388,0.000,244.390,5.600,0.000,0.000,19.0
2010-02-04,02:43:00,1.350,0.052,244.000,5.400,0.000,0.000,19.0
2010-02-04,02:44:00,1.364,0.048,243.530,5.600,0.000,0.000,19.0
2010-02-04,02:45:00,1.342,0.054,243.330,5.400,0.000,0.000,19.0
2010-02-04,02:46:00,1.360,0.048,243.240,5.600,0.000,1.000,18.0
2010-02-04,02:47:00,1.418,0.000,242.760,5.800,0.000,0.000,19.0
2010-02-04,02:48:00,1.420,0.052,243.200,5.800,0.000,0.000,19.0
2010-02-04,02:49:00,1.420,0.054,241.890,5.800,0.000,0.000,18.0
2010-02-04,02:50:00,1.398,0.048,241.590,5.800,0.000,0.000,19.0
2010-02-04,02:51:00,1.410,0.052,241.020,5.800,0.000,0.000,18.0
2010-02-04,02:52:00,1.400,0.048,241.790,5.800,0.000,0.000,19.0
2010-02-04,02:53:00,1.418,0.054,241.890,5.800,0.000,1.000,19.0
2010-02-04,02:54:00,1.410,0.052,242.980,5.800,0.000,0.000,18.0
2010-02-04,02:55:00,1.422,0.056,242.620,5.800,0.000,0.000,19.0
2010-02-04,02:56:00,1.410,0.052,243.100,5.800,0.000,0.000,19.0
2010-02-04,02:57:00,1.424,0.056,242.820,5.800,0.000,0.000,19.0
2010-02-04,02:58:00,1.388,0.000,242.720,5.600,0.000,0.000,18.0
2010-02-04,02:59:00,1.348,0.048,242.170,5.600,0.000,1.000,19.0
2010-02-04,03:00:00,1.342,0.052,243.250,5.400,0.000,0.000,19.0
2010-02-04,03:01:00,1.356,0.048,242.880,5.600,0.000,0.000,18.0
2010-02-04,03:02:00,1.336,0.054,242.660,5.400,0.000,0.000,19.0
2010-02-04,03:03:00,1.354,0.048,242.670,5.600,0.000,0.000,19.0
2010-02-04,03:04:00,1.336,0.054,242.780,5.400,0.000,0.000,19.0
2010-02-04,03:05:00,1.350,0.048,242.280,5.600,0.000,1.000,18.0
2010-02-04,03:06:00,1.330,0.054,242.110,5.400,0.000,0.000,19.0
2010-02-04,03:07:00,1.350,0.050,242.250,5.600,0.000,0.000,18.0
2010-02-04,03:08:00,1.328,0.054,241.840,5.400,0.000,0.000,19.0
2010-02-04,03:09:00,1.352,0.048,242.490,5.600,0.000,0.000,19.0
2010-02-04,03:10:00,1.330,0.054,242.170,5.400,0.000,0.000,18.0
2010-02-04,03:11:00,1.362,0.048,243.320,5.600,0.000,0.000,19.0
2010-02-04,03:12:00,1.426,0.000,243.290,5.800,0.000,0.000,19.0
2010-02-04,03:13:00,1.474,0.090,243.730,6.000,0.000,1.000,19.0
2010-02-04,03:14:00,1.448,0.082,243.280,5.800,0.000,0.000,19.0
2010-02-04,03:15:00,1.466,0.088,243.310,6.000,0.000,0.000,18.0
2010-02-04,03:16:00,1.448,0.084,243.150,5.800,0.000,0.000,19.0
2010-02-04,03:17:00,1.468,0.090,244.280,6.000,0.000,0.000,19.0
2010-02-04,03:18:00,1.464,0.088,243.720,6.000,0.000,0.000,19.0
2010-02-04,03:19:00,1.452,0.086,244.030,5.800,0.000,1.000,19.0
2010-02-04,03:20:00,1.464,0.090,243.910,6.000,0.000,0.000,19.0
2010-02-04,03:21:00,1.446,0.084,243.940,5.800,0.000,0.000,19.0
2010-02-04,03:22:00,1.456,0.088,243.320,6.000,0.000,0.000,18.0
2010-02-04,03:23:00,1.444,0.084,243.900,5.800,0.000,0.000,19.0
2010-02-04,03:24:00,1.456,0.090,243.440,6.000,0.000,1.000,19.0
2010-02-04,03:25:00,1.448,0.086,244.460,5.800,0.000,0.000,19.0
2010-02-04,03:26:00,1.466,0.092,244.480,6.000,0.000,0.000,19.0
2010-02-04,03:27:00,1.450,0.086,244.600,5.800,0.000,0.000,19.0
2010-02-04,03:28:00,1.452,0.088,243.270,6.000,0.000,0.000,19.0
2010-02-04,03:29:00,1.420,0.058,243.600,5.800,0.000,0.000,19.0
2010-02-04,03:30:00,1.358,0.048,243.040,5.600,0.000,0.000,19.0
2010-02-04,03:31:00,1.348,0.052,243.850,5.400,0.000,0.000,18.0
2010-02-04,03:32:00,1.374,0.046,244.540,5.600,0.000,1.000,19.0
2010-02-04,03:33:00,1.362,0.052,245.170,5.400,0.000,0.000,19.0
2010-02-04,03:34:00,1.372,0.046,244.240,5.600,0.000,0.000,19.0
2010-02-04,03:35:00,1.346,0.052,243.700,5.400,0.000,0.000,19.0
2010-02-04,03:36:00,1.360,0.048,243.160,5.600,0.000,0.000,19.0
2010-02-04,03:37:00,1.424,0.000,244.060,5.800,0.000,0.000,19.0
2010-02-04,03:38:00,1.440,0.058,243.690,5.800,0.000,1.000,19.0
2010-02-04,03:39:00,1.530,0.182,244.700,6.200,0.000,1.000,19.0
2010-02-04,03:40:00,1.528,0.186,244.440,6.200,0.000,2.000,19.0
2010-02-04,03:41:00,1.502,0.178,243.810,6.200,0.000,1.000,19.0
2010-02-04,03:42:00,1.514,0.184,243.570,6.200,0.000,2.000,19.0
2010-02-04,03:43:00,1.498,0.178,243.920,6.200,0.000,1.000,18.0
2010-02-04,03:44:00,1.524,0.186,244.380,6.200,0.000,2.000,19.0
2010-02-04,03:45:00,1.508,0.182,244.710,6.200,0.000,1.000,19.0
2010-02-04,03:46:00,1.512,0.182,243.530,6.200,0.000,2.000,19.0
2010-02-04,03:47:00,1.502,0.178,243.580,6.200,0.000,1.000,19.0
2010-02-04,03:48:00,1.446,0.094,243.240,5.800,0.000,2.000,19.0
2010-02-04,03:49:00,1.448,0.076,243.930,5.800,0.000,2.000,19.0
2010-02-04,03:50:00,1.430,0.072,243.840,5.800,0.000,1.000,19.0
2010-02-04,03:51:00,1.450,0.078,244.120,5.800,0.000,2.000,19.0
2010-02-04,03:52:00,1.436,0.072,244.330,5.800,0.000,1.000,19.0
2010-02-04,03:53:00,1.454,0.078,244.390,5.800,0.000,2.000,19.0
2010-02-04,03:54:00,1.422,0.068,243.100,5.800,0.000,1.000,18.0
2010-02-04,03:55:00,1.434,0.072,242.580,5.800,0.000,2.000,19.0
2010-02-04,03:56:00,1.414,0.068,242.440,5.800,0.000,1.000,19.0
2010-02-04,03:57:00,1.426,0.072,241.920,5.800,0.000,2.000,18.0
2010-02-04,03:58:00,1.414,0.068,242.640,5.800,0.000,1.000,19.0
2010-02-04,03:59:00,1.434,0.074,242.850,5.800,0.000,2.000,19.0
2010-02-04,04:00:00,1.490,0.152,242.580,6.200,0.000,1.000,18.0
2010-02-04,04:01:00,1.534,0.208,242.200,6.400,0.000,2.000,19.0
2010-02-04,04:02:00,1.524,0.208,243.330,6.200,0.000,1.000,19.0
2010-02-04,04:03:00,1.536,0.212,242.920,6.400,0.000,2.000,19.0
2010-02-04,04:04:00,1.528,0.210,243.970,6.200,0.000,1.000,18.0
2010-02-04,04:05:00,1.538,0.214,243.390,6.400,0.000,2.000,19.0
2010-02-04,04:06:00,1.514,0.206,243.070,6.200,0.000,1.000,19.0
2010-02-04,04:07:00,1.524,0.210,242.490,6.200,0.000,1.000,19.0
2010-02-04,04:08:00,1.512,0.206,243.150,6.200,0.000,2.000,18.0
2010-02-04,04:09:00,1.522,0.210,242.620,6.200,0.000,1.000,19.0
2010-02-04,04:10:00,1.510,0.208,243.240,6.200,0.000,1.000,19.0
2010-02-04,04:11:00,1.536,0.216,244.090,6.200,0.000,2.000,19.0
2010-02-04,04:12:00,1.526,0.214,244.850,6.200,0.000,1.000,19.0
2010-02-04,04:13:00,1.534,0.216,244.090,6.200,0.000,2.000,19.0
2010-02-04,04:14:00,1.526,0.216,245.050,6.200,0.000,1.000,19.0
2010-02-04,04:15:00,1.540,0.220,244.740,6.200,0.000,1.000,19.0
2010-02-04,04:16:00,1.518,0.212,244.510,6.200,0.000,2.000,19.0
2010-02-04,04:17:00,1.502,0.172,244.240,6.200,0.000,1.000,19.0
2010-02-04,04:18:00,1.440,0.076,244.830,5.800,0.000,1.000,19.0
2010-02-04,04:19:00,1.434,0.074,244.660,5.800,0.000,2.000,19.0
2010-02-04,04:20:00,1.444,0.078,244.600,5.800,0.000,1.000,19.0
2010-02-04,04:21:00,1.414,0.070,243.550,5.800,0.000,1.000,19.0
2010-02-04,04:22:00,1.434,0.076,243.680,5.800,0.000,2.000,18.0
2010-02-04,04:23:00,1.418,0.070,243.830,5.800,0.000,1.000,19.0
2010-02-04,04:24:00,1.440,0.078,244.210,5.800,0.000,2.000,19.0
2010-02-04,04:25:00,1.426,0.072,244.730,5.800,0.000,1.000,19.0
2010-02-04,04:26:00,1.488,0.112,245.150,6.000,0.000,1.000,19.0
2010-02-04,04:27:00,1.502,0.180,244.690,6.200,0.000,1.000,19.0
2010-02-04,04:28:00,1.530,0.190,245.540,6.200,0.000,2.000,19.0
2010-02-04,04:29:00,1.516,0.186,246.070,6.200,0.000,1.000,20.0
2010-02-04,04:30:00,1.540,0.194,246.480,6.200,0.000,2.000,19.0
2010-02-04,04:31:00,1.100,0.194,246.900,5.000,0.000,1.000,14.0
2010-02-04,04:32:00,0.420,0.208,247.460,1.800,0.000,1.000,0.0
2010-02-04,04:33:00,0.398,0.198,246.580,1.800,0.000,2.000,1.0
2010-02-04,04:34:00,0.414,0.202,245.950,1.800,0.000,1.000,1.0
2010-02-04,04:35:00,0.394,0.192,245.090,1.800,0.000,1.000,0.0
2010-02-04,04:36:00,0.412,0.200,245.320,1.800,0.000,2.000,1.0
2010-02-04,04:37:00,0.348,0.126,245.420,1.400,0.000,1.000,1.0
2010-02-04,04:38:00,0.342,0.090,245.050,1.400,0.000,1.000,0.0
2010-02-04,04:39:00,0.320,0.082,243.910,1.400,0.000,2.000,1.0
2010-02-04,04:40:00,0.338,0.086,243.690,1.400,0.000,1.000,1.0
2010-02-04,04:41:00,0.320,0.082,244.040,1.400,0.000,1.000,0.0
2010-02-04,04:42:00,0.340,0.090,244.700,1.400,0.000,2.000,1.0
2010-02-04,04:43:00,0.322,0.084,244.770,1.400,0.000,1.000,1.0
2010-02-04,04:44:00,0.342,0.092,245.550,1.400,0.000,1.000,0.0
2010-02-04,04:45:00,0.324,0.088,246.030,1.400,0.000,2.000,1.0
2010-02-04,04:46:00,0.340,0.090,244.790,1.400,0.000,1.000,1.0
2010-02-04,04:47:00,0.320,0.080,243.580,1.400,0.000,1.000,0.0
2010-02-04,04:48:00,0.408,0.158,243.210,1.800,0.000,2.000,1.0
2010-02-04,04:49:00,0.444,0.224,243.800,2.000,0.000,1.000,1.0
2010-02-04,04:50:00,0.432,0.222,244.270,2.000,0.000,1.000,0.0
2010-02-04,04:51:00,0.446,0.228,244.530,2.000,0.000,2.000,1.0
2010-02-04,04:52:00,0.424,0.218,243.540,1.800,0.000,1.000,1.0
2010-02-04,04:53:00,0.442,0.228,244.320,2.000,0.000,1.000,0.0
2010-02-04,04:54:00,0.422,0.220,243.940,1.800,0.000,1.000,1.0
2010-02-04,04:55:00,0.440,0.228,244.360,2.000,0.000,2.000,1.0
2010-02-04,04:56:00,0.420,0.222,244.180,1.800,0.000,1.000,0.0
2010-02-04,04:57:00,0.438,0.230,244.990,2.000,0.000,2.000,1.0
2010-02-04,04:58:00,0.416,0.220,244.030,1.800,0.000,1.000,1.0
2010-02-04,04:59:00,0.434,0.228,244.140,2.000,0.000,1.000,0.0
2010-02-04,05:00:00,0.416,0.222,244.240,1.800,0.000,1.000,1.0
2010-02-04,05:01:00,0.434,0.230,244.610,2.000,0.000,2.000,1.0
2010-02-04,05:02:00,0.416,0.226,244.940,1.800,0.000,1.000,0.0
2010-02-04,05:03:00,0.434,0.230,244.520,2.000,0.000,1.000,1.0
2010-02-04,05:04:00,0.414,0.220,243.860,1.800,0.000,2.000,1.0
2010-02-04,05:05:00,0.392,0.170,243.190,1.800,0.000,1.000,0.0
2010-02-04,05:06:00,0.316,0.078,242.540,1.200,0.000,1.000,1.0
2010-02-04,05:07:00,0.336,0.086,243.370,1.400,0.000,2.000,1.0
2010-02-04,05:08:00,0.318,0.082,243.710,1.400,0.000,1.000,0.0
2010-02-04,05:09:00,0.338,0.090,244.420,1.400,0.000,1.000,1.0
2010-02-04,05:10:00,0.318,0.080,242.990,1.200,0.000,1.000,1.0
2010-02-04,05:11:00,0.336,0.084,243.130,1.400,0.000,2.000,0.0
2010-02-04,05:12:00,0.318,0.080,242.960,1.200,0.000,1.000,1.0
2010-02-04,05:13:00,0.338,0.088,244.030,1.400,0.000,1.000,1.0
2010-02-04,05:14:00,0.300,0.048,243.640,1.200,0.000,1.000,0.0
2010-02-04,05:15:00,0.270,0.000,244.120,1.200,0.000,1.000,1.0
2010-02-04,05:16:00,0.284,0.000,243.290,1.400,0.000,0.000,1.0
2010-02-04,05:17:00,0.344,0.068,243.310,1.400,0.000,0.000,0.0
2010-02-04,05:18:00,0.332,0.064,243.060,1.400,0.000,0.000,1.0
2010-02-04,05:19:00,0.338,0.068,243.690,1.400,0.000,0.000,1.0
2010-02-04,05:20:00,0.344,0.070,243.760,1.400,0.000,0.000,0.0
2010-02-04,05:21:00,0.328,0.068,245.120,1.400,0.000,1.000,1.0
2010-02-04,05:22:00,0.346,0.074,245.260,1.400,0.000,0.000,1.0
2010-02-04,05:23:00,0.328,0.070,245.880,1.400,0.000,0.000,1.0
2010-02-04,05:24:00,0.342,0.072,244.440,1.400,0.000,0.000,0.0
2010-02-04,05:25:00,0.322,0.066,244.280,1.400,0.000,0.000,1.0
2010-02-04,05:26:00,0.338,0.070,243.610,1.400,0.000,0.000,1.0
2010-02-04,05:27:00,0.270,0.000,243.950,1.000,0.000,0.000,0.0
2010-02-04,05:28:00,0.268,0.000,243.410,1.200,0.000,1.000,1.0
2010-02-04,05:29:00,0.250,0.000,244.060,1.000,0.000,0.000,1.0
2010-02-04,05:30:00,0.270,0.000,244.290,1.200,0.000,0.000,0.0
2010-02-04,05:31:00,0.250,0.000,244.010,1.000,0.000,0.000,1.0
2010-02-04,05:32:00,0.250,0.000,243.930,1.000,0.000,0.000,1.0
2010-02-04,05:33:00,0.250,0.000,243.560,1.000,0.000,0.000,0.0
2010-02-04,05:34:00,0.250,0.000,243.820,1.000,0.000,0.000,1.0
2010-02-04,05:35:00,0.250,0.000,243.140,1.000,0.000,0.000,1.0
2010-02-04,05:36:00,0.278,0.000,243.640,1.200,0.000,0.000,0.0
2010-02-04,05:37:00,0.360,0.092,242.690,1.400,0.000,0.000,1.0
2010-02-04,05:38:00,0.360,0.094,243.570,1.400,0.000,0.000,1.0
2010-02-04,05:39:00,0.356,0.092,243.030,1.400,0.000,0.000,0.0
2010-02-04,05:40:00,0.356,0.096,244.180,1.400,0.000,0.000,1.0
2010-02-04,05:41:00,0.354,0.094,243.470,1.400,0.000,0.000,1.0
2010-02-04,05:42:00,0.354,0.096,244.030,1.400,0.000,0.000,0.0
2010-02-04,05:43:00,0.350,0.094,243.210,1.400,0.000,0.000,1.0
2010-02-04,05:44:00,0.348,0.092,242.800,1.400,0.000,0.000,1.0
2010-02-04,05:45:00,0.348,0.092,242.620,1.400,0.000,0.000,0.0
2010-02-04,05:46:00,0.346,0.092,242.930,1.400,0.000,0.000,1.0
2010-02-04,05:47:00,0.348,0.096,244.180,1.400,0.000,0.000,1.0
2010-02-04,05:48:00,0.352,0.102,246.300,1.400,0.000,0.000,0.0
2010-02-04,05:49:00,0.350,0.100,245.670,1.400,0.000,0.000,1.0
2010-02-04,05:50:00,0.350,0.100,245.870,1.400,0.000,0.000,1.0
2010-02-04,05:51:00,0.352,0.098,245.440,1.400,0.000,0.000,0.0
2010-02-04,05:52:00,0.358,0.100,246.090,1.400,0.000,0.000,1.0
2010-02-04,05:53:00,0.356,0.100,245.820,1.400,0.000,0.000,1.0
2010-02-04,05:54:00,0.276,0.000,245.640,1.200,0.000,0.000,0.0
2010-02-04,05:55:00,0.262,0.000,246.030,1.000,0.000,0.000,1.0
2010-02-04,05:56:00,0.262,0.000,246.280,1.000,0.000,0.000,1.0
2010-02-04,05:57:00,0.262,0.000,246.360,1.000,0.000,0.000,0.0
2010-02-04,05:58:00,0.262,0.000,247.180,1.000,0.000,0.000,1.0
2010-02-04,05:59:00,0.262,0.000,247.210,1.000,0.000,0.000,1.0
2010-02-04,06:00:00,0.264,0.000,248.090,1.000,0.000,0.000,0.0
2010-02-04,06:01:00,0.264,0.000,247.550,1.000,0.000,0.000,1.0
2010-02-04,06:02:00,0.262,0.000,247.500,1.000,0.000,0.000,1.0
2010-02-04,06:03:00,0.262,0.000,247.170,1.000,0.000,0.000,0.0
2010-02-04,06:04:00,0.262,0.000,247.010,1.000,0.000,0.000,1.0
2010-02-04,06:05:00,0.260,0.000,246.560,1.000,0.000,0.000,1.0
2010-02-04,06:06:00,0.970,0.000,246.440,4.600,0.000,0.000,11.0
2010-02-04,06:07:00,1.510,0.048,246.190,6.000,0.000,0.000,20.0
2010-02-04,06:08:00,1.480,0.058,245.960,6.000,0.000,0.000,20.0
2010-02-04,06:09:00,1.460,0.056,245.330,5.800,0.000,0.000,19.0
2010-02-04,06:10:00,1.450,0.054,244.970,5.800,0.000,0.000,19.0
2010-02-04,06:11:00,1.446,0.054,245.040,5.800,0.000,0.000,19.0
2010-02-04,06:12:00,1.446,0.054,245.250,5.800,0.000,0.000,20.0
2010-02-04,06:13:00,1.450,0.056,245.910,5.800,0.000,0.000,19.0
2010-02-04,06:14:00,1.444,0.056,245.450,5.800,0.000,0.000,19.0
2010-02-04,06:15:00,1.434,0.054,244.680,5.800,0.000,0.000,19.0
2010-02-04,06:16:00,1.430,0.052,244.400,5.800,0.000,0.000,19.0
2010-02-04,06:17:00,1.880,0.206,243.770,7.800,0.000,0.000,26.0
2010-02-04,06:18:00,1.936,0.158,244.670,7.800,0.000,0.000,29.0
2010-02-04,06:19:00,1.960,0.156,244.590,8.000,0.000,0.000,29.0
2010-02-04,06:20:00,1.968,0.152,244.220,8.000,0.000,0.000,29.0
2010-02-04,06:21:00,1.440,0.000,244.650,5.800,0.000,0.000,21.0
2010-02-04,06:22:00,1.406,0.000,243.630,5.600,0.000,0.000,19.0
2010-02-04,06:23:00,1.502,0.000,243.820,6.000,0.000,0.000,18.0
2010-02-04,06:24:00,1.490,0.000,242.790,6.000,0.000,0.000,19.0
2010-02-04,06:25:00,1.496,0.000,243.250,6.000,0.000,0.000,19.0
2010-02-04,06:26:00,1.516,0.000,243.220,6.200,0.000,0.000,19.0
2010-02-04,06:27:00,1.706,0.116,242.910,7.000,0.000,0.000,19.0
2010-02-04,06:28:00,1.738,0.114,241.810,7.200,0.000,0.000,18.0
2010-02-04,06:29:00,1.870,0.128,241.860,7.600,0.000,0.000,19.0
2010-02-04,06:30:00,2.026,0.134,241.350,8.400,0.000,0.000,18.0
2010-02-04,06:31:00,2.038,0.138,242.330,8.400,0.000,0.000,19.0
2010-02-04,06:32:00,2.136,0.136,242.280,8.800,0.000,0.000,18.0
2010-02-04,06:33:00,2.198,0.136,242.460,9.000,0.000,0.000,19.0
2010-02-04,06:34:00,2.180,0.132,241.470,9.000,0.000,0.000,19.0
2010-02-04,06:35:00,2.182,0.134,241.780,9.000,0.000,0.000,18.0
2010-02-04,06:36:00,2.176,0.132,241.460,9.000,0.000,0.000,19.0
2010-02-04,06:37:00,2.186,0.134,242.180,9.000,0.000,0.000,18.0
2010-02-04,06:38:00,2.472,0.094,241.550,10.600,0.000,0.000,19.0
2010-02-04,06:39:00,4.724,0.096,238.860,19.800,0.000,0.000,18.0
2010-02-04,06:40:00,5.042,0.096,237.800,21.200,0.000,0.000,18.0
2010-02-04,06:41:00,5.136,0.088,238.860,21.400,0.000,0.000,18.0
2010-02-04,06:42:00,4.314,0.092,239.480,18.200,0.000,0.000,18.0
2010-02-04,06:43:00,2.318,0.094,241.540,9.600,0.000,0.000,19.0
2010-02-04,06:44:00,2.704,0.000,241.320,11.200,0.000,0.000,18.0
2010-02-04,06:45:00,3.818,0.048,240.070,16.000,0.000,0.000,19.0
2010-02-04,06:46:00,3.512,0.000,240.810,14.800,0.000,0.000,18.0
2010-02-04,06:47:00,4.290,0.000,239.720,18.000,0.000,0.000,18.0
2010-02-04,06:48:00,4.816,0.000,239.780,20.200,0.000,0.000,19.0
2010-02-04,06:49:00,4.176,0.000,240.780,17.400,0.000,0.000,18.0
2010-02-04,06:50:00,3.640,0.000,240.510,15.600,0.000,0.000,18.0
2010-02-04,06:51:00,3.158,0.062,241.030,13.200,0.000,0.000,19.0
2010-02-04,06:52:00,3.000,0.070,239.890,12.400,0.000,0.000,18.0
2010-02-04,06:53:00,2.544,0.068,239.840,10.600,0.000,0.000,19.0
2010-02-04,06:54:00,2.276,0.054,239.690,9.600,0.000,0.000,18.0
2010-02-04,06:55:00,2.904,0.052,239.100,12.400,0.000,0.000,18.0
2010-02-04,06:56:00,3.568,0.056,238.370,15.000,0.000,0.000,18.0
2010-02-04,06:57:00,2.986,0.000,237.300,12.400,0.000,0.000,18.0
2010-02-04,06:58:00,2.736,0.000,237.630,11.600,0.000,0.000,18.0
2010-02-04,06:59:00,2.200,0.000,237.550,9.200,0.000,0.000,18.0
2010-02-04,07:00:00,2.200,0.000,238.000,9.200,0.000,0.000,18.0
2010-02-04,07:01:00,2.186,0.000,237.070,9.200,0.000,0.000,18.0
2010-02-04,07:02:00,2.180,0.000,236.510,9.200,0.000,0.000,17.0
2010-02-04,07:03:00,2.200,0.000,237.790,9.200,0.000,0.000,18.0
2010-02-04,07:04:00,2.214,0.000,238.730,9.200,0.000,0.000,19.0
2010-02-04,07:05:00,2.182,0.000,237.060,9.200,0.000,0.000,17.0
2010-02-04,07:06:00,2.200,0.000,238.270,9.200,0.000,0.000,18.0
2010-02-04,07:07:00,2.380,0.000,238.190,10.000,0.000,0.000,18.0
2010-02-04,07:08:00,2.734,0.130,238.130,11.800,0.000,0.000,19.0
2010-02-04,07:09:00,2.380,0.166,238.170,10.000,0.000,0.000,18.0
2010-02-04,07:10:00,2.598,0.176,238.100,10.800,0.000,0.000,18.0
2010-02-04,07:11:00,2.760,0.178,237.890,11.600,0.000,0.000,18.0
2010-02-04,07:12:00,2.770,0.180,238.310,11.600,0.000,0.000,18.0
2010-02-04,07:13:00,2.770,0.178,238.090,11.600,0.000,0.000,18.0
2010-02-04,07:14:00,3.054,0.178,238.290,12.800,0.000,0.000,18.0
2010-02-04,07:15:00,3.034,0.174,237.480,12.800,0.000,0.000,18.0
2010-02-04,07:16:00,2.904,0.118,237.090,12.200,0.000,0.000,17.0
2010-02-04,07:17:00,2.838,0.072,236.990,11.800,0.000,0.000,18.0
2010-02-04,07:18:00,2.920,0.074,237.660,12.200,0.000,0.000,18.0
2010-02-04,07:19:00,2.698,0.076,237.420,11.200,0.000,0.000,18.0
2010-02-04,07:20:00,2.620,0.076,236.690,11.000,0.000,0.000,18.0
2010-02-04,07:21:00,2.738,0.074,236.870,11.400,0.000,0.000,18.0
2010-02-04,07:22:00,2.770,0.072,236.460,11.600,0.000,0.000,18.0
2010-02-04,07:23:00,2.784,0.074,237.160,11.600,0.000,0.000,18.0
2010-02-04,07:24:00,2.778,0.072,236.330,11.600,0.000,0.000,17.0
2010-02-04,07:25:00,2.880,0.072,236.560,12.000,0.000,0.000,18.0
2010-02-04,07:26:00,2.668,0.000,237.450,11.200,0.000,0.000,18.0
2010-02-04,07:27:00,2.352,0.066,239.330,9.800,0.000,0.000,18.0
2010-02-04,07:28:00,2.338,0.066,240.420,9.600,0.000,0.000,18.0
2010-02-04,07:29:00,2.414,0.064,242.560,9.800,0.000,0.000,19.0
2010-02-04,07:30:00,2.532,0.068,241.370,10.400,0.000,0.000,19.0
2010-02-04,07:31:00,2.500,0.066,242.610,10.200,0.000,0.000,18.0
2010-02-04,07:32:00,1.804,0.058,242.430,7.400,0.000,0.000,19.0
2010-02-04,07:33:00,1.802,0.058,242.330,7.400,0.000,0.000,19.0
2010-02-04,07:34:00,1.790,0.058,241.480,7.400,0.000,0.000,18.0
2010-02-04,07:35:00,1.798,0.058,242.080,7.400,0.000,0.000,19.0
2010-02-04,07:36:00,1.790,0.058,242.020,7.400,0.000,0.000,18.0
2010-02-04,07:37:00,1.800,0.058,242.730,7.400,0.000,0.000,19.0
2010-02-04,07:38:00,1.792,0.058,242.150,7.400,0.000,0.000,19.0
2010-02-04,07:39:00,1.770,0.058,241.910,7.200,0.000,0.000,18.0
2010-02-04,07:40:00,2.284,0.046,241.380,9.400,0.000,0.000,19.0
2010-02-04,07:41:00,2.736,0.124,240.810,11.400,0.000,0.000,26.0
2010-02-04,07:42:00,2.706,0.134,240.130,11.200,0.000,0.000,28.0
2010-02-04,07:43:00,2.768,0.134,240.020,11.400,0.000,0.000,29.0
2010-02-04,07:44:00,2.784,0.134,240.320,11.600,0.000,0.000,28.0
2010-02-04,07:45:00,2.780,0.132,239.930,11.600,0.000,0.000,28.0
2010-02-04,07:46:00,2.402,0.000,241.970,10.000,0.000,0.000,23.0
2010-02-04,07:47:00,2.214,0.000,242.510,9.000,0.000,0.000,19.0
2010-02-04,07:48:00,2.222,0.000,243.080,9.000,0.000,0.000,18.0
2010-02-04,07:49:00,2.212,0.000,242.490,9.000,0.000,0.000,19.0
2010-02-04,07:50:00,2.212,0.000,243.000,9.000,0.000,0.000,19.0
2010-02-04,07:51:00,2.196,0.000,241.950,9.000,0.000,0.000,18.0
2010-02-04,07:52:00,2.364,0.124,241.780,9.800,0.000,0.000,19.0
2010-02-04,07:53:00,2.366,0.194,241.260,9.800,0.000,0.000,19.0
2010-02-04,07:54:00,2.372,0.196,241.730,9.800,0.000,0.000,18.0
2010-02-04,07:55:00,2.278,0.200,242.080,9.400,0.000,0.000,19.0
2010-02-04,07:56:00,2.260,0.198,241.600,9.400,0.000,0.000,18.0
2010-02-04,07:57:00,2.242,0.198,240.580,9.200,0.000,0.000,19.0
2010-02-04,07:58:00,2.254,0.206,241.550,9.200,0.000,0.000,18.0
2010-02-04,07:59:00,2.368,0.182,241.110,9.800,0.000,0.000,19.0
2010-02-04,08:00:00,2.608,0.180,241.340,10.800,0.000,0.000,18.0
2010-02-04,08:01:00,1.954,0.346,241.000,8.200,0.000,0.000,19.0
2010-02-04,08:02:00,1.980,0.388,241.010,8.200,0.000,0.000,18.0
2010-02-04,08:03:00,1.886,0.210,240.390,7.800,0.000,0.000,18.0
2010-02-04,08:04:00,1.896,0.192,242.400,7.800,0.000,0.000,19.0
2010-02-04,08:05:00,1.714,0.088,241.580,7.000,0.000,0.000,19.0
2010-02-04,08:06:00,1.706,0.088,241.770,7.000,0.000,0.000,18.0
2010-02-04,08:07:00,1.714,0.090,242.370,7.000,0.000,0.000,19.0
2010-02-04,08:08:00,1.708,0.088,241.930,7.000,0.000,0.000,18.0
2010-02-04,08:09:00,1.678,0.068,240.480,7.000,0.000,0.000,19.0
2010-02-04,08:10:00,1.640,0.046,241.570,6.800,0.000,0.000,18.0
2010-02-04,08:11:00,1.724,0.048,241.750,7.000,0.000,0.000,19.0
2010-02-04,08:12:00,1.666,0.046,242.610,6.800,0.000,0.000,19.0
2010-02-04,08:13:00,1.616,0.046,241.980,6.600,0.000,0.000,18.0
2010-02-04,08:14:00,1.626,0.000,242.400,6.600,0.000,0.000,19.0
2010-02-04,08:15:00,1.626,0.000,242.310,6.600,0.000,0.000,19.0
2010-02-04,08:16:00,1.624,0.000,242.060,6.600,0.000,0.000,18.0
2010-02-04,08:17:00,1.626,0.000,242.280,6.600,0.000,0.000,19.0
2010-02-04,08:18:00,1.618,0.046,242.150,6.600,0.000,0.000,18.0
2010-02-04,08:19:00,1.622,0.000,242.510,6.600,0.000,0.000,19.0
2010-02-04,08:20:00,1.618,0.000,242.270,6.600,0.000,0.000,19.0
2010-02-04,08:21:00,1.630,0.000,243.130,6.600,0.000,0.000,19.0
2010-02-04,08:22:00,1.610,0.048,241.560,6.600,0.000,0.000,18.0
2010-02-04,08:23:00,1.612,0.048,241.690,6.600,0.000,0.000,19.0
2010-02-04,08:24:00,1.616,0.048,242.010,6.600,0.000,0.000,18.0
2010-02-04,08:25:00,1.622,0.048,242.550,6.600,0.000,0.000,19.0
2010-02-04,08:26:00,1.620,0.046,242.420,6.600,0.000,0.000,19.0
2010-02-04,08:27:00,1.630,0.046,243.110,6.600,0.000,0.000,18.0
2010-02-04,08:28:00,1.620,0.046,242.320,6.600,0.000,0.000,19.0
2010-02-04,08:29:00,1.648,0.000,244.250,6.600,0.000,0.000,19.0
2010-02-04,08:30:00,1.646,0.000,243.840,6.600,0.000,0.000,19.0
2010-02-04,08:31:00,1.976,0.046,243.460,8.400,0.000,0.000,19.0
2010-02-04,08:32:00,2.954,0.054,242.340,12.200,0.000,0.000,18.0
2010-02-04,08:33:00,2.978,0.052,243.390,12.200,0.000,0.000,19.0
2010-02-04,08:34:00,2.926,0.056,241.130,12.000,0.000,0.000,19.0
2010-02-04,08:35:00,2.274,0.050,242.700,9.600,0.000,0.000,18.0
2010-02-04,08:36:00,1.662,0.000,242.650,6.800,0.000,0.000,19.0
2010-02-04,08:37:00,1.742,0.092,243.470,7.000,0.000,0.000,19.0
2010-02-04,08:38:00,1.748,0.094,244.120,7.000,0.000,0.000,19.0
2010-02-04,08:39:00,1.764,0.100,245.460,7.200,0.000,0.000,19.0
2010-02-04,08:40:00,1.754,0.098,244.780,7.000,0.000,0.000,19.0
2010-02-04,08:41:00,1.758,0.098,245.290,7.000,0.000,0.000,19.0
2010-02-04,08:42:00,1.826,0.198,243.630,7.400,0.000,0.000,19.0
2010-02-04,08:43:00,1.810,0.200,243.750,7.400,0.000,0.000,19.0
2010-02-04,08:44:00,2.330,0.378,242.540,9.600,0.000,0.000,27.0
2010-02-04,08:45:00,2.394,0.390,242.780,10.000,0.000,0.000,28.0
2010-02-04,08:46:00,2.386,0.378,241.570,10.000,0.000,0.000,29.0
2010-02-04,08:47:00,2.404,0.386,242.640,10.000,0.000,0.000,29.0
2010-02-04,08:48:00,2.400,0.384,242.380,10.000,0.000,0.000,29.0
2010-02-04,08:49:00,1.842,0.210,241.830,7.600,0.000,0.000,20.0
2010-02-04,08:50:00,1.778,0.192,241.730,7.400,0.000,0.000,18.0
2010-02-04,08:51:00,1.794,0.198,243.330,7.400,0.000,0.000,19.0
2010-02-04,08:52:00,1.788,0.198,243.000,7.400,0.000,0.000,19.0
2010-02-04,08:53:00,1.782,0.190,242.800,7.200,0.000,0.000,19.0
2010-02-04,08:54:00,1.648,0.000,241.380,6.800,0.000,0.000,18.0
2010-02-04,08:55:00,1.608,0.046,241.450,6.600,0.000,0.000,19.0
2010-02-04,08:56:00,1.618,0.046,242.170,6.600,0.000,0.000,18.0
2010-02-04,08:57:00,1.638,0.000,243.850,6.600,0.000,0.000,19.0
2010-02-04,08:58:00,1.622,0.000,243.130,6.600,0.000,0.000,19.0
2010-02-04,08:59:00,1.340,0.000,243.100,5.400,0.000,0.000,19.0
2010-02-04,09:00:00,1.338,0.000,242.770,5.400,0.000,0.000,19.0
2010-02-04,09:01:00,1.336,0.000,242.550,5.400,0.000,0.000,18.0
2010-02-04,09:02:00,1.332,0.000,242.210,5.400,0.000,0.000,19.0
2010-02-04,09:03:00,1.340,0.000,242.780,5.400,0.000,0.000,19.0
2010-02-04,09:04:00,1.342,0.000,243.020,5.400,0.000,0.000,18.0
2010-02-04,09:05:00,1.342,0.000,243.570,5.400,0.000,0.000,19.0
2010-02-04,09:06:00,1.334,0.000,242.870,5.400,0.000,0.000,19.0
2010-02-04,09:07:00,1.330,0.000,242.490,5.400,0.000,0.000,19.0
2010-02-04,09:08:00,1.334,0.000,242.940,5.400,0.000,0.000,18.0
2010-02-04,09:09:00,1.334,0.000,242.850,5.400,0.000,0.000,19.0
2010-02-04,09:10:00,1.336,0.000,243.170,5.400,0.000,0.000,19.0
2010-02-04,09:11:00,1.332,0.000,242.740,5.400,0.000,0.000,19.0
2010-02-04,09:12:00,1.334,0.000,242.960,5.400,0.000,0.000,18.0
2010-02-04,09:13:00,1.326,0.000,242.240,5.400,0.000,0.000,19.0
2010-02-04,09:14:00,1.334,0.000,242.380,5.400,0.000,0.000,19.0
2010-02-04,09:15:00,1.332,0.000,241.970,5.400,0.000,0.000,18.0
2010-02-04,09:16:00,1.328,0.000,241.640,5.400,0.000,0.000,19.0
2010-02-04,09:17:00,1.334,0.000,242.200,5.400,0.000,0.000,18.0
2010-02-04,09:18:00,1.344,0.000,243.110,5.400,0.000,0.000,19.0
2010-02-04,09:19:00,1.338,0.000,242.640,5.400,0.000,0.000,19.0
2010-02-04,09:20:00,1.408,0.000,242.840,5.800,0.000,0.000,19.0
2010-02-04,09:21:00,1.444,0.094,242.400,5.800,0.000,0.000,18.0
2010-02-04,09:22:00,1.442,0.094,242.710,5.800,0.000,0.000,19.0
2010-02-04,09:23:00,1.488,0.148,242.730,6.200,0.000,0.000,19.0
2010-02-04,09:24:00,1.512,0.218,242.550,6.200,0.000,1.000,18.0
2010-02-04,09:25:00,1.506,0.216,242.230,6.200,0.000,2.000,19.0
2010-02-04,09:26:00,1.504,0.216,242.260,6.200,0.000,1.000,19.0
2010-02-04,09:27:00,1.490,0.212,241.030,6.200,0.000,1.000,18.0
2010-02-04,09:28:00,1.498,0.214,241.600,6.200,0.000,2.000,19.0
2010-02-04,09:29:00,1.504,0.216,241.930,6.200,0.000,1.000,18.0
2010-02-04,09:30:00,1.510,0.216,242.280,6.200,0.000,1.000,19.0
2010-02-04,09:31:00,1.514,0.220,242.850,6.200,0.000,2.000,19.0
2010-02-04,09:32:00,1.566,0.282,241.650,6.600,0.000,1.000,18.0
2010-02-04,09:33:00,1.584,0.322,242.360,6.600,0.000,2.000,19.0
2010-02-04,09:34:00,1.592,0.328,243.150,6.600,0.000,1.000,19.0
2010-02-04,09:35:00,1.604,0.332,244.070,6.600,0.000,1.000,19.0
2010-02-04,09:36:00,1.582,0.322,242.370,6.600,0.000,2.000,18.0
2010-02-04,09:37:00,1.532,0.252,242.110,6.400,0.000,1.000,19.0
2010-02-04,09:38:00,1.476,0.184,241.640,6.000,0.000,2.000,18.0
2010-02-04,09:39:00,1.478,0.186,242.380,6.000,0.000,1.000,19.0
2010-02-04,09:40:00,1.482,0.188,242.880,6.000,0.000,1.000,19.0
2010-02-04,09:41:00,1.486,0.188,243.310,6.000,0.000,2.000,19.0
2010-02-04,09:42:00,1.478,0.186,242.710,6.000,0.000,1.000,18.0
2010-02-04,09:43:00,1.490,0.190,243.830,6.000,0.000,1.000,19.0
2010-02-04,09:44:00,1.456,0.138,243.510,6.000,0.000,2.000,19.0
2010-02-04,09:45:00,1.428,0.084,243.910,5.800,0.000,1.000,19.0
2010-02-04,09:46:00,1.420,0.084,243.420,5.800,0.000,1.000,19.0
2010-02-04,09:47:00,1.424,0.084,243.690,5.800,0.000,2.000,19.0
2010-02-04,09:48:00,1.418,0.082,243.300,5.800,0.000,1.000,18.0
2010-02-04,09:49:00,1.436,0.086,244.970,5.800,0.000,1.000,19.0
2010-02-04,09:50:00,1.432,0.086,244.700,5.800,0.000,1.000,19.0
2010-02-04,09:51:00,1.438,0.088,245.520,5.800,0.000,2.000,20.0
2010-02-04,09:52:00,1.420,0.084,244.320,5.800,0.000,1.000,19.0
2010-02-04,09:53:00,1.420,0.084,244.370,5.800,0.000,1.000,19.0
2010-02-04,09:54:00,1.408,0.082,243.330,5.800,0.000,1.000,18.0
2010-02-04,09:55:00,1.414,0.084,243.910,5.800,0.000,2.000,19.0
2010-02-04,09:56:00,1.412,0.082,243.580,5.800,0.000,1.000,19.0
2010-02-04,09:57:00,1.430,0.088,245.280,5.800,0.000,1.000,19.0
2010-02-04,09:58:00,1.420,0.084,244.540,5.800,0.000,1.000,19.0
2010-02-04,09:59:00,1.428,0.086,244.790,5.800,0.000,1.000,19.0
2010-02-04,10:00:00,1.426,0.084,244.460,5.800,0.000,2.000,19.0
2010-02-04,10:01:00,1.426,0.084,244.380,5.800,0.000,1.000,19.0
2010-02-04,10:02:00,1.426,0.084,244.380,5.800,0.000,1.000,19.0
2010-02-04,10:03:00,1.426,0.084,244.460,5.800,0.000,1.000,19.0
2010-02-04,10:04:00,1.478,0.146,243.770,6.000,0.000,1.000,19.0
2010-02-04,10:05:00,1.512,0.218,242.980,6.200,0.000,2.000,19.0
2010-02-04,10:06:00,1.514,0.220,243.450,6.200,0.000,1.000,19.0
2010-02-04,10:07:00,1.514,0.220,243.680,6.200,0.000,1.000,18.0
2010-02-04,10:08:00,1.502,0.216,242.710,6.200,0.000,1.000,19.0
2010-02-04,10:09:00,1.508,0.220,243.470,6.200,0.000,1.000,19.0
2010-02-04,10:10:00,1.502,0.218,242.900,6.200,0.000,2.000,19.0
2010-02-04,10:11:00,1.490,0.214,241.890,6.200,0.000,1.000,18.0
2010-02-04,10:12:00,1.484,0.212,241.480,6.200,0.000,1.000,19.0
2010-02-04,10:13:00,1.484,0.214,241.680,6.200,0.000,1.000,18.0
2010-02-04,10:14:00,1.488,0.214,241.690,6.200,0.000,1.000,19.0
2010-02-04,10:15:00,1.504,0.218,242.950,6.200,0.000,1.000,19.0
2010-02-04,10:16:00,1.502,0.218,242.870,6.200,0.000,2.000,18.0
2010-02-04,10:17:00,1.498,0.218,243.020,6.200,0.000,1.000,19.0
2010-02-04,10:18:00,1.502,0.220,243.410,6.200,0.000,1.000,19.0
2010-02-04,10:19:00,1.508,0.222,244.020,6.200,0.000,1.000,19.0
2010-02-04,10:20:00,1.490,0.216,242.510,6.200,0.000,1.000,19.0
2010-02-04,10:21:00,1.474,0.176,243.930,6.000,0.000,1.000,18.0
2010-02-04,10:22:00,1.468,0.130,244.460,6.000,0.000,2.000,19.0
2010-02-04,10:23:00,1.504,0.196,245.320,6.000,0.000,1.000,19.0
2010-02-04,10:24:00,1.494,0.192,244.370,6.000,0.000,1.000,19.0
2010-02-04,10:25:00,1.502,0.194,245.160,6.000,0.000,1.000,19.0
2010-02-04,10:26:00,1.496,0.194,244.750,6.000,0.000,1.000,20.0
2010-02-04,10:27:00,1.506,0.198,245.800,6.200,0.000,2.000,19.0
2010-02-04,10:28:00,1.502,0.196,245.390,6.000,0.000,1.000,19.0
2010-02-04,10:29:00,1.504,0.198,245.760,6.000,0.000,1.000,19.0
2010-02-04,10:30:00,1.492,0.194,244.880,6.000,0.000,1.000,19.0
2010-02-04,10:31:00,1.492,0.194,244.880,6.000,0.000,1.000,19.0
2010-02-04,10:32:00,1.478,0.190,243.720,6.000,0.000,1.000,19.0
2010-02-04,10:33:00,1.496,0.196,245.410,6.000,0.000,2.000,19.0
2010-02-04,10:34:00,1.470,0.154,245.470,6.000,0.000,1.000,19.0
2010-02-04,10:35:00,1.422,0.086,244.870,5.800,0.000,1.000,19.0
2010-02-04,10:36:00,1.418,0.086,244.490,5.800,0.000,1.000,19.0
2010-02-04,10:37:00,1.410,0.084,243.870,5.800,0.000,1.000,19.0
2010-02-04,10:38:00,1.416,0.086,244.310,5.800,0.000,1.000,19.0
2010-02-04,10:39:00,1.416,0.084,244.300,5.800,0.000,1.000,19.0
2010-02-04,10:40:00,1.426,0.086,245.170,5.800,0.000,2.000,19.0
2010-02-04,10:41:00,1.422,0.086,244.890,5.800,0.000,1.000,19.0
2010-02-04,10:42:00,1.420,0.086,244.770,5.800,0.000,1.000,19.0
2010-02-04,10:43:00,1.422,0.086,244.840,5.800,0.000,1.000,19.0
2010-02-04,10:44:00,1.426,0.088,245.330,5.800,0.000,1.000,19.0
2010-02-04,10:45:00,1.420,0.086,244.610,5.800,0.000,1.000,19.0
2010-02-04,10:46:00,1.422,0.086,244.880,5.800,0.000,2.000,19.0
2010-02-04,10:47:00,1.424,0.086,245.100,5.800,0.000,1.000,19.0
2010-02-04,10:48:00,1.488,0.154,245.150,6.000,0.000,1.000,19.0
2010-02-04,10:49:00,1.530,0.226,244.830,6.200,0.000,1.000,19.0
2010-02-04,10:50:00,1.532,0.228,245.260,6.200,0.000,1.000,20.0
2010-02-04,10:51:00,1.526,0.228,244.830,6.200,0.000,1.000,19.0
2010-02-04,10:52:00,1.530,0.230,245.390,6.200,0.000,2.000,19.0
2010-02-04,10:53:00,1.524,0.228,245.030,6.200,0.000,1.000,19.0
2010-02-04,10:54:00,1.528,0.230,245.490,6.200,0.000,1.000,19.0
2010-02-04,10:55:00,1.518,0.226,244.550,6.200,0.000,1.000,19.0
2010-02-04,10:56:00,1.518,0.228,244.780,6.200,0.000,1.000,19.0
2010-02-04,10:57:00,1.510,0.224,244.160,6.200,0.000,1.000,19.0
2010-02-04,10:58:00,1.514,0.216,245.120,6.200,0.000,1.000,19.0
2010-02-04,10:59:00,1.458,0.104,245.180,5.800,0.000,0.000,19.0
2010-02-04,11:00:00,1.462,0.104,245.270,5.800,0.000,0.000,19.0
2010-02-04,11:01:00,1.452,0.102,244.980,5.800,0.000,0.000,19.0
2010-02-04,11:02:00,1.454,0.102,245.280,5.800,0.000,0.000,19.0
2010-02-04,11:03:00,1.440,0.100,244.180,5.800,0.000,0.000,19.0
2010-02-04,11:04:00,1.442,0.100,244.380,5.800,0.000,0.000,19.0
2010-02-04,11:05:00,1.390,0.000,243.630,5.600,0.000,0.000,19.0
2010-02-04,11:06:00,1.346,0.000,244.090,5.400,0.000,0.000,19.0
2010-02-04,11:07:00,1.346,0.000,244.120,5.400,0.000,0.000,19.0
2010-02-04,11:08:00,1.342,0.000,243.660,5.400,0.000,0.000,19.0
2010-02-04,11:09:00,1.342,0.000,243.580,5.400,0.000,0.000,18.0
2010-02-04,11:10:00,1.352,0.000,244.640,5.400,0.000,0.000,19.0
2010-02-04,11:11:00,1.350,0.000,244.370,5.400,0.000,0.000,19.0
2010-02-04,11:12:00,1.398,0.000,245.240,5.600,0.000,0.000,20.0
2010-02-04,11:13:00,1.434,0.070,245.180,5.800,0.000,0.000,19.0
2010-02-04,11:14:00,1.434,0.068,244.720,5.800,0.000,0.000,19.0
2010-02-04,11:15:00,1.430,0.068,244.160,5.800,0.000,0.000,19.0
2010-02-04,11:16:00,1.436,0.068,244.800,5.800,0.000,0.000,19.0
2010-02-04,11:17:00,1.430,0.068,244.370,5.800,0.000,0.000,19.0
2010-02-04,11:18:00,1.428,0.068,244.210,5.800,0.000,0.000,18.0
2010-02-04,11:19:00,1.420,0.066,244.200,5.800,0.000,0.000,19.0
2010-02-04,11:20:00,1.424,0.068,244.740,5.800,0.000,0.000,19.0
2010-02-04,11:21:00,1.414,0.066,243.920,5.800,0.000,0.000,19.0
2010-02-04,11:22:00,1.418,0.066,244.360,5.800,0.000,0.000,19.0
2010-02-04,11:23:00,1.420,0.068,244.560,5.800,0.000,0.000,19.0
2010-02-04,11:24:00,1.372,0.000,244.820,5.600,0.000,0.000,19.0
2010-02-04,11:25:00,1.350,0.000,244.420,5.400,0.000,0.000,19.0
2010-02-04,11:26:00,1.354,0.000,244.680,5.400,0.000,0.000,19.0
2010-02-04,11:27:00,1.356,0.000,244.940,5.400,0.000,0.000,19.0
2010-02-04,11:28:00,1.360,0.000,245.390,5.400,0.000,0.000,19.0
2010-02-04,11:29:00,1.366,0.000,245.450,5.400,0.000,0.000,20.0
2010-02-04,11:30:00,1.370,0.000,245.560,5.600,0.000,0.000,19.0
2010-02-04,11:31:00,1.370,0.000,245.600,5.400,0.000,0.000,19.0
2010-02-04,11:32:00,1.438,0.000,245.470,5.800,0.000,0.000,19.0
2010-02-04,11:33:00,1.474,0.102,245.090,6.000,0.000,0.000,19.0
2010-02-04,11:34:00,1.468,0.102,244.920,6.000,0.000,0.000,19.0
2010-02-04,11:35:00,1.458,0.100,244.370,6.000,0.000,0.000,19.0
2010-02-04,11:36:00,1.458,0.102,244.940,5.800,0.000,0.000,19.0
2010-02-04,11:37:00,1.460,0.102,245.210,5.800,0.000,0.000,19.0
2010-02-04,11:38:00,1.460,0.102,245.310,5.800,0.000,0.000,19.0
2010-02-04,11:39:00,1.460,0.102,245.490,5.800,0.000,0.000,19.0
2010-02-04,11:40:00,1.460,0.102,245.580,5.800,0.000,0.000,20.0
2010-02-04,11:41:00,1.454,0.102,245.130,5.800,0.000,0.000,19.0
2010-02-04,11:42:00,1.460,0.104,245.810,5.800,0.000,0.000,19.0
2010-02-04,11:43:00,1.456,0.102,245.390,5.800,0.000,0.000,19.0
2010-02-04,11:44:00,1.468,0.106,246.110,5.800,0.000,0.000,19.0
2010-02-04,11:45:00,1.470,0.106,246.070,6.000,0.000,0.000,19.0
2010-02-04,11:46:00,1.458,0.102,245.120,5.800,0.000,0.000,19.0
2010-02-04,11:47:00,1.440,0.096,243.500,5.800,0.000,0.000,19.0
2010-02-04,11:48:00,1.434,0.096,242.970,5.800,0.000,0.000,19.0
2010-02-04,11:49:00,1.380,0.000,242.530,5.600,0.000,0.000,19.0
2010-02-04,11:50:00,1.334,0.000,242.870,5.400,0.000,0.000,18.0
2010-02-04,11:51:00,1.340,0.000,243.430,5.400,0.000,0.000,19.0
2010-02-04,11:52:00,1.400,0.000,243.200,5.800,0.000,0.000,20.0
2010-02-04,11:53:00,1.888,0.156,242.860,7.800,0.000,0.000,27.0
2010-02-04,11:54:00,1.914,0.154,242.970,7.800,0.000,0.000,29.0
2010-02-04,11:55:00,1.946,0.158,243.660,8.000,0.000,0.000,29.0
2010-02-04,11:56:00,1.952,0.158,243.630,8.000,0.000,0.000,29.0
2010-02-04,11:57:00,1.576,0.000,243.390,6.600,0.000,0.000,23.0
2010-02-04,11:58:00,1.346,0.000,243.990,5.400,0.000,0.000,19.0
2010-02-04,11:59:00,1.346,0.000,243.640,5.400,0.000,0.000,19.0
2010-02-04,12:00:00,1.340,0.000,242.880,5.400,0.000,0.000,19.0
2010-02-04,12:01:00,1.358,0.000,244.450,5.400,0.000,0.000,19.0
2010-02-04,12:02:00,1.400,0.000,242.580,5.800,0.000,0.000,18.0
2010-02-04,12:03:00,1.430,0.068,244.890,5.800,0.000,0.000,19.0
2010-02-04,12:04:00,1.424,0.068,244.370,5.800,0.000,0.000,19.0
2010-02-04,12:05:00,1.444,0.072,246.140,5.800,0.000,0.000,19.0
2010-02-04,12:06:00,1.442,0.072,246.020,5.800,0.000,0.000,20.0
2010-02-04,12:07:00,1.434,0.070,245.520,5.800,0.000,0.000,19.0
2010-02-04,12:08:00,1.418,0.066,244.020,5.800,0.000,0.000,19.0
2010-02-04,12:09:00,1.432,0.070,245.470,5.800,0.000,0.000,19.0
2010-02-04,12:10:00,1.428,0.068,245.120,5.800,0.000,0.000,19.0
2010-02-04,12:11:00,1.420,0.066,244.520,5.800,0.000,0.000,19.0
2010-02-04,12:12:00,1.410,0.064,243.520,5.800,0.000,0.000,19.0
2010-02-04,12:13:00,1.414,0.066,244.020,5.800,0.000,0.000,19.0
2010-02-04,12:14:00,1.338,0.000,242.940,5.400,0.000,0.000,18.0
2010-02-04,12:15:00,1.334,0.000,242.940,5.400,0.000,0.000,19.0
2010-02-04,12:16:00,1.412,0.000,243.110,5.800,0.000,0.000,19.0
2010-02-04,12:17:00,1.450,0.096,243.650,5.800,0.000,0.000,19.0
2010-02-04,12:18:00,1.454,0.098,244.160,5.800,0.000,0.000,19.0
2010-02-04,12:19:00,1.452,0.098,244.190,5.800,0.000,0.000,19.0
2010-02-04,12:20:00,1.446,0.096,243.810,5.800,0.000,0.000,18.0
2010-02-04,12:21:00,1.452,0.098,244.400,5.800,0.000,0.000,19.0
2010-02-04,12:22:00,1.442,0.096,243.610,5.800,0.000,0.000,19.0
2010-02-04,12:23:00,1.446,0.098,244.020,5.800,0.000,0.000,19.0
2010-02-04,12:24:00,1.434,0.096,243.220,5.800,0.000,0.000,19.0
2010-02-04,12:25:00,1.440,0.098,243.710,5.800,0.000,0.000,19.0
2010-02-04,12:26:00,1.424,0.094,242.480,5.800,0.000,0.000,18.0
2010-02-04,12:27:00,1.432,0.096,243.230,5.800,0.000,0.000,19.0
2010-02-04,12:28:00,1.430,0.096,243.130,5.800,0.000,0.000,19.0
2010-02-04,12:29:00,1.436,0.098,243.640,5.800,0.000,0.000,19.0
2010-02-04,12:30:00,1.436,0.098,243.710,5.800,0.000,0.000,19.0
2010-02-04,12:31:00,1.442,0.100,244.160,5.800,0.000,0.000,19.0
2010-02-04,12:32:00,1.438,0.098,243.860,5.800,0.000,0.000,19.0
2010-02-04,12:33:00,1.392,0.000,244.400,5.600,0.000,0.000,19.0
2010-02-04,12:34:00,1.354,0.000,244.670,5.400,0.000,0.000,19.0
2010-02-04,12:35:00,1.354,0.000,244.720,5.400,0.000,0.000,19.0
2010-02-04,12:36:00,1.354,0.000,244.680,5.400,0.000,0.000,19.0
2010-02-04,12:37:00,1.358,0.000,245.030,5.400,0.000,0.000,19.0
2010-02-04,12:38:00,1.354,0.000,244.700,5.400,0.000,0.000,19.0
2010-02-04,12:39:00,1.356,0.000,244.980,5.400,0.000,0.000,19.0
2010-02-04,12:40:00,1.358,0.000,245.140,5.400,0.000,0.000,19.0
2010-02-04,12:41:00,1.358,0.000,245.030,5.400,0.000,0.000,19.0
2010-02-04,12:42:00,1.348,0.000,244.130,5.400,0.000,0.000,19.0
2010-02-04,12:43:00,1.352,0.000,244.560,5.400,0.000,0.000,19.0
2010-02-04,12:44:00,1.350,0.000,244.400,5.400,0.000,0.000,19.0
2010-02-04,12:45:00,1.348,0.000,244.100,5.400,0.000,0.000,19.0
2010-02-04,12:46:00,1.346,0.000,243.900,5.400,0.000,0.000,19.0
2010-02-04,12:47:00,1.356,0.000,244.810,5.400,0.000,0.000,19.0
2010-02-04,12:48:00,1.352,0.000,244.480,5.400,0.000,0.000,19.0
2010-02-04,12:49:00,1.364,0.000,245.710,5.400,0.000,0.000,19.0
2010-02-04,12:50:00,1.360,0.000,245.270,5.400,0.000,0.000,19.0
2010-02-04,12:51:00,1.358,0.000,245.170,5.400,0.000,0.000,19.0
2010-02-04,12:52:00,1.420,0.000,244.630,5.800,0.000,0.000,19.0
2010-02-04,12:53:00,1.414,0.066,243.460,5.800,0.000,0.000,19.0
2010-02-04,12:54:00,1.426,0.068,244.440,5.800,0.000,0.000,19.0
2010-02-04,12:55:00,1.426,0.068,244.480,5.800,0.000,0.000,19.0
2010-02-04,12:56:00,1.430,0.070,244.780,5.800,0.000,0.000,19.0
2010-02-04,12:57:00,1.420,0.068,244.090,5.800,0.000,0.000,19.0
2010-02-04,12:58:00,1.420,0.068,244.090,5.800,0.000,0.000,18.0
2010-02-04,12:59:00,1.416,0.066,243.900,5.800,0.000,0.000,19.0
2010-02-04,13:00:00,1.516,0.176,244.240,6.200,0.000,0.000,19.0
2010-02-04,13:01:00,1.530,0.208,244.420,6.200,0.000,0.000,19.0
2010-02-04,13:02:00,1.532,0.210,245.050,6.200,0.000,0.000,19.0
2010-02-04,13:03:00,1.518,0.188,245.270,6.200,0.000,0.000,19.0
2010-02-04,13:04:00,1.468,0.104,245.820,6.000,0.000,0.000,20.0
2010-02-04,13:05:00,1.460,0.102,245.230,5.800,0.000,0.000,19.0
2010-02-04,13:06:00,1.464,0.104,245.560,5.800,0.000,0.000,19.0
2010-02-04,13:07:00,1.454,0.102,244.790,5.800,0.000,0.000,19.0
2010-02-04,13:08:00,1.456,0.104,245.180,5.800,0.000,0.000,19.0
2010-02-04,13:09:00,1.452,0.102,244.820,5.800,0.000,0.000,19.0
2010-02-04,13:10:00,1.462,0.104,245.790,5.800,0.000,0.000,19.0
2010-02-04,13:11:00,1.458,0.104,245.520,5.800,0.000,0.000,19.0
2010-02-04,13:12:00,1.458,0.104,245.520,5.800,0.000,0.000,19.0
2010-02-04,13:13:00,1.446,0.100,244.560,5.800,0.000,0.000,19.0
2010-02-04,13:14:00,1.460,0.104,245.300,5.800,0.000,0.000,20.0
2010-02-04,13:15:00,1.454,0.102,244.580,5.800,0.000,0.000,19.0
2010-02-04,13:16:00,1.458,0.104,245.130,5.800,0.000,0.000,19.0
2010-02-04,13:17:00,1.392,0.000,243.860,5.600,0.000,0.000,18.0
2010-02-04,13:18:00,1.348,0.000,243.460,5.400,0.000,0.000,19.0
2010-02-04,13:19:00,1.358,0.000,244.400,5.400,0.000,0.000,19.0
2010-02-04,13:20:00,1.364,0.000,245.380,5.400,0.000,0.000,19.0
2010-02-04,13:21:00,1.358,0.000,245.060,5.400,0.000,0.000,19.0
2010-02-04,13:22:00,1.360,0.000,245.280,5.400,0.000,0.000,20.0
2010-02-04,13:23:00,1.348,0.000,244.210,5.400,0.000,0.000,18.0
2010-02-04,13:24:00,1.348,0.000,244.190,5.400,0.000,0.000,19.0
2010-02-04,13:25:00,1.338,0.000,243.170,5.400,0.000,0.000,19.0
2010-02-04,13:26:00,1.346,0.000,243.940,5.400,0.000,0.000,19.0
2010-02-04,13:27:00,1.344,0.000,243.740,5.400,0.000,0.000,19.0
2010-02-04,13:28:00,1.346,0.000,244.040,5.400,0.000,0.000,19.0
2010-02-04,13:29:00,1.352,0.000,244.170,5.400,0.000,0.000,19.0
2010-02-04,13:30:00,1.344,0.000,243.180,5.400,0.000,0.000,19.0
2010-02-04,13:31:00,1.354,0.000,244.040,5.400,0.000,0.000,18.0
2010-02-04,13:32:00,1.356,0.000,244.290,5.400,0.000,0.000,19.0
2010-02-04,13:33:00,1.354,0.000,244.090,5.400,0.000,0.000,19.0
2010-02-04,13:34:00,1.352,0.000,243.870,5.400,0.000,0.000,19.0
2010-02-04,13:35:00,1.360,0.000,244.630,5.400,0.000,0.000,19.0
2010-02-04,13:36:00,1.360,0.000,244.620,5.400,0.000,0.000,19.0
2010-02-04,13:37:00,1.360,0.000,244.680,5.400,0.000,0.000,19.0
2010-02-04,13:38:00,1.346,0.000,243.360,5.400,0.000,0.000,19.0
2010-02-04,13:39:00,1.350,0.000,243.850,5.400,0.000,0.000,19.0
2010-02-04,13:40:00,1.350,0.000,243.900,5.400,0.000,0.000,19.0
2010-02-04,13:41:00,1.376,0.000,244.180,5.600,0.000,0.000,19.0
2010-02-04,13:42:00,1.422,0.064,243.500,5.800,0.000,0.000,19.0
2010-02-04,13:43:00,1.418,0.064,243.270,5.800,0.000,0.000,18.0
2010-02-04,13:44:00,1.480,0.128,243.160,6.000,0.000,0.000,19.0
2010-02-04,13:45:00,1.530,0.202,243.510,6.200,0.000,0.000,19.0
2010-02-04,13:46:00,1.516,0.198,242.580,6.200,0.000,0.000,19.0
2010-02-04,13:47:00,1.530,0.206,244.130,6.200,0.000,0.000,19.0
2010-02-04,13:48:00,1.524,0.204,243.870,6.200,0.000,0.000,18.0
2010-02-04,13:49:00,1.518,0.204,243.570,6.200,0.000,0.000,19.0
2010-02-04,13:50:00,1.506,0.200,242.600,6.200,0.000,0.000,19.0
2010-02-04,13:51:00,1.500,0.200,242.340,6.200,0.000,0.000,19.0
2010-02-04,13:52:00,1.496,0.198,241.980,6.200,0.000,0.000,18.0
2010-02-04,13:53:00,1.506,0.182,244.500,6.200,0.000,0.000,19.0
2010-02-04,13:54:00,1.452,0.100,244.390,5.800,0.000,0.000,19.0
2010-02-04,13:55:00,1.448,0.100,244.140,5.800,0.000,0.000,19.0
2010-02-04,13:56:00,1.442,0.098,243.690,5.800,0.000,0.000,19.0
2010-02-04,13:57:00,1.434,0.096,243.290,5.800,0.000,0.000,19.0
2010-02-04,13:58:00,1.434,0.098,243.570,5.800,0.000,0.000,19.0
2010-02-04,13:59:00,1.438,0.098,243.930,5.800,0.000,0.000,19.0
2010-02-04,14:00:00,1.436,0.098,243.910,5.800,0.000,0.000,18.0
2010-02-04,14:01:00,1.422,0.080,243.770,5.800,0.000,0.000,19.0
2010-02-04,14:02:00,1.330,0.000,242.680,5.400,0.000,0.000,19.0
2010-02-04,14:03:00,1.336,0.000,242.730,5.400,0.000,0.000,19.0
2010-02-04,14:04:00,1.342,0.000,243.170,5.400,0.000,0.000,18.0
2010-02-04,14:05:00,1.348,0.000,243.580,5.400,0.000,0.000,19.0
2010-02-04,14:06:00,1.358,0.000,244.720,5.400,0.000,0.000,19.0
2010-02-04,14:07:00,1.342,0.000,243.160,5.400,0.000,0.000,19.0
2010-02-04,14:08:00,1.350,0.000,243.940,5.400,0.000,0.000,19.0
2010-02-04,14:09:00,1.352,0.000,244.730,5.400,0.000,0.000,19.0
2010-02-04,14:10:00,1.358,0.000,245.230,5.400,0.000,0.000,19.0
2010-02-04,14:11:00,1.338,0.000,243.480,5.400,0.000,0.000,19.0
2010-02-04,14:12:00,1.354,0.000,244.810,5.400,0.000,0.000,19.0
2010-02-04,14:13:00,1.358,0.000,245.240,5.400,0.000,0.000,19.0
2010-02-04,14:14:00,1.344,0.000,243.930,5.400,0.000,0.000,19.0
2010-02-04,14:15:00,1.336,0.000,243.240,5.400,0.000,0.000,19.0
2010-02-04,14:16:00,1.348,0.000,244.280,5.400,0.000,0.000,19.0
2010-02-04,14:17:00,1.346,0.000,244.120,5.400,0.000,0.000,19.0
2010-02-04,14:18:00,1.348,0.000,243.780,5.400,0.000,0.000,18.0
2010-02-04,14:19:00,1.360,0.000,244.730,5.400,0.000,0.000,20.0
2010-02-04,14:20:00,1.352,0.000,244.780,5.400,0.000,0.000,19.0
2010-02-04,14:21:00,1.348,0.000,244.330,5.400,0.000,0.000,18.0
2010-02-04,14:22:00,1.346,0.000,244.070,5.400,0.000,0.000,19.0
2010-02-04,14:23:00,1.340,0.000,243.660,5.400,0.000,0.000,19.0
2010-02-04,14:24:00,1.338,0.000,243.420,5.400,0.000,0.000,19.0
2010-02-04,14:25:00,1.344,0.000,243.880,5.400,0.000,0.000,19.0
2010-02-04,14:26:00,1.348,0.000,244.260,5.400,0.000,0.000,19.0
2010-02-04,14:27:00,1.338,0.000,243.360,5.400,0.000,0.000,19.0
2010-02-04,14:28:00,1.388,0.000,243.260,5.600,0.000,0.000,18.0
2010-02-04,14:29:00,1.446,0.096,243.320,5.800,0.000,0.000,19.0
2010-02-04,14:30:00,1.436,0.094,242.660,5.800,0.000,0.000,19.0
2010-02-04,14:31:00,1.440,0.096,243.080,5.800,0.000,0.000,19.0
2010-02-04,14:32:00,1.534,0.204,243.200,6.400,0.000,0.000,19.0
2010-02-04,14:33:00,1.524,0.206,244.160,6.200,0.000,0.000,18.0
2010-02-04,14:34:00,1.520,0.206,243.870,6.200,0.000,0.000,19.0
2010-02-04,14:35:00,1.524,0.208,244.510,6.200,0.000,0.000,19.0
2010-02-04,14:36:00,1.516,0.206,243.900,6.200,0.000,0.000,19.0
2010-02-04,14:37:00,1.524,0.210,244.810,6.200,0.000,0.000,19.0
2010-02-04,14:38:00,1.514,0.206,244.210,6.200,0.000,0.000,19.0
2010-02-04,14:39:00,1.512,0.206,244.120,6.200,0.000,0.000,19.0
2010-02-04,14:40:00,1.500,0.202,243.070,6.200,0.000,0.000,19.0
2010-02-04,14:41:00,1.496,0.202,242.900,6.200,0.000,0.000,19.0
2010-02-04,14:42:00,1.492,0.200,242.440,6.200,0.000,0.000,18.0
2010-02-04,14:43:00,1.498,0.202,243.130,6.200,0.000,0.000,19.0
2010-02-04,14:44:00,1.458,0.142,242.960,6.000,0.000,0.000,19.0
2010-02-04,14:45:00,1.436,0.098,243.860,5.800,0.000,0.000,19.0
2010-02-04,14:46:00,1.350,0.000,243.600,5.400,0.000,0.000,19.0
2010-02-04,14:47:00,1.336,0.000,243.170,5.400,0.000,0.000,18.0
2010-02-04,14:48:00,1.344,0.000,243.880,5.400,0.000,0.000,19.0
2010-02-04,14:49:00,1.346,0.000,243.980,5.400,0.000,0.000,19.0
2010-02-04,14:50:00,1.354,0.000,244.790,5.400,0.000,0.000,19.0
2010-02-04,14:51:00,1.354,0.000,244.710,5.400,0.000,0.000,19.0
2010-02-04,14:52:00,1.364,0.000,245.660,5.400,0.000,0.000,19.0
2010-02-04,14:53:00,1.356,0.000,245.030,5.400,0.000,0.000,19.0
2010-02-04,14:54:00,1.362,0.000,245.610,5.400,0.000,0.000,19.0
2010-02-04,14:55:00,1.362,0.000,245.600,5.400,0.000,0.000,20.0
2010-02-04,14:56:00,1.366,0.000,245.800,5.400,0.000,0.000,19.0
2010-02-04,14:57:00,1.358,0.000,245.160,5.400,0.000,0.000,19.0
2010-02-04,14:58:00,1.366,0.000,245.980,5.400,0.000,0.000,19.0
2010-02-04,14:59:00,1.346,0.000,244.020,5.400,0.000,0.000,19.0
2010-02-04,15:00:00,1.350,0.000,244.360,5.400,0.000,0.000,19.0
2010-02-04,15:01:00,1.348,0.000,244.240,5.400,0.000,0.000,19.0
2010-02-04,15:02:00,1.342,0.000,243.570,5.400,0.000,0.000,19.0
2010-02-04,15:03:00,1.342,0.000,243.650,5.400,0.000,0.000,19.0
2010-02-04,15:04:00,1.350,0.000,244.300,5.400,0.000,0.000,19.0
2010-02-04,15:05:00,1.346,0.000,244.080,5.400,0.000,0.000,18.0
2010-02-04,15:06:00,1.344,0.000,243.760,5.400,0.000,0.000,19.0
2010-02-04,15:07:00,1.342,0.000,243.620,5.400,0.000,0.000,19.0
2010-02-04,15:08:00,1.350,0.000,244.330,5.400,0.000,0.000,19.0
2010-02-04,15:09:00,1.342,0.000,243.660,5.400,0.000,0.000,19.0
2010-02-04,15:10:00,1.350,0.000,244.280,5.400,0.000,0.000,19.0
2010-02-04,15:11:00,1.354,0.000,244.820,5.400,0.000,0.000,19.0
2010-02-04,15:12:00,1.398,0.000,243.950,5.600,0.000,0.000,19.0
2010-02-04,15:13:00,1.538,0.208,243.630,6.400,0.000,1.000,19.0
2010-02-04,15:14:00,1.522,0.222,243.190,6.200,0.000,1.000,18.0
2010-02-04,15:15:00,1.526,0.224,243.680,6.200,0.000,2.000,19.0
2010-02-04,15:16:00,1.526,0.224,243.900,6.200,0.000,1.000,19.0
2010-02-04,15:17:00,1.538,0.230,245.060,6.200,0.000,1.000,19.0
2010-02-04,15:18:00,1.534,0.228,244.630,6.200,0.000,2.000,19.0
2010-02-04,15:19:00,1.540,0.230,245.250,6.200,0.000,1.000,19.0
2010-02-04,15:20:00,1.532,0.228,244.740,6.200,0.000,1.000,19.0
2010-02-04,15:21:00,1.536,0.230,245.150,6.200,0.000,2.000,19.0
2010-02-04,15:22:00,1.586,0.288,244.310,6.600,0.000,1.000,19.0
2010-02-04,15:23:00,1.600,0.332,244.150,6.600,0.000,2.000,19.0
2010-02-04,15:24:00,1.600,0.332,244.140,6.600,0.000,1.000,19.0
2010-02-04,15:25:00,1.594,0.332,243.830,6.600,0.000,1.000,19.0
2010-02-04,15:26:00,1.584,0.326,243.030,6.600,0.000,2.000,19.0
2010-02-04,15:27:00,1.594,0.332,243.880,6.600,0.000,1.000,19.0
2010-02-04,15:28:00,1.590,0.330,243.760,6.600,0.000,2.000,19.0
2010-02-04,15:29:00,1.568,0.304,243.600,6.400,0.000,1.000,18.0
2010-02-04,15:30:00,1.498,0.192,244.070,6.200,0.000,1.000,19.0
2010-02-04,15:31:00,1.488,0.190,243.400,6.000,0.000,2.000,19.0
2010-02-04,15:32:00,1.484,0.190,243.100,6.000,0.000,1.000,19.0
2010-02-04,15:33:00,1.480,0.188,242.920,6.000,0.000,1.000,19.0
2010-02-04,15:34:00,1.460,0.144,243.950,6.000,0.000,2.000,19.0
2010-02-04,15:35:00,1.422,0.086,244.070,5.800,0.000,1.000,19.0
2010-02-04,15:36:00,1.426,0.086,244.470,5.800,0.000,1.000,19.0
2010-02-04,15:37:00,1.420,0.084,243.860,5.800,0.000,2.000,18.0
2010-02-04,15:38:00,1.418,0.084,243.920,5.800,0.000,1.000,19.0
2010-02-04,15:39:00,1.410,0.082,243.160,5.800,0.000,1.000,19.0
2010-02-04,15:40:00,1.408,0.082,243.030,5.800,0.000,1.000,19.0
2010-02-04,15:41:00,1.408,0.082,242.990,5.800,0.000,2.000,19.0
2010-02-04,15:42:00,1.416,0.084,243.730,5.800,0.000,1.000,18.0
2010-02-04,15:43:00,1.414,0.084,243.610,5.800,0.000,1.000,19.0
2010-02-04,15:44:00,1.424,0.086,244.610,5.800,0.000,1.000,19.0
2010-02-04,15:45:00,1.416,0.084,243.890,5.800,0.000,2.000,19.0
2010-02-04,15:46:00,1.828,0.244,243.820,7.600,0.000,1.000,25.0
2010-02-04,15:47:00,1.976,0.282,243.320,8.200,0.000,1.000,28.0
2010-02-04,15:48:00,1.994,0.276,242.730,8.200,0.000,1.000,29.0
2010-02-04,15:49:00,2.002,0.270,242.170,8.200,0.000,1.000,29.0
2010-02-04,15:50:00,1.928,0.246,243.160,8.000,0.000,2.000,28.0
2010-02-04,15:51:00,1.424,0.086,244.070,5.800,0.000,1.000,19.0
2010-02-04,15:52:00,1.418,0.084,243.560,5.800,0.000,1.000,18.0
2010-02-04,15:53:00,1.426,0.086,244.350,5.800,0.000,1.000,19.0
2010-02-04,15:54:00,1.414,0.084,243.340,5.800,0.000,1.000,19.0
2010-02-04,15:55:00,1.422,0.086,244.120,5.800,0.000,2.000,19.0
2010-02-04,15:56:00,1.462,0.130,243.460,6.000,0.000,1.000,19.0
2010-02-04,15:57:00,1.530,0.224,243.970,6.200,0.000,1.000,19.0
2010-02-04,15:58:00,1.524,0.224,243.790,6.200,0.000,1.000,19.0
2010-02-04,15:59:00,1.532,0.228,244.660,6.200,0.000,1.000,19.0
2010-02-04,16:00:00,1.520,0.224,243.760,6.200,0.000,2.000,19.0
2010-02-04,16:01:00,1.524,0.226,244.180,6.200,0.000,1.000,19.0
2010-02-04,16:02:00,1.512,0.222,243.290,6.200,0.000,1.000,18.0
2010-02-04,16:03:00,1.516,0.224,243.790,6.200,0.000,1.000,19.0
2010-02-04,16:04:00,1.516,0.224,243.880,6.200,0.000,1.000,19.0
2010-02-04,16:05:00,1.520,0.226,244.430,6.200,0.000,1.000,19.0
2010-02-04,16:06:00,1.514,0.224,243.870,6.200,0.000,2.000,19.0
2010-02-04,16:07:00,1.490,0.216,241.800,6.200,0.000,1.000,18.0
2010-02-04,16:08:00,1.492,0.216,241.950,6.200,0.000,1.000,19.0
2010-02-04,16:09:00,1.502,0.220,242.820,6.200,0.000,1.000,19.0
2010-02-04,16:10:00,1.496,0.218,242.420,6.200,0.000,1.000,18.0
2010-02-04,16:11:00,1.494,0.218,242.300,6.200,0.000,1.000,19.0
2010-02-04,16:12:00,1.488,0.214,241.760,6.200,0.000,2.000,19.0
2010-02-04,16:13:00,1.540,0.262,241.860,6.400,0.000,1.000,18.0
2010-02-04,16:14:00,1.472,0.184,241.980,6.000,0.000,1.000,19.0
2010-02-04,16:15:00,1.488,0.190,243.300,6.000,0.000,1.000,19.0
2010-02-04,16:16:00,1.484,0.188,242.970,6.000,0.000,1.000,18.0
2010-02-04,16:17:00,1.486,0.190,243.340,6.000,0.000,1.000,19.0
2010-02-04,16:18:00,1.498,0.194,244.520,6.000,0.000,2.000,19.0
2010-02-04,16:19:00,1.480,0.188,243.070,6.000,0.000,1.000,19.0
2010-02-04,16:20:00,1.488,0.192,243.930,6.000,0.000,1.000,19.0
2010-02-04,16:21:00,1.488,0.192,244.020,6.000,0.000,1.000,19.0
2010-02-04,16:22:00,1.486,0.190,243.770,6.000,0.000,1.000,19.0
2010-02-04,16:23:00,1.466,0.186,242.640,6.000,0.000,1.000,18.0
2010-02-04,16:24:00,1.464,0.186,242.610,6.000,0.000,2.000,19.0
2010-02-04,16:25:00,1.398,0.084,242.480,5.600,0.000,1.000,19.0
2010-02-04,16:26:00,1.402,0.082,243.040,5.600,0.000,1.000,18.0
2010-02-04,16:27:00,1.406,0.082,243.540,5.800,0.000,1.000,19.0
2010-02-04,16:28:00,1.408,0.084,243.700,5.800,0.000,1.000,19.0
2010-02-04,16:29:00,1.394,0.080,242.370,5.600,0.000,1.000,19.0
2010-02-04,16:30:00,1.410,0.082,243.190,5.800,0.000,2.000,19.0
2010-02-04,16:31:00,1.400,0.080,242.380,5.800,0.000,1.000,18.0
2010-02-04,16:32:00,1.414,0.084,243.500,5.800,0.000,1.000,19.0
2010-02-04,16:33:00,1.408,0.082,243.000,5.800,0.000,1.000,19.0
2010-02-04,16:34:00,1.414,0.084,243.730,5.800,0.000,1.000,19.0
2010-02-04,16:35:00,1.406,0.082,243.470,5.800,0.000,1.000,18.0
2010-02-04,16:36:00,1.406,0.082,243.510,5.800,0.000,1.000,19.0
2010-02-04,16:37:00,1.398,0.082,242.780,5.600,0.000,2.000,19.0
2010-02-04,16:38:00,1.396,0.080,242.500,5.600,0.000,1.000,19.0
2010-02-04,16:39:00,1.390,0.078,242.070,5.600,0.000,1.000,18.0
2010-02-04,16:40:00,1.446,0.132,242.210,6.000,0.000,1.000,19.0
2010-02-04,16:41:00,1.494,0.212,241.570,6.200,0.000,1.000,19.0
2010-02-04,16:42:00,1.484,0.212,241.020,6.200,0.000,1.000,18.0
2010-02-04,16:43:00,1.494,0.216,242.070,6.200,0.000,1.000,19.0
2010-02-04,16:44:00,1.494,0.216,242.230,6.200,0.000,2.000,18.0
2010-02-04,16:45:00,1.496,0.218,242.410,6.200,0.000,1.000,19.0
2010-02-04,16:46:00,1.492,0.216,242.200,6.200,0.000,1.000,18.0
2010-02-04,16:47:00,1.490,0.216,242.160,6.200,0.000,1.000,19.0
2010-02-04,16:48:00,1.476,0.210,240.970,6.200,0.000,1.000,19.0
2010-02-04,16:49:00,1.484,0.214,241.940,6.200,0.000,1.000,18.0
2010-02-04,16:50:00,1.476,0.212,241.170,6.000,0.000,1.000,19.0
2010-02-04,16:51:00,1.480,0.212,241.540,6.200,0.000,2.000,18.0
2010-02-04,16:52:00,1.480,0.212,241.700,6.200,0.000,1.000,19.0
2010-02-04,16:53:00,1.478,0.212,241.460,6.000,0.000,1.000,18.0
2010-02-04,16:54:00,1.466,0.198,241.030,6.000,0.000,1.000,19.0
2010-02-04,16:55:00,1.402,0.088,240.610,5.800,0.000,0.000,18.0
2010-02-04,16:56:00,1.398,0.086,240.190,5.800,0.000,0.000,18.0
2010-02-04,16:57:00,1.394,0.078,240.510,5.800,0.000,0.000,19.0
2010-02-04,16:58:00,1.314,0.000,240.980,5.400,0.000,0.000,18.0
2010-02-04,16:59:00,1.312,0.000,240.830,5.400,0.000,0.000,19.0
2010-02-04,17:00:00,1.314,0.000,241.130,5.400,0.000,0.000,18.0
2010-02-04,17:01:00,1.308,0.000,240.370,5.400,0.000,0.000,18.0
2010-02-04,17:02:00,1.298,0.000,239.600,5.400,0.000,0.000,19.0
2010-02-04,17:03:00,1.342,0.000,239.450,5.600,0.000,0.000,18.0
2010-02-04,17:04:00,1.374,0.056,239.610,5.600,0.000,0.000,18.0
2010-02-04,17:05:00,1.378,0.058,239.990,5.600,0.000,0.000,18.0
2010-02-04,17:06:00,1.380,0.058,240.150,5.600,0.000,0.000,19.0
2010-02-04,17:07:00,1.376,0.058,239.820,5.600,0.000,0.000,18.0
2010-02-04,17:08:00,1.376,0.058,239.930,5.600,0.000,0.000,18.0
2010-02-04,17:09:00,1.374,0.058,239.740,5.600,0.000,0.000,19.0
2010-02-04,17:10:00,1.380,0.058,240.560,5.600,0.000,0.000,18.0
2010-02-04,17:11:00,1.380,0.060,240.630,5.600,0.000,0.000,18.0
2010-02-04,17:12:00,1.380,0.060,240.770,5.600,0.000,0.000,19.0
2010-02-04,17:13:00,1.368,0.058,239.640,5.600,0.000,0.000,18.0
2010-02-04,17:14:00,1.376,0.060,240.480,5.600,0.000,0.000,18.0
2010-02-04,17:15:00,1.336,0.000,240.120,5.400,0.000,0.000,19.0
2010-02-04,17:16:00,1.314,0.000,240.900,5.400,0.000,0.000,18.0
2010-02-04,17:17:00,1.302,0.000,239.870,5.400,0.000,0.000,18.0
2010-02-04,17:18:00,1.294,0.000,239.120,5.400,0.000,0.000,19.0
2010-02-04,17:19:00,1.292,0.000,238.760,5.400,0.000,0.000,18.0
2010-02-04,17:20:00,1.292,0.000,238.920,5.400,0.000,0.000,18.0
2010-02-04,17:21:00,1.292,0.000,238.840,5.400,0.000,0.000,18.0
2010-02-04,17:22:00,1.292,0.000,238.810,5.400,0.000,0.000,18.0
2010-02-04,17:23:00,1.286,0.000,238.360,5.400,0.000,0.000,18.0
2010-02-04,17:24:00,1.342,0.000,239.560,5.600,0.000,0.000,18.0
2010-02-04,17:25:00,1.416,0.090,240.300,5.800,0.000,0.000,19.0
2010-02-04,17:26:00,1.410,0.088,240.100,5.800,0.000,0.000,18.0
2010-02-04,17:27:00,1.394,0.086,238.700,5.800,0.000,0.000,18.0
2010-02-04,17:28:00,1.402,0.088,239.620,5.800,0.000,0.000,18.0
2010-02-04,17:29:00,1.396,0.086,239.160,5.800,0.000,0.000,19.0
2010-02-04,17:30:00,1.398,0.088,239.570,5.800,0.000,0.000,18.0
2010-02-04,17:31:00,1.402,0.088,239.980,5.800,0.000,0.000,18.0
2010-02-04,17:32:00,1.400,0.088,239.880,5.800,0.000,0.000,18.0
2010-02-04,17:33:00,1.396,0.088,239.750,5.800,0.000,0.000,19.0
2010-02-04,17:34:00,1.390,0.086,239.270,5.800,0.000,0.000,18.0
2010-02-04,17:35:00,1.386,0.086,238.960,5.800,0.000,0.000,18.0
2010-02-04,17:36:00,1.386,0.086,238.940,5.800,0.000,0.000,18.0
2010-02-04,17:37:00,1.400,0.088,240.370,5.800,0.000,0.000,19.0
2010-02-04,17:38:00,1.388,0.086,239.220,5.800,0.000,0.000,18.0
2010-02-04,17:39:00,1.394,0.086,239.680,5.800,0.000,0.000,18.0
2010-02-04,17:40:00,1.384,0.084,238.830,5.800,0.000,0.000,18.0
2010-02-04,17:41:00,1.380,0.080,238.430,5.800,0.000,0.000,18.0
2010-02-04,17:42:00,1.282,0.046,237.400,5.400,0.000,0.000,18.0
2010-02-04,17:43:00,1.280,0.046,237.360,5.400,0.000,0.000,18.0
2010-02-04,17:44:00,1.320,0.000,241.020,5.400,0.000,0.000,18.0
2010-02-04,17:45:00,1.322,0.000,240.680,5.400,0.000,0.000,19.0
2010-02-04,17:46:00,1.320,0.000,240.430,5.400,0.000,0.000,18.0
2010-02-04,17:47:00,1.332,0.000,241.550,5.400,0.000,0.000,19.0
2010-02-04,17:48:00,1.322,0.000,240.580,5.400,0.000,0.000,18.0
2010-02-04,17:49:00,1.322,0.000,241.110,5.400,0.000,0.000,19.0
2010-02-04,17:50:00,1.326,0.000,241.790,5.400,0.000,0.000,18.0
2010-02-04,17:51:00,1.324,0.000,241.600,5.400,0.000,0.000,19.0
2010-02-04,17:52:00,1.336,0.000,242.700,5.400,0.000,0.000,18.0
2010-02-04,17:53:00,1.382,0.000,243.170,5.600,0.000,0.000,19.0
2010-02-04,17:54:00,1.414,0.062,243.010,5.800,0.000,0.000,19.0
2010-02-04,17:55:00,1.424,0.066,243.930,5.800,0.000,0.000,19.0
2010-02-04,17:56:00,1.430,0.066,244.490,5.800,0.000,0.000,19.0
2010-02-04,17:57:00,1.430,0.066,244.500,5.800,0.000,0.000,19.0
2010-02-04,17:58:00,0.572,0.076,244.270,3.000,0.000,0.000,6.0
2010-02-04,17:59:00,0.328,0.076,243.650,1.400,0.000,0.000,0.0
2010-02-04,18:00:00,0.330,0.078,244.030,1.400,0.000,0.000,1.0
2010-02-04,18:01:00,0.328,0.076,243.600,1.400,0.000,0.000,1.0
2010-02-04,18:02:00,0.328,0.076,243.660,1.400,0.000,0.000,0.0
2010-02-04,18:03:00,0.328,0.078,243.870,1.400,0.000,0.000,1.0
2010-02-04,18:04:00,0.328,0.080,244.840,1.400,0.000,0.000,1.0
2010-02-04,18:05:00,0.268,0.000,243.830,1.000,0.000,0.000,0.0
2010-02-04,18:06:00,0.256,0.000,243.810,1.000,0.000,0.000,1.0
2010-02-04,18:07:00,0.256,0.000,243.400,1.000,0.000,0.000,1.0
2010-02-04,18:08:00,0.258,0.000,244.250,1.000,0.000,0.000,0.0
2010-02-04,18:09:00,0.374,0.102,244.160,1.600,0.000,0.000,1.0
2010-02-04,18:10:00,0.368,0.110,244.770,1.600,0.000,0.000,1.0
2010-02-04,18:11:00,0.364,0.108,243.990,1.400,0.000,0.000,1.0
2010-02-04,18:12:00,0.362,0.110,244.260,1.400,0.000,0.000,0.0
2010-02-04,18:13:00,0.362,0.110,244.500,1.400,0.000,0.000,1.0
2010-02-04,18:14:00,0.360,0.110,244.270,1.400,0.000,0.000,1.0
2010-02-04,18:15:00,0.356,0.108,243.500,1.400,0.000,0.000,0.0
2010-02-04,18:16:00,0.358,0.110,244.260,1.400,0.000,0.000,1.0
2010-02-04,18:17:00,0.356,0.110,244.000,1.400,0.000,0.000,1.0
2010-02-04,18:18:00,0.356,0.110,244.510,1.400,0.000,0.000,0.0
2010-02-04,18:19:00,0.354,0.110,244.000,1.400,0.000,0.000,1.0
2010-02-04,18:20:00,0.354,0.110,244.270,1.400,0.000,0.000,1.0
2010-02-04,18:21:00,0.356,0.104,242.840,1.400,0.000,0.000,0.0
2010-02-04,18:22:00,0.436,0.104,243.320,1.800,0.000,0.000,1.0
2010-02-04,18:23:00,0.528,0.104,243.350,2.200,0.000,0.000,1.0
2010-02-04,18:24:00,0.734,0.100,243.460,3.000,0.000,0.000,0.0
2010-02-04,18:25:00,0.638,0.100,242.890,2.600,0.000,0.000,1.0
2010-02-04,18:26:00,0.548,0.000,242.700,2.200,0.000,0.000,1.0
2010-02-04,18:27:00,0.538,0.000,242.530,2.200,0.000,0.000,0.0
2010-02-04,18:28:00,0.540,0.000,243.270,2.200,0.000,0.000,1.0
2010-02-04,18:29:00,0.540,0.000,243.130,2.200,0.000,0.000,1.0
2010-02-04,18:30:00,0.538,0.000,242.720,2.200,0.000,0.000,0.0
2010-02-04,18:31:00,0.540,0.000,243.080,2.200,0.000,0.000,1.0
2010-02-04,18:32:00,0.538,0.000,242.860,2.200,0.000,0.000,1.0
2010-02-04,18:33:00,0.548,0.000,243.510,2.200,0.000,0.000,0.0
2010-02-04,18:34:00,0.548,0.000,243.500,2.200,0.000,0.000,1.0
2010-02-04,18:35:00,0.548,0.000,243.720,2.200,0.000,0.000,0.0
2010-02-04,18:36:00,0.548,0.000,243.460,2.200,0.000,0.000,1.0
2010-02-04,18:37:00,0.538,0.000,240.950,2.200,0.000,0.000,1.0
2010-02-04,18:38:00,0.532,0.000,239.950,2.200,0.000,0.000,0.0
2010-02-04,18:39:00,0.532,0.000,241.000,2.200,0.000,0.000,1.0
2010-02-04,18:40:00,0.534,0.000,241.690,2.200,0.000,0.000,1.0
2010-02-04,18:41:00,0.536,0.000,242.190,2.200,0.000,0.000,0.0
2010-02-04,18:42:00,0.532,0.000,241.370,2.200,0.000,0.000,1.0
2010-02-04,18:43:00,0.534,0.000,241.470,2.200,0.000,0.000,1.0
2010-02-04,18:44:00,0.620,0.060,240.790,2.600,0.000,0.000,0.0
2010-02-04,18:45:00,0.604,0.064,240.510,2.400,0.000,0.000,1.0
2010-02-04,18:46:00,0.600,0.062,239.240,2.400,0.000,0.000,1.0
2010-02-04,18:47:00,0.602,0.062,239.810,2.400,0.000,0.000,0.0
2010-02-04,18:48:00,0.610,0.062,239.860,2.400,0.000,0.000,1.0
2010-02-04,18:49:00,0.610,0.064,240.890,2.400,0.000,0.000,1.0
2010-02-04,18:50:00,0.600,0.060,238.870,2.400,0.000,0.000,0.0
2010-02-04,18:51:00,0.588,0.058,237.450,2.400,0.000,0.000,1.0
2010-02-04,18:52:00,0.590,0.058,238.080,2.400,0.000,0.000,1.0
2010-02-04,18:53:00,0.706,0.180,240.280,3.000,0.000,0.000,0.0
2010-02-04,18:54:00,0.704,0.196,240.330,3.000,0.000,0.000,1.0
2010-02-04,18:55:00,0.690,0.182,238.950,3.000,0.000,0.000,1.0
2010-02-04,18:56:00,0.626,0.088,238.850,2.600,0.000,0.000,0.0
2010-02-04,18:57:00,0.630,0.092,240.250,2.600,0.000,0.000,1.0
2010-02-04,18:58:00,0.630,0.094,240.470,2.600,0.000,0.000,0.0
2010-02-04,18:59:00,0.624,0.090,239.380,2.600,0.000,0.000,1.0
2010-02-04,19:00:00,0.888,0.090,240.760,3.600,0.000,0.000,1.0
2010-02-04,19:01:00,0.970,0.088,240.430,4.000,0.000,0.000,0.0
2010-02-04,19:02:00,0.972,0.090,240.960,4.000,0.000,0.000,1.0
2010-02-04,19:03:00,0.962,0.088,239.750,4.000,0.000,0.000,1.0
2010-02-04,19:04:00,0.964,0.088,240.190,4.000,0.000,0.000,0.0
2010-02-04,19:05:00,0.964,0.088,240.160,4.000,0.000,0.000,1.0
2010-02-04,19:06:00,0.964,0.088,240.190,4.000,0.000,0.000,1.0
2010-02-04,19:07:00,0.752,0.088,239.410,3.200,0.000,0.000,0.0
2010-02-04,19:08:00,0.630,0.098,242.310,2.600,0.000,0.000,1.0
2010-02-04,19:09:00,0.618,0.090,239.540,2.600,0.000,0.000,1.0
2010-02-04,19:10:00,0.584,0.000,240.190,2.400,0.000,0.000,0.0
2010-02-04,19:11:00,0.524,0.000,238.620,2.200,0.000,0.000,1.0
2010-02-04,19:12:00,0.528,0.000,239.430,2.200,0.000,0.000,1.0
2010-02-04,19:13:00,0.532,0.000,240.550,2.200,0.000,0.000,0.0
2010-02-04,19:14:00,0.534,0.000,240.960,2.200,0.000,0.000,1.0
2010-02-04,19:15:00,0.526,0.000,238.900,2.200,0.000,0.000,0.0
2010-02-04,19:16:00,0.532,0.000,240.810,2.200,0.000,0.000,1.0
2010-02-04,19:17:00,0.534,0.000,241.200,2.200,0.000,0.000,1.0
2010-02-04,19:18:00,0.560,0.000,241.480,2.200,0.000,0.000,0.0
2010-02-04,19:19:00,0.588,0.000,240.070,2.400,0.000,0.000,1.0
2010-02-04,19:20:00,0.580,0.000,237.800,2.400,0.000,0.000,1.0
2010-02-04,19:21:00,0.586,0.000,239.430,2.400,0.000,0.000,0.0
2010-02-04,19:22:00,0.596,0.000,239.870,2.400,0.000,0.000,1.0
2010-02-04,19:23:00,0.682,0.166,239.660,2.800,0.000,0.000,1.0
2010-02-04,19:24:00,1.726,0.232,238.590,7.600,0.000,0.000,0.0
2010-02-04,19:25:00,1.890,0.050,237.780,7.800,0.000,0.000,1.0
2010-02-04,19:26:00,2.086,0.000,238.120,8.800,0.000,0.000,5.0
2010-02-04,19:27:00,2.314,0.102,238.120,9.600,0.000,0.000,10.0
2010-02-04,19:28:00,2.168,0.100,237.650,9.000,0.000,0.000,10.0
2010-02-04,19:29:00,2.168,0.090,236.190,9.200,0.000,0.000,11.0
2010-02-04,19:30:00,2.182,0.094,236.900,9.200,0.000,0.000,11.0
2010-02-04,19:31:00,1.766,0.000,237.610,7.400,0.000,0.000,4.0
2010-02-04,19:32:00,1.588,0.062,237.310,6.600,0.000,0.000,1.0
2010-02-04,19:33:00,1.612,0.072,238.390,6.600,0.000,0.000,0.0
2010-02-04,19:34:00,1.676,0.000,237.880,7.000,0.000,0.000,1.0
2010-02-04,19:35:00,1.682,0.000,238.140,7.000,0.000,0.000,0.0
2010-02-04,19:36:00,1.764,0.086,237.940,7.400,0.000,0.000,1.0
2010-02-04,19:37:00,3.064,0.324,236.570,13.000,0.000,0.000,16.0
2010-02-04,19:38:00,4.754,0.340,234.650,20.800,24.000,0.000,19.0
2010-02-04,19:39:00,5.742,0.336,233.590,24.600,47.000,0.000,17.0
2010-02-04,19:40:00,5.650,0.336,234.310,24.200,46.000,0.000,18.0
2010-02-04,19:41:00,5.648,0.330,234.250,24.200,47.000,0.000,18.0
2010-02-04,19:42:00,5.694,0.326,234.120,24.400,47.000,0.000,17.0
2010-02-04,19:43:00,5.680,0.346,235.640,24.200,47.000,0.000,18.0
2010-02-04,19:44:00,5.852,0.332,232.950,25.400,41.000,0.000,17.0
2010-02-04,19:45:00,6.124,0.350,235.210,26.200,40.000,0.000,18.0
2010-02-04,19:46:00,5.646,0.344,234.340,24.400,36.000,0.000,17.0
2010-02-04,19:47:00,4.764,0.352,235.630,20.800,15.000,0.000,18.0
2010-02-04,19:48:00,5.132,0.344,235.240,22.400,19.000,0.000,18.0
2010-02-04,19:49:00,5.570,0.342,235.240,24.000,29.000,0.000,17.0
2010-02-04,19:50:00,5.904,0.256,235.050,25.400,35.000,0.000,18.0
2010-02-04,19:51:00,5.254,0.244,235.960,22.800,24.000,0.000,18.0
2010-02-04,19:52:00,4.754,0.250,236.250,20.600,14.000,0.000,17.0
2010-02-04,19:53:00,4.964,0.250,237.060,21.400,18.000,0.000,18.0
2010-02-04,19:54:00,5.128,0.250,237.340,22.200,21.000,0.000,18.0
2010-02-04,19:55:00,5.168,0.248,237.450,22.200,20.000,0.000,18.0
2010-02-04,19:56:00,5.632,0.118,236.430,24.200,29.000,0.000,18.0
2010-02-04,19:57:00,4.620,0.118,236.710,20.000,15.000,0.000,18.0
2010-02-04,19:58:00,5.368,0.116,236.300,23.200,30.000,0.000,17.0
2010-02-04,19:59:00,4.196,0.130,238.000,18.000,8.000,0.000,19.0
2010-02-04,20:00:00,4.226,0.130,238.360,18.000,7.000,0.000,18.0
2010-02-04,20:01:00,4.688,0.090,237.370,20.200,18.000,0.000,17.0
2010-02-04,20:02:00,4.748,0.072,237.650,20.400,18.000,0.000,18.0
2010-02-04,20:03:00,4.676,0.070,237.620,20.200,14.000,0.000,18.0
2010-02-04,20:04:00,4.522,0.072,238.240,19.400,11.000,0.000,18.0
2010-02-04,20:05:00,4.610,0.070,237.380,19.800,14.000,0.000,18.0
2010-02-04,20:06:00,4.694,0.076,238.570,20.200,16.000,0.000,18.0
2010-02-04,20:07:00,4.556,0.074,237.720,19.600,14.000,0.000,18.0
2010-02-04,20:08:00,4.464,0.076,238.530,19.200,12.000,0.000,19.0
2010-02-04,20:09:00,4.494,0.074,237.140,19.400,14.000,0.000,17.0
2010-02-04,20:10:00,4.520,0.074,236.580,19.600,14.000,0.000,18.0
2010-02-04,20:11:00,4.562,0.072,236.140,19.800,15.000,0.000,18.0
2010-02-04,20:12:00,4.466,0.074,236.120,19.400,13.000,0.000,18.0
2010-02-04,20:13:00,4.388,0.072,235.490,19.000,13.000,0.000,17.0
2010-02-04,20:14:00,4.588,0.074,235.950,20.000,14.000,0.000,18.0
2010-02-04,20:15:00,4.664,0.072,236.380,20.200,15.000,0.000,18.0
2010-02-04,20:16:00,4.390,0.076,236.800,19.000,13.000,0.000,18.0
2010-02-04,20:17:00,4.126,0.106,236.430,17.800,9.000,0.000,17.0
2010-02-04,20:18:00,3.680,0.140,237.490,15.400,0.000,0.000,18.0
2010-02-04,20:19:00,3.662,0.138,236.900,15.400,0.000,0.000,18.0
2010-02-04,20:20:00,3.650,0.138,236.660,15.400,0.000,0.000,18.0
2010-02-04,20:21:00,3.650,0.138,236.580,15.400,1.000,0.000,18.0
2010-02-04,20:22:00,3.722,0.204,237.240,15.600,0.000,0.000,18.0
2010-02-04,20:23:00,3.744,0.268,236.960,15.800,0.000,0.000,18.0
2010-02-04,20:24:00,3.732,0.276,237.310,15.600,0.000,0.000,18.0
2010-02-04,20:25:00,3.622,0.306,237.710,15.200,1.000,0.000,18.0
2010-02-04,20:26:00,5.064,0.360,235.840,22.000,29.000,0.000,17.0
2010-02-04,20:27:00,5.228,0.356,234.920,22.400,35.000,0.000,18.0
2010-02-04,20:28:00,5.288,0.360,235.070,22.600,39.000,0.000,17.0
2010-02-04,20:29:00,2.700,0.372,238.590,11.800,6.000,0.000,18.0
2010-02-04,20:30:00,2.326,0.372,238.520,10.200,4.000,0.000,19.0
2010-02-04,20:31:00,3.206,0.350,236.720,14.400,20.000,0.000,17.0
2010-02-04,20:32:00,3.230,0.266,236.520,14.600,22.000,0.000,18.0
2010-02-04,20:33:00,2.824,0.300,237.520,12.600,13.000,0.000,19.0
2010-02-04,20:34:00,2.588,0.394,237.370,11.200,3.000,0.000,27.0
2010-02-04,20:35:00,2.490,0.390,237.080,10.600,0.000,0.000,28.0
2010-02-04,20:36:00,2.386,0.310,236.970,10.000,0.000,0.000,28.0
2010-02-04,20:37:00,2.288,0.240,237.200,9.600,0.000,0.000,28.0
2010-02-04,20:38:00,2.308,0.238,237.020,9.800,0.000,0.000,28.0
2010-02-04,20:39:00,1.926,0.122,238.130,8.200,1.000,0.000,21.0
2010-02-04,20:40:00,1.680,0.000,238.150,7.000,0.000,0.000,18.0
2010-02-04,20:41:00,1.634,0.000,239.320,6.800,0.000,0.000,18.0
2010-02-04,20:42:00,1.618,0.000,237.720,6.800,0.000,0.000,18.0
2010-02-04,20:43:00,1.584,0.046,235.410,6.600,1.000,0.000,18.0
2010-02-04,20:44:00,1.622,0.046,235.550,6.800,0.000,0.000,17.0
2010-02-04,20:45:00,1.634,0.046,235.510,6.800,0.000,0.000,18.0
2010-02-04,20:46:00,1.598,0.046,235.700,6.800,0.000,0.000,17.0
2010-02-04,20:47:00,1.678,0.046,235.860,7.000,0.000,0.000,18.0
2010-02-04,20:48:00,1.602,0.046,235.810,6.800,1.000,0.000,18.0
2010-02-04,20:49:00,1.682,0.000,236.710,7.000,0.000,0.000,18.0
2010-02-04,20:50:00,1.594,0.000,236.240,6.600,0.000,0.000,17.0
2010-02-04,20:51:00,1.592,0.000,235.510,6.600,0.000,0.000,18.0
2010-02-04,20:52:00,1.696,0.046,235.140,7.200,1.000,0.000,18.0
2010-02-04,20:53:00,1.632,0.046,234.580,7.000,0.000,0.000,17.0
2010-02-04,20:54:00,1.584,0.000,235.390,6.600,0.000,0.000,18.0
2010-02-04,20:55:00,1.582,0.046,235.030,6.600,0.000,0.000,17.0
2010-02-04,20:56:00,1.578,0.000,235.370,6.600,0.000,0.000,18.0
2010-02-04,20:57:00,1.564,0.046,234.460,6.600,1.000,0.000,17.0
2010-02-04,20:58:00,1.624,0.046,235.110,6.800,0.000,0.000,18.0
2010-02-04,20:59:00,2.206,0.064,234.910,9.800,0.000,0.000,18.0
2010-02-04,21:00:00,2.320,0.054,236.260,10.000,0.000,0.000,17.0
2010-02-04,21:01:00,2.220,0.046,235.670,9.600,0.000,0.000,18.0
2010-02-04,21:02:00,2.366,0.046,237.450,10.200,0.000,0.000,18.0
2010-02-04,21:03:00,2.058,0.064,237.420,8.800,0.000,0.000,18.0
2010-02-04,21:04:00,2.504,0.000,238.050,10.800,0.000,0.000,18.0
2010-02-04,21:05:00,1.930,0.066,237.840,8.000,0.000,0.000,18.0
2010-02-04,21:06:00,2.384,0.000,237.920,10.400,0.000,0.000,18.0
2010-02-04,21:07:00,2.184,0.280,237.180,9.200,0.000,0.000,18.0
2010-02-04,21:08:00,2.232,0.282,237.890,9.400,0.000,1.000,18.0
2010-02-04,21:09:00,2.202,0.282,237.940,9.200,0.000,2.000,18.0
2010-02-04,21:10:00,2.182,0.284,238.280,9.200,0.000,1.000,18.0
2010-02-04,21:11:00,2.140,0.282,237.600,9.000,0.000,1.000,18.0
2010-02-04,21:12:00,2.146,0.284,238.140,9.000,0.000,2.000,18.0
2010-02-04,21:13:00,2.128,0.278,236.760,9.000,0.000,1.000,18.0
2010-02-04,21:14:00,2.144,0.282,237.750,9.000,0.000,2.000,18.0
2010-02-04,21:15:00,2.186,0.276,236.730,9.200,0.000,1.000,17.0
2010-02-04,21:16:00,2.158,0.278,237.180,9.200,0.000,1.000,18.0
2010-02-04,21:17:00,2.946,0.398,235.420,12.600,0.000,2.000,18.0
2010-02-04,21:18:00,3.026,0.458,236.180,12.800,0.000,1.000,18.0
2010-02-04,21:19:00,3.036,0.448,236.520,13.000,0.000,1.000,17.0
2010-02-04,21:20:00,3.122,0.442,236.790,13.200,0.000,2.000,18.0
2010-02-04,21:21:00,3.092,0.442,237.000,13.200,0.000,1.000,18.0
2010-02-04,21:22:00,3.022,0.446,237.520,12.800,0.000,1.000,18.0
2010-02-04,21:23:00,3.056,0.438,236.750,13.000,0.000,2.000,18.0
2010-02-04,21:24:00,2.892,0.384,236.680,12.200,0.000,1.000,18.0
2010-02-04,21:25:00,3.072,0.334,236.510,13.000,0.000,1.000,17.0
2010-02-04,21:26:00,3.066,0.330,235.740,13.000,0.000,2.000,18.0
2010-02-04,21:27:00,3.090,0.336,237.020,13.000,0.000,1.000,18.0
2010-02-04,21:28:00,3.106,0.336,236.940,13.200,0.000,1.000,18.0
2010-02-04,21:29:00,3.126,0.338,237.500,13.200,0.000,2.000,18.0
2010-02-04,21:30:00,2.750,0.192,237.420,11.600,0.000,1.000,18.0
2010-02-04,21:31:00,2.162,0.072,238.530,9.000,0.000,1.000,18.0
2010-02-04,21:32:00,2.180,0.072,238.310,9.000,0.000,1.000,18.0
2010-02-04,21:33:00,2.232,0.072,238.110,9.400,0.000,2.000,18.0
2010-02-04,21:34:00,2.098,0.072,238.300,8.800,0.000,1.000,18.0
2010-02-04,21:35:00,2.038,0.068,238.960,8.400,0.000,1.000,18.0
2010-02-04,21:36:00,1.916,0.062,237.860,8.000,0.000,1.000,18.0
2010-02-04,21:37:00,2.096,0.058,237.780,8.800,0.000,1.000,18.0
2010-02-04,21:38:00,2.126,0.058,237.490,9.000,0.000,2.000,18.0
2010-02-04,21:39:00,1.972,0.062,238.400,8.200,0.000,1.000,18.0
2010-02-04,21:40:00,1.898,0.062,238.310,7.800,0.000,1.000,18.0
2010-02-04,21:41:00,2.096,0.060,238.840,8.800,0.000,1.000,18.0
2010-02-04,21:42:00,2.010,0.064,239.420,8.400,0.000,1.000,18.0
2010-02-04,21:43:00,1.974,0.064,239.870,8.200,0.000,2.000,19.0
2010-02-04,21:44:00,1.992,0.062,239.310,8.200,0.000,1.000,18.0
2010-02-04,21:45:00,1.984,0.064,239.860,8.200,0.000,1.000,18.0
2010-02-04,21:46:00,2.020,0.064,239.400,8.400,0.000,1.000,18.0
2010-02-04,21:47:00,2.060,0.062,239.420,8.600,0.000,1.000,19.0
2010-02-04,21:48:00,1.990,0.062,239.360,8.200,0.000,1.000,18.0
2010-02-04,21:49:00,1.970,0.062,238.960,8.200,0.000,2.000,18.0
2010-02-04,21:50:00,2.002,0.074,238.830,8.400,0.000,1.000,18.0
2010-02-04,21:51:00,2.076,0.188,237.000,8.800,0.000,1.000,18.0
2010-02-04,21:52:00,2.116,0.188,236.870,9.000,0.000,1.000,18.0
2010-02-04,21:53:00,2.070,0.188,236.690,8.800,0.000,1.000,18.0
2010-02-04,21:54:00,2.060,0.192,237.900,8.600,0.000,1.000,18.0
2010-02-04,21:55:00,2.022,0.188,236.750,8.400,0.000,1.000,17.0
2010-02-04,21:56:00,2.038,0.188,236.770,8.600,0.000,2.000,18.0
2010-02-04,21:57:00,2.090,0.184,235.600,8.800,0.000,1.000,18.0
2010-02-04,21:58:00,2.048,0.188,237.210,8.600,0.000,1.000,18.0
2010-02-04,21:59:00,2.046,0.192,237.950,8.600,0.000,1.000,18.0
2010-02-04,22:00:00,2.156,0.198,239.600,9.000,0.000,1.000,18.0
2010-02-04,22:01:00,2.096,0.196,239.540,8.800,0.000,1.000,18.0
2010-02-04,22:02:00,2.122,0.208,239.370,8.800,0.000,1.000,18.0
2010-02-04,22:03:00,2.174,0.286,239.460,9.200,0.000,2.000,19.0
2010-02-04,22:04:00,2.226,0.286,239.490,9.400,0.000,1.000,18.0
2010-02-04,22:05:00,2.068,0.290,239.970,8.600,0.000,1.000,18.0
2010-02-04,22:06:00,2.022,0.292,240.380,8.400,0.000,1.000,19.0
2010-02-04,22:07:00,1.998,0.298,241.410,8.200,0.000,1.000,18.0
2010-02-04,22:08:00,1.956,0.198,241.500,8.000,0.000,1.000,19.0
2010-02-04,22:09:00,1.962,0.162,241.130,8.200,0.000,1.000,18.0
2010-02-04,22:10:00,1.902,0.158,240.000,7.800,0.000,2.000,18.0
2010-02-04,22:11:00,1.938,0.158,240.400,8.000,0.000,1.000,19.0
2010-02-04,22:12:00,1.916,0.158,240.430,8.000,0.000,1.000,18.0
2010-02-04,22:13:00,1.934,0.168,240.990,8.000,0.000,1.000,19.0
2010-02-04,22:14:00,1.944,0.180,241.970,8.000,0.000,1.000,18.0
2010-02-04,22:15:00,1.942,0.174,242.820,8.000,0.000,1.000,19.0
2010-02-04,22:16:00,1.876,0.164,242.020,7.800,0.000,1.000,19.0
2010-02-04,22:17:00,1.990,0.164,242.520,8.200,0.000,2.000,18.0
2010-02-04,22:18:00,1.788,0.168,242.540,7.400,0.000,1.000,19.0
2010-02-04,22:19:00,1.710,0.112,242.880,7.000,0.000,1.000,19.0
2010-02-04,22:20:00,2.132,0.214,242.510,8.800,0.000,1.000,25.0
2010-02-04,22:21:00,2.358,0.256,242.270,9.800,0.000,1.000,28.0
2010-02-04,22:22:00,2.278,0.250,241.480,9.400,0.000,1.000,29.0
2010-02-04,22:23:00,2.278,0.246,241.090,9.400,0.000,1.000,28.0
2010-02-04,22:24:00,2.266,0.244,240.850,9.400,0.000,2.000,29.0
2010-02-04,22:25:00,1.734,0.076,241.700,7.200,0.000,1.000,20.0
2010-02-04,22:26:00,1.692,0.064,241.860,7.000,0.000,1.000,18.0
2010-02-04,22:27:00,1.754,0.066,242.560,7.200,0.000,1.000,19.0
2010-02-04,22:28:00,1.706,0.066,242.370,7.000,0.000,1.000,19.0
2010-02-04,22:29:00,1.684,0.066,242.560,6.800,0.000,1.000,18.0
2010-02-04,22:30:00,1.672,0.064,241.910,6.800,0.000,1.000,19.0
2010-02-04,22:31:00,1.696,0.066,242.680,7.000,0.000,2.000,19.0
2010-02-04,22:32:00,1.752,0.066,242.530,7.200,0.000,1.000,18.0
2010-02-04,22:33:00,1.692,0.068,243.110,7.000,0.000,1.000,19.0
2010-02-04,22:34:00,1.710,0.088,242.680,7.000,0.000,1.000,19.0
2010-02-04,22:35:00,2.130,0.200,242.920,8.800,0.000,1.000,19.0
2010-02-04,22:36:00,2.232,0.200,242.850,9.200,0.000,1.000,18.0
2010-02-04,22:37:00,2.240,0.202,243.080,9.200,0.000,1.000,19.0
2010-02-04,22:38:00,2.226,0.200,243.120,9.200,0.000,1.000,19.0
2010-02-04,22:39:00,2.228,0.200,243.250,9.200,0.000,2.000,19.0
2010-02-04,22:40:00,2.236,0.204,243.940,9.200,0.000,1.000,18.0
2010-02-04,22:41:00,2.224,0.202,243.210,9.200,0.000,1.000,19.0
2010-02-04,22:42:00,2.244,0.204,243.860,9.200,0.000,1.000,19.0
2010-02-04,22:43:00,2.222,0.202,243.360,9.200,0.000,1.000,19.0
2010-02-04,22:44:00,2.236,0.206,244.220,9.200,0.000,1.000,19.0
2010-02-04,22:45:00,2.228,0.204,243.770,9.200,0.000,1.000,19.0
2010-02-04,22:46:00,2.244,0.204,244.220,9.200,0.000,2.000,19.0
2010-02-04,22:47:00,2.210,0.198,242.580,9.000,0.000,1.000,18.0
2010-02-04,22:48:00,2.222,0.202,243.390,9.000,0.000,1.000,19.0
2010-02-04,22:49:00,2.206,0.198,242.400,9.000,0.000,1.000,19.0
2010-02-04,22:50:00,2.042,0.144,241.350,8.400,0.000,1.000,18.0
2010-02-04,22:51:00,1.888,0.096,240.620,7.800,0.000,0.000,19.0
2010-02-04,22:52:00,2.142,0.084,241.650,8.800,0.000,0.000,18.0
2010-02-04,22:53:00,2.116,0.000,240.780,8.800,0.000,0.000,19.0
2010-02-04,22:54:00,2.032,0.000,241.600,8.400,0.000,0.000,18.0
2010-02-04,22:55:00,1.752,0.046,241.500,7.200,0.000,0.000,19.0
2010-02-04,22:56:00,1.854,0.000,241.410,7.600,0.000,0.000,18.0
2010-02-04,22:57:00,1.978,0.000,240.370,8.200,0.000,0.000,19.0
2010-02-04,22:58:00,1.836,0.058,240.910,7.600,0.000,0.000,18.0
2010-02-04,22:59:00,1.660,0.070,240.720,7.000,0.000,0.000,18.0
2010-02-04,23:00:00,1.894,0.070,241.470,7.800,0.000,0.000,19.0
2010-02-04,23:01:00,1.926,0.070,241.600,8.000,0.000,0.000,18.0
2010-02-04,23:02:00,1.676,0.076,242.600,7.000,0.000,0.000,19.0
2010-02-04,23:03:00,1.672,0.076,242.460,6.800,0.000,0.000,19.0
2010-02-04,23:04:00,1.816,0.076,243.290,7.400,0.000,0.000,19.0
2010-02-04,23:05:00,1.950,0.074,242.780,8.000,0.000,0.000,18.0
2010-02-04,23:06:00,1.808,0.076,242.990,7.400,0.000,0.000,19.0
2010-02-04,23:07:00,1.606,0.000,242.490,6.600,0.000,0.000,19.0
2010-02-04,23:08:00,1.606,0.000,241.840,6.600,0.000,0.000,18.0
2010-02-04,23:09:00,1.838,0.000,240.400,7.600,0.000,0.000,19.0
2010-02-04,23:10:00,1.842,0.000,240.860,7.600,0.000,0.000,18.0
2010-02-04,23:11:00,1.696,0.000,241.280,7.000,0.000,0.000,19.0
2010-02-04,23:12:00,1.562,0.068,242.000,6.400,0.000,0.000,18.0
2010-02-04,23:13:00,1.544,0.068,241.550,6.400,0.000,0.000,19.0
2010-02-04,23:14:00,1.712,0.070,241.500,7.200,0.000,0.000,18.0
2010-02-04,23:15:00,1.820,0.070,241.660,7.400,0.000,0.000,19.0
2010-02-04,23:16:00,1.624,0.070,241.190,6.800,0.000,0.000,18.0
2010-02-04,23:17:00,1.536,0.068,241.180,6.400,0.000,0.000,19.0
2010-02-04,23:18:00,1.540,0.070,240.480,6.400,0.000,0.000,18.0
2010-02-04,23:19:00,1.826,0.062,240.510,7.600,0.000,0.000,19.0
2010-02-04,23:20:00,1.876,0.060,240.140,7.800,0.000,0.000,18.0
2010-02-04,23:21:00,1.674,0.060,239.170,7.000,0.000,0.000,18.0
2010-02-04,23:22:00,1.614,0.058,238.640,6.800,0.000,0.000,18.0
2010-02-04,23:23:00,1.694,0.060,239.350,7.000,0.000,0.000,18.0
2010-02-04,23:24:00,1.866,0.058,239.160,7.800,0.000,0.000,19.0
2010-02-04,23:25:00,1.730,0.062,239.890,7.200,0.000,0.000,18.0
2010-02-04,23:26:00,1.606,0.060,239.080,6.800,0.000,0.000,18.0
2010-02-04,23:27:00,1.616,0.062,240.000,6.800,0.000,0.000,18.0
2010-02-04,23:28:00,1.770,0.060,240.290,7.400,0.000,0.000,19.0
2010-02-04,23:29:00,1.880,0.060,240.800,7.800,0.000,0.000,18.0
2010-02-04,23:30:00,1.506,0.064,241.080,6.200,0.000,0.000,19.0
2010-02-04,23:31:00,1.452,0.066,241.450,6.000,0.000,0.000,18.0
2010-02-04,23:32:00,1.444,0.064,240.860,6.000,0.000,0.000,19.0
2010-02-04,23:33:00,1.462,0.064,241.370,6.000,0.000,0.000,18.0
2010-02-04,23:34:00,1.454,0.064,241.020,6.000,0.000,0.000,18.0
2010-02-04,23:35:00,1.584,0.064,241.400,6.600,0.000,0.000,19.0
2010-02-04,23:36:00,1.524,0.000,241.290,6.400,0.000,0.000,18.0
2010-02-04,23:37:00,1.510,0.068,240.960,6.200,0.000,0.000,19.0
2010-02-04,23:38:00,1.500,0.068,241.350,6.200,0.000,0.000,18.0
2010-02-04,23:39:00,1.496,0.068,240.970,6.200,0.000,0.000,19.0
2010-02-04,23:40:00,1.458,0.000,241.730,6.000,0.000,0.000,18.0
2010-02-04,23:41:00,1.598,0.000,240.840,6.600,0.000,0.000,19.0
2010-02-04,23:42:00,1.602,0.000,241.140,6.600,0.000,0.000,18.0
2010-02-04,23:43:00,1.590,0.000,239.230,6.600,0.000,0.000,19.0
2010-02-04,23:44:00,1.694,0.000,239.710,7.000,0.000,0.000,18.0
2010-02-04,23:45:00,1.772,0.000,238.770,7.400,0.000,0.000,18.0
2010-02-04,23:46:00,2.064,0.000,238.950,8.800,0.000,0.000,18.0
2010-02-04,23:47:00,1.798,0.000,238.760,7.600,0.000,0.000,18.0
2010-02-04,23:48:00,1.760,0.000,239.400,7.400,0.000,0.000,18.0
2010-02-04,23:49:00,1.686,0.000,238.520,7.000,0.000,0.000,18.0
2010-02-04,23:50:00,1.820,0.000,238.800,7.600,0.000,0.000,19.0
2010-02-04,23:51:00,1.740,0.000,238.360,7.200,0.000,0.000,18.0
2010-02-04,23:52:00,1.752,0.000,239.400,7.400,0.000,0.000,18.0
2010-02-04,23:53:00,1.594,0.000,238.590,6.600,0.000,0.000,18.0
2010-02-04,23:54:00,1.804,0.090,238.920,7.600,0.000,0.000,18.0
2010-02-04,23:55:00,1.578,0.088,240.340,6.600,0.000,0.000,18.0
2010-02-04,23:56:00,1.564,0.086,240.530,6.400,0.000,0.000,19.0
2010-02-04,23:57:00,1.826,0.090,239.180,7.600,0.000,0.000,18.0
2010-02-04,23:58:00,1.572,0.088,239.750,6.600,0.000,0.000,18.0
2010-02-04,23:59:00,1.614,0.086,240.660,6.800,0.000,0.000,19.0
