Date,Time,Global_active_power,Global_reactive_power,Voltage,Global_intensity,Sub_metering_1,Sub_metering_2,Sub_metering_3
2009-04-08,00:00:00,0.500,0.270,246.890,2.200,0.000,1.000,1.0
2009-04-08,00:01:00,0.498,0.270,246.770,2.200,0.000,1.000,0.0
2009-04-08,00:02:00,0.486,0.250,246.500,2.200,0.000,2.000,1.0
2009-04-08,00:03:00,0.404,0.124,246.520,1.800,0.000,1.000,1.0
2009-04-08,00:04:00,0.404,0.124,246.700,1.800,0.000,2.000,0.0
2009-04-08,00:05:00,0.404,0.124,247.030,1.800,0.000,1.000,1.0
2009-04-08,00:06:00,0.404,0.126,247.490,1.800,0.000,2.000,1.0
2009-04-08,00:07:00,0.450,0.170,247.340,2.000,0.000,1.000,1.0
2009-04-08,00:08:00,0.478,0.238,247.570,2.200,0.000,1.000,0.0
2009-04-08,00:09:00,0.474,0.234,246.720,2.200,0.000,2.000,1.0
2009-04-08,00:10:00,0.470,0.226,245.370,2.200,0.000,1.000,1.0
2009-04-08,00:11:00,0.464,0.220,243.770,2.000,0.000,1.000,0.0
2009-04-08,00:12:00,0.464,0.224,244.690,2.000,0.000,2.000,1.0
2009-04-08,00:13:00,0.462,0.224,244.630,2.000,0.000,1.000,1.0
2009-04-08,00:14:00,0.460,0.224,244.630,2.000,0.000,1.000,0.0
2009-04-08,00:15:00,0.458,0.222,244.400,2.000,0.000,1.000,1.0
2009-04-08,00:16:00,0.806,0.218,243.740,4.000,0.000,2.000,5.0
2009-04-08,00:17:00,1.588,0.206,242.810,6.600,0.000,1.000,20.0
2009-04-08,00:18:00,1.500,0.100,242.270,6.200,0.000,1.000,19.0
2009-04-08,00:19:00,1.428,0.000,242.650,5.800,0.000,0.000,19.0
2009-04-08,00:20:00,1.412,0.000,243.200,5.800,0.000,0.000,19.0
2009-04-08,00:21:00,1.504,0.084,242.980,6.200,0.000,0.000,19.0
2009-04-08,00:22:00,1.512,0.112,243.060,6.200,0.000,0.000,19.0
2009-04-08,00:23:00,1.504,0.110,242.900,6.200,0.000,0.000,19.0
2009-04-08,00:24:00,1.498,0.110,242.590,6.200,0.000,0.000,18.0
2009-04-08,00:25:00,1.492,0.110,242.290,6.200,0.000,0.000,19.0
2009-04-08,00:26:00,1.492,0.110,242.420,6.200,0.000,0.000,19.0
2009-04-08,00:27:00,1.492,0.110,242.610,6.200,0.000,0.000,19.0
2009-04-08,00:28:00,1.488,0.108,242.370,6.000,0.000,0.000,18.0
2009-04-08,00:29:00,1.488,0.110,242.570,6.000,0.000,0.000,19.0
2009-04-08,00:30:00,1.484,0.108,242.170,6.000,0.000,0.000,19.0
2009-04-08,00:31:00,1.486,0.108,242.490,6.000,0.000,0.000,18.0
2009-04-08,00:32:00,1.820,0.182,241.820,7.600,0.000,0.000,24.0
2009-04-08,00:33:00,1.964,0.086,239.370,8.200,0.000,0.000,28.0
2009-04-08,00:34:00,1.974,0.080,239.040,8.200,0.000,0.000,28.0
2009-04-08,00:35:00,1.982,0.078,238.780,8.200,0.000,0.000,29.0
2009-04-08,00:36:00,1.988,0.080,239.130,8.200,0.000,0.000,29.0
2009-04-08,00:37:00,1.992,0.080,239.180,8.200,0.000,0.000,28.0
2009-04-08,00:38:00,1.488,0.000,239.620,6.200,0.000,0.000,21.0
2009-04-08,00:39:00,1.360,0.000,239.360,5.600,0.000,0.000,18.0
2009-04-08,00:40:00,1.362,0.000,239.490,5.600,0.000,0.000,19.0
2009-04-08,00:41:00,1.364,0.000,239.750,5.600,0.000,0.000,18.0
2009-04-08,00:42:00,1.364,0.000,239.710,5.600,0.000,0.000,18.0
2009-04-08,00:43:00,1.364,0.000,239.820,5.600,0.000,0.000,18.0
2009-04-08,00:44:00,1.362,0.000,239.520,5.600,0.000,0.000,19.0
2009-04-08,00:45:00,1.360,0.000,239.410,5.600,0.000,0.000,18.0
2009-04-08,00:46:00,1.364,0.000,239.700,5.600,0.000,0.000,18.0
2009-04-08,00:47:00,1.362,0.000,239.580,5.600,0.000,0.000,18.0
2009-04-08,00:48:00,1.360,0.000,239.500,5.600,0.000,0.000,19.0
2009-04-08,00:49:00,1.360,0.000,239.460,5.600,0.000,0.000,18.0
2009-04-08,00:50:00,1.360,0.000,239.430,5.600,0.000,0.000,18.0
2009-04-08,00:51:00,1.428,0.000,239.460,6.000,0.000,0.000,18.0
2009-04-08,00:52:00,1.470,0.100,239.670,6.000,0.000,0.000,18.0
2009-04-08,00:53:00,1.458,0.100,239.160,6.000,0.000,0.000,19.0
2009-04-08,00:54:00,1.540,0.190,238.960,6.400,0.000,0.000,18.0
2009-04-08,00:55:00,1.556,0.210,241.380,6.400,0.000,0.000,18.0
2009-04-08,00:56:00,0.928,0.222,242.260,4.400,0.000,0.000,9.0
2009-04-08,00:57:00,0.482,0.226,242.410,2.200,0.000,0.000,1.0
2009-04-08,00:58:00,0.478,0.224,241.850,2.200,0.000,0.000,1.0
2009-04-08,00:59:00,0.476,0.226,242.150,2.200,0.000,0.000,0.0
2009-04-08,01:00:00,0.474,0.228,242.530,2.200,0.000,0.000,1.0
2009-04-08,01:01:00,0.474,0.230,242.700,2.200,0.000,0.000,1.0
2009-04-08,01:02:00,0.472,0.230,243.010,2.200,0.000,0.000,0.0
2009-04-08,01:03:00,0.406,0.132,242.630,1.800,0.000,0.000,1.0
2009-04-08,01:04:00,0.352,0.054,243.050,1.600,0.000,0.000,1.0
2009-04-08,01:05:00,0.310,0.000,243.680,1.400,0.000,0.000,0.0
2009-04-08,01:06:00,0.310,0.000,243.560,1.400,0.000,0.000,1.0
2009-04-08,01:07:00,0.310,0.000,243.470,1.400,0.000,0.000,1.0
2009-04-08,01:08:00,0.308,0.000,242.940,1.400,0.000,0.000,0.0
2009-04-08,01:09:00,0.308,0.000,243.310,1.400,0.000,0.000,1.0
2009-04-08,01:10:00,0.308,0.000,243.110,1.400,0.000,0.000,1.0
2009-04-08,01:11:00,0.308,0.000,242.990,1.400,0.000,0.000,0.0
2009-04-08,01:12:00,0.308,0.000,243.170,1.400,0.000,0.000,1.0
2009-04-08,01:13:00,0.310,0.000,243.560,1.400,0.000,0.000,1.0
2009-04-08,01:14:00,0.308,0.000,243.040,1.400,0.000,0.000,0.0
2009-04-08,01:15:00,0.308,0.000,243.090,1.400,0.000,0.000,1.0
2009-04-08,01:16:00,0.308,0.000,243.130,1.400,0.000,0.000,1.0
2009-04-08,01:17:00,0.310,0.000,243.430,1.400,0.000,0.000,0.0
2009-04-08,01:18:00,0.308,0.000,243.120,1.400,0.000,0.000,1.0
2009-04-08,01:19:00,0.310,0.000,243.230,1.400,0.000,0.000,1.0
2009-04-08,01:20:00,0.308,0.000,243.170,1.400,0.000,0.000,0.0
2009-04-08,01:21:00,0.352,0.000,243.710,1.600,0.000,0.000,1.0
2009-04-08,01:22:00,0.420,0.124,243.790,1.800,0.000,0.000,1.0
2009-04-08,01:23:00,0.416,0.126,243.650,1.800,0.000,0.000,0.0
2009-04-08,01:24:00,0.414,0.128,243.930,1.800,0.000,0.000,1.0
2009-04-08,01:25:00,0.414,0.130,244.430,1.800,0.000,0.000,1.0
2009-04-08,01:26:00,0.412,0.130,244.510,1.800,0.000,0.000,0.0
2009-04-08,01:27:00,0.410,0.130,244.820,1.800,0.000,0.000,1.0
2009-04-08,01:28:00,0.410,0.132,244.990,1.800,0.000,0.000,1.0
2009-04-08,01:29:00,0.408,0.132,244.910,1.800,0.000,0.000,1.0
2009-04-08,01:30:00,0.406,0.128,244.370,1.800,0.000,0.000,0.0
2009-04-08,01:31:00,0.406,0.130,244.410,1.800,0.000,0.000,1.0
2009-04-08,01:32:00,0.714,0.206,243.900,3.400,0.000,0.000,5.0
2009-04-08,01:33:00,0.952,0.184,243.450,4.000,0.000,0.000,11.0
2009-04-08,01:34:00,0.934,0.132,243.520,3.800,0.000,0.000,11.0
2009-04-08,01:35:00,0.946,0.126,243.010,3.800,0.000,0.000,11.0
2009-04-08,01:36:00,0.946,0.124,242.790,4.000,0.000,0.000,12.0
2009-04-08,01:37:00,0.910,0.114,243.000,3.800,0.000,0.000,11.0
2009-04-08,01:38:00,0.310,0.000,243.690,1.400,0.000,0.000,1.0
2009-04-08,01:39:00,0.310,0.000,244.010,1.400,0.000,0.000,0.0
2009-04-08,01:40:00,0.310,0.000,244.060,1.400,0.000,0.000,1.0
2009-04-08,01:41:00,0.370,0.050,244.420,1.600,0.000,0.000,1.0
2009-04-08,01:42:00,0.388,0.100,244.910,1.600,0.000,0.000,0.0
2009-04-08,01:43:00,0.388,0.100,244.840,1.600,0.000,0.000,1.0
2009-04-08,01:44:00,0.388,0.100,245.190,1.600,0.000,0.000,1.0
2009-04-08,01:45:00,0.388,0.102,245.530,1.600,0.000,0.000,0.0
2009-04-08,01:46:00,0.388,0.102,245.490,1.600,0.000,0.000,1.0
2009-04-08,01:47:00,0.384,0.100,244.850,1.600,0.000,0.000,1.0
2009-04-08,01:48:00,0.382,0.096,243.990,1.600,0.000,0.000,0.0
2009-04-08,01:49:00,0.378,0.092,243.040,1.600,0.000,0.000,1.0
2009-04-08,01:50:00,0.378,0.092,242.900,1.600,0.000,0.000,1.0
2009-04-08,01:51:00,0.324,0.000,243.610,1.400,0.000,0.000,0.0
2009-04-08,01:52:00,0.416,0.106,243.180,1.800,0.000,0.000,1.0
2009-04-08,01:53:00,0.414,0.122,242.660,1.800,0.000,0.000,1.0
2009-04-08,01:54:00,0.410,0.122,242.370,1.800,0.000,0.000,0.0
2009-04-08,01:55:00,0.412,0.128,243.590,1.800,0.000,0.000,1.0
2009-04-08,01:56:00,0.414,0.132,244.850,1.800,0.000,0.000,1.0
2009-04-08,01:57:00,0.412,0.132,244.810,1.800,0.000,0.000,0.0
2009-04-08,01:58:00,0.410,0.132,244.870,1.800,0.000,0.000,1.0
2009-04-08,01:59:00,0.410,0.132,244.950,1.800,0.000,0.000,1.0
2009-04-08,02:00:00,0.408,0.134,245.080,1.800,0.000,0.000,0.0
2009-04-08,02:01:00,0.408,0.134,245.280,1.800,0.000,0.000,1.0
2009-04-08,02:02:00,0.408,0.134,245.280,1.800,0.000,0.000,1.0
2009-04-08,02:03:00,0.382,0.094,245.470,1.600,0.000,0.000,0.0
2009-04-08,02:04:00,0.314,0.000,245.380,1.400,0.000,0.000,1.0
2009-04-08,02:05:00,0.314,0.000,245.790,1.400,0.000,0.000,1.0
2009-04-08,02:06:00,0.314,0.000,245.710,1.400,0.000,0.000,1.0
2009-04-08,02:07:00,0.314,0.000,245.800,1.400,0.000,0.000,0.0
2009-04-08,02:08:00,0.312,0.000,245.120,1.400,0.000,0.000,1.0
2009-04-08,02:09:00,0.386,0.080,244.820,1.800,0.000,0.000,1.0
2009-04-08,02:10:00,0.398,0.118,244.630,1.800,0.000,2.000,0.0
2009-04-08,02:11:00,0.396,0.118,245.000,1.600,0.000,1.000,1.0
2009-04-08,02:12:00,0.398,0.120,245.580,1.600,0.000,1.000,1.0
2009-04-08,02:13:00,0.400,0.120,245.570,1.800,0.000,2.000,0.0
2009-04-08,02:14:00,0.398,0.120,245.420,1.800,0.000,1.000,1.0
2009-04-08,02:15:00,0.398,0.122,245.650,1.800,0.000,2.000,1.0
2009-04-08,02:16:00,0.400,0.122,245.730,1.800,0.000,1.000,0.0
2009-04-08,02:17:00,0.400,0.124,245.950,1.800,0.000,2.000,1.0
2009-04-08,02:18:00,0.400,0.122,245.740,1.800,0.000,1.000,1.0
2009-04-08,02:19:00,0.400,0.122,246.060,1.800,0.000,1.000,0.0
2009-04-08,02:20:00,0.398,0.122,245.470,1.600,0.000,2.000,1.0
2009-04-08,02:21:00,0.398,0.122,245.350,1.600,0.000,1.000,1.0
2009-04-08,02:22:00,0.452,0.178,245.020,2.000,0.000,2.000,1.0
2009-04-08,02:23:00,0.504,0.262,245.430,2.200,0.000,1.000,0.0
2009-04-08,02:24:00,0.500,0.264,245.680,2.200,0.000,1.000,1.0
2009-04-08,02:25:00,0.494,0.260,245.200,2.200,0.000,2.000,1.0
2009-04-08,02:26:00,0.492,0.258,244.810,2.200,0.000,1.000,0.0
2009-04-08,02:27:00,0.488,0.258,244.470,2.200,0.000,1.000,1.0
2009-04-08,02:28:00,0.512,0.270,243.740,2.400,0.000,2.000,1.0
2009-04-08,02:29:00,0.558,0.358,243.500,2.600,0.000,1.000,0.0
2009-04-08,02:30:00,0.556,0.360,243.870,2.600,0.000,1.000,1.0
2009-04-08,02:31:00,0.554,0.360,243.740,2.600,0.000,1.000,1.0
2009-04-08,02:32:00,0.552,0.358,243.580,2.600,0.000,2.000,0.0
2009-04-08,02:33:00,0.552,0.360,243.720,2.600,0.000,1.000,1.0
2009-04-08,02:34:00,0.396,0.116,243.850,1.800,0.000,0.000,1.0
2009-04-08,02:35:00,0.382,0.096,243.850,1.600,0.000,0.000,0.0
2009-04-08,02:36:00,0.380,0.096,243.590,1.600,0.000,0.000,1.0
2009-04-08,02:37:00,0.380,0.094,243.420,1.600,0.000,0.000,1.0
2009-04-08,02:38:00,0.370,0.082,242.960,1.600,0.000,0.000,0.0
2009-04-08,02:39:00,0.384,0.000,242.980,1.800,0.000,0.000,2.0
2009-04-08,02:40:00,0.902,0.124,242.480,3.800,0.000,0.000,10.0
2009-04-08,02:41:00,0.916,0.126,242.760,3.800,0.000,0.000,11.0
2009-04-08,02:42:00,0.938,0.124,242.670,3.800,0.000,0.000,11.0
2009-04-08,02:43:00,0.946,0.132,243.380,3.800,0.000,0.000,12.0
2009-04-08,02:44:00,0.950,0.132,243.520,4.000,0.000,0.000,11.0
2009-04-08,02:45:00,0.332,0.000,243.770,1.400,0.000,0.000,2.0
2009-04-08,02:46:00,0.310,0.000,243.730,1.400,0.000,0.000,0.0
2009-04-08,02:47:00,0.310,0.000,244.050,1.400,0.000,0.000,1.0
2009-04-08,02:48:00,0.310,0.000,243.660,1.400,0.000,0.000,1.0
2009-04-08,02:49:00,0.310,0.000,243.720,1.400,0.000,0.000,0.0
2009-04-08,02:50:00,0.310,0.000,243.480,1.400,0.000,0.000,1.0
2009-04-08,02:51:00,0.310,0.000,243.900,1.400,0.000,0.000,1.0
2009-04-08,02:52:00,0.338,0.000,243.170,1.600,0.000,0.000,0.0
2009-04-08,02:53:00,0.418,0.124,242.880,1.800,0.000,0.000,1.0
2009-04-08,02:54:00,0.414,0.124,243.030,1.800,0.000,0.000,1.0
2009-04-08,02:55:00,0.412,0.126,243.120,1.800,0.000,0.000,0.0
2009-04-08,02:56:00,0.410,0.126,243.090,1.800,0.000,0.000,1.0
2009-04-08,02:57:00,0.408,0.124,242.640,1.800,0.000,0.000,1.0
2009-04-08,02:58:00,0.406,0.122,242.540,1.800,0.000,0.000,0.0
2009-04-08,02:59:00,0.406,0.124,242.980,1.800,0.000,0.000,1.0
2009-04-08,03:00:00,0.406,0.126,243.330,1.800,0.000,0.000,1.0
2009-04-08,03:01:00,0.406,0.128,244.060,1.800,0.000,0.000,0.0
2009-04-08,03:02:00,0.406,0.128,244.170,1.800,0.000,0.000,1.0
2009-04-08,03:03:00,0.406,0.130,244.290,1.800,0.000,0.000,1.0
2009-04-08,03:04:00,0.336,0.000,244.990,1.400,0.000,0.000,0.0
2009-04-08,03:05:00,0.312,0.000,244.940,1.400,0.000,0.000,1.0
2009-04-08,03:06:00,0.310,0.000,244.060,1.400,0.000,0.000,1.0
2009-04-08,03:07:00,0.310,0.000,243.510,1.400,0.000,0.000,0.0
2009-04-08,03:08:00,0.310,0.000,243.340,1.400,0.000,0.000,1.0
2009-04-08,03:09:00,0.308,0.000,242.660,1.400,0.000,0.000,1.0
2009-04-08,03:10:00,0.308,0.000,242.860,1.400,0.000,0.000,0.0
2009-04-08,03:11:00,0.310,0.000,243.040,1.400,0.000,0.000,1.0
2009-04-08,03:12:00,0.308,0.000,243.030,1.400,0.000,0.000,1.0
2009-04-08,03:13:00,0.310,0.000,243.140,1.400,0.000,0.000,0.0
2009-04-08,03:14:00,0.308,0.000,242.850,1.400,0.000,0.000,1.0
2009-04-08,03:15:00,0.310,0.000,242.960,1.400,0.000,0.000,1.0
2009-04-08,03:16:00,0.308,0.000,242.990,1.400,0.000,0.000,0.0
2009-04-08,03:17:00,0.402,0.094,242.480,1.800,0.000,0.000,1.0
2009-04-08,03:18:00,0.382,0.090,242.500,1.600,0.000,0.000,1.0
2009-04-08,03:19:00,0.386,0.094,243.160,1.600,0.000,0.000,0.0
2009-04-08,03:20:00,0.386,0.094,243.610,1.600,0.000,0.000,1.0
2009-04-08,03:21:00,0.384,0.092,243.060,1.600,0.000,0.000,1.0
2009-04-08,03:22:00,0.382,0.092,243.030,1.600,0.000,0.000,0.0
2009-04-08,03:23:00,0.490,0.214,242.960,2.200,0.000,0.000,1.0
2009-04-08,03:24:00,0.488,0.230,242.960,2.200,0.000,0.000,1.0
2009-04-08,03:25:00,0.482,0.228,242.830,2.200,0.000,0.000,0.0
2009-04-08,03:26:00,0.444,0.174,243.610,2.000,0.000,0.000,1.0
2009-04-08,03:27:00,0.410,0.126,243.620,1.800,0.000,0.000,1.0
2009-04-08,03:28:00,0.408,0.124,243.140,1.800,0.000,0.000,0.0
2009-04-08,03:29:00,0.406,0.124,242.970,1.800,0.000,0.000,1.0
2009-04-08,03:30:00,0.406,0.124,242.840,1.800,0.000,0.000,1.0
2009-04-08,03:31:00,0.404,0.124,242.980,1.800,0.000,0.000,1.0
2009-04-08,03:32:00,0.404,0.124,243.030,1.800,0.000,0.000,0.0
2009-04-08,03:33:00,0.404,0.122,242.920,1.800,0.000,0.000,1.0
2009-04-08,03:34:00,0.364,0.066,242.630,1.600,0.000,0.000,1.0
2009-04-08,03:35:00,0.308,0.000,242.700,1.400,0.000,0.000,0.0
2009-04-08,03:36:00,0.308,0.000,242.740,1.400,0.000,0.000,1.0
2009-04-08,03:37:00,0.310,0.000,243.060,1.400,0.000,0.000,1.0
2009-04-08,03:38:00,0.310,0.000,243.300,1.400,0.000,0.000,0.0
2009-04-08,03:39:00,0.312,0.000,244.140,1.400,0.000,0.000,1.0
2009-04-08,03:40:00,0.310,0.000,244.090,1.400,0.000,0.000,1.0
2009-04-08,03:41:00,0.312,0.000,244.390,1.400,0.000,0.000,0.0
2009-04-08,03:42:00,0.312,0.000,244.070,1.400,0.000,0.000,1.0
2009-04-08,03:43:00,0.310,0.000,243.500,1.400,0.000,0.000,1.0
2009-04-08,03:44:00,0.310,0.000,243.780,1.400,0.000,0.000,0.0
2009-04-08,03:45:00,0.312,0.000,244.320,1.400,0.000,0.000,1.0
2009-04-08,03:46:00,0.312,0.000,244.400,1.400,0.000,0.000,1.0
2009-04-08,03:47:00,0.312,0.000,244.730,1.400,0.000,0.000,0.0
2009-04-08,03:48:00,0.312,0.000,244.210,1.400,0.000,0.000,1.0
2009-04-08,03:49:00,0.312,0.000,244.660,1.400,0.000,0.000,1.0
2009-04-08,03:50:00,0.312,0.000,244.310,1.400,0.000,0.000,0.0
2009-04-08,03:51:00,0.310,0.000,244.020,1.400,0.000,0.000,1.0
2009-04-08,03:52:00,0.310,0.000,243.850,1.400,0.000,0.000,1.0
2009-04-08,03:53:00,0.364,0.000,243.970,1.600,0.000,0.000,0.0
2009-04-08,03:54:00,0.750,0.208,243.220,3.400,0.000,0.000,6.0
2009-04-08,03:55:00,1.008,0.260,242.490,4.200,0.000,0.000,11.0
2009-04-08,03:56:00,1.028,0.266,243.130,4.400,0.000,0.000,11.0
2009-04-08,03:57:00,1.038,0.258,242.410,4.400,0.000,0.000,11.0
2009-04-08,03:58:00,1.036,0.252,241.810,4.400,0.000,0.000,11.0
2009-04-08,03:59:00,0.464,0.134,242.370,2.200,0.000,0.000,2.0
2009-04-08,04:00:00,0.402,0.120,241.950,1.800,0.000,0.000,1.0
2009-04-08,04:01:00,0.404,0.120,242.000,1.800,0.000,0.000,1.0
2009-04-08,04:02:00,0.402,0.118,241.860,1.800,0.000,0.000,0.0
2009-04-08,04:03:00,0.400,0.118,241.540,1.800,0.000,0.000,1.0
2009-04-08,04:04:00,0.460,0.176,241.190,2.200,0.000,0.000,1.0
2009-04-08,04:05:00,0.382,0.088,241.560,1.600,0.000,0.000,0.0
2009-04-08,04:06:00,0.384,0.092,242.310,1.600,0.000,0.000,1.0
2009-04-08,04:07:00,0.384,0.092,242.620,1.600,0.000,0.000,1.0
2009-04-08,04:08:00,0.382,0.092,242.630,1.600,0.000,0.000,0.0
2009-04-08,04:09:00,0.382,0.092,242.900,1.600,0.000,0.000,1.0
2009-04-08,04:10:00,0.380,0.092,242.890,1.600,0.000,0.000,1.0
2009-04-08,04:11:00,0.380,0.092,243.010,1.600,0.000,0.000,0.0
2009-04-08,04:12:00,0.380,0.092,242.860,1.600,0.000,0.000,1.0
2009-04-08,04:13:00,0.348,0.046,242.230,1.400,0.000,0.000,1.0
2009-04-08,04:14:00,0.308,0.000,242.230,1.400,0.000,0.000,0.0
2009-04-08,04:15:00,0.308,0.000,242.220,1.400,0.000,0.000,1.0
2009-04-08,04:16:00,0.308,0.000,241.980,1.400,0.000,0.000,1.0
2009-04-08,04:17:00,0.308,0.000,242.030,1.400,0.000,0.000,0.0
2009-04-08,04:18:00,0.308,0.000,242.420,1.400,0.000,0.000,1.0
2009-04-08,04:19:00,0.310,0.000,242.970,1.400,0.000,0.000,1.0
2009-04-08,04:20:00,0.310,0.000,242.810,1.400,0.000,0.000,0.0
2009-04-08,04:21:00,0.310,0.000,243.260,1.400,0.000,0.000,1.0
2009-04-08,04:22:00,0.310,0.000,243.010,1.400,0.000,0.000,1.0
2009-04-08,04:23:00,0.328,0.000,242.920,1.400,0.000,0.000,0.0
2009-04-08,04:24:00,0.418,0.122,242.400,1.800,0.000,0.000,1.0
2009-04-08,04:25:00,0.414,0.120,242.270,1.800,0.000,0.000,1.0
2009-04-08,04:26:00,0.480,0.202,242.130,2.200,0.000,0.000,0.0
2009-04-08,04:27:00,0.494,0.246,242.040,2.200,0.000,1.000,1.0
2009-04-08,04:28:00,0.490,0.244,242.070,2.200,0.000,2.000,1.0
2009-04-08,04:29:00,0.488,0.246,242.230,2.200,0.000,1.000,0.0
2009-04-08,04:30:00,0.488,0.244,242.130,2.200,0.000,1.000,1.0
2009-04-08,04:31:00,0.488,0.244,242.080,2.200,0.000,2.000,1.0
2009-04-08,04:32:00,0.488,0.246,242.490,2.200,0.000,1.000,0.0
2009-04-08,04:33:00,0.486,0.244,242.160,2.200,0.000,2.000,1.0
2009-04-08,04:34:00,0.486,0.246,242.380,2.200,0.000,1.000,1.0
2009-04-08,04:35:00,0.412,0.138,242.530,1.800,0.000,1.000,0.0
2009-04-08,04:36:00,0.392,0.108,242.210,1.600,0.000,2.000,1.0
2009-04-08,04:37:00,0.390,0.108,242.190,1.600,0.000,1.000,1.0
2009-04-08,04:38:00,0.390,0.106,241.540,1.600,0.000,2.000,0.0
2009-04-08,04:39:00,0.388,0.106,241.810,1.600,0.000,1.000,1.0
2009-04-08,04:40:00,0.388,0.106,241.680,1.600,0.000,1.000,1.0
2009-04-08,04:41:00,0.386,0.106,242.030,1.600,0.000,2.000,0.0
2009-04-08,04:42:00,0.386,0.108,242.420,1.600,0.000,1.000,1.0
2009-04-08,04:43:00,0.386,0.110,242.790,1.600,0.000,1.000,1.0
2009-04-08,04:44:00,0.384,0.108,242.500,1.600,0.000,2.000,0.0
2009-04-08,04:45:00,0.384,0.108,242.290,1.600,0.000,1.000,1.0
2009-04-08,04:46:00,0.384,0.110,242.810,1.600,0.000,1.000,1.0
2009-04-08,04:47:00,0.384,0.110,242.890,1.600,0.000,2.000,0.0
2009-04-08,04:48:00,0.382,0.108,242.390,1.600,0.000,1.000,1.0
2009-04-08,04:49:00,0.382,0.108,242.180,1.600,0.000,1.000,1.0
2009-04-08,04:50:00,0.380,0.106,242.730,1.600,0.000,1.000,0.0
2009-04-08,04:51:00,0.310,0.000,243.510,1.400,0.000,0.000,1.0
2009-04-08,04:52:00,0.398,0.088,243.230,1.800,0.000,0.000,1.0
2009-04-08,04:53:00,0.382,0.092,242.870,1.600,0.000,0.000,0.0
2009-04-08,04:54:00,0.472,0.186,242.990,2.200,0.000,0.000,1.0
2009-04-08,04:55:00,0.490,0.228,242.600,2.200,0.000,0.000,1.0
2009-04-08,04:56:00,0.484,0.222,241.780,2.200,0.000,0.000,0.0
2009-04-08,04:57:00,0.482,0.224,242.190,2.200,0.000,0.000,1.0
2009-04-08,04:58:00,0.480,0.226,242.370,2.200,0.000,0.000,1.0
2009-04-08,04:59:00,0.478,0.226,242.270,2.200,0.000,0.000,0.0
2009-04-08,05:00:00,0.476,0.226,242.340,2.200,0.000,0.000,1.0
2009-04-08,05:01:00,0.436,0.168,242.670,2.000,0.000,0.000,1.0
2009-04-08,05:02:00,0.404,0.122,242.720,1.800,0.000,0.000,0.0
2009-04-08,05:03:00,0.404,0.122,242.800,1.800,0.000,0.000,1.0
2009-04-08,05:04:00,0.402,0.122,242.510,1.800,0.000,0.000,1.0
2009-04-08,05:05:00,0.370,0.076,242.420,1.600,0.000,0.000,0.0
2009-04-08,05:06:00,0.308,0.000,242.200,1.400,0.000,0.000,1.0
2009-04-08,05:07:00,0.308,0.000,242.420,1.400,0.000,0.000,1.0
2009-04-08,05:08:00,0.308,0.000,242.320,1.400,0.000,0.000,0.0
2009-04-08,05:09:00,0.308,0.000,242.270,1.400,0.000,0.000,1.0
2009-04-08,05:10:00,0.308,0.000,242.110,1.400,0.000,0.000,1.0
2009-04-08,05:11:00,0.308,0.000,242.300,1.400,0.000,0.000,0.0
2009-04-08,05:12:00,0.308,0.000,242.900,1.400,0.000,0.000,1.0
2009-04-08,05:13:00,0.308,0.000,242.870,1.400,0.000,0.000,1.0
2009-04-08,05:14:00,0.358,0.000,242.780,1.800,0.000,0.000,1.0
2009-04-08,05:15:00,0.898,0.122,242.010,3.800,0.000,0.000,10.0
2009-04-08,05:16:00,0.910,0.122,242.180,3.800,0.000,0.000,11.0
2009-04-08,05:17:00,0.926,0.114,241.270,3.800,0.000,0.000,11.0
2009-04-08,05:18:00,0.930,0.112,240.970,3.800,0.000,0.000,11.0
2009-04-08,05:19:00,0.936,0.112,241.170,3.800,0.000,0.000,11.0
2009-04-08,05:20:00,0.376,0.000,241.720,1.800,0.000,0.000,3.0
2009-04-08,05:21:00,0.306,0.000,241.980,1.400,0.000,0.000,0.0
2009-04-08,05:22:00,0.308,0.000,242.230,1.400,0.000,0.000,1.0
2009-04-08,05:23:00,0.306,0.000,242.100,1.400,0.000,0.000,1.0
2009-04-08,05:24:00,0.324,0.000,241.760,1.400,0.000,0.000,0.0
2009-04-08,05:25:00,0.414,0.116,241.030,1.800,0.000,0.000,1.0
2009-04-08,05:26:00,0.410,0.118,241.100,1.800,0.000,0.000,1.0
2009-04-08,05:27:00,0.408,0.116,240.990,1.800,0.000,0.000,0.0
2009-04-08,05:28:00,0.406,0.116,240.810,1.800,0.000,0.000,1.0
2009-04-08,05:29:00,0.406,0.118,241.320,1.800,0.000,0.000,1.0
2009-04-08,05:30:00,0.404,0.118,241.120,1.800,0.000,0.000,0.0
2009-04-08,05:31:00,0.404,0.120,241.950,1.800,0.000,0.000,1.0
2009-04-08,05:32:00,0.402,0.120,241.800,1.800,0.000,0.000,1.0
2009-04-08,05:33:00,0.400,0.118,241.420,1.800,0.000,0.000,0.0
2009-04-08,05:34:00,0.400,0.118,241.240,1.800,0.000,0.000,1.0
2009-04-08,05:35:00,0.398,0.116,240.870,1.800,0.000,0.000,0.0
2009-04-08,05:36:00,0.314,0.000,241.140,1.400,0.000,0.000,1.0
2009-04-08,05:37:00,0.306,0.000,241.410,1.400,0.000,0.000,1.0
2009-04-08,05:38:00,0.306,0.000,241.330,1.400,0.000,0.000,0.0
2009-04-08,05:39:00,0.306,0.000,240.840,1.400,0.000,0.000,1.0
2009-04-08,05:40:00,0.380,0.062,240.890,1.800,0.000,0.000,1.0
2009-04-08,05:41:00,0.380,0.088,241.270,1.600,0.000,0.000,0.0
2009-04-08,05:42:00,0.380,0.086,240.740,1.600,0.000,0.000,1.0
2009-04-08,05:43:00,0.380,0.084,240.730,1.600,0.000,0.000,1.0
2009-04-08,05:44:00,0.378,0.084,240.270,1.600,0.000,0.000,0.0
2009-04-08,05:45:00,0.378,0.084,240.550,1.600,0.000,0.000,1.0
2009-04-08,05:46:00,0.378,0.086,241.090,1.600,0.000,0.000,1.0
2009-04-08,05:47:00,0.378,0.090,242.040,1.600,0.000,0.000,0.0
2009-04-08,05:48:00,0.378,0.092,242.780,1.600,0.000,0.000,1.0
2009-04-08,05:49:00,0.334,0.000,242.830,1.400,0.000,0.000,1.0
2009-04-08,05:50:00,0.308,0.000,242.820,1.400,0.000,0.000,0.0
2009-04-08,05:51:00,0.308,0.000,242.610,1.400,0.000,0.000,1.0
2009-04-08,05:52:00,0.308,0.000,242.760,1.400,0.000,0.000,1.0
2009-04-08,05:53:00,0.312,0.000,242.950,1.400,0.000,0.000,0.0
2009-04-08,05:54:00,0.316,0.000,242.720,1.400,0.000,0.000,1.0
2009-04-08,05:55:00,0.390,0.066,243.210,1.800,0.000,0.000,1.0
2009-04-08,05:56:00,0.426,0.126,243.330,1.800,0.000,0.000,0.0
2009-04-08,05:57:00,0.422,0.126,243.400,1.800,0.000,0.000,1.0
2009-04-08,05:58:00,0.418,0.126,243.340,1.800,0.000,0.000,1.0
2009-04-08,05:59:00,0.418,0.126,243.320,1.800,0.000,0.000,1.0
2009-04-08,06:00:00,0.416,0.126,243.310,1.800,0.000,0.000,0.0
2009-04-08,06:01:00,0.414,0.126,243.510,1.800,0.000,0.000,1.0
2009-04-08,06:02:00,0.410,0.122,242.440,1.800,0.000,0.000,1.0
2009-04-08,06:03:00,0.410,0.124,242.770,1.800,0.000,0.000,0.0
2009-04-08,06:04:00,0.410,0.124,242.900,1.800,0.000,0.000,1.0
2009-04-08,06:05:00,0.408,0.126,243.060,1.800,0.000,0.000,1.0
2009-04-08,06:06:00,0.364,0.060,243.310,1.600,0.000,0.000,0.0
2009-04-08,06:07:00,0.314,0.000,242.620,1.400,0.000,0.000,1.0
2009-04-08,06:08:00,0.312,0.000,242.500,1.400,0.000,0.000,1.0
2009-04-08,06:09:00,0.314,0.000,242.650,1.400,0.000,0.000,0.0
2009-04-08,06:10:00,0.314,0.000,243.360,1.400,0.000,0.000,1.0
2009-04-08,06:11:00,0.314,0.000,243.060,1.400,0.000,0.000,1.0
2009-04-08,06:12:00,0.312,0.000,242.550,1.400,0.000,0.000,0.0
2009-04-08,06:13:00,0.312,0.000,242.770,1.400,0.000,0.000,1.0
2009-04-08,06:14:00,0.314,0.000,243.280,1.400,0.000,0.000,1.0
2009-04-08,06:15:00,0.316,0.000,244.140,1.400,0.000,0.000,0.0
2009-04-08,06:16:00,0.314,0.000,243.750,1.400,0.000,0.000,1.0
2009-04-08,06:17:00,0.314,0.000,243.490,1.400,0.000,0.000,1.0
2009-04-08,06:18:00,0.314,0.000,243.660,1.400,0.000,0.000,0.0
2009-04-08,06:19:00,0.314,0.000,243.620,1.400,0.000,0.000,1.0
2009-04-08,06:20:00,0.314,0.000,243.290,1.400,0.000,0.000,1.0
2009-04-08,06:21:00,0.316,0.000,244.240,1.400,0.000,0.000,0.0
2009-04-08,06:22:00,0.316,0.000,244.900,1.400,0.000,0.000,1.0
2009-04-08,06:23:00,0.316,0.000,244.490,1.400,0.000,0.000,1.0
2009-04-08,06:24:00,0.316,0.000,244.100,1.400,0.000,0.000,0.0
2009-04-08,06:25:00,0.334,0.000,244.250,1.400,0.000,0.000,1.0
2009-04-08,06:26:00,0.424,0.126,243.840,1.800,0.000,0.000,1.0
2009-04-08,06:27:00,0.550,0.156,243.900,2.400,0.000,0.000,0.0
2009-04-08,06:28:00,1.440,0.204,242.680,6.800,0.000,0.000,1.0
2009-04-08,06:29:00,1.528,0.246,242.690,6.600,0.000,0.000,1.0
2009-04-08,06:30:00,2.298,0.248,241.470,9.800,0.000,0.000,0.0
2009-04-08,06:31:00,1.938,0.266,241.680,8.400,0.000,0.000,1.0
2009-04-08,06:32:00,2.390,0.274,241.520,10.400,0.000,0.000,1.0
2009-04-08,06:33:00,2.710,0.254,241.110,11.600,0.000,0.000,0.0
2009-04-08,06:34:00,1.746,0.288,242.810,7.800,0.000,0.000,1.0
2009-04-08,06:35:00,1.756,0.288,242.900,7.800,0.000,0.000,1.0
2009-04-08,06:36:00,0.898,0.256,242.780,4.000,0.000,0.000,1.0
2009-04-08,06:37:00,0.748,0.152,242.960,3.200,0.000,0.000,0.0
2009-04-08,06:38:00,0.752,0.118,242.530,3.200,0.000,0.000,1.0
2009-04-08,06:39:00,0.746,0.120,242.710,3.200,0.000,0.000,1.0
2009-04-08,06:40:00,0.710,0.056,242.460,3.000,0.000,0.000,0.0
2009-04-08,06:41:00,0.684,0.000,242.510,2.800,0.000,0.000,1.0
2009-04-08,06:42:00,0.682,0.000,241.640,2.800,0.000,0.000,1.0
2009-04-08,06:43:00,0.930,0.000,240.650,3.800,0.000,0.000,0.0
2009-04-08,06:44:00,0.964,0.000,240.570,4.000,0.000,0.000,1.0
2009-04-08,06:45:00,0.838,0.000,240.430,3.600,0.000,0.000,1.0
2009-04-08,06:46:00,0.770,0.132,240.400,3.400,0.000,1.000,0.0
2009-04-08,06:47:00,0.756,0.132,241.010,3.200,0.000,1.000,1.0
2009-04-08,06:48:00,0.892,0.128,240.970,3.800,0.000,1.000,1.0
2009-04-08,06:49:00,1.042,0.128,241.640,4.400,0.000,2.000,0.0
2009-04-08,06:50:00,1.046,0.128,241.480,4.400,0.000,1.000,1.0
2009-04-08,06:51:00,1.192,0.180,241.580,5.000,0.000,2.000,3.0
2009-04-08,06:52:00,1.386,0.256,240.660,5.800,0.000,1.000,11.0
2009-04-08,06:53:00,1.432,0.256,240.790,6.000,0.000,1.000,11.0
2009-04-08,06:54:00,1.440,0.250,240.430,6.000,0.000,2.000,11.0
2009-04-08,06:55:00,1.412,0.252,240.390,6.000,0.000,1.000,11.0
2009-04-08,06:56:00,1.506,0.354,241.020,6.400,0.000,2.000,11.0
2009-04-08,06:57:00,0.922,0.274,242.200,4.000,0.000,1.000,1.0
2009-04-08,06:58:00,1.066,0.264,240.960,4.600,0.000,1.000,1.0
2009-04-08,06:59:00,1.056,0.262,240.830,4.600,0.000,2.000,0.0
2009-04-08,07:00:00,1.758,0.252,239.780,7.600,0.000,1.000,13.0
2009-04-08,07:01:00,2.080,0.250,239.800,8.600,0.000,1.000,19.0
2009-04-08,07:02:00,2.048,0.246,238.830,8.600,0.000,2.000,18.0
2009-04-08,07:03:00,1.980,0.212,238.830,8.200,0.000,1.000,19.0
2009-04-08,07:04:00,1.962,0.208,238.840,8.200,0.000,1.000,18.0
2009-04-08,07:05:00,2.292,0.290,238.440,9.600,0.000,2.000,18.0
2009-04-08,07:06:00,1.966,0.210,239.190,8.200,0.000,1.000,18.0
2009-04-08,07:07:00,1.938,0.182,238.620,8.200,0.000,1.000,19.0
2009-04-08,07:08:00,1.872,0.078,239.270,7.800,0.000,1.000,18.0
2009-04-08,07:09:00,1.854,0.074,237.910,7.800,0.000,2.000,18.0
2009-04-08,07:10:00,1.848,0.066,238.110,7.800,0.000,1.000,18.0
2009-04-08,07:11:00,1.780,0.000,238.230,7.400,0.000,0.000,18.0
2009-04-08,07:12:00,1.858,0.000,238.420,7.800,0.000,0.000,18.0
2009-04-08,07:13:00,1.960,0.000,238.120,8.200,0.000,0.000,18.0
2009-04-08,07:14:00,1.960,0.000,238.100,8.200,0.000,0.000,18.0
2009-04-08,07:15:00,1.980,0.000,237.010,8.400,0.000,0.000,18.0
2009-04-08,07:16:00,2.068,0.000,237.540,8.600,0.000,0.000,18.0
2009-04-08,07:17:00,2.090,0.058,237.980,8.800,0.000,0.000,18.0
2009-04-08,07:18:00,2.094,0.058,238.030,8.800,0.000,0.000,18.0
2009-04-08,07:19:00,2.090,0.056,237.760,8.800,0.000,0.000,18.0
2009-04-08,07:20:00,2.086,0.056,237.660,8.800,0.000,0.000,18.0
2009-04-08,07:21:00,2.084,0.058,237.790,8.800,0.000,0.000,18.0
2009-04-08,07:22:00,2.074,0.056,237.380,8.600,0.000,0.000,18.0
2009-04-08,07:23:00,2.078,0.056,237.350,8.800,0.000,0.000,18.0
2009-04-08,07:24:00,2.072,0.054,237.100,8.600,0.000,0.000,18.0
2009-04-08,07:25:00,2.098,0.060,238.830,8.800,0.000,0.000,18.0
2009-04-08,07:26:00,2.144,0.106,238.800,9.000,0.000,0.000,18.0
2009-04-08,07:27:00,2.168,0.144,238.990,9.000,0.000,0.000,18.0
2009-04-08,07:28:00,2.134,0.092,239.110,8.800,0.000,0.000,18.0
2009-04-08,07:29:00,2.140,0.094,239.660,8.800,0.000,0.000,18.0
2009-04-08,07:30:00,2.156,0.092,239.630,9.000,0.000,0.000,19.0
2009-04-08,07:31:00,2.070,0.094,239.480,8.600,0.000,0.000,18.0
2009-04-08,07:32:00,2.060,0.090,238.800,8.600,0.000,0.000,18.0
2009-04-08,07:33:00,2.060,0.092,239.290,8.600,0.000,0.000,18.0
2009-04-08,07:34:00,1.998,0.092,238.650,8.400,0.000,0.000,18.0
2009-04-08,07:35:00,1.992,0.090,238.140,8.400,0.000,0.000,18.0
2009-04-08,07:36:00,1.986,0.090,238.090,8.400,0.000,0.000,18.0
2009-04-08,07:37:00,2.036,0.090,237.850,8.600,0.000,0.000,18.0
2009-04-08,07:38:00,1.914,0.000,237.450,8.000,0.000,0.000,18.0
2009-04-08,07:39:00,2.432,0.000,237.200,10.600,0.000,0.000,18.0
2009-04-08,07:40:00,3.238,0.000,236.520,13.600,0.000,0.000,18.0
2009-04-08,07:41:00,3.358,0.000,236.350,14.200,0.000,0.000,18.0
2009-04-08,07:42:00,3.432,0.000,236.410,14.400,0.000,0.000,17.0
2009-04-08,07:43:00,2.710,0.000,237.470,11.600,0.000,0.000,18.0
2009-04-08,07:44:00,1.962,0.000,238.560,8.200,0.000,0.000,19.0
2009-04-08,07:45:00,1.950,0.000,238.380,8.200,0.000,0.000,18.0
2009-04-08,07:46:00,2.226,0.000,237.850,9.400,0.000,0.000,18.0
2009-04-08,07:47:00,2.626,0.046,237.090,11.000,0.000,0.000,17.0
2009-04-08,07:48:00,2.536,0.000,237.330,10.600,0.000,0.000,18.0
2009-04-08,07:49:00,2.638,0.000,238.050,11.600,0.000,0.000,18.0
2009-04-08,07:50:00,3.608,0.000,236.470,15.200,0.000,0.000,18.0
2009-04-08,07:51:00,2.568,0.000,237.620,11.200,0.000,0.000,18.0
2009-04-08,07:52:00,1.882,0.000,238.680,7.800,0.000,0.000,18.0
2009-04-08,07:53:00,2.172,0.000,238.460,9.000,0.000,0.000,18.0
2009-04-08,07:54:00,2.492,0.000,237.190,10.600,0.000,0.000,23.0
2009-04-08,07:55:00,2.706,0.074,236.470,11.400,0.000,0.000,27.0
2009-04-08,07:56:00,2.312,0.204,236.750,9.800,0.000,0.000,28.0
2009-04-08,07:57:00,2.428,0.368,237.090,10.200,0.000,0.000,28.0
2009-04-08,07:58:00,2.350,0.246,235.940,10.000,0.000,0.000,28.0
2009-04-08,07:59:00,2.324,0.190,236.670,9.800,0.000,0.000,28.0
2009-04-08,08:00:00,1.984,0.136,237.560,8.400,0.000,0.000,23.0
2009-04-08,08:01:00,1.720,0.092,237.640,7.200,0.000,0.000,18.0
2009-04-08,08:02:00,1.772,0.134,238.370,7.400,0.000,0.000,18.0
2009-04-08,08:03:00,1.796,0.194,238.110,7.600,0.000,0.000,18.0
2009-04-08,08:04:00,1.792,0.192,237.730,7.600,0.000,0.000,18.0
2009-04-08,08:05:00,1.778,0.188,236.790,7.400,0.000,0.000,18.0
2009-04-08,08:06:00,1.804,0.196,238.950,7.600,0.000,0.000,18.0
2009-04-08,08:07:00,1.586,0.200,239.040,6.600,0.000,0.000,18.0
2009-04-08,08:08:00,1.502,0.168,240.030,6.200,0.000,0.000,18.0
2009-04-08,08:09:00,1.442,0.076,240.740,6.000,0.000,0.000,19.0
2009-04-08,08:10:00,1.436,0.074,240.190,6.000,0.000,0.000,18.0
2009-04-08,08:11:00,1.424,0.070,239.240,5.800,0.000,0.000,18.0
2009-04-08,08:12:00,1.650,0.072,240.030,6.800,0.000,0.000,18.0
2009-04-08,08:13:00,1.672,0.000,239.600,7.000,0.000,0.000,19.0
2009-04-08,08:14:00,1.372,0.000,240.120,5.600,0.000,0.000,18.0
2009-04-08,08:15:00,1.356,0.000,238.740,5.600,0.000,0.000,18.0
2009-04-08,08:16:00,1.362,0.000,239.220,5.600,0.000,0.000,18.0
2009-04-08,08:17:00,1.374,0.000,240.400,5.600,0.000,0.000,19.0
2009-04-08,08:18:00,1.372,0.000,240.570,5.600,0.000,0.000,18.0
2009-04-08,08:19:00,1.360,0.000,239.720,5.600,0.000,0.000,18.0
2009-04-08,08:20:00,1.356,0.000,239.300,5.600,0.000,0.000,18.0
2009-04-08,08:21:00,1.362,0.000,239.900,5.600,0.000,0.000,19.0
2009-04-08,08:22:00,1.360,0.000,239.590,5.600,0.000,0.000,18.0
2009-04-08,08:23:00,1.374,0.000,240.220,5.600,0.000,0.000,18.0
2009-04-08,08:24:00,1.370,0.000,239.970,5.600,0.000,0.000,19.0
2009-04-08,08:25:00,1.376,0.000,240.630,5.600,0.000,0.000,18.0
2009-04-08,08:26:00,1.376,0.000,240.580,5.600,0.000,0.000,18.0
2009-04-08,08:27:00,1.442,0.000,240.140,6.000,0.000,0.000,19.0
2009-04-08,08:28:00,1.468,0.100,239.110,6.000,0.000,0.000,18.0
2009-04-08,08:29:00,1.466,0.102,239.450,6.000,0.000,0.000,18.0
2009-04-08,08:30:00,1.470,0.104,239.950,6.000,0.000,0.000,18.0
2009-04-08,08:31:00,1.468,0.102,239.880,6.000,0.000,0.000,19.0
2009-04-08,08:32:00,1.472,0.104,240.360,6.000,0.000,0.000,18.0
2009-04-08,08:33:00,1.472,0.104,240.510,6.000,0.000,0.000,18.0
2009-04-08,08:34:00,1.466,0.102,240.180,6.000,0.000,0.000,19.0
2009-04-08,08:35:00,1.464,0.102,239.980,6.000,0.000,0.000,18.0
2009-04-08,08:36:00,1.462,0.102,239.990,6.000,0.000,0.000,18.0
2009-04-08,08:37:00,1.466,0.104,240.420,6.000,0.000,0.000,19.0
2009-04-08,08:38:00,1.458,0.100,239.630,6.000,0.000,0.000,18.0
2009-04-08,08:39:00,1.374,0.000,240.090,5.600,0.000,0.000,18.0
2009-04-08,08:40:00,1.374,0.000,240.420,5.600,0.000,0.000,19.0
2009-04-08,08:41:00,1.380,0.000,240.990,5.600,0.000,0.000,18.0
2009-04-08,08:42:00,1.378,0.000,240.750,5.600,0.000,0.000,18.0
2009-04-08,08:43:00,1.376,0.000,240.620,5.600,0.000,0.000,19.0
2009-04-08,08:44:00,1.378,0.000,240.920,5.600,0.000,0.000,18.0
2009-04-08,08:45:00,1.372,0.000,240.740,5.600,0.000,0.000,19.0
2009-04-08,08:46:00,1.364,0.000,240.220,5.600,0.000,0.000,18.0
2009-04-08,08:47:00,1.368,0.000,240.480,5.600,0.000,0.000,18.0
2009-04-08,08:48:00,1.378,0.000,241.470,5.600,0.000,0.000,19.0
2009-04-08,08:49:00,1.448,0.000,241.900,6.000,0.000,0.000,19.0
2009-04-08,08:50:00,1.456,0.078,241.710,6.000,0.000,0.000,18.0
2009-04-08,08:51:00,1.452,0.076,241.290,6.000,0.000,0.000,19.0
2009-04-08,08:52:00,1.456,0.078,241.810,6.000,0.000,0.000,18.0
2009-04-08,08:53:00,1.466,0.080,242.130,6.000,0.000,0.000,19.0
2009-04-08,08:54:00,1.458,0.078,241.480,6.000,0.000,0.000,18.0
2009-04-08,08:55:00,1.456,0.078,241.510,6.000,0.000,0.000,19.0
2009-04-08,08:56:00,1.454,0.080,241.720,6.000,0.000,0.000,18.0
2009-04-08,08:57:00,1.472,0.102,240.990,6.000,0.000,0.000,19.0
2009-04-08,08:58:00,1.552,0.210,241.040,6.400,0.000,0.000,18.0
2009-04-08,08:59:00,1.542,0.208,240.950,6.400,0.000,0.000,19.0
2009-04-08,09:00:00,1.468,0.106,240.420,6.000,0.000,0.000,18.0
2009-04-08,09:01:00,1.472,0.108,240.940,6.000,0.000,0.000,19.0
2009-04-08,09:02:00,1.472,0.108,241.090,6.000,0.000,0.000,18.0
2009-04-08,09:03:00,1.476,0.110,241.510,6.000,0.000,0.000,18.0
2009-04-08,09:04:00,1.474,0.110,241.450,6.000,0.000,0.000,19.0
2009-04-08,09:05:00,1.462,0.104,240.440,6.000,0.000,0.000,18.0
2009-04-08,09:06:00,1.548,0.208,240.970,6.400,0.000,0.000,19.0
2009-04-08,09:07:00,1.564,0.236,242.260,6.400,0.000,1.000,18.0
2009-04-08,09:08:00,1.574,0.242,243.490,6.400,0.000,1.000,19.0
2009-04-08,09:09:00,1.528,0.180,242.970,6.200,0.000,2.000,19.0
2009-04-08,09:10:00,1.474,0.102,242.690,6.000,0.000,1.000,19.0
2009-04-08,09:11:00,1.472,0.102,242.610,6.000,0.000,2.000,18.0
2009-04-08,09:12:00,1.460,0.096,241.350,6.000,0.000,1.000,19.0
2009-04-08,09:13:00,1.460,0.098,241.520,6.000,0.000,2.000,18.0
2009-04-08,09:14:00,1.462,0.098,241.440,6.000,0.000,1.000,19.0
2009-04-08,09:15:00,1.456,0.096,241.050,6.000,0.000,1.000,18.0
2009-04-08,09:16:00,1.454,0.094,240.910,6.000,0.000,2.000,19.0
2009-04-08,09:17:00,1.452,0.094,240.680,6.000,0.000,1.000,18.0
2009-04-08,09:18:00,1.450,0.094,240.610,6.000,0.000,2.000,19.0
2009-04-08,09:19:00,1.456,0.094,241.120,6.000,0.000,1.000,18.0
2009-04-08,09:20:00,1.458,0.096,241.500,6.000,0.000,1.000,19.0
2009-04-08,09:21:00,1.814,0.180,241.660,7.600,0.000,2.000,24.0
2009-04-08,09:22:00,2.034,0.218,240.600,8.400,0.000,1.000,28.0
2009-04-08,09:23:00,2.044,0.214,240.150,8.400,0.000,1.000,28.0
2009-04-08,09:24:00,2.064,0.214,240.300,8.600,0.000,1.000,29.0
2009-04-08,09:25:00,2.068,0.216,240.650,8.600,0.000,2.000,29.0
2009-04-08,09:26:00,1.762,0.154,240.680,7.400,0.000,1.000,24.0
2009-04-08,09:27:00,1.448,0.094,241.030,6.000,0.000,1.000,18.0
2009-04-08,09:28:00,1.548,0.206,240.900,6.400,0.000,2.000,19.0
2009-04-08,09:29:00,1.556,0.230,241.240,6.400,0.000,1.000,18.0
2009-04-08,09:30:00,1.554,0.232,241.550,6.400,0.000,1.000,19.0
2009-04-08,09:31:00,1.488,0.130,241.150,6.200,0.000,0.000,18.0
2009-04-08,09:32:00,1.472,0.106,240.990,6.000,0.000,0.000,19.0
2009-04-08,09:33:00,1.470,0.106,240.940,6.000,0.000,0.000,18.0
2009-04-08,09:34:00,1.464,0.106,240.490,6.000,0.000,0.000,18.0
2009-04-08,09:35:00,1.494,0.128,240.180,6.200,0.000,0.000,19.0
2009-04-08,09:36:00,1.536,0.208,240.300,6.400,0.000,0.000,18.0
2009-04-08,09:37:00,1.538,0.210,240.730,6.400,0.000,0.000,19.0
2009-04-08,09:38:00,1.542,0.212,241.050,6.400,0.000,0.000,18.0
2009-04-08,09:39:00,1.532,0.198,241.030,6.400,0.000,0.000,18.0
2009-04-08,09:40:00,1.448,0.076,241.120,6.000,0.000,0.000,19.0
2009-04-08,09:41:00,1.440,0.074,240.560,6.000,0.000,0.000,18.0
2009-04-08,09:42:00,1.438,0.074,240.560,6.000,0.000,0.000,19.0
2009-04-08,09:43:00,1.436,0.074,240.320,6.000,0.000,0.000,18.0
2009-04-08,09:44:00,1.440,0.078,240.870,6.000,0.000,0.000,18.0
2009-04-08,09:45:00,1.446,0.078,241.240,6.000,0.000,0.000,19.0
2009-04-08,09:46:00,1.416,0.000,240.610,5.800,0.000,0.000,18.0
2009-04-08,09:47:00,1.368,0.000,240.330,5.600,0.000,0.000,19.0
2009-04-08,09:48:00,1.376,0.000,241.240,5.600,0.000,0.000,18.0
2009-04-08,09:49:00,1.378,0.000,241.310,5.600,0.000,0.000,19.0
2009-04-08,09:50:00,1.372,0.000,240.710,5.600,0.000,0.000,18.0
2009-04-08,09:51:00,1.378,0.000,241.380,5.600,0.000,0.000,18.0
2009-04-08,09:52:00,1.380,0.000,241.500,5.600,0.000,0.000,19.0
2009-04-08,09:53:00,1.378,0.000,241.280,5.600,0.000,0.000,18.0
2009-04-08,09:54:00,1.382,0.000,241.650,5.600,0.000,0.000,19.0
2009-04-08,09:55:00,1.382,0.000,241.820,5.600,0.000,0.000,19.0
2009-04-08,09:56:00,1.382,0.000,241.790,5.600,0.000,0.000,18.0
2009-04-08,09:57:00,1.380,0.000,241.460,5.600,0.000,0.000,19.0
2009-04-08,09:58:00,1.422,0.000,241.350,5.800,0.000,0.000,18.0
2009-04-08,09:59:00,1.486,0.110,241.400,6.200,0.000,0.000,19.0
2009-04-08,10:00:00,1.476,0.108,240.930,6.000,0.000,0.000,18.0
2009-04-08,10:01:00,1.478,0.110,241.120,6.000,0.000,0.000,19.0
2009-04-08,10:02:00,1.480,0.112,241.580,6.000,0.000,0.000,18.0
2009-04-08,10:03:00,1.476,0.110,241.390,6.000,0.000,0.000,19.0
2009-04-08,10:04:00,1.478,0.112,241.610,6.000,0.000,0.000,18.0
2009-04-08,10:05:00,1.464,0.106,240.430,6.000,0.000,0.000,19.0
2009-04-08,10:06:00,1.462,0.106,240.350,6.000,0.000,0.000,18.0
2009-04-08,10:07:00,1.466,0.108,240.690,6.000,0.000,0.000,18.0
2009-04-08,10:08:00,1.468,0.108,240.390,6.000,0.000,0.000,19.0
2009-04-08,10:09:00,1.466,0.106,240.110,6.000,0.000,0.000,18.0
2009-04-08,10:10:00,1.394,0.000,239.420,5.800,0.000,0.000,18.0
2009-04-08,10:11:00,1.366,0.000,239.600,5.600,0.000,0.000,18.0
2009-04-08,10:12:00,1.374,0.000,240.270,5.600,0.000,0.000,19.0
2009-04-08,10:13:00,1.360,0.000,239.620,5.600,0.000,0.000,18.0
2009-04-08,10:14:00,1.368,0.000,240.430,5.600,0.000,0.000,18.0
2009-04-08,10:15:00,1.364,0.000,240.030,5.600,0.000,0.000,19.0
2009-04-08,10:16:00,2.130,0.000,239.630,9.200,0.000,0.000,18.0
2009-04-08,10:17:00,1.728,0.000,240.670,7.600,0.000,0.000,18.0
2009-04-08,10:18:00,1.852,0.000,240.360,8.000,0.000,0.000,19.0
2009-04-08,10:19:00,1.906,0.000,240.420,8.400,0.000,0.000,18.0
2009-04-08,10:20:00,1.628,0.000,241.120,7.000,0.000,0.000,18.0
2009-04-08,10:21:00,1.426,0.000,240.890,5.800,0.000,0.000,19.0
2009-04-08,10:22:00,1.448,0.076,240.330,6.000,0.000,0.000,18.0
2009-04-08,10:23:00,1.452,0.076,240.630,6.000,0.000,0.000,19.0
2009-04-08,10:24:00,1.454,0.078,240.820,6.000,0.000,0.000,18.0
2009-04-08,10:25:00,1.526,0.142,241.940,6.400,0.000,0.000,19.0
2009-04-08,10:26:00,1.568,0.214,241.430,6.400,0.000,0.000,18.0
2009-04-08,10:27:00,1.560,0.214,241.250,6.400,0.000,0.000,19.0
2009-04-08,10:28:00,1.546,0.210,240.370,6.400,0.000,0.000,18.0
2009-04-08,10:29:00,1.546,0.210,240.660,6.400,0.000,0.000,18.0
2009-04-08,10:30:00,1.540,0.208,240.370,6.400,0.000,0.000,19.0
2009-04-08,10:31:00,1.536,0.208,240.220,6.400,0.000,0.000,18.0
2009-04-08,10:32:00,1.534,0.206,240.110,6.400,0.000,0.000,18.0
2009-04-08,10:33:00,1.538,0.208,240.490,6.400,0.000,0.000,19.0
2009-04-08,10:34:00,1.512,0.172,240.350,6.200,0.000,0.000,18.0
2009-04-08,10:35:00,1.456,0.102,239.580,6.000,0.000,0.000,18.0
2009-04-08,10:36:00,1.452,0.100,239.320,6.000,0.000,0.000,18.0
2009-04-08,10:37:00,1.450,0.100,239.130,6.000,0.000,0.000,19.0
2009-04-08,10:38:00,1.394,0.000,239.060,5.800,0.000,0.000,18.0
2009-04-08,10:39:00,1.364,0.000,239.610,5.600,0.000,0.000,18.0
2009-04-08,10:40:00,1.362,0.000,239.540,5.600,0.000,0.000,18.0
2009-04-08,10:41:00,1.370,0.000,240.250,5.600,0.000,0.000,18.0
2009-04-08,10:42:00,1.232,0.000,240.000,5.200,0.000,0.000,18.0
2009-04-08,10:43:00,0.300,0.000,240.590,1.200,0.000,0.000,0.0
2009-04-08,10:44:00,0.298,0.000,240.000,1.200,0.000,0.000,1.0
2009-04-08,10:45:00,0.298,0.000,239.740,1.200,0.000,0.000,1.0
2009-04-08,10:46:00,0.298,0.000,240.100,1.200,0.000,0.000,0.0
2009-04-08,10:47:00,0.298,0.000,239.790,1.200,0.000,0.000,1.0
2009-04-08,10:48:00,0.298,0.000,239.570,1.200,0.000,0.000,1.0
2009-04-08,10:49:00,0.298,0.000,239.490,1.200,0.000,0.000,0.0
2009-04-08,10:50:00,1.542,0.000,238.330,8.200,18.000,0.000,1.0
2009-04-08,10:51:00,2.628,0.066,237.870,11.000,38.000,0.000,1.0
2009-04-08,10:52:00,2.608,0.066,238.230,10.800,39.000,0.000,0.0
2009-04-08,10:53:00,2.588,0.060,237.370,10.800,38.000,0.000,1.0
2009-04-08,10:54:00,2.594,0.060,237.590,10.800,38.000,0.000,0.0
2009-04-08,10:55:00,2.696,0.168,237.680,11.200,39.000,0.000,1.0
2009-04-08,10:56:00,2.704,0.190,237.680,11.400,38.000,0.000,1.0
2009-04-08,10:57:00,2.742,0.188,237.760,11.400,38.000,0.000,0.0
2009-04-08,10:58:00,2.734,0.188,237.470,11.400,38.000,0.000,1.0
2009-04-08,10:59:00,2.684,0.186,237.220,11.200,39.000,0.000,1.0
2009-04-08,11:00:00,2.670,0.184,236.550,11.200,38.000,0.000,0.0
2009-04-08,11:01:00,2.690,0.188,237.630,11.200,38.000,0.000,1.0
2009-04-08,11:02:00,2.674,0.184,236.860,11.200,38.000,0.000,1.0
2009-04-08,11:03:00,2.676,0.184,236.970,11.200,38.000,0.000,0.0
2009-04-08,11:04:00,2.818,0.176,235.810,12.000,38.000,0.000,1.0
2009-04-08,11:05:00,2.874,0.176,235.860,12.200,38.000,0.000,0.0
2009-04-08,11:06:00,2.716,0.184,237.470,11.400,38.000,0.000,1.0
2009-04-08,11:07:00,2.762,0.180,236.650,11.600,38.000,0.000,1.0
2009-04-08,11:08:00,2.594,0.064,237.270,10.800,38.000,0.000,0.0
2009-04-08,11:09:00,2.614,0.092,236.330,11.000,38.000,0.000,1.0
2009-04-08,11:10:00,2.998,0.222,236.340,12.800,38.000,0.000,6.0
2009-04-08,11:11:00,3.206,0.254,235.930,13.600,38.000,0.000,10.0
2009-04-08,11:12:00,1.830,0.280,237.600,9.000,16.000,0.000,11.0
2009-04-08,11:13:00,1.062,0.296,238.540,4.600,2.000,0.000,11.0
2009-04-08,11:14:00,1.920,0.278,237.340,9.400,13.000,0.000,11.0
2009-04-08,11:15:00,3.024,0.216,236.390,12.800,38.000,0.000,7.0
2009-04-08,11:16:00,2.648,0.154,237.040,11.200,38.000,0.000,1.0
2009-04-08,11:17:00,2.654,0.156,237.270,11.200,38.000,0.000,1.0
2009-04-08,11:18:00,0.850,0.180,238.980,5.000,10.000,0.000,0.0
2009-04-08,11:19:00,0.736,0.180,239.250,3.200,1.000,0.000,1.0
2009-04-08,11:20:00,1.616,0.170,238.220,8.000,15.000,0.000,1.0
2009-04-08,11:21:00,2.852,0.124,237.250,12.000,38.000,0.000,0.0
2009-04-08,11:22:00,3.596,0.000,235.550,15.800,38.000,11.000,1.0
2009-04-08,11:23:00,4.058,0.000,235.390,17.800,26.000,36.000,0.0
2009-04-08,11:24:00,2.692,0.000,238.560,11.200,1.000,39.000,1.0
2009-04-08,11:25:00,2.810,0.170,239.320,11.800,0.000,39.000,1.0
2009-04-08,11:26:00,2.836,0.238,239.280,11.800,1.000,40.000,0.0
2009-04-08,11:27:00,2.794,0.240,239.510,11.800,0.000,40.000,1.0
2009-04-08,11:28:00,0.592,0.268,241.600,2.600,1.000,4.000,1.0
2009-04-08,11:29:00,1.100,0.260,240.620,6.000,0.000,9.000,0.0
2009-04-08,11:30:00,1.748,0.252,240.210,8.600,0.000,24.000,1.0
2009-04-08,11:31:00,0.590,0.264,240.740,2.600,1.000,3.000,1.0
2009-04-08,11:32:00,0.590,0.266,241.060,2.600,0.000,3.000,0.0
2009-04-08,11:33:00,0.592,0.272,242.090,2.600,1.000,3.000,1.0
2009-04-08,11:34:00,0.588,0.268,241.510,2.600,0.000,2.000,1.0
2009-04-08,11:35:00,0.590,0.270,241.700,2.600,1.000,3.000,0.0
2009-04-08,11:36:00,0.592,0.276,242.630,2.600,0.000,3.000,1.0
2009-04-08,11:37:00,0.592,0.276,242.850,2.600,1.000,3.000,1.0
2009-04-08,11:38:00,0.498,0.140,242.850,2.200,0.000,2.000,0.0
2009-04-08,11:39:00,0.496,0.140,243.120,2.200,1.000,3.000,1.0
2009-04-08,11:40:00,0.496,0.140,243.190,2.200,0.000,3.000,1.0
2009-04-08,11:41:00,0.496,0.140,243.410,2.200,1.000,3.000,0.0
2009-04-08,11:42:00,0.494,0.140,243.450,2.000,0.000,2.000,1.0
2009-04-08,11:43:00,0.474,0.142,243.340,2.000,1.000,3.000,1.0
2009-04-08,11:44:00,0.476,0.144,243.440,2.000,0.000,2.000,0.0
2009-04-08,11:45:00,0.474,0.146,243.970,2.000,1.000,3.000,1.0
2009-04-08,11:46:00,0.476,0.144,243.680,2.000,0.000,2.000,1.0
2009-04-08,11:47:00,0.472,0.146,243.940,2.000,1.000,2.000,0.0
2009-04-08,11:48:00,0.508,0.172,243.120,2.200,0.000,3.000,1.0
2009-04-08,11:49:00,0.546,0.246,242.660,2.400,1.000,2.000,1.0
2009-04-08,11:50:00,0.512,0.186,243.000,2.200,0.000,2.000,0.0
2009-04-08,11:51:00,0.474,0.122,242.860,2.000,1.000,1.000,1.0
2009-04-08,11:52:00,0.456,0.096,242.960,2.000,0.000,1.000,1.0
2009-04-08,11:53:00,0.446,0.080,243.280,1.800,0.000,1.000,0.0
2009-04-08,11:54:00,1.962,0.124,241.730,9.400,0.000,23.000,1.0
2009-04-08,11:55:00,0.598,0.216,243.030,2.800,0.000,4.000,1.0
2009-04-08,11:56:00,0.544,0.214,242.850,2.400,0.000,1.000,0.0
2009-04-08,11:57:00,0.542,0.214,242.410,2.400,0.000,1.000,1.0
2009-04-08,11:58:00,0.542,0.214,242.690,2.400,0.000,1.000,1.0
2009-04-08,11:59:00,0.540,0.214,242.770,2.400,0.000,1.000,0.0
2009-04-08,12:00:00,0.538,0.216,243.240,2.400,0.000,1.000,1.0
2009-04-08,12:01:00,0.512,0.180,243.080,2.200,0.000,1.000,1.0
2009-04-08,12:02:00,0.470,0.106,242.210,2.000,0.000,1.000,0.0
2009-04-08,12:03:00,0.470,0.118,243.360,2.000,0.000,2.000,1.0
2009-04-08,12:04:00,0.442,0.132,243.250,1.800,0.000,0.000,1.0
2009-04-08,12:05:00,0.450,0.148,241.820,2.000,0.000,1.000,0.0
2009-04-08,12:06:00,0.466,0.160,242.630,2.000,0.000,1.000,1.0
2009-04-08,12:07:00,0.620,0.284,242.090,2.800,0.000,1.000,1.0
2009-04-08,12:08:00,0.590,0.204,241.500,2.600,0.000,1.000,0.0
2009-04-08,12:09:00,1.884,0.480,239.630,8.800,0.000,1.000,1.0
2009-04-08,12:10:00,1.656,0.394,240.540,7.800,0.000,4.000,1.0
2009-04-08,12:11:00,0.796,0.218,241.550,3.400,0.000,4.000,0.0
2009-04-08,12:12:00,0.554,0.082,242.280,2.400,0.000,4.000,1.0
2009-04-08,12:13:00,0.330,0.000,242.030,1.400,0.000,0.000,1.0
2009-04-08,12:14:00,0.388,0.000,241.830,1.600,0.000,2.000,0.0
2009-04-08,12:15:00,0.404,0.000,242.040,1.800,0.000,1.000,1.0
2009-04-08,12:16:00,0.406,0.000,242.220,1.800,0.000,2.000,1.0
2009-04-08,12:17:00,0.404,0.000,241.710,1.800,0.000,2.000,0.0
2009-04-08,12:18:00,0.408,0.000,242.260,1.800,0.000,1.000,1.0
2009-04-08,12:19:00,0.410,0.000,242.850,1.800,0.000,2.000,1.0
2009-04-08,12:20:00,0.412,0.000,243.600,1.800,0.000,2.000,0.0
2009-04-08,12:21:00,0.412,0.000,243.440,1.800,0.000,1.000,1.0
2009-04-08,12:22:00,0.410,0.000,242.740,1.800,0.000,2.000,1.0
2009-04-08,12:23:00,0.410,0.000,243.040,1.800,0.000,2.000,0.0
2009-04-08,12:24:00,0.434,0.000,243.500,1.800,0.000,2.000,1.0
2009-04-08,12:25:00,0.492,0.148,243.120,2.200,0.000,1.000,1.0
2009-04-08,12:26:00,0.470,0.158,243.390,2.000,0.000,1.000,1.0
2009-04-08,12:27:00,0.478,0.168,243.350,2.200,0.000,1.000,0.0
2009-04-08,12:28:00,0.586,0.168,243.230,2.600,0.000,3.000,1.0
2009-04-08,12:29:00,0.654,0.186,243.200,2.800,0.000,4.000,1.0
2009-04-08,12:30:00,0.444,0.154,243.500,2.000,0.000,1.000,0.0
2009-04-08,12:31:00,0.482,0.124,243.240,2.000,0.000,1.000,1.0
2009-04-08,12:32:00,0.504,0.118,243.370,2.200,0.000,2.000,1.0
2009-04-08,12:33:00,0.502,0.118,243.360,2.200,0.000,1.000,0.0
2009-04-08,12:34:00,0.560,0.174,242.930,2.600,0.000,2.000,1.0
2009-04-08,12:35:00,0.578,0.222,242.820,2.600,0.000,2.000,1.0
2009-04-08,12:36:00,0.582,0.226,243.720,2.600,0.000,1.000,0.0
2009-04-08,12:37:00,0.566,0.196,244.520,2.400,0.000,2.000,1.0
2009-04-08,12:38:00,0.492,0.088,243.860,2.000,0.000,2.000,1.0
2009-04-08,12:39:00,0.492,0.088,243.980,2.000,0.000,1.000,0.0
2009-04-08,12:40:00,0.490,0.088,244.040,2.000,0.000,2.000,1.0
2009-04-08,12:41:00,0.576,0.094,244.110,2.800,0.000,2.000,1.0
2009-04-08,12:42:00,1.256,0.130,242.640,5.800,0.000,1.000,0.0
2009-04-08,12:43:00,0.824,0.156,242.930,4.200,0.000,1.000,1.0
2009-04-08,12:44:00,1.100,0.130,242.150,5.400,0.000,1.000,1.0
2009-04-08,12:45:00,0.700,0.120,243.080,3.600,0.000,0.000,0.0
2009-04-08,12:46:00,0.634,0.154,243.300,2.800,0.000,4.000,1.0
2009-04-08,12:47:00,0.586,0.078,244.330,2.400,0.000,5.000,1.0
2009-04-08,12:48:00,0.572,0.054,244.740,2.400,0.000,4.000,0.0
2009-04-08,12:49:00,0.574,0.054,244.930,2.400,0.000,4.000,1.0
2009-04-08,12:50:00,0.474,0.046,245.120,2.000,0.000,3.000,1.0
2009-04-08,12:51:00,0.324,0.000,245.330,1.400,0.000,0.000,0.0
2009-04-08,12:52:00,0.312,0.000,245.270,1.400,0.000,0.000,1.0
2009-04-08,12:53:00,0.308,0.000,244.320,1.200,0.000,0.000,1.0
2009-04-08,12:54:00,0.332,0.000,244.630,1.400,0.000,0.000,1.0
2009-04-08,12:55:00,0.516,0.112,244.330,2.400,0.000,0.000,0.0
2009-04-08,12:56:00,0.540,0.122,244.520,2.400,0.000,0.000,1.0
2009-04-08,12:57:00,0.516,0.122,244.610,2.400,0.000,0.000,1.0
2009-04-08,12:58:00,0.546,0.122,244.150,2.600,0.000,0.000,0.0
2009-04-08,12:59:00,0.556,0.120,243.880,2.600,0.000,0.000,1.0
2009-04-08,13:00:00,0.556,0.116,243.170,2.600,0.000,0.000,1.0
2009-04-08,13:01:00,0.564,0.118,243.260,2.600,0.000,0.000,0.0
2009-04-08,13:02:00,0.566,0.120,243.870,2.600,0.000,0.000,1.0
2009-04-08,13:03:00,0.568,0.120,244.060,2.600,0.000,0.000,1.0
2009-04-08,13:04:00,0.564,0.118,243.660,2.600,0.000,0.000,0.0
2009-04-08,13:05:00,0.562,0.118,244.050,2.600,0.000,0.000,1.0
2009-04-08,13:06:00,0.564,0.124,245.090,2.600,0.000,0.000,1.0
2009-04-08,13:07:00,0.530,0.070,244.370,2.400,0.000,0.000,0.0
2009-04-08,13:08:00,0.452,0.000,243.350,2.200,0.000,0.000,1.0
2009-04-08,13:09:00,0.448,0.000,242.000,2.200,0.000,0.000,1.0
2009-04-08,13:10:00,0.442,0.000,241.660,2.200,0.000,0.000,0.0
2009-04-08,13:11:00,0.446,0.000,241.140,2.200,0.000,0.000,1.0
2009-04-08,13:12:00,0.446,0.000,241.920,2.200,0.000,0.000,1.0
2009-04-08,13:13:00,0.456,0.000,241.790,2.200,0.000,0.000,0.0
2009-04-08,13:14:00,1.012,0.112,241.420,4.400,0.000,0.000,10.0
2009-04-08,13:15:00,1.042,0.110,241.490,4.400,0.000,0.000,11.0
2009-04-08,13:16:00,1.066,0.110,241.580,4.600,0.000,0.000,11.0
2009-04-08,13:17:00,1.080,0.108,241.420,4.600,0.000,0.000,11.0
2009-04-08,13:18:00,1.078,0.100,241.000,4.600,0.000,0.000,11.0
2009-04-08,13:19:00,0.530,0.000,241.870,2.600,0.000,0.000,3.0
2009-04-08,13:20:00,0.438,0.000,241.840,2.200,0.000,0.000,1.0
2009-04-08,13:21:00,0.450,0.000,241.980,2.200,0.000,0.000,0.0
2009-04-08,13:22:00,0.444,0.000,242.490,2.200,0.000,0.000,1.0
2009-04-08,13:23:00,0.484,0.000,242.750,2.400,0.000,0.000,1.0
2009-04-08,13:24:00,0.524,0.092,243.190,2.400,0.000,0.000,0.0
2009-04-08,13:25:00,0.606,0.180,242.510,2.800,0.000,0.000,1.0
2009-04-08,13:26:00,0.624,0.222,241.960,3.000,0.000,0.000,1.0
2009-04-08,13:27:00,0.628,0.220,241.770,3.000,0.000,0.000,0.0
2009-04-08,13:28:00,0.620,0.220,241.870,3.000,0.000,0.000,1.0
2009-04-08,13:29:00,0.612,0.218,241.540,2.800,0.000,0.000,1.0
2009-04-08,13:30:00,0.610,0.220,241.440,2.800,0.000,0.000,0.0
2009-04-08,13:31:00,0.618,0.220,241.740,3.000,0.000,0.000,1.0
2009-04-08,13:32:00,0.610,0.220,241.810,2.800,0.000,0.000,1.0
2009-04-08,13:33:00,0.612,0.216,241.100,2.800,0.000,0.000,0.0
2009-04-08,13:34:00,0.614,0.214,240.790,3.000,0.000,0.000,1.0
2009-04-08,13:35:00,0.590,0.180,240.800,2.800,0.000,0.000,1.0
2009-04-08,13:36:00,0.546,0.110,240.930,2.600,0.000,0.000,0.0
2009-04-08,13:37:00,0.528,0.080,240.790,2.600,0.000,0.000,1.0
2009-04-08,13:38:00,0.452,0.000,240.860,2.200,0.000,0.000,1.0
2009-04-08,13:39:00,0.450,0.000,240.630,2.200,0.000,0.000,0.0
2009-04-08,13:40:00,0.454,0.000,240.190,2.200,0.000,0.000,1.0
2009-04-08,13:41:00,0.468,0.000,240.080,2.400,0.000,0.000,1.0
2009-04-08,13:42:00,0.526,0.096,239.960,2.400,0.000,1.000,0.0
2009-04-08,13:43:00,0.536,0.094,239.350,2.600,0.000,1.000,1.0
2009-04-08,13:44:00,0.532,0.098,240.530,2.400,0.000,2.000,0.0
2009-04-08,13:45:00,0.532,0.100,240.820,2.400,0.000,1.000,1.0
2009-04-08,13:46:00,0.536,0.102,241.480,2.600,0.000,2.000,1.0
2009-04-08,13:47:00,0.538,0.100,240.820,2.600,0.000,1.000,0.0
2009-04-08,13:48:00,0.540,0.100,241.060,2.600,0.000,2.000,1.0
2009-04-08,13:49:00,0.542,0.100,240.950,2.600,0.000,1.000,1.0
2009-04-08,13:50:00,0.482,0.100,241.270,2.200,0.000,1.000,0.0
2009-04-08,13:51:00,0.484,0.098,240.720,2.200,0.000,2.000,1.0
2009-04-08,13:52:00,0.486,0.098,241.300,2.200,0.000,1.000,1.0
2009-04-08,13:53:00,0.482,0.092,239.650,2.200,0.000,2.000,0.0
2009-04-08,13:54:00,0.484,0.094,240.300,2.200,0.000,1.000,1.0
2009-04-08,13:55:00,0.542,0.156,241.150,2.600,0.000,2.000,1.0
2009-04-08,13:56:00,0.592,0.236,241.650,2.800,0.000,1.000,0.0
2009-04-08,13:57:00,0.586,0.234,241.030,2.800,0.000,1.000,1.0
2009-04-08,13:58:00,0.582,0.234,240.860,2.800,0.000,2.000,1.0
2009-04-08,13:59:00,0.580,0.234,240.700,2.800,0.000,1.000,0.0
2009-04-08,14:00:00,0.576,0.232,240.540,2.800,0.000,1.000,1.0
2009-04-08,14:01:00,0.576,0.236,241.130,2.600,0.000,2.000,1.0
2009-04-08,14:02:00,0.764,0.228,240.910,3.400,0.000,1.000,0.0
2009-04-08,14:03:00,0.874,0.226,240.920,3.800,0.000,1.000,1.0
2009-04-08,14:04:00,1.784,0.286,240.120,8.600,0.000,17.000,1.0
2009-04-08,14:05:00,2.848,0.250,238.140,12.000,0.000,38.000,0.0
2009-04-08,14:06:00,2.358,0.272,240.100,10.600,0.000,29.000,1.0
2009-04-08,14:07:00,2.820,0.132,241.270,11.600,0.000,37.000,1.0
2009-04-08,14:08:00,2.230,0.000,242.410,10.000,0.000,28.000,0.0
2009-04-08,14:09:00,2.774,0.000,242.980,11.400,0.000,37.000,1.0
2009-04-08,14:10:00,2.764,0.000,242.190,11.400,0.000,38.000,1.0
2009-04-08,14:11:00,2.768,0.000,242.750,11.400,0.000,37.000,0.0
2009-04-08,14:12:00,2.768,0.000,242.570,11.400,0.000,37.000,1.0
2009-04-08,14:13:00,2.844,0.130,241.990,11.800,0.000,37.000,1.0
2009-04-08,14:14:00,2.838,0.140,242.170,11.600,0.000,38.000,0.0
2009-04-08,14:15:00,2.818,0.124,241.450,11.600,0.000,37.000,1.0
2009-04-08,14:16:00,2.826,0.136,241.400,11.600,0.000,37.000,1.0
2009-04-08,14:17:00,2.810,0.124,240.840,11.600,0.000,36.000,0.0
2009-04-08,14:18:00,2.824,0.132,241.280,11.600,0.000,37.000,1.0
2009-04-08,14:19:00,2.808,0.120,240.810,11.600,0.000,37.000,1.0
2009-04-08,14:20:00,2.814,0.128,240.920,11.600,0.000,37.000,0.0
2009-04-08,14:21:00,2.814,0.120,241.380,11.600,0.000,37.000,1.0
2009-04-08,14:22:00,2.830,0.130,241.930,11.600,0.000,37.000,1.0
2009-04-08,14:23:00,1.772,0.136,242.450,7.600,0.000,21.000,0.0
2009-04-08,14:24:00,2.404,0.050,240.970,10.200,0.000,30.000,1.0
2009-04-08,14:25:00,2.742,0.000,240.470,11.400,0.000,37.000,1.0
2009-04-08,14:26:00,2.846,0.150,240.370,11.800,0.000,37.000,0.0
2009-04-08,14:27:00,2.270,0.162,241.700,9.800,0.000,28.000,1.0
2009-04-08,14:28:00,2.040,0.176,242.890,8.800,0.000,23.000,1.0
2009-04-08,14:29:00,2.864,0.162,242.080,11.800,0.000,37.000,0.0
2009-04-08,14:30:00,2.112,0.168,242.810,9.000,0.000,26.000,1.0
2009-04-08,14:31:00,2.216,0.168,243.200,9.400,0.000,25.000,1.0
2009-04-08,14:32:00,2.892,0.170,243.620,11.800,0.000,38.000,0.0
2009-04-08,14:33:00,1.962,0.180,244.060,8.400,0.000,23.000,1.0
2009-04-08,14:34:00,2.364,0.164,242.390,10.000,0.000,28.000,1.0
2009-04-08,14:35:00,2.734,0.158,241.750,11.400,0.000,37.000,0.0
2009-04-08,14:36:00,1.644,0.180,243.810,6.800,0.000,17.000,1.0
2009-04-08,14:37:00,2.822,0.168,243.530,11.600,0.000,35.000,1.0
2009-04-08,14:38:00,1.914,0.056,245.070,8.200,0.000,24.000,0.0
2009-04-08,14:39:00,2.298,0.000,245.540,9.600,0.000,29.000,1.0
2009-04-08,14:40:00,2.244,0.000,245.270,9.400,0.000,29.000,1.0
2009-04-08,14:41:00,1.956,0.000,245.250,8.400,0.000,23.000,0.0
2009-04-08,14:42:00,2.482,0.000,245.540,10.400,0.000,34.000,1.0
2009-04-08,14:43:00,1.728,0.050,245.950,7.200,0.000,19.000,1.0
2009-04-08,14:44:00,2.680,0.000,244.480,11.000,0.000,37.000,0.0
2009-04-08,14:45:00,1.568,0.054,246.070,6.400,0.000,17.000,1.0
2009-04-08,14:46:00,2.586,0.000,244.680,10.800,0.000,34.000,1.0
2009-04-08,14:47:00,1.574,0.054,245.760,6.400,0.000,18.000,1.0
2009-04-08,14:48:00,2.678,0.000,244.830,11.000,0.000,35.000,0.0
2009-04-08,14:49:00,1.572,0.052,245.460,6.400,0.000,18.000,1.0
2009-04-08,14:50:00,2.648,0.000,244.360,11.000,0.000,35.000,1.0
2009-04-08,14:51:00,1.570,0.052,245.410,6.400,0.000,17.000,0.0
2009-04-08,14:52:00,2.398,0.000,244.430,10.000,0.000,31.000,1.0
2009-04-08,14:53:00,1.686,0.048,244.770,7.000,0.000,18.000,1.0
2009-04-08,14:54:00,2.258,0.000,244.830,9.600,0.000,30.000,0.0
2009-04-08,14:55:00,1.838,0.000,245.060,8.000,0.000,21.000,1.0
2009-04-08,14:56:00,2.044,0.130,244.240,8.600,0.000,25.000,1.0
2009-04-08,14:57:00,1.888,0.176,244.760,8.600,0.000,20.000,0.0
2009-04-08,14:58:00,2.020,0.174,244.630,8.600,0.000,24.000,1.0
2009-04-08,14:59:00,1.830,0.182,245.400,8.200,0.000,19.000,1.0
2009-04-08,15:00:00,1.988,0.178,245.410,8.400,0.000,24.000,0.0
2009-04-08,15:01:00,1.926,0.238,245.470,8.600,0.000,20.000,1.0
2009-04-08,15:02:00,2.172,0.286,245.450,9.200,0.000,25.000,1.0
2009-04-08,15:03:00,1.838,0.298,246.000,8.200,0.000,18.000,0.0
2009-04-08,15:04:00,2.064,0.288,245.540,8.800,0.000,24.000,1.0
2009-04-08,15:05:00,1.922,0.298,245.940,8.600,0.000,20.000,1.0
2009-04-08,15:06:00,2.042,0.290,246.010,8.600,0.000,23.000,0.0
2009-04-08,15:07:00,1.934,0.292,245.410,8.600,0.000,21.000,1.0
2009-04-08,15:08:00,1.970,0.186,245.250,8.400,0.000,23.000,1.0
2009-04-08,15:09:00,1.896,0.150,244.610,8.400,0.000,22.000,1.0
2009-04-08,15:10:00,1.680,0.132,243.490,7.200,0.000,16.000,0.0
2009-04-08,15:11:00,1.786,0.140,242.310,7.800,0.000,22.000,1.0
2009-04-08,15:12:00,1.972,0.116,242.370,8.800,0.000,23.000,1.0
2009-04-08,15:13:00,1.522,0.066,242.950,6.400,0.000,17.000,0.0
2009-04-08,15:14:00,1.904,0.000,242.620,8.600,0.000,23.000,1.0
2009-04-08,15:15:00,1.034,0.056,243.930,4.600,0.000,10.000,1.0
2009-04-08,15:16:00,0.694,0.000,244.710,3.000,0.000,3.000,0.0
2009-04-08,15:17:00,0.742,0.062,244.440,3.000,0.000,4.000,1.0
2009-04-08,15:18:00,0.696,0.000,245.110,3.000,0.000,3.000,1.0
2009-04-08,15:19:00,0.790,0.116,244.940,3.400,0.000,5.000,0.0
2009-04-08,15:20:00,0.768,0.160,244.930,3.200,0.000,5.000,1.0
2009-04-08,15:21:00,0.812,0.190,244.830,3.400,0.000,5.000,1.0
2009-04-08,15:22:00,1.050,0.234,244.490,4.600,0.000,5.000,4.0
2009-04-08,15:23:00,1.264,0.280,243.750,5.400,0.000,3.000,11.0
2009-04-08,15:24:00,1.198,0.258,243.940,5.000,0.000,1.000,11.0
2009-04-08,15:25:00,1.240,0.258,243.740,5.200,0.000,2.000,11.0
2009-04-08,15:26:00,1.298,0.332,243.630,5.600,0.000,2.000,12.0
2009-04-08,15:27:00,0.954,0.304,243.610,4.400,0.000,1.000,5.0
2009-04-08,15:28:00,0.680,0.248,244.160,3.000,0.000,2.000,1.0
2009-04-08,15:29:00,0.694,0.250,243.870,3.000,0.000,2.000,1.0
2009-04-08,15:30:00,0.674,0.246,243.650,3.000,0.000,1.000,1.0
2009-04-08,15:31:00,0.696,0.252,244.090,3.000,0.000,2.000,0.0
2009-04-08,15:32:00,0.684,0.248,244.050,3.000,0.000,1.000,1.0
2009-04-08,15:33:00,0.690,0.254,244.110,3.000,0.000,2.000,1.0
2009-04-08,15:34:00,0.684,0.250,244.090,3.000,0.000,1.000,0.0
2009-04-08,15:35:00,0.682,0.250,243.950,3.000,0.000,2.000,1.0
2009-04-08,15:36:00,0.692,0.250,243.680,3.000,0.000,1.000,1.0
2009-04-08,15:37:00,0.666,0.244,243.440,3.000,0.000,2.000,0.0
2009-04-08,15:38:00,0.650,0.198,243.810,2.800,0.000,1.000,1.0
2009-04-08,15:39:00,0.578,0.108,244.120,2.600,0.000,2.000,1.0
2009-04-08,15:40:00,0.592,0.116,244.470,2.600,0.000,1.000,0.0
2009-04-08,15:41:00,0.578,0.110,244.670,2.400,0.000,2.000,1.0
2009-04-08,15:42:00,0.518,0.114,244.330,2.400,0.000,1.000,1.0
2009-04-08,15:43:00,0.472,0.108,244.530,2.200,0.000,2.000,0.0
2009-04-08,15:44:00,0.486,0.114,244.520,2.200,0.000,1.000,1.0
2009-04-08,15:45:00,0.464,0.108,244.320,2.000,0.000,1.000,1.0
2009-04-08,15:46:00,0.488,0.118,245.340,2.200,0.000,2.000,0.0
2009-04-08,15:47:00,0.454,0.094,245.400,2.000,0.000,1.000,1.0
2009-04-08,15:48:00,0.410,0.000,245.730,1.800,0.000,0.000,1.0
2009-04-08,15:49:00,0.390,0.000,245.320,1.800,0.000,0.000,0.0
2009-04-08,15:50:00,0.450,0.000,245.290,2.000,0.000,1.000,1.0
2009-04-08,15:51:00,0.466,0.096,245.360,2.000,0.000,0.000,1.0
2009-04-08,15:52:00,0.494,0.100,244.920,2.200,0.000,0.000,0.0
2009-04-08,15:53:00,0.482,0.094,245.150,2.200,0.000,0.000,1.0
2009-04-08,15:54:00,0.498,0.102,245.610,2.200,0.000,0.000,1.0
2009-04-08,15:55:00,0.468,0.098,245.750,2.000,0.000,0.000,0.0
2009-04-08,15:56:00,0.530,0.134,245.210,2.400,0.000,1.000,1.0
2009-04-08,15:57:00,0.584,0.232,244.640,2.600,0.000,0.000,1.0
2009-04-08,15:58:00,0.596,0.238,244.780,2.800,0.000,0.000,0.0
2009-04-08,15:59:00,0.574,0.232,244.370,2.600,0.000,0.000,1.0
2009-04-08,16:00:00,0.592,0.234,243.930,2.800,0.000,0.000,1.0
2009-04-08,16:01:00,0.572,0.228,243.980,2.600,0.000,0.000,1.0
2009-04-08,16:02:00,0.516,0.132,244.140,2.400,0.000,1.000,0.0
2009-04-08,16:03:00,0.502,0.122,244.180,2.200,0.000,0.000,1.0
2009-04-08,16:04:00,0.498,0.132,243.660,2.200,0.000,0.000,1.0
2009-04-08,16:05:00,0.492,0.132,243.320,2.200,0.000,0.000,0.0
2009-04-08,16:06:00,0.484,0.130,243.300,2.200,0.000,0.000,1.0
2009-04-08,16:07:00,0.496,0.132,242.820,2.200,0.000,0.000,1.0
2009-04-08,16:08:00,0.476,0.126,242.730,2.200,0.000,0.000,0.0
2009-04-08,16:09:00,0.406,0.000,243.570,1.800,0.000,1.000,1.0
2009-04-08,16:10:00,0.384,0.000,243.420,1.800,0.000,0.000,1.0
2009-04-08,16:11:00,0.402,0.000,243.030,1.800,0.000,0.000,0.0
2009-04-08,16:12:00,0.382,0.000,243.090,1.800,0.000,0.000,1.0
2009-04-08,16:13:00,0.402,0.000,242.430,1.800,0.000,0.000,1.0
2009-04-08,16:14:00,0.384,0.000,243.320,1.800,0.000,0.000,0.0
2009-04-08,16:15:00,0.400,0.000,242.780,1.800,0.000,1.000,1.0
2009-04-08,16:16:00,0.384,0.000,243.030,1.800,0.000,0.000,1.0
2009-04-08,16:17:00,0.404,0.000,244.310,1.800,0.000,0.000,0.0
2009-04-08,16:18:00,0.386,0.000,244.980,1.800,0.000,0.000,1.0
2009-04-08,16:19:00,0.416,0.000,244.310,1.800,0.000,0.000,1.0
2009-04-08,16:20:00,0.394,0.000,245.440,1.800,0.000,0.000,0.0
2009-04-08,16:21:00,0.416,0.000,245.140,1.800,0.000,1.000,1.0
2009-04-08,16:22:00,0.404,0.000,244.950,1.800,0.000,0.000,1.0
2009-04-08,16:23:00,0.606,0.074,243.780,2.600,0.000,3.000,0.0
2009-04-08,16:24:00,0.572,0.060,244.050,2.400,0.000,4.000,1.0
2009-04-08,16:25:00,0.578,0.072,243.760,2.400,0.000,3.000,1.0
2009-04-08,16:26:00,0.562,0.056,243.400,2.400,0.000,4.000,0.0
2009-04-08,16:27:00,0.648,0.150,243.320,2.800,0.000,3.000,1.0
2009-04-08,16:28:00,0.666,0.190,242.600,2.800,0.000,4.000,1.0
2009-04-08,16:29:00,0.678,0.204,242.970,3.000,0.000,3.000,0.0
2009-04-08,16:30:00,0.658,0.186,242.740,2.800,0.000,4.000,1.0
2009-04-08,16:31:00,0.458,0.128,243.330,2.000,0.000,0.000,1.0
2009-04-08,16:32:00,0.474,0.136,243.460,2.000,0.000,0.000,1.0
2009-04-08,16:33:00,0.454,0.128,243.020,2.000,0.000,0.000,0.0
2009-04-08,16:34:00,0.474,0.138,243.740,2.200,0.000,0.000,1.0
2009-04-08,16:35:00,0.456,0.134,244.370,2.000,0.000,0.000,1.0
2009-04-08,16:36:00,0.474,0.140,244.540,2.000,0.000,1.000,0.0
2009-04-08,16:37:00,0.452,0.136,244.600,2.000,0.000,0.000,1.0
2009-04-08,16:38:00,0.692,0.138,243.910,3.400,0.000,0.000,2.0
2009-04-08,16:39:00,1.662,0.068,243.060,6.800,0.000,0.000,20.0
2009-04-08,16:40:00,1.666,0.094,243.400,6.800,0.000,0.000,19.0
2009-04-08,16:41:00,1.646,0.088,243.630,6.800,0.000,0.000,19.0
2009-04-08,16:42:00,1.646,0.094,243.610,6.800,0.000,1.000,19.0
2009-04-08,16:43:00,1.620,0.090,243.480,6.600,0.000,0.000,19.0
2009-04-08,16:44:00,1.634,0.098,243.990,6.800,0.000,0.000,19.0
2009-04-08,16:45:00,1.620,0.092,243.830,6.600,0.000,0.000,19.0
2009-04-08,16:46:00,1.632,0.096,243.560,6.800,0.000,0.000,19.0
2009-04-08,16:47:00,1.618,0.092,243.930,6.600,0.000,0.000,19.0
2009-04-08,16:48:00,1.624,0.094,243.010,6.800,0.000,1.000,19.0
2009-04-08,16:49:00,1.604,0.086,242.740,6.600,0.000,0.000,19.0
2009-04-08,16:50:00,1.598,0.070,242.770,6.600,0.000,0.000,18.0
2009-04-08,16:51:00,1.522,0.000,242.430,6.400,0.000,0.000,19.0
2009-04-08,16:52:00,1.530,0.000,241.520,6.400,0.000,0.000,19.0
2009-04-08,16:53:00,1.514,0.000,241.790,6.200,0.000,0.000,18.0
2009-04-08,16:54:00,1.540,0.000,242.750,6.400,0.000,0.000,19.0
2009-04-08,16:55:00,1.534,0.000,243.640,6.400,0.000,0.000,19.0
2009-04-08,16:56:00,1.556,0.000,243.920,6.400,0.000,1.000,19.0
2009-04-08,16:57:00,1.562,0.000,243.810,6.400,0.000,0.000,18.0
2009-04-08,16:58:00,1.662,0.126,243.520,6.800,0.000,0.000,19.0
2009-04-08,16:59:00,1.646,0.124,243.530,6.800,0.000,0.000,19.0
2009-04-08,17:00:00,1.634,0.122,243.160,6.800,0.000,0.000,19.0
2009-04-08,17:01:00,1.640,0.124,242.810,6.800,0.000,1.000,19.0
2009-04-08,17:02:00,1.622,0.118,242.970,6.800,0.000,0.000,18.0
2009-04-08,17:03:00,1.634,0.122,242.640,6.800,0.000,0.000,19.0
2009-04-08,17:04:00,1.618,0.118,242.870,6.600,0.000,0.000,19.0
2009-04-08,17:05:00,1.642,0.120,242.240,6.800,0.000,0.000,18.0
2009-04-08,17:06:00,1.620,0.118,242.560,6.800,0.000,0.000,19.0
2009-04-08,17:07:00,1.640,0.126,242.840,6.800,0.000,1.000,19.0
2009-04-08,17:08:00,1.624,0.120,242.950,6.800,0.000,0.000,18.0
2009-04-08,17:09:00,1.610,0.080,243.080,6.600,0.000,0.000,19.0
2009-04-08,17:10:00,1.524,0.000,243.480,6.200,0.000,0.000,19.0
2009-04-08,17:11:00,1.528,0.000,243.500,6.200,0.000,0.000,19.0
2009-04-08,17:12:00,1.508,0.000,243.560,6.200,0.000,0.000,19.0
2009-04-08,17:13:00,1.378,0.000,244.060,5.800,0.000,0.000,17.0
2009-04-08,17:14:00,0.418,0.000,244.740,2.000,0.000,0.000,1.0
2009-04-08,17:15:00,0.394,0.000,244.250,1.800,0.000,1.000,0.0
2009-04-08,17:16:00,0.364,0.000,244.280,1.600,0.000,0.000,1.0
2009-04-08,17:17:00,0.384,0.000,244.380,1.600,0.000,0.000,1.0
2009-04-08,17:18:00,0.364,0.000,244.870,1.600,0.000,0.000,0.0
2009-04-08,17:19:00,0.382,0.000,245.020,1.600,0.000,0.000,1.0
2009-04-08,17:20:00,0.364,0.000,244.500,1.600,0.000,0.000,1.0
2009-04-08,17:21:00,0.382,0.000,244.240,1.600,0.000,1.000,0.0
2009-04-08,17:22:00,0.678,0.070,242.890,3.200,0.000,0.000,6.0
2009-04-08,17:23:00,0.972,0.144,243.550,4.000,0.000,0.000,10.0
2009-04-08,17:24:00,0.972,0.132,242.950,4.000,0.000,0.000,11.0
2009-04-08,17:25:00,1.008,0.128,242.100,4.200,0.000,0.000,11.0
2009-04-08,17:26:00,1.062,0.200,241.400,4.600,0.000,1.000,12.0
2009-04-08,17:27:00,0.920,0.214,242.260,4.200,0.000,2.000,8.0
2009-04-08,17:28:00,0.630,0.348,243.040,3.000,0.000,2.000,1.0
2009-04-08,17:29:00,0.640,0.366,243.360,3.000,0.000,1.000,1.0
2009-04-08,17:30:00,0.634,0.368,243.900,3.000,0.000,2.000,0.0
2009-04-08,17:31:00,0.620,0.366,243.980,3.000,0.000,2.000,1.0
2009-04-08,17:32:00,0.636,0.376,244.670,3.000,0.000,1.000,1.0
2009-04-08,17:33:00,0.614,0.368,244.540,3.000,0.000,2.000,0.0
2009-04-08,17:34:00,0.628,0.370,243.970,3.000,0.000,2.000,1.0
2009-04-08,17:35:00,0.612,0.372,244.990,3.000,0.000,1.000,1.0
2009-04-08,17:36:00,0.634,0.382,245.460,3.000,0.000,2.000,0.0
2009-04-08,17:37:00,0.612,0.374,245.080,3.000,0.000,1.000,1.0
2009-04-08,17:38:00,0.630,0.374,244.580,3.000,0.000,2.000,1.0
2009-04-08,17:39:00,0.556,0.288,245.020,2.600,0.000,1.000,0.0
2009-04-08,17:40:00,0.668,0.214,244.430,3.800,0.000,2.000,1.0
2009-04-08,17:41:00,0.440,0.120,244.080,2.000,0.000,1.000,1.0
2009-04-08,17:42:00,0.512,0.170,244.570,2.800,0.000,2.000,0.0
2009-04-08,17:43:00,0.708,0.188,244.290,4.000,0.000,1.000,1.0
2009-04-08,17:44:00,0.452,0.128,244.760,2.000,0.000,2.000,1.0
2009-04-08,17:45:00,0.432,0.122,244.860,1.800,0.000,1.000,0.0
2009-04-08,17:46:00,0.450,0.124,244.090,2.000,0.000,2.000,1.0
2009-04-08,17:47:00,0.432,0.120,244.550,1.800,0.000,1.000,1.0
2009-04-08,17:48:00,0.450,0.128,244.910,2.000,0.000,2.000,0.0
2009-04-08,17:49:00,0.432,0.122,245.070,1.800,0.000,1.000,1.0
2009-04-08,17:50:00,0.450,0.126,244.700,2.000,0.000,2.000,1.0
2009-04-08,17:51:00,0.430,0.120,244.750,1.800,0.000,1.000,1.0
2009-04-08,17:52:00,0.402,0.048,245.030,1.800,0.000,1.000,0.0
2009-04-08,17:53:00,0.358,0.000,245.110,1.600,0.000,0.000,1.0
2009-04-08,17:54:00,0.376,0.000,245.280,1.600,0.000,0.000,1.0
2009-04-08,17:55:00,0.358,0.000,245.450,1.600,0.000,0.000,0.0
2009-04-08,17:56:00,0.378,0.000,245.180,1.600,0.000,0.000,1.0
2009-04-08,17:57:00,0.358,0.000,245.010,1.600,0.000,0.000,1.0
2009-04-08,17:58:00,0.462,0.096,246.170,2.000,0.000,1.000,0.0
2009-04-08,17:59:00,0.476,0.142,245.880,2.000,0.000,0.000,1.0
2009-04-08,18:00:00,0.478,0.148,246.380,2.000,0.000,0.000,1.0
2009-04-08,18:01:00,0.482,0.150,246.570,2.200,0.000,0.000,0.0
2009-04-08,18:02:00,0.462,0.140,245.590,2.000,0.000,0.000,1.0
2009-04-08,18:03:00,0.478,0.146,245.680,2.200,0.000,0.000,1.0
2009-04-08,18:04:00,0.456,0.136,245.110,2.000,0.000,0.000,0.0
2009-04-08,18:05:00,0.474,0.144,245.330,2.000,0.000,1.000,1.0
2009-04-08,18:06:00,0.454,0.136,244.870,2.000,0.000,0.000,1.0
2009-04-08,18:07:00,0.470,0.138,244.390,2.000,0.000,0.000,1.0
2009-04-08,18:08:00,0.452,0.132,244.300,2.000,0.000,0.000,0.0
2009-04-08,18:09:00,0.472,0.144,245.400,2.000,0.000,0.000,1.0
2009-04-08,18:10:00,0.400,0.058,246.010,1.800,0.000,0.000,1.0
2009-04-08,18:11:00,0.378,0.000,244.990,1.600,0.000,1.000,0.0
2009-04-08,18:12:00,0.358,0.000,245.160,1.600,0.000,0.000,1.0
2009-04-08,18:13:00,0.378,0.000,245.350,1.600,0.000,0.000,1.0
2009-04-08,18:14:00,0.362,0.000,246.110,1.600,0.000,0.000,0.0
2009-04-08,18:15:00,0.378,0.000,245.760,1.600,0.000,0.000,1.0
2009-04-08,18:16:00,0.380,0.000,245.830,1.800,0.000,0.000,1.0
2009-04-08,18:17:00,0.456,0.114,245.740,2.000,0.000,1.000,0.0
2009-04-08,18:18:00,0.436,0.108,245.590,1.800,0.000,0.000,1.0
2009-04-08,18:19:00,0.456,0.118,246.680,2.000,0.000,0.000,1.0
2009-04-08,18:20:00,0.442,0.112,246.250,2.000,0.000,0.000,0.0
2009-04-08,18:21:00,0.712,0.102,245.200,3.000,0.000,0.000,1.0
2009-04-08,18:22:00,0.638,0.102,244.980,2.600,0.000,0.000,1.0
2009-04-08,18:23:00,0.544,0.106,245.510,2.200,0.000,0.000,1.0
2009-04-08,18:24:00,0.540,0.106,245.490,2.200,0.000,0.000,0.0
2009-04-08,18:25:00,0.542,0.108,245.920,2.200,0.000,0.000,1.0
2009-04-08,18:26:00,0.540,0.106,245.510,2.200,0.000,0.000,1.0
2009-04-08,18:27:00,0.536,0.102,245.490,2.200,0.000,0.000,0.0
2009-04-08,18:28:00,0.504,0.000,245.160,2.200,0.000,0.000,1.0
2009-04-08,18:29:00,0.582,0.134,244.360,2.400,0.000,0.000,1.0
2009-04-08,18:30:00,0.468,0.140,245.150,2.000,0.000,0.000,0.0
2009-04-08,18:31:00,0.460,0.132,243.410,2.000,0.000,0.000,1.0
2009-04-08,18:32:00,0.458,0.130,243.130,2.000,0.000,0.000,1.0
2009-04-08,18:33:00,0.538,0.124,242.300,2.400,0.000,0.000,0.0
2009-04-08,18:34:00,0.452,0.126,242.520,2.000,0.000,0.000,1.0
2009-04-08,18:35:00,0.452,0.126,242.170,2.000,0.000,0.000,1.0
2009-04-08,18:36:00,0.494,0.128,242.870,2.200,0.000,0.000,0.0
2009-04-08,18:37:00,0.740,0.122,242.520,3.000,0.000,0.000,1.0
2009-04-08,18:38:00,0.470,0.126,242.030,2.000,0.000,0.000,1.0
2009-04-08,18:39:00,0.462,0.126,241.920,2.000,0.000,0.000,0.0
2009-04-08,18:40:00,0.458,0.128,242.250,2.000,0.000,0.000,1.0
2009-04-08,18:41:00,0.462,0.126,242.090,2.000,0.000,0.000,1.0
2009-04-08,18:42:00,0.404,0.132,242.930,1.800,0.000,0.000,0.0
2009-04-08,18:43:00,0.402,0.132,242.800,1.800,0.000,0.000,1.0
2009-04-08,18:44:00,0.376,0.096,243.480,1.600,0.000,0.000,1.0
2009-04-08,18:45:00,0.310,0.000,243.570,1.200,0.000,0.000,0.0
2009-04-08,18:46:00,0.310,0.000,243.910,1.200,0.000,0.000,1.0
2009-04-08,18:47:00,0.310,0.000,244.310,1.200,0.000,0.000,1.0
2009-04-08,18:48:00,0.310,0.000,243.740,1.200,0.000,0.000,0.0
2009-04-08,18:49:00,0.310,0.000,243.900,1.200,0.000,0.000,1.0
2009-04-08,18:50:00,0.308,0.000,243.170,1.200,0.000,0.000,1.0
2009-04-08,18:51:00,0.310,0.000,243.470,1.200,0.000,0.000,0.0
2009-04-08,18:52:00,0.308,0.000,243.190,1.200,0.000,0.000,1.0
2009-04-08,18:53:00,0.310,0.000,243.400,1.200,0.000,0.000,1.0
2009-04-08,18:54:00,0.308,0.000,242.320,1.200,0.000,0.000,0.0
2009-04-08,18:55:00,0.308,0.000,242.320,1.200,0.000,0.000,1.0
2009-04-08,18:56:00,0.308,0.000,243.090,1.200,0.000,0.000,1.0
2009-04-08,18:57:00,0.308,0.000,242.520,1.200,0.000,0.000,0.0
2009-04-08,18:58:00,0.308,0.000,242.670,1.200,0.000,0.000,1.0
2009-04-08,18:59:00,0.308,0.000,242.440,1.200,0.000,0.000,1.0
2009-04-08,19:00:00,0.310,0.000,243.410,1.200,0.000,0.000,0.0
2009-04-08,19:01:00,0.376,0.068,244.490,1.800,0.000,0.000,1.0
2009-04-08,19:02:00,0.470,0.196,243.530,2.200,0.000,0.000,1.0
2009-04-08,19:03:00,0.492,0.238,242.780,2.200,0.000,0.000,1.0
2009-04-08,19:04:00,0.486,0.234,242.210,2.200,0.000,0.000,0.0
2009-04-08,19:05:00,0.490,0.234,242.120,2.200,0.000,0.000,1.0
2009-04-08,19:06:00,0.488,0.234,242.210,2.200,0.000,0.000,1.0
2009-04-08,19:07:00,0.486,0.238,242.930,2.200,0.000,0.000,0.0
2009-04-08,19:08:00,0.484,0.240,243.170,2.200,0.000,0.000,1.0
2009-04-08,19:09:00,0.480,0.236,242.050,2.200,0.000,0.000,1.0
2009-04-08,19:10:00,0.478,0.238,242.600,2.200,0.000,0.000,0.0
2009-04-08,19:11:00,0.478,0.238,242.600,2.200,0.000,0.000,1.0
2009-04-08,19:12:00,0.468,0.224,243.300,2.200,0.000,0.000,1.0
2009-04-08,19:13:00,0.408,0.132,242.710,1.800,0.000,0.000,0.0
2009-04-08,19:14:00,0.366,0.072,243.360,1.600,0.000,0.000,1.0
2009-04-08,19:15:00,0.316,0.000,243.360,1.400,0.000,0.000,1.0
2009-04-08,19:16:00,0.314,0.000,243.250,1.400,0.000,0.000,0.0
2009-04-08,19:17:00,0.314,0.000,243.330,1.400,0.000,0.000,1.0
2009-04-08,19:18:00,0.316,0.000,243.770,1.400,0.000,0.000,1.0
2009-04-08,19:19:00,0.316,0.000,244.240,1.400,0.000,0.000,0.0
2009-04-08,19:20:00,0.318,0.000,244.830,1.400,0.000,0.000,1.0
2009-04-08,19:21:00,0.316,0.000,244.290,1.400,0.000,0.000,1.0
2009-04-08,19:22:00,0.316,0.000,244.060,1.400,0.000,0.000,0.0
2009-04-08,19:23:00,0.316,0.000,244.510,1.400,0.000,0.000,1.0
2009-04-08,19:24:00,0.318,0.000,245.020,1.400,0.000,0.000,1.0
2009-04-08,19:25:00,0.318,0.000,245.160,1.400,0.000,0.000,0.0
2009-04-08,19:26:00,0.904,0.166,244.990,3.800,0.000,0.000,10.0
2009-04-08,19:27:00,0.918,0.156,244.550,3.800,0.000,0.000,11.0
2009-04-08,19:28:00,0.944,0.152,244.260,3.800,0.000,0.000,11.0
2009-04-08,19:29:00,0.952,0.144,243.570,4.000,0.000,0.000,11.0
2009-04-08,19:30:00,0.582,0.062,244.590,2.800,0.000,0.000,6.0
2009-04-08,19:31:00,0.316,0.000,244.810,1.400,0.000,0.000,1.0
2009-04-08,19:32:00,0.394,0.086,244.210,1.800,0.000,0.000,1.0
2009-04-08,19:33:00,0.422,0.136,243.850,1.800,0.000,0.000,0.0
2009-04-08,19:34:00,0.420,0.140,244.320,1.800,0.000,0.000,1.0
2009-04-08,19:35:00,0.418,0.138,244.140,1.800,0.000,0.000,1.0
2009-04-08,19:36:00,0.504,0.250,244.520,2.400,0.000,0.000,0.0
2009-04-08,19:37:00,0.500,0.268,244.580,2.200,0.000,1.000,1.0
2009-04-08,19:38:00,0.498,0.270,244.960,2.200,0.000,2.000,1.0
2009-04-08,19:39:00,0.500,0.276,245.910,2.200,0.000,1.000,0.0
2009-04-08,19:40:00,0.498,0.272,245.190,2.200,0.000,2.000,1.0
2009-04-08,19:41:00,0.498,0.272,245.290,2.200,0.000,1.000,1.0
2009-04-08,19:42:00,0.498,0.274,245.760,2.200,0.000,2.000,0.0
2009-04-08,19:43:00,0.492,0.274,245.630,2.200,0.000,1.000,1.0
2009-04-08,19:44:00,0.440,0.196,245.420,2.000,0.000,1.000,1.0
2009-04-08,19:45:00,0.396,0.128,245.290,1.600,0.000,2.000,0.0
2009-04-08,19:46:00,0.396,0.128,245.460,1.600,0.000,1.000,1.0
2009-04-08,19:47:00,0.396,0.128,245.740,1.600,0.000,2.000,1.0
2009-04-08,19:48:00,0.396,0.130,245.910,1.600,0.000,1.000,0.0
2009-04-08,19:49:00,0.396,0.128,245.570,1.600,0.000,2.000,1.0
2009-04-08,19:50:00,0.476,0.212,244.430,2.200,0.000,1.000,1.0
2009-04-08,19:51:00,0.472,0.228,244.080,2.200,0.000,1.000,0.0
2009-04-08,19:52:00,0.468,0.224,243.210,2.200,0.000,2.000,1.0
2009-04-08,19:53:00,0.466,0.228,243.770,2.000,0.000,1.000,1.0
2009-04-08,19:54:00,0.462,0.232,244.450,2.000,0.000,1.000,0.0
2009-04-08,19:55:00,0.462,0.234,245.070,2.000,0.000,1.000,1.0
2009-04-08,19:56:00,0.460,0.234,244.850,2.000,0.000,2.000,1.0
2009-04-08,19:57:00,0.456,0.230,244.320,2.000,0.000,1.000,0.0
2009-04-08,19:58:00,0.454,0.228,243.970,2.000,0.000,1.000,1.0
2009-04-08,19:59:00,0.454,0.228,243.960,2.000,0.000,2.000,1.0
2009-04-08,20:00:00,0.454,0.232,244.680,2.000,0.000,1.000,1.0
2009-04-08,20:01:00,0.432,0.196,244.960,2.000,0.000,1.000,0.0
2009-04-08,20:02:00,0.466,0.194,245.370,2.200,0.000,0.000,1.0
2009-04-08,20:03:00,0.414,0.134,243.210,1.800,0.000,0.000,1.0
2009-04-08,20:04:00,0.672,0.160,242.100,3.200,0.000,0.000,0.0
2009-04-08,20:05:00,1.306,0.124,241.610,5.400,0.000,0.000,1.0
2009-04-08,20:06:00,1.448,0.124,242.100,6.000,0.000,0.000,1.0
2009-04-08,20:07:00,1.546,0.094,242.760,6.400,0.000,0.000,0.0
2009-04-08,20:08:00,1.592,0.078,243.080,6.600,0.000,0.000,1.0
2009-04-08,20:09:00,1.590,0.078,243.370,6.400,0.000,0.000,1.0
2009-04-08,20:10:00,1.624,0.094,241.990,6.600,0.000,0.000,0.0
2009-04-08,20:11:00,1.878,0.170,241.950,7.800,0.000,0.000,1.0
2009-04-08,20:12:00,3.298,0.514,240.260,14.200,0.000,0.000,1.0
2009-04-08,20:13:00,2.970,0.422,240.720,13.000,0.000,0.000,0.0
2009-04-08,20:14:00,3.334,0.368,238.450,14.200,0.000,0.000,1.0
2009-04-08,20:15:00,2.908,0.218,237.980,12.600,0.000,0.000,1.0
2009-04-08,20:16:00,3.180,0.230,238.400,13.400,0.000,0.000,0.0
2009-04-08,20:17:00,2.416,0.162,238.990,10.600,0.000,0.000,1.0
2009-04-08,20:18:00,1.620,0.074,240.490,6.600,0.000,0.000,1.0
2009-04-08,20:19:00,1.618,0.072,240.420,6.600,0.000,0.000,0.0
2009-04-08,20:20:00,1.622,0.074,240.770,6.600,0.000,0.000,1.0
2009-04-08,20:21:00,1.622,0.076,241.100,6.600,0.000,0.000,1.0
2009-04-08,20:22:00,1.614,0.082,241.630,6.600,0.000,0.000,0.0
2009-04-08,20:23:00,1.678,0.152,241.310,7.000,0.000,0.000,1.0
2009-04-08,20:24:00,1.672,0.180,239.980,7.000,0.000,0.000,1.0
2009-04-08,20:25:00,1.674,0.180,240.150,7.000,0.000,0.000,0.0
2009-04-08,20:26:00,1.674,0.180,240.030,7.000,0.000,0.000,1.0
2009-04-08,20:27:00,1.672,0.178,239.950,7.000,0.000,0.000,1.0
2009-04-08,20:28:00,1.668,0.178,239.710,7.000,0.000,0.000,0.0
2009-04-08,20:29:00,1.988,0.248,238.690,8.800,0.000,0.000,1.0
2009-04-08,20:30:00,1.656,0.174,238.700,7.000,0.000,0.000,0.0
2009-04-08,20:31:00,1.642,0.170,237.540,6.800,0.000,0.000,1.0
2009-04-08,20:32:00,1.734,0.266,237.870,7.400,0.000,0.000,1.0
2009-04-08,20:33:00,1.744,0.298,237.430,7.400,0.000,0.000,0.0
2009-04-08,20:34:00,1.540,0.226,237.110,6.600,0.000,0.000,1.0
2009-04-08,20:35:00,2.226,0.334,236.670,10.000,0.000,0.000,1.0
2009-04-08,20:36:00,1.478,0.210,237.580,6.200,0.000,0.000,0.0
2009-04-08,20:37:00,1.472,0.212,237.920,6.200,0.000,0.000,1.0
2009-04-08,20:38:00,1.466,0.210,237.520,6.200,0.000,0.000,1.0
2009-04-08,20:39:00,1.472,0.212,238.050,6.200,0.000,0.000,0.0
2009-04-08,20:40:00,1.478,0.230,237.940,6.200,0.000,0.000,1.0
2009-04-08,20:41:00,1.492,0.250,238.340,6.200,0.000,0.000,1.0
2009-04-08,20:42:00,1.922,0.258,238.330,8.200,0.000,0.000,0.0
2009-04-08,20:43:00,2.296,0.258,237.950,9.800,0.000,0.000,4.0
2009-04-08,20:44:00,3.122,0.246,236.650,13.200,0.000,0.000,18.0
2009-04-08,20:45:00,3.122,0.250,237.210,13.200,0.000,0.000,19.0
2009-04-08,20:46:00,3.882,0.276,236.150,16.600,0.000,0.000,18.0
2009-04-08,20:47:00,3.416,0.234,236.890,14.600,1.000,0.000,18.0
2009-04-08,20:48:00,3.280,0.236,237.600,13.800,1.000,0.000,18.0
2009-04-08,20:49:00,3.490,0.276,237.750,14.800,2.000,0.000,18.0
2009-04-08,20:50:00,3.130,0.220,238.530,13.200,1.000,0.000,18.0
2009-04-08,20:51:00,2.936,0.052,238.590,12.200,1.000,0.000,18.0
2009-04-08,20:52:00,2.930,0.054,238.470,12.200,1.000,0.000,19.0
2009-04-08,20:53:00,2.940,0.054,238.850,12.200,1.000,0.000,18.0
2009-04-08,20:54:00,3.018,0.054,238.680,12.600,2.000,0.000,18.0
2009-04-08,20:55:00,2.944,0.056,239.220,12.200,1.000,0.000,18.0
2009-04-08,20:56:00,2.950,0.056,239.420,12.200,1.000,0.000,18.0
2009-04-08,20:57:00,2.946,0.054,239.070,12.200,1.000,0.000,18.0
2009-04-08,20:58:00,2.964,0.062,240.090,12.200,1.000,0.000,19.0
2009-04-08,20:59:00,2.960,0.060,240.060,12.200,2.000,0.000,18.0
2009-04-08,21:00:00,2.952,0.058,240.360,12.200,1.000,0.000,18.0
2009-04-08,21:01:00,2.954,0.058,240.350,12.200,1.000,0.000,19.0
2009-04-08,21:02:00,2.976,0.060,241.480,12.200,1.000,0.000,18.0
2009-04-08,21:03:00,2.932,0.068,241.420,12.000,2.000,0.000,19.0
2009-04-08,21:04:00,2.972,0.086,241.630,12.200,1.000,0.000,18.0
2009-04-08,21:05:00,3.012,0.148,241.480,12.400,0.000,0.000,19.0
2009-04-08,21:06:00,3.292,0.540,241.110,13.800,2.000,0.000,18.0
2009-04-08,21:07:00,4.282,0.608,240.100,18.600,14.000,0.000,19.0
2009-04-08,21:08:00,5.318,0.342,239.000,22.200,39.000,0.000,18.0
2009-04-08,21:09:00,5.242,0.288,238.200,22.000,38.000,0.000,18.0
2009-04-08,21:10:00,5.234,0.296,238.480,22.000,37.000,0.000,18.0
2009-04-08,21:11:00,4.720,0.154,239.630,19.800,38.000,0.000,18.0
2009-04-08,21:12:00,4.552,0.116,239.510,19.000,38.000,0.000,18.0
2009-04-08,21:13:00,4.544,0.114,239.260,19.000,38.000,0.000,19.0
2009-04-08,21:14:00,4.552,0.114,239.630,19.000,38.000,0.000,18.0
2009-04-08,21:15:00,4.570,0.116,240.050,19.000,39.000,0.000,18.0
2009-04-08,21:16:00,4.574,0.118,240.360,19.000,38.000,0.000,18.0
2009-04-08,21:17:00,4.626,0.116,240.290,19.200,38.000,0.000,19.0
2009-04-08,21:18:00,4.626,0.114,240.060,19.200,38.000,0.000,18.0
2009-04-08,21:19:00,2.550,0.136,242.510,10.400,2.000,0.000,19.0
2009-04-08,21:20:00,2.460,0.000,242.370,10.000,1.000,0.000,18.0
2009-04-08,21:21:00,2.426,0.000,238.700,10.000,2.000,0.000,18.0
2009-04-08,21:22:00,2.446,0.000,238.490,10.200,1.000,0.000,19.0
2009-04-08,21:23:00,2.162,0.000,239.170,9.000,1.000,0.000,18.0
2009-04-08,21:24:00,1.870,0.000,238.440,7.800,1.000,0.000,18.0
2009-04-08,21:25:00,1.876,0.000,238.690,7.800,1.000,0.000,18.0
2009-04-08,21:26:00,1.870,0.000,238.360,7.800,2.000,0.000,18.0
2009-04-08,21:27:00,1.864,0.000,237.940,7.800,1.000,0.000,18.0
2009-04-08,21:28:00,2.164,0.000,238.090,9.200,1.000,0.000,22.0
2009-04-08,21:29:00,2.444,0.092,238.330,10.200,1.000,0.000,28.0
2009-04-08,21:30:00,2.466,0.094,238.380,10.200,2.000,0.000,28.0
2009-04-08,21:31:00,2.496,0.094,238.700,10.400,1.000,0.000,28.0
2009-04-08,21:32:00,2.512,0.098,239.440,10.400,1.000,0.000,29.0
2009-04-08,21:33:00,2.302,0.058,238.950,9.600,1.000,0.000,26.0
2009-04-08,21:34:00,2.516,0.000,238.260,10.600,1.000,0.000,18.0
2009-04-08,21:35:00,2.320,0.000,238.840,9.600,2.000,0.000,18.0
2009-04-08,21:36:00,2.156,0.000,239.580,9.000,1.000,0.000,18.0
2009-04-08,21:37:00,1.440,0.094,241.410,6.400,1.000,0.000,10.0
2009-04-08,21:38:00,1.040,0.208,241.100,4.400,1.000,0.000,0.0
2009-04-08,21:39:00,1.028,0.220,240.890,4.400,1.000,0.000,1.0
2009-04-08,21:40:00,1.028,0.218,240.720,4.400,2.000,0.000,1.0
2009-04-08,21:41:00,1.026,0.220,241.100,4.400,1.000,0.000,0.0
2009-04-08,21:42:00,1.070,0.244,240.710,4.600,1.000,0.000,1.0
2009-04-08,21:43:00,1.248,0.338,240.460,5.400,1.000,0.000,1.0
2009-04-08,21:44:00,1.514,0.322,240.150,6.400,1.000,0.000,0.0
2009-04-08,21:45:00,1.650,0.318,239.300,7.000,2.000,0.000,1.0
2009-04-08,21:46:00,1.668,0.326,239.410,7.000,1.000,0.000,1.0
2009-04-08,21:47:00,1.606,0.446,239.750,7.000,1.000,0.000,0.0
2009-04-08,21:48:00,1.324,0.456,239.690,5.800,1.000,1.000,1.0
2009-04-08,21:49:00,1.596,0.416,239.960,6.800,2.000,2.000,1.0
2009-04-08,21:50:00,1.314,0.324,240.550,5.600,1.000,1.000,0.0
2009-04-08,21:51:00,1.144,0.278,240.620,4.800,1.000,2.000,1.0
2009-04-08,21:52:00,1.040,0.216,240.640,4.400,1.000,1.000,1.0
2009-04-08,21:53:00,0.976,0.124,240.430,4.000,1.000,1.000,0.0
2009-04-08,21:54:00,0.970,0.112,239.900,4.000,2.000,2.000,1.0
2009-04-08,21:55:00,0.980,0.102,238.720,4.000,1.000,1.000,1.0
2009-04-08,21:56:00,1.068,0.092,239.240,4.400,1.000,2.000,0.0
2009-04-08,21:57:00,1.072,0.092,239.160,4.400,1.000,1.000,1.0
2009-04-08,21:58:00,1.036,0.094,239.190,4.400,2.000,1.000,1.0
2009-04-08,21:59:00,1.036,0.094,239.700,4.400,1.000,2.000,0.0
2009-04-08,22:00:00,1.044,0.098,240.810,4.400,1.000,1.000,1.0
2009-04-08,22:01:00,1.048,0.102,240.680,4.400,1.000,2.000,1.0
2009-04-08,22:02:00,1.040,0.096,240.580,4.400,2.000,1.000,0.0
2009-04-08,22:03:00,1.038,0.096,240.670,4.400,1.000,1.000,1.0
2009-04-08,22:04:00,1.038,0.098,240.790,4.400,1.000,1.000,1.0
2009-04-08,22:05:00,1.036,0.094,240.410,4.400,1.000,2.000,0.0
2009-04-08,22:06:00,1.072,0.128,240.340,4.600,2.000,1.000,1.0
2009-04-08,22:07:00,1.144,0.228,240.740,4.800,1.000,1.000,1.0
2009-04-08,22:08:00,1.138,0.228,240.580,4.800,1.000,2.000,0.0
2009-04-08,22:09:00,1.134,0.228,240.540,4.800,1.000,1.000,1.0
2009-04-08,22:10:00,1.116,0.264,240.320,4.800,1.000,1.000,0.0
2009-04-08,22:11:00,1.098,0.256,240.150,4.600,1.000,1.000,1.0
2009-04-08,22:12:00,1.026,0.178,240.650,4.400,1.000,1.000,1.0
2009-04-08,22:13:00,1.054,0.122,240.460,4.400,1.000,0.000,0.0
2009-04-08,22:14:00,1.048,0.112,239.660,4.400,1.000,0.000,1.0
2009-04-08,22:15:00,1.052,0.108,239.970,4.400,2.000,0.000,1.0
2009-04-08,22:16:00,1.042,0.110,240.900,4.400,1.000,0.000,0.0
2009-04-08,22:17:00,1.058,0.118,242.720,4.400,1.000,0.000,1.0
2009-04-08,22:18:00,1.050,0.114,241.860,4.400,1.000,0.000,1.0
2009-04-08,22:19:00,0.978,0.000,242.290,4.000,2.000,0.000,0.0
2009-04-08,22:20:00,0.930,0.000,242.130,3.800,1.000,0.000,1.0
2009-04-08,22:21:00,0.910,0.000,242.170,3.800,0.000,0.000,1.0
2009-04-08,22:22:00,0.984,0.126,242.040,4.200,1.000,0.000,0.0
2009-04-08,22:23:00,1.002,0.102,242.340,4.200,1.000,0.000,1.0
2009-04-08,22:24:00,2.096,0.084,241.380,9.800,17.000,0.000,1.0
2009-04-08,22:25:00,3.222,0.066,239.980,13.400,38.000,0.000,0.0
2009-04-08,22:26:00,3.228,0.068,240.390,13.400,38.000,0.000,1.0
2009-04-08,22:27:00,3.226,0.068,240.360,13.400,39.000,0.000,1.0
2009-04-08,22:28:00,3.206,0.066,240.170,13.200,38.000,0.000,0.0
2009-04-08,22:29:00,3.162,0.068,240.580,13.000,38.000,0.000,1.0
2009-04-08,22:30:00,3.164,0.068,240.630,13.000,38.000,0.000,1.0
2009-04-08,22:31:00,3.170,0.070,240.810,13.000,38.000,0.000,0.0
2009-04-08,22:32:00,3.134,0.072,241.240,13.000,39.000,0.000,1.0
2009-04-08,22:33:00,3.092,0.070,240.410,12.800,38.000,0.000,1.0
2009-04-08,22:34:00,3.040,0.000,240.660,12.600,38.000,0.000,0.0
2009-04-08,22:35:00,3.030,0.000,240.900,12.600,38.000,0.000,1.0
2009-04-08,22:36:00,3.084,0.000,241.010,12.800,38.000,0.000,1.0
2009-04-08,22:37:00,1.568,0.114,242.900,7.800,14.000,0.000,0.0
2009-04-08,22:38:00,0.942,0.114,243.450,4.000,0.000,0.000,1.0
2009-04-08,22:39:00,0.870,0.120,244.160,3.600,0.000,0.000,1.0
2009-04-08,22:40:00,0.804,0.132,244.010,3.200,0.000,0.000,0.0
2009-04-08,22:41:00,0.818,0.160,244.210,3.400,1.000,0.000,1.0
2009-04-08,22:42:00,0.802,0.128,244.510,3.200,0.000,0.000,1.0
2009-04-08,22:43:00,0.796,0.122,244.830,3.200,0.000,0.000,1.0
2009-04-08,22:44:00,0.796,0.124,245.120,3.200,0.000,0.000,0.0
2009-04-08,22:45:00,0.794,0.122,244.870,3.200,0.000,0.000,1.0
2009-04-08,22:46:00,0.822,0.120,244.640,3.400,0.000,0.000,1.0
2009-04-08,22:47:00,0.938,0.122,244.590,4.000,0.000,0.000,0.0
2009-04-08,22:48:00,0.716,0.122,244.830,3.000,0.000,0.000,1.0
2009-04-08,22:49:00,0.606,0.000,245.180,2.400,0.000,0.000,1.0
2009-04-08,22:50:00,0.612,0.000,245.230,2.400,0.000,0.000,0.0
2009-04-08,22:51:00,0.444,0.000,245.390,1.800,0.000,0.000,1.0
2009-04-08,22:52:00,0.440,0.000,245.560,1.800,0.000,0.000,1.0
2009-04-08,22:53:00,0.436,0.000,244.870,1.800,0.000,0.000,0.0
2009-04-08,22:54:00,0.434,0.000,244.500,1.800,0.000,0.000,1.0
2009-04-08,22:55:00,0.418,0.000,244.090,1.800,0.000,0.000,1.0
2009-04-08,22:56:00,0.402,0.000,244.760,1.600,0.000,0.000,0.0
2009-04-08,22:57:00,0.402,0.000,245.010,1.600,0.000,0.000,1.0
2009-04-08,22:58:00,0.402,0.000,245.130,1.600,0.000,0.000,1.0
2009-04-08,22:59:00,0.402,0.000,245.100,1.600,0.000,0.000,0.0
2009-04-08,23:00:00,0.402,0.000,245.610,1.600,0.000,0.000,1.0
2009-04-08,23:01:00,0.402,0.000,245.240,1.600,0.000,0.000,1.0
2009-04-08,23:02:00,0.402,0.000,245.060,1.600,0.000,0.000,0.0
2009-04-08,23:03:00,0.402,0.000,245.360,1.600,0.000,0.000,1.0
2009-04-08,23:04:00,0.474,0.068,245.980,2.000,0.000,0.000,1.0
2009-04-08,23:05:00,0.480,0.098,246.260,2.000,0.000,0.000,1.0
2009-04-08,23:06:00,0.528,0.146,245.960,2.200,0.000,0.000,0.0
2009-04-08,23:07:00,0.590,0.240,245.890,2.600,0.000,0.000,1.0
2009-04-08,23:08:00,0.582,0.236,245.420,2.600,0.000,0.000,1.0
2009-04-08,23:09:00,0.576,0.232,244.650,2.400,0.000,0.000,0.0
2009-04-08,23:10:00,0.528,0.228,243.770,2.400,0.000,0.000,1.0
2009-04-08,23:11:00,0.474,0.256,243.820,2.200,0.000,0.000,1.0
2009-04-08,23:12:00,0.488,0.264,244.100,2.200,0.000,0.000,0.0
2009-04-08,23:13:00,0.458,0.230,243.810,2.000,0.000,0.000,1.0
2009-04-08,23:14:00,0.470,0.250,244.230,2.200,0.000,0.000,1.0
2009-04-08,23:15:00,0.484,0.234,244.950,2.200,0.000,0.000,0.0
2009-04-08,23:16:00,0.388,0.128,244.670,1.600,0.000,0.000,1.0
2009-04-08,23:17:00,0.380,0.128,244.480,1.600,0.000,0.000,1.0
2009-04-08,23:18:00,0.362,0.102,244.030,1.600,0.000,0.000,0.0
2009-04-08,23:19:00,0.282,0.000,243.600,1.200,0.000,0.000,1.0
2009-04-08,23:20:00,0.284,0.000,244.130,1.200,0.000,0.000,1.0
2009-04-08,23:21:00,0.284,0.000,244.220,1.200,0.000,0.000,0.0
2009-04-08,23:22:00,0.286,0.000,244.730,1.200,0.000,0.000,1.0
2009-04-08,23:23:00,0.286,0.000,244.580,1.200,0.000,0.000,1.0
2009-04-08,23:24:00,0.292,0.000,245.080,1.200,0.000,0.000,0.0
2009-04-08,23:25:00,0.310,0.000,244.110,1.200,0.000,0.000,1.0
2009-04-08,23:26:00,0.296,0.000,244.360,1.200,0.000,0.000,1.0
2009-04-08,23:27:00,0.318,0.000,244.430,1.400,0.000,0.000,1.0
2009-04-08,23:28:00,0.286,0.000,244.500,1.200,0.000,0.000,0.0
2009-04-08,23:29:00,0.286,0.000,243.760,1.200,0.000,0.000,1.0
2009-04-08,23:30:00,0.286,0.000,244.230,1.200,0.000,0.000,1.0
2009-04-08,23:31:00,0.286,0.000,243.990,1.200,0.000,0.000,0.0
2009-04-08,23:32:00,0.736,0.100,243.190,3.200,0.000,0.000,8.0
2009-04-08,23:33:00,0.876,0.126,243.190,3.600,0.000,0.000,10.0
2009-04-08,23:34:00,0.900,0.124,243.060,3.600,0.000,0.000,11.0
2009-04-08,23:35:00,0.922,0.128,243.600,3.800,0.000,0.000,12.0
2009-04-08,23:36:00,0.930,0.138,243.770,3.800,0.000,0.000,11.0
2009-04-08,23:37:00,0.396,0.130,244.520,1.600,0.000,0.000,1.0
2009-04-08,23:38:00,0.390,0.130,244.590,1.600,0.000,0.000,1.0
2009-04-08,23:39:00,0.388,0.132,244.870,1.600,0.000,0.000,0.0
2009-04-08,23:40:00,0.384,0.130,244.730,1.600,0.000,0.000,1.0
2009-04-08,23:41:00,0.382,0.130,244.720,1.600,0.000,0.000,1.0
2009-04-08,23:42:00,0.380,0.130,244.940,1.600,0.000,0.000,0.0
2009-04-08,23:43:00,0.378,0.132,245.180,1.600,0.000,0.000,1.0
2009-04-08,23:44:00,0.372,0.124,243.110,1.600,0.000,0.000,1.0
2009-04-08,23:45:00,0.370,0.122,242.830,1.600,0.000,0.000,0.0
2009-04-08,23:46:00,0.404,0.146,242.600,1.800,0.000,0.000,1.0
2009-04-08,23:47:00,0.448,0.232,243.750,2.000,0.000,0.000,1.0
2009-04-08,23:48:00,0.424,0.200,244.240,1.800,0.000,0.000,0.0
2009-04-08,23:49:00,0.354,0.098,244.750,1.400,0.000,0.000,1.0
2009-04-08,23:50:00,0.352,0.098,244.660,1.400,0.000,0.000,1.0
2009-04-08,23:51:00,0.350,0.100,244.910,1.400,0.000,0.000,0.0
2009-04-08,23:52:00,0.348,0.098,244.490,1.400,0.000,0.000,1.0
2009-04-08,23:53:00,0.346,0.096,243.870,1.400,0.000,0.000,1.0
2009-04-08,23:54:00,0.344,0.098,243.760,1.400,0.000,0.000,0.0
2009-04-08,23:55:00,0.344,0.096,243.490,1.400,0.000,0.000,1.0
2009-04-08,23:56:00,0.342,0.096,243.370,1.400,0.000,0.000,1.0
2009-04-08,23:57:00,0.318,0.062,242.810,1.400,0.000,0.000,0.0
2009-04-08,23:58:00,0.270,0.000,242.590,1.200,0.000,0.000,1.0
2009-04-08,23:59:00,0.352,0.088,242.620,1.600,0.000,0.000,1.0
