Date,Time,Global_active_power,Global_reactive_power,Voltage,Global_intensity,Sub_metering_1,Sub_metering_2,Sub_metering_3
2009-08-26,00:00:00,0.364,0.256,240.910,1.800,0.000,1.000,1.0
2009-08-26,00:01:00,0.364,0.256,241.000,1.800,0.000,1.000,1.0
2009-08-26,00:02:00,0.414,0.308,240.520,2.200,0.000,2.000,0.0
2009-08-26,00:03:00,0.432,0.350,239.450,2.200,0.000,1.000,1.0
2009-08-26,00:04:00,0.440,0.250,239.610,2.000,0.000,1.000,1.0
2009-08-26,00:05:00,0.406,0.218,239.540,1.800,0.000,2.000,0.0
2009-08-26,00:06:00,0.338,0.224,240.770,1.600,0.000,1.000,1.0
2009-08-26,00:07:00,0.334,0.224,240.950,1.600,0.000,1.000,1.0
2009-08-26,00:08:00,0.332,0.224,240.830,1.600,0.000,2.000,0.0
2009-08-26,00:09:00,0.332,0.224,240.950,1.600,0.000,1.000,1.0
2009-08-26,00:10:00,0.330,0.226,241.080,1.600,0.000,1.000,1.0
2009-08-26,00:11:00,0.328,0.224,240.830,1.600,0.000,1.000,0.0
2009-08-26,00:12:00,0.328,0.224,241.210,1.600,0.000,1.000,1.0
2009-08-26,00:13:00,0.326,0.224,240.880,1.600,0.000,2.000,0.0
2009-08-26,00:14:00,0.326,0.224,240.630,1.600,0.000,1.000,1.0
2009-08-26,00:15:00,0.342,0.232,240.680,1.800,0.000,1.000,1.0
2009-08-26,00:16:00,0.434,0.356,240.710,2.200,0.000,1.000,0.0
2009-08-26,00:17:00,0.486,0.326,240.810,2.400,0.000,2.000,1.0
2009-08-26,00:18:00,0.460,0.252,241.040,2.200,0.000,1.000,1.0
2009-08-26,00:19:00,0.460,0.252,240.650,2.200,0.000,1.000,0.0
2009-08-26,00:20:00,0.528,0.256,240.600,2.400,0.000,1.000,1.0
2009-08-26,00:21:00,0.360,0.258,240.510,1.800,0.000,1.000,1.0
2009-08-26,00:22:00,0.320,0.260,240.320,1.600,0.000,2.000,0.0
2009-08-26,00:23:00,0.320,0.260,240.430,1.600,0.000,1.000,1.0
2009-08-26,00:24:00,0.320,0.260,240.640,1.600,0.000,1.000,1.0
2009-08-26,00:25:00,0.594,0.328,240.820,3.200,0.000,1.000,4.0
2009-08-26,00:26:00,0.988,0.414,241.240,4.400,0.000,1.000,12.0
2009-08-26,00:27:00,0.960,0.332,241.440,4.200,0.000,2.000,12.0
2009-08-26,00:28:00,0.946,0.280,241.440,4.000,0.000,1.000,13.0
2009-08-26,00:29:00,0.998,0.274,240.920,4.200,0.000,1.000,13.0
2009-08-26,00:30:00,1.222,0.210,240.710,5.200,0.000,1.000,9.0
2009-08-26,00:31:00,0.410,0.126,241.560,1.800,0.000,1.000,0.0
2009-08-26,00:32:00,0.228,0.130,241.720,1.000,0.000,2.000,1.0
2009-08-26,00:33:00,0.228,0.132,241.810,1.000,0.000,1.000,1.0
2009-08-26,00:34:00,0.228,0.132,241.970,1.000,0.000,1.000,0.0
2009-08-26,00:35:00,0.226,0.130,241.510,1.000,0.000,1.000,1.0
2009-08-26,00:36:00,0.226,0.128,241.210,1.000,0.000,1.000,1.0
2009-08-26,00:37:00,0.226,0.130,241.550,1.000,0.000,1.000,0.0
2009-08-26,00:38:00,0.226,0.130,241.440,1.000,0.000,2.000,1.0
2009-08-26,00:39:00,0.324,0.238,241.160,1.600,0.000,1.000,0.0
2009-08-26,00:40:00,0.330,0.262,241.200,1.600,0.000,1.000,1.0
2009-08-26,00:41:00,0.326,0.262,241.130,1.600,0.000,1.000,1.0
2009-08-26,00:42:00,0.322,0.260,240.830,1.600,0.000,1.000,0.0
2009-08-26,00:43:00,0.322,0.262,241.230,1.600,0.000,2.000,1.0
2009-08-26,00:44:00,0.320,0.264,241.480,1.600,0.000,1.000,1.0
2009-08-26,00:45:00,0.320,0.262,241.320,1.600,0.000,1.000,0.0
2009-08-26,00:46:00,0.320,0.262,241.200,1.600,0.000,1.000,1.0
2009-08-26,00:47:00,0.318,0.264,241.290,1.600,0.000,1.000,1.0
2009-08-26,00:48:00,0.316,0.258,240.120,1.600,0.000,1.000,0.0
2009-08-26,00:49:00,0.270,0.176,239.410,1.400,0.000,1.000,1.0
2009-08-26,00:50:00,0.204,0.080,240.900,1.000,0.000,0.000,1.0
2009-08-26,00:51:00,0.214,0.066,241.320,1.200,0.000,0.000,0.0
2009-08-26,00:52:00,0.232,0.112,241.390,1.000,0.000,0.000,1.0
2009-08-26,00:53:00,0.232,0.112,241.050,1.000,0.000,0.000,1.0
2009-08-26,00:54:00,0.230,0.112,240.900,1.000,0.000,0.000,0.0
2009-08-26,00:55:00,0.230,0.114,241.440,1.000,0.000,0.000,1.0
2009-08-26,00:56:00,0.228,0.114,241.670,1.000,0.000,0.000,1.0
2009-08-26,00:57:00,0.226,0.112,240.860,1.000,0.000,0.000,0.0
2009-08-26,00:58:00,0.226,0.114,241.480,1.000,0.000,0.000,1.0
2009-08-26,00:59:00,0.226,0.114,241.770,1.000,0.000,0.000,1.0
2009-08-26,01:00:00,0.224,0.114,241.480,1.000,0.000,0.000,0.0
2009-08-26,01:01:00,0.224,0.114,241.660,1.000,0.000,0.000,1.0
2009-08-26,01:02:00,0.298,0.192,241.480,1.600,0.000,0.000,0.0
2009-08-26,01:03:00,0.330,0.246,241.440,1.600,0.000,0.000,1.0
2009-08-26,01:04:00,0.324,0.244,241.240,1.600,0.000,0.000,1.0
2009-08-26,01:05:00,0.320,0.242,240.780,1.600,0.000,0.000,0.0
2009-08-26,01:06:00,0.268,0.168,241.070,1.200,0.000,0.000,1.0
2009-08-26,01:07:00,0.250,0.140,241.060,1.200,0.000,0.000,1.0
2009-08-26,01:08:00,0.250,0.142,241.290,1.200,0.000,0.000,0.0
2009-08-26,01:09:00,0.248,0.140,241.280,1.200,0.000,0.000,1.0
2009-08-26,01:10:00,0.248,0.140,241.180,1.200,0.000,0.000,1.0
2009-08-26,01:11:00,0.248,0.142,241.660,1.200,0.000,0.000,0.0
2009-08-26,01:12:00,0.248,0.144,241.980,1.200,0.000,0.000,1.0
2009-08-26,01:13:00,0.228,0.114,242.080,1.000,0.000,0.000,1.0
2009-08-26,01:14:00,0.154,0.000,242.140,0.600,0.000,0.000,0.0
2009-08-26,01:15:00,0.154,0.000,242.140,0.600,0.000,0.000,1.0
2009-08-26,01:16:00,0.154,0.000,241.570,0.600,0.000,0.000,1.0
2009-08-26,01:17:00,0.154,0.000,241.360,0.600,0.000,0.000,0.0
2009-08-26,01:18:00,0.154,0.000,241.250,0.600,0.000,0.000,1.0
2009-08-26,01:19:00,0.154,0.000,241.580,0.600,0.000,0.000,1.0
2009-08-26,01:20:00,0.358,0.054,241.160,2.000,0.000,0.000,3.0
2009-08-26,01:21:00,0.820,0.152,240.590,3.400,0.000,0.000,12.0
2009-08-26,01:22:00,0.846,0.152,240.760,3.600,0.000,0.000,12.0
2009-08-26,01:23:00,0.870,0.152,240.810,3.600,0.000,0.000,13.0
2009-08-26,01:24:00,0.876,0.150,240.740,3.600,0.000,0.000,12.0
2009-08-26,01:25:00,0.656,0.146,240.990,3.000,0.000,0.000,9.0
2009-08-26,01:26:00,0.264,0.144,242.090,1.200,0.000,0.000,1.0
2009-08-26,01:27:00,0.258,0.144,242.070,1.200,0.000,0.000,0.0
2009-08-26,01:28:00,0.254,0.142,241.890,1.200,0.000,0.000,1.0
2009-08-26,01:29:00,0.252,0.142,241.830,1.200,0.000,0.000,1.0
2009-08-26,01:30:00,0.252,0.142,241.860,1.200,0.000,0.000,0.0
2009-08-26,01:31:00,0.250,0.142,241.450,1.200,0.000,0.000,1.0
2009-08-26,01:32:00,0.250,0.140,241.300,1.200,0.000,0.000,0.0
2009-08-26,01:33:00,0.248,0.138,240.830,1.200,0.000,0.000,1.0
2009-08-26,01:34:00,0.248,0.138,240.500,1.200,0.000,0.000,1.0
2009-08-26,01:35:00,0.246,0.138,240.740,1.200,0.000,0.000,0.0
2009-08-26,01:36:00,0.230,0.116,240.950,1.000,0.000,0.000,1.0
2009-08-26,01:37:00,0.154,0.000,241.030,0.600,0.000,0.000,1.0
2009-08-26,01:38:00,0.154,0.000,241.090,0.600,0.000,0.000,0.0
2009-08-26,01:39:00,0.156,0.000,242.210,0.600,0.000,0.000,1.0
2009-08-26,01:40:00,0.230,0.090,242.760,1.200,0.000,0.000,1.0
2009-08-26,01:41:00,0.234,0.116,242.830,1.000,0.000,0.000,0.0
2009-08-26,01:42:00,0.234,0.116,242.690,1.000,0.000,0.000,1.0
2009-08-26,01:43:00,0.232,0.114,241.660,1.000,0.000,0.000,1.0
2009-08-26,01:44:00,0.230,0.114,241.440,1.000,0.000,0.000,0.0
2009-08-26,01:45:00,0.228,0.112,241.430,1.000,0.000,0.000,1.0
2009-08-26,01:46:00,0.226,0.112,241.240,1.000,0.000,0.000,1.0
2009-08-26,01:47:00,0.224,0.112,241.070,1.000,0.000,0.000,0.0
2009-08-26,01:48:00,0.272,0.158,241.070,1.400,0.000,0.000,1.0
2009-08-26,01:49:00,0.330,0.242,240.770,1.600,0.000,0.000,1.0
2009-08-26,01:50:00,0.324,0.244,241.020,1.600,0.000,0.000,0.0
2009-08-26,01:51:00,0.322,0.242,240.700,1.600,0.000,0.000,1.0
2009-08-26,01:52:00,0.318,0.242,240.230,1.600,0.000,0.000,1.0
2009-08-26,01:53:00,0.316,0.240,239.960,1.600,0.000,0.000,0.0
2009-08-26,01:54:00,0.314,0.236,238.910,1.600,0.000,0.000,1.0
2009-08-26,01:55:00,0.266,0.164,238.840,1.200,0.000,0.000,0.0
2009-08-26,01:56:00,0.246,0.132,238.360,1.200,0.000,0.000,1.0
2009-08-26,01:57:00,0.244,0.132,238.330,1.200,0.000,0.000,1.0
2009-08-26,01:58:00,0.246,0.134,238.940,1.200,0.000,0.000,0.0
2009-08-26,01:59:00,0.244,0.132,238.680,1.200,0.000,0.000,1.0
2009-08-26,02:00:00,0.152,0.000,238.630,0.600,0.000,0.000,1.0
2009-08-26,02:01:00,0.152,0.000,239.010,0.600,0.000,0.000,0.0
2009-08-26,02:02:00,0.152,0.000,239.050,0.600,0.000,0.000,1.0
2009-08-26,02:03:00,0.152,0.000,238.870,0.600,0.000,0.000,1.0
2009-08-26,02:04:00,0.152,0.000,239.150,0.600,0.000,0.000,0.0
2009-08-26,02:05:00,0.152,0.000,239.640,0.600,0.000,0.000,1.0
2009-08-26,02:06:00,0.152,0.000,239.570,0.600,0.000,0.000,1.0
2009-08-26,02:07:00,0.152,0.000,239.540,0.600,0.000,0.000,0.0
2009-08-26,02:08:00,0.152,0.000,239.700,0.600,0.000,0.000,1.0
2009-08-26,02:09:00,0.152,0.000,239.570,0.600,0.000,0.000,0.0
2009-08-26,02:10:00,0.152,0.000,239.920,0.600,0.000,0.000,1.0
2009-08-26,02:11:00,0.180,0.000,240.070,1.000,0.000,0.000,1.0
2009-08-26,02:12:00,0.262,0.136,239.930,1.200,0.000,0.000,0.0
2009-08-26,02:13:00,0.258,0.140,240.610,1.200,0.000,0.000,1.0
2009-08-26,02:14:00,0.252,0.140,240.640,1.200,0.000,0.000,1.0
2009-08-26,02:15:00,0.318,0.158,240.450,1.800,0.000,0.000,1.0
2009-08-26,02:16:00,0.908,0.280,239.790,4.000,0.000,0.000,12.0
2009-08-26,02:17:00,0.926,0.276,239.440,4.000,0.000,0.000,12.0
2009-08-26,02:18:00,0.956,0.278,239.670,4.200,0.000,0.000,12.0
2009-08-26,02:19:00,0.964,0.282,240.170,4.200,0.000,0.000,13.0
2009-08-26,02:20:00,0.968,0.284,240.490,4.200,0.000,0.000,12.0
2009-08-26,02:21:00,0.388,0.220,241.010,2.000,0.000,0.000,3.0
2009-08-26,02:22:00,0.336,0.260,240.070,1.800,0.000,1.000,0.0
2009-08-26,02:23:00,0.248,0.138,239.990,1.200,0.000,2.000,1.0
2009-08-26,02:24:00,0.242,0.128,240.180,1.200,0.000,1.000,1.0
2009-08-26,02:25:00,0.242,0.128,240.260,1.200,0.000,2.000,0.0
2009-08-26,02:26:00,0.242,0.126,239.620,1.000,0.000,1.000,1.0
2009-08-26,02:27:00,0.242,0.126,239.670,1.000,0.000,1.000,1.0
2009-08-26,02:28:00,0.250,0.128,239.680,1.200,0.000,2.000,0.0
2009-08-26,02:29:00,0.326,0.230,239.820,1.600,0.000,1.000,1.0
2009-08-26,02:30:00,0.316,0.228,239.910,1.600,0.000,2.000,1.0
2009-08-26,02:31:00,0.316,0.228,239.690,1.600,0.000,1.000,0.0
2009-08-26,02:32:00,0.314,0.228,239.820,1.600,0.000,2.000,1.0
2009-08-26,02:33:00,0.312,0.228,239.840,1.600,0.000,1.000,0.0
2009-08-26,02:34:00,0.308,0.228,240.050,1.600,0.000,1.000,1.0
2009-08-26,02:35:00,0.424,0.362,240.060,2.200,0.000,2.000,1.0
2009-08-26,02:36:00,0.406,0.362,240.090,2.200,0.000,1.000,0.0
2009-08-26,02:37:00,0.400,0.360,239.660,2.200,0.000,1.000,1.0
2009-08-26,02:38:00,0.396,0.356,239.180,2.200,0.000,2.000,1.0
2009-08-26,02:39:00,0.394,0.360,239.720,2.200,0.000,1.000,0.0
2009-08-26,02:40:00,0.392,0.362,240.190,2.200,0.000,1.000,1.0
2009-08-26,02:41:00,0.392,0.362,240.080,2.200,0.000,2.000,1.0
2009-08-26,02:42:00,0.390,0.362,240.220,2.200,0.000,1.000,0.0
2009-08-26,02:43:00,0.384,0.356,240.240,2.200,0.000,1.000,1.0
2009-08-26,02:44:00,0.322,0.260,240.250,1.600,0.000,1.000,1.0
2009-08-26,02:45:00,0.320,0.260,240.440,1.600,0.000,2.000,0.0
2009-08-26,02:46:00,0.260,0.174,240.850,1.200,0.000,1.000,1.0
2009-08-26,02:47:00,0.228,0.128,240.610,1.000,0.000,1.000,0.0
2009-08-26,02:48:00,0.228,0.128,240.630,1.000,0.000,1.000,1.0
2009-08-26,02:49:00,0.228,0.128,240.520,1.000,0.000,1.000,1.0
2009-08-26,02:50:00,0.228,0.126,240.300,1.000,0.000,2.000,0.0
2009-08-26,02:51:00,0.226,0.128,240.540,1.000,0.000,1.000,1.0
2009-08-26,02:52:00,0.228,0.128,241.020,1.000,0.000,1.000,1.0
2009-08-26,02:53:00,0.228,0.128,240.650,1.000,0.000,1.000,0.0
2009-08-26,02:54:00,0.226,0.128,240.770,1.000,0.000,1.000,1.0
2009-08-26,02:55:00,0.228,0.128,240.600,1.000,0.000,2.000,1.0
2009-08-26,02:56:00,0.226,0.128,240.690,1.000,0.000,1.000,0.0
2009-08-26,02:57:00,0.228,0.128,240.910,1.000,0.000,1.000,1.0
2009-08-26,02:58:00,0.326,0.238,240.630,1.600,0.000,1.000,1.0
2009-08-26,02:59:00,0.330,0.258,240.310,1.600,0.000,1.000,0.0
2009-08-26,03:00:00,0.326,0.260,240.700,1.600,0.000,2.000,1.0
2009-08-26,03:01:00,0.324,0.262,240.990,1.600,0.000,1.000,1.0
2009-08-26,03:02:00,0.322,0.260,240.640,1.600,0.000,1.000,0.0
2009-08-26,03:03:00,0.322,0.262,240.960,1.600,0.000,1.000,1.0
2009-08-26,03:04:00,0.322,0.266,241.670,1.600,0.000,1.000,1.0
2009-08-26,03:05:00,0.322,0.266,241.770,1.600,0.000,2.000,0.0
2009-08-26,03:06:00,0.320,0.266,241.800,1.600,0.000,1.000,1.0
2009-08-26,03:07:00,0.320,0.264,241.340,1.600,0.000,1.000,1.0
2009-08-26,03:08:00,0.318,0.262,241.200,1.600,0.000,1.000,0.0
2009-08-26,03:09:00,0.258,0.174,241.320,1.200,0.000,1.000,1.0
2009-08-26,03:10:00,0.226,0.130,241.510,1.000,0.000,1.000,0.0
2009-08-26,03:11:00,0.226,0.130,241.740,1.000,0.000,2.000,1.0
2009-08-26,03:12:00,0.226,0.132,241.850,1.000,0.000,1.000,1.0
2009-08-26,03:13:00,0.298,0.150,242.020,1.600,0.000,1.000,1.0
2009-08-26,03:14:00,0.888,0.278,241.090,3.800,0.000,1.000,12.0
2009-08-26,03:15:00,0.908,0.278,241.020,3.800,0.000,1.000,12.0
2009-08-26,03:16:00,0.936,0.274,240.750,4.000,0.000,2.000,12.0
2009-08-26,03:17:00,0.958,0.260,240.150,4.200,0.000,0.000,13.0
2009-08-26,03:18:00,0.904,0.242,240.240,4.000,0.000,0.000,12.0
2009-08-26,03:19:00,0.230,0.112,241.010,1.000,0.000,0.000,1.0
2009-08-26,03:20:00,0.232,0.112,241.100,1.000,0.000,0.000,1.0
2009-08-26,03:21:00,0.320,0.208,241.190,1.600,0.000,0.000,0.0
2009-08-26,03:22:00,0.334,0.242,240.670,1.600,0.000,0.000,1.0
2009-08-26,03:23:00,0.326,0.244,240.630,1.600,0.000,0.000,1.0
2009-08-26,03:24:00,0.322,0.244,240.730,1.600,0.000,0.000,0.0
2009-08-26,03:25:00,0.320,0.244,240.720,1.600,0.000,0.000,1.0
2009-08-26,03:26:00,0.318,0.244,240.850,1.600,0.000,0.000,1.0
2009-08-26,03:27:00,0.318,0.244,240.930,1.600,0.000,0.000,0.0
2009-08-26,03:28:00,0.316,0.244,240.880,1.600,0.000,0.000,1.0
2009-08-26,03:29:00,0.316,0.244,240.990,1.600,0.000,0.000,0.0
2009-08-26,03:30:00,0.316,0.246,241.080,1.600,0.000,0.000,1.0
2009-08-26,03:31:00,0.314,0.244,240.810,1.600,0.000,0.000,1.0
2009-08-26,03:32:00,0.230,0.118,241.010,1.200,0.000,0.000,0.0
2009-08-26,03:33:00,0.154,0.000,241.220,0.600,0.000,0.000,1.0
2009-08-26,03:34:00,0.154,0.000,241.350,0.600,0.000,0.000,1.0
2009-08-26,03:35:00,0.154,0.000,241.510,0.600,0.000,0.000,0.0
2009-08-26,03:36:00,0.154,0.000,241.450,0.600,0.000,0.000,1.0
2009-08-26,03:37:00,0.154,0.000,241.280,0.600,0.000,0.000,1.0
2009-08-26,03:38:00,0.154,0.000,240.960,0.600,0.000,0.000,0.0
2009-08-26,03:39:00,0.154,0.000,241.160,0.600,0.000,0.000,1.0
2009-08-26,03:40:00,0.154,0.000,241.790,0.600,0.000,0.000,1.0
2009-08-26,03:41:00,0.156,0.000,242.120,0.600,0.000,0.000,0.0
2009-08-26,03:42:00,0.156,0.000,242.710,0.600,0.000,0.000,1.0
2009-08-26,03:43:00,0.156,0.000,242.530,0.600,0.000,0.000,1.0
2009-08-26,03:44:00,0.226,0.084,242.120,1.200,0.000,0.000,0.0
2009-08-26,03:45:00,0.262,0.144,241.950,1.200,0.000,0.000,1.0
2009-08-26,03:46:00,0.258,0.146,242.490,1.200,0.000,0.000,1.0
2009-08-26,03:47:00,0.256,0.148,242.690,1.200,0.000,0.000,0.0
2009-08-26,03:48:00,0.254,0.146,242.510,1.200,0.000,0.000,1.0
2009-08-26,03:49:00,0.252,0.146,242.520,1.200,0.000,0.000,1.0
2009-08-26,03:50:00,0.250,0.144,242.110,1.200,0.000,0.000,0.0
2009-08-26,03:51:00,0.250,0.140,241.110,1.200,0.000,0.000,1.0
2009-08-26,03:52:00,0.248,0.142,241.210,1.200,0.000,0.000,1.0
2009-08-26,03:53:00,0.248,0.140,241.080,1.200,0.000,0.000,0.0
2009-08-26,03:54:00,0.248,0.140,241.160,1.200,0.000,0.000,1.0
2009-08-26,03:55:00,0.210,0.086,240.570,1.000,0.000,0.000,1.0
2009-08-26,03:56:00,0.152,0.000,240.540,0.600,0.000,0.000,0.0
2009-08-26,03:57:00,0.152,0.000,240.580,0.600,0.000,0.000,1.0
2009-08-26,03:58:00,0.154,0.000,240.970,0.600,0.000,0.000,0.0
2009-08-26,03:59:00,0.154,0.000,240.750,0.600,0.000,0.000,1.0
2009-08-26,04:00:00,0.154,0.000,241.030,0.600,0.000,0.000,1.0
2009-08-26,04:01:00,0.154,0.000,241.140,0.600,0.000,0.000,0.0
2009-08-26,04:02:00,0.154,0.000,241.040,0.600,0.000,0.000,1.0
2009-08-26,04:03:00,0.154,0.000,240.800,0.600,0.000,0.000,1.0
2009-08-26,04:04:00,0.154,0.000,241.190,0.600,0.000,0.000,0.0
2009-08-26,04:05:00,0.154,0.000,241.440,0.600,0.000,0.000,1.0
2009-08-26,04:06:00,0.214,0.064,241.410,1.200,0.000,0.000,1.0
2009-08-26,04:07:00,0.288,0.166,241.310,1.400,0.000,0.000,0.0
2009-08-26,04:08:00,0.338,0.244,241.140,1.600,0.000,0.000,1.0
2009-08-26,04:09:00,0.334,0.244,241.260,1.600,0.000,0.000,1.0
2009-08-26,04:10:00,0.328,0.242,240.670,1.600,0.000,0.000,0.0
2009-08-26,04:11:00,0.904,0.370,239.990,4.200,0.000,0.000,10.0
2009-08-26,04:12:00,0.992,0.384,240.190,4.400,0.000,0.000,12.0
2009-08-26,04:13:00,1.024,0.386,240.460,4.400,0.000,0.000,12.0
2009-08-26,04:14:00,1.034,0.388,240.660,4.600,0.000,0.000,13.0
2009-08-26,04:15:00,1.038,0.388,240.780,4.600,0.000,0.000,13.0
2009-08-26,04:16:00,0.370,0.258,241.640,2.000,0.000,0.000,2.0
2009-08-26,04:17:00,0.318,0.250,241.950,1.600,0.000,0.000,0.0
2009-08-26,04:18:00,0.294,0.216,242.070,1.400,0.000,0.000,1.0
2009-08-26,04:19:00,0.226,0.116,242.240,1.000,0.000,0.000,1.0
2009-08-26,04:20:00,0.224,0.114,241.700,1.000,0.000,0.000,0.0
2009-08-26,04:21:00,0.160,0.000,241.330,0.600,0.000,0.000,1.0
2009-08-26,04:22:00,0.154,0.000,241.320,0.600,0.000,0.000,1.0
2009-08-26,04:23:00,0.154,0.000,241.530,0.600,0.000,0.000,0.0
2009-08-26,04:24:00,0.154,0.000,241.330,0.600,0.000,0.000,1.0
2009-08-26,04:25:00,0.154,0.000,241.180,0.600,0.000,0.000,0.0
2009-08-26,04:26:00,0.154,0.000,241.290,0.600,0.000,0.000,1.0
2009-08-26,04:27:00,0.154,0.000,241.510,0.600,0.000,0.000,1.0
2009-08-26,04:28:00,0.154,0.000,241.330,0.600,0.000,0.000,0.0
2009-08-26,04:29:00,0.154,0.000,241.380,0.600,0.000,0.000,1.0
2009-08-26,04:30:00,0.194,0.000,241.490,1.000,0.000,0.000,1.0
2009-08-26,04:31:00,0.264,0.142,241.490,1.200,0.000,0.000,0.0
2009-08-26,04:32:00,0.258,0.142,241.460,1.200,0.000,0.000,1.0
2009-08-26,04:33:00,0.254,0.142,241.650,1.200,0.000,0.000,1.0
2009-08-26,04:34:00,0.252,0.142,241.730,1.200,0.000,0.000,0.0
2009-08-26,04:35:00,0.252,0.144,241.770,1.200,0.000,0.000,1.0
2009-08-26,04:36:00,0.252,0.144,242.090,1.200,0.000,0.000,1.0
2009-08-26,04:37:00,0.250,0.146,242.210,1.200,0.000,0.000,0.0
2009-08-26,04:38:00,0.250,0.146,242.400,1.200,0.000,0.000,1.0
2009-08-26,04:39:00,0.250,0.146,242.410,1.200,0.000,0.000,1.0
2009-08-26,04:40:00,0.250,0.148,242.630,1.200,0.000,0.000,0.0
2009-08-26,04:41:00,0.242,0.138,242.640,1.200,0.000,0.000,1.0
2009-08-26,04:42:00,0.156,0.000,242.710,0.600,0.000,0.000,1.0
2009-08-26,04:43:00,0.156,0.000,242.130,0.600,0.000,0.000,0.0
2009-08-26,04:44:00,0.156,0.000,242.210,0.600,0.000,0.000,1.0
2009-08-26,04:45:00,0.154,0.000,242.200,0.600,0.000,0.000,1.0
2009-08-26,04:46:00,0.154,0.000,241.770,0.600,0.000,0.000,0.0
2009-08-26,04:47:00,0.154,0.000,241.500,0.600,0.000,0.000,1.0
2009-08-26,04:48:00,0.222,0.078,241.370,1.200,0.000,0.000,1.0
2009-08-26,04:49:00,0.246,0.132,241.420,1.200,0.000,2.000,0.0
2009-08-26,04:50:00,0.244,0.132,241.680,1.200,0.000,1.000,1.0
2009-08-26,04:51:00,0.244,0.130,241.250,1.200,0.000,2.000,1.0
2009-08-26,04:52:00,0.244,0.130,241.160,1.200,0.000,1.000,0.0
2009-08-26,04:53:00,0.244,0.130,241.200,1.200,0.000,2.000,1.0
2009-08-26,04:54:00,0.362,0.264,241.110,1.800,0.000,1.000,0.0
2009-08-26,04:55:00,0.382,0.290,240.910,2.000,0.000,1.000,1.0
2009-08-26,04:56:00,0.416,0.364,240.830,2.200,0.000,2.000,1.0
2009-08-26,04:57:00,0.414,0.366,240.890,2.200,0.000,1.000,0.0
2009-08-26,04:58:00,0.414,0.366,240.990,2.200,0.000,2.000,1.0
2009-08-26,04:59:00,0.410,0.366,241.040,2.200,0.000,1.000,1.0
2009-08-26,05:00:00,0.406,0.364,240.530,2.200,0.000,2.000,0.0
2009-08-26,05:01:00,0.402,0.364,240.510,2.200,0.000,1.000,1.0
2009-08-26,05:02:00,0.398,0.360,239.890,2.200,0.000,1.000,1.0
2009-08-26,05:03:00,0.394,0.358,239.310,2.200,0.000,2.000,0.0
2009-08-26,05:04:00,0.392,0.360,239.700,2.200,0.000,1.000,1.0
2009-08-26,05:05:00,0.312,0.246,239.880,1.600,0.000,1.000,1.0
2009-08-26,05:06:00,0.298,0.228,239.990,1.600,0.000,2.000,0.0
2009-08-26,05:07:00,0.298,0.228,239.760,1.600,0.000,1.000,1.0
2009-08-26,05:08:00,0.584,0.290,239.340,3.000,0.000,1.000,5.0
2009-08-26,05:09:00,0.952,0.362,238.820,4.200,0.000,1.000,12.0
2009-08-26,05:10:00,0.916,0.266,238.550,4.000,0.000,2.000,12.0
2009-08-26,05:11:00,0.934,0.256,238.490,4.000,0.000,1.000,12.0
2009-08-26,05:12:00,0.940,0.256,238.490,4.000,0.000,1.000,12.0
2009-08-26,05:13:00,0.776,0.226,238.790,3.600,0.000,1.000,11.0
2009-08-26,05:14:00,0.226,0.126,239.690,1.000,0.000,2.000,0.0
2009-08-26,05:15:00,0.226,0.126,239.690,1.000,0.000,1.000,1.0
2009-08-26,05:16:00,0.226,0.126,239.890,1.000,0.000,1.000,1.0
2009-08-26,05:17:00,0.330,0.238,239.720,1.800,0.000,1.000,0.0
2009-08-26,05:18:00,0.330,0.256,239.830,1.600,0.000,1.000,1.0
2009-08-26,05:19:00,0.324,0.256,239.660,1.600,0.000,2.000,1.0
2009-08-26,05:20:00,0.322,0.256,239.510,1.600,0.000,1.000,0.0
2009-08-26,05:21:00,0.320,0.256,239.630,1.600,0.000,1.000,1.0
2009-08-26,05:22:00,0.320,0.256,239.540,1.600,0.000,1.000,1.0
2009-08-26,05:23:00,0.318,0.256,239.440,1.600,0.000,1.000,0.0
2009-08-26,05:24:00,0.318,0.254,239.250,1.600,0.000,2.000,1.0
2009-08-26,05:25:00,0.318,0.254,239.370,1.600,0.000,1.000,0.0
2009-08-26,05:26:00,0.318,0.254,239.390,1.600,0.000,1.000,1.0
2009-08-26,05:27:00,0.318,0.256,239.820,1.600,0.000,1.000,1.0
2009-08-26,05:28:00,0.252,0.164,239.930,1.200,0.000,1.000,0.0
2009-08-26,05:29:00,0.226,0.126,239.930,1.000,0.000,2.000,1.0
2009-08-26,05:30:00,0.226,0.126,240.080,1.000,0.000,1.000,1.0
2009-08-26,05:31:00,0.226,0.128,240.530,1.000,0.000,1.000,0.0
2009-08-26,05:32:00,0.226,0.128,240.640,1.000,0.000,1.000,1.0
2009-08-26,05:33:00,0.226,0.128,240.530,1.000,0.000,1.000,1.0
2009-08-26,05:34:00,0.224,0.124,239.730,1.000,0.000,1.000,0.0
2009-08-26,05:35:00,0.224,0.124,239.530,1.000,0.000,2.000,1.0
2009-08-26,05:36:00,0.224,0.124,239.780,1.000,0.000,1.000,1.0
2009-08-26,05:37:00,0.226,0.128,240.990,1.000,0.000,1.000,0.0
2009-08-26,05:38:00,0.226,0.130,241.020,1.000,0.000,1.000,1.0
2009-08-26,05:39:00,0.226,0.128,240.680,1.000,0.000,1.000,1.0
2009-08-26,05:40:00,0.310,0.220,240.930,1.600,0.000,2.000,0.0
2009-08-26,05:41:00,0.330,0.260,240.540,1.600,0.000,1.000,1.0
2009-08-26,05:42:00,0.324,0.260,240.530,1.600,0.000,1.000,0.0
2009-08-26,05:43:00,0.322,0.258,240.450,1.600,0.000,1.000,1.0
2009-08-26,05:44:00,0.314,0.216,240.490,1.600,0.000,1.000,1.0
2009-08-26,05:45:00,0.326,0.240,240.170,1.600,0.000,0.000,0.0
2009-08-26,05:46:00,0.324,0.240,240.310,1.600,0.000,0.000,1.0
2009-08-26,05:47:00,0.324,0.240,240.340,1.600,0.000,0.000,1.0
2009-08-26,05:48:00,0.322,0.238,239.850,1.600,0.000,0.000,0.0
2009-08-26,05:49:00,0.320,0.240,240.150,1.600,0.000,0.000,1.0
2009-08-26,05:50:00,0.322,0.248,242.130,1.600,0.000,0.000,1.0
2009-08-26,05:51:00,0.256,0.156,242.870,1.200,0.000,0.000,0.0
2009-08-26,05:52:00,0.228,0.116,243.160,1.000,0.000,0.000,1.0
2009-08-26,05:53:00,0.226,0.116,243.040,1.000,0.000,0.000,1.0
2009-08-26,05:54:00,0.226,0.114,242.760,1.000,0.000,0.000,0.0
2009-08-26,05:55:00,0.226,0.114,242.620,1.000,0.000,0.000,1.0
2009-08-26,05:56:00,0.224,0.114,242.450,1.000,0.000,0.000,1.0
2009-08-26,05:57:00,0.224,0.114,242.530,1.000,0.000,0.000,0.0
2009-08-26,05:58:00,0.204,0.082,242.770,1.000,0.000,0.000,1.0
2009-08-26,05:59:00,0.156,0.000,242.600,0.600,0.000,0.000,1.0
2009-08-26,06:00:00,0.154,0.000,242.340,0.600,0.000,0.000,0.0
2009-08-26,06:01:00,0.156,0.000,242.620,0.600,0.000,0.000,1.0
2009-08-26,06:02:00,0.156,0.000,242.700,0.600,0.000,0.000,1.0
2009-08-26,06:03:00,0.230,0.088,242.100,1.200,0.000,0.000,0.0
2009-08-26,06:04:00,0.262,0.142,242.060,1.200,0.000,0.000,1.0
2009-08-26,06:05:00,0.258,0.144,242.280,1.200,0.000,0.000,1.0
2009-08-26,06:06:00,0.254,0.142,241.740,1.200,0.000,0.000,0.0
2009-08-26,06:07:00,0.252,0.142,241.730,1.200,0.000,0.000,1.0
2009-08-26,06:08:00,0.730,0.256,241.510,3.400,0.000,0.000,8.0
2009-08-26,06:09:00,0.920,0.298,241.880,4.000,0.000,0.000,12.0
2009-08-26,06:10:00,0.952,0.298,241.800,4.000,0.000,0.000,12.0
2009-08-26,06:11:00,0.964,0.294,241.570,4.200,0.000,0.000,13.0
2009-08-26,06:12:00,0.968,0.296,241.820,4.200,0.000,0.000,12.0
2009-08-26,06:13:00,0.424,0.182,242.550,2.200,0.000,0.000,4.0
2009-08-26,06:14:00,0.188,0.058,242.210,0.800,0.000,0.000,1.0
2009-08-26,06:15:00,0.156,0.000,242.380,0.600,0.000,0.000,1.0
2009-08-26,06:16:00,0.156,0.000,242.510,0.600,0.000,0.000,0.0
2009-08-26,06:17:00,0.156,0.000,242.920,0.600,0.000,0.000,1.0
2009-08-26,06:18:00,0.156,0.000,242.880,0.600,0.000,0.000,1.0
2009-08-26,06:19:00,0.156,0.000,242.850,0.600,0.000,0.000,0.0
2009-08-26,06:20:00,0.156,0.000,242.830,0.600,0.000,0.000,1.0
2009-08-26,06:21:00,0.154,0.000,242.070,0.600,0.000,0.000,1.0
2009-08-26,06:22:00,0.154,0.000,241.920,0.600,0.000,0.000,0.0
2009-08-26,06:23:00,0.156,0.000,242.180,0.600,0.000,0.000,1.0
2009-08-26,06:24:00,0.156,0.000,242.470,0.600,0.000,0.000,1.0
2009-08-26,06:25:00,0.156,0.000,242.930,0.600,0.000,0.000,0.0
2009-08-26,06:26:00,0.214,0.070,243.260,1.000,0.000,0.000,1.0
2009-08-26,06:27:00,0.264,0.146,242.850,1.200,0.000,0.000,1.0
2009-08-26,06:28:00,0.260,0.146,242.810,1.200,0.000,0.000,0.0
2009-08-26,06:29:00,0.256,0.146,242.690,1.200,0.000,0.000,1.0
2009-08-26,06:30:00,0.254,0.146,242.660,1.200,0.000,0.000,1.0
2009-08-26,06:31:00,0.252,0.146,242.770,1.200,0.000,0.000,0.0
2009-08-26,06:32:00,0.252,0.148,242.880,1.200,0.000,0.000,1.0
2009-08-26,06:33:00,0.346,0.252,242.820,1.800,0.000,0.000,1.0
2009-08-26,06:34:00,0.328,0.254,243.120,1.600,0.000,0.000,0.0
2009-08-26,06:35:00,0.328,0.254,243.020,1.600,0.000,0.000,1.0
2009-08-26,06:36:00,0.326,0.252,242.680,1.600,0.000,0.000,1.0
2009-08-26,06:37:00,0.282,0.190,242.600,1.400,0.000,0.000,0.0
2009-08-26,06:38:00,0.230,0.116,242.750,1.000,0.000,0.000,1.0
2009-08-26,06:39:00,0.228,0.116,242.890,1.000,0.000,0.000,1.0
2009-08-26,06:40:00,0.226,0.116,242.600,1.000,0.000,0.000,0.0
2009-08-26,06:41:00,0.226,0.116,242.630,1.000,0.000,0.000,1.0
2009-08-26,06:42:00,0.226,0.114,242.310,1.000,0.000,0.000,1.0
2009-08-26,06:43:00,0.224,0.114,241.910,1.000,0.000,0.000,0.0
2009-08-26,06:44:00,0.224,0.112,241.660,1.000,0.000,0.000,1.0
2009-08-26,06:45:00,0.224,0.116,242.450,1.000,0.000,0.000,1.0
2009-08-26,06:46:00,0.190,0.062,242.610,0.800,0.000,0.000,0.0
2009-08-26,06:47:00,0.176,0.000,242.780,0.800,0.000,0.000,1.0
2009-08-26,06:48:00,1.000,0.000,241.840,4.600,0.000,0.000,12.0
2009-08-26,06:49:00,1.426,0.000,241.500,5.800,0.000,0.000,19.0
2009-08-26,06:50:00,1.478,0.128,241.410,6.000,0.000,0.000,19.0
2009-08-26,06:51:00,1.448,0.130,242.030,6.000,0.000,0.000,19.0
2009-08-26,06:52:00,1.348,0.132,242.080,5.600,0.000,0.000,19.0
2009-08-26,06:53:00,2.520,0.130,239.870,10.800,0.000,0.000,18.0
2009-08-26,06:54:00,2.324,0.126,240.030,10.200,0.000,0.000,18.0
2009-08-26,06:55:00,3.240,0.148,238.770,13.800,0.000,0.000,19.0
2009-08-26,06:56:00,3.208,0.142,238.210,13.800,0.000,0.000,18.0
2009-08-26,06:57:00,2.454,0.126,238.930,10.600,0.000,0.000,18.0
2009-08-26,06:58:00,2.372,0.152,239.440,10.200,0.000,0.000,18.0
2009-08-26,06:59:00,2.186,0.150,239.520,9.400,0.000,0.000,18.0
2009-08-26,07:00:00,1.490,0.074,240.260,6.200,0.000,0.000,18.0
2009-08-26,07:01:00,1.364,0.000,240.420,5.600,0.000,0.000,19.0
2009-08-26,07:02:00,1.378,0.000,239.780,5.600,0.000,0.000,18.0
2009-08-26,07:03:00,1.382,0.000,239.980,5.600,0.000,0.000,18.0
2009-08-26,07:04:00,1.976,0.118,239.280,8.200,0.000,0.000,28.0
2009-08-26,07:05:00,2.062,0.130,239.940,8.600,0.000,0.000,29.0
2009-08-26,07:06:00,2.084,0.122,239.000,8.600,0.000,0.000,30.0
2009-08-26,07:07:00,2.078,0.124,239.080,8.600,0.000,0.000,30.0
2009-08-26,07:08:00,2.094,0.122,239.000,8.800,0.000,0.000,30.0
2009-08-26,07:09:00,1.466,0.000,240.560,6.200,0.000,0.000,20.0
2009-08-26,07:10:00,1.384,0.000,239.290,5.800,0.000,0.000,18.0
2009-08-26,07:11:00,1.376,0.000,239.070,5.600,0.000,0.000,18.0
2009-08-26,07:12:00,1.462,0.060,239.280,6.200,0.000,0.000,18.0
2009-08-26,07:13:00,1.562,0.220,239.340,6.600,0.000,0.000,19.0
2009-08-26,07:14:00,1.564,0.222,239.840,6.600,0.000,0.000,18.0
2009-08-26,07:15:00,1.622,0.294,239.430,6.800,0.000,0.000,18.0
2009-08-26,07:16:00,1.632,0.338,238.810,7.000,0.000,1.000,18.0
2009-08-26,07:17:00,1.624,0.340,238.950,6.800,0.000,2.000,18.0
2009-08-26,07:18:00,1.618,0.340,239.040,6.800,0.000,1.000,18.0
2009-08-26,07:19:00,1.618,0.340,239.050,6.800,0.000,1.000,18.0
2009-08-26,07:20:00,1.616,0.338,238.750,6.800,0.000,2.000,19.0
2009-08-26,07:21:00,1.620,0.340,239.290,6.800,0.000,1.000,18.0
2009-08-26,07:22:00,1.618,0.340,239.240,6.800,0.000,2.000,18.0
2009-08-26,07:23:00,1.600,0.316,239.140,6.800,0.000,1.000,18.0
2009-08-26,07:24:00,1.532,0.214,239.900,6.400,0.000,2.000,18.0
2009-08-26,07:25:00,1.522,0.212,239.430,6.400,0.000,1.000,18.0
2009-08-26,07:26:00,1.542,0.216,240.640,6.400,0.000,2.000,19.0
2009-08-26,07:27:00,1.538,0.218,240.820,6.400,0.000,1.000,18.0
2009-08-26,07:28:00,2.736,0.118,240.190,11.400,0.000,1.000,18.0
2009-08-26,07:29:00,1.530,0.112,241.020,6.400,0.000,2.000,19.0
2009-08-26,07:30:00,1.542,0.110,240.340,6.400,0.000,1.000,18.0
2009-08-26,07:31:00,1.552,0.114,241.280,6.400,0.000,1.000,18.0
2009-08-26,07:32:00,1.496,0.112,240.880,6.200,0.000,2.000,19.0
2009-08-26,07:33:00,1.462,0.110,239.960,6.000,0.000,1.000,18.0
2009-08-26,07:34:00,1.518,0.108,240.020,6.200,0.000,1.000,18.0
2009-08-26,07:35:00,1.508,0.110,239.860,6.200,0.000,1.000,19.0
2009-08-26,07:36:00,1.612,0.236,239.360,6.800,0.000,2.000,18.0
2009-08-26,07:37:00,1.666,0.280,239.970,7.000,0.000,1.000,18.0
2009-08-26,07:38:00,1.254,0.274,241.600,5.600,1.000,1.000,12.0
2009-08-26,07:39:00,0.614,0.276,241.980,2.800,2.000,1.000,1.0
2009-08-26,07:40:00,0.606,0.268,241.330,2.600,1.000,2.000,0.0
2009-08-26,07:41:00,0.696,0.298,241.420,3.200,1.000,1.000,1.0
2009-08-26,07:42:00,0.604,0.270,241.530,2.600,1.000,1.000,0.0
2009-08-26,07:43:00,0.614,0.270,240.180,2.800,1.000,1.000,1.0
2009-08-26,07:44:00,0.602,0.266,240.590,2.600,2.000,2.000,1.0
2009-08-26,07:45:00,0.604,0.268,241.180,2.600,1.000,1.000,0.0
2009-08-26,07:46:00,0.800,0.258,241.760,3.800,1.000,1.000,4.0
2009-08-26,07:47:00,1.618,0.124,241.200,6.600,1.000,1.000,19.0
2009-08-26,07:48:00,1.594,0.120,240.450,6.600,1.000,1.000,18.0
2009-08-26,07:49:00,1.592,0.126,240.740,6.600,1.000,2.000,19.0
2009-08-26,07:50:00,1.596,0.128,241.360,6.600,2.000,1.000,18.0
2009-08-26,07:51:00,1.578,0.122,240.440,6.600,1.000,1.000,19.0
2009-08-26,07:52:00,1.582,0.122,240.790,6.600,1.000,1.000,18.0
2009-08-26,07:53:00,1.576,0.122,240.540,6.400,1.000,1.000,19.0
2009-08-26,07:54:00,1.518,0.118,239.660,6.200,1.000,1.000,18.0
2009-08-26,07:55:00,2.178,0.244,239.370,9.400,2.000,2.000,25.0
2009-08-26,07:56:00,2.652,0.370,238.800,11.200,0.000,1.000,29.0
2009-08-26,07:57:00,2.646,0.380,238.560,11.200,1.000,1.000,30.0
2009-08-26,07:58:00,3.608,0.352,236.990,16.000,16.000,1.000,29.0
2009-08-26,07:59:00,4.862,0.434,235.530,20.600,37.000,1.000,30.0
2009-08-26,08:00:00,4.502,0.454,236.530,19.000,38.000,2.000,29.0
2009-08-26,08:01:00,3.816,0.354,237.380,16.200,37.000,1.000,21.0
2009-08-26,08:02:00,3.684,0.332,237.760,15.400,37.000,1.000,18.0
2009-08-26,08:03:00,3.670,0.330,237.560,15.400,38.000,1.000,18.0
2009-08-26,08:04:00,3.652,0.326,236.930,15.400,37.000,1.000,17.0
2009-08-26,08:05:00,3.646,0.326,236.900,15.400,37.000,1.000,18.0
2009-08-26,08:06:00,3.648,0.328,237.080,15.400,37.000,2.000,18.0
2009-08-26,08:07:00,3.640,0.326,236.910,15.400,37.000,1.000,18.0
2009-08-26,08:08:00,1.796,0.354,239.680,8.200,8.000,1.000,18.0
2009-08-26,08:09:00,1.496,0.352,238.730,6.400,1.000,1.000,18.0
2009-08-26,08:10:00,1.412,0.234,238.030,6.000,1.000,1.000,18.0
2009-08-26,08:11:00,1.394,0.214,237.570,5.800,1.000,1.000,18.0
2009-08-26,08:12:00,1.406,0.218,238.630,5.800,1.000,2.000,18.0
2009-08-26,08:13:00,1.376,0.154,240.270,5.600,2.000,1.000,18.0
2009-08-26,08:14:00,1.348,0.112,240.010,5.600,1.000,1.000,18.0
2009-08-26,08:15:00,1.286,0.000,240.370,5.200,1.000,0.000,19.0
2009-08-26,08:16:00,1.292,0.000,240.830,5.200,1.000,0.000,18.0
2009-08-26,08:17:00,1.294,0.000,241.210,5.200,1.000,0.000,19.0
2009-08-26,08:18:00,1.298,0.000,241.640,5.200,1.000,0.000,18.0
2009-08-26,08:19:00,1.298,0.000,241.700,5.200,2.000,0.000,19.0
2009-08-26,08:20:00,1.302,0.000,242.140,5.400,1.000,0.000,18.0
2009-08-26,08:21:00,1.302,0.000,242.080,5.400,1.000,0.000,19.0
2009-08-26,08:22:00,1.396,0.112,242.060,5.800,1.000,0.000,18.0
2009-08-26,08:23:00,1.420,0.148,243.090,5.800,1.000,0.000,19.0
2009-08-26,08:24:00,1.404,0.144,242.210,5.800,1.000,0.000,19.0
2009-08-26,08:25:00,1.406,0.144,242.540,5.800,2.000,0.000,18.0
2009-08-26,08:26:00,1.400,0.144,242.370,5.800,1.000,0.000,19.0
2009-08-26,08:27:00,1.398,0.144,242.110,5.800,1.000,0.000,18.0
2009-08-26,08:28:00,1.380,0.138,240.670,5.600,1.000,0.000,19.0
2009-08-26,08:29:00,1.386,0.138,240.910,5.600,1.000,0.000,18.0
2009-08-26,08:30:00,1.376,0.136,240.340,5.600,1.000,0.000,18.0
2009-08-26,08:31:00,1.380,0.136,240.420,5.600,1.000,0.000,19.0
2009-08-26,08:32:00,1.372,0.134,240.070,5.600,2.000,0.000,18.0
2009-08-26,08:33:00,1.298,0.000,239.260,5.400,1.000,0.000,18.0
2009-08-26,08:34:00,1.268,0.000,238.700,5.200,1.000,0.000,18.0
2009-08-26,08:35:00,1.270,0.000,238.740,5.200,1.000,0.000,18.0
2009-08-26,08:36:00,1.266,0.000,238.590,5.200,1.000,0.000,18.0
2009-08-26,08:37:00,1.284,0.000,240.020,5.200,1.000,0.000,19.0
2009-08-26,08:38:00,1.270,0.000,239.060,5.200,1.000,0.000,18.0
2009-08-26,08:39:00,1.274,0.000,239.130,5.200,2.000,0.000,18.0
2009-08-26,08:40:00,1.302,0.000,242.030,5.200,1.000,0.000,18.0
2009-08-26,08:41:00,1.308,0.000,242.480,5.400,1.000,0.000,19.0
2009-08-26,08:42:00,1.310,0.000,242.750,5.400,1.000,0.000,19.0
2009-08-26,08:43:00,1.308,0.000,242.530,5.400,1.000,0.000,18.0
2009-08-26,08:44:00,1.310,0.000,242.860,5.400,1.000,0.000,19.0
2009-08-26,08:45:00,1.390,0.088,243.170,5.600,2.000,0.000,19.0
2009-08-26,08:46:00,1.956,0.276,242.300,8.200,1.000,0.000,27.0
2009-08-26,08:47:00,2.152,0.378,241.330,9.000,1.000,0.000,30.0
2009-08-26,08:48:00,2.170,0.392,241.000,9.000,1.000,0.000,30.0
2009-08-26,08:49:00,2.180,0.392,241.110,9.200,1.000,0.000,30.0
2009-08-26,08:50:00,2.190,0.398,241.160,9.200,2.000,0.000,30.0
2009-08-26,08:51:00,1.674,0.286,241.320,7.000,1.000,0.000,23.0
2009-08-26,08:52:00,1.458,0.240,240.880,6.000,1.000,0.000,18.0
2009-08-26,08:53:00,1.464,0.244,241.740,6.000,1.000,0.000,19.0
2009-08-26,08:54:00,1.462,0.244,241.720,6.000,1.000,0.000,18.0
2009-08-26,08:55:00,1.458,0.242,241.500,6.000,1.000,0.000,19.0
2009-08-26,08:56:00,1.408,0.168,241.650,5.800,2.000,0.000,18.0
2009-08-26,08:57:00,1.358,0.106,240.990,5.600,1.000,0.000,19.0
2009-08-26,08:58:00,1.364,0.108,241.380,5.600,1.000,0.000,18.0
2009-08-26,08:59:00,1.358,0.140,241.260,5.600,1.000,0.000,18.0
2009-08-26,09:00:00,1.340,0.140,241.510,5.400,1.000,0.000,19.0
2009-08-26,09:01:00,1.322,0.142,241.550,5.400,0.000,0.000,18.0
2009-08-26,09:02:00,1.348,0.096,241.350,5.600,1.000,0.000,19.0
2009-08-26,09:03:00,1.318,0.000,242.860,5.400,2.000,0.000,19.0
2009-08-26,09:04:00,1.316,0.000,242.490,5.400,1.000,0.000,18.0
2009-08-26,09:05:00,1.296,0.000,241.660,5.200,1.000,0.000,19.0
2009-08-26,09:06:00,1.302,0.000,241.600,5.400,1.000,0.000,18.0
2009-08-26,09:07:00,1.298,0.000,241.750,5.200,2.000,0.000,19.0
2009-08-26,09:08:00,1.362,0.070,241.610,5.600,1.000,0.000,18.0
2009-08-26,09:09:00,1.398,0.152,241.970,5.800,1.000,0.000,19.0
2009-08-26,09:10:00,1.374,0.178,241.920,5.600,0.000,0.000,18.0
2009-08-26,09:11:00,1.350,0.170,240.760,5.600,1.000,0.000,19.0
2009-08-26,09:12:00,1.372,0.152,241.120,5.600,1.000,0.000,18.0
2009-08-26,09:13:00,2.224,0.134,240.220,10.200,14.000,0.000,18.0
2009-08-26,09:14:00,3.616,0.118,239.400,15.000,37.000,0.000,19.0
2009-08-26,09:15:00,3.642,0.114,238.800,15.200,38.000,0.000,18.0
2009-08-26,09:16:00,3.606,0.100,239.080,15.000,38.000,0.000,18.0
2009-08-26,09:17:00,3.616,0.102,239.710,15.000,38.000,0.000,18.0
2009-08-26,09:18:00,3.612,0.104,239.570,15.000,38.000,0.000,18.0
2009-08-26,09:19:00,3.604,0.052,240.330,15.000,38.000,0.000,18.0
2009-08-26,09:20:00,3.074,0.000,241.230,12.800,38.000,0.000,11.0
2009-08-26,09:21:00,2.512,0.000,242.440,10.200,39.000,0.000,1.0
2009-08-26,09:22:00,2.494,0.000,241.820,10.200,38.000,0.000,1.0
2009-08-26,09:23:00,2.484,0.000,241.410,10.200,39.000,0.000,0.0
2009-08-26,09:24:00,2.356,0.000,241.470,9.800,37.000,0.000,1.0
2009-08-26,09:25:00,0.202,0.000,244.090,0.800,1.000,0.000,1.0
2009-08-26,09:26:00,0.194,0.000,244.440,0.800,0.000,0.000,0.0
2009-08-26,09:27:00,0.194,0.000,244.490,0.800,0.000,0.000,1.0
2009-08-26,09:28:00,0.206,0.000,243.900,0.800,0.000,0.000,1.0
2009-08-26,09:29:00,0.210,0.000,244.220,0.800,0.000,0.000,0.0
2009-08-26,09:30:00,0.206,0.000,244.410,0.800,0.000,0.000,1.0
2009-08-26,09:31:00,0.246,0.054,244.130,1.200,0.000,0.000,1.0
2009-08-26,09:32:00,0.300,0.134,243.800,1.400,0.000,0.000,0.0
2009-08-26,09:33:00,0.292,0.136,243.620,1.200,0.000,0.000,1.0
2009-08-26,09:34:00,0.292,0.140,244.020,1.200,0.000,0.000,1.0
2009-08-26,09:35:00,0.344,0.190,243.510,1.600,0.000,0.000,0.0
2009-08-26,09:36:00,0.362,0.238,243.070,1.800,0.000,0.000,1.0
2009-08-26,09:37:00,0.360,0.232,241.910,1.800,0.000,0.000,1.0
2009-08-26,09:38:00,0.362,0.234,242.210,1.800,0.000,0.000,0.0
2009-08-26,09:39:00,0.362,0.244,242.620,1.800,0.000,0.000,1.0
2009-08-26,09:40:00,0.392,0.254,242.750,2.000,0.000,0.000,1.0
2009-08-26,09:41:00,1.016,0.400,242.180,4.400,0.000,0.000,11.0
2009-08-26,09:42:00,0.990,0.342,242.090,4.200,0.000,0.000,12.0
2009-08-26,09:43:00,0.966,0.260,241.850,4.000,0.000,0.000,13.0
2009-08-26,09:44:00,0.984,0.258,241.760,4.200,0.000,0.000,12.0
2009-08-26,09:45:00,0.992,0.258,241.720,4.200,0.000,0.000,13.0
2009-08-26,09:46:00,0.432,0.144,242.270,2.200,0.000,0.000,4.0
2009-08-26,09:47:00,0.330,0.178,241.730,1.600,0.000,0.000,1.0
2009-08-26,09:48:00,0.348,0.232,242.290,1.600,0.000,1.000,0.0
2009-08-26,09:49:00,0.346,0.230,241.970,1.600,0.000,2.000,1.0
2009-08-26,09:50:00,0.346,0.232,242.780,1.600,0.000,1.000,0.0
2009-08-26,09:51:00,0.344,0.232,242.510,1.600,0.000,2.000,1.0
2009-08-26,09:52:00,0.346,0.234,243.000,1.600,0.000,1.000,1.0
2009-08-26,09:53:00,0.306,0.172,243.380,1.400,0.000,2.000,0.0
2009-08-26,09:54:00,0.332,0.180,244.230,1.600,0.000,1.000,1.0
2009-08-26,09:55:00,0.416,0.272,244.440,2.000,0.000,2.000,1.0
2009-08-26,09:56:00,0.406,0.274,244.620,2.000,0.000,1.000,0.0
2009-08-26,09:57:00,0.420,0.278,245.720,2.000,0.000,1.000,1.0
2009-08-26,09:58:00,0.488,0.276,245.400,2.200,0.000,2.000,1.0
2009-08-26,09:59:00,0.524,0.322,244.990,2.400,0.000,1.000,1.0
2009-08-26,10:00:00,0.770,0.270,244.710,3.800,0.000,2.000,4.0
2009-08-26,10:01:00,1.620,0.254,243.590,6.600,0.000,1.000,20.0
2009-08-26,10:02:00,1.600,0.254,243.480,6.600,0.000,1.000,19.0
2009-08-26,10:03:00,1.578,0.250,242.860,6.400,0.000,2.000,19.0
2009-08-26,10:04:00,1.566,0.248,242.750,6.400,0.000,1.000,19.0
2009-08-26,10:05:00,1.474,0.204,241.540,6.000,0.000,1.000,19.0
2009-08-26,10:06:00,1.352,0.112,242.600,5.600,0.000,2.000,18.0
2009-08-26,10:07:00,1.342,0.110,241.820,5.400,0.000,1.000,19.0
2009-08-26,10:08:00,1.350,0.114,242.350,5.600,0.000,1.000,19.0
2009-08-26,10:09:00,1.356,0.116,243.250,5.600,0.000,1.000,18.0
2009-08-26,10:10:00,1.348,0.114,242.630,5.400,0.000,2.000,19.0
2009-08-26,10:11:00,1.344,0.114,242.200,5.400,0.000,1.000,19.0
2009-08-26,10:12:00,1.488,0.112,241.700,6.200,0.000,1.000,18.0
2009-08-26,10:13:00,1.330,0.110,241.250,5.400,0.000,1.000,19.0
2009-08-26,10:14:00,1.326,0.106,240.800,5.400,0.000,2.000,18.0
2009-08-26,10:15:00,1.332,0.100,241.160,5.400,0.000,1.000,18.0
2009-08-26,10:16:00,1.326,0.108,240.820,5.400,0.000,1.000,19.0
2009-08-26,10:17:00,1.366,0.136,240.740,5.600,0.000,1.000,18.0
2009-08-26,10:18:00,1.432,0.234,240.490,6.000,0.000,1.000,19.0
2009-08-26,10:19:00,1.426,0.240,240.550,6.000,0.000,2.000,18.0
2009-08-26,10:20:00,1.418,0.238,240.310,5.800,0.000,1.000,18.0
2009-08-26,10:21:00,1.414,0.238,240.280,5.800,0.000,1.000,18.0
2009-08-26,10:22:00,1.406,0.234,239.630,5.800,0.000,1.000,19.0
2009-08-26,10:23:00,1.416,0.240,240.440,5.800,0.000,1.000,18.0
2009-08-26,10:24:00,1.414,0.234,240.230,5.800,0.000,2.000,18.0
2009-08-26,10:25:00,1.420,0.238,240.240,6.000,0.000,1.000,19.0
2009-08-26,10:26:00,1.424,0.238,240.160,6.000,0.000,1.000,18.0
2009-08-26,10:27:00,1.446,0.236,239.820,6.000,0.000,1.000,18.0
2009-08-26,10:28:00,1.492,0.306,240.380,6.200,0.000,1.000,18.0
2009-08-26,10:29:00,1.408,0.212,241.070,5.800,0.000,1.000,19.0
2009-08-26,10:30:00,1.490,0.238,240.610,6.200,0.000,2.000,19.0
2009-08-26,10:31:00,2.024,0.360,239.520,8.600,0.000,1.000,30.0
2009-08-26,10:32:00,2.054,0.372,240.680,8.600,0.000,1.000,29.0
2009-08-26,10:33:00,2.078,0.370,240.640,8.600,0.000,1.000,30.0
2009-08-26,10:34:00,2.094,0.380,241.750,8.800,0.000,1.000,31.0
2009-08-26,10:35:00,2.026,0.360,241.010,8.600,0.000,2.000,30.0
2009-08-26,10:36:00,1.374,0.230,242.130,5.600,0.000,1.000,18.0
2009-08-26,10:37:00,1.366,0.228,241.480,5.600,0.000,1.000,19.0
2009-08-26,10:38:00,1.366,0.226,241.510,5.600,0.000,1.000,18.0
2009-08-26,10:39:00,1.360,0.224,241.090,5.600,0.000,1.000,19.0
2009-08-26,10:40:00,1.384,0.244,240.920,5.800,0.000,1.000,18.0
2009-08-26,10:41:00,1.470,0.360,241.280,6.200,0.000,2.000,18.0
2009-08-26,10:42:00,1.466,0.362,241.470,6.200,0.000,1.000,19.0
2009-08-26,10:43:00,1.430,0.318,240.900,6.000,0.000,1.000,18.0
2009-08-26,10:44:00,1.390,0.256,241.000,5.800,0.000,1.000,19.0
2009-08-26,10:45:00,1.388,0.256,241.070,5.800,0.000,1.000,18.0
2009-08-26,10:46:00,1.328,0.152,241.100,5.400,0.000,0.000,18.0
2009-08-26,10:47:00,1.314,0.134,240.780,5.400,0.000,0.000,19.0
2009-08-26,10:48:00,1.316,0.134,240.890,5.400,0.000,0.000,18.0
2009-08-26,10:49:00,1.314,0.132,240.800,5.400,0.000,0.000,19.0
2009-08-26,10:50:00,1.312,0.132,240.760,5.400,0.000,0.000,18.0
2009-08-26,10:51:00,1.314,0.134,240.940,5.400,0.000,0.000,18.0
2009-08-26,10:52:00,1.216,0.000,239.380,5.000,0.000,0.000,19.0
2009-08-26,10:53:00,1.242,0.000,242.950,5.000,0.000,0.000,18.0
2009-08-26,10:54:00,1.240,0.000,242.720,5.000,0.000,0.000,19.0
2009-08-26,10:55:00,1.236,0.000,242.350,5.000,0.000,0.000,18.0
2009-08-26,10:56:00,1.242,0.000,242.920,5.000,0.000,0.000,19.0
2009-08-26,10:57:00,1.238,0.000,242.550,5.000,0.000,0.000,19.0
2009-08-26,10:58:00,1.232,0.000,241.980,5.000,0.000,0.000,18.0
2009-08-26,10:59:00,1.238,0.000,242.620,5.000,0.000,0.000,19.0
2009-08-26,11:00:00,1.238,0.000,242.580,5.000,0.000,0.000,19.0
2009-08-26,11:01:00,1.238,0.000,242.550,5.000,0.000,0.000,18.0
2009-08-26,11:02:00,1.232,0.000,242.060,5.000,0.000,0.000,19.0
2009-08-26,11:03:00,1.228,0.000,241.590,5.000,0.000,0.000,18.0
2009-08-26,11:04:00,1.346,0.128,242.120,5.600,0.000,0.000,19.0
2009-08-26,11:05:00,1.328,0.132,241.190,5.400,0.000,0.000,18.0
2009-08-26,11:06:00,1.334,0.138,242.280,5.400,0.000,0.000,19.0
2009-08-26,11:07:00,1.324,0.134,241.450,5.400,0.000,0.000,18.0
2009-08-26,11:08:00,1.332,0.138,242.330,5.400,0.000,0.000,19.0
2009-08-26,11:09:00,0.764,0.150,243.340,3.800,0.000,0.000,10.0
2009-08-26,11:10:00,0.252,0.156,243.900,1.200,0.000,0.000,0.0
2009-08-26,11:11:00,0.250,0.154,243.290,1.200,0.000,0.000,1.0
2009-08-26,11:12:00,0.250,0.154,243.250,1.200,0.000,0.000,1.0
2009-08-26,11:13:00,0.250,0.154,243.450,1.200,0.000,0.000,0.0
2009-08-26,11:14:00,0.248,0.154,243.170,1.200,0.000,0.000,1.0
2009-08-26,11:15:00,0.176,0.000,241.710,0.800,0.000,0.000,1.0
2009-08-26,11:16:00,0.156,0.000,243.360,0.600,0.000,0.000,0.0
2009-08-26,11:17:00,0.180,0.000,243.530,1.000,0.000,0.000,1.0
2009-08-26,11:18:00,0.234,0.122,243.230,1.000,0.000,0.000,1.0
2009-08-26,11:19:00,0.232,0.120,242.520,1.000,0.000,0.000,0.0
2009-08-26,11:20:00,0.234,0.120,242.690,1.000,0.000,0.000,1.0
2009-08-26,11:21:00,0.234,0.126,244.230,1.000,0.000,0.000,1.0
2009-08-26,11:22:00,0.288,0.142,244.200,1.600,0.000,0.000,1.0
2009-08-26,11:23:00,0.896,0.290,243.440,3.800,0.000,0.000,12.0
2009-08-26,11:24:00,0.912,0.286,243.150,3.800,0.000,0.000,12.0
2009-08-26,11:25:00,0.944,0.292,243.870,4.000,0.000,0.000,12.0
2009-08-26,11:26:00,0.950,0.292,243.960,4.000,0.000,0.000,13.0
2009-08-26,11:27:00,0.794,0.342,244.420,3.800,0.000,0.000,9.0
2009-08-26,11:28:00,0.334,0.268,244.540,1.600,0.000,0.000,1.0
2009-08-26,11:29:00,0.328,0.270,245.130,1.600,0.000,0.000,0.0
2009-08-26,11:30:00,0.326,0.270,244.890,1.600,0.000,0.000,1.0
2009-08-26,11:31:00,0.324,0.270,245.180,1.600,0.000,0.000,1.0
2009-08-26,11:32:00,0.324,0.270,244.990,1.600,0.000,0.000,1.0
2009-08-26,11:33:00,0.308,0.246,244.720,1.600,0.000,0.000,0.0
2009-08-26,11:34:00,0.252,0.158,243.910,1.200,0.000,0.000,1.0
2009-08-26,11:35:00,0.250,0.152,242.570,1.200,0.000,0.000,1.0
2009-08-26,11:36:00,0.248,0.148,241.560,1.200,0.000,0.000,0.0
2009-08-26,11:37:00,0.248,0.148,241.680,1.200,0.000,0.000,1.0
2009-08-26,11:38:00,0.208,0.094,241.690,1.000,0.000,0.000,0.0
2009-08-26,11:39:00,0.154,0.000,242.020,0.600,0.000,0.000,1.0
2009-08-26,11:40:00,0.154,0.000,242.230,0.600,0.000,0.000,1.0
2009-08-26,11:41:00,0.154,0.000,242.420,0.600,0.000,0.000,0.0
2009-08-26,11:42:00,0.154,0.000,242.190,0.600,0.000,0.000,1.0
2009-08-26,11:43:00,0.154,0.000,241.610,0.600,0.000,0.000,1.0
2009-08-26,11:44:00,0.154,0.000,241.670,0.600,0.000,0.000,0.0
2009-08-26,11:45:00,0.154,0.000,241.710,0.600,0.000,0.000,1.0
2009-08-26,11:46:00,0.154,0.000,241.840,0.600,0.000,0.000,1.0
2009-08-26,11:47:00,0.154,0.000,242.640,0.600,0.000,0.000,0.0
2009-08-26,11:48:00,0.156,0.000,243.330,0.600,0.000,0.000,1.0
2009-08-26,11:49:00,0.154,0.000,242.850,0.600,0.000,0.000,1.0
2009-08-26,11:50:00,0.218,0.082,243.010,1.000,0.000,0.000,0.0
2009-08-26,11:51:00,0.262,0.150,242.690,1.200,0.000,0.000,1.0
2009-08-26,11:52:00,0.258,0.154,243.470,1.200,0.000,0.000,1.0
2009-08-26,11:53:00,0.254,0.154,243.280,1.200,0.000,0.000,0.0
2009-08-26,11:54:00,0.252,0.150,242.260,1.200,0.000,0.000,1.0
2009-08-26,11:55:00,0.250,0.148,242.030,1.200,0.000,0.000,1.0
2009-08-26,11:56:00,0.252,0.152,243.030,1.200,0.000,0.000,0.0
2009-08-26,11:57:00,0.252,0.156,243.900,1.200,0.000,0.000,1.0
2009-08-26,11:58:00,0.250,0.152,242.760,1.200,0.000,0.000,1.0
2009-08-26,11:59:00,0.250,0.154,243.260,1.200,0.000,0.000,0.0
2009-08-26,12:00:00,0.250,0.152,242.820,1.200,0.000,0.000,1.0
2009-08-26,12:01:00,0.228,0.122,242.350,1.000,0.000,0.000,1.0
2009-08-26,12:02:00,0.152,0.000,241.540,0.600,0.000,0.000,0.0
2009-08-26,12:03:00,0.154,0.000,242.560,0.600,0.000,0.000,1.0
2009-08-26,12:04:00,0.154,0.000,242.360,0.600,0.000,0.000,1.0
2009-08-26,12:05:00,0.154,0.000,242.500,0.600,0.000,0.000,0.0
2009-08-26,12:06:00,0.154,0.000,242.950,0.600,0.000,0.000,1.0
2009-08-26,12:07:00,0.184,0.000,242.770,1.000,0.000,0.000,1.0
2009-08-26,12:08:00,0.232,0.120,242.770,1.000,0.000,0.000,0.0
2009-08-26,12:09:00,0.232,0.120,242.560,1.000,0.000,0.000,1.0
2009-08-26,12:10:00,0.232,0.120,242.550,1.000,0.000,0.000,1.0
2009-08-26,12:11:00,0.232,0.120,242.400,1.000,0.000,0.000,0.0
2009-08-26,12:12:00,0.230,0.122,243.150,1.000,0.000,0.000,1.0
2009-08-26,12:13:00,0.268,0.156,242.850,1.400,0.000,0.000,1.0
2009-08-26,12:14:00,0.336,0.256,242.680,1.600,0.000,0.000,0.0
2009-08-26,12:15:00,0.330,0.258,243.290,1.600,0.000,0.000,1.0
2009-08-26,12:16:00,0.326,0.262,243.720,1.600,0.000,0.000,1.0
2009-08-26,12:17:00,0.346,0.270,243.590,2.000,0.000,0.000,0.0
2009-08-26,12:18:00,1.036,0.470,242.790,4.600,0.000,0.000,12.0
2009-08-26,12:19:00,1.086,0.530,241.730,5.000,0.000,2.000,12.0
2009-08-26,12:20:00,1.114,0.526,241.550,5.000,0.000,1.000,12.0
2009-08-26,12:21:00,1.118,0.522,241.260,5.000,0.000,2.000,13.0
2009-08-26,12:22:00,1.124,0.526,241.580,5.000,0.000,1.000,13.0
2009-08-26,12:23:00,0.438,0.384,241.770,2.400,0.000,2.000,1.0
2009-08-26,12:24:00,0.344,0.284,242.000,1.800,0.000,1.000,1.0
2009-08-26,12:25:00,0.252,0.152,242.210,1.200,0.000,1.000,1.0
2009-08-26,12:26:00,0.242,0.138,242.450,1.200,0.000,2.000,0.0
2009-08-26,12:27:00,0.242,0.140,242.620,1.200,0.000,1.000,1.0
2009-08-26,12:28:00,0.242,0.138,242.640,1.200,0.000,2.000,1.0
2009-08-26,12:29:00,0.242,0.140,242.720,1.200,0.000,1.000,0.0
2009-08-26,12:30:00,0.242,0.142,243.520,1.200,0.000,2.000,1.0
2009-08-26,12:31:00,0.240,0.142,243.310,1.200,0.000,1.000,1.0
2009-08-26,12:32:00,0.238,0.140,243.110,1.000,0.000,1.000,0.0
2009-08-26,12:33:00,0.238,0.140,243.010,1.000,0.000,2.000,1.0
2009-08-26,12:34:00,0.236,0.140,243.020,1.000,0.000,1.000,1.0
2009-08-26,12:35:00,0.236,0.140,243.130,1.000,0.000,1.000,0.0
2009-08-26,12:36:00,0.258,0.156,243.160,1.200,0.000,2.000,1.0
2009-08-26,12:37:00,0.342,0.276,242.920,1.800,0.000,1.000,1.0
2009-08-26,12:38:00,0.336,0.276,242.990,1.800,0.000,1.000,0.0
2009-08-26,12:39:00,0.332,0.274,242.710,1.800,0.000,2.000,1.0
2009-08-26,12:40:00,0.328,0.274,242.440,1.600,0.000,1.000,1.0
2009-08-26,12:41:00,0.326,0.274,242.640,1.600,0.000,1.000,0.0
2009-08-26,12:42:00,0.326,0.276,243.100,1.600,0.000,1.000,1.0
2009-08-26,12:43:00,0.326,0.276,243.170,1.600,0.000,2.000,1.0
2009-08-26,12:44:00,0.326,0.280,243.670,1.600,0.000,1.000,0.0
2009-08-26,12:45:00,0.326,0.282,244.270,1.800,0.000,1.000,1.0
2009-08-26,12:46:00,0.326,0.284,244.580,1.800,0.000,1.000,1.0
2009-08-26,12:47:00,0.324,0.280,244.050,1.600,0.000,1.000,0.0
2009-08-26,12:48:00,0.250,0.170,244.110,1.200,0.000,2.000,1.0
2009-08-26,12:49:00,0.230,0.142,243.870,1.000,0.000,1.000,1.0
2009-08-26,12:50:00,0.230,0.140,243.710,1.000,0.000,1.000,0.0
2009-08-26,12:51:00,0.228,0.138,243.110,1.000,0.000,1.000,1.0
2009-08-26,12:52:00,0.228,0.140,243.190,1.000,0.000,2.000,1.0
2009-08-26,12:53:00,0.228,0.140,243.050,1.000,0.000,1.000,0.0
2009-08-26,12:54:00,0.230,0.142,243.450,1.000,0.000,1.000,1.0
2009-08-26,12:55:00,0.228,0.142,243.430,1.000,0.000,1.000,1.0
2009-08-26,12:56:00,0.228,0.142,243.620,1.000,0.000,1.000,0.0
2009-08-26,12:57:00,0.228,0.140,243.050,1.000,0.000,2.000,1.0
2009-08-26,12:58:00,0.292,0.204,242.530,1.600,0.000,1.000,1.0
2009-08-26,12:59:00,0.304,0.244,242.730,1.600,0.000,1.000,0.0
2009-08-26,13:00:00,0.410,0.362,242.850,2.200,0.000,1.000,1.0
2009-08-26,13:01:00,0.408,0.378,242.480,2.200,0.000,1.000,1.0
2009-08-26,13:02:00,0.400,0.376,242.050,2.200,0.000,2.000,0.0
2009-08-26,13:03:00,0.398,0.378,242.550,2.200,0.000,1.000,1.0
2009-08-26,13:04:00,0.394,0.380,242.800,2.200,0.000,1.000,1.0
2009-08-26,13:05:00,0.394,0.382,243.090,2.200,0.000,1.000,0.0
2009-08-26,13:06:00,0.392,0.384,243.250,2.200,0.000,1.000,1.0
2009-08-26,13:07:00,0.392,0.384,243.170,2.200,0.000,1.000,1.0
2009-08-26,13:08:00,0.390,0.384,243.290,2.200,0.000,2.000,0.0
2009-08-26,13:09:00,0.390,0.384,243.350,2.200,0.000,1.000,1.0
2009-08-26,13:10:00,0.388,0.382,243.150,2.200,0.000,1.000,0.0
2009-08-26,13:11:00,0.342,0.316,243.550,1.800,0.000,1.000,1.0
2009-08-26,13:12:00,0.294,0.246,243.290,1.600,0.000,1.000,1.0
2009-08-26,13:13:00,0.294,0.246,243.370,1.600,0.000,2.000,0.0
2009-08-26,13:14:00,0.282,0.226,243.540,1.400,0.000,1.000,1.0
2009-08-26,13:15:00,0.228,0.140,243.240,1.000,0.000,1.000,1.0
2009-08-26,13:16:00,0.228,0.142,243.500,1.000,0.000,1.000,0.0
2009-08-26,13:17:00,0.286,0.068,244.050,1.600,0.000,0.000,3.0
2009-08-26,13:18:00,0.822,0.178,243.130,3.400,0.000,0.000,11.0
2009-08-26,13:19:00,0.846,0.182,243.690,3.400,0.000,0.000,13.0
2009-08-26,13:20:00,0.872,0.178,243.220,3.600,0.000,0.000,12.0
2009-08-26,13:21:00,0.878,0.172,242.760,3.600,0.000,0.000,13.0
2009-08-26,13:22:00,0.528,0.096,242.910,2.600,0.000,0.000,7.0
2009-08-26,13:23:00,0.236,0.102,242.840,1.200,0.000,0.000,1.0
2009-08-26,13:24:00,0.262,0.150,242.590,1.200,0.000,0.000,1.0
2009-08-26,13:25:00,0.256,0.152,242.620,1.200,0.000,0.000,0.0
2009-08-26,13:26:00,0.252,0.150,242.100,1.200,0.000,0.000,1.0
2009-08-26,13:27:00,0.250,0.148,241.730,1.200,0.000,0.000,1.0
2009-08-26,13:28:00,0.250,0.148,241.730,1.200,0.000,0.000,0.0
2009-08-26,13:29:00,0.250,0.148,241.780,1.200,0.000,0.000,1.0
2009-08-26,13:30:00,0.248,0.146,241.520,1.200,0.000,0.000,0.0
2009-08-26,13:31:00,0.248,0.146,241.520,1.200,0.000,0.000,1.0
2009-08-26,13:32:00,0.248,0.148,241.680,1.200,0.000,0.000,1.0
2009-08-26,13:33:00,0.248,0.148,241.910,1.200,0.000,0.000,0.0
2009-08-26,13:34:00,0.228,0.120,241.800,1.000,0.000,0.000,1.0
2009-08-26,13:35:00,0.154,0.000,241.920,0.600,0.000,0.000,1.0
2009-08-26,13:36:00,0.154,0.000,242.050,0.600,0.000,0.000,0.0
2009-08-26,13:37:00,0.154,0.000,242.220,0.600,0.000,0.000,1.0
2009-08-26,13:38:00,0.154,0.000,241.950,0.600,0.000,0.000,1.0
2009-08-26,13:39:00,0.154,0.000,242.880,0.600,0.000,0.000,0.0
2009-08-26,13:40:00,0.154,0.000,242.350,0.600,0.000,0.000,1.0
2009-08-26,13:41:00,0.154,0.000,242.160,0.600,0.000,0.000,1.0
2009-08-26,13:42:00,0.154,0.000,241.980,0.600,0.000,0.000,0.0
2009-08-26,13:43:00,0.154,0.000,242.380,0.600,0.000,0.000,1.0
2009-08-26,13:44:00,0.154,0.000,242.070,0.600,0.000,0.000,1.0
2009-08-26,13:45:00,0.152,0.000,241.490,0.600,0.000,0.000,0.0
2009-08-26,13:46:00,0.198,0.054,241.280,1.000,0.000,0.000,1.0
2009-08-26,13:47:00,0.260,0.144,241.380,1.200,0.000,0.000,1.0
2009-08-26,13:48:00,0.256,0.142,241.020,1.200,0.000,0.000,0.0
2009-08-26,13:49:00,0.336,0.236,241.760,1.800,0.000,0.000,1.0
2009-08-26,13:50:00,0.328,0.250,241.620,1.600,0.000,0.000,1.0
2009-08-26,13:51:00,0.326,0.250,241.560,1.600,0.000,0.000,0.0
2009-08-26,13:52:00,0.324,0.248,240.860,1.600,0.000,0.000,1.0
2009-08-26,13:53:00,0.322,0.246,240.670,1.600,0.000,0.000,1.0
2009-08-26,13:54:00,0.318,0.242,239.570,1.600,0.000,0.000,0.0
2009-08-26,13:55:00,0.316,0.242,239.520,1.600,0.000,0.000,1.0
2009-08-26,13:56:00,0.316,0.244,240.090,1.600,0.000,0.000,0.0
2009-08-26,13:57:00,0.314,0.244,240.080,1.600,0.000,0.000,1.0
2009-08-26,13:58:00,0.226,0.120,240.520,1.000,0.000,0.000,1.0
2009-08-26,13:59:00,0.222,0.112,240.100,1.000,0.000,0.000,0.0
2009-08-26,14:00:00,0.222,0.114,240.640,1.000,0.000,0.000,1.0
2009-08-26,14:01:00,0.220,0.112,240.060,1.000,0.000,0.000,1.0
2009-08-26,14:02:00,0.222,0.114,240.850,1.000,0.000,0.000,0.0
2009-08-26,14:03:00,0.220,0.114,240.560,1.000,0.000,0.000,1.0
2009-08-26,14:04:00,0.220,0.114,240.510,1.000,0.000,0.000,1.0
2009-08-26,14:05:00,0.186,0.060,240.790,0.800,0.000,0.000,0.0
2009-08-26,14:06:00,0.152,0.000,240.730,0.600,0.000,0.000,1.0
2009-08-26,14:07:00,0.150,0.000,239.360,0.600,0.000,0.000,1.0
2009-08-26,14:08:00,0.152,0.000,240.020,0.600,0.000,0.000,0.0
2009-08-26,14:09:00,0.178,0.000,240.910,0.800,0.000,0.000,1.0
2009-08-26,14:10:00,0.262,0.144,241.550,1.200,0.000,0.000,1.0
2009-08-26,14:11:00,0.258,0.146,242.040,1.200,0.000,0.000,0.0
2009-08-26,14:12:00,0.254,0.146,242.130,1.200,0.000,0.000,1.0
2009-08-26,14:13:00,0.252,0.148,242.370,1.200,0.000,0.000,1.0
2009-08-26,14:14:00,0.250,0.146,242.030,1.200,0.000,0.000,0.0
2009-08-26,14:15:00,0.410,0.186,241.880,2.200,0.000,0.000,3.0
2009-08-26,14:16:00,0.912,0.298,241.460,4.000,0.000,0.000,12.0
2009-08-26,14:17:00,0.932,0.290,240.920,4.000,0.000,0.000,12.0
2009-08-26,14:18:00,0.960,0.294,241.180,4.200,0.000,0.000,12.0
2009-08-26,14:19:00,0.968,0.302,242.290,4.200,0.000,0.000,13.0
2009-08-26,14:20:00,0.672,0.234,241.580,3.200,0.000,0.000,8.0
2009-08-26,14:21:00,0.200,0.080,242.900,1.000,0.000,0.000,1.0
2009-08-26,14:22:00,0.156,0.000,244.130,0.600,0.000,0.000,1.0
2009-08-26,14:23:00,0.156,0.000,243.360,0.600,0.000,0.000,0.0
2009-08-26,14:24:00,0.156,0.000,243.170,0.600,0.000,0.000,1.0
2009-08-26,14:25:00,0.154,0.000,242.810,0.600,0.000,0.000,1.0
2009-08-26,14:26:00,0.154,0.000,242.480,0.600,0.000,0.000,0.0
2009-08-26,14:27:00,0.154,0.000,241.670,0.600,0.000,0.000,1.0
2009-08-26,14:28:00,0.154,0.000,242.920,0.600,0.000,0.000,1.0
2009-08-26,14:29:00,0.154,0.000,243.110,0.600,0.000,0.000,0.0
2009-08-26,14:30:00,0.154,0.000,242.870,0.600,0.000,0.000,1.0
2009-08-26,14:31:00,0.154,0.000,243.070,0.600,0.000,0.000,0.0
2009-08-26,14:32:00,0.154,0.000,243.210,0.600,0.000,0.000,1.0
2009-08-26,14:33:00,0.246,0.116,243.740,1.200,0.000,0.000,1.0
2009-08-26,14:34:00,0.262,0.152,243.550,1.200,0.000,0.000,0.0
2009-08-26,14:35:00,0.258,0.154,243.560,1.200,0.000,0.000,1.0
2009-08-26,14:36:00,0.256,0.158,244.500,1.200,0.000,0.000,1.0
2009-08-26,14:37:00,0.254,0.158,244.420,1.200,0.000,0.000,0.0
2009-08-26,14:38:00,0.254,0.158,244.730,1.200,0.000,0.000,1.0
2009-08-26,14:39:00,0.306,0.208,244.310,1.600,0.000,0.000,1.0
2009-08-26,14:40:00,0.330,0.262,244.040,1.600,0.000,0.000,1.0
2009-08-26,14:41:00,0.330,0.262,244.330,1.600,0.000,0.000,0.0
2009-08-26,14:42:00,0.328,0.260,243.750,1.600,0.000,0.000,1.0
2009-08-26,14:43:00,0.326,0.256,243.110,1.600,0.000,0.000,1.0
2009-08-26,14:44:00,0.306,0.232,243.310,1.600,0.000,0.000,0.0
2009-08-26,14:45:00,0.230,0.124,243.900,1.000,0.000,0.000,1.0
2009-08-26,14:46:00,0.228,0.122,243.310,1.000,0.000,0.000,1.0
2009-08-26,14:47:00,0.226,0.122,243.790,1.000,0.000,0.000,0.0
2009-08-26,14:48:00,0.228,0.124,244.210,1.000,0.000,0.000,1.0
2009-08-26,14:49:00,0.324,0.238,244.200,1.800,0.000,1.000,1.0
2009-08-26,14:50:00,0.316,0.250,244.080,1.600,0.000,1.000,0.0
2009-08-26,14:51:00,0.314,0.252,244.460,1.600,0.000,2.000,1.0
2009-08-26,14:52:00,0.314,0.252,244.440,1.600,0.000,1.000,1.0
2009-08-26,14:53:00,0.314,0.254,244.780,1.600,0.000,2.000,0.0
2009-08-26,14:54:00,0.316,0.256,245.410,1.600,0.000,1.000,1.0
2009-08-26,14:55:00,0.308,0.244,245.690,1.600,0.000,2.000,1.0
2009-08-26,14:56:00,0.302,0.204,244.900,1.600,0.000,1.000,0.0
2009-08-26,14:57:00,0.354,0.286,244.860,1.800,0.000,2.000,1.0
2009-08-26,14:58:00,0.346,0.278,243.430,1.800,0.000,1.000,1.0
2009-08-26,14:59:00,0.344,0.284,244.420,1.800,0.000,1.000,0.0
2009-08-26,15:00:00,0.340,0.280,243.960,1.800,0.000,2.000,1.0
2009-08-26,15:01:00,0.336,0.278,243.590,1.800,0.000,1.000,1.0
2009-08-26,15:02:00,0.336,0.282,244.280,1.800,0.000,2.000,0.0
2009-08-26,15:03:00,0.334,0.282,244.090,1.800,0.000,1.000,1.0
2009-08-26,15:04:00,0.334,0.286,245.080,1.800,0.000,1.000,1.0
2009-08-26,15:05:00,0.334,0.290,245.870,1.800,0.000,2.000,0.0
2009-08-26,15:06:00,0.332,0.294,246.320,1.800,0.000,1.000,1.0
2009-08-26,15:07:00,0.332,0.292,245.920,1.800,0.000,1.000,1.0
2009-08-26,15:08:00,0.254,0.176,246.000,1.200,0.000,2.000,0.0
2009-08-26,15:09:00,0.236,0.150,245.970,1.000,0.000,1.000,1.0
2009-08-26,15:10:00,0.236,0.152,246.420,1.000,0.000,1.000,1.0
2009-08-26,15:11:00,0.236,0.152,246.790,1.000,0.000,1.000,0.0
2009-08-26,15:12:00,0.234,0.144,244.430,1.000,0.000,2.000,1.0
2009-08-26,15:13:00,0.232,0.144,244.160,1.000,0.000,1.000,1.0
2009-08-26,15:14:00,0.482,0.206,243.510,2.600,0.000,1.000,4.0
2009-08-26,15:15:00,0.898,0.302,243.230,3.800,0.000,1.000,12.0
2009-08-26,15:16:00,0.920,0.290,242.150,4.000,0.000,2.000,12.0
2009-08-26,15:17:00,0.946,0.294,242.550,4.000,0.000,1.000,13.0
2009-08-26,15:18:00,0.950,0.290,242.220,4.000,0.000,1.000,12.0
2009-08-26,15:19:00,0.644,0.226,242.700,3.200,0.000,1.000,8.0
2009-08-26,15:20:00,0.344,0.276,243.120,1.800,0.000,1.000,1.0
2009-08-26,15:21:00,0.332,0.272,242.610,1.800,0.000,2.000,1.0
2009-08-26,15:22:00,0.328,0.274,242.860,1.600,0.000,1.000,0.0
2009-08-26,15:23:00,0.326,0.274,242.780,1.600,0.000,1.000,1.0
2009-08-26,15:24:00,0.324,0.276,243.270,1.600,0.000,1.000,1.0
2009-08-26,15:25:00,0.324,0.276,243.030,1.600,0.000,2.000,0.0
2009-08-26,15:26:00,0.322,0.274,242.760,1.600,0.000,1.000,1.0
2009-08-26,15:27:00,0.322,0.276,243.080,1.600,0.000,1.000,1.0
2009-08-26,15:28:00,0.322,0.274,242.940,1.600,0.000,1.000,0.0
2009-08-26,15:29:00,0.320,0.272,242.480,1.600,0.000,1.000,1.0
2009-08-26,15:30:00,0.410,0.370,241.860,2.200,0.000,2.000,1.0
2009-08-26,15:31:00,0.356,0.318,242.620,2.000,0.000,1.000,0.0
2009-08-26,15:32:00,0.306,0.244,243.030,1.600,0.000,1.000,1.0
2009-08-26,15:33:00,0.306,0.248,243.600,1.600,0.000,1.000,1.0
2009-08-26,15:34:00,0.302,0.244,242.780,1.600,0.000,1.000,0.0
2009-08-26,15:35:00,0.300,0.244,242.920,1.600,0.000,1.000,1.0
2009-08-26,15:36:00,0.298,0.246,243.270,1.600,0.000,2.000,1.0
2009-08-26,15:37:00,0.300,0.252,244.400,1.600,0.000,1.000,0.0
2009-08-26,15:38:00,0.298,0.252,244.400,1.600,0.000,1.000,1.0
2009-08-26,15:39:00,0.298,0.250,243.940,1.600,0.000,1.000,1.0
2009-08-26,15:40:00,0.298,0.248,243.970,1.600,0.000,1.000,0.0
2009-08-26,15:41:00,0.296,0.246,243.710,1.600,0.000,2.000,1.0
2009-08-26,15:42:00,0.294,0.244,243.200,1.600,0.000,1.000,1.0
2009-08-26,15:43:00,0.382,0.338,242.420,2.200,0.000,1.000,0.0
2009-08-26,15:44:00,0.398,0.374,242.170,2.200,0.000,1.000,1.0
2009-08-26,15:45:00,0.394,0.378,242.850,2.200,0.000,1.000,1.0
2009-08-26,15:46:00,0.374,0.352,242.570,2.000,0.000,2.000,0.0
2009-08-26,15:47:00,0.322,0.274,242.580,1.600,0.000,1.000,1.0
2009-08-26,15:48:00,0.322,0.274,242.760,1.600,0.000,1.000,0.0
2009-08-26,15:49:00,0.320,0.274,242.610,1.600,0.000,1.000,1.0
2009-08-26,15:50:00,0.274,0.192,241.550,1.400,0.000,1.000,1.0
2009-08-26,15:51:00,0.248,0.148,242.030,1.200,0.000,0.000,0.0
2009-08-26,15:52:00,0.248,0.148,242.210,1.200,0.000,0.000,1.0
2009-08-26,15:53:00,0.248,0.148,242.130,1.200,0.000,0.000,1.0
2009-08-26,15:54:00,0.240,0.136,242.340,1.200,0.000,0.000,0.0
2009-08-26,15:55:00,0.154,0.000,242.940,0.600,0.000,0.000,1.0
2009-08-26,15:56:00,0.154,0.000,242.630,0.600,0.000,0.000,1.0
2009-08-26,15:57:00,0.154,0.000,242.290,0.600,0.000,0.000,0.0
2009-08-26,15:58:00,0.154,0.000,241.770,0.600,0.000,0.000,1.0
2009-08-26,15:59:00,0.152,0.000,241.280,0.600,0.000,0.000,1.0
2009-08-26,16:00:00,0.154,0.000,241.950,0.600,0.000,0.000,0.0
2009-08-26,16:01:00,0.152,0.000,241.450,0.600,0.000,0.000,1.0
2009-08-26,16:02:00,0.154,0.000,241.450,0.600,0.000,0.000,1.0
2009-08-26,16:03:00,0.152,0.000,241.480,0.600,0.000,0.000,0.0
2009-08-26,16:04:00,0.152,0.000,241.480,0.600,0.000,0.000,1.0
2009-08-26,16:05:00,0.152,0.000,241.100,0.600,0.000,0.000,1.0
2009-08-26,16:06:00,0.210,0.068,241.410,1.000,0.000,0.000,0.0
2009-08-26,16:07:00,0.262,0.146,241.780,1.200,0.000,0.000,1.0
2009-08-26,16:08:00,0.254,0.146,241.510,1.200,0.000,0.000,1.0
2009-08-26,16:09:00,0.252,0.146,241.850,1.200,0.000,0.000,0.0
2009-08-26,16:10:00,0.250,0.146,241.500,1.200,0.000,0.000,1.0
2009-08-26,16:11:00,0.250,0.146,241.440,1.200,0.000,0.000,1.0
2009-08-26,16:12:00,0.250,0.148,242.240,1.200,0.000,0.000,0.0
2009-08-26,16:13:00,0.250,0.150,242.640,1.200,0.000,0.000,1.0
2009-08-26,16:14:00,0.546,0.220,242.090,2.800,0.000,0.000,5.0
2009-08-26,16:15:00,0.910,0.296,241.270,4.000,0.000,0.000,12.0
2009-08-26,16:16:00,0.938,0.294,241.070,4.000,0.000,0.000,12.0
2009-08-26,16:17:00,0.960,0.290,240.830,4.200,0.000,0.000,12.0
2009-08-26,16:18:00,0.900,0.196,241.120,3.800,0.000,0.000,13.0
2009-08-26,16:19:00,0.436,0.072,242.110,2.400,0.000,0.000,6.0
2009-08-26,16:20:00,0.210,0.068,242.360,1.000,0.000,0.000,1.0
2009-08-26,16:21:00,0.232,0.120,242.550,1.000,0.000,0.000,0.0
2009-08-26,16:22:00,0.234,0.120,242.860,1.000,0.000,0.000,1.0
2009-08-26,16:23:00,0.232,0.120,242.390,1.000,0.000,0.000,1.0
2009-08-26,16:24:00,0.228,0.114,240.860,1.000,0.000,0.000,0.0
2009-08-26,16:25:00,0.226,0.112,240.460,1.000,0.000,0.000,1.0
2009-08-26,16:26:00,0.226,0.114,241.020,1.000,0.000,0.000,1.0
2009-08-26,16:27:00,0.226,0.116,241.700,1.000,0.000,0.000,0.0
2009-08-26,16:28:00,0.226,0.118,242.370,1.000,0.000,0.000,1.0
2009-08-26,16:29:00,0.224,0.118,242.200,1.000,0.000,0.000,1.0
2009-08-26,16:30:00,0.342,0.248,241.700,1.800,0.000,0.000,0.0
2009-08-26,16:31:00,0.326,0.250,241.690,1.600,0.000,0.000,1.0
2009-08-26,16:32:00,0.322,0.250,241.690,1.600,0.000,0.000,0.0
2009-08-26,16:33:00,0.318,0.248,241.440,1.600,0.000,0.000,1.0
2009-08-26,16:34:00,0.318,0.252,242.070,1.600,0.000,0.000,1.0
2009-08-26,16:35:00,0.318,0.252,242.310,1.600,0.000,0.000,0.0
2009-08-26,16:36:00,0.318,0.254,242.230,1.600,0.000,0.000,1.0
2009-08-26,16:37:00,0.318,0.256,242.820,1.600,0.000,0.000,1.0
2009-08-26,16:38:00,0.294,0.220,242.880,1.400,0.000,0.000,0.0
2009-08-26,16:39:00,0.248,0.150,242.570,1.200,0.000,0.000,1.0
2009-08-26,16:40:00,0.248,0.150,242.420,1.200,0.000,0.000,1.0
2009-08-26,16:41:00,0.230,0.124,242.680,1.000,0.000,0.000,0.0
2009-08-26,16:42:00,0.156,0.000,243.440,0.600,0.000,0.000,1.0
2009-08-26,16:43:00,0.154,0.000,242.930,0.600,0.000,0.000,1.0
2009-08-26,16:44:00,0.154,0.000,243.110,0.600,0.000,0.000,0.0
2009-08-26,16:45:00,0.154,0.000,242.900,0.600,0.000,0.000,1.0
2009-08-26,16:46:00,0.154,0.000,243.130,0.600,0.000,0.000,1.0
2009-08-26,16:47:00,0.156,0.000,243.410,0.600,0.000,0.000,0.0
2009-08-26,16:48:00,0.156,0.000,244.230,0.600,0.000,0.000,1.0
2009-08-26,16:49:00,0.156,0.000,243.900,0.600,0.000,0.000,1.0
2009-08-26,16:50:00,0.156,0.000,243.710,0.600,0.000,0.000,0.0
2009-08-26,16:51:00,0.156,0.000,243.810,0.600,0.000,0.000,1.0
2009-08-26,16:52:00,0.156,0.000,243.710,0.600,0.000,0.000,1.0
2009-08-26,16:53:00,0.234,0.102,243.280,1.200,0.000,0.000,0.0
2009-08-26,16:54:00,0.262,0.152,243.300,1.200,0.000,0.000,1.0
2009-08-26,16:55:00,0.258,0.154,243.860,1.200,0.000,0.000,1.0
2009-08-26,16:56:00,0.254,0.152,243.380,1.200,0.000,0.000,0.0
2009-08-26,16:57:00,0.252,0.152,242.930,1.200,0.000,0.000,1.0
2009-08-26,16:58:00,0.250,0.150,242.770,1.200,0.000,0.000,1.0
2009-08-26,16:59:00,0.252,0.154,243.420,1.200,0.000,0.000,0.0
2009-08-26,17:00:00,0.250,0.152,242.930,1.200,0.000,0.000,1.0
2009-08-26,17:01:00,0.250,0.150,242.930,1.200,0.000,0.000,1.0
2009-08-26,17:02:00,0.250,0.154,243.800,1.200,0.000,0.000,0.0
2009-08-26,17:03:00,0.248,0.148,242.030,1.200,0.000,0.000,1.0
2009-08-26,17:04:00,0.248,0.152,242.830,1.200,0.000,0.000,1.0
2009-08-26,17:05:00,0.176,0.048,243.330,0.800,0.000,0.000,0.0
2009-08-26,17:06:00,0.154,0.000,243.220,0.600,0.000,0.000,1.0
2009-08-26,17:07:00,0.156,0.000,243.580,0.600,0.000,0.000,1.0
2009-08-26,17:08:00,0.156,0.000,243.560,0.600,0.000,0.000,0.0
2009-08-26,17:09:00,0.154,0.000,242.930,0.600,0.000,0.000,1.0
2009-08-26,17:10:00,0.154,0.000,243.490,0.600,0.000,0.000,1.0
2009-08-26,17:11:00,0.156,0.000,243.580,0.600,0.000,0.000,0.0
2009-08-26,17:12:00,0.208,0.066,243.420,1.000,0.000,0.000,1.0
2009-08-26,17:13:00,0.648,0.224,242.890,3.200,0.000,0.000,7.0
2009-08-26,17:14:00,0.906,0.286,243.140,3.800,0.000,0.000,12.0
2009-08-26,17:15:00,0.936,0.282,243.010,4.000,0.000,0.000,12.0
2009-08-26,17:16:00,0.970,0.288,242.340,4.200,0.000,0.000,13.0
2009-08-26,17:17:00,1.062,0.416,242.860,4.600,0.000,0.000,13.0
2009-08-26,17:18:00,0.518,0.300,243.350,2.800,0.000,0.000,4.0
2009-08-26,17:19:00,0.326,0.256,242.970,1.600,0.000,0.000,1.0
2009-08-26,17:20:00,0.324,0.258,243.230,1.600,0.000,0.000,0.0
2009-08-26,17:21:00,0.322,0.262,243.810,1.600,0.000,0.000,1.0
2009-08-26,17:22:00,0.354,0.284,243.280,2.000,0.000,0.000,1.0
2009-08-26,17:23:00,0.410,0.382,243.020,2.200,0.000,0.000,0.0
2009-08-26,17:24:00,0.408,0.384,243.110,2.200,0.000,2.000,1.0
2009-08-26,17:25:00,0.408,0.386,243.440,2.200,0.000,1.000,1.0
2009-08-26,17:26:00,0.408,0.388,243.860,2.200,0.000,2.000,0.0
2009-08-26,17:27:00,0.406,0.386,243.550,2.200,0.000,1.000,1.0
2009-08-26,17:28:00,0.404,0.382,242.990,2.200,0.000,2.000,1.0
2009-08-26,17:29:00,0.312,0.248,243.750,1.600,0.000,1.000,0.0
2009-08-26,17:30:00,0.310,0.246,243.360,1.600,0.000,2.000,1.0
2009-08-26,17:31:00,0.310,0.248,243.810,1.600,0.000,1.000,1.0
2009-08-26,17:32:00,0.252,0.156,244.200,1.200,0.000,2.000,0.0
2009-08-26,17:33:00,0.242,0.140,243.400,1.200,0.000,1.000,1.0
2009-08-26,17:34:00,0.242,0.140,242.940,1.000,0.000,1.000,1.0
2009-08-26,17:35:00,0.242,0.142,243.970,1.200,0.000,2.000,0.0
2009-08-26,17:36:00,0.238,0.140,243.410,1.000,0.000,1.000,1.0
2009-08-26,17:37:00,0.238,0.142,243.820,1.000,0.000,2.000,1.0
2009-08-26,17:38:00,0.236,0.140,243.290,1.000,0.000,1.000,0.0
2009-08-26,17:39:00,0.234,0.138,243.010,1.000,0.000,1.000,1.0
2009-08-26,17:40:00,0.300,0.210,243.310,1.600,0.000,2.000,1.0
2009-08-26,17:41:00,0.340,0.274,243.020,1.800,0.000,1.000,0.0
2009-08-26,17:42:00,0.334,0.274,242.940,1.800,0.000,1.000,1.0
2009-08-26,17:43:00,0.330,0.272,242.560,1.600,0.000,1.000,1.0
2009-08-26,17:44:00,0.330,0.280,243.840,1.800,0.000,2.000,0.0
2009-08-26,17:45:00,0.328,0.280,243.870,1.800,0.000,1.000,1.0
2009-08-26,17:46:00,0.328,0.284,244.580,1.800,0.000,1.000,1.0
2009-08-26,17:47:00,0.328,0.284,244.430,1.800,0.000,1.000,0.0
2009-08-26,17:48:00,0.326,0.282,243.990,1.600,0.000,2.000,1.0
2009-08-26,17:49:00,0.326,0.282,244.220,1.600,0.000,1.000,1.0
2009-08-26,17:50:00,0.324,0.282,244.090,1.600,0.000,1.000,0.0
2009-08-26,17:51:00,0.326,0.288,245.210,1.800,0.000,1.000,1.0
2009-08-26,17:52:00,0.270,0.206,245.330,1.400,0.000,2.000,1.0
2009-08-26,17:53:00,0.232,0.146,244.940,1.000,0.000,1.000,0.0
2009-08-26,17:54:00,0.232,0.150,245.710,1.000,0.000,1.000,1.0
2009-08-26,17:55:00,0.232,0.148,245.190,1.000,0.000,1.000,1.0
2009-08-26,17:56:00,0.232,0.152,246.040,1.000,0.000,1.000,0.0
2009-08-26,17:57:00,0.232,0.150,245.490,1.000,0.000,2.000,1.0
2009-08-26,17:58:00,0.232,0.150,245.400,1.000,0.000,1.000,1.0
2009-08-26,17:59:00,0.232,0.150,245.800,1.000,0.000,1.000,0.0
2009-08-26,18:00:00,0.234,0.154,246.630,1.000,0.000,1.000,1.0
2009-08-26,18:01:00,0.230,0.146,244.980,1.000,0.000,1.000,1.0
2009-08-26,18:02:00,0.232,0.150,245.590,1.000,0.000,2.000,0.0
2009-08-26,18:03:00,0.232,0.150,245.850,1.000,0.000,1.000,1.0
2009-08-26,18:04:00,0.348,0.286,245.470,1.800,0.000,1.000,1.0
2009-08-26,18:05:00,0.336,0.290,245.580,1.800,0.000,1.000,0.0
2009-08-26,18:06:00,0.408,0.372,245.110,2.200,0.000,1.000,1.0
2009-08-26,18:07:00,0.404,0.384,243.680,2.200,0.000,2.000,1.0
2009-08-26,18:08:00,0.402,0.384,243.420,2.200,0.000,1.000,0.0
2009-08-26,18:09:00,0.400,0.382,242.950,2.200,0.000,1.000,1.0
2009-08-26,18:10:00,0.398,0.384,243.170,2.200,0.000,1.000,1.0
2009-08-26,18:11:00,0.460,0.400,243.000,2.600,0.000,1.000,1.0
2009-08-26,18:12:00,1.058,0.544,242.930,4.800,0.000,2.000,12.0
2009-08-26,18:13:00,1.072,0.532,242.210,4.800,0.000,1.000,12.0
2009-08-26,18:14:00,1.102,0.528,242.030,5.000,0.000,1.000,12.0
2009-08-26,18:15:00,1.110,0.530,242.110,5.000,0.000,1.000,13.0
2009-08-26,18:16:00,0.980,0.400,242.300,4.400,0.000,1.000,12.0
2009-08-26,18:17:00,0.296,0.246,243.300,1.600,0.000,2.000,1.0
2009-08-26,18:18:00,0.296,0.246,243.360,1.600,0.000,1.000,1.0
2009-08-26,18:19:00,0.296,0.246,243.510,1.600,0.000,1.000,0.0
2009-08-26,18:20:00,0.296,0.252,244.460,1.600,0.000,1.000,1.0
2009-08-26,18:21:00,0.298,0.254,244.900,1.600,0.000,1.000,1.0
2009-08-26,18:22:00,0.298,0.256,245.370,1.600,0.000,1.000,1.0
2009-08-26,18:23:00,0.296,0.254,244.940,1.600,0.000,2.000,0.0
2009-08-26,18:24:00,0.296,0.256,245.250,1.600,0.000,1.000,1.0
2009-08-26,18:25:00,0.236,0.156,244.910,1.200,0.000,1.000,1.0
2009-08-26,18:26:00,0.230,0.148,245.260,1.000,0.000,1.000,0.0
2009-08-26,18:27:00,0.284,0.200,244.440,1.400,0.000,1.000,1.0
2009-08-26,18:28:00,0.308,0.234,244.450,1.600,0.000,1.000,1.0
2009-08-26,18:29:00,0.260,0.156,244.390,1.200,0.000,0.000,0.0
2009-08-26,18:30:00,0.256,0.154,243.970,1.200,0.000,0.000,1.0
2009-08-26,18:31:00,0.256,0.158,244.600,1.200,0.000,0.000,1.0
2009-08-26,18:32:00,0.252,0.150,242.620,1.200,0.000,0.000,0.0
2009-08-26,18:33:00,0.248,0.144,240.400,1.200,0.000,0.000,1.0
2009-08-26,18:34:00,0.244,0.136,238.050,1.200,0.000,0.000,0.0
2009-08-26,18:35:00,0.244,0.136,238.120,1.200,0.000,0.000,1.0
2009-08-26,18:36:00,0.246,0.146,240.430,1.200,0.000,0.000,1.0
2009-08-26,18:37:00,0.246,0.146,240.410,1.200,0.000,0.000,0.0
2009-08-26,18:38:00,0.246,0.146,240.670,1.200,0.000,0.000,1.0
2009-08-26,18:39:00,0.228,0.122,240.280,1.000,0.000,0.000,1.0
2009-08-26,18:40:00,0.152,0.000,240.910,0.600,0.000,0.000,0.0
2009-08-26,18:41:00,0.152,0.000,240.060,0.600,0.000,0.000,1.0
2009-08-26,18:42:00,0.154,0.000,242.550,0.600,0.000,0.000,1.0
2009-08-26,18:43:00,0.154,0.000,241.810,0.600,0.000,0.000,0.0
2009-08-26,18:44:00,0.154,0.000,242.450,0.600,0.000,0.000,1.0
2009-08-26,18:45:00,0.154,0.000,242.140,0.600,0.000,0.000,1.0
2009-08-26,18:46:00,0.156,0.000,243.150,0.600,0.000,0.000,0.0
2009-08-26,18:47:00,0.154,0.000,241.970,0.600,0.000,0.000,1.0
2009-08-26,18:48:00,0.154,0.000,241.530,0.600,0.000,0.000,1.0
2009-08-26,18:49:00,0.154,0.000,241.660,0.600,0.000,0.000,0.0
2009-08-26,18:50:00,0.154,0.000,241.540,0.600,0.000,0.000,1.0
2009-08-26,18:51:00,0.230,0.096,241.650,1.200,0.000,0.000,1.0
2009-08-26,18:52:00,0.260,0.148,241.430,1.200,0.000,0.000,0.0
2009-08-26,18:53:00,0.254,0.146,240.980,1.200,0.000,0.000,1.0
2009-08-26,18:54:00,0.252,0.146,240.890,1.200,0.000,0.000,1.0
2009-08-26,18:55:00,0.252,0.150,241.700,1.200,0.000,0.000,0.0
2009-08-26,18:56:00,0.282,0.146,240.990,1.400,0.000,0.000,1.0
2009-08-26,18:57:00,0.438,0.142,241.120,1.800,0.000,0.000,0.0
2009-08-26,18:58:00,0.456,0.154,241.280,2.000,0.000,0.000,1.0
2009-08-26,18:59:00,0.554,0.296,240.780,2.600,0.000,0.000,1.0
2009-08-26,19:00:00,0.384,0.234,241.490,1.800,0.000,0.000,0.0
2009-08-26,19:01:00,1.006,0.222,240.030,6.000,0.000,10.000,1.0
2009-08-26,19:02:00,2.614,0.204,237.730,11.000,0.000,38.000,1.0
2009-08-26,19:03:00,2.542,0.136,237.870,10.600,0.000,37.000,0.0
2009-08-26,19:04:00,2.528,0.072,238.620,10.600,0.000,39.000,1.0
2009-08-26,19:05:00,2.534,0.074,239.000,10.600,0.000,38.000,1.0
2009-08-26,19:06:00,2.532,0.074,239.050,10.600,0.000,38.000,0.0
2009-08-26,19:07:00,2.544,0.076,239.760,10.600,0.000,39.000,1.0
2009-08-26,19:08:00,2.548,0.078,240.050,10.600,0.000,38.000,1.0
2009-08-26,19:09:00,1.432,0.088,241.310,7.600,0.000,22.000,0.0
2009-08-26,19:10:00,0.300,0.098,241.320,1.200,0.000,1.000,1.0
2009-08-26,19:11:00,0.928,0.246,241.320,4.000,0.000,1.000,11.0
2009-08-26,19:12:00,0.976,0.246,241.020,4.200,0.000,1.000,11.0
2009-08-26,19:13:00,1.008,0.246,240.910,4.200,0.000,2.000,13.0
2009-08-26,19:14:00,1.022,0.242,240.100,4.400,0.000,1.000,12.0
2009-08-26,19:15:00,1.134,0.376,240.480,5.000,0.000,1.000,13.0
2009-08-26,19:16:00,0.410,0.232,240.690,2.000,0.000,2.000,1.0
2009-08-26,19:17:00,0.394,0.232,240.920,1.800,0.000,1.000,1.0
2009-08-26,19:18:00,0.402,0.232,241.110,1.800,0.000,1.000,1.0
2009-08-26,19:19:00,0.392,0.234,241.500,1.800,0.000,1.000,0.0
2009-08-26,19:20:00,0.388,0.236,241.400,1.800,0.000,2.000,1.0
2009-08-26,19:21:00,0.378,0.240,241.480,1.800,0.000,1.000,1.0
2009-08-26,19:22:00,0.376,0.238,241.480,1.800,0.000,0.000,0.0
2009-08-26,19:23:00,0.480,0.200,241.410,2.200,0.000,1.000,1.0
2009-08-26,19:24:00,0.526,0.186,241.640,2.200,0.000,1.000,1.0
2009-08-26,19:25:00,0.524,0.186,241.700,2.200,0.000,1.000,0.0
2009-08-26,19:26:00,0.522,0.186,241.600,2.200,0.000,1.000,1.0
2009-08-26,19:27:00,0.484,0.132,242.050,2.000,0.000,1.000,1.0
2009-08-26,19:28:00,0.554,0.096,241.550,2.400,0.000,1.000,0.0
2009-08-26,19:29:00,1.562,0.158,240.900,7.000,0.000,1.000,12.0
2009-08-26,19:30:00,1.774,0.154,239.770,7.400,0.000,1.000,19.0
2009-08-26,19:31:00,1.734,0.154,239.430,7.200,0.000,1.000,19.0
2009-08-26,19:32:00,1.724,0.152,239.730,7.200,0.000,1.000,18.0
2009-08-26,19:33:00,1.716,0.152,239.720,7.200,0.000,1.000,19.0
2009-08-26,19:34:00,1.672,0.168,240.340,7.000,0.000,1.000,18.0
2009-08-26,19:35:00,1.586,0.196,239.870,6.600,0.000,1.000,18.0
2009-08-26,19:36:00,1.684,0.310,239.410,7.000,0.000,1.000,18.0
2009-08-26,19:37:00,1.682,0.324,239.340,7.000,0.000,1.000,19.0
2009-08-26,19:38:00,2.366,0.476,238.450,10.800,0.000,1.000,18.0
2009-08-26,19:39:00,1.670,0.328,239.690,7.000,0.000,1.000,18.0
2009-08-26,19:40:00,1.926,0.326,239.520,8.200,0.000,1.000,18.0
2009-08-26,19:41:00,2.040,0.440,239.530,9.200,0.000,1.000,18.0
2009-08-26,19:42:00,1.952,0.412,239.720,8.800,0.000,1.000,19.0
2009-08-26,19:43:00,1.666,0.380,240.510,7.000,0.000,1.000,18.0
2009-08-26,19:44:00,1.666,0.386,240.580,7.000,0.000,1.000,18.0
2009-08-26,19:45:00,1.658,0.374,241.490,7.000,0.000,1.000,19.0
2009-08-26,19:46:00,1.812,0.378,241.280,7.600,0.000,3.000,18.0
2009-08-26,19:47:00,1.816,0.380,240.900,7.600,0.000,3.000,19.0
2009-08-26,19:48:00,1.802,0.378,240.430,7.600,0.000,4.000,18.0
2009-08-26,19:49:00,1.632,0.356,241.080,6.800,0.000,0.000,18.0
2009-08-26,19:50:00,1.652,0.316,240.370,7.000,0.000,1.000,19.0
2009-08-26,19:51:00,1.666,0.316,240.330,7.000,0.000,1.000,18.0
2009-08-26,19:52:00,1.684,0.316,240.770,7.000,0.000,1.000,18.0
2009-08-26,19:53:00,1.640,0.248,240.950,6.800,0.000,1.000,19.0
2009-08-26,19:54:00,1.596,0.186,241.030,6.600,0.000,1.000,18.0
2009-08-26,19:55:00,1.602,0.186,241.510,6.600,0.000,2.000,19.0
2009-08-26,19:56:00,1.492,0.142,242.000,6.200,0.000,1.000,18.0
2009-08-26,19:57:00,1.376,0.098,242.100,5.600,0.000,1.000,19.0
2009-08-26,19:58:00,0.434,0.110,242.830,2.400,0.000,1.000,3.0
2009-08-26,19:59:00,0.298,0.110,242.360,1.200,0.000,2.000,1.0
2009-08-26,20:00:00,0.298,0.112,243.120,1.200,0.000,1.000,1.0
2009-08-26,20:01:00,0.368,0.206,242.090,1.800,0.000,2.000,0.0
2009-08-26,20:02:00,0.372,0.286,243.150,2.000,0.000,3.000,1.0
2009-08-26,20:03:00,0.380,0.286,242.500,2.000,0.000,3.000,1.0
2009-08-26,20:04:00,0.450,0.394,242.740,2.400,0.000,2.000,0.0
2009-08-26,20:05:00,0.664,0.434,241.800,3.200,0.000,5.000,1.0
2009-08-26,20:06:00,0.576,0.428,241.350,3.000,0.000,5.000,1.0
2009-08-26,20:07:00,1.046,0.534,241.530,4.800,0.000,2.000,10.0
2009-08-26,20:08:00,1.134,0.524,241.450,5.200,0.000,2.000,12.0
2009-08-26,20:09:00,1.194,0.510,241.090,5.400,0.000,3.000,13.0
2009-08-26,20:10:00,1.208,0.516,241.650,5.400,0.000,3.000,12.0
2009-08-26,20:11:00,1.078,0.490,241.860,5.000,0.000,2.000,11.0
2009-08-26,20:12:00,0.482,0.374,242.850,2.400,0.000,3.000,1.0
2009-08-26,20:13:00,0.484,0.374,243.070,2.400,0.000,3.000,1.0
2009-08-26,20:14:00,0.480,0.376,243.420,2.400,0.000,3.000,0.0
2009-08-26,20:15:00,0.810,0.342,242.380,4.200,0.000,3.000,1.0
2009-08-26,20:16:00,1.178,0.274,241.650,5.600,0.000,2.000,1.0
2009-08-26,20:17:00,0.914,0.298,241.720,4.800,0.000,3.000,0.0
2009-08-26,20:18:00,0.720,0.156,242.200,4.000,0.000,3.000,1.0
2009-08-26,20:19:00,0.296,0.178,242.540,1.400,0.000,2.000,1.0
2009-08-26,20:20:00,0.288,0.172,242.890,1.400,0.000,2.000,0.0
2009-08-26,20:21:00,0.300,0.168,242.380,1.400,0.000,3.000,1.0
2009-08-26,20:22:00,0.286,0.158,242.420,1.400,0.000,2.000,1.0
2009-08-26,20:23:00,0.556,0.214,241.550,2.400,0.000,6.000,0.0
2009-08-26,20:24:00,0.542,0.208,241.440,2.400,0.000,7.000,1.0
2009-08-26,20:25:00,0.536,0.208,241.970,2.400,0.000,6.000,1.0
2009-08-26,20:26:00,0.538,0.208,242.100,2.400,0.000,6.000,0.0
2009-08-26,20:27:00,0.340,0.190,242.430,1.600,0.000,4.000,1.0
2009-08-26,20:28:00,0.408,0.166,241.580,2.000,0.000,1.000,1.0
2009-08-26,20:29:00,0.610,0.268,241.660,2.600,0.000,1.000,0.0
2009-08-26,20:30:00,0.386,0.286,241.980,2.000,0.000,2.000,1.0
2009-08-26,20:31:00,0.420,0.296,242.320,2.000,0.000,3.000,1.0
2009-08-26,20:32:00,2.522,0.270,240.210,10.800,0.000,35.000,0.0
2009-08-26,20:33:00,2.670,0.272,240.190,11.000,0.000,40.000,1.0
2009-08-26,20:34:00,2.692,0.270,239.760,11.200,0.000,40.000,0.0
2009-08-26,20:35:00,2.950,0.266,239.510,12.200,0.000,39.000,1.0
2009-08-26,20:36:00,3.862,0.284,238.090,17.200,6.000,40.000,2.0
2009-08-26,20:37:00,6.950,0.342,235.670,29.400,38.000,38.000,18.0
2009-08-26,20:38:00,7.056,0.308,236.350,29.800,38.000,39.000,18.0
2009-08-26,20:39:00,6.266,0.276,237.320,26.800,38.000,26.000,19.0
2009-08-26,20:40:00,4.958,0.274,238.470,20.800,38.000,3.000,18.0
2009-08-26,20:41:00,4.934,0.242,238.530,20.600,38.000,3.000,18.0
2009-08-26,20:42:00,4.830,0.182,239.030,20.200,39.000,2.000,18.0
2009-08-26,20:43:00,4.818,0.190,238.840,20.200,39.000,2.000,18.0
2009-08-26,20:44:00,4.836,0.170,238.860,20.200,38.000,2.000,19.0
2009-08-26,20:45:00,4.866,0.154,238.740,20.400,39.000,3.000,18.0
2009-08-26,20:46:00,4.886,0.154,238.530,20.400,38.000,3.000,18.0
2009-08-26,20:47:00,4.966,0.244,238.030,20.800,39.000,3.000,18.0
2009-08-26,20:48:00,4.924,0.276,238.280,20.600,38.000,3.000,18.0
2009-08-26,20:49:00,4.884,0.292,237.860,20.400,38.000,2.000,18.0
2009-08-26,20:50:00,2.748,0.306,239.560,11.600,4.000,2.000,18.0
2009-08-26,20:51:00,2.650,0.270,239.630,11.000,2.000,2.000,18.0
2009-08-26,20:52:00,2.728,0.296,239.410,11.400,1.000,2.000,18.0
2009-08-26,20:53:00,3.176,0.396,238.930,13.800,6.000,3.000,18.0
2009-08-26,20:54:00,4.998,0.372,236.870,21.000,38.000,3.000,18.0
2009-08-26,20:55:00,5.006,0.378,237.500,21.000,38.000,3.000,18.0
2009-08-26,20:56:00,3.462,0.436,239.080,15.200,13.000,2.000,18.0
2009-08-26,20:57:00,3.134,0.530,238.740,13.200,2.000,9.000,18.0
2009-08-26,20:58:00,3.190,0.658,238.750,13.600,1.000,6.000,18.0
2009-08-26,20:59:00,3.194,0.658,239.140,13.600,1.000,6.000,18.0
2009-08-26,21:00:00,4.606,0.622,237.070,20.000,25.000,5.000,18.0
2009-08-26,21:01:00,5.298,0.612,236.590,22.400,37.000,6.000,18.0
2009-08-26,21:02:00,5.530,0.674,236.140,23.600,38.000,3.000,24.0
2009-08-26,21:03:00,4.906,0.678,236.470,21.400,26.000,1.000,29.0
2009-08-26,21:04:00,3.554,0.708,238.500,15.200,1.000,1.000,30.0
2009-08-26,21:05:00,3.680,0.700,238.070,15.800,2.000,1.000,30.0
2009-08-26,21:06:00,5.656,0.540,236.090,24.000,38.000,2.000,29.0
2009-08-26,21:07:00,5.460,0.498,236.280,23.200,38.000,1.000,27.0
2009-08-26,21:08:00,4.966,0.406,236.960,21.000,37.000,1.000,18.0
2009-08-26,21:09:00,3.160,0.502,238.350,13.800,11.000,1.000,18.0
2009-08-26,21:10:00,2.534,0.436,239.010,10.600,1.000,1.000,18.0
2009-08-26,21:11:00,2.772,0.430,239.490,11.800,1.000,2.000,18.0
2009-08-26,21:12:00,4.834,0.404,237.250,20.400,38.000,1.000,18.0
2009-08-26,21:13:00,4.794,0.400,236.700,20.200,38.000,1.000,18.0
2009-08-26,21:14:00,4.302,0.410,237.480,18.600,32.000,1.000,18.0
2009-08-26,21:15:00,2.514,0.432,239.820,10.600,1.000,1.000,18.0
2009-08-26,21:16:00,2.502,0.430,239.470,10.600,2.000,1.000,18.0
2009-08-26,21:17:00,2.604,0.552,239.320,11.000,1.000,1.000,18.0
2009-08-26,21:18:00,3.272,0.554,239.050,14.400,11.000,2.000,19.0
2009-08-26,21:19:00,4.778,0.512,237.210,20.200,38.000,1.000,17.0
2009-08-26,21:20:00,4.708,0.416,237.260,19.800,38.000,0.000,18.0
2009-08-26,21:21:00,3.886,0.430,239.180,16.800,25.000,0.000,18.0
2009-08-26,21:22:00,2.540,0.444,240.080,10.600,1.000,0.000,19.0
2009-08-26,21:23:00,2.526,0.440,239.430,10.600,1.000,0.000,18.0
2009-08-26,21:24:00,2.936,0.436,239.170,12.800,7.000,0.000,18.0
2009-08-26,21:25:00,4.726,0.418,237.770,19.800,38.000,0.000,18.0
2009-08-26,21:26:00,4.720,0.416,237.690,19.800,38.000,0.000,18.0
2009-08-26,21:27:00,3.918,0.426,238.580,17.000,27.000,0.000,18.0
2009-08-26,21:28:00,2.542,0.444,240.360,10.600,1.000,0.000,18.0
2009-08-26,21:29:00,2.536,0.442,239.900,10.600,1.000,0.000,18.0
2009-08-26,21:30:00,2.650,0.350,239.320,11.400,3.000,0.000,18.0
2009-08-26,21:31:00,3.902,0.236,238.520,17.000,27.000,0.000,18.0
2009-08-26,21:32:00,2.174,0.102,240.350,9.000,0.000,0.000,19.0
2009-08-26,21:33:00,2.186,0.100,240.020,9.000,1.000,0.000,18.0
2009-08-26,21:34:00,2.208,0.100,239.980,9.200,0.000,0.000,18.0
2009-08-26,21:35:00,2.206,0.104,240.620,9.200,1.000,0.000,19.0
2009-08-26,21:36:00,2.222,0.106,241.160,9.200,0.000,0.000,18.0
2009-08-26,21:37:00,2.204,0.106,240.750,9.000,0.000,0.000,18.0
2009-08-26,21:38:00,2.226,0.104,241.100,9.200,1.000,0.000,19.0
2009-08-26,21:39:00,2.184,0.110,241.210,9.000,0.000,0.000,18.0
2009-08-26,21:40:00,1.662,0.118,242.080,7.200,1.000,0.000,11.0
2009-08-26,21:41:00,1.224,0.224,242.170,5.200,0.000,0.000,0.0
2009-08-26,21:42:00,1.158,0.262,241.960,4.800,1.000,0.000,1.0
2009-08-26,21:43:00,1.158,0.264,242.320,4.800,0.000,0.000,1.0
2009-08-26,21:44:00,1.280,0.258,242.100,5.400,1.000,0.000,0.0
2009-08-26,21:45:00,1.580,0.238,241.970,6.600,0.000,0.000,1.0
2009-08-26,21:46:00,1.432,0.242,241.990,6.000,0.000,0.000,1.0
2009-08-26,21:47:00,1.514,0.242,241.530,6.200,1.000,0.000,0.0
2009-08-26,21:48:00,1.514,0.242,241.840,6.200,0.000,0.000,1.0
2009-08-26,21:49:00,1.512,0.242,241.520,6.200,1.000,0.000,1.0
2009-08-26,21:50:00,1.510,0.242,241.640,6.200,0.000,0.000,0.0
2009-08-26,21:51:00,1.508,0.242,241.510,6.200,1.000,0.000,1.0
2009-08-26,21:52:00,1.510,0.244,241.790,6.200,0.000,0.000,1.0
2009-08-26,21:53:00,1.436,0.244,241.270,6.000,1.000,0.000,0.0
2009-08-26,21:54:00,1.462,0.186,241.030,6.000,0.000,0.000,1.0
2009-08-26,21:55:00,1.408,0.106,241.010,5.800,0.000,0.000,0.0
2009-08-26,21:56:00,1.410,0.106,240.940,5.800,1.000,0.000,1.0
2009-08-26,21:57:00,1.386,0.064,241.080,5.600,0.000,0.000,1.0
2009-08-26,21:58:00,1.390,0.066,241.700,5.600,0.000,0.000,0.0
2009-08-26,21:59:00,1.392,0.066,242.100,5.600,0.000,0.000,1.0
2009-08-26,22:00:00,1.240,0.068,241.850,5.200,0.000,0.000,1.0
2009-08-26,22:01:00,1.650,0.178,241.060,7.000,0.000,0.000,8.0
2009-08-26,22:02:00,1.726,0.230,241.390,7.200,0.000,0.000,12.0
2009-08-26,22:03:00,1.560,0.252,242.060,6.400,0.000,0.000,12.0
2009-08-26,22:04:00,1.536,0.254,242.330,6.400,0.000,0.000,13.0
2009-08-26,22:05:00,1.602,0.316,241.850,6.800,0.000,0.000,13.0
2009-08-26,22:06:00,1.052,0.262,242.800,4.600,0.000,0.000,3.0
2009-08-26,22:07:00,0.912,0.234,242.810,3.800,0.000,0.000,1.0
2009-08-26,22:08:00,1.018,0.230,242.910,4.200,0.000,0.000,0.0
2009-08-26,22:09:00,0.984,0.242,242.760,4.200,0.000,0.000,1.0
2009-08-26,22:10:00,1.002,0.250,242.640,4.200,0.000,0.000,1.0
2009-08-26,22:11:00,1.004,0.252,242.930,4.200,0.000,0.000,0.0
2009-08-26,22:12:00,1.046,0.228,242.900,4.400,0.000,0.000,1.0
2009-08-26,22:13:00,1.070,0.224,243.670,4.400,0.000,0.000,1.0
2009-08-26,22:14:00,1.156,0.222,243.750,4.800,0.000,0.000,0.0
2009-08-26,22:15:00,1.224,0.224,244.140,5.000,0.000,0.000,1.0
2009-08-26,22:16:00,1.096,0.228,245.160,4.600,0.000,0.000,1.0
2009-08-26,22:17:00,0.540,0.220,244.770,2.400,0.000,0.000,0.0
2009-08-26,22:18:00,0.474,0.168,245.680,2.000,0.000,0.000,1.0
2009-08-26,22:19:00,0.418,0.102,245.500,1.800,0.000,0.000,1.0
2009-08-26,22:20:00,0.412,0.106,245.630,1.800,0.000,0.000,0.0
2009-08-26,22:21:00,0.402,0.112,245.640,1.600,0.000,0.000,1.0
2009-08-26,22:22:00,0.402,0.112,245.570,1.600,0.000,0.000,1.0
2009-08-26,22:23:00,0.400,0.110,245.110,1.600,0.000,0.000,0.0
2009-08-26,22:24:00,0.398,0.112,245.290,1.600,0.000,0.000,1.0
2009-08-26,22:25:00,0.398,0.112,245.140,1.600,0.000,0.000,1.0
2009-08-26,22:26:00,0.396,0.110,244.890,1.600,0.000,0.000,0.0
2009-08-26,22:27:00,0.388,0.100,244.620,1.600,0.000,0.000,1.0
2009-08-26,22:28:00,0.328,0.000,244.450,1.400,0.000,0.000,1.0
2009-08-26,22:29:00,0.368,0.000,244.460,1.600,0.000,0.000,0.0
2009-08-26,22:30:00,0.482,0.140,244.550,2.000,0.000,0.000,1.0
2009-08-26,22:31:00,0.430,0.140,244.330,1.800,0.000,0.000,1.0
2009-08-26,22:32:00,0.426,0.142,244.800,1.800,0.000,0.000,1.0
2009-08-26,22:33:00,0.424,0.140,244.490,1.800,0.000,0.000,0.0
2009-08-26,22:34:00,0.422,0.140,244.700,1.800,0.000,0.000,1.0
2009-08-26,22:35:00,0.422,0.140,244.590,1.800,0.000,0.000,1.0
2009-08-26,22:36:00,0.422,0.140,244.780,1.800,0.000,0.000,0.0
2009-08-26,22:37:00,0.420,0.140,244.830,1.800,0.000,0.000,1.0
2009-08-26,22:38:00,0.420,0.140,244.860,1.800,0.000,0.000,1.0
2009-08-26,22:39:00,0.422,0.140,245.030,1.800,0.000,0.000,0.0
2009-08-26,22:40:00,0.418,0.138,244.380,1.800,0.000,0.000,1.0
2009-08-26,22:41:00,0.418,0.138,244.560,1.800,0.000,0.000,1.0
2009-08-26,22:42:00,0.352,0.000,244.660,1.400,0.000,0.000,0.0
2009-08-26,22:43:00,0.324,0.000,244.830,1.400,0.000,0.000,1.0
2009-08-26,22:44:00,0.328,0.000,245.010,1.400,0.000,0.000,1.0
2009-08-26,22:45:00,0.330,0.000,245.160,1.400,0.000,0.000,0.0
2009-08-26,22:46:00,0.328,0.000,245.050,1.400,0.000,0.000,1.0
2009-08-26,22:47:00,0.328,0.000,244.770,1.400,0.000,0.000,1.0
2009-08-26,22:48:00,0.340,0.000,245.190,1.400,0.000,0.000,0.0
2009-08-26,22:49:00,0.340,0.000,245.150,1.400,0.000,0.000,1.0
2009-08-26,22:50:00,0.346,0.000,245.130,1.400,0.000,0.000,1.0
2009-08-26,22:51:00,0.360,0.000,244.850,1.400,0.000,0.000,0.0
2009-08-26,22:52:00,0.360,0.000,244.900,1.400,0.000,0.000,1.0
2009-08-26,22:53:00,0.638,0.086,243.890,3.200,0.000,0.000,4.0
2009-08-26,22:54:00,1.232,0.424,243.070,5.400,0.000,0.000,12.0
2009-08-26,22:55:00,1.246,0.426,243.180,5.400,0.000,2.000,12.0
2009-08-26,22:56:00,1.262,0.418,242.670,5.400,0.000,1.000,13.0
2009-08-26,22:57:00,1.272,0.434,244.020,5.400,0.000,2.000,13.0
2009-08-26,22:58:00,1.010,0.384,245.090,4.600,0.000,1.000,9.0
2009-08-26,22:59:00,0.538,0.272,245.190,2.400,0.000,2.000,0.0
2009-08-26,23:00:00,0.538,0.276,245.900,2.400,0.000,1.000,1.0
2009-08-26,23:01:00,0.536,0.274,245.590,2.400,0.000,2.000,1.0
2009-08-26,23:02:00,0.562,0.288,245.110,2.600,0.000,1.000,0.0
2009-08-26,23:03:00,0.610,0.376,244.920,2.800,0.000,2.000,1.0
2009-08-26,23:04:00,0.608,0.378,245.290,2.800,0.000,1.000,1.0
2009-08-26,23:05:00,0.602,0.372,245.300,2.800,0.000,1.000,0.0
2009-08-26,23:06:00,0.510,0.236,245.320,2.200,0.000,2.000,1.0
2009-08-26,23:07:00,0.508,0.238,245.620,2.200,0.000,1.000,1.0
2009-08-26,23:08:00,0.504,0.238,245.540,2.200,0.000,2.000,1.0
2009-08-26,23:09:00,0.500,0.238,245.600,2.200,0.000,1.000,0.0
2009-08-26,23:10:00,0.498,0.238,245.360,2.200,0.000,1.000,1.0
2009-08-26,23:11:00,0.506,0.236,245.720,2.200,0.000,2.000,1.0
2009-08-26,23:12:00,0.502,0.236,245.570,2.200,0.000,1.000,0.0
2009-08-26,23:13:00,0.500,0.238,245.780,2.200,0.000,1.000,1.0
2009-08-26,23:14:00,0.496,0.238,245.390,2.200,0.000,1.000,1.0
2009-08-26,23:15:00,0.496,0.238,245.370,2.200,0.000,2.000,0.0
2009-08-26,23:16:00,0.492,0.236,245.090,2.200,0.000,1.000,1.0
2009-08-26,23:17:00,0.552,0.298,245.130,2.600,0.000,1.000,1.0
2009-08-26,23:18:00,0.600,0.372,244.820,2.800,0.000,1.000,0.0
2009-08-26,23:19:00,0.592,0.372,244.800,2.800,0.000,2.000,1.0
2009-08-26,23:20:00,0.588,0.368,244.280,2.800,0.000,1.000,1.0
2009-08-26,23:21:00,0.582,0.364,243.380,2.800,0.000,1.000,0.0
2009-08-26,23:22:00,0.578,0.356,241.830,2.800,0.000,1.000,1.0
2009-08-26,23:23:00,0.544,0.306,242.150,2.600,0.000,2.000,1.0
2009-08-26,23:24:00,0.510,0.252,241.640,2.400,0.000,1.000,0.0
2009-08-26,23:25:00,0.504,0.260,242.380,2.400,0.000,1.000,1.0
2009-08-26,23:26:00,0.424,0.238,242.210,2.000,0.000,1.000,1.0
2009-08-26,23:27:00,0.408,0.230,241.890,2.000,0.000,1.000,0.0
2009-08-26,23:28:00,0.408,0.232,242.220,2.000,0.000,2.000,1.0
2009-08-26,23:29:00,0.368,0.172,242.280,1.600,0.000,1.000,1.0
2009-08-26,23:30:00,0.316,0.096,242.270,1.400,0.000,1.000,0.0
2009-08-26,23:31:00,0.316,0.096,242.310,1.400,0.000,1.000,1.0
2009-08-26,23:32:00,0.316,0.096,242.010,1.400,0.000,1.000,1.0
2009-08-26,23:33:00,0.316,0.094,241.830,1.400,0.000,2.000,0.0
2009-08-26,23:34:00,0.316,0.098,242.560,1.400,0.000,1.000,1.0
2009-08-26,23:35:00,0.316,0.098,242.850,1.400,0.000,1.000,0.0
2009-08-26,23:36:00,0.318,0.100,243.760,1.400,0.000,1.000,1.0
2009-08-26,23:37:00,0.318,0.100,243.590,1.400,0.000,1.000,1.0
2009-08-26,23:38:00,0.318,0.100,243.680,1.400,0.000,2.000,0.0
2009-08-26,23:39:00,0.318,0.100,243.490,1.400,0.000,1.000,1.0
2009-08-26,23:40:00,0.316,0.098,243.420,1.400,0.000,1.000,1.0
2009-08-26,23:41:00,0.406,0.198,243.460,2.000,0.000,1.000,0.0
2009-08-26,23:42:00,0.422,0.234,243.310,2.000,0.000,1.000,1.0
2009-08-26,23:43:00,0.416,0.230,242.440,2.000,0.000,2.000,1.0
2009-08-26,23:44:00,0.412,0.228,242.210,2.000,0.000,1.000,0.0
2009-08-26,23:45:00,0.410,0.230,242.300,2.000,0.000,1.000,1.0
2009-08-26,23:46:00,0.408,0.230,242.100,1.800,0.000,1.000,1.0
2009-08-26,23:47:00,1.056,0.378,241.420,4.600,0.000,1.000,11.0
2009-08-26,23:48:00,1.090,0.376,241.240,4.800,0.000,1.000,12.0
2009-08-26,23:49:00,1.122,0.376,241.350,4.800,0.000,2.000,12.0
2009-08-26,23:50:00,1.128,0.372,241.000,4.800,0.000,1.000,13.0
2009-08-26,23:51:00,1.132,0.372,241.010,4.800,0.000,1.000,13.0
2009-08-26,23:52:00,0.692,0.286,241.560,3.400,0.000,1.000,6.0
2009-08-26,23:53:00,0.318,0.100,241.480,1.400,0.000,1.000,0.0
2009-08-26,23:54:00,0.360,0.138,241.200,1.800,0.000,1.000,1.0
2009-08-26,23:55:00,0.390,0.202,242.450,1.800,0.000,2.000,1.0
2009-08-26,23:56:00,0.390,0.202,242.770,1.800,0.000,1.000,0.0
2009-08-26,23:57:00,0.390,0.202,242.620,1.800,0.000,1.000,1.0
2009-08-26,23:58:00,0.390,0.202,242.760,1.800,0.000,1.000,1.0
2009-08-26,23:59:00,0.388,0.202,242.750,1.800,0.000,1.000,0.0
