Date,Time,Global_active_power,Global_reactive_power,Voltage,Global_intensity,Sub_metering_1,Sub_metering_2,Sub_metering_3
2009-07-31,00:00:00,0.762,0.186,242.220,3.400,0.000,1.000,1.0
2009-07-31,00:01:00,0.738,0.180,242.030,3.200,0.000,0.000,1.0
2009-07-31,00:02:00,0.748,0.170,242.250,3.200,0.000,0.000,0.0
2009-07-31,00:03:00,0.668,0.076,242.110,2.800,0.000,0.000,1.0
2009-07-31,00:04:00,0.686,0.082,242.010,3.000,0.000,0.000,1.0
2009-07-31,00:05:00,0.666,0.078,242.290,2.800,0.000,0.000,0.0
2009-07-31,00:06:00,0.686,0.084,242.570,3.000,0.000,1.000,1.0
2009-07-31,00:07:00,0.666,0.078,242.760,2.800,0.000,0.000,1.0
2009-07-31,00:08:00,0.682,0.082,242.200,3.000,0.000,0.000,0.0
2009-07-31,00:09:00,0.662,0.076,242.110,2.800,0.000,0.000,1.0
2009-07-31,00:10:00,0.784,0.202,242.110,3.400,0.000,2.000,1.0
2009-07-31,00:11:00,0.752,0.200,242.420,3.200,0.000,1.000,0.0
2009-07-31,00:12:00,0.770,0.204,242.240,3.400,0.000,2.000,1.0
2009-07-31,00:13:00,0.748,0.198,242.010,3.200,0.000,2.000,1.0
2009-07-31,00:14:00,0.784,0.202,242.420,3.400,0.000,1.000,0.0
2009-07-31,00:15:00,0.840,0.196,242.240,3.600,0.000,2.000,1.0
2009-07-31,00:16:00,0.840,0.198,242.470,3.600,0.000,2.000,1.0
2009-07-31,00:17:00,0.854,0.202,243.110,3.600,0.000,1.000,0.0
2009-07-31,00:18:00,0.782,0.202,243.240,3.400,0.000,2.000,1.0
2009-07-31,00:19:00,0.750,0.192,243.240,3.200,0.000,2.000,1.0
2009-07-31,00:20:00,0.650,0.068,243.100,2.800,0.000,1.000,0.0
2009-07-31,00:21:00,0.668,0.072,243.040,2.800,0.000,2.000,1.0
2009-07-31,00:22:00,0.648,0.066,242.920,2.800,0.000,1.000,1.0
2009-07-31,00:23:00,0.660,0.068,241.000,2.800,0.000,2.000,0.0
2009-07-31,00:24:00,0.638,0.062,240.180,2.800,0.000,1.000,1.0
2009-07-31,00:25:00,0.660,0.066,240.350,2.800,0.000,2.000,1.0
2009-07-31,00:26:00,0.636,0.064,240.590,2.800,0.000,1.000,0.0
2009-07-31,00:27:00,0.654,0.068,240.900,2.800,0.000,2.000,1.0
2009-07-31,00:28:00,0.638,0.064,241.100,2.800,0.000,1.000,1.0
2009-07-31,00:29:00,0.660,0.068,241.080,2.800,0.000,2.000,0.0
2009-07-31,00:30:00,0.636,0.064,240.930,2.800,0.000,1.000,1.0
2009-07-31,00:31:00,0.654,0.068,240.830,2.800,0.000,2.000,1.0
2009-07-31,00:32:00,0.638,0.064,240.990,2.800,0.000,1.000,0.0
2009-07-31,00:33:00,0.722,0.140,241.290,3.200,0.000,2.000,1.0
2009-07-31,00:34:00,0.708,0.170,241.420,3.000,0.000,1.000,1.0
2009-07-31,00:35:00,0.730,0.174,241.410,3.200,0.000,1.000,0.0
2009-07-31,00:36:00,0.712,0.168,241.450,3.200,0.000,2.000,1.0
2009-07-31,00:37:00,0.734,0.174,241.920,3.200,0.000,1.000,0.0
2009-07-31,00:38:00,0.644,0.192,241.530,2.800,0.000,1.000,1.0
2009-07-31,00:39:00,0.634,0.208,241.430,2.800,0.000,2.000,1.0
2009-07-31,00:40:00,0.750,0.200,241.290,3.200,0.000,1.000,0.0
2009-07-31,00:41:00,0.768,0.208,241.520,3.400,0.000,2.000,1.0
2009-07-31,00:42:00,0.738,0.202,241.260,3.200,0.000,1.000,1.0
2009-07-31,00:43:00,0.750,0.212,240.930,3.200,0.000,2.000,0.0
2009-07-31,00:44:00,0.720,0.208,240.950,3.200,0.000,1.000,1.0
2009-07-31,00:45:00,0.738,0.212,240.900,3.200,0.000,1.000,1.0
2009-07-31,00:46:00,0.738,0.208,240.910,3.200,0.000,2.000,0.0
2009-07-31,00:47:00,0.764,0.204,241.690,3.400,0.000,1.000,1.0
2009-07-31,00:48:00,0.808,0.238,241.630,3.600,0.000,2.000,1.0
2009-07-31,00:49:00,0.786,0.232,241.480,3.400,0.000,1.000,0.0
2009-07-31,00:50:00,0.804,0.236,241.610,3.600,0.000,1.000,1.0
2009-07-31,00:51:00,0.782,0.232,241.640,3.400,0.000,1.000,1.0
2009-07-31,00:52:00,0.798,0.234,241.410,3.600,0.000,2.000,0.0
2009-07-31,00:53:00,0.780,0.230,241.180,3.400,0.000,1.000,1.0
2009-07-31,00:54:00,0.742,0.134,241.180,3.200,0.000,1.000,1.0
2009-07-31,00:55:00,0.714,0.110,241.870,3.000,0.000,0.000,0.0
2009-07-31,00:56:00,0.732,0.116,242.140,3.200,0.000,0.000,1.0
2009-07-31,00:57:00,0.712,0.110,241.940,3.000,0.000,0.000,1.0
2009-07-31,00:58:00,0.730,0.116,242.130,3.200,0.000,0.000,0.0
2009-07-31,00:59:00,0.712,0.112,242.520,3.000,0.000,0.000,1.0
2009-07-31,01:00:00,0.728,0.118,242.620,3.200,0.000,1.000,1.0
2009-07-31,01:01:00,0.944,0.170,242.180,4.200,0.000,0.000,4.0
2009-07-31,01:02:00,1.414,0.266,241.710,6.000,0.000,0.000,11.0
2009-07-31,01:03:00,1.382,0.256,241.700,5.800,0.000,0.000,12.0
2009-07-31,01:04:00,1.428,0.260,241.460,6.000,0.000,0.000,12.0
2009-07-31,01:05:00,1.416,0.256,241.710,6.000,0.000,0.000,13.0
2009-07-31,01:06:00,1.234,0.220,241.880,5.400,0.000,1.000,9.0
2009-07-31,01:07:00,1.078,0.110,242.150,5.000,0.000,0.000,6.0
2009-07-31,01:08:00,1.830,0.076,241.470,7.600,0.000,0.000,19.0
2009-07-31,01:09:00,1.570,0.000,242.350,6.600,0.000,0.000,20.0
2009-07-31,01:10:00,1.452,0.000,242.790,6.000,0.000,0.000,19.0
2009-07-31,01:11:00,1.420,0.000,242.930,5.800,0.000,0.000,18.0
2009-07-31,01:12:00,1.396,0.000,242.890,5.800,0.000,1.000,19.0
2009-07-31,01:13:00,1.372,0.000,242.670,5.600,0.000,0.000,19.0
2009-07-31,01:14:00,1.392,0.000,242.710,5.800,0.000,0.000,19.0
2009-07-31,01:15:00,1.374,0.000,242.830,5.600,0.000,0.000,19.0
2009-07-31,01:16:00,1.386,0.000,242.770,5.800,0.000,0.000,18.0
2009-07-31,01:17:00,1.392,0.000,243.400,5.800,0.000,1.000,19.0
2009-07-31,01:18:00,1.448,0.050,243.640,6.000,0.000,0.000,19.0
2009-07-31,01:19:00,1.518,0.088,244.330,6.200,0.000,0.000,19.0
2009-07-31,01:20:00,1.488,0.080,243.790,6.000,0.000,0.000,19.0
2009-07-31,01:21:00,1.476,0.086,243.780,6.000,0.000,0.000,19.0
2009-07-31,01:22:00,1.426,0.080,243.610,5.800,0.000,0.000,18.0
2009-07-31,01:23:00,1.430,0.080,242.200,5.800,0.000,1.000,19.0
2009-07-31,01:24:00,1.410,0.076,242.240,5.800,0.000,0.000,19.0
2009-07-31,01:25:00,1.428,0.080,242.250,5.800,0.000,0.000,18.0
2009-07-31,01:26:00,1.410,0.076,242.440,5.800,0.000,0.000,19.0
2009-07-31,01:27:00,1.436,0.084,243.090,5.800,0.000,0.000,19.0
2009-07-31,01:28:00,1.416,0.078,243.130,5.800,0.000,0.000,18.0
2009-07-31,01:29:00,1.434,0.084,243.080,5.800,0.000,1.000,19.0
2009-07-31,01:30:00,1.416,0.080,243.200,5.800,0.000,0.000,19.0
2009-07-31,01:31:00,1.430,0.082,242.730,5.800,0.000,0.000,19.0
2009-07-31,01:32:00,1.386,0.000,242.660,5.600,0.000,0.000,18.0
2009-07-31,01:33:00,1.362,0.000,242.690,5.600,0.000,0.000,19.0
2009-07-31,01:34:00,1.340,0.000,242.440,5.600,0.000,0.000,19.0
2009-07-31,01:35:00,1.362,0.000,242.680,5.600,0.000,1.000,18.0
2009-07-31,01:36:00,1.374,0.000,242.580,5.600,0.000,0.000,19.0
2009-07-31,01:37:00,1.472,0.112,242.560,6.000,0.000,0.000,19.0
2009-07-31,01:38:00,1.450,0.108,242.590,6.000,0.000,0.000,18.0
2009-07-31,01:39:00,1.468,0.114,242.640,6.000,0.000,0.000,19.0
2009-07-31,01:40:00,1.446,0.108,242.580,6.000,0.000,0.000,19.0
2009-07-31,01:41:00,1.462,0.112,242.500,6.000,0.000,1.000,18.0
2009-07-31,01:42:00,1.440,0.106,242.310,6.000,0.000,0.000,19.0
2009-07-31,01:43:00,1.458,0.112,242.210,6.000,0.000,0.000,18.0
2009-07-31,01:44:00,1.438,0.106,242.270,6.000,0.000,0.000,19.0
2009-07-31,01:45:00,1.454,0.112,242.040,6.000,0.000,0.000,19.0
2009-07-31,01:46:00,1.440,0.106,241.870,6.000,0.000,0.000,18.0
2009-07-31,01:47:00,0.958,0.114,242.070,4.600,0.000,1.000,11.0
2009-07-31,01:48:00,0.374,0.124,242.670,1.800,0.000,0.000,1.0
2009-07-31,01:49:00,0.354,0.118,242.500,1.600,0.000,0.000,1.0
2009-07-31,01:50:00,0.374,0.126,242.930,1.800,0.000,0.000,0.0
2009-07-31,01:51:00,0.354,0.122,243.130,1.600,0.000,0.000,1.0
2009-07-31,01:52:00,0.372,0.126,242.760,1.800,0.000,1.000,1.0
2009-07-31,01:53:00,0.354,0.120,242.660,1.600,0.000,0.000,0.0
2009-07-31,01:54:00,0.372,0.122,242.230,1.800,0.000,0.000,1.0
2009-07-31,01:55:00,0.352,0.116,242.220,1.600,0.000,0.000,1.0
2009-07-31,01:56:00,0.370,0.120,242.000,1.800,0.000,0.000,0.0
2009-07-31,01:57:00,0.300,0.000,242.000,1.400,0.000,0.000,1.0
2009-07-31,01:58:00,0.276,0.000,242.850,1.400,0.000,1.000,1.0
2009-07-31,01:59:00,0.256,0.000,242.230,1.200,0.000,0.000,0.0
2009-07-31,02:00:00,0.276,0.000,241.990,1.400,0.000,0.000,1.0
2009-07-31,02:01:00,0.256,0.000,242.350,1.200,0.000,0.000,1.0
2009-07-31,02:02:00,0.276,0.000,242.210,1.400,0.000,0.000,0.0
2009-07-31,02:03:00,0.324,0.050,242.320,1.600,0.000,0.000,1.0
2009-07-31,02:04:00,0.354,0.092,242.340,1.600,0.000,0.000,1.0
2009-07-31,02:05:00,0.336,0.088,243.040,1.600,0.000,0.000,0.0
2009-07-31,02:06:00,0.354,0.094,242.890,1.600,0.000,1.000,1.0
2009-07-31,02:07:00,0.332,0.088,242.740,1.600,0.000,0.000,1.0
2009-07-31,02:08:00,0.350,0.092,242.460,1.600,0.000,0.000,0.0
2009-07-31,02:09:00,0.328,0.086,242.280,1.600,0.000,0.000,1.0
2009-07-31,02:10:00,0.348,0.090,242.310,1.600,0.000,0.000,1.0
2009-07-31,02:11:00,0.328,0.086,242.350,1.600,0.000,0.000,0.0
2009-07-31,02:12:00,0.346,0.090,242.150,1.600,0.000,1.000,1.0
2009-07-31,02:13:00,0.326,0.084,241.400,1.600,0.000,0.000,1.0
2009-07-31,02:14:00,0.324,0.084,241.570,1.600,0.000,0.000,0.0
2009-07-31,02:15:00,0.326,0.086,242.040,1.600,0.000,0.000,1.0
2009-07-31,02:16:00,0.604,0.152,241.850,3.000,0.000,0.000,5.0
2009-07-31,02:17:00,0.938,0.184,241.760,4.000,0.000,0.000,11.0
2009-07-31,02:18:00,0.930,0.126,241.600,4.000,0.000,0.000,12.0
2009-07-31,02:19:00,0.954,0.122,241.310,4.000,0.000,0.000,12.0
2009-07-31,02:20:00,0.960,0.124,241.680,4.000,0.000,0.000,13.0
2009-07-31,02:21:00,0.578,0.046,242.260,2.800,0.000,0.000,6.0
2009-07-31,02:22:00,0.256,0.000,242.470,1.200,0.000,0.000,1.0
2009-07-31,02:23:00,0.256,0.000,242.550,1.200,0.000,0.000,0.0
2009-07-31,02:24:00,0.256,0.000,242.660,1.200,0.000,0.000,1.0
2009-07-31,02:25:00,0.346,0.064,242.480,1.800,0.000,0.000,1.0
2009-07-31,02:26:00,0.454,0.240,242.200,2.200,0.000,1.000,0.0
2009-07-31,02:27:00,0.450,0.240,242.200,2.200,0.000,1.000,1.0
2009-07-31,02:28:00,0.448,0.238,241.930,2.200,0.000,2.000,1.0
2009-07-31,02:29:00,0.448,0.240,242.150,2.200,0.000,1.000,0.0
2009-07-31,02:30:00,0.444,0.240,242.070,2.200,0.000,2.000,1.0
2009-07-31,02:31:00,0.444,0.240,242.020,2.200,0.000,1.000,1.0
2009-07-31,02:32:00,0.442,0.240,241.960,2.200,0.000,2.000,0.0
2009-07-31,02:33:00,0.440,0.240,241.980,2.200,0.000,1.000,1.0
2009-07-31,02:34:00,0.438,0.240,242.060,2.200,0.000,2.000,1.0
2009-07-31,02:35:00,0.438,0.242,242.150,2.200,0.000,1.000,0.0
2009-07-31,02:36:00,0.436,0.240,241.970,2.200,0.000,1.000,1.0
2009-07-31,02:37:00,0.434,0.240,241.890,2.200,0.000,2.000,1.0
2009-07-31,02:38:00,0.432,0.240,242.020,2.200,0.000,1.000,0.0
2009-07-31,02:39:00,0.432,0.240,242.240,2.200,0.000,2.000,1.0
2009-07-31,02:40:00,0.430,0.242,242.510,2.200,0.000,1.000,1.0
2009-07-31,02:41:00,0.430,0.240,242.390,2.200,0.000,1.000,0.0
2009-07-31,02:42:00,0.428,0.240,242.380,2.200,0.000,2.000,1.0
2009-07-31,02:43:00,0.426,0.242,242.750,2.200,0.000,1.000,1.0
2009-07-31,02:44:00,0.426,0.244,242.870,2.200,0.000,1.000,0.0
2009-07-31,02:45:00,0.424,0.244,242.830,2.200,0.000,2.000,1.0
2009-07-31,02:46:00,0.360,0.150,242.910,1.800,0.000,1.000,1.0
2009-07-31,02:47:00,0.330,0.108,242.760,1.600,0.000,1.000,0.0
2009-07-31,02:48:00,0.398,0.178,242.970,2.000,0.000,1.000,1.0
2009-07-31,02:49:00,0.406,0.214,243.170,2.000,0.000,2.000,1.0
2009-07-31,02:50:00,0.406,0.212,242.740,2.000,0.000,1.000,0.0
2009-07-31,02:51:00,0.406,0.216,243.690,2.000,0.000,1.000,1.0
2009-07-31,02:52:00,0.404,0.216,243.470,2.000,0.000,1.000,1.0
2009-07-31,02:53:00,0.400,0.214,243.300,2.000,0.000,2.000,0.0
2009-07-31,02:54:00,0.398,0.214,243.260,2.000,0.000,1.000,1.0
2009-07-31,02:55:00,0.398,0.216,243.390,2.000,0.000,1.000,1.0
2009-07-31,02:56:00,0.398,0.216,243.680,2.000,0.000,1.000,0.0
2009-07-31,02:57:00,0.398,0.216,243.750,2.000,0.000,2.000,1.0
2009-07-31,02:58:00,0.396,0.216,243.760,2.000,0.000,1.000,1.0
2009-07-31,02:59:00,0.394,0.216,243.680,2.000,0.000,1.000,0.0
2009-07-31,03:00:00,0.392,0.210,242.360,2.000,0.000,1.000,1.0
2009-07-31,03:01:00,0.392,0.210,242.290,2.000,0.000,1.000,1.0
2009-07-31,03:02:00,0.360,0.162,242.170,1.800,0.000,2.000,0.0
2009-07-31,03:03:00,0.324,0.106,242.200,1.600,0.000,1.000,1.0
2009-07-31,03:04:00,0.326,0.106,242.260,1.600,0.000,1.000,1.0
2009-07-31,03:05:00,0.324,0.104,242.210,1.600,0.000,1.000,0.0
2009-07-31,03:06:00,0.324,0.106,242.170,1.600,0.000,1.000,1.0
2009-07-31,03:07:00,0.326,0.106,242.490,1.600,0.000,2.000,1.0
2009-07-31,03:08:00,0.324,0.106,242.420,1.600,0.000,1.000,0.0
2009-07-31,03:09:00,0.266,0.000,242.620,1.400,0.000,0.000,1.0
2009-07-31,03:10:00,0.252,0.000,242.530,1.200,0.000,0.000,1.0
2009-07-31,03:11:00,0.252,0.000,242.670,1.200,0.000,0.000,0.0
2009-07-31,03:12:00,0.252,0.000,242.610,1.200,0.000,0.000,1.0
2009-07-31,03:13:00,0.252,0.000,242.750,1.200,0.000,0.000,1.0
2009-07-31,03:14:00,0.348,0.084,242.650,1.800,0.000,0.000,0.0
2009-07-31,03:15:00,0.364,0.118,242.540,1.800,0.000,0.000,1.0
2009-07-31,03:16:00,0.360,0.122,243.120,1.600,0.000,0.000,1.0
2009-07-31,03:17:00,0.358,0.120,242.770,1.600,0.000,0.000,0.0
2009-07-31,03:18:00,0.356,0.118,242.440,1.600,0.000,0.000,1.0
2009-07-31,03:19:00,0.356,0.118,242.340,1.600,0.000,0.000,1.0
2009-07-31,03:20:00,0.354,0.118,242.450,1.600,0.000,0.000,0.0
2009-07-31,03:21:00,0.354,0.122,243.050,1.600,0.000,0.000,1.0
2009-07-31,03:22:00,0.354,0.120,242.980,1.600,0.000,0.000,1.0
2009-07-31,03:23:00,0.352,0.120,242.980,1.600,0.000,0.000,0.0
2009-07-31,03:24:00,0.352,0.122,243.190,1.600,0.000,0.000,1.0
2009-07-31,03:25:00,0.352,0.122,243.540,1.600,0.000,0.000,1.0
2009-07-31,03:26:00,0.352,0.124,243.730,1.600,0.000,0.000,0.0
2009-07-31,03:27:00,0.352,0.122,243.760,1.600,0.000,0.000,1.0
2009-07-31,03:28:00,0.352,0.124,243.670,1.600,0.000,0.000,1.0
2009-07-31,03:29:00,0.352,0.122,243.640,1.600,0.000,0.000,0.0
2009-07-31,03:30:00,0.642,0.196,243.180,3.200,0.000,0.000,5.0
2009-07-31,03:31:00,0.996,0.276,242.870,4.200,0.000,0.000,12.0
2009-07-31,03:32:00,1.026,0.278,243.180,4.400,0.000,0.000,12.0
2009-07-31,03:33:00,1.102,0.328,243.290,4.800,0.000,0.000,12.0
2009-07-31,03:34:00,1.100,0.336,243.660,4.800,0.000,0.000,12.0
2009-07-31,03:35:00,0.816,0.200,244.090,3.800,0.000,0.000,10.0
2009-07-31,03:36:00,0.334,0.094,244.530,1.600,0.000,0.000,0.0
2009-07-31,03:37:00,0.332,0.094,244.550,1.600,0.000,0.000,1.0
2009-07-31,03:38:00,0.330,0.094,244.270,1.600,0.000,0.000,1.0
2009-07-31,03:39:00,0.328,0.096,244.470,1.600,0.000,0.000,0.0
2009-07-31,03:40:00,0.326,0.094,243.950,1.600,0.000,0.000,1.0
2009-07-31,03:41:00,0.326,0.094,244.350,1.600,0.000,0.000,1.0
2009-07-31,03:42:00,0.324,0.092,243.810,1.600,0.000,0.000,0.0
2009-07-31,03:43:00,0.324,0.090,243.480,1.600,0.000,0.000,1.0
2009-07-31,03:44:00,0.324,0.090,243.440,1.600,0.000,0.000,1.0
2009-07-31,03:45:00,0.322,0.088,242.540,1.600,0.000,0.000,0.0
2009-07-31,03:46:00,0.322,0.088,242.700,1.600,0.000,0.000,1.0
2009-07-31,03:47:00,0.308,0.066,242.650,1.400,0.000,0.000,1.0
2009-07-31,03:48:00,0.252,0.000,242.600,1.200,0.000,0.000,0.0
2009-07-31,03:49:00,0.252,0.000,242.420,1.200,0.000,0.000,1.0
2009-07-31,03:50:00,0.252,0.000,242.540,1.200,0.000,0.000,1.0
2009-07-31,03:51:00,0.252,0.000,242.620,1.200,0.000,0.000,0.0
2009-07-31,03:52:00,0.252,0.000,242.600,1.200,0.000,0.000,1.0
2009-07-31,03:53:00,0.252,0.000,242.730,1.200,0.000,0.000,1.0
2009-07-31,03:54:00,0.252,0.000,242.680,1.200,0.000,0.000,0.0
2009-07-31,03:55:00,0.252,0.000,242.700,1.200,0.000,0.000,1.0
2009-07-31,03:56:00,0.254,0.000,243.210,1.200,0.000,0.000,1.0
2009-07-31,03:57:00,0.252,0.000,243.320,1.200,0.000,0.000,0.0
2009-07-31,03:58:00,0.254,0.000,243.290,1.200,0.000,0.000,1.0
2009-07-31,03:59:00,0.252,0.000,243.260,1.200,0.000,0.000,1.0
2009-07-31,04:00:00,0.254,0.000,243.320,1.200,0.000,0.000,0.0
2009-07-31,04:01:00,0.254,0.000,243.000,1.200,0.000,0.000,1.0
2009-07-31,04:02:00,0.306,0.000,242.290,1.600,0.000,0.000,1.0
2009-07-31,04:03:00,0.364,0.116,242.030,1.800,0.000,0.000,0.0
2009-07-31,04:04:00,0.360,0.118,242.170,1.800,0.000,0.000,1.0
2009-07-31,04:05:00,0.358,0.116,241.970,1.600,0.000,0.000,1.0
2009-07-31,04:06:00,0.358,0.118,242.280,1.600,0.000,0.000,0.0
2009-07-31,04:07:00,0.356,0.118,242.450,1.600,0.000,0.000,1.0
2009-07-31,04:08:00,0.356,0.118,242.590,1.600,0.000,0.000,1.0
2009-07-31,04:09:00,0.356,0.120,242.750,1.600,0.000,0.000,0.0
2009-07-31,04:10:00,0.354,0.118,242.580,1.600,0.000,0.000,1.0
2009-07-31,04:11:00,0.352,0.118,242.440,1.600,0.000,0.000,1.0
2009-07-31,04:12:00,0.352,0.118,242.340,1.600,0.000,0.000,0.0
2009-07-31,04:13:00,0.350,0.118,242.190,1.600,0.000,0.000,1.0
2009-07-31,04:14:00,0.350,0.118,242.390,1.600,0.000,0.000,1.0
2009-07-31,04:15:00,0.350,0.118,242.350,1.600,0.000,0.000,0.0
2009-07-31,04:16:00,0.350,0.118,242.300,1.600,0.000,0.000,1.0
2009-07-31,04:17:00,0.348,0.118,242.330,1.600,0.000,0.000,1.0
2009-07-31,04:18:00,0.374,0.134,242.380,1.800,0.000,0.000,0.0
2009-07-31,04:19:00,0.426,0.222,242.200,2.000,0.000,0.000,1.0
2009-07-31,04:20:00,0.426,0.222,242.350,2.000,0.000,0.000,1.0
2009-07-31,04:21:00,0.426,0.224,242.820,2.000,0.000,0.000,0.0
2009-07-31,04:22:00,0.416,0.214,242.990,2.000,0.000,0.000,1.0
2009-07-31,04:23:00,0.328,0.090,242.920,1.600,0.000,0.000,1.0
2009-07-31,04:24:00,0.326,0.088,242.340,1.600,0.000,0.000,0.0
2009-07-31,04:25:00,0.324,0.088,242.190,1.600,0.000,0.000,1.0
2009-07-31,04:26:00,0.324,0.088,242.250,1.600,0.000,0.000,1.0
2009-07-31,04:27:00,0.324,0.088,242.410,1.600,0.000,0.000,0.0
2009-07-31,04:28:00,0.322,0.088,242.370,1.600,0.000,0.000,1.0
2009-07-31,04:29:00,0.322,0.088,242.260,1.600,0.000,0.000,1.0
2009-07-31,04:30:00,0.322,0.088,242.360,1.600,0.000,0.000,0.0
2009-07-31,04:31:00,0.322,0.088,242.470,1.600,0.000,0.000,1.0
2009-07-31,04:32:00,0.322,0.088,242.490,1.600,0.000,0.000,1.0
2009-07-31,04:33:00,0.256,0.000,242.810,1.200,0.000,0.000,0.0
2009-07-31,04:34:00,0.252,0.000,242.650,1.200,0.000,0.000,1.0
2009-07-31,04:35:00,0.252,0.000,242.680,1.200,0.000,0.000,1.0
2009-07-31,04:36:00,0.252,0.000,242.870,1.200,0.000,0.000,0.0
2009-07-31,04:37:00,0.252,0.000,242.960,1.200,0.000,0.000,1.0
2009-07-31,04:38:00,0.252,0.000,242.650,1.200,0.000,0.000,1.0
2009-07-31,04:39:00,0.252,0.000,242.610,1.200,0.000,0.000,0.0
2009-07-31,04:40:00,0.254,0.000,242.850,1.200,0.000,0.000,1.0
2009-07-31,04:41:00,0.296,0.000,242.990,1.600,0.000,0.000,1.0
2009-07-31,04:42:00,0.342,0.108,242.850,1.600,0.000,1.000,0.0
2009-07-31,04:43:00,0.340,0.108,242.750,1.600,0.000,2.000,1.0
2009-07-31,04:44:00,0.342,0.108,242.690,1.600,0.000,1.000,1.0
2009-07-31,04:45:00,0.340,0.108,242.630,1.600,0.000,2.000,0.0
2009-07-31,04:46:00,0.342,0.108,242.640,1.600,0.000,1.000,1.0
2009-07-31,04:47:00,0.540,0.156,242.290,2.800,0.000,2.000,3.0
2009-07-31,04:48:00,0.978,0.252,241.660,4.200,0.000,1.000,12.0
2009-07-31,04:49:00,1.002,0.250,241.670,4.200,0.000,1.000,11.0
2009-07-31,04:50:00,1.030,0.248,241.490,4.400,0.000,2.000,13.0
2009-07-31,04:51:00,1.158,0.382,241.130,5.000,0.000,1.000,12.0
2009-07-31,04:52:00,1.026,0.350,240.550,4.600,0.000,2.000,11.0
2009-07-31,04:53:00,0.440,0.236,240.930,2.200,0.000,1.000,0.0
2009-07-31,04:54:00,0.438,0.236,241.120,2.200,0.000,2.000,1.0
2009-07-31,04:55:00,0.436,0.236,241.060,2.200,0.000,1.000,1.0
2009-07-31,04:56:00,0.434,0.236,241.160,2.200,0.000,1.000,0.0
2009-07-31,04:57:00,0.432,0.236,241.330,2.200,0.000,2.000,1.0
2009-07-31,04:58:00,0.430,0.238,241.500,2.200,0.000,1.000,1.0
2009-07-31,04:59:00,0.428,0.238,241.320,2.200,0.000,1.000,0.0
2009-07-31,05:00:00,0.426,0.236,241.290,2.200,0.000,2.000,1.0
2009-07-31,05:01:00,0.424,0.236,241.090,2.000,0.000,1.000,1.0
2009-07-31,05:02:00,0.422,0.236,241.020,2.000,0.000,1.000,0.0
2009-07-31,05:03:00,0.422,0.238,241.580,2.000,0.000,1.000,1.0
2009-07-31,05:04:00,0.488,0.306,241.570,2.600,0.000,2.000,1.0
2009-07-31,05:05:00,0.496,0.342,241.650,2.600,0.000,1.000,0.0
2009-07-31,05:06:00,0.496,0.338,241.030,2.600,0.000,1.000,1.0
2009-07-31,05:07:00,0.494,0.338,241.080,2.600,0.000,1.000,1.0
2009-07-31,05:08:00,0.492,0.338,241.000,2.600,0.000,2.000,0.0
2009-07-31,05:09:00,0.490,0.338,241.110,2.600,0.000,1.000,1.0
2009-07-31,05:10:00,0.488,0.338,241.220,2.600,0.000,1.000,0.0
2009-07-31,05:11:00,0.412,0.232,241.450,2.000,0.000,1.000,1.0
2009-07-31,05:12:00,0.394,0.206,241.470,2.000,0.000,2.000,1.0
2009-07-31,05:13:00,0.392,0.206,241.380,2.000,0.000,1.000,0.0
2009-07-31,05:14:00,0.392,0.206,241.200,2.000,0.000,1.000,1.0
2009-07-31,05:15:00,0.392,0.206,241.450,2.000,0.000,1.000,1.0
2009-07-31,05:16:00,0.394,0.208,242.220,2.000,0.000,1.000,0.0
2009-07-31,05:17:00,0.392,0.210,242.370,2.000,0.000,2.000,1.0
2009-07-31,05:18:00,0.362,0.166,242.340,1.800,0.000,1.000,1.0
2009-07-31,05:19:00,0.326,0.106,242.390,1.600,0.000,1.000,0.0
2009-07-31,05:20:00,0.324,0.106,242.120,1.600,0.000,1.000,1.0
2009-07-31,05:21:00,0.326,0.106,242.570,1.600,0.000,1.000,1.0
2009-07-31,05:22:00,0.326,0.108,242.810,1.600,0.000,2.000,0.0
2009-07-31,05:23:00,0.326,0.108,242.910,1.600,0.000,1.000,1.0
2009-07-31,05:24:00,0.326,0.108,242.830,1.600,0.000,1.000,1.0
2009-07-31,05:25:00,0.284,0.000,242.600,1.400,0.000,1.000,0.0
2009-07-31,05:26:00,0.252,0.000,242.010,1.200,0.000,0.000,1.0
2009-07-31,05:27:00,0.252,0.000,241.990,1.200,0.000,0.000,1.0
2009-07-31,05:28:00,0.252,0.000,242.010,1.200,0.000,0.000,0.0
2009-07-31,05:29:00,0.252,0.000,241.960,1.200,0.000,0.000,1.0
2009-07-31,05:30:00,0.252,0.000,241.930,1.200,0.000,0.000,1.0
2009-07-31,05:31:00,0.252,0.000,241.840,1.200,0.000,0.000,0.0
2009-07-31,05:32:00,0.252,0.000,241.840,1.200,0.000,0.000,1.0
2009-07-31,05:33:00,0.252,0.000,242.070,1.200,0.000,0.000,1.0
2009-07-31,05:34:00,0.252,0.000,241.930,1.200,0.000,0.000,0.0
2009-07-31,05:35:00,0.252,0.000,242.500,1.200,0.000,0.000,1.0
2009-07-31,05:36:00,0.252,0.000,242.420,1.200,0.000,0.000,1.0
2009-07-31,05:37:00,0.252,0.000,242.310,1.200,0.000,0.000,0.0
2009-07-31,05:38:00,0.252,0.000,242.090,1.200,0.000,0.000,1.0
2009-07-31,05:39:00,0.318,0.046,241.760,1.600,0.000,0.000,1.0
2009-07-31,05:40:00,0.364,0.118,242.190,1.800,0.000,0.000,0.0
2009-07-31,05:41:00,0.360,0.118,242.190,1.600,0.000,0.000,1.0
2009-07-31,05:42:00,0.358,0.116,241.470,1.600,0.000,0.000,1.0
2009-07-31,05:43:00,0.358,0.114,241.460,1.600,0.000,0.000,0.0
2009-07-31,05:44:00,0.356,0.114,241.340,1.600,0.000,0.000,1.0
2009-07-31,05:45:00,0.354,0.114,240.840,1.600,0.000,0.000,1.0
2009-07-31,05:46:00,0.354,0.116,241.550,1.600,0.000,0.000,0.0
2009-07-31,05:47:00,0.354,0.118,242.270,1.600,0.000,0.000,1.0
2009-07-31,05:48:00,0.352,0.118,242.320,1.600,0.000,0.000,1.0
2009-07-31,05:49:00,0.376,0.132,242.200,1.800,0.000,0.000,0.0
2009-07-31,05:50:00,0.428,0.220,242.000,2.000,0.000,0.000,1.0
2009-07-31,05:51:00,0.426,0.220,242.060,2.000,0.000,0.000,1.0
2009-07-31,05:52:00,0.426,0.220,242.340,2.000,0.000,0.000,0.0
2009-07-31,05:53:00,0.424,0.220,242.380,2.000,0.000,0.000,1.0
2009-07-31,05:54:00,0.422,0.220,242.370,2.000,0.000,0.000,1.0
2009-07-31,05:55:00,0.420,0.220,242.260,2.000,0.000,0.000,0.0
2009-07-31,05:56:00,0.418,0.220,242.140,2.000,0.000,0.000,1.0
2009-07-31,05:57:00,0.418,0.220,242.170,2.000,0.000,0.000,1.0
2009-07-31,05:58:00,0.416,0.222,242.090,2.000,0.000,0.000,0.0
2009-07-31,05:59:00,0.380,0.170,242.210,1.800,0.000,0.000,1.0
2009-07-31,06:00:00,0.322,0.088,242.450,1.600,0.000,0.000,1.0
2009-07-31,06:01:00,0.322,0.088,242.210,1.600,0.000,0.000,0.0
2009-07-31,06:02:00,0.322,0.088,242.290,1.600,0.000,0.000,1.0
2009-07-31,06:03:00,0.322,0.090,242.730,1.600,0.000,0.000,1.0
2009-07-31,06:04:00,0.264,0.000,242.650,1.400,0.000,0.000,0.0
2009-07-31,06:05:00,0.252,0.000,242.670,1.200,0.000,0.000,1.0
2009-07-31,06:06:00,0.798,0.114,242.130,3.600,0.000,0.000,9.0
2009-07-31,06:07:00,0.900,0.130,241.820,3.800,0.000,0.000,12.0
2009-07-31,06:08:00,0.934,0.128,241.760,4.000,0.000,0.000,12.0
2009-07-31,06:09:00,0.950,0.132,242.110,4.000,0.000,0.000,12.0
2009-07-31,06:10:00,0.952,0.126,241.660,4.000,0.000,0.000,12.0
2009-07-31,06:11:00,0.426,0.000,242.140,2.200,0.000,0.000,4.0
2009-07-31,06:12:00,0.254,0.000,242.570,1.200,0.000,0.000,1.0
2009-07-31,06:13:00,0.252,0.000,242.300,1.200,0.000,0.000,0.0
2009-07-31,06:14:00,0.252,0.000,242.210,1.200,0.000,0.000,1.0
2009-07-31,06:15:00,0.252,0.000,242.300,1.200,0.000,0.000,1.0
2009-07-31,06:16:00,0.252,0.000,242.880,1.200,0.000,0.000,0.0
2009-07-31,06:17:00,0.252,0.000,243.000,1.200,0.000,0.000,1.0
2009-07-31,06:18:00,0.254,0.000,243.070,1.200,0.000,0.000,1.0
2009-07-31,06:19:00,0.254,0.000,243.080,1.200,0.000,0.000,0.0
2009-07-31,06:20:00,0.252,0.000,242.920,1.200,0.000,0.000,1.0
2009-07-31,06:21:00,0.252,0.000,242.550,1.200,0.000,0.000,1.0
2009-07-31,06:22:00,0.252,0.000,242.280,1.200,0.000,0.000,0.0
2009-07-31,06:23:00,0.252,0.000,242.300,1.200,0.000,0.000,1.0
2009-07-31,06:24:00,0.252,0.000,242.410,1.200,0.000,0.000,1.0
2009-07-31,06:25:00,0.252,0.000,242.350,1.200,0.000,0.000,0.0
2009-07-31,06:26:00,0.252,0.000,242.280,1.200,0.000,0.000,1.0
2009-07-31,06:27:00,0.274,0.000,242.350,1.400,0.000,0.000,1.0
2009-07-31,06:28:00,0.364,0.118,242.030,1.800,0.000,0.000,0.0
2009-07-31,06:29:00,0.362,0.118,241.830,1.800,0.000,0.000,1.0
2009-07-31,06:30:00,0.360,0.118,241.930,1.600,0.000,0.000,1.0
2009-07-31,06:31:00,0.358,0.118,241.520,1.600,0.000,0.000,0.0
2009-07-31,06:32:00,0.356,0.118,241.330,1.600,0.000,0.000,1.0
2009-07-31,06:33:00,0.356,0.120,241.770,1.600,0.000,0.000,1.0
2009-07-31,06:34:00,0.354,0.120,241.560,1.600,0.000,0.000,0.0
2009-07-31,06:35:00,0.378,0.134,242.010,1.800,0.000,0.000,1.0
2009-07-31,06:36:00,0.430,0.226,242.150,2.000,0.000,0.000,1.0
2009-07-31,06:37:00,0.428,0.224,241.960,2.000,0.000,0.000,0.0
2009-07-31,06:38:00,0.426,0.224,241.850,2.000,0.000,0.000,1.0
2009-07-31,06:39:00,0.422,0.222,241.220,2.000,0.000,0.000,1.0
2009-07-31,06:40:00,0.420,0.218,240.800,2.000,0.000,0.000,0.0
2009-07-31,06:41:00,0.418,0.220,240.840,2.000,0.000,0.000,1.0
2009-07-31,06:42:00,0.416,0.218,240.510,2.000,0.000,0.000,1.0
2009-07-31,06:43:00,0.414,0.218,240.220,2.000,0.000,0.000,0.0
2009-07-31,06:44:00,0.414,0.220,240.940,2.000,0.000,0.000,1.0
2009-07-31,06:45:00,0.414,0.222,241.070,2.000,0.000,0.000,1.0
2009-07-31,06:46:00,0.412,0.220,240.810,2.000,0.000,0.000,0.0
2009-07-31,06:47:00,0.396,0.198,241.010,2.000,0.000,0.000,1.0
2009-07-31,06:48:00,0.320,0.090,241.350,1.600,0.000,0.000,1.0
2009-07-31,06:49:00,0.320,0.088,241.220,1.600,0.000,0.000,0.0
2009-07-31,06:50:00,0.270,0.000,241.340,1.400,0.000,0.000,1.0
2009-07-31,06:51:00,0.252,0.000,241.340,1.200,0.000,0.000,1.0
2009-07-31,06:52:00,0.252,0.000,241.290,1.200,0.000,0.000,0.0
2009-07-31,06:53:00,0.252,0.000,241.810,1.200,0.000,0.000,1.0
2009-07-31,06:54:00,0.252,0.000,242.660,1.200,0.000,0.000,1.0
2009-07-31,06:55:00,0.252,0.000,242.310,1.200,0.000,0.000,0.0
2009-07-31,06:56:00,0.250,0.000,241.530,1.200,0.000,0.000,1.0
2009-07-31,06:57:00,0.250,0.000,241.350,1.200,0.000,0.000,0.0
2009-07-31,06:58:00,0.252,0.000,241.590,1.200,0.000,0.000,1.0
2009-07-31,06:59:00,0.314,0.050,241.130,1.600,0.000,0.000,1.0
2009-07-31,07:00:00,0.340,0.108,241.460,1.600,0.000,1.000,0.0
2009-07-31,07:01:00,0.338,0.110,241.710,1.600,0.000,2.000,1.0
2009-07-31,07:02:00,0.340,0.108,241.370,1.600,0.000,1.000,1.0
2009-07-31,07:03:00,0.340,0.108,241.250,1.600,0.000,1.000,0.0
2009-07-31,07:04:00,0.338,0.108,241.250,1.600,0.000,2.000,1.0
2009-07-31,07:05:00,0.340,0.110,241.860,1.600,0.000,1.000,1.0
2009-07-31,07:06:00,0.340,0.110,242.370,1.600,0.000,2.000,0.0
2009-07-31,07:07:00,0.340,0.110,242.200,1.600,0.000,1.000,1.0
2009-07-31,07:08:00,0.338,0.110,242.180,1.600,0.000,2.000,1.0
2009-07-31,07:09:00,0.338,0.110,242.020,1.600,0.000,1.000,0.0
2009-07-31,07:10:00,0.338,0.110,242.110,1.600,0.000,2.000,1.0
2009-07-31,07:11:00,0.338,0.110,242.490,1.600,0.000,1.000,1.0
2009-07-31,07:12:00,0.338,0.112,242.650,1.600,0.000,1.000,0.0
2009-07-31,07:13:00,0.334,0.110,242.140,1.600,0.000,2.000,1.0
2009-07-31,07:14:00,0.334,0.110,242.370,1.600,0.000,1.000,1.0
2009-07-31,07:15:00,0.384,0.160,242.380,2.000,0.000,1.000,0.0
2009-07-31,07:16:00,0.442,0.242,241.730,2.200,0.000,2.000,1.0
2009-07-31,07:17:00,0.436,0.242,241.430,2.200,0.000,1.000,1.0
2009-07-31,07:18:00,0.434,0.242,241.450,2.200,0.000,1.000,0.0
2009-07-31,07:19:00,0.430,0.240,240.670,2.200,0.000,2.000,1.0
2009-07-31,07:20:00,0.428,0.236,240.180,2.200,0.000,1.000,1.0
2009-07-31,07:21:00,0.446,0.244,240.280,2.200,0.000,1.000,0.0
2009-07-31,07:22:00,0.502,0.336,239.420,2.600,0.000,1.000,1.0
2009-07-31,07:23:00,0.498,0.336,239.730,2.600,0.000,2.000,1.0
2009-07-31,07:24:00,0.496,0.332,238.780,2.600,0.000,1.000,0.0
2009-07-31,07:25:00,0.492,0.330,238.440,2.600,0.000,1.000,1.0
2009-07-31,07:26:00,0.910,0.414,237.700,4.400,0.000,1.000,7.0
2009-07-31,07:27:00,1.120,0.454,238.080,5.000,0.000,2.000,11.0
2009-07-31,07:28:00,1.148,0.452,237.830,5.200,0.000,1.000,12.0
2009-07-31,07:29:00,1.166,0.448,237.480,5.200,0.000,1.000,12.0
2009-07-31,07:30:00,1.172,0.454,238.110,5.200,0.000,1.000,12.0
2009-07-31,07:31:00,1.066,0.438,238.530,5.000,0.000,1.000,11.0
2009-07-31,07:32:00,0.484,0.338,239.870,2.600,0.000,2.000,1.0
2009-07-31,07:33:00,0.482,0.338,239.630,2.600,0.000,1.000,0.0
2009-07-31,07:34:00,0.480,0.332,238.560,2.400,0.000,1.000,1.0
2009-07-31,07:35:00,0.454,0.298,239.220,2.400,0.000,1.000,1.0
2009-07-31,07:36:00,0.334,0.122,240.830,1.600,0.000,1.000,0.0
2009-07-31,07:37:00,0.332,0.106,240.800,1.600,0.000,2.000,1.0
2009-07-31,07:38:00,0.332,0.110,241.930,1.600,0.000,1.000,1.0
2009-07-31,07:39:00,0.334,0.114,243.480,1.600,0.000,1.000,0.0
2009-07-31,07:40:00,0.334,0.112,243.200,1.600,0.000,1.000,1.0
2009-07-31,07:41:00,0.334,0.112,243.340,1.600,0.000,2.000,1.0
2009-07-31,07:42:00,0.334,0.110,242.860,1.600,0.000,1.000,0.0
2009-07-31,07:43:00,0.328,0.102,242.930,1.600,0.000,1.000,1.0
2009-07-31,07:44:00,0.262,0.000,243.170,1.200,0.000,0.000,1.0
2009-07-31,07:45:00,0.262,0.000,243.940,1.200,0.000,0.000,0.0
2009-07-31,07:46:00,0.260,0.000,242.540,1.200,0.000,0.000,1.0
2009-07-31,07:47:00,0.260,0.000,242.710,1.200,0.000,0.000,1.0
2009-07-31,07:48:00,0.260,0.000,242.640,1.200,0.000,0.000,0.0
2009-07-31,07:49:00,0.260,0.000,242.670,1.200,0.000,0.000,1.0
2009-07-31,07:50:00,0.260,0.000,242.850,1.200,0.000,0.000,1.0
2009-07-31,07:51:00,0.260,0.000,243.290,1.200,0.000,0.000,0.0
2009-07-31,07:52:00,0.262,0.000,243.030,1.200,0.000,0.000,1.0
2009-07-31,07:53:00,0.260,0.000,243.360,1.200,0.000,0.000,1.0
2009-07-31,07:54:00,0.260,0.000,243.860,1.200,0.000,0.000,0.0
2009-07-31,07:55:00,0.260,0.000,243.520,1.200,0.000,0.000,1.0
2009-07-31,07:56:00,0.222,0.000,242.380,1.200,0.000,0.000,1.0
2009-07-31,07:57:00,0.602,0.000,242.240,2.800,0.000,0.000,0.0
2009-07-31,07:58:00,0.482,0.000,242.200,2.200,0.000,0.000,1.0
2009-07-31,07:59:00,0.308,0.000,242.520,1.200,0.000,0.000,1.0
2009-07-31,08:00:00,0.142,0.000,241.900,0.600,0.000,0.000,0.0
2009-07-31,08:01:00,0.140,0.000,242.210,0.600,0.000,0.000,1.0
2009-07-31,08:02:00,0.140,0.000,242.360,0.600,0.000,0.000,0.0
2009-07-31,08:03:00,0.140,0.000,242.370,0.600,0.000,0.000,1.0
2009-07-31,08:04:00,0.244,0.094,242.890,1.200,0.000,0.000,1.0
2009-07-31,08:05:00,0.252,0.118,242.540,1.000,0.000,0.000,0.0
2009-07-31,08:06:00,0.248,0.118,242.480,1.000,0.000,0.000,1.0
2009-07-31,08:07:00,0.248,0.118,242.240,1.000,0.000,0.000,1.0
2009-07-31,08:08:00,0.332,0.212,242.570,1.600,0.000,0.000,0.0
2009-07-31,08:09:00,0.320,0.218,241.530,1.600,0.000,0.000,1.0
2009-07-31,08:10:00,0.320,0.220,241.990,1.600,0.000,0.000,1.0
2009-07-31,08:11:00,0.318,0.220,242.040,1.600,0.000,0.000,0.0
2009-07-31,08:12:00,0.314,0.218,241.520,1.600,0.000,0.000,1.0
2009-07-31,08:13:00,0.312,0.220,241.930,1.600,0.000,0.000,1.0
2009-07-31,08:14:00,0.310,0.220,241.570,1.600,0.000,0.000,0.0
2009-07-31,08:15:00,0.308,0.218,241.410,1.600,0.000,0.000,1.0
2009-07-31,08:16:00,0.306,0.220,241.660,1.600,0.000,0.000,1.0
2009-07-31,08:17:00,0.306,0.222,242.420,1.600,0.000,0.000,0.0
2009-07-31,08:18:00,0.306,0.222,242.170,1.400,0.000,0.000,1.0
2009-07-31,08:19:00,0.304,0.220,241.930,1.400,0.000,0.000,1.0
2009-07-31,08:20:00,0.304,0.222,241.970,1.400,0.000,0.000,0.0
2009-07-31,08:21:00,0.304,0.224,242.450,1.400,0.000,0.000,1.0
2009-07-31,08:22:00,0.246,0.134,242.520,1.200,0.000,0.000,1.0
2009-07-31,08:23:00,0.236,0.120,242.370,1.000,0.000,0.000,0.0
2009-07-31,08:24:00,0.164,0.000,242.140,0.800,0.000,0.000,1.0
2009-07-31,08:25:00,0.140,0.000,242.030,0.600,0.000,0.000,1.0
2009-07-31,08:26:00,0.138,0.000,241.640,0.600,0.000,0.000,0.0
2009-07-31,08:27:00,0.138,0.000,241.220,0.600,0.000,0.000,1.0
2009-07-31,08:28:00,0.138,0.000,240.610,0.600,0.000,0.000,1.0
2009-07-31,08:29:00,0.138,0.000,241.300,0.600,0.000,0.000,0.0
2009-07-31,08:30:00,0.138,0.000,241.740,0.600,0.000,0.000,1.0
2009-07-31,08:31:00,0.138,0.000,241.050,0.600,0.000,0.000,1.0
2009-07-31,08:32:00,0.138,0.000,241.520,0.600,0.000,0.000,0.0
2009-07-31,08:33:00,0.138,0.000,241.330,0.600,0.000,0.000,1.0
2009-07-31,08:34:00,0.140,0.000,242.240,0.600,0.000,0.000,1.0
2009-07-31,08:35:00,0.138,0.000,241.080,0.600,0.000,0.000,0.0
2009-07-31,08:36:00,0.138,0.000,241.270,0.600,0.000,0.000,1.0
2009-07-31,08:37:00,0.140,0.000,241.710,0.600,0.000,0.000,1.0
2009-07-31,08:38:00,0.138,0.000,241.250,0.600,0.000,0.000,0.0
2009-07-31,08:39:00,0.138,0.000,241.580,0.600,0.000,0.000,1.0
2009-07-31,08:40:00,0.138,0.000,241.590,0.600,0.000,0.000,1.0
2009-07-31,08:41:00,0.140,0.000,242.170,0.600,0.000,0.000,0.0
2009-07-31,08:42:00,0.140,0.000,242.590,0.600,0.000,0.000,1.0
2009-07-31,08:43:00,0.140,0.000,243.270,0.600,0.000,0.000,1.0
2009-07-31,08:44:00,0.140,0.000,243.350,0.600,0.000,0.000,0.0
2009-07-31,08:45:00,0.140,0.000,243.260,0.600,0.000,0.000,1.0
2009-07-31,08:46:00,0.140,0.000,243.140,0.600,0.000,0.000,1.0
2009-07-31,08:47:00,0.140,0.000,242.540,0.600,0.000,0.000,0.0
2009-07-31,08:48:00,0.140,0.000,242.890,0.600,0.000,0.000,1.0
2009-07-31,08:49:00,0.140,0.000,242.810,0.600,0.000,0.000,1.0
2009-07-31,08:50:00,0.140,0.000,242.720,0.600,0.000,0.000,0.0
2009-07-31,08:51:00,0.434,0.050,241.980,2.200,0.000,0.000,5.0
2009-07-31,08:52:00,0.846,0.194,241.470,3.600,0.000,0.000,12.0
2009-07-31,08:53:00,0.946,0.278,241.650,4.000,0.000,0.000,11.0
2009-07-31,08:54:00,1.014,0.362,241.690,4.400,0.000,0.000,12.0
2009-07-31,08:55:00,1.016,0.354,241.020,4.400,0.000,0.000,13.0
2009-07-31,08:56:00,0.656,0.282,241.010,3.200,0.000,0.000,6.0
2009-07-31,08:57:00,0.320,0.220,241.690,1.600,0.000,0.000,1.0
2009-07-31,08:58:00,0.316,0.216,240.880,1.600,0.000,0.000,1.0
2009-07-31,08:59:00,0.314,0.216,241.050,1.600,0.000,0.000,0.0
2009-07-31,09:00:00,0.312,0.220,241.640,1.600,0.000,0.000,1.0
2009-07-31,09:01:00,0.310,0.216,241.070,1.600,0.000,0.000,1.0
2009-07-31,09:02:00,0.308,0.216,241.120,1.400,0.000,0.000,0.0
2009-07-31,09:03:00,0.306,0.216,240.990,1.400,0.000,0.000,1.0
2009-07-31,09:04:00,0.304,0.214,240.490,1.400,0.000,0.000,1.0
2009-07-31,09:05:00,0.304,0.220,241.660,1.400,0.000,0.000,0.0
2009-07-31,09:06:00,0.304,0.216,240.850,1.400,0.000,0.000,1.0
2009-07-31,09:07:00,0.284,0.186,240.720,1.400,0.000,0.000,1.0
2009-07-31,09:08:00,0.234,0.114,241.040,1.000,0.000,0.000,0.0
2009-07-31,09:09:00,0.234,0.114,240.810,1.000,0.000,0.000,1.0
2009-07-31,09:10:00,0.236,0.116,241.660,1.000,0.000,0.000,1.0
2009-07-31,09:11:00,0.236,0.116,241.930,1.000,0.000,0.000,0.0
2009-07-31,09:12:00,0.184,0.000,241.700,0.800,0.000,0.000,1.0
2009-07-31,09:13:00,0.138,0.000,240.420,0.600,0.000,0.000,1.0
2009-07-31,09:14:00,0.234,0.088,241.050,1.200,0.000,0.000,0.0
2009-07-31,09:15:00,0.228,0.104,241.350,1.000,0.000,2.000,1.0
2009-07-31,09:16:00,0.228,0.102,241.090,1.000,0.000,1.000,1.0
2009-07-31,09:17:00,0.228,0.102,241.120,1.000,0.000,2.000,0.0
2009-07-31,09:18:00,0.228,0.102,240.910,1.000,0.000,1.000,1.0
2009-07-31,09:19:00,0.228,0.104,241.280,1.000,0.000,2.000,1.0
2009-07-31,09:20:00,0.228,0.104,241.740,1.000,0.000,1.000,0.0
2009-07-31,09:21:00,0.228,0.106,242.150,1.000,0.000,1.000,1.0
2009-07-31,09:22:00,0.228,0.106,241.920,1.000,0.000,2.000,0.0
2009-07-31,09:23:00,0.228,0.106,242.440,1.000,0.000,1.000,1.0
2009-07-31,09:24:00,0.228,0.106,242.270,1.000,0.000,2.000,1.0
2009-07-31,09:25:00,0.228,0.106,242.550,1.000,0.000,1.000,0.0
2009-07-31,09:26:00,0.226,0.106,242.470,1.000,0.000,2.000,1.0
2009-07-31,09:27:00,0.224,0.106,242.330,1.000,0.000,1.000,1.0
2009-07-31,09:28:00,0.222,0.104,241.830,1.000,0.000,1.000,0.0
2009-07-31,09:29:00,0.222,0.104,241.960,1.000,0.000,2.000,1.0
2009-07-31,09:30:00,0.220,0.104,241.670,1.000,0.000,1.000,1.0
2009-07-31,09:31:00,0.220,0.104,241.810,1.000,0.000,1.000,0.0
2009-07-31,09:32:00,0.218,0.104,241.880,1.000,0.000,2.000,1.0
2009-07-31,09:33:00,0.218,0.104,242.090,1.000,0.000,1.000,1.0
2009-07-31,09:34:00,0.218,0.106,242.430,1.000,0.000,1.000,0.0
2009-07-31,09:35:00,0.220,0.108,243.060,1.000,0.000,1.000,1.0
2009-07-31,09:36:00,0.218,0.108,243.080,1.000,0.000,2.000,1.0
2009-07-31,09:37:00,0.218,0.108,243.300,1.000,0.000,1.000,0.0
2009-07-31,09:38:00,0.218,0.108,243.350,1.000,0.000,1.000,1.0
2009-07-31,09:39:00,0.262,0.148,243.100,1.400,0.000,1.000,1.0
2009-07-31,09:40:00,0.312,0.224,242.890,1.600,0.000,2.000,0.0
2009-07-31,09:41:00,0.404,0.348,242.960,2.200,0.000,1.000,1.0
2009-07-31,09:42:00,0.400,0.350,242.980,2.200,0.000,1.000,1.0
2009-07-31,09:43:00,0.394,0.344,242.160,2.000,0.000,1.000,0.0
2009-07-31,09:44:00,0.392,0.342,241.750,2.000,0.000,1.000,1.0
2009-07-31,09:45:00,0.388,0.340,241.270,2.000,0.000,2.000,1.0
2009-07-31,09:46:00,0.386,0.342,241.710,2.000,0.000,1.000,0.0
2009-07-31,09:47:00,0.384,0.344,242.030,2.000,0.000,1.000,1.0
2009-07-31,09:48:00,0.382,0.342,241.650,2.000,0.000,1.000,1.0
2009-07-31,09:49:00,0.382,0.348,242.750,2.000,0.000,1.000,0.0
2009-07-31,09:50:00,0.380,0.346,242.390,2.000,0.000,2.000,1.0
2009-07-31,09:51:00,0.378,0.342,241.610,2.000,0.000,1.000,1.0
2009-07-31,09:52:00,0.378,0.342,241.850,2.000,0.000,1.000,0.0
2009-07-31,09:53:00,0.328,0.270,242.920,1.600,0.000,1.000,1.0
2009-07-31,09:54:00,0.308,0.242,242.620,1.600,0.000,1.000,1.0
2009-07-31,09:55:00,0.310,0.244,243.200,1.600,0.000,2.000,0.0
2009-07-31,09:56:00,0.300,0.228,243.000,1.600,0.000,1.000,1.0
2009-07-31,09:57:00,0.238,0.120,242.580,1.000,0.000,0.000,1.0
2009-07-31,09:58:00,0.236,0.118,242.110,1.000,0.000,0.000,0.0
2009-07-31,09:59:00,0.236,0.118,242.450,1.000,0.000,0.000,1.0
2009-07-31,10:00:00,0.236,0.120,242.920,1.000,0.000,0.000,1.0
2009-07-31,10:01:00,0.142,0.000,241.710,0.600,0.000,0.000,0.0
2009-07-31,10:02:00,0.140,0.000,242.480,0.600,0.000,0.000,1.0
2009-07-31,10:03:00,0.140,0.000,241.710,0.600,0.000,0.000,1.0
2009-07-31,10:04:00,0.140,0.000,241.670,0.600,0.000,0.000,0.0
2009-07-31,10:05:00,0.140,0.000,242.110,0.600,0.000,0.000,1.0
2009-07-31,10:06:00,0.140,0.000,241.690,0.600,0.000,0.000,1.0
2009-07-31,10:07:00,0.140,0.000,241.580,0.600,0.000,0.000,0.0
2009-07-31,10:08:00,0.138,0.000,240.540,0.600,0.000,0.000,1.0
2009-07-31,10:09:00,0.138,0.000,240.720,0.600,0.000,0.000,1.0
2009-07-31,10:10:00,0.140,0.000,242.110,0.600,0.000,0.000,0.0
2009-07-31,10:11:00,0.140,0.000,241.530,0.600,0.000,0.000,1.0
2009-07-31,10:12:00,0.210,0.000,240.930,1.400,0.000,0.000,1.0
2009-07-31,10:13:00,0.766,0.112,239.590,3.200,0.000,0.000,11.0
2009-07-31,10:14:00,0.790,0.116,240.290,3.200,0.000,0.000,12.0
2009-07-31,10:15:00,0.822,0.114,240.130,3.400,0.000,0.000,12.0
2009-07-31,10:16:00,0.834,0.118,240.620,3.400,0.000,0.000,12.0
2009-07-31,10:17:00,0.834,0.114,240.270,3.400,0.000,0.000,12.0
2009-07-31,10:18:00,0.284,0.000,240.080,1.600,0.000,0.000,4.0
2009-07-31,10:19:00,0.140,0.000,240.650,0.600,0.000,0.000,1.0
2009-07-31,10:20:00,0.138,0.000,239.870,0.600,0.000,0.000,0.0
2009-07-31,10:21:00,0.138,0.000,240.080,0.600,0.000,0.000,1.0
2009-07-31,10:22:00,0.138,0.000,239.960,0.600,0.000,0.000,0.0
2009-07-31,10:23:00,0.138,0.000,240.020,0.600,0.000,0.000,1.0
2009-07-31,10:24:00,0.174,0.000,240.100,1.000,0.000,0.000,1.0
2009-07-31,10:25:00,0.216,0.080,239.960,1.000,0.000,0.000,0.0
2009-07-31,10:26:00,0.216,0.080,239.980,1.000,0.000,0.000,1.0
2009-07-31,10:27:00,0.216,0.080,239.830,1.000,0.000,0.000,1.0
2009-07-31,10:28:00,0.214,0.080,239.710,1.000,0.000,0.000,0.0
2009-07-31,10:29:00,0.276,0.140,239.670,1.400,0.000,0.000,1.0
2009-07-31,10:30:00,0.322,0.212,240.180,1.600,0.000,0.000,1.0
2009-07-31,10:31:00,0.316,0.214,240.410,1.600,0.000,0.000,0.0
2009-07-31,10:32:00,0.316,0.214,240.560,1.600,0.000,0.000,1.0
2009-07-31,10:33:00,0.312,0.212,240.280,1.600,0.000,0.000,1.0
2009-07-31,10:34:00,0.310,0.212,240.100,1.600,0.000,0.000,0.0
2009-07-31,10:35:00,0.310,0.214,240.590,1.600,0.000,0.000,1.0
2009-07-31,10:36:00,0.308,0.214,240.550,1.400,0.000,0.000,1.0
2009-07-31,10:37:00,0.306,0.214,240.460,1.400,0.000,0.000,0.0
2009-07-31,10:38:00,0.260,0.144,240.810,1.200,0.000,0.000,1.0
2009-07-31,10:39:00,0.238,0.112,240.570,1.000,0.000,0.000,1.0
2009-07-31,10:40:00,0.236,0.112,240.680,1.000,0.000,0.000,0.0
2009-07-31,10:41:00,0.236,0.114,241.110,1.000,0.000,0.000,1.0
2009-07-31,10:42:00,0.236,0.114,240.870,1.000,0.000,0.000,0.0
2009-07-31,10:43:00,0.236,0.112,240.760,1.000,0.000,0.000,1.0
2009-07-31,10:44:00,0.234,0.112,240.780,1.000,0.000,0.000,1.0
2009-07-31,10:45:00,0.234,0.112,240.270,1.000,0.000,0.000,0.0
2009-07-31,10:46:00,0.234,0.110,239.800,1.000,0.000,0.000,1.0
2009-07-31,10:47:00,0.232,0.106,238.670,1.000,0.000,0.000,1.0
2009-07-31,10:48:00,0.230,0.106,238.460,1.000,0.000,0.000,0.0
2009-07-31,10:49:00,0.200,0.064,239.070,0.800,0.000,0.000,1.0
2009-07-31,10:50:00,0.136,0.000,239.570,0.600,0.000,0.000,1.0
2009-07-31,10:51:00,0.136,0.000,239.310,0.600,0.000,0.000,0.0
2009-07-31,10:52:00,0.136,0.000,239.030,0.600,0.000,0.000,1.0
2009-07-31,10:53:00,0.136,0.000,239.170,0.600,0.000,0.000,1.0
2009-07-31,10:54:00,0.136,0.000,238.820,0.600,0.000,0.000,0.0
2009-07-31,10:55:00,0.136,0.000,239.220,0.600,0.000,0.000,1.0
2009-07-31,10:56:00,0.138,0.000,241.520,0.600,0.000,0.000,1.0
2009-07-31,10:57:00,0.140,0.000,243.290,0.600,0.000,0.000,0.0
2009-07-31,10:58:00,0.140,0.000,242.500,0.600,0.000,0.000,1.0
2009-07-31,10:59:00,0.140,0.000,242.690,0.600,0.000,0.000,1.0
2009-07-31,11:00:00,0.140,0.000,243.520,0.600,0.000,0.000,0.0
2009-07-31,11:01:00,0.140,0.000,243.500,0.600,0.000,0.000,1.0
2009-07-31,11:02:00,0.140,0.000,242.760,0.600,0.000,0.000,1.0
2009-07-31,11:03:00,0.140,0.000,242.920,0.600,0.000,0.000,0.0
2009-07-31,11:04:00,0.138,0.000,242.080,0.600,0.000,0.000,1.0
2009-07-31,11:05:00,0.140,0.000,242.860,0.600,0.000,0.000,1.0
2009-07-31,11:06:00,0.140,0.000,242.840,0.600,0.000,0.000,0.0
2009-07-31,11:07:00,0.140,0.000,242.780,0.600,0.000,0.000,1.0
2009-07-31,11:08:00,0.140,0.000,243.500,0.600,0.000,0.000,1.0
2009-07-31,11:09:00,0.166,0.000,243.650,1.000,0.000,0.000,0.0
2009-07-31,11:10:00,0.220,0.090,243.660,1.000,0.000,0.000,1.0
2009-07-31,11:11:00,0.220,0.090,243.430,1.000,0.000,0.000,1.0
2009-07-31,11:12:00,0.218,0.088,243.110,1.000,0.000,0.000,0.0
2009-07-31,11:13:00,0.218,0.090,243.500,1.000,0.000,0.000,1.0
2009-07-31,11:14:00,0.216,0.090,243.620,1.000,0.000,0.000,1.0
2009-07-31,11:15:00,0.216,0.092,244.080,1.000,0.000,0.000,0.0
2009-07-31,11:16:00,0.214,0.090,243.910,1.000,0.000,0.000,1.0
2009-07-31,11:17:00,0.272,0.146,242.110,1.400,0.000,0.000,1.0
2009-07-31,11:18:00,0.322,0.222,242.550,1.600,0.000,0.000,0.0
2009-07-31,11:19:00,0.318,0.222,242.760,1.600,0.000,0.000,1.0
2009-07-31,11:20:00,0.318,0.224,243.090,1.600,0.000,0.000,1.0
2009-07-31,11:21:00,0.314,0.222,242.790,1.600,0.000,0.000,0.0
2009-07-31,11:22:00,0.314,0.226,243.440,1.600,0.000,0.000,1.0
2009-07-31,11:23:00,0.272,0.164,244.260,1.200,0.000,0.000,1.0
2009-07-31,11:24:00,0.246,0.122,244.070,1.000,0.000,0.000,0.0
2009-07-31,11:25:00,0.244,0.124,244.350,1.000,0.000,0.000,1.0
2009-07-31,11:26:00,0.242,0.122,243.800,1.000,0.000,0.000,1.0
2009-07-31,11:27:00,0.242,0.122,243.700,1.000,0.000,0.000,0.0
2009-07-31,11:28:00,0.240,0.120,242.950,1.000,0.000,0.000,1.0
2009-07-31,11:29:00,0.240,0.120,243.180,1.000,0.000,0.000,1.0
2009-07-31,11:30:00,0.238,0.120,242.900,1.000,0.000,0.000,0.0
2009-07-31,11:31:00,0.284,0.166,243.220,1.400,0.000,0.000,1.0
2009-07-31,11:32:00,0.326,0.244,243.060,1.600,0.000,1.000,1.0
2009-07-31,11:33:00,0.322,0.242,242.400,1.600,0.000,1.000,0.0
2009-07-31,11:34:00,0.322,0.242,242.510,1.600,0.000,2.000,1.0
2009-07-31,11:35:00,0.322,0.240,242.160,1.600,0.000,1.000,1.0
2009-07-31,11:36:00,1.022,0.232,241.520,4.800,0.000,1.000,11.0
2009-07-31,11:37:00,1.550,0.212,241.120,6.600,0.000,2.000,21.0
2009-07-31,11:38:00,1.966,0.238,241.420,8.200,0.000,1.000,30.0
2009-07-31,11:39:00,1.980,0.238,241.640,8.200,0.000,2.000,30.0
2009-07-31,11:40:00,2.000,0.236,241.380,8.200,0.000,1.000,30.0
2009-07-31,11:41:00,2.000,0.230,240.980,8.200,0.000,2.000,30.0
2009-07-31,11:42:00,2.004,0.234,241.370,8.200,0.000,1.000,30.0
2009-07-31,11:43:00,1.410,0.116,243.060,5.800,0.000,1.000,21.0
2009-07-31,11:44:00,1.294,0.090,241.020,5.400,0.000,2.000,18.0
2009-07-31,11:45:00,1.296,0.092,241.360,5.400,0.000,1.000,19.0
2009-07-31,11:46:00,1.306,0.094,242.490,5.400,0.000,2.000,18.0
2009-07-31,11:47:00,1.294,0.092,241.370,5.200,0.000,1.000,19.0
2009-07-31,11:48:00,1.314,0.092,241.430,5.400,0.000,1.000,18.0
2009-07-31,11:49:00,1.386,0.094,242.640,5.600,0.000,1.000,19.0
2009-07-31,11:50:00,1.298,0.092,241.910,5.200,0.000,2.000,19.0
2009-07-31,11:51:00,1.290,0.092,241.390,5.200,0.000,1.000,18.0
2009-07-31,11:52:00,1.302,0.094,242.710,5.200,0.000,1.000,19.0
2009-07-31,11:53:00,1.296,0.094,242.240,5.200,0.000,2.000,19.0
2009-07-31,11:54:00,1.340,0.144,241.000,5.600,0.000,1.000,18.0
2009-07-31,11:55:00,1.374,0.200,242.530,5.600,0.000,1.000,19.0
2009-07-31,11:56:00,1.372,0.198,242.350,5.600,0.000,1.000,18.0
2009-07-31,11:57:00,1.364,0.196,241.580,5.600,0.000,2.000,19.0
2009-07-31,11:58:00,1.364,0.196,241.780,5.600,0.000,1.000,18.0
2009-07-31,11:59:00,1.370,0.198,242.560,5.600,0.000,1.000,19.0
2009-07-31,12:00:00,1.364,0.198,242.110,5.600,0.000,1.000,19.0
2009-07-31,12:01:00,1.348,0.192,240.820,5.600,0.000,1.000,18.0
2009-07-31,12:02:00,1.362,0.198,242.240,5.600,0.000,2.000,18.0
2009-07-31,12:03:00,1.366,0.200,242.640,5.600,0.000,1.000,19.0
2009-07-31,12:04:00,1.350,0.194,241.110,5.600,0.000,1.000,19.0
2009-07-31,12:05:00,1.362,0.198,242.290,5.600,0.000,1.000,18.0
2009-07-31,12:06:00,1.478,0.324,242.710,6.200,0.000,1.000,19.0
2009-07-31,12:07:00,1.464,0.330,241.790,6.200,0.000,2.000,18.0
2009-07-31,12:08:00,1.428,0.300,240.050,6.000,0.000,1.000,19.0
2009-07-31,12:09:00,1.392,0.226,241.760,5.800,0.000,1.000,18.0
2009-07-31,12:10:00,1.384,0.222,241.080,5.800,0.000,1.000,19.0
2009-07-31,12:11:00,1.374,0.220,240.340,5.800,0.000,1.000,18.0
2009-07-31,12:12:00,1.382,0.224,241.190,5.800,0.000,2.000,18.0
2009-07-31,12:13:00,1.478,0.294,241.660,6.400,0.000,1.000,19.0
2009-07-31,12:14:00,2.366,0.946,239.820,11.000,0.000,1.000,18.0
2009-07-31,12:15:00,2.298,0.900,238.630,10.600,0.000,1.000,18.0
2009-07-31,12:16:00,2.270,0.806,240.380,10.200,0.000,0.000,19.0
2009-07-31,12:17:00,2.260,0.804,240.240,10.200,0.000,0.000,18.0
2009-07-31,12:18:00,2.248,0.798,239.690,10.200,0.000,0.000,18.0
2009-07-31,12:19:00,2.134,0.712,240.210,9.800,0.000,0.000,18.0
2009-07-31,12:20:00,1.322,0.108,242.700,5.400,0.000,0.000,19.0
2009-07-31,12:21:00,1.322,0.108,242.900,5.400,0.000,0.000,19.0
2009-07-31,12:22:00,0.716,0.112,241.800,3.600,0.000,0.000,9.0
2009-07-31,12:23:00,0.238,0.124,243.710,1.000,0.000,0.000,1.0
2009-07-31,12:24:00,0.238,0.124,243.930,1.000,0.000,0.000,0.0
2009-07-31,12:25:00,0.238,0.122,243.160,1.000,0.000,0.000,1.0
2009-07-31,12:26:00,0.208,0.080,242.800,1.000,0.000,0.000,1.0
2009-07-31,12:27:00,0.142,0.000,244.170,0.600,0.000,0.000,1.0
2009-07-31,12:28:00,0.142,0.000,244.530,0.600,0.000,0.000,0.0
2009-07-31,12:29:00,0.206,0.000,243.780,1.000,0.000,0.000,1.0
2009-07-31,12:30:00,0.170,0.000,243.760,0.800,0.000,0.000,1.0
2009-07-31,12:31:00,0.142,0.000,243.970,0.600,0.000,0.000,0.0
2009-07-31,12:32:00,0.142,0.000,244.730,0.600,0.000,0.000,1.0
2009-07-31,12:33:00,0.142,0.000,244.810,0.600,0.000,0.000,1.0
2009-07-31,12:34:00,0.142,0.000,244.420,0.600,0.000,0.000,0.0
2009-07-31,12:35:00,0.152,0.000,245.190,0.600,0.000,0.000,1.0
2009-07-31,12:36:00,0.144,0.000,245.680,0.600,0.000,0.000,1.0
2009-07-31,12:37:00,0.508,0.238,246.130,3.400,0.000,0.000,0.0
2009-07-31,12:38:00,0.978,0.528,245.220,5.000,0.000,0.000,1.0
2009-07-31,12:39:00,0.984,0.528,244.700,5.000,0.000,0.000,1.0
2009-07-31,12:40:00,1.052,0.636,244.970,5.400,0.000,0.000,0.0
2009-07-31,12:41:00,1.058,0.640,245.350,5.400,0.000,0.000,1.0
2009-07-31,12:42:00,1.042,0.632,245.150,5.400,0.000,0.000,1.0
2009-07-31,12:43:00,0.614,0.352,245.620,3.800,0.000,0.000,0.0
2009-07-31,12:44:00,0.220,0.098,246.210,1.000,0.000,0.000,1.0
2009-07-31,12:45:00,0.218,0.098,246.360,1.000,0.000,0.000,1.0
2009-07-31,12:46:00,0.218,0.098,246.260,1.000,0.000,0.000,0.0
2009-07-31,12:47:00,0.216,0.096,245.630,1.000,0.000,0.000,1.0
2009-07-31,12:48:00,0.216,0.096,245.320,1.000,0.000,0.000,1.0
2009-07-31,12:49:00,0.214,0.096,245.570,1.000,0.000,0.000,0.0
2009-07-31,12:50:00,0.214,0.096,245.250,1.000,0.000,0.000,1.0
2009-07-31,12:51:00,0.214,0.098,245.960,1.000,0.000,0.000,1.0
2009-07-31,12:52:00,0.342,0.094,245.970,1.600,0.000,0.000,0.0
2009-07-31,12:53:00,0.262,0.096,245.570,1.200,0.000,0.000,1.0
2009-07-31,12:54:00,0.164,0.000,245.850,0.800,0.000,0.000,1.0
2009-07-31,12:55:00,0.258,0.128,245.700,1.200,0.000,0.000,0.0
2009-07-31,12:56:00,0.254,0.126,244.880,1.200,0.000,0.000,1.0
2009-07-31,12:57:00,0.252,0.126,245.110,1.200,0.000,0.000,1.0
2009-07-31,12:58:00,0.248,0.124,244.210,1.000,0.000,0.000,0.0
2009-07-31,12:59:00,0.248,0.126,244.620,1.000,0.000,0.000,1.0
2009-07-31,13:00:00,0.246,0.124,244.430,1.000,0.000,0.000,1.0
2009-07-31,13:01:00,0.246,0.124,244.530,1.000,0.000,0.000,1.0
2009-07-31,13:02:00,0.730,0.248,244.170,3.400,0.000,0.000,8.0
2009-07-31,13:03:00,0.896,0.282,243.860,3.800,0.000,0.000,11.0
2009-07-31,13:04:00,1.348,0.678,243.290,6.600,0.000,0.000,13.0
2009-07-31,13:05:00,1.546,0.830,243.110,7.600,0.000,0.000,12.0
2009-07-31,13:06:00,1.136,0.454,243.840,5.400,0.000,0.000,12.0
2009-07-31,13:07:00,0.416,0.164,244.480,2.200,0.000,0.000,4.0
2009-07-31,13:08:00,0.296,0.124,244.390,1.200,0.000,0.000,1.0
2009-07-31,13:09:00,0.250,0.126,244.790,1.200,0.000,0.000,1.0
2009-07-31,13:10:00,0.240,0.128,245.020,1.000,0.000,0.000,0.0
2009-07-31,13:11:00,0.240,0.128,244.970,1.000,0.000,0.000,1.0
2009-07-31,13:12:00,0.240,0.128,244.940,1.000,0.000,0.000,1.0
2009-07-31,13:13:00,0.238,0.122,243.600,1.000,0.000,0.000,1.0
2009-07-31,13:14:00,0.240,0.126,244.760,1.000,0.000,0.000,0.0
2009-07-31,13:15:00,0.224,0.106,244.900,1.000,0.000,0.000,1.0
2009-07-31,13:16:00,0.142,0.000,245.150,0.600,0.000,0.000,1.0
2009-07-31,13:17:00,0.142,0.000,244.970,0.600,0.000,0.000,0.0
2009-07-31,13:18:00,0.142,0.000,244.920,0.600,0.000,0.000,1.0
2009-07-31,13:19:00,0.142,0.000,245.150,0.600,0.000,0.000,1.0
2009-07-31,13:20:00,0.142,0.000,245.170,0.600,0.000,0.000,0.0
2009-07-31,13:21:00,0.142,0.000,245.230,0.600,0.000,0.000,1.0
2009-07-31,13:22:00,0.142,0.000,245.310,0.600,0.000,0.000,1.0
2009-07-31,13:23:00,0.142,0.000,244.610,0.600,0.000,0.000,0.0
2009-07-31,13:24:00,0.142,0.000,244.570,0.600,0.000,0.000,1.0
2009-07-31,13:25:00,0.186,0.000,243.910,1.000,0.000,0.000,1.0
2009-07-31,13:26:00,0.220,0.092,244.050,1.000,0.000,0.000,0.0
2009-07-31,13:27:00,0.222,0.092,244.380,1.000,0.000,0.000,1.0
2009-07-31,13:28:00,0.220,0.092,244.070,1.000,0.000,0.000,1.0
2009-07-31,13:29:00,0.220,0.092,244.130,1.000,0.000,0.000,0.0
2009-07-31,13:30:00,0.230,0.092,244.110,1.000,0.000,0.000,1.0
2009-07-31,13:31:00,0.216,0.092,244.080,1.000,0.000,0.000,1.0
2009-07-31,13:32:00,0.214,0.092,244.250,1.000,0.000,0.000,0.0
2009-07-31,13:33:00,0.214,0.092,244.050,1.000,0.000,0.000,1.0
2009-07-31,13:34:00,0.214,0.092,244.100,1.000,0.000,0.000,1.0
2009-07-31,13:35:00,0.214,0.092,244.410,1.000,0.000,0.000,0.0
2009-07-31,13:36:00,0.212,0.092,244.360,1.000,0.000,0.000,1.0
2009-07-31,13:37:00,0.212,0.094,244.820,1.000,0.000,0.000,1.0
2009-07-31,13:38:00,0.212,0.094,244.800,1.000,0.000,0.000,0.0
2009-07-31,13:39:00,0.212,0.092,244.470,1.000,0.000,0.000,1.0
2009-07-31,13:40:00,0.146,0.000,243.950,0.600,0.000,0.000,1.0
2009-07-31,13:41:00,0.142,0.000,244.100,0.600,0.000,0.000,0.0
2009-07-31,13:42:00,0.242,0.000,244.050,1.000,0.000,0.000,1.0
2009-07-31,13:43:00,0.252,0.000,243.260,1.000,0.000,0.000,1.0
2009-07-31,13:44:00,0.354,0.090,243.010,1.600,0.000,0.000,0.0
2009-07-31,13:45:00,0.362,0.116,243.020,1.600,0.000,0.000,1.0
2009-07-31,13:46:00,0.358,0.116,243.440,1.400,0.000,0.000,1.0
2009-07-31,13:47:00,0.358,0.118,243.880,1.400,0.000,0.000,0.0
2009-07-31,13:48:00,0.356,0.118,243.760,1.400,0.000,0.000,1.0
2009-07-31,13:49:00,0.354,0.114,242.420,1.400,0.000,0.000,1.0
2009-07-31,13:50:00,0.456,0.202,243.520,2.200,0.000,0.000,0.0
2009-07-31,13:51:00,0.342,0.242,242.970,1.600,0.000,1.000,1.0
2009-07-31,13:52:00,0.328,0.242,242.610,1.600,0.000,2.000,1.0
2009-07-31,13:53:00,0.328,0.246,243.310,1.600,0.000,1.000,0.0
2009-07-31,13:54:00,0.328,0.244,242.720,1.600,0.000,2.000,1.0
2009-07-31,13:55:00,0.326,0.242,242.370,1.600,0.000,1.000,1.0
2009-07-31,13:56:00,0.324,0.240,241.960,1.600,0.000,2.000,0.0
2009-07-31,13:57:00,0.324,0.242,242.430,1.600,0.000,1.000,1.0
2009-07-31,13:58:00,0.324,0.242,242.280,1.600,0.000,1.000,1.0
2009-07-31,13:59:00,0.322,0.242,242.690,1.600,0.000,2.000,0.0
2009-07-31,14:00:00,0.322,0.242,242.770,1.600,0.000,1.000,1.0
2009-07-31,14:01:00,0.322,0.244,242.890,1.600,0.000,2.000,1.0
2009-07-31,14:02:00,0.320,0.244,242.930,1.600,0.000,1.000,0.0
2009-07-31,14:03:00,0.320,0.244,242.840,1.600,0.000,2.000,1.0
2009-07-31,14:04:00,0.318,0.242,242.700,1.600,0.000,1.000,1.0
2009-07-31,14:05:00,0.252,0.152,242.790,1.200,0.000,1.000,0.0
2009-07-31,14:06:00,0.222,0.108,243.170,1.000,0.000,2.000,1.0
2009-07-31,14:07:00,0.220,0.106,242.870,1.000,0.000,1.000,1.0
2009-07-31,14:08:00,0.220,0.106,242.740,1.000,0.000,1.000,0.0
2009-07-31,14:09:00,0.218,0.104,242.070,1.000,0.000,1.000,1.0
2009-07-31,14:10:00,0.218,0.104,241.940,1.000,0.000,2.000,1.0
2009-07-31,14:11:00,0.336,0.138,242.340,1.600,0.000,1.000,0.0
2009-07-31,14:12:00,0.322,0.206,241.820,1.600,0.000,1.000,1.0
2009-07-31,14:13:00,0.292,0.206,241.860,1.400,0.000,2.000,1.0
2009-07-31,14:14:00,0.290,0.204,241.280,1.400,0.000,1.000,0.0
2009-07-31,14:15:00,0.288,0.200,240.110,1.400,0.000,1.000,1.0
2009-07-31,14:16:00,0.508,0.244,238.580,2.600,0.000,1.000,4.0
2009-07-31,14:17:00,0.920,0.326,239.170,4.000,0.000,1.000,11.0
2009-07-31,14:18:00,0.946,0.330,239.450,4.200,0.000,2.000,12.0
2009-07-31,14:19:00,0.974,0.328,239.270,4.200,0.000,1.000,12.0
2009-07-31,14:20:00,0.980,0.336,240.190,4.200,0.000,1.000,13.0
2009-07-31,14:21:00,0.968,0.334,240.400,4.200,0.000,1.000,12.0
2009-07-31,14:22:00,0.282,0.208,242.210,1.400,0.000,1.000,1.0
2009-07-31,14:23:00,0.280,0.206,241.550,1.400,0.000,2.000,0.0
2009-07-31,14:24:00,0.280,0.208,242.070,1.400,0.000,1.000,1.0
2009-07-31,14:25:00,0.280,0.208,241.870,1.400,0.000,1.000,1.0
2009-07-31,14:26:00,0.244,0.154,242.980,1.200,0.000,1.000,0.0
2009-07-31,14:27:00,0.216,0.110,243.820,1.000,0.000,1.000,1.0
2009-07-31,14:28:00,0.216,0.112,244.600,1.000,0.000,2.000,1.0
2009-07-31,14:29:00,0.218,0.114,244.820,1.000,0.000,1.000,0.0
2009-07-31,14:30:00,0.218,0.116,245.390,1.000,0.000,1.000,1.0
2009-07-31,14:31:00,0.216,0.114,245.130,1.000,0.000,1.000,1.0
2009-07-31,14:32:00,0.216,0.112,244.650,1.000,0.000,1.000,0.0
2009-07-31,14:33:00,0.268,0.162,243.570,1.400,0.000,2.000,1.0
2009-07-31,14:34:00,0.326,0.244,243.410,1.600,0.000,1.000,1.0
2009-07-31,14:35:00,0.274,0.160,242.810,1.200,0.000,0.000,0.0
2009-07-31,14:36:00,0.248,0.118,242.330,1.000,0.000,0.000,1.0
2009-07-31,14:37:00,0.246,0.116,241.990,1.000,0.000,0.000,1.0
2009-07-31,14:38:00,0.244,0.116,241.900,1.000,0.000,0.000,0.0
2009-07-31,14:39:00,0.244,0.118,242.270,1.000,0.000,0.000,1.0
2009-07-31,14:40:00,0.242,0.116,242.120,1.000,0.000,0.000,1.0
2009-07-31,14:41:00,0.240,0.116,241.860,1.000,0.000,0.000,0.0
2009-07-31,14:42:00,0.240,0.118,242.270,1.000,0.000,0.000,1.0
2009-07-31,14:43:00,0.238,0.114,241.240,1.000,0.000,0.000,1.0
2009-07-31,14:44:00,0.238,0.116,241.710,1.000,0.000,0.000,0.0
2009-07-31,14:45:00,0.238,0.116,241.810,1.000,0.000,0.000,1.0
2009-07-31,14:46:00,0.238,0.118,242.310,1.000,0.000,0.000,1.0
2009-07-31,14:47:00,0.238,0.118,242.460,1.000,0.000,0.000,0.0
2009-07-31,14:48:00,0.236,0.118,241.980,1.000,0.000,0.000,1.0
2009-07-31,14:49:00,0.238,0.118,242.440,1.000,0.000,0.000,1.0
2009-07-31,14:50:00,0.238,0.120,242.800,1.000,0.000,0.000,0.0
2009-07-31,14:51:00,0.236,0.118,242.480,1.000,0.000,0.000,1.0
2009-07-31,14:52:00,0.238,0.120,242.940,1.000,0.000,0.000,1.0
2009-07-31,14:53:00,0.236,0.118,242.180,1.000,0.000,0.000,0.0
2009-07-31,14:54:00,0.228,0.108,242.780,1.000,0.000,0.000,1.0
2009-07-31,14:55:00,0.140,0.000,243.210,0.600,0.000,0.000,1.0
2009-07-31,14:56:00,0.140,0.000,243.240,0.600,0.000,0.000,0.0
2009-07-31,14:57:00,0.140,0.000,242.760,0.600,0.000,0.000,1.0
2009-07-31,14:58:00,0.220,0.066,242.910,1.000,0.000,0.000,1.0
2009-07-31,14:59:00,0.218,0.088,242.360,1.000,0.000,0.000,0.0
2009-07-31,15:00:00,0.220,0.088,242.800,1.000,0.000,0.000,1.0
2009-07-31,15:01:00,0.218,0.088,242.930,1.000,0.000,0.000,1.0
2009-07-31,15:02:00,0.216,0.088,242.660,1.000,0.000,0.000,0.0
2009-07-31,15:03:00,0.214,0.086,242.130,1.000,0.000,0.000,1.0
2009-07-31,15:04:00,0.212,0.086,241.820,1.000,0.000,0.000,1.0
2009-07-31,15:05:00,0.212,0.088,242.650,1.000,0.000,0.000,0.0
2009-07-31,15:06:00,0.212,0.088,242.840,1.000,0.000,0.000,1.0
2009-07-31,15:07:00,0.214,0.092,243.860,1.000,0.000,0.000,1.0
2009-07-31,15:08:00,0.212,0.090,243.350,1.000,0.000,0.000,0.0
2009-07-31,15:09:00,0.210,0.088,242.810,1.000,0.000,0.000,1.0
2009-07-31,15:10:00,0.210,0.088,242.150,1.000,0.000,0.000,1.0
2009-07-31,15:11:00,0.210,0.088,242.900,1.000,0.000,0.000,0.0
2009-07-31,15:12:00,0.210,0.088,242.860,0.800,0.000,0.000,1.0
2009-07-31,15:13:00,0.170,0.000,243.070,0.800,0.000,0.000,1.0
2009-07-31,15:14:00,0.140,0.000,242.890,0.600,0.000,0.000,0.0
2009-07-31,15:15:00,0.140,0.000,243.630,0.600,0.000,0.000,1.0
2009-07-31,15:16:00,0.142,0.000,244.310,0.600,0.000,0.000,1.0
2009-07-31,15:17:00,0.140,0.000,243.170,0.600,0.000,0.000,0.0
2009-07-31,15:18:00,0.140,0.000,243.070,0.600,0.000,0.000,1.0
2009-07-31,15:19:00,0.140,0.000,243.280,0.600,0.000,0.000,1.0
2009-07-31,15:20:00,0.140,0.000,243.580,0.600,0.000,0.000,0.0
2009-07-31,15:21:00,0.142,0.000,243.840,0.600,0.000,0.000,1.0
2009-07-31,15:22:00,0.142,0.000,244.050,0.600,0.000,0.000,1.0
2009-07-31,15:23:00,0.238,0.088,243.420,1.200,0.000,0.000,0.0
2009-07-31,15:24:00,0.252,0.120,242.930,1.200,0.000,0.000,1.0
2009-07-31,15:25:00,0.248,0.118,242.660,1.000,0.000,0.000,1.0
2009-07-31,15:26:00,0.248,0.120,243.000,1.000,0.000,0.000,0.0
2009-07-31,15:27:00,0.246,0.120,242.800,1.000,0.000,0.000,1.0
2009-07-31,15:28:00,0.246,0.120,243.200,1.000,0.000,0.000,1.0
2009-07-31,15:29:00,0.246,0.122,243.560,1.000,0.000,0.000,0.0
2009-07-31,15:30:00,0.244,0.122,243.600,1.000,0.000,0.000,1.0
2009-07-31,15:31:00,0.242,0.122,243.430,1.000,0.000,0.000,1.0
2009-07-31,15:32:00,0.242,0.122,243.460,1.000,0.000,0.000,0.0
2009-07-31,15:33:00,0.240,0.122,243.330,1.000,0.000,0.000,1.0
2009-07-31,15:34:00,0.528,0.190,242.950,2.600,0.000,0.000,5.0
2009-07-31,15:35:00,0.884,0.266,242.290,3.800,0.000,0.000,11.0
2009-07-31,15:36:00,0.912,0.262,241.990,3.800,0.000,0.000,12.0
2009-07-31,15:37:00,0.938,0.262,242.070,4.000,0.000,0.000,13.0
2009-07-31,15:38:00,0.946,0.266,242.660,4.000,0.000,0.000,12.0
2009-07-31,15:39:00,0.644,0.204,242.840,3.000,0.000,0.000,8.0
2009-07-31,15:40:00,0.238,0.122,243.310,1.000,0.000,0.000,1.0
2009-07-31,15:41:00,0.238,0.122,243.810,1.000,0.000,0.000,1.0
2009-07-31,15:42:00,0.238,0.122,243.220,1.000,0.000,0.000,0.0
2009-07-31,15:43:00,0.238,0.122,243.620,1.000,0.000,0.000,1.0
2009-07-31,15:44:00,0.204,0.074,242.970,1.000,0.000,0.000,1.0
2009-07-31,15:45:00,0.226,0.074,243.320,1.200,0.000,0.000,0.0
2009-07-31,15:46:00,0.220,0.090,243.480,1.000,0.000,0.000,1.0
2009-07-31,15:47:00,0.220,0.090,243.550,1.000,0.000,0.000,1.0
2009-07-31,15:48:00,0.218,0.086,242.200,1.000,0.000,0.000,0.0
2009-07-31,15:49:00,0.216,0.086,242.060,1.000,0.000,0.000,1.0
2009-07-31,15:50:00,0.214,0.086,242.280,1.000,0.000,0.000,0.0
2009-07-31,15:51:00,0.214,0.088,242.940,1.000,0.000,0.000,1.0
2009-07-31,15:52:00,0.212,0.088,242.370,1.000,0.000,0.000,1.0
2009-07-31,15:53:00,0.212,0.088,242.970,1.000,0.000,0.000,0.0
2009-07-31,15:54:00,0.212,0.088,242.470,1.000,0.000,0.000,1.0
2009-07-31,15:55:00,0.212,0.088,242.720,1.000,0.000,0.000,1.0
2009-07-31,15:56:00,0.210,0.088,242.800,1.000,0.000,0.000,0.0
2009-07-31,15:57:00,0.210,0.088,242.860,1.000,0.000,0.000,1.0
2009-07-31,15:58:00,0.210,0.090,243.070,1.000,0.000,0.000,1.0
2009-07-31,15:59:00,0.210,0.088,242.860,1.000,0.000,0.000,0.0
2009-07-31,16:00:00,0.200,0.074,243.410,0.800,0.000,0.000,1.0
2009-07-31,16:01:00,0.140,0.000,243.390,0.600,0.000,0.000,1.0
2009-07-31,16:02:00,0.140,0.000,242.830,0.600,0.000,0.000,0.0
2009-07-31,16:03:00,0.140,0.000,243.130,0.600,0.000,0.000,1.0
2009-07-31,16:04:00,0.140,0.000,242.690,0.600,0.000,0.000,1.0
2009-07-31,16:05:00,0.140,0.000,242.910,0.600,0.000,0.000,0.0
2009-07-31,16:06:00,0.140,0.000,243.260,0.600,0.000,0.000,1.0
2009-07-31,16:07:00,0.140,0.000,243.010,0.600,0.000,0.000,1.0
2009-07-31,16:08:00,0.140,0.000,242.760,0.600,0.000,0.000,0.0
2009-07-31,16:09:00,0.216,0.068,243.070,1.200,0.000,0.000,1.0
2009-07-31,16:10:00,0.230,0.110,243.130,1.000,0.000,2.000,1.0
2009-07-31,16:11:00,0.230,0.108,242.900,1.000,0.000,1.000,0.0
2009-07-31,16:12:00,0.268,0.140,242.730,1.400,0.000,2.000,1.0
2009-07-31,16:13:00,0.342,0.246,243.220,1.600,0.000,1.000,1.0
2009-07-31,16:14:00,0.338,0.246,243.170,1.600,0.000,2.000,0.0
2009-07-31,16:15:00,0.336,0.248,243.550,1.600,0.000,1.000,1.0
2009-07-31,16:16:00,0.408,0.244,243.470,1.800,0.000,1.000,1.0
2009-07-31,16:17:00,0.358,0.232,243.260,1.600,0.000,2.000,0.0
2009-07-31,16:18:00,0.360,0.232,243.800,1.600,0.000,1.000,1.0
2009-07-31,16:19:00,0.360,0.230,243.530,1.600,0.000,2.000,1.0
2009-07-31,16:20:00,0.360,0.236,244.480,1.600,0.000,1.000,0.0
2009-07-31,16:21:00,0.362,0.234,244.550,1.600,0.000,2.000,1.0
2009-07-31,16:22:00,0.358,0.236,244.710,1.600,0.000,1.000,1.0
2009-07-31,16:23:00,0.356,0.232,244.240,1.600,0.000,1.000,0.0
2009-07-31,16:24:00,0.354,0.234,244.190,1.600,0.000,2.000,1.0
2009-07-31,16:25:00,0.350,0.230,243.630,1.600,0.000,1.000,1.0
2009-07-31,16:26:00,0.350,0.228,243.200,1.600,0.000,1.000,1.0
2009-07-31,16:27:00,0.350,0.228,243.050,1.600,0.000,2.000,0.0
2009-07-31,16:28:00,0.350,0.228,243.610,1.600,0.000,1.000,1.0
2009-07-31,16:29:00,0.350,0.232,244.140,1.600,0.000,1.000,1.0
2009-07-31,16:30:00,0.348,0.230,243.800,1.600,0.000,1.000,0.0
2009-07-31,16:31:00,0.348,0.226,243.420,1.600,0.000,2.000,1.0
2009-07-31,16:32:00,0.408,0.284,243.110,2.000,0.000,1.000,1.0
2009-07-31,16:33:00,0.426,0.334,243.260,2.200,0.000,1.000,0.0
2009-07-31,16:34:00,0.360,0.250,243.720,1.800,0.000,1.000,1.0
2009-07-31,16:35:00,0.328,0.208,243.760,1.600,0.000,2.000,1.0
2009-07-31,16:36:00,0.328,0.208,243.870,1.600,0.000,1.000,0.0
2009-07-31,16:37:00,0.332,0.208,243.600,1.600,0.000,1.000,1.0
2009-07-31,16:38:00,0.342,0.208,243.310,1.600,0.000,1.000,1.0
2009-07-31,16:39:00,0.328,0.204,242.800,1.600,0.000,2.000,0.0
2009-07-31,16:40:00,0.322,0.206,243.110,1.600,0.000,1.000,1.0
2009-07-31,16:41:00,0.320,0.206,243.360,1.600,0.000,1.000,1.0
2009-07-31,16:42:00,0.318,0.206,243.380,1.600,0.000,1.000,0.0
2009-07-31,16:43:00,0.318,0.206,243.150,1.600,0.000,1.000,1.0
2009-07-31,16:44:00,0.318,0.208,243.370,1.600,0.000,2.000,1.0
2009-07-31,16:45:00,0.318,0.206,243.310,1.400,0.000,1.000,0.0
2009-07-31,16:46:00,0.318,0.208,243.860,1.600,0.000,1.000,1.0
2009-07-31,16:47:00,0.318,0.208,243.670,1.600,0.000,1.000,1.0
2009-07-31,16:48:00,0.266,0.190,243.930,1.400,0.000,1.000,0.0
2009-07-31,16:49:00,0.424,0.168,243.360,2.200,0.000,2.000,4.0
2009-07-31,16:50:00,0.866,0.266,242.480,3.600,0.000,1.000,11.0
2009-07-31,16:51:00,0.890,0.266,242.250,3.800,0.000,1.000,12.0
2009-07-31,16:52:00,0.920,0.264,242.220,3.800,0.000,1.000,13.0
2009-07-31,16:53:00,0.922,0.260,242.390,4.000,0.000,1.000,12.0
2009-07-31,16:54:00,0.544,0.076,242.300,2.600,0.000,0.000,8.0
2009-07-31,16:55:00,0.146,0.000,243.200,0.600,0.000,0.000,0.0
2009-07-31,16:56:00,0.146,0.000,243.130,0.600,0.000,0.000,1.0
2009-07-31,16:57:00,0.144,0.000,242.830,0.600,0.000,0.000,1.0
2009-07-31,16:58:00,0.146,0.000,243.370,0.600,0.000,0.000,0.0
2009-07-31,16:59:00,0.146,0.000,243.300,0.600,0.000,0.000,1.0
2009-07-31,17:00:00,0.148,0.000,243.660,0.600,0.000,0.000,1.0
2009-07-31,17:01:00,0.190,0.000,240.860,1.000,0.000,0.000,0.0
2009-07-31,17:02:00,0.256,0.124,240.430,1.200,0.000,0.000,1.0
2009-07-31,17:03:00,0.250,0.122,239.890,1.200,0.000,0.000,1.0
2009-07-31,17:04:00,0.248,0.120,239.010,1.200,0.000,0.000,0.0
2009-07-31,17:05:00,0.248,0.124,240.140,1.200,0.000,0.000,1.0
2009-07-31,17:06:00,0.252,0.122,240.590,1.200,0.000,0.000,1.0
2009-07-31,17:07:00,0.254,0.120,239.930,1.200,0.000,0.000,0.0
2009-07-31,17:08:00,0.252,0.120,239.680,1.200,0.000,0.000,1.0
2009-07-31,17:09:00,0.250,0.120,239.650,1.200,0.000,0.000,1.0
2009-07-31,17:10:00,0.252,0.122,240.420,1.200,0.000,0.000,0.0
2009-07-31,17:11:00,0.250,0.122,240.050,1.200,0.000,0.000,1.0
2009-07-31,17:12:00,0.250,0.124,240.850,1.200,0.000,0.000,1.0
2009-07-31,17:13:00,0.248,0.120,239.790,1.200,0.000,0.000,0.0
2009-07-31,17:14:00,0.248,0.122,240.260,1.200,0.000,0.000,1.0
2009-07-31,17:15:00,0.248,0.122,240.310,1.200,0.000,0.000,1.0
2009-07-31,17:16:00,0.248,0.124,240.810,1.200,0.000,0.000,0.0
2009-07-31,17:17:00,0.244,0.122,240.170,1.000,0.000,0.000,1.0
2009-07-31,17:18:00,0.240,0.128,241.350,1.000,0.000,0.000,1.0
2009-07-31,17:19:00,0.238,0.124,240.270,1.000,0.000,0.000,0.0
2009-07-31,17:20:00,0.364,0.202,240.780,1.800,0.000,0.000,1.0
2009-07-31,17:21:00,1.306,0.218,240.680,5.800,0.000,0.000,14.0
2009-07-31,17:22:00,1.522,0.210,239.640,6.400,0.000,0.000,19.0
2009-07-31,17:23:00,1.472,0.164,239.480,6.200,0.000,0.000,19.0
2009-07-31,17:24:00,1.406,0.080,240.110,5.800,0.000,0.000,18.0
2009-07-31,17:25:00,1.398,0.080,240.020,5.800,0.000,0.000,19.0
2009-07-31,17:26:00,1.384,0.078,239.220,5.800,0.000,0.000,18.0
2009-07-31,17:27:00,1.382,0.078,239.390,5.600,0.000,0.000,18.0
2009-07-31,17:28:00,1.362,0.074,238.170,5.600,0.000,0.000,18.0
2009-07-31,17:29:00,1.348,0.074,236.870,5.600,0.000,0.000,18.0
2009-07-31,17:30:00,1.476,0.072,237.820,6.200,0.000,0.000,18.0
2009-07-31,17:31:00,1.546,0.072,238.020,6.400,0.000,0.000,18.0
2009-07-31,17:32:00,1.524,0.068,236.170,6.400,0.000,0.000,18.0
2009-07-31,17:33:00,1.504,0.108,236.090,6.400,0.000,1.000,18.0
2009-07-31,17:34:00,3.192,0.086,234.070,13.800,0.000,32.000,17.0
2009-07-31,17:35:00,3.460,0.112,234.950,14.600,0.000,36.000,18.0
2009-07-31,17:36:00,3.266,0.090,234.770,14.000,0.000,33.000,17.0
2009-07-31,17:37:00,4.416,0.000,234.210,19.400,0.000,52.000,18.0
2009-07-31,17:38:00,4.936,0.000,233.330,21.400,0.000,63.000,17.0
2009-07-31,17:39:00,5.444,0.000,233.280,23.200,0.000,71.000,17.0
2009-07-31,17:40:00,4.970,0.000,234.350,21.400,0.000,63.000,18.0
2009-07-31,17:41:00,5.468,0.000,233.910,23.200,0.000,71.000,17.0
2009-07-31,17:42:00,4.938,0.000,233.640,21.400,0.000,62.000,17.0
2009-07-31,17:43:00,5.428,0.000,233.190,23.200,0.000,71.000,18.0
2009-07-31,17:44:00,3.812,0.000,234.970,17.400,0.000,45.000,17.0
2009-07-31,17:45:00,3.384,0.000,235.970,14.200,0.000,37.000,18.0
2009-07-31,17:46:00,2.886,0.000,237.360,12.600,0.000,28.000,18.0
2009-07-31,17:47:00,2.982,0.058,236.490,12.600,0.000,27.000,20.0
2009-07-31,17:48:00,2.896,0.114,236.740,12.600,0.000,17.000,29.0
2009-07-31,17:49:00,3.664,0.132,236.190,15.600,0.000,31.000,29.0
2009-07-31,17:50:00,2.864,0.110,236.220,12.400,0.000,16.000,29.0
2009-07-31,17:51:00,3.564,0.212,235.690,15.200,0.000,27.000,30.0
2009-07-31,17:52:00,2.946,0.238,236.480,12.600,0.000,15.000,29.0
2009-07-31,17:53:00,3.374,0.226,235.600,14.600,0.000,26.000,28.0
2009-07-31,17:54:00,2.284,0.122,236.710,10.000,0.000,17.000,18.0
2009-07-31,17:55:00,2.792,0.150,237.150,12.000,0.000,25.000,17.0
2009-07-31,17:56:00,1.680,0.138,238.230,7.200,0.000,7.000,18.0
2009-07-31,17:57:00,1.578,0.166,239.400,6.600,0.000,5.000,19.0
2009-07-31,17:58:00,1.556,0.144,239.050,6.400,0.000,4.000,18.0
2009-07-31,17:59:00,1.560,0.162,238.750,6.400,0.000,5.000,18.0
2009-07-31,18:00:00,1.562,0.146,239.500,6.400,0.000,4.000,18.0
2009-07-31,18:01:00,1.554,0.160,238.790,6.400,0.000,4.000,18.0
2009-07-31,18:02:00,1.568,0.152,239.480,6.600,0.000,5.000,18.0
2009-07-31,18:03:00,1.522,0.184,239.340,6.400,0.000,4.000,18.0
2009-07-31,18:04:00,1.394,0.154,239.590,5.800,0.000,1.000,19.0
2009-07-31,18:05:00,1.352,0.144,239.980,5.600,0.000,1.000,18.0
2009-07-31,18:06:00,1.372,0.156,239.680,5.800,0.000,2.000,18.0
2009-07-31,18:07:00,1.534,0.170,239.300,6.400,0.000,4.000,18.0
2009-07-31,18:08:00,1.590,0.198,239.880,6.600,0.000,4.000,19.0
2009-07-31,18:09:00,1.524,0.264,239.160,6.400,0.000,3.000,18.0
2009-07-31,18:10:00,1.418,0.220,240.010,6.000,0.000,0.000,18.0
2009-07-31,18:11:00,1.452,0.212,240.520,6.000,0.000,1.000,18.0
2009-07-31,18:12:00,1.448,0.204,240.400,6.000,0.000,2.000,19.0
2009-07-31,18:13:00,1.434,0.164,240.530,6.000,0.000,1.000,18.0
2009-07-31,18:14:00,1.354,0.072,240.480,5.600,0.000,1.000,18.0
2009-07-31,18:15:00,1.378,0.078,241.170,5.600,0.000,2.000,19.0
2009-07-31,18:16:00,1.358,0.074,241.170,5.600,0.000,1.000,18.0
2009-07-31,18:17:00,1.442,0.146,241.530,6.000,0.000,3.000,19.0
2009-07-31,18:18:00,1.440,0.232,241.650,6.000,0.000,2.000,18.0
2009-07-31,18:19:00,1.476,0.254,241.350,6.200,0.000,3.000,19.0
2009-07-31,18:20:00,1.410,0.246,241.890,5.800,0.000,2.000,18.0
2009-07-31,18:21:00,1.670,0.280,241.170,7.000,0.000,7.000,19.0
2009-07-31,18:22:00,1.478,0.258,241.490,6.200,0.000,3.000,18.0
2009-07-31,18:23:00,1.444,0.212,241.780,6.000,0.000,3.000,19.0
2009-07-31,18:24:00,1.420,0.198,240.780,5.800,0.000,2.000,18.0
2009-07-31,18:25:00,1.460,0.200,241.050,6.000,0.000,3.000,18.0
2009-07-31,18:26:00,1.416,0.164,240.500,5.800,0.000,3.000,19.0
2009-07-31,18:27:00,1.392,0.096,240.680,5.800,0.000,3.000,18.0
2009-07-31,18:28:00,1.378,0.092,241.240,5.600,0.000,2.000,19.0
2009-07-31,18:29:00,1.392,0.096,240.930,5.800,0.000,3.000,18.0
2009-07-31,18:30:00,1.366,0.090,240.520,5.600,0.000,3.000,18.0
2009-07-31,18:31:00,1.386,0.124,240.930,5.800,0.000,3.000,19.0
2009-07-31,18:32:00,1.350,0.136,241.090,5.600,0.000,2.000,18.0
2009-07-31,18:33:00,1.354,0.124,240.690,5.600,0.000,2.000,19.0
2009-07-31,18:34:00,1.576,0.170,241.130,6.600,0.000,6.000,18.0
2009-07-31,18:35:00,1.662,0.186,239.890,6.800,0.000,8.000,18.0
2009-07-31,18:36:00,1.624,0.178,240.300,6.800,0.000,7.000,19.0
2009-07-31,18:37:00,1.634,0.182,240.730,6.800,0.000,7.000,18.0
2009-07-31,18:38:00,1.544,0.170,240.540,6.400,0.000,5.000,18.0
2009-07-31,18:39:00,1.318,0.120,240.650,5.400,0.000,2.000,19.0
2009-07-31,18:40:00,1.282,0.100,238.930,5.400,0.000,1.000,18.0
2009-07-31,18:41:00,1.384,0.212,238.990,5.800,0.000,2.000,18.0
2009-07-31,18:42:00,1.398,0.232,239.050,5.800,0.000,2.000,18.0
2009-07-31,18:43:00,1.380,0.230,239.500,5.800,0.000,1.000,18.0
2009-07-31,18:44:00,1.402,0.236,240.010,5.800,0.000,1.000,18.0
2009-07-31,18:45:00,1.360,0.224,237.840,5.800,0.000,2.000,18.0
2009-07-31,18:46:00,1.386,0.232,238.710,5.800,0.000,1.000,18.0
2009-07-31,18:47:00,1.372,0.230,239.390,5.800,0.000,1.000,19.0
2009-07-31,18:48:00,1.376,0.228,238.070,5.800,0.000,2.000,18.0
2009-07-31,18:49:00,1.366,0.228,238.910,5.800,0.000,1.000,18.0
2009-07-31,18:50:00,1.386,0.234,239.210,5.800,0.000,2.000,18.0
2009-07-31,18:51:00,1.372,0.232,239.850,5.800,0.000,1.000,18.0
2009-07-31,18:52:00,1.378,0.232,238.690,5.800,0.000,2.000,18.0
2009-07-31,18:53:00,2.126,0.398,237.470,9.200,0.000,1.000,27.0
2009-07-31,18:54:00,2.230,0.342,236.800,9.400,0.000,1.000,29.0
2009-07-31,18:55:00,2.346,0.384,237.750,10.000,0.000,3.000,30.0
2009-07-31,18:56:00,4.144,0.362,234.320,17.600,0.000,35.000,29.0
2009-07-31,18:57:00,3.830,0.396,234.710,16.600,0.000,31.000,29.0
2009-07-31,18:58:00,4.124,0.464,235.800,17.600,2.000,33.000,28.0
2009-07-31,18:59:00,3.390,0.380,236.910,14.600,1.000,34.000,18.0
2009-07-31,19:00:00,3.384,0.364,237.310,14.600,1.000,32.000,18.0
2009-07-31,19:01:00,3.624,0.376,236.160,15.400,1.000,36.000,18.0
2009-07-31,19:02:00,3.576,0.358,235.110,15.200,1.000,37.000,17.0
2009-07-31,19:03:00,3.628,0.386,236.620,15.400,1.000,37.000,18.0
2009-07-31,19:04:00,3.554,0.266,237.160,15.000,2.000,36.000,18.0
2009-07-31,19:05:00,3.452,0.266,237.790,14.600,1.000,37.000,18.0
2009-07-31,19:06:00,2.364,0.258,238.380,9.800,1.000,17.000,18.0
2009-07-31,19:07:00,3.514,0.266,238.330,14.800,1.000,35.000,18.0
2009-07-31,19:08:00,3.252,0.252,238.650,13.800,1.000,33.000,18.0
2009-07-31,19:09:00,2.532,0.278,238.050,10.800,1.000,19.000,18.0
2009-07-31,19:10:00,3.538,0.240,236.950,14.800,2.000,37.000,17.0
2009-07-31,19:11:00,2.466,0.294,238.950,10.400,1.000,19.000,19.0
2009-07-31,19:12:00,3.378,0.246,238.040,14.200,1.000,33.000,18.0
2009-07-31,19:13:00,2.524,0.274,238.580,10.600,1.000,21.000,18.0
2009-07-31,19:14:00,3.252,0.246,237.940,13.800,1.000,31.000,18.0
2009-07-31,19:15:00,2.618,0.308,238.500,11.200,1.000,23.000,18.0
2009-07-31,19:16:00,3.072,0.196,237.530,13.000,1.000,29.000,17.0
2009-07-31,19:17:00,2.642,0.172,236.700,11.400,1.000,24.000,18.0
2009-07-31,19:18:00,4.646,0.124,233.940,20.400,29.000,27.000,18.0
2009-07-31,19:19:00,4.966,0.144,235.140,21.200,37.000,27.000,17.0
2009-07-31,19:20:00,4.882,0.130,236.020,20.800,37.000,24.000,18.0
2009-07-31,19:21:00,4.914,0.146,235.700,21.000,37.000,26.000,17.0
2009-07-31,19:22:00,4.982,0.130,236.610,21.200,37.000,26.000,18.0
2009-07-31,19:23:00,4.926,0.150,236.890,20.800,37.000,25.000,18.0
2009-07-31,19:24:00,4.970,0.128,236.030,21.200,37.000,26.000,18.0
2009-07-31,19:25:00,4.688,0.146,235.350,20.000,37.000,23.000,17.0
2009-07-31,19:26:00,5.128,0.124,235.160,21.800,37.000,28.000,18.0
2009-07-31,19:27:00,3.700,0.158,237.020,16.200,25.000,19.000,18.0
2009-07-31,19:28:00,3.078,0.148,238.670,13.000,1.000,30.000,18.0
2009-07-31,19:29:00,2.402,0.170,238.300,10.000,1.000,18.000,18.0
2009-07-31,19:30:00,2.904,0.148,238.470,12.400,2.000,28.000,18.0
2009-07-31,19:31:00,2.790,0.208,237.700,12.000,1.000,24.000,18.0
2009-07-31,19:32:00,2.626,0.282,238.750,11.200,1.000,22.000,18.0
2009-07-31,19:33:00,3.020,0.288,237.120,13.000,1.000,28.000,18.0
2009-07-31,19:34:00,2.418,0.274,237.170,10.200,1.000,17.000,17.0
2009-07-31,19:35:00,2.958,0.298,238.850,12.600,2.000,27.000,19.0
2009-07-31,19:36:00,2.852,0.278,238.610,12.200,1.000,25.000,18.0
2009-07-31,19:37:00,2.360,0.300,239.420,10.000,1.000,16.000,18.0
2009-07-31,19:38:00,2.862,0.280,238.790,12.200,1.000,25.000,18.0
2009-07-31,19:39:00,2.406,0.296,239.140,10.400,1.000,17.000,18.0
2009-07-31,19:40:00,2.734,0.284,239.160,11.600,2.000,23.000,18.0
2009-07-31,19:41:00,2.610,0.294,239.140,11.400,1.000,22.000,18.0
2009-07-31,19:42:00,2.478,0.282,238.580,10.400,1.000,17.000,18.0
2009-07-31,19:43:00,2.654,0.296,239.020,11.600,1.000,23.000,18.0
2009-07-31,19:44:00,2.772,0.282,239.490,11.800,1.000,23.000,19.0
2009-07-31,19:45:00,1.750,0.312,240.130,7.400,1.000,7.000,18.0
2009-07-31,19:46:00,2.206,0.288,239.850,9.400,2.000,13.000,18.0
2009-07-31,19:47:00,3.070,0.334,240.090,13.200,1.000,28.000,18.0
2009-07-31,19:48:00,2.668,0.382,239.560,11.600,1.000,20.000,19.0
2009-07-31,19:49:00,2.924,0.400,238.890,12.600,1.000,25.000,18.0
2009-07-31,19:50:00,2.268,0.380,239.110,9.600,1.000,14.000,18.0
2009-07-31,19:51:00,2.716,0.396,238.100,11.800,1.000,22.000,18.0
2009-07-31,19:52:00,1.734,0.388,239.490,7.400,2.000,5.000,18.0
2009-07-31,19:53:00,2.490,0.400,238.570,10.400,1.000,18.000,18.0
2009-07-31,19:54:00,2.104,0.260,239.190,9.600,1.000,26.000,5.0
2009-07-31,19:55:00,1.358,0.286,239.810,5.800,1.000,18.000,0.0
2009-07-31,19:56:00,1.654,0.260,240.310,7.800,1.000,23.000,1.0
2009-07-31,19:57:00,0.704,0.298,240.680,3.400,1.000,8.000,1.0
2009-07-31,19:58:00,0.544,0.280,241.770,2.400,2.000,4.000,0.0
2009-07-31,19:59:00,0.588,0.300,240.850,2.600,1.000,5.000,1.0
2009-07-31,20:00:00,0.544,0.278,241.470,2.400,1.000,5.000,1.0
2009-07-31,20:01:00,0.588,0.308,242.080,2.600,1.000,5.000,0.0
2009-07-31,20:02:00,0.544,0.286,242.660,2.400,2.000,4.000,1.0
2009-07-31,20:03:00,0.584,0.308,242.230,2.600,1.000,5.000,1.0
2009-07-31,20:04:00,1.128,0.412,241.300,5.000,1.000,5.000,10.0
2009-07-31,20:05:00,1.166,0.384,241.790,5.000,1.000,4.000,12.0
2009-07-31,20:06:00,1.000,0.280,242.170,4.200,1.000,1.000,12.0
2009-07-31,20:07:00,1.026,0.268,240.630,4.400,2.000,2.000,13.0
2009-07-31,20:08:00,1.008,0.262,240.450,4.200,1.000,1.000,13.0
2009-07-31,20:09:00,0.650,0.198,240.950,3.200,1.000,2.000,6.0
2009-07-31,20:10:00,0.288,0.134,241.050,1.200,1.000,1.000,1.0
2009-07-31,20:11:00,0.306,0.134,241.120,1.400,1.000,1.000,1.0
2009-07-31,20:12:00,0.284,0.136,242.890,1.200,2.000,2.000,0.0
2009-07-31,20:13:00,0.306,0.138,242.430,1.400,1.000,1.000,1.0
2009-07-31,20:14:00,0.284,0.132,241.980,1.200,1.000,2.000,1.0
2009-07-31,20:15:00,0.306,0.136,241.970,1.400,1.000,1.000,0.0
2009-07-31,20:16:00,0.282,0.132,241.570,1.200,1.000,1.000,1.0
2009-07-31,20:17:00,0.304,0.136,241.540,1.400,2.000,2.000,1.0
2009-07-31,20:18:00,0.288,0.140,240.300,1.200,1.000,1.000,0.0
2009-07-31,20:19:00,0.280,0.176,241.310,1.400,1.000,2.000,1.0
2009-07-31,20:20:00,0.248,0.160,241.850,1.200,0.000,1.000,1.0
2009-07-31,20:21:00,0.352,0.236,241.200,1.800,1.000,2.000,0.0
2009-07-31,20:22:00,0.400,0.274,241.350,2.000,1.000,1.000,1.0
2009-07-31,20:23:00,0.416,0.280,242.350,2.000,2.000,1.000,1.0
2009-07-31,20:24:00,0.390,0.270,242.270,1.800,1.000,2.000,0.0
2009-07-31,20:25:00,0.406,0.274,242.410,2.000,1.000,1.000,1.0
2009-07-31,20:26:00,0.398,0.276,243.110,2.000,1.000,1.000,1.0
2009-07-31,20:27:00,0.392,0.276,243.230,2.000,2.000,2.000,0.0
2009-07-31,20:28:00,0.402,0.276,242.820,2.000,1.000,1.000,1.0
2009-07-31,20:29:00,0.354,0.300,243.130,1.800,0.000,2.000,1.0
2009-07-31,20:30:00,0.376,0.310,243.090,2.000,1.000,1.000,0.0
2009-07-31,20:31:00,0.334,0.300,243.000,1.800,1.000,2.000,1.0
2009-07-31,20:32:00,0.408,0.288,242.520,2.000,1.000,1.000,1.0
2009-07-31,20:33:00,2.202,0.248,240.770,9.800,30.000,1.000,0.0
2009-07-31,20:34:00,2.594,0.240,239.380,10.800,38.000,2.000,1.0
2009-07-31,20:35:00,2.582,0.238,239.780,10.800,38.000,1.000,1.0
2009-07-31,20:36:00,2.608,0.246,240.310,10.800,38.000,2.000,0.0
2009-07-31,20:37:00,2.656,0.316,240.420,11.000,38.000,1.000,1.0
2009-07-31,20:38:00,2.694,0.350,240.930,11.200,38.000,1.000,1.0
2009-07-31,20:39:00,2.686,0.348,241.400,11.200,39.000,2.000,0.0
2009-07-31,20:40:00,2.704,0.354,241.620,11.200,38.000,1.000,1.0
2009-07-31,20:41:00,2.690,0.354,242.470,11.200,38.000,1.000,1.0
2009-07-31,20:42:00,2.706,0.360,242.330,11.200,39.000,2.000,0.0
2009-07-31,20:43:00,2.656,0.326,242.080,11.000,38.000,1.000,1.0
2009-07-31,20:44:00,0.436,0.244,244.470,2.800,4.000,2.000,1.0
2009-07-31,20:45:00,0.286,0.238,244.540,1.400,0.000,1.000,0.0
2009-07-31,20:46:00,0.304,0.240,243.940,1.600,0.000,1.000,1.0
2009-07-31,20:47:00,0.298,0.256,243.860,1.600,0.000,2.000,1.0
2009-07-31,20:48:00,0.320,0.266,243.250,1.600,1.000,1.000,0.0
2009-07-31,20:49:00,0.288,0.238,243.810,1.400,0.000,1.000,1.0
2009-07-31,20:50:00,0.302,0.238,243.550,1.600,0.000,2.000,1.0
2009-07-31,20:51:00,0.282,0.234,243.800,1.400,0.000,1.000,0.0
2009-07-31,20:52:00,0.302,0.238,243.690,1.600,0.000,2.000,1.0
2009-07-31,20:53:00,0.282,0.236,244.050,1.400,0.000,1.000,1.0
2009-07-31,20:54:00,0.288,0.220,244.060,1.400,0.000,1.000,0.0
2009-07-31,20:55:00,0.216,0.128,243.560,1.000,0.000,2.000,1.0
2009-07-31,20:56:00,0.232,0.132,243.030,1.000,0.000,1.000,1.0
2009-07-31,20:57:00,0.230,0.132,243.190,1.000,0.000,2.000,0.0
2009-07-31,20:58:00,0.218,0.130,243.800,1.000,0.000,1.000,1.0
2009-07-31,20:59:00,0.234,0.132,243.160,1.000,0.000,1.000,1.0
2009-07-31,21:00:00,0.216,0.130,244.150,1.000,0.000,2.000,0.0
2009-07-31,21:01:00,0.234,0.136,244.330,1.000,0.000,1.000,1.0
2009-07-31,21:02:00,0.216,0.132,244.660,1.000,0.000,1.000,1.0
2009-07-31,21:03:00,0.236,0.138,245.020,1.000,0.000,2.000,0.0
2009-07-31,21:04:00,0.216,0.132,244.940,1.000,0.000,1.000,1.0
2009-07-31,21:05:00,0.384,0.198,244.280,1.800,0.000,4.000,1.0
2009-07-31,21:06:00,0.414,0.182,241.720,1.800,0.000,5.000,0.0
2009-07-31,21:07:00,0.424,0.202,242.050,1.800,0.000,4.000,1.0
2009-07-31,21:08:00,0.412,0.182,241.230,1.800,0.000,5.000,1.0
2009-07-31,21:09:00,0.418,0.194,240.420,1.800,0.000,5.000,0.0
2009-07-31,21:10:00,0.412,0.182,241.380,1.800,0.000,4.000,1.0
2009-07-31,21:11:00,0.802,0.332,241.220,4.000,0.000,5.000,5.0
2009-07-31,21:12:00,1.180,0.450,240.340,5.200,0.000,4.000,12.0
2009-07-31,21:13:00,1.066,0.414,241.060,4.600,0.000,3.000,12.0
2009-07-31,21:14:00,1.030,0.400,241.410,4.600,0.000,1.000,13.0
2009-07-31,21:15:00,1.046,0.390,240.080,4.600,0.000,1.000,12.0
2009-07-31,21:16:00,1.032,0.394,240.980,4.600,0.000,1.000,13.0
2009-07-31,21:17:00,0.412,0.280,241.940,2.200,0.000,2.000,2.0
2009-07-31,21:18:00,0.344,0.302,242.030,1.800,0.000,1.000,1.0
2009-07-31,21:19:00,0.340,0.274,241.570,1.800,0.000,2.000,1.0
2009-07-31,21:20:00,0.320,0.258,241.260,1.600,0.000,1.000,0.0
2009-07-31,21:21:00,0.318,0.262,242.110,1.600,0.000,1.000,1.0
2009-07-31,21:22:00,0.328,0.264,241.900,1.600,0.000,2.000,1.0
2009-07-31,21:23:00,0.308,0.258,241.420,1.600,0.000,1.000,0.0
2009-07-31,21:24:00,0.324,0.260,241.220,1.600,0.000,2.000,1.0
2009-07-31,21:25:00,0.306,0.256,241.410,1.600,0.000,1.000,1.0
2009-07-31,21:26:00,0.368,0.298,241.420,2.000,0.000,1.000,0.0
2009-07-31,21:27:00,0.384,0.362,241.760,2.200,0.000,2.000,1.0
2009-07-31,21:28:00,0.400,0.364,241.180,2.200,0.000,1.000,1.0
2009-07-31,21:29:00,0.382,0.364,241.850,2.200,0.000,1.000,0.0
2009-07-31,21:30:00,0.400,0.370,242.210,2.200,0.000,2.000,1.0
2009-07-31,21:31:00,0.380,0.364,242.120,2.200,0.000,1.000,1.0
2009-07-31,21:32:00,0.396,0.370,242.080,2.200,0.000,1.000,0.0
2009-07-31,21:33:00,0.330,0.300,242.370,1.800,0.000,2.000,1.0
2009-07-31,21:34:00,0.300,0.236,242.330,1.600,0.000,1.000,1.0
2009-07-31,21:35:00,0.282,0.230,242.400,1.400,0.000,1.000,0.0
2009-07-31,21:36:00,0.300,0.234,242.270,1.600,0.000,2.000,1.0
2009-07-31,21:37:00,0.280,0.230,242.140,1.400,0.000,1.000,1.0
2009-07-31,21:38:00,0.298,0.234,242.340,1.600,0.000,2.000,0.0
2009-07-31,21:39:00,0.280,0.232,242.580,1.400,0.000,1.000,1.0
2009-07-31,21:40:00,0.298,0.234,242.190,1.600,0.000,1.000,1.0
2009-07-31,21:41:00,0.280,0.230,242.380,1.400,0.000,1.000,0.0
2009-07-31,21:42:00,0.298,0.234,242.050,1.600,0.000,2.000,1.0
2009-07-31,21:43:00,0.270,0.214,241.620,1.400,0.000,1.000,1.0
2009-07-31,21:44:00,0.230,0.128,241.510,1.000,0.000,2.000,0.0
2009-07-31,21:45:00,0.212,0.122,241.240,1.000,0.000,1.000,1.0
2009-07-31,21:46:00,0.230,0.126,241.090,1.000,0.000,1.000,1.0
2009-07-31,21:47:00,0.210,0.122,241.160,1.000,0.000,2.000,0.0
2009-07-31,21:48:00,0.228,0.124,240.680,1.000,0.000,1.000,1.0
2009-07-31,21:49:00,0.210,0.120,240.960,1.000,0.000,1.000,0.0
2009-07-31,21:50:00,0.228,0.126,240.960,1.000,0.000,2.000,1.0
2009-07-31,21:51:00,0.224,0.124,241.110,1.000,0.000,1.000,1.0
2009-07-31,21:52:00,0.214,0.122,240.830,1.000,0.000,1.000,0.0
2009-07-31,21:53:00,0.228,0.126,240.830,1.000,0.000,2.000,1.0
2009-07-31,21:54:00,0.210,0.122,241.230,1.000,0.000,1.000,1.0
2009-07-31,21:55:00,0.230,0.126,241.000,1.000,0.000,2.000,0.0
2009-07-31,21:56:00,0.210,0.120,240.430,1.000,0.000,1.000,1.0
2009-07-31,21:57:00,0.228,0.124,240.680,1.000,0.000,1.000,1.0
2009-07-31,21:58:00,0.210,0.120,240.670,1.000,0.000,1.000,0.0
2009-07-31,21:59:00,0.228,0.124,240.460,1.000,0.000,2.000,1.0
2009-07-31,22:00:00,0.210,0.120,240.300,1.000,0.000,1.000,1.0
2009-07-31,22:01:00,0.340,0.244,240.360,1.800,0.000,2.000,0.0
2009-07-31,22:02:00,0.318,0.252,240.830,1.600,0.000,1.000,1.0
2009-07-31,22:03:00,0.334,0.260,241.400,1.800,0.000,1.000,1.0
2009-07-31,22:04:00,0.314,0.256,241.230,1.600,0.000,1.000,0.0
2009-07-31,22:05:00,0.332,0.262,241.560,1.800,0.000,2.000,1.0
2009-07-31,22:06:00,0.312,0.254,241.330,1.600,0.000,1.000,1.0
2009-07-31,22:07:00,0.330,0.260,241.250,1.600,0.000,2.000,0.0
2009-07-31,22:08:00,0.310,0.256,241.410,1.600,0.000,1.000,1.0
2009-07-31,22:09:00,0.328,0.262,241.820,1.600,0.000,1.000,1.0
2009-07-31,22:10:00,0.308,0.256,241.640,1.600,0.000,1.000,0.0
2009-07-31,22:11:00,0.326,0.260,241.550,1.600,0.000,2.000,1.0
2009-07-31,22:12:00,0.306,0.256,241.550,1.600,0.000,1.000,1.0
2009-07-31,22:13:00,0.326,0.262,241.840,1.600,0.000,2.000,0.0
2009-07-31,22:14:00,0.308,0.260,242.340,1.600,0.000,1.000,1.0
2009-07-31,22:15:00,0.366,0.296,242.420,2.000,0.000,1.000,1.0
2009-07-31,22:16:00,0.388,0.376,244.660,2.200,0.000,1.000,0.0
2009-07-31,22:17:00,0.406,0.382,244.540,2.200,0.000,2.000,1.0
2009-07-31,22:18:00,0.386,0.376,244.610,2.200,0.000,1.000,1.0
2009-07-31,22:19:00,0.404,0.380,244.310,2.200,0.000,2.000,0.0
2009-07-31,22:20:00,0.416,0.386,244.400,2.400,0.000,1.000,1.0
2009-07-31,22:21:00,1.048,0.522,242.650,4.800,0.000,1.000,12.0
2009-07-31,22:22:00,1.068,0.522,242.720,4.800,0.000,2.000,11.0
2009-07-31,22:23:00,0.990,0.382,242.640,4.400,0.000,1.000,13.0
2009-07-31,22:24:00,1.014,0.382,242.310,4.400,0.000,1.000,12.0
2009-07-31,22:25:00,1.000,0.376,242.280,4.400,0.000,2.000,13.0
2009-07-31,22:26:00,0.624,0.300,242.220,3.200,0.000,1.000,7.0
2009-07-31,22:27:00,0.280,0.230,242.530,1.400,0.000,1.000,0.0
2009-07-31,22:28:00,0.298,0.236,242.540,1.600,0.000,2.000,1.0
2009-07-31,22:29:00,0.278,0.228,242.170,1.400,0.000,1.000,1.0
2009-07-31,22:30:00,0.298,0.234,242.170,1.600,0.000,2.000,0.0
2009-07-31,22:31:00,0.278,0.228,241.840,1.400,0.000,1.000,1.0
2009-07-31,22:32:00,0.274,0.198,242.730,1.400,0.000,1.000,1.0
2009-07-31,22:33:00,0.214,0.126,242.990,1.000,0.000,1.000,0.0
2009-07-31,22:34:00,0.232,0.132,243.010,1.000,0.000,2.000,1.0
2009-07-31,22:35:00,0.212,0.126,243.080,1.000,0.000,1.000,1.0
2009-07-31,22:36:00,0.232,0.132,243.330,1.000,0.000,2.000,0.0
2009-07-31,22:37:00,0.212,0.128,243.340,1.000,0.000,1.000,1.0
2009-07-31,22:38:00,0.232,0.132,243.300,1.000,0.000,1.000,1.0
2009-07-31,22:39:00,0.214,0.128,243.500,1.000,0.000,1.000,0.0
2009-07-31,22:40:00,0.232,0.132,243.440,1.000,0.000,2.000,1.0
2009-07-31,22:41:00,0.214,0.128,243.550,1.000,0.000,1.000,1.0
2009-07-31,22:42:00,0.232,0.134,243.790,1.000,0.000,2.000,0.0
2009-07-31,22:43:00,0.214,0.128,243.750,1.000,0.000,1.000,1.0
2009-07-31,22:44:00,0.232,0.134,243.730,1.000,0.000,1.000,1.0
2009-07-31,22:45:00,0.214,0.130,243.910,1.000,0.000,1.000,0.0
2009-07-31,22:46:00,0.234,0.136,244.430,1.000,0.000,2.000,1.0
2009-07-31,22:47:00,0.214,0.130,244.320,1.000,0.000,1.000,1.0
2009-07-31,22:48:00,0.234,0.136,244.470,1.000,0.000,2.000,0.0
2009-07-31,22:49:00,0.214,0.130,244.360,1.000,0.000,1.000,1.0
2009-07-31,22:50:00,0.254,0.146,243.990,1.200,0.000,1.000,1.0
2009-07-31,22:51:00,0.334,0.270,244.180,1.800,0.000,1.000,0.0
2009-07-31,22:52:00,0.332,0.270,243.910,1.600,0.000,2.000,1.0
2009-07-31,22:53:00,0.338,0.274,244.080,1.800,0.000,1.000,1.0
2009-07-31,22:54:00,0.318,0.268,243.700,1.600,0.000,2.000,0.0
2009-07-31,22:55:00,0.336,0.274,244.210,1.800,0.000,1.000,1.0
2009-07-31,22:56:00,0.316,0.266,243.500,1.600,0.000,1.000,1.0
2009-07-31,22:57:00,0.332,0.272,243.650,1.800,0.000,2.000,0.0
2009-07-31,22:58:00,0.314,0.266,243.670,1.600,0.000,1.000,1.0
2009-07-31,22:59:00,0.332,0.272,243.990,1.800,0.000,1.000,1.0
2009-07-31,23:00:00,0.312,0.268,243.950,1.600,0.000,2.000,0.0
2009-07-31,23:01:00,0.330,0.274,244.200,1.800,0.000,1.000,1.0
2009-07-31,23:02:00,0.310,0.266,243.690,1.600,0.000,1.000,1.0
2009-07-31,23:03:00,0.328,0.270,243.550,1.600,0.000,2.000,0.0
2009-07-31,23:04:00,0.358,0.310,243.740,2.000,0.000,1.000,1.0
2009-07-31,23:05:00,0.404,0.380,244.080,2.200,0.000,1.000,1.0
2009-07-31,23:06:00,0.386,0.374,243.970,2.200,0.000,2.000,0.0
2009-07-31,23:07:00,0.404,0.380,244.110,2.200,0.000,1.000,1.0
2009-07-31,23:08:00,0.384,0.374,244.070,2.200,0.000,1.000,1.0
2009-07-31,23:09:00,0.400,0.378,243.940,2.200,0.000,2.000,0.0
2009-07-31,23:10:00,0.380,0.374,244.080,2.200,0.000,1.000,1.0
2009-07-31,23:11:00,0.398,0.380,244.260,2.200,0.000,1.000,1.0
2009-07-31,23:12:00,0.370,0.362,243.920,2.000,0.000,2.000,0.0
2009-07-31,23:13:00,0.300,0.238,243.550,1.600,0.000,1.000,1.0
2009-07-31,23:14:00,0.280,0.232,243.340,1.400,0.000,1.000,1.0
2009-07-31,23:15:00,0.298,0.238,243.440,1.600,0.000,2.000,0.0
2009-07-31,23:16:00,0.280,0.234,243.600,1.400,0.000,1.000,1.0
2009-07-31,23:17:00,0.298,0.236,242.710,1.600,0.000,1.000,1.0
2009-07-31,23:18:00,0.276,0.222,240.450,1.400,0.000,1.000,0.0
2009-07-31,23:19:00,0.292,0.224,240.010,1.600,0.000,2.000,1.0
2009-07-31,23:20:00,0.274,0.220,240.080,1.400,0.000,1.000,1.0
2009-07-31,23:21:00,0.246,0.152,240.600,1.200,0.000,2.000,0.0
2009-07-31,23:22:00,0.220,0.120,240.000,1.000,0.000,1.000,1.0
2009-07-31,23:23:00,0.216,0.122,240.380,1.000,0.000,1.000,1.0
2009-07-31,23:24:00,0.226,0.124,240.120,1.000,0.000,2.000,0.0
2009-07-31,23:25:00,0.208,0.120,240.440,1.000,0.000,1.000,1.0
2009-07-31,23:26:00,0.228,0.124,240.350,1.000,0.000,1.000,1.0
2009-07-31,23:27:00,0.208,0.120,240.150,1.000,0.000,1.000,0.0
2009-07-31,23:28:00,0.228,0.124,240.510,1.000,0.000,2.000,1.0
2009-07-31,23:29:00,0.484,0.180,240.690,2.600,0.000,1.000,5.0
2009-07-31,23:30:00,0.878,0.260,240.240,3.800,0.000,2.000,11.0
2009-07-31,23:31:00,0.888,0.256,240.370,3.800,0.000,1.000,12.0
2009-07-31,23:32:00,0.930,0.262,240.480,4.000,0.000,1.000,13.0
2009-07-31,23:33:00,0.916,0.250,239.930,4.000,0.000,1.000,12.0
2009-07-31,23:34:00,0.936,0.252,239.620,4.000,0.000,2.000,13.0
2009-07-31,23:35:00,0.412,0.156,240.460,2.200,0.000,1.000,4.0
2009-07-31,23:36:00,0.228,0.124,240.730,1.000,0.000,1.000,1.0
2009-07-31,23:37:00,0.210,0.120,240.920,1.000,0.000,2.000,0.0
2009-07-31,23:38:00,0.228,0.126,241.020,1.000,0.000,1.000,1.0
2009-07-31,23:39:00,0.210,0.122,240.880,1.000,0.000,1.000,1.0
2009-07-31,23:40:00,0.282,0.178,240.830,1.400,0.000,2.000,0.0
2009-07-31,23:41:00,0.320,0.252,240.670,1.600,0.000,1.000,1.0
2009-07-31,23:42:00,0.334,0.256,240.660,1.800,0.000,1.000,1.0
2009-07-31,23:43:00,0.314,0.252,240.410,1.600,0.000,1.000,0.0
2009-07-31,23:44:00,0.332,0.256,240.560,1.800,0.000,2.000,1.0
2009-07-31,23:45:00,0.312,0.252,240.780,1.600,0.000,1.000,1.0
2009-07-31,23:46:00,0.328,0.258,240.880,1.600,0.000,2.000,0.0
2009-07-31,23:47:00,0.308,0.252,240.720,1.600,0.000,1.000,1.0
2009-07-31,23:48:00,0.326,0.258,240.910,1.600,0.000,1.000,1.0
2009-07-31,23:49:00,0.308,0.254,240.970,1.600,0.000,1.000,0.0
2009-07-31,23:50:00,0.324,0.258,240.780,1.600,0.000,2.000,1.0
2009-07-31,23:51:00,0.306,0.254,241.130,1.600,0.000,1.000,0.0
2009-07-31,23:52:00,0.324,0.258,240.920,1.600,0.000,1.000,1.0
2009-07-31,23:53:00,0.396,0.338,240.520,2.200,0.000,2.000,1.0
2009-07-31,23:54:00,0.384,0.356,240.480,2.200,0.000,1.000,0.0
2009-07-31,23:55:00,0.398,0.358,240.190,2.200,0.000,2.000,1.0
2009-07-31,23:56:00,0.378,0.354,240.560,2.000,0.000,1.000,1.0
2009-07-31,23:57:00,0.394,0.360,240.490,2.200,0.000,1.000,0.0
2009-07-31,23:58:00,0.374,0.356,240.630,2.000,0.000,1.000,1.0
2009-07-31,23:59:00,0.390,0.360,240.520,2.200,0.000,2.000,1.0
