Date,Time,Global_active_power,Global_reactive_power,Voltage,Global_intensity,Sub_metering_1,Sub_metering_2,Sub_metering_3
2009-02-15,00:00:00,1.500,0.180,243.380,6.200,0.000,0.000,0.0
2009-02-15,00:01:00,1.436,0.080,243.550,5.800,0.000,0.000,0.0
2009-02-15,00:02:00,1.370,0.000,243.570,5.600,0.000,0.000,0.0
2009-02-15,00:03:00,1.346,0.056,244.050,5.400,0.000,0.000,0.0
2009-02-15,00:04:00,1.352,0.054,244.540,5.400,0.000,0.000,0.0
2009-02-15,00:05:00,1.350,0.056,244.460,5.400,0.000,0.000,0.0
2009-02-15,00:06:00,1.344,0.056,243.760,5.400,0.000,0.000,0.0
2009-02-15,00:07:00,1.346,0.056,244.080,5.400,0.000,0.000,0.0
2009-02-15,00:08:00,1.352,0.054,244.740,5.400,0.000,0.000,0.0
2009-02-15,00:09:00,1.354,0.054,244.860,5.400,0.000,0.000,0.0
2009-02-15,00:10:00,1.358,0.054,245.290,5.400,0.000,0.000,0.0
2009-02-15,00:11:00,1.354,0.054,244.850,5.400,0.000,0.000,0.0
2009-02-15,00:12:00,1.348,0.056,244.270,5.400,0.000,0.000,0.0
2009-02-15,00:13:00,1.348,0.056,244.240,5.400,0.000,0.000,0.0
2009-02-15,00:14:00,1.356,0.054,245.130,5.400,0.000,0.000,0.0
2009-02-15,00:15:00,1.360,0.054,245.390,5.400,0.000,0.000,0.0
2009-02-15,00:16:00,1.360,0.054,245.400,5.400,0.000,0.000,0.0
2009-02-15,00:17:00,1.364,0.054,245.750,5.400,0.000,0.000,0.0
2009-02-15,00:18:00,1.358,0.054,245.250,5.400,0.000,0.000,0.0
2009-02-15,00:19:00,1.348,0.056,244.370,5.400,0.000,0.000,0.0
2009-02-15,00:20:00,1.352,0.056,244.680,5.400,0.000,0.000,0.0
2009-02-15,00:21:00,1.462,0.058,244.130,6.000,0.000,0.000,0.0
2009-02-15,00:22:00,1.442,0.058,244.750,5.800,0.000,0.000,0.0
2009-02-15,00:23:00,1.372,0.056,245.120,5.600,0.000,0.000,0.0
2009-02-15,00:24:00,1.364,0.052,246.000,5.400,0.000,0.000,0.0
2009-02-15,00:25:00,1.356,0.054,245.260,5.400,0.000,0.000,0.0
2009-02-15,00:26:00,1.332,0.058,242.740,5.400,0.000,0.000,0.0
2009-02-15,00:27:00,1.336,0.058,242.930,5.400,0.000,0.000,0.0
2009-02-15,00:28:00,1.334,0.058,242.680,5.400,0.000,0.000,0.0
2009-02-15,00:29:00,1.326,0.058,242.040,5.400,0.000,0.000,0.0
2009-02-15,00:30:00,1.322,0.058,241.530,5.400,0.000,0.000,0.0
2009-02-15,00:31:00,1.330,0.058,242.300,5.400,0.000,0.000,0.0
2009-02-15,00:32:00,1.332,0.058,242.530,5.400,0.000,0.000,0.0
2009-02-15,00:33:00,1.330,0.058,242.290,5.400,0.000,0.000,0.0
2009-02-15,00:34:00,1.318,0.060,241.000,5.400,0.000,0.000,0.0
2009-02-15,00:35:00,1.364,0.000,241.240,5.600,0.000,0.000,0.0
2009-02-15,00:36:00,1.394,0.000,241.240,5.800,0.000,0.000,0.0
2009-02-15,00:37:00,1.394,0.000,241.170,5.800,0.000,0.000,0.0
2009-02-15,00:38:00,1.402,0.000,241.900,5.800,0.000,0.000,0.0
2009-02-15,00:39:00,1.406,0.046,242.430,5.800,0.000,0.000,0.0
2009-02-15,00:40:00,1.524,0.170,243.140,6.200,0.000,0.000,0.0
2009-02-15,00:41:00,1.514,0.182,242.570,6.200,0.000,0.000,0.0
2009-02-15,00:42:00,1.512,0.182,242.640,6.200,0.000,0.000,0.0
2009-02-15,00:43:00,1.510,0.184,242.810,6.200,0.000,0.000,0.0
2009-02-15,00:44:00,1.512,0.184,243.030,6.200,0.000,0.000,0.0
2009-02-15,00:45:00,1.456,0.106,242.510,6.000,0.000,0.000,0.0
2009-02-15,00:46:00,1.442,0.080,243.290,5.800,0.000,0.000,0.0
2009-02-15,00:47:00,1.444,0.080,243.600,5.800,0.000,0.000,0.0
2009-02-15,00:48:00,1.444,0.080,243.710,5.800,0.000,0.000,0.0
2009-02-15,00:49:00,1.440,0.080,243.350,5.800,0.000,0.000,0.0
2009-02-15,00:50:00,1.446,0.082,244.170,5.800,0.000,0.000,0.0
2009-02-15,00:51:00,1.460,0.086,245.530,5.800,0.000,0.000,0.0
2009-02-15,00:52:00,1.450,0.082,244.570,5.800,0.000,0.000,0.0
2009-02-15,00:53:00,1.454,0.086,245.140,5.800,0.000,0.000,0.0
2009-02-15,00:54:00,1.450,0.086,244.860,5.800,0.000,0.000,0.0
2009-02-15,00:55:00,1.448,0.086,244.780,5.800,0.000,0.000,0.0
2009-02-15,00:56:00,1.436,0.084,244.620,5.800,0.000,0.000,0.0
2009-02-15,00:57:00,1.358,0.046,244.750,5.400,0.000,0.000,0.0
2009-02-15,00:58:00,1.300,0.052,245.710,5.200,0.000,0.000,0.0
2009-02-15,00:59:00,1.302,0.050,246.040,5.200,0.000,0.000,0.0
2009-02-15,01:00:00,1.312,0.048,247.050,5.200,0.000,0.000,0.0
2009-02-15,01:01:00,1.314,0.048,247.180,5.200,0.000,0.000,0.0
2009-02-15,01:02:00,1.306,0.050,246.340,5.200,0.000,0.000,0.0
2009-02-15,01:03:00,1.306,0.050,246.200,5.200,0.000,0.000,0.0
2009-02-15,01:04:00,1.304,0.050,246.260,5.200,0.000,0.000,0.0
2009-02-15,01:05:00,1.304,0.050,246.200,5.200,0.000,0.000,0.0
2009-02-15,01:06:00,1.292,0.052,245.060,5.200,0.000,0.000,0.0
2009-02-15,01:07:00,1.300,0.052,245.690,5.200,0.000,0.000,0.0
2009-02-15,01:08:00,1.302,0.052,246.030,5.200,0.000,0.000,0.0
2009-02-15,01:09:00,1.294,0.052,245.160,5.200,0.000,0.000,0.0
2009-02-15,01:10:00,1.292,0.052,244.960,5.200,0.000,0.000,0.0
2009-02-15,01:11:00,1.296,0.052,245.280,5.200,0.000,0.000,0.0
2009-02-15,01:12:00,1.302,0.052,245.820,5.200,0.000,0.000,0.0
2009-02-15,01:13:00,1.304,0.052,246.040,5.200,0.000,0.000,0.0
2009-02-15,01:14:00,1.310,0.050,246.740,5.200,0.000,0.000,0.0
2009-02-15,01:15:00,1.312,0.050,246.950,5.200,0.000,0.000,0.0
2009-02-15,01:16:00,1.310,0.050,246.900,5.200,0.000,0.000,0.0
2009-02-15,01:17:00,1.292,0.052,245.050,5.200,0.000,0.000,0.0
2009-02-15,01:18:00,1.288,0.054,244.520,5.200,0.000,0.000,0.0
2009-02-15,01:19:00,1.282,0.054,243.920,5.200,0.000,0.000,0.0
2009-02-15,01:20:00,1.322,0.000,244.130,5.400,0.000,0.000,0.0
2009-02-15,01:21:00,1.358,0.050,243.980,5.400,0.000,0.000,0.0
2009-02-15,01:22:00,1.358,0.050,243.920,5.400,0.000,0.000,0.0
2009-02-15,01:23:00,1.356,0.050,243.600,5.400,0.000,0.000,0.0
2009-02-15,01:24:00,1.360,0.050,244.010,5.400,0.000,0.000,0.0
2009-02-15,01:25:00,1.362,0.052,244.260,5.400,0.000,0.000,0.0
2009-02-15,01:26:00,1.358,0.052,244.190,5.400,0.000,0.000,0.0
2009-02-15,01:27:00,1.360,0.050,244.250,5.400,0.000,0.000,0.0
2009-02-15,01:28:00,1.356,0.050,244.140,5.400,0.000,0.000,0.0
2009-02-15,01:29:00,1.354,0.046,244.570,5.400,0.000,0.000,0.0
2009-02-15,01:30:00,1.280,0.056,243.640,5.200,0.000,0.000,0.0
2009-02-15,01:31:00,1.282,0.056,243.760,5.200,0.000,0.000,0.0
2009-02-15,01:32:00,1.278,0.056,243.250,5.200,0.000,0.000,0.0
2009-02-15,01:33:00,1.268,0.056,242.270,5.200,0.000,0.000,0.0
2009-02-15,01:34:00,1.274,0.056,242.870,5.200,0.000,0.000,0.0
2009-02-15,01:35:00,1.316,0.000,243.780,5.400,0.000,0.000,0.0
2009-02-15,01:36:00,1.460,0.168,244.420,6.000,0.000,1.000,0.0
2009-02-15,01:37:00,1.482,0.210,244.150,6.000,0.000,1.000,0.0
2009-02-15,01:38:00,1.480,0.212,244.560,6.000,0.000,2.000,0.0
2009-02-15,01:39:00,1.488,0.214,245.080,6.000,0.000,1.000,0.0
2009-02-15,01:40:00,1.486,0.214,245.190,6.000,0.000,2.000,0.0
2009-02-15,01:41:00,1.488,0.216,245.700,6.000,0.000,1.000,0.0
2009-02-15,01:42:00,1.486,0.216,245.620,6.000,0.000,2.000,0.0
2009-02-15,01:43:00,1.478,0.214,245.030,6.000,0.000,1.000,0.0
2009-02-15,01:44:00,1.474,0.212,244.670,6.000,0.000,1.000,0.0
2009-02-15,01:45:00,1.470,0.210,244.350,6.000,0.000,2.000,0.0
2009-02-15,01:46:00,1.470,0.210,244.340,6.000,0.000,1.000,0.0
2009-02-15,01:47:00,1.466,0.210,244.050,6.000,0.000,2.000,0.0
2009-02-15,01:48:00,1.472,0.212,244.680,6.000,0.000,1.000,0.0
2009-02-15,01:49:00,1.468,0.210,244.310,6.000,0.000,1.000,0.0
2009-02-15,01:50:00,1.466,0.210,244.240,6.000,0.000,2.000,0.0
2009-02-15,01:51:00,1.468,0.212,244.630,6.000,0.000,1.000,0.0
2009-02-15,01:52:00,1.456,0.208,243.750,6.000,0.000,2.000,0.0
2009-02-15,01:53:00,1.406,0.146,242.880,5.800,0.000,1.000,0.0
2009-02-15,01:54:00,1.350,0.066,242.690,5.400,0.000,1.000,0.0
2009-02-15,01:55:00,1.338,0.064,241.460,5.400,0.000,2.000,0.0
2009-02-15,01:56:00,1.352,0.068,243.110,5.400,0.000,1.000,0.0
2009-02-15,01:57:00,1.368,0.072,244.800,5.600,0.000,1.000,0.0
2009-02-15,01:58:00,1.362,0.070,244.230,5.600,0.000,2.000,0.0
2009-02-15,01:59:00,1.302,0.000,243.930,5.200,0.000,0.000,0.0
2009-02-15,02:00:00,1.282,0.054,243.590,5.200,0.000,0.000,0.0
2009-02-15,02:01:00,1.286,0.054,243.870,5.200,0.000,0.000,0.0
2009-02-15,02:02:00,1.290,0.052,244.460,5.200,0.000,0.000,0.0
2009-02-15,02:03:00,1.292,0.052,244.630,5.200,0.000,0.000,0.0
2009-02-15,02:04:00,1.286,0.054,244.120,5.200,0.000,0.000,0.0
2009-02-15,02:05:00,1.286,0.052,244.220,5.200,0.000,0.000,0.0
2009-02-15,02:06:00,1.340,0.000,244.030,5.400,0.000,0.000,0.0
2009-02-15,02:07:00,1.356,0.052,243.660,5.400,0.000,0.000,0.0
2009-02-15,02:08:00,1.356,0.052,243.650,5.400,0.000,0.000,0.0
2009-02-15,02:09:00,1.358,0.052,243.820,5.400,0.000,0.000,0.0
2009-02-15,02:10:00,1.360,0.052,244.060,5.400,0.000,0.000,0.0
2009-02-15,02:11:00,1.358,0.052,244.120,5.400,0.000,0.000,0.0
2009-02-15,02:12:00,1.360,0.052,244.390,5.400,0.000,0.000,0.0
2009-02-15,02:13:00,1.360,0.052,244.340,5.400,0.000,0.000,0.0
2009-02-15,02:14:00,1.366,0.054,245.130,5.600,0.000,0.000,0.0
2009-02-15,02:15:00,1.342,0.000,245.660,5.400,0.000,0.000,0.0
2009-02-15,02:16:00,1.304,0.050,246.070,5.200,0.000,0.000,0.0
2009-02-15,02:17:00,1.298,0.052,245.430,5.200,0.000,0.000,0.0
2009-02-15,02:18:00,1.288,0.054,244.420,5.200,0.000,0.000,0.0
2009-02-15,02:19:00,1.290,0.054,244.450,5.200,0.000,0.000,0.0
2009-02-15,02:20:00,1.292,0.052,244.760,5.200,0.000,0.000,0.0
2009-02-15,02:21:00,1.286,0.054,244.240,5.200,0.000,0.000,0.0
2009-02-15,02:22:00,1.286,0.054,244.140,5.200,0.000,0.000,0.0
2009-02-15,02:23:00,1.292,0.052,244.790,5.200,0.000,0.000,0.0
2009-02-15,02:24:00,1.292,0.052,244.690,5.200,0.000,0.000,0.0
2009-02-15,02:25:00,1.294,0.052,244.860,5.200,0.000,0.000,0.0
2009-02-15,02:26:00,1.300,0.050,245.450,5.200,0.000,0.000,0.0
2009-02-15,02:27:00,1.300,0.050,245.560,5.200,0.000,0.000,0.0
2009-02-15,02:28:00,1.300,0.050,245.720,5.200,0.000,0.000,0.0
2009-02-15,02:29:00,1.298,0.050,245.560,5.200,0.000,0.000,0.0
2009-02-15,02:30:00,1.296,0.052,245.350,5.200,0.000,0.000,0.0
2009-02-15,02:31:00,1.296,0.052,245.200,5.200,0.000,0.000,0.0
2009-02-15,02:32:00,1.330,0.000,245.140,5.400,0.000,0.000,0.0
2009-02-15,02:33:00,1.412,0.088,244.910,5.800,0.000,0.000,0.0
2009-02-15,02:34:00,1.414,0.088,245.190,5.600,0.000,0.000,0.0
2009-02-15,02:35:00,1.414,0.088,245.440,5.600,0.000,0.000,0.0
2009-02-15,02:36:00,1.416,0.090,245.800,5.600,0.000,0.000,0.0
2009-02-15,02:37:00,1.412,0.090,246.180,5.600,0.000,0.000,0.0
2009-02-15,02:38:00,1.416,0.092,246.760,5.600,0.000,0.000,0.0
2009-02-15,02:39:00,1.412,0.092,246.660,5.600,0.000,0.000,0.0
2009-02-15,02:40:00,1.412,0.092,246.720,5.600,0.000,0.000,0.0
2009-02-15,02:41:00,1.406,0.092,246.330,5.600,0.000,0.000,0.0
2009-02-15,02:42:00,1.408,0.092,246.540,5.600,0.000,0.000,0.0
2009-02-15,02:43:00,1.412,0.094,247.010,5.600,0.000,0.000,0.0
2009-02-15,02:44:00,1.414,0.094,247.410,5.600,0.000,0.000,0.0
2009-02-15,02:45:00,1.412,0.094,247.130,5.600,0.000,0.000,0.0
2009-02-15,02:46:00,1.400,0.090,246.040,5.600,0.000,0.000,0.0
2009-02-15,02:47:00,1.392,0.088,245.340,5.600,0.000,0.000,0.0
2009-02-15,02:48:00,1.404,0.088,245.630,5.600,0.000,0.000,0.0
2009-02-15,02:49:00,1.388,0.062,245.990,5.600,0.000,0.000,0.0
2009-02-15,02:50:00,1.320,0.048,246.870,5.200,0.000,0.000,0.0
2009-02-15,02:51:00,1.324,0.048,247.540,5.200,0.000,0.000,0.0
2009-02-15,02:52:00,1.328,0.046,248.130,5.200,0.000,0.000,0.0
2009-02-15,02:53:00,1.402,0.048,246.940,5.600,0.000,0.000,0.0
2009-02-15,02:54:00,1.386,0.058,246.510,5.600,0.000,0.000,0.0
2009-02-15,02:55:00,1.378,0.058,246.270,5.600,0.000,0.000,0.0
2009-02-15,02:56:00,1.376,0.056,246.040,5.600,0.000,0.000,0.0
2009-02-15,02:57:00,1.386,0.060,247.160,5.600,0.000,0.000,0.0
2009-02-15,02:58:00,1.384,0.060,246.980,5.600,0.000,0.000,0.0
2009-02-15,02:59:00,1.378,0.058,246.450,5.600,0.000,0.000,0.0
2009-02-15,03:00:00,1.376,0.056,246.190,5.600,0.000,0.000,0.0
2009-02-15,03:01:00,1.378,0.058,246.510,5.600,0.000,0.000,0.0
2009-02-15,03:02:00,1.326,0.000,246.650,5.400,0.000,0.000,0.0
2009-02-15,03:03:00,1.314,0.050,246.610,5.200,0.000,0.000,0.0
2009-02-15,03:04:00,1.320,0.048,247.140,5.200,0.000,0.000,0.0
2009-02-15,03:05:00,1.322,0.048,247.450,5.200,0.000,0.000,0.0
2009-02-15,03:06:00,1.316,0.048,246.900,5.200,0.000,0.000,0.0
2009-02-15,03:07:00,1.308,0.050,245.910,5.200,0.000,0.000,0.0
2009-02-15,03:08:00,1.310,0.050,246.290,5.200,0.000,0.000,0.0
2009-02-15,03:09:00,1.312,0.050,246.340,5.200,0.000,0.000,0.0
2009-02-15,03:10:00,1.310,0.050,246.590,5.200,0.000,0.000,0.0
2009-02-15,03:11:00,1.308,0.050,246.600,5.200,0.000,0.000,0.0
2009-02-15,03:12:00,1.304,0.050,246.190,5.200,0.000,0.000,0.0
2009-02-15,03:13:00,1.304,0.050,246.420,5.200,0.000,0.000,0.0
2009-02-15,03:14:00,1.308,0.050,246.780,5.200,0.000,0.000,0.0
2009-02-15,03:15:00,1.310,0.050,246.930,5.200,0.000,0.000,0.0
2009-02-15,03:16:00,1.306,0.050,246.550,5.200,0.000,0.000,0.0
2009-02-15,03:17:00,1.312,0.050,247.110,5.200,0.000,0.000,0.0
2009-02-15,03:18:00,1.318,0.048,247.190,5.200,0.000,0.000,0.0
2009-02-15,03:19:00,1.320,0.048,247.080,5.200,0.000,0.000,0.0
2009-02-15,03:20:00,1.318,0.050,246.840,5.200,0.000,0.000,0.0
2009-02-15,03:21:00,1.316,0.050,246.640,5.200,0.000,0.000,0.0
2009-02-15,03:22:00,1.316,0.050,246.930,5.200,0.000,0.000,0.0
2009-02-15,03:23:00,1.314,0.050,246.830,5.200,0.000,0.000,0.0
2009-02-15,03:24:00,1.308,0.050,246.130,5.200,0.000,0.000,0.0
2009-02-15,03:25:00,1.310,0.050,246.450,5.200,0.000,0.000,0.0
2009-02-15,03:26:00,1.306,0.050,246.730,5.200,0.000,0.000,0.0
2009-02-15,03:27:00,1.310,0.050,247.070,5.200,0.000,0.000,0.0
2009-02-15,03:28:00,1.312,0.050,247.240,5.200,0.000,0.000,0.0
2009-02-15,03:29:00,1.368,0.000,246.990,5.400,0.000,0.000,0.0
2009-02-15,03:30:00,1.422,0.092,246.780,5.600,0.000,0.000,0.0
2009-02-15,03:31:00,1.416,0.092,246.530,5.600,0.000,0.000,0.0
2009-02-15,03:32:00,1.418,0.092,246.910,5.600,0.000,0.000,0.0
2009-02-15,03:33:00,1.414,0.090,246.020,5.600,0.000,0.000,0.0
2009-02-15,03:34:00,1.410,0.088,245.610,5.600,0.000,0.000,0.0
2009-02-15,03:35:00,1.406,0.088,245.410,5.600,0.000,0.000,0.0
2009-02-15,03:36:00,1.410,0.090,245.890,5.600,0.000,0.000,0.0
2009-02-15,03:37:00,1.412,0.090,246.190,5.600,0.000,0.000,0.0
2009-02-15,03:38:00,1.422,0.094,247.220,5.600,0.000,0.000,0.0
2009-02-15,03:39:00,1.418,0.092,246.970,5.600,0.000,0.000,0.0
2009-02-15,03:40:00,1.460,0.136,247.340,5.800,0.000,0.000,0.0
2009-02-15,03:41:00,1.478,0.200,246.320,6.000,0.000,0.000,0.0
2009-02-15,03:42:00,1.480,0.200,246.540,6.000,0.000,0.000,0.0
2009-02-15,03:43:00,1.482,0.202,247.050,6.000,0.000,0.000,0.0
2009-02-15,03:44:00,1.482,0.202,247.000,6.000,0.000,0.000,0.0
2009-02-15,03:45:00,1.480,0.202,247.050,6.000,0.000,0.000,0.0
2009-02-15,03:46:00,1.440,0.146,246.870,5.800,0.000,0.000,0.0
2009-02-15,03:47:00,1.372,0.056,246.100,5.600,0.000,0.000,0.0
2009-02-15,03:48:00,1.372,0.054,245.430,5.600,0.000,0.000,0.0
2009-02-15,03:49:00,1.388,0.058,246.860,5.600,0.000,0.000,0.0
2009-02-15,03:50:00,1.334,0.000,247.070,5.400,0.000,0.000,0.0
2009-02-15,03:51:00,1.322,0.048,247.470,5.200,0.000,0.000,0.0
2009-02-15,03:52:00,1.328,0.048,248.150,5.200,0.000,0.000,0.0
2009-02-15,03:53:00,1.336,0.046,249.080,5.200,0.000,0.000,0.0
2009-02-15,03:54:00,1.334,0.000,248.890,5.200,0.000,0.000,0.0
2009-02-15,03:55:00,1.324,0.046,248.000,5.200,0.000,0.000,0.0
2009-02-15,03:56:00,1.314,0.048,247.570,5.200,0.000,0.000,0.0
2009-02-15,03:57:00,1.316,0.048,247.760,5.200,0.000,0.000,0.0
2009-02-15,03:58:00,1.310,0.050,247.260,5.200,0.000,0.000,0.0
2009-02-15,03:59:00,1.308,0.050,246.980,5.200,0.000,0.000,0.0
2009-02-15,04:00:00,1.308,0.050,246.830,5.200,0.000,0.000,0.0
2009-02-15,04:01:00,1.306,0.050,246.500,5.200,0.000,0.000,0.0
2009-02-15,04:02:00,1.312,0.050,247.060,5.200,0.000,0.000,0.0
2009-02-15,04:03:00,1.312,0.050,246.450,5.200,0.000,0.000,0.0
2009-02-15,04:04:00,1.306,0.050,245.790,5.200,0.000,0.000,0.0
2009-02-15,04:05:00,1.298,0.052,245.010,5.200,0.000,0.000,0.0
2009-02-15,04:06:00,1.302,0.052,245.320,5.200,0.000,0.000,0.0
2009-02-15,04:07:00,1.302,0.052,245.390,5.200,0.000,0.000,0.0
2009-02-15,04:08:00,1.308,0.050,245.960,5.200,0.000,0.000,0.0
2009-02-15,04:09:00,1.300,0.052,245.440,5.200,0.000,0.000,0.0
2009-02-15,04:10:00,1.288,0.054,244.630,5.200,0.000,0.000,0.0
2009-02-15,04:11:00,1.290,0.054,244.770,5.200,0.000,0.000,0.0
2009-02-15,04:12:00,1.290,0.054,244.710,5.200,0.000,0.000,0.0
2009-02-15,04:13:00,1.292,0.054,244.950,5.200,0.000,0.000,0.0
2009-02-15,04:14:00,1.294,0.054,245.080,5.200,0.000,0.000,0.0
2009-02-15,04:15:00,1.296,0.052,245.420,5.200,0.000,0.000,0.0
2009-02-15,04:16:00,1.294,0.052,245.200,5.200,0.000,0.000,0.0
2009-02-15,04:17:00,1.298,0.052,245.620,5.200,0.000,0.000,0.0
2009-02-15,04:18:00,1.302,0.052,245.350,5.200,0.000,0.000,0.0
2009-02-15,04:19:00,1.302,0.052,245.380,5.200,0.000,0.000,0.0
2009-02-15,04:20:00,1.300,0.052,245.250,5.200,0.000,0.000,0.0
2009-02-15,04:21:00,1.298,0.052,244.900,5.200,0.000,0.000,0.0
2009-02-15,04:22:00,1.290,0.054,244.470,5.200,0.000,0.000,0.0
2009-02-15,04:23:00,1.282,0.054,244.070,5.200,0.000,0.000,0.0
2009-02-15,04:24:00,1.276,0.056,243.430,5.200,0.000,0.000,0.0
2009-02-15,04:25:00,1.386,0.054,244.170,5.600,0.000,0.000,0.0
2009-02-15,04:26:00,1.402,0.084,244.770,5.600,0.000,0.000,0.0
2009-02-15,04:27:00,1.408,0.088,245.680,5.600,0.000,0.000,0.0
2009-02-15,04:28:00,1.494,0.186,245.700,6.000,0.000,0.000,0.0
2009-02-15,04:29:00,1.484,0.198,246.080,6.000,0.000,0.000,0.0
2009-02-15,04:30:00,1.478,0.196,245.650,6.000,0.000,0.000,0.0
2009-02-15,04:31:00,1.464,0.192,244.510,6.000,0.000,0.000,0.0
2009-02-15,04:32:00,1.462,0.190,244.330,6.000,0.000,0.000,0.0
2009-02-15,04:33:00,1.468,0.192,244.590,6.000,0.000,0.000,0.0
2009-02-15,04:34:00,1.462,0.192,244.440,6.000,0.000,0.000,0.0
2009-02-15,04:35:00,1.452,0.190,244.040,6.000,0.000,0.000,0.0
2009-02-15,04:36:00,1.448,0.188,243.750,6.000,0.000,0.000,0.0
2009-02-15,04:37:00,1.434,0.168,243.910,5.800,0.000,0.000,0.0
2009-02-15,04:38:00,1.386,0.084,244.680,5.600,0.000,0.000,0.0
2009-02-15,04:39:00,1.388,0.084,244.750,5.600,0.000,0.000,0.0
2009-02-15,04:40:00,1.408,0.092,246.940,5.600,0.000,0.000,0.0
2009-02-15,04:41:00,1.410,0.094,247.450,5.600,0.000,0.000,0.0
2009-02-15,04:42:00,1.340,0.000,246.890,5.400,0.000,0.000,0.0
2009-02-15,04:43:00,1.298,0.052,245.800,5.200,0.000,0.000,0.0
2009-02-15,04:44:00,1.298,0.050,245.850,5.200,0.000,0.000,0.0
2009-02-15,04:45:00,1.302,0.050,246.260,5.200,0.000,0.000,0.0
2009-02-15,04:46:00,1.304,0.050,246.410,5.200,0.000,0.000,0.0
2009-02-15,04:47:00,1.308,0.048,246.950,5.200,0.000,0.000,0.0
2009-02-15,04:48:00,1.300,0.052,246.010,5.200,0.000,0.000,0.0
2009-02-15,04:49:00,1.302,0.052,246.080,5.200,0.000,0.000,0.0
2009-02-15,04:50:00,1.304,0.050,246.270,5.200,0.000,0.000,0.0
2009-02-15,04:51:00,1.302,0.050,246.050,5.200,0.000,0.000,0.0
2009-02-15,04:52:00,1.298,0.052,245.700,5.200,0.000,0.000,0.0
2009-02-15,04:53:00,1.304,0.050,246.410,5.200,0.000,0.000,0.0
2009-02-15,04:54:00,1.304,0.050,246.490,5.200,0.000,0.000,0.0
2009-02-15,04:55:00,1.304,0.050,246.430,5.200,0.000,0.000,0.0
2009-02-15,04:56:00,1.306,0.050,246.590,5.200,0.000,0.000,0.0
2009-02-15,04:57:00,1.302,0.050,246.120,5.200,0.000,0.000,0.0
2009-02-15,04:58:00,1.298,0.052,245.640,5.200,0.000,0.000,0.0
2009-02-15,04:59:00,1.288,0.054,244.760,5.200,0.000,0.000,0.0
2009-02-15,05:00:00,1.284,0.054,244.180,5.200,0.000,0.000,0.0
2009-02-15,05:01:00,1.284,0.054,244.120,5.200,0.000,0.000,0.0
2009-02-15,05:02:00,1.294,0.054,245.030,5.200,0.000,0.000,0.0
2009-02-15,05:03:00,1.298,0.052,245.580,5.200,0.000,0.000,0.0
2009-02-15,05:04:00,1.310,0.050,246.780,5.200,0.000,0.000,0.0
2009-02-15,05:05:00,1.350,0.000,245.700,5.400,0.000,0.000,0.0
2009-02-15,05:06:00,1.372,0.072,244.990,5.600,0.000,1.000,0.0
2009-02-15,05:07:00,1.368,0.072,244.360,5.600,0.000,2.000,0.0
2009-02-15,05:08:00,1.374,0.072,244.930,5.600,0.000,1.000,0.0
2009-02-15,05:09:00,1.378,0.074,245.290,5.600,0.000,1.000,0.0
2009-02-15,05:10:00,1.376,0.072,245.160,5.600,0.000,2.000,0.0
2009-02-15,05:11:00,1.380,0.074,245.510,5.600,0.000,1.000,0.0
2009-02-15,05:12:00,1.394,0.078,246.770,5.600,0.000,2.000,0.0
2009-02-15,05:13:00,1.392,0.076,246.650,5.600,0.000,1.000,0.0
2009-02-15,05:14:00,1.382,0.074,245.620,5.600,0.000,2.000,0.0
2009-02-15,05:15:00,1.460,0.168,245.370,6.000,0.000,1.000,0.0
2009-02-15,05:16:00,1.448,0.180,244.940,5.800,0.000,1.000,0.0
2009-02-15,05:17:00,1.448,0.180,244.980,5.800,0.000,2.000,0.0
2009-02-15,05:18:00,1.450,0.182,245.080,5.800,0.000,1.000,0.0
2009-02-15,05:19:00,1.450,0.182,245.310,5.800,0.000,2.000,0.0
2009-02-15,05:20:00,1.444,0.180,244.830,5.800,0.000,1.000,0.0
2009-02-15,05:21:00,1.518,0.262,244.430,6.200,0.000,2.000,0.0
2009-02-15,05:22:00,1.560,0.324,245.410,6.400,0.000,1.000,0.0
2009-02-15,05:23:00,1.548,0.320,244.730,6.400,0.000,1.000,0.0
2009-02-15,05:24:00,1.484,0.228,244.240,6.000,0.000,2.000,0.0
2009-02-15,05:25:00,1.466,0.208,243.910,6.000,0.000,1.000,0.0
2009-02-15,05:26:00,1.462,0.208,243.820,6.000,0.000,1.000,0.0
2009-02-15,05:27:00,1.460,0.208,243.850,6.000,0.000,2.000,0.0
2009-02-15,05:28:00,1.458,0.208,243.850,6.000,0.000,1.000,0.0
2009-02-15,05:29:00,1.402,0.108,244.350,5.600,0.000,0.000,0.0
2009-02-15,05:30:00,1.392,0.084,244.720,5.600,0.000,0.000,0.0
2009-02-15,05:31:00,1.394,0.086,245.010,5.600,0.000,0.000,0.0
2009-02-15,05:32:00,1.390,0.086,244.740,5.600,0.000,0.000,0.0
2009-02-15,05:33:00,1.380,0.084,243.950,5.600,0.000,0.000,0.0
2009-02-15,05:34:00,1.382,0.084,244.090,5.600,0.000,0.000,0.0
2009-02-15,05:35:00,1.388,0.086,244.600,5.600,0.000,0.000,0.0
2009-02-15,05:36:00,1.386,0.086,244.580,5.600,0.000,0.000,0.0
2009-02-15,05:37:00,1.388,0.086,244.760,5.600,0.000,0.000,0.0
2009-02-15,05:38:00,1.334,0.000,244.580,5.400,0.000,0.000,0.0
2009-02-15,05:39:00,1.282,0.054,243.980,5.200,0.000,0.000,0.0
2009-02-15,05:40:00,1.280,0.054,243.560,5.200,0.000,0.000,0.0
2009-02-15,05:41:00,1.294,0.052,245.030,5.200,0.000,0.000,0.0
2009-02-15,05:42:00,1.290,0.052,244.780,5.200,0.000,0.000,0.0
2009-02-15,05:43:00,1.286,0.054,244.230,5.200,0.000,0.000,0.0
2009-02-15,05:44:00,1.288,0.054,244.400,5.200,0.000,0.000,0.0
2009-02-15,05:45:00,1.296,0.052,245.310,5.200,0.000,0.000,0.0
2009-02-15,05:46:00,1.300,0.050,245.740,5.200,0.000,0.000,0.0
2009-02-15,05:47:00,1.306,0.050,246.210,5.200,0.000,0.000,0.0
2009-02-15,05:48:00,1.306,0.050,246.360,5.200,0.000,0.000,0.0
2009-02-15,05:49:00,1.304,0.050,246.330,5.200,0.000,0.000,0.0
2009-02-15,05:50:00,1.300,0.052,245.770,5.200,0.000,0.000,0.0
2009-02-15,05:51:00,1.292,0.052,245.030,5.200,0.000,0.000,0.0
2009-02-15,05:52:00,1.288,0.054,244.590,5.200,0.000,0.000,0.0
2009-02-15,05:53:00,1.286,0.054,244.260,5.200,0.000,0.000,0.0
2009-02-15,05:54:00,1.288,0.052,244.490,5.200,0.000,0.000,0.0
2009-02-15,05:55:00,1.296,0.052,245.290,5.200,0.000,0.000,0.0
2009-02-15,05:56:00,1.302,0.052,245.900,5.200,0.000,0.000,0.0
2009-02-15,05:57:00,1.298,0.052,245.540,5.200,0.000,0.000,0.0
2009-02-15,05:58:00,1.296,0.052,245.260,5.200,0.000,0.000,0.0
2009-02-15,05:59:00,1.302,0.052,245.880,5.200,0.000,0.000,0.0
2009-02-15,06:00:00,1.306,0.050,246.350,5.200,0.000,0.000,0.0
2009-02-15,06:01:00,1.352,0.000,245.590,5.400,0.000,0.000,0.0
2009-02-15,06:02:00,1.366,0.054,245.050,5.600,0.000,0.000,0.0
2009-02-15,06:03:00,1.368,0.054,244.400,5.600,0.000,0.000,0.0
2009-02-15,06:04:00,1.372,0.054,244.770,5.600,0.000,0.000,0.0
2009-02-15,06:05:00,1.366,0.052,244.310,5.600,0.000,0.000,0.0
2009-02-15,06:06:00,1.370,0.054,244.740,5.600,0.000,0.000,0.0
2009-02-15,06:07:00,1.368,0.054,244.700,5.600,0.000,0.000,0.0
2009-02-15,06:08:00,1.370,0.054,244.960,5.600,0.000,0.000,0.0
2009-02-15,06:09:00,1.368,0.054,245.320,5.600,0.000,0.000,0.0
2009-02-15,06:10:00,1.320,0.000,244.550,5.400,0.000,0.000,0.0
2009-02-15,06:11:00,1.290,0.054,244.710,5.200,0.000,0.000,0.0
2009-02-15,06:12:00,1.292,0.052,245.000,5.200,0.000,0.000,0.0
2009-02-15,06:13:00,1.288,0.054,244.590,5.200,0.000,0.000,0.0
2009-02-15,06:14:00,1.286,0.054,244.350,5.200,0.000,0.000,0.0
2009-02-15,06:15:00,1.282,0.054,243.970,5.200,0.000,0.000,0.0
2009-02-15,06:16:00,1.276,0.056,243.210,5.200,0.000,0.000,0.0
2009-02-15,06:17:00,1.276,0.056,243.260,5.200,0.000,0.000,0.0
2009-02-15,06:18:00,1.402,0.066,244.130,5.800,0.000,0.000,0.0
2009-02-15,06:19:00,1.410,0.086,244.770,5.600,0.000,0.000,0.0
2009-02-15,06:20:00,1.400,0.084,243.950,5.600,0.000,0.000,0.0
2009-02-15,06:21:00,1.396,0.082,243.620,5.600,0.000,0.000,0.0
2009-02-15,06:22:00,1.396,0.084,243.960,5.600,0.000,0.000,0.0
2009-02-15,06:23:00,1.390,0.082,243.580,5.600,0.000,0.000,0.0
2009-02-15,06:24:00,1.398,0.084,244.460,5.600,0.000,0.000,0.0
2009-02-15,06:25:00,1.400,0.086,244.910,5.600,0.000,0.000,0.0
2009-02-15,06:26:00,1.398,0.086,244.860,5.600,0.000,0.000,0.0
2009-02-15,06:27:00,1.396,0.086,244.660,5.600,0.000,0.000,0.0
2009-02-15,06:28:00,1.400,0.086,245.150,5.600,0.000,0.000,0.0
2009-02-15,06:29:00,1.390,0.084,244.300,5.600,0.000,0.000,0.0
2009-02-15,06:30:00,1.388,0.082,244.070,5.600,0.000,0.000,0.0
2009-02-15,06:31:00,1.384,0.082,243.690,5.600,0.000,0.000,0.0
2009-02-15,06:32:00,1.386,0.082,244.000,5.600,0.000,0.000,0.0
2009-02-15,06:33:00,1.396,0.086,245.080,5.600,0.000,0.000,0.0
2009-02-15,06:34:00,1.398,0.084,245.760,5.600,0.000,0.000,0.0
2009-02-15,06:35:00,1.302,0.052,245.520,5.200,0.000,0.000,0.0
2009-02-15,06:36:00,1.300,0.052,245.290,5.200,0.000,0.000,0.0
2009-02-15,06:37:00,1.302,0.052,245.530,5.200,0.000,0.000,0.0
2009-02-15,06:38:00,1.294,0.054,244.700,5.200,0.000,0.000,0.0
2009-02-15,06:39:00,1.290,0.054,244.260,5.200,0.000,0.000,0.0
2009-02-15,06:40:00,1.368,0.050,244.190,5.600,0.000,0.000,0.0
2009-02-15,06:41:00,1.306,0.050,244.890,5.200,0.000,0.000,0.0
2009-02-15,06:42:00,1.296,0.052,245.540,5.200,0.000,0.000,0.0
2009-02-15,06:43:00,1.286,0.054,244.310,5.200,0.000,0.000,0.0
2009-02-15,06:44:00,1.288,0.054,244.100,5.200,0.000,0.000,0.0
2009-02-15,06:45:00,1.292,0.054,244.290,5.200,0.000,0.000,0.0
2009-02-15,06:46:00,1.298,0.054,244.910,5.200,0.000,0.000,0.0
2009-02-15,06:47:00,1.302,0.052,245.380,5.200,0.000,0.000,0.0
2009-02-15,06:48:00,1.336,0.000,244.600,5.400,0.000,0.000,0.0
2009-02-15,06:49:00,1.370,0.052,244.670,5.600,0.000,0.000,0.0
2009-02-15,06:50:00,1.366,0.052,244.410,5.600,0.000,0.000,0.0
2009-02-15,06:51:00,1.368,0.052,244.590,5.600,0.000,0.000,0.0
2009-02-15,06:52:00,1.366,0.052,244.400,5.600,0.000,0.000,0.0
2009-02-15,06:53:00,1.360,0.050,243.950,5.400,0.000,0.000,0.0
2009-02-15,06:54:00,1.366,0.050,244.500,5.600,0.000,0.000,0.0
2009-02-15,06:55:00,1.370,0.052,245.130,5.600,0.000,0.000,0.0
2009-02-15,06:56:00,1.374,0.054,245.640,5.600,0.000,0.000,0.0
2009-02-15,06:57:00,1.348,0.000,243.920,5.400,0.000,0.000,0.0
2009-02-15,06:58:00,1.290,0.056,244.180,5.200,0.000,0.000,0.0
2009-02-15,06:59:00,1.278,0.058,243.010,5.200,0.000,0.000,0.0
2009-02-15,07:00:00,1.282,0.058,243.290,5.200,0.000,0.000,0.0
2009-02-15,07:01:00,1.290,0.056,244.120,5.200,0.000,0.000,0.0
2009-02-15,07:02:00,1.288,0.056,244.120,5.200,0.000,0.000,0.0
2009-02-15,07:03:00,1.288,0.056,243.970,5.200,0.000,0.000,0.0
2009-02-15,07:04:00,1.288,0.056,244.020,5.200,0.000,0.000,0.0
2009-02-15,07:05:00,1.274,0.058,242.560,5.200,0.000,0.000,0.0
2009-02-15,07:06:00,1.264,0.060,241.440,5.200,0.000,0.000,0.0
2009-02-15,07:07:00,1.270,0.058,242.000,5.200,0.000,0.000,0.0
2009-02-15,07:08:00,1.274,0.058,242.390,5.200,0.000,0.000,0.0
2009-02-15,07:09:00,1.278,0.058,242.710,5.200,0.000,0.000,0.0
2009-02-15,07:10:00,1.272,0.058,242.210,5.200,0.000,0.000,0.0
2009-02-15,07:11:00,1.276,0.058,242.680,5.200,0.000,0.000,0.0
2009-02-15,07:12:00,1.274,0.058,242.600,5.200,0.000,0.000,0.0
2009-02-15,07:13:00,1.284,0.056,243.590,5.200,0.000,0.000,0.0
2009-02-15,07:14:00,1.326,0.000,243.320,5.400,0.000,0.000,0.0
2009-02-15,07:15:00,1.390,0.078,242.990,5.600,0.000,0.000,0.0
2009-02-15,07:16:00,1.384,0.078,243.290,5.600,0.000,0.000,0.0
2009-02-15,07:17:00,1.376,0.076,242.560,5.600,0.000,0.000,0.0
2009-02-15,07:18:00,1.380,0.078,242.470,5.600,0.000,0.000,0.0
2009-02-15,07:19:00,1.412,0.074,242.140,5.800,0.000,0.000,0.0
2009-02-15,07:20:00,1.400,0.076,242.060,5.800,0.000,0.000,0.0
2009-02-15,07:21:00,1.370,0.076,241.740,5.600,0.000,0.000,0.0
2009-02-15,07:22:00,1.368,0.076,242.310,5.600,0.000,0.000,0.0
2009-02-15,07:23:00,1.360,0.074,241.690,5.600,0.000,0.000,0.0
2009-02-15,07:24:00,1.368,0.076,241.800,5.600,0.000,0.000,0.0
2009-02-15,07:25:00,1.368,0.076,241.860,5.600,0.000,0.000,0.0
2009-02-15,07:26:00,1.374,0.078,242.580,5.600,0.000,0.000,0.0
2009-02-15,07:27:00,1.374,0.078,242.710,5.600,0.000,0.000,0.0
2009-02-15,07:28:00,1.372,0.078,243.120,5.600,0.000,0.000,0.0
2009-02-15,07:29:00,1.376,0.080,243.590,5.600,0.000,0.000,0.0
2009-02-15,07:30:00,1.374,0.078,242.990,5.600,0.000,0.000,0.0
2009-02-15,07:31:00,1.362,0.068,242.690,5.600,0.000,0.000,0.0
2009-02-15,07:32:00,1.272,0.058,242.430,5.200,0.000,0.000,0.0
2009-02-15,07:33:00,1.280,0.056,243.170,5.200,0.000,0.000,0.0
2009-02-15,07:34:00,1.274,0.056,243.270,5.200,0.000,0.000,0.0
2009-02-15,07:35:00,1.284,0.052,242.580,5.200,0.000,0.000,0.0
2009-02-15,07:36:00,1.350,0.048,242.510,5.400,0.000,0.000,0.0
2009-02-15,07:37:00,1.354,0.050,243.140,5.400,0.000,0.000,0.0
2009-02-15,07:38:00,1.346,0.048,242.410,5.400,0.000,0.000,0.0
2009-02-15,07:39:00,1.352,0.048,242.920,5.400,0.000,0.000,0.0
2009-02-15,07:40:00,1.350,0.048,243.230,5.400,0.000,0.000,0.0
2009-02-15,07:41:00,1.346,0.048,243.310,5.400,0.000,0.000,0.0
2009-02-15,07:42:00,1.342,0.048,242.520,5.400,0.000,0.000,0.0
2009-02-15,07:43:00,1.356,0.050,243.650,5.400,0.000,0.000,0.0
2009-02-15,07:44:00,1.352,0.050,243.530,5.400,0.000,0.000,0.0
2009-02-15,07:45:00,1.356,0.050,243.770,5.400,0.000,0.000,0.0
2009-02-15,07:46:00,1.300,0.000,244.600,5.200,0.000,0.000,0.0
2009-02-15,07:47:00,1.278,0.056,243.630,5.200,0.000,0.000,0.0
2009-02-15,07:48:00,1.282,0.054,243.490,5.200,0.000,0.000,0.0
2009-02-15,07:49:00,1.278,0.056,243.070,5.200,0.000,0.000,0.0
2009-02-15,07:50:00,1.280,0.056,243.320,5.200,0.000,0.000,0.0
2009-02-15,07:51:00,1.278,0.056,243.040,5.200,0.000,0.000,0.0
2009-02-15,07:52:00,1.278,0.056,243.490,5.200,0.000,0.000,0.0
2009-02-15,07:53:00,1.264,0.058,242.360,5.200,0.000,0.000,0.0
2009-02-15,07:54:00,1.274,0.056,242.780,5.200,0.000,0.000,0.0
2009-02-15,07:55:00,1.276,0.056,242.820,5.200,0.000,0.000,0.0
2009-02-15,07:56:00,1.278,0.056,242.960,5.200,0.000,0.000,0.0
2009-02-15,07:57:00,1.278,0.056,243.020,5.200,0.000,0.000,0.0
2009-02-15,07:58:00,1.268,0.058,242.140,5.200,0.000,0.000,0.0
2009-02-15,07:59:00,1.266,0.058,242.420,5.200,0.000,0.000,0.0
2009-02-15,08:00:00,1.280,0.056,243.460,5.200,0.000,0.000,0.0
2009-02-15,08:01:00,1.300,0.054,245.070,5.200,0.000,0.000,0.0
2009-02-15,08:02:00,1.292,0.054,244.440,5.200,0.000,0.000,0.0
2009-02-15,08:03:00,1.292,0.054,244.270,5.200,0.000,0.000,0.0
2009-02-15,08:04:00,1.280,0.056,243.670,5.200,0.000,0.000,0.0
2009-02-15,08:05:00,1.276,0.056,243.550,5.200,0.000,0.000,0.0
2009-02-15,08:06:00,1.286,0.054,244.060,5.200,0.000,0.000,0.0
2009-02-15,08:07:00,1.282,0.056,243.420,5.200,0.000,0.000,0.0
2009-02-15,08:08:00,1.290,0.054,244.240,5.200,0.000,0.000,0.0
2009-02-15,08:09:00,1.288,0.054,244.130,5.200,0.000,0.000,0.0
2009-02-15,08:10:00,1.312,0.000,244.220,5.400,0.000,0.000,0.0
2009-02-15,08:11:00,1.396,0.082,244.290,5.600,0.000,0.000,0.0
2009-02-15,08:12:00,1.404,0.084,244.620,5.600,0.000,0.000,0.0
2009-02-15,08:13:00,1.394,0.082,243.750,5.600,0.000,0.000,0.0
2009-02-15,08:14:00,1.392,0.082,243.680,5.600,0.000,0.000,0.0
2009-02-15,08:15:00,1.388,0.082,243.530,5.600,0.000,0.000,0.0
2009-02-15,08:16:00,1.380,0.080,243.380,5.600,0.000,0.000,0.0
2009-02-15,08:17:00,1.380,0.080,243.500,5.600,0.000,0.000,0.0
2009-02-15,08:18:00,1.390,0.082,243.900,5.600,0.000,0.000,0.0
2009-02-15,08:19:00,1.388,0.082,243.860,5.600,0.000,0.000,0.0
2009-02-15,08:20:00,1.386,0.082,243.770,5.600,0.000,0.000,0.0
2009-02-15,08:21:00,1.388,0.082,244.040,5.600,0.000,0.000,0.0
2009-02-15,08:22:00,1.414,0.100,244.540,5.800,0.000,0.000,0.0
2009-02-15,08:23:00,1.456,0.188,243.930,6.000,0.000,0.000,0.0
2009-02-15,08:24:00,1.464,0.190,244.210,6.000,0.000,0.000,0.0
2009-02-15,08:25:00,1.466,0.192,244.600,6.000,0.000,0.000,0.0
2009-02-15,08:26:00,1.460,0.190,244.220,6.000,0.000,0.000,0.0
2009-02-15,08:27:00,1.452,0.188,243.750,6.000,0.000,0.000,0.0
2009-02-15,08:28:00,1.392,0.108,243.990,5.600,0.000,0.000,0.0
2009-02-15,08:29:00,1.356,0.050,244.240,5.400,0.000,0.000,0.0
2009-02-15,08:30:00,1.366,0.052,244.930,5.600,0.000,0.000,0.0
2009-02-15,08:31:00,1.368,0.054,245.250,5.600,0.000,0.000,0.0
2009-02-15,08:32:00,1.362,0.052,244.570,5.400,0.000,0.000,0.0
2009-02-15,08:33:00,1.322,0.000,244.140,5.400,0.000,0.000,0.0
2009-02-15,08:34:00,1.282,0.054,244.200,5.200,0.000,0.000,0.0
2009-02-15,08:35:00,1.292,0.054,244.960,5.200,0.000,0.000,0.0
2009-02-15,08:36:00,1.296,0.054,244.750,5.200,0.000,0.000,0.0
2009-02-15,08:37:00,1.292,0.054,244.250,5.200,0.000,0.000,0.0
2009-02-15,08:38:00,1.294,0.054,244.810,5.200,0.000,0.000,0.0
2009-02-15,08:39:00,1.300,0.052,245.770,5.200,0.000,0.000,0.0
2009-02-15,08:40:00,1.292,0.052,245.340,5.200,0.000,0.000,0.0
2009-02-15,08:41:00,1.302,0.052,245.820,5.200,0.000,0.000,0.0
2009-02-15,08:42:00,1.300,0.052,245.510,5.200,0.000,0.000,0.0
2009-02-15,08:43:00,1.360,0.000,245.940,5.600,0.000,0.000,0.0
2009-02-15,08:44:00,1.390,0.076,246.400,5.600,0.000,1.000,0.0
2009-02-15,08:45:00,1.676,0.070,245.020,7.000,0.000,2.000,3.0
2009-02-15,08:46:00,2.490,0.058,243.080,10.200,0.000,1.000,19.0
2009-02-15,08:47:00,2.484,0.060,243.310,10.200,0.000,2.000,19.0
2009-02-15,08:48:00,2.468,0.058,242.940,10.000,0.000,1.000,18.0
2009-02-15,08:49:00,2.466,0.060,243.260,10.000,0.000,1.000,19.0
2009-02-15,08:50:00,2.454,0.058,242.870,10.000,0.000,2.000,18.0
2009-02-15,08:51:00,2.482,0.062,244.750,10.000,0.000,1.000,18.0
2009-02-15,08:52:00,2.490,0.064,245.380,10.000,0.000,2.000,19.0
2009-02-15,08:53:00,2.478,0.062,244.550,10.000,0.000,1.000,18.0
2009-02-15,08:54:00,2.458,0.060,243.420,10.000,0.000,2.000,18.0
2009-02-15,08:55:00,2.452,0.058,243.070,10.000,0.000,1.000,19.0
2009-02-15,08:56:00,2.434,0.056,242.150,10.000,0.000,1.000,18.0
2009-02-15,08:57:00,2.432,0.056,242.380,10.000,0.000,2.000,18.0
2009-02-15,08:58:00,2.492,0.052,241.830,10.200,0.000,1.000,18.0
2009-02-15,08:59:00,2.506,0.054,241.850,10.200,0.000,2.000,18.0
2009-02-15,09:00:00,2.434,0.056,242.250,10.000,0.000,1.000,18.0
2009-02-15,09:01:00,2.458,0.060,243.610,10.000,0.000,1.000,18.0
2009-02-15,09:02:00,2.414,0.054,241.560,10.000,0.000,2.000,18.0
2009-02-15,09:03:00,2.414,0.054,241.690,10.000,0.000,1.000,18.0
2009-02-15,09:04:00,2.414,0.054,241.690,10.000,0.000,1.000,17.0
2009-02-15,09:05:00,2.414,0.054,241.420,10.000,0.000,2.000,18.0
2009-02-15,09:06:00,2.426,0.060,241.160,10.000,0.000,1.000,18.0
2009-02-15,09:07:00,2.482,0.112,241.720,10.200,0.000,0.000,18.0
2009-02-15,09:08:00,2.450,0.068,241.730,10.000,0.000,0.000,18.0
2009-02-15,09:09:00,2.542,0.170,242.200,10.400,0.000,0.000,18.0
2009-02-15,09:10:00,2.540,0.176,242.650,10.400,0.000,0.000,18.0
2009-02-15,09:11:00,2.534,0.174,242.210,10.400,0.000,0.000,18.0
2009-02-15,09:12:00,2.524,0.172,241.730,10.400,0.000,0.000,18.0
2009-02-15,09:13:00,2.518,0.170,241.510,10.400,0.000,0.000,18.0
2009-02-15,09:14:00,2.536,0.176,242.940,10.400,0.000,0.000,18.0
2009-02-15,09:15:00,2.570,0.184,244.980,10.400,0.000,0.000,18.0
2009-02-15,09:16:00,2.580,0.186,245.400,10.400,0.000,0.000,19.0
2009-02-15,09:17:00,2.574,0.186,245.140,10.400,0.000,0.000,18.0
2009-02-15,09:18:00,2.596,0.192,246.330,10.400,0.000,0.000,19.0
2009-02-15,09:19:00,2.574,0.188,245.430,10.400,0.000,0.000,18.0
2009-02-15,09:20:00,2.514,0.108,245.120,10.200,0.000,0.000,19.0
2009-02-15,09:21:00,2.480,0.074,244.230,10.000,0.000,0.000,18.0
2009-02-15,09:22:00,2.494,0.076,244.760,10.200,0.000,0.000,18.0
2009-02-15,09:23:00,2.490,0.076,244.630,10.000,0.000,0.000,19.0
2009-02-15,09:24:00,2.472,0.050,244.610,10.000,0.000,0.000,18.0
2009-02-15,09:25:00,2.416,0.060,246.000,9.800,0.000,0.000,19.0
2009-02-15,09:26:00,2.408,0.062,245.610,9.800,0.000,0.000,18.0
2009-02-15,09:27:00,2.408,0.062,245.300,9.800,0.000,0.000,19.0
2009-02-15,09:28:00,2.408,0.060,245.310,9.800,0.000,0.000,18.0
2009-02-15,09:29:00,2.402,0.060,244.960,9.800,0.000,0.000,18.0
2009-02-15,09:30:00,2.396,0.062,244.700,9.800,0.000,0.000,19.0
2009-02-15,09:31:00,2.380,0.062,244.110,9.600,0.000,0.000,18.0
2009-02-15,09:32:00,2.384,0.062,244.320,9.600,0.000,0.000,18.0
2009-02-15,09:33:00,2.398,0.062,244.710,9.800,0.000,0.000,19.0
2009-02-15,09:34:00,2.392,0.062,244.440,9.800,0.000,0.000,18.0
2009-02-15,09:35:00,2.368,0.064,243.100,9.600,0.000,0.000,18.0
2009-02-15,09:36:00,2.358,0.066,242.630,9.600,0.000,0.000,18.0
2009-02-15,09:37:00,2.352,0.066,242.610,9.600,0.000,0.000,18.0
2009-02-15,09:38:00,2.360,0.064,242.830,9.600,0.000,0.000,18.0
2009-02-15,09:39:00,2.368,0.064,243.040,9.600,0.000,0.000,18.0
2009-02-15,09:40:00,1.468,0.054,244.690,6.200,0.000,0.000,4.0
2009-02-15,09:41:00,1.312,0.050,246.510,5.200,0.000,0.000,0.0
2009-02-15,09:42:00,1.304,0.052,246.210,5.200,0.000,0.000,0.0
2009-02-15,09:43:00,1.294,0.052,245.630,5.200,0.000,0.000,0.0
2009-02-15,09:44:00,1.304,0.052,245.990,5.200,0.000,0.000,0.0
2009-02-15,09:45:00,1.304,0.052,245.790,5.200,0.000,0.000,0.0
2009-02-15,09:46:00,1.300,0.052,245.430,5.200,0.000,0.000,0.0
2009-02-15,09:47:00,1.308,0.050,246.330,5.200,0.000,0.000,0.0
2009-02-15,09:48:00,1.296,0.052,245.870,5.200,0.000,0.000,0.0
2009-02-15,09:49:00,1.294,0.052,245.500,5.200,0.000,0.000,0.0
2009-02-15,09:50:00,1.298,0.052,245.140,5.200,0.000,0.000,0.0
2009-02-15,09:51:00,1.294,0.054,244.880,5.200,0.000,0.000,0.0
2009-02-15,09:52:00,1.304,0.052,245.690,5.200,0.000,0.000,0.0
2009-02-15,09:53:00,1.294,0.054,244.960,5.200,0.000,0.000,0.0
2009-02-15,09:54:00,1.280,0.056,243.810,5.200,0.000,0.000,0.0
2009-02-15,09:55:00,1.334,0.000,243.420,5.400,0.000,0.000,0.0
2009-02-15,09:56:00,1.404,0.056,243.010,5.800,0.000,0.000,0.0
2009-02-15,09:57:00,1.368,0.052,244.550,5.600,0.000,0.000,0.0
2009-02-15,09:58:00,1.368,0.052,244.630,5.600,0.000,0.000,0.0
2009-02-15,09:59:00,1.218,0.052,244.420,5.200,0.000,0.000,0.0
2009-02-15,10:00:00,0.330,0.066,245.570,1.400,0.000,0.000,0.0
2009-02-15,10:01:00,0.308,0.068,245.960,1.200,0.000,0.000,0.0
2009-02-15,10:02:00,0.292,0.068,245.380,1.200,0.000,0.000,0.0
2009-02-15,10:03:00,0.718,0.260,243.350,3.200,0.000,0.000,0.0
2009-02-15,10:04:00,0.798,0.154,242.590,3.400,0.000,0.000,0.0
2009-02-15,10:05:00,0.600,0.148,243.700,2.600,0.000,0.000,0.0
2009-02-15,10:06:00,0.608,0.148,244.480,2.600,0.000,0.000,0.0
2009-02-15,10:07:00,1.284,0.360,244.070,6.600,0.000,0.000,0.0
2009-02-15,10:08:00,1.550,0.384,243.120,7.600,0.000,0.000,0.0
2009-02-15,10:09:00,2.896,0.382,240.430,12.800,23.000,0.000,0.0
2009-02-15,10:10:00,2.952,0.234,239.340,12.400,39.000,0.000,0.0
2009-02-15,10:11:00,3.188,0.354,240.030,13.200,39.000,0.000,0.0
2009-02-15,10:12:00,3.180,0.412,240.290,13.200,39.000,0.000,0.0
2009-02-15,10:13:00,3.168,0.406,239.830,13.200,39.000,0.000,0.0
2009-02-15,10:14:00,3.146,0.398,239.300,13.200,39.000,0.000,0.0
2009-02-15,10:15:00,3.096,0.390,237.440,13.000,38.000,0.000,0.0
2009-02-15,10:16:00,3.094,0.386,237.160,13.000,38.000,0.000,0.0
2009-02-15,10:17:00,3.092,0.380,237.300,13.000,38.000,0.000,0.0
2009-02-15,10:18:00,3.052,0.286,238.310,12.800,39.000,0.000,0.0
2009-02-15,10:19:00,3.032,0.278,237.180,12.800,38.000,0.000,0.0
2009-02-15,10:20:00,3.034,0.280,237.750,12.800,38.000,0.000,0.0
2009-02-15,10:21:00,1.080,0.108,240.260,5.800,9.000,0.000,0.0
2009-02-15,10:22:00,0.660,0.064,242.240,2.600,0.000,0.000,0.0
2009-02-15,10:23:00,0.668,0.062,243.530,2.600,0.000,0.000,0.0
2009-02-15,10:24:00,0.662,0.060,242.440,2.600,0.000,0.000,0.0
2009-02-15,10:25:00,0.664,0.060,243.300,2.600,0.000,0.000,0.0
2009-02-15,10:26:00,0.658,0.058,243.970,2.600,0.000,0.000,0.0
2009-02-15,10:27:00,0.662,0.058,245.380,2.600,0.000,0.000,0.0
2009-02-15,10:28:00,0.662,0.058,245.290,2.600,0.000,0.000,0.0
2009-02-15,10:29:00,0.662,0.058,244.530,2.600,0.000,0.000,0.0
2009-02-15,10:30:00,0.656,0.056,243.150,2.600,0.000,0.000,0.0
2009-02-15,10:31:00,0.652,0.056,243.480,2.600,0.000,0.000,0.0
2009-02-15,10:32:00,0.654,0.056,244.090,2.600,0.000,0.000,0.0
2009-02-15,10:33:00,0.656,0.056,244.290,2.600,0.000,0.000,0.0
2009-02-15,10:34:00,0.654,0.056,243.960,2.600,0.000,0.000,0.0
2009-02-15,10:35:00,0.654,0.056,243.800,2.600,0.000,0.000,0.0
2009-02-15,10:36:00,0.652,0.056,243.450,2.600,0.000,0.000,0.0
2009-02-15,10:37:00,0.654,0.056,243.000,2.600,0.000,0.000,0.0
2009-02-15,10:38:00,0.650,0.054,242.940,2.600,0.000,0.000,0.0
2009-02-15,10:39:00,0.652,0.056,243.080,2.600,0.000,0.000,0.0
2009-02-15,10:40:00,0.650,0.056,242.960,2.600,0.000,0.000,0.0
2009-02-15,10:41:00,0.650,0.054,243.010,2.600,0.000,0.000,0.0
2009-02-15,10:42:00,0.648,0.052,242.560,2.600,0.000,0.000,0.0
2009-02-15,10:43:00,0.642,0.052,240.900,2.600,0.000,0.000,0.0
2009-02-15,10:44:00,0.668,0.076,239.970,2.800,0.000,0.000,0.0
2009-02-15,10:45:00,0.714,0.164,240.500,3.000,0.000,0.000,0.0
2009-02-15,10:46:00,1.036,0.178,241.480,5.400,2.000,0.000,0.0
2009-02-15,10:47:00,3.058,0.246,239.090,12.800,40.000,0.000,0.0
2009-02-15,10:48:00,3.018,0.246,238.910,12.600,38.000,0.000,0.0
2009-02-15,10:49:00,3.094,0.326,238.650,13.000,39.000,0.000,0.0
2009-02-15,10:50:00,3.154,0.370,237.750,13.200,38.000,0.000,0.0
2009-02-15,10:51:00,3.132,0.362,236.400,13.200,38.000,0.000,0.0
2009-02-15,10:52:00,3.152,0.358,235.650,13.400,37.000,0.000,0.0
2009-02-15,10:53:00,3.194,0.366,237.520,13.400,38.000,0.000,0.0
2009-02-15,10:54:00,3.946,0.358,236.690,16.800,38.000,0.000,11.0
2009-02-15,10:55:00,4.280,0.360,237.570,18.000,38.000,0.000,18.0
2009-02-15,10:56:00,4.254,0.358,237.190,18.000,38.000,0.000,18.0
2009-02-15,10:57:00,4.246,0.358,237.370,17.800,39.000,0.000,17.0
2009-02-15,10:58:00,4.240,0.358,237.380,17.800,38.000,0.000,18.0
2009-02-15,10:59:00,4.170,0.272,237.120,17.600,38.000,0.000,17.0
2009-02-15,11:00:00,2.340,0.274,238.040,10.400,9.000,0.000,18.0
2009-02-15,11:01:00,1.940,0.278,238.220,8.200,1.000,0.000,17.0
2009-02-15,11:02:00,2.636,0.276,239.230,11.800,11.000,0.000,18.0
2009-02-15,11:03:00,4.150,0.258,237.210,17.400,38.000,0.000,17.0
2009-02-15,11:04:00,4.140,0.256,236.730,17.400,38.000,0.000,17.0
2009-02-15,11:05:00,3.402,0.260,236.210,15.000,27.000,0.000,17.0
2009-02-15,11:06:00,1.784,0.296,238.960,7.400,1.000,0.000,18.0
2009-02-15,11:07:00,1.766,0.300,239.680,7.400,1.000,0.000,18.0
2009-02-15,11:08:00,3.068,0.278,237.670,13.600,22.000,0.000,17.0
2009-02-15,11:09:00,3.840,0.140,236.450,16.200,38.000,0.000,17.0
2009-02-15,11:10:00,3.836,0.140,236.270,16.200,37.000,0.000,17.0
2009-02-15,11:11:00,2.488,0.150,237.100,11.400,17.000,0.000,18.0
2009-02-15,11:12:00,1.638,0.158,237.370,6.800,1.000,0.000,17.0
2009-02-15,11:13:00,1.658,0.164,238.920,6.800,1.000,0.000,17.0
2009-02-15,11:14:00,3.158,0.150,238.500,14.000,25.000,0.000,18.0
2009-02-15,11:15:00,3.810,0.138,235.720,16.000,37.000,0.000,17.0
2009-02-15,11:16:00,3.802,0.136,235.400,16.000,38.000,0.000,17.0
2009-02-15,11:17:00,2.052,0.158,238.440,9.200,9.000,0.000,17.0
2009-02-15,11:18:00,1.670,0.164,239.900,7.000,1.000,0.000,18.0
2009-02-15,11:19:00,1.666,0.164,239.230,7.000,1.000,0.000,18.0
2009-02-15,11:20:00,3.590,0.142,237.360,15.400,32.000,0.000,17.0
2009-02-15,11:21:00,3.330,0.084,236.900,14.600,32.000,0.000,17.0
2009-02-15,11:22:00,1.378,0.086,239.490,5.800,0.000,0.000,18.0
2009-02-15,11:23:00,1.382,0.086,239.990,5.800,0.000,0.000,18.0
2009-02-15,11:24:00,1.392,0.084,240.750,5.800,0.000,0.000,17.0
2009-02-15,11:25:00,1.392,0.084,241.050,5.800,0.000,0.000,18.0
2009-02-15,11:26:00,1.412,0.090,240.820,5.800,0.000,0.000,18.0
2009-02-15,11:27:00,1.494,0.076,240.420,6.200,0.000,0.000,18.0
2009-02-15,11:28:00,1.498,0.058,239.610,6.200,0.000,0.000,17.0
2009-02-15,11:29:00,1.494,0.058,239.450,6.200,1.000,0.000,18.0
2009-02-15,11:30:00,1.500,0.058,239.880,6.200,0.000,0.000,18.0
2009-02-15,11:31:00,1.560,0.000,239.260,6.400,1.000,0.000,17.0
2009-02-15,11:32:00,1.558,0.000,238.780,6.400,0.000,0.000,18.0
2009-02-15,11:33:00,1.554,0.000,238.360,6.400,1.000,0.000,17.0
2009-02-15,11:34:00,1.562,0.000,238.540,6.400,0.000,0.000,18.0
2009-02-15,11:35:00,1.570,0.000,239.600,6.400,0.000,0.000,17.0
2009-02-15,11:36:00,1.546,0.000,239.810,6.400,0.000,0.000,18.0
2009-02-15,11:37:00,1.550,0.000,239.250,6.400,0.000,0.000,17.0
2009-02-15,11:38:00,1.688,0.000,238.470,7.000,0.000,0.000,18.0
2009-02-15,11:39:00,1.686,0.000,238.380,7.000,0.000,0.000,17.0
2009-02-15,11:40:00,1.700,0.000,239.740,7.000,0.000,0.000,18.0
2009-02-15,11:41:00,1.588,0.000,239.220,6.600,0.000,0.000,18.0
2009-02-15,11:42:00,1.528,0.000,239.430,6.400,0.000,0.000,17.0
2009-02-15,11:43:00,1.534,0.000,239.580,6.400,0.000,0.000,18.0
2009-02-15,11:44:00,1.576,0.000,239.930,6.400,0.000,0.000,17.0
2009-02-15,11:45:00,1.574,0.000,239.720,6.600,0.000,0.000,18.0
2009-02-15,11:46:00,1.576,0.000,240.370,6.400,0.000,0.000,18.0
2009-02-15,11:47:00,1.568,0.000,240.810,6.400,0.000,0.000,18.0
2009-02-15,11:48:00,1.540,0.000,240.030,6.400,0.000,0.000,17.0
2009-02-15,11:49:00,1.542,0.000,239.980,6.400,0.000,0.000,18.0
2009-02-15,11:50:00,1.554,0.000,241.500,6.400,0.000,0.000,18.0
2009-02-15,11:51:00,1.552,0.000,241.630,6.400,0.000,0.000,18.0
2009-02-15,11:52:00,1.452,0.050,240.290,6.000,0.000,0.000,18.0
2009-02-15,11:53:00,1.370,0.062,239.250,5.600,0.000,0.000,17.0
2009-02-15,11:54:00,1.372,0.064,239.550,5.600,0.000,0.000,18.0
2009-02-15,11:55:00,1.358,0.072,239.840,5.600,0.000,0.000,17.0
2009-02-15,11:56:00,1.354,0.070,239.610,5.600,0.000,0.000,18.0
2009-02-15,11:57:00,1.348,0.070,239.100,5.600,0.000,0.000,18.0
2009-02-15,11:58:00,1.350,0.070,239.280,5.600,0.000,0.000,17.0
2009-02-15,11:59:00,1.348,0.070,239.110,5.600,0.000,0.000,18.0
2009-02-15,12:00:00,1.356,0.072,240.040,5.600,0.000,0.000,17.0
2009-02-15,12:01:00,1.354,0.072,239.820,5.600,0.000,0.000,18.0
2009-02-15,12:02:00,1.348,0.048,241.160,5.600,0.000,0.000,18.0
2009-02-15,12:03:00,1.270,0.058,240.830,5.200,0.000,0.000,18.0
2009-02-15,12:04:00,1.276,0.058,241.330,5.200,0.000,0.000,18.0
2009-02-15,12:05:00,1.274,0.058,241.110,5.200,0.000,0.000,17.0
2009-02-15,12:06:00,1.276,0.058,241.420,5.200,0.000,0.000,18.0
2009-02-15,12:07:00,1.276,0.056,241.390,5.200,0.000,0.000,18.0
2009-02-15,12:08:00,1.290,0.056,242.760,5.200,0.000,0.000,18.0
2009-02-15,12:09:00,1.288,0.056,242.530,5.200,0.000,0.000,18.0
2009-02-15,12:10:00,1.288,0.056,242.410,5.200,0.000,0.000,18.0
2009-02-15,12:11:00,1.292,0.056,242.890,5.200,0.000,0.000,18.0
2009-02-15,12:12:00,1.364,0.000,241.970,5.600,0.000,1.000,18.0
2009-02-15,12:13:00,1.372,0.068,242.800,5.600,0.000,1.000,18.0
2009-02-15,12:14:00,1.374,0.066,242.870,5.600,0.000,2.000,19.0
2009-02-15,12:15:00,1.372,0.066,242.870,5.600,0.000,1.000,18.0
2009-02-15,12:16:00,1.412,0.098,242.830,5.800,0.000,1.000,18.0
2009-02-15,12:17:00,1.442,0.170,242.150,6.000,0.000,2.000,18.0
2009-02-15,12:18:00,1.438,0.170,241.740,6.000,0.000,1.000,18.0
2009-02-15,12:19:00,1.438,0.170,241.840,6.000,0.000,2.000,18.0
2009-02-15,12:20:00,1.430,0.168,241.180,5.800,0.000,1.000,17.0
2009-02-15,12:21:00,1.428,0.166,240.970,5.800,0.000,1.000,18.0
2009-02-15,12:22:00,1.432,0.168,241.540,5.800,0.000,2.000,18.0
2009-02-15,12:23:00,1.436,0.170,242.000,5.800,0.000,1.000,18.0
2009-02-15,12:24:00,1.436,0.170,242.190,5.800,0.000,2.000,18.0
2009-02-15,12:25:00,1.438,0.172,242.400,5.800,0.000,1.000,18.0
2009-02-15,12:26:00,1.434,0.172,242.250,5.800,0.000,1.000,18.0
2009-02-15,12:27:00,1.428,0.168,241.590,5.800,0.000,2.000,18.0
2009-02-15,12:28:00,1.392,0.106,242.370,5.600,0.000,1.000,18.0
2009-02-15,12:29:00,1.362,0.064,242.080,5.600,0.000,2.000,18.0
2009-02-15,12:30:00,1.364,0.066,242.210,5.600,0.000,1.000,18.0
2009-02-15,12:31:00,1.364,0.066,242.340,5.600,0.000,1.000,18.0
2009-02-15,12:32:00,1.358,0.066,241.930,5.600,0.000,2.000,18.0
2009-02-15,12:33:00,1.362,0.066,242.390,5.600,0.000,1.000,18.0
2009-02-15,12:34:00,1.366,0.066,242.130,5.600,0.000,1.000,18.0
2009-02-15,12:35:00,1.364,0.064,241.950,5.600,0.000,1.000,18.0
2009-02-15,12:36:00,1.310,0.000,242.110,5.400,0.000,1.000,18.0
2009-02-15,12:37:00,1.294,0.056,242.400,5.200,0.000,0.000,18.0
2009-02-15,12:38:00,1.314,0.000,241.360,5.400,0.000,0.000,18.0
2009-02-15,12:39:00,1.400,0.076,241.840,5.800,0.000,0.000,18.0
2009-02-15,12:40:00,1.394,0.078,242.260,5.600,0.000,0.000,18.0
2009-02-15,12:41:00,1.394,0.078,242.360,5.600,0.000,0.000,18.0
2009-02-15,12:42:00,1.400,0.080,243.090,5.600,0.000,0.000,18.0
2009-02-15,12:43:00,1.398,0.078,242.960,5.600,0.000,0.000,18.0
2009-02-15,12:44:00,1.404,0.080,243.670,5.600,0.000,0.000,18.0
2009-02-15,12:45:00,1.402,0.080,243.580,5.600,0.000,0.000,18.0
2009-02-15,12:46:00,1.410,0.084,244.510,5.600,0.000,0.000,19.0
2009-02-15,12:47:00,1.410,0.084,244.540,5.600,0.000,0.000,18.0
2009-02-15,12:48:00,1.398,0.080,243.490,5.600,0.000,0.000,18.0
2009-02-15,12:49:00,1.400,0.080,243.080,5.600,0.000,0.000,18.0
2009-02-15,12:50:00,1.398,0.080,242.930,5.600,0.000,0.000,19.0
2009-02-15,12:51:00,1.396,0.080,242.860,5.600,0.000,0.000,18.0
2009-02-15,12:52:00,1.388,0.078,242.250,5.600,0.000,0.000,18.0
2009-02-15,12:53:00,1.384,0.076,241.850,5.600,0.000,0.000,18.0
2009-02-15,12:54:00,1.384,0.078,242.030,5.600,0.000,0.000,18.0
2009-02-15,12:55:00,1.378,0.076,241.500,5.600,0.000,0.000,17.0
2009-02-15,12:56:00,1.380,0.076,241.670,5.600,0.000,0.000,18.0
2009-02-15,12:57:00,1.328,0.000,242.480,5.400,0.000,0.000,18.0
2009-02-15,12:58:00,1.286,0.058,242.250,5.200,0.000,0.000,18.0
2009-02-15,12:59:00,1.290,0.056,242.800,5.200,0.000,0.000,18.0
2009-02-15,13:00:00,1.292,0.056,242.850,5.200,0.000,0.000,19.0
2009-02-15,13:01:00,1.294,0.056,243.170,5.200,0.000,0.000,18.0
2009-02-15,13:02:00,1.350,0.000,243.520,5.600,0.000,0.000,18.0
2009-02-15,13:03:00,1.378,0.050,243.940,5.600,0.000,0.000,18.0
2009-02-15,13:04:00,1.388,0.052,244.370,5.600,0.000,0.000,18.0
2009-02-15,13:05:00,1.378,0.050,243.440,5.600,0.000,0.000,19.0
2009-02-15,13:06:00,1.378,0.050,243.440,5.600,0.000,0.000,18.0
2009-02-15,13:07:00,1.376,0.050,243.310,5.600,0.000,0.000,18.0
2009-02-15,13:08:00,1.370,0.048,242.860,5.600,0.000,0.000,18.0
2009-02-15,13:09:00,1.364,0.048,242.590,5.600,0.000,0.000,18.0
2009-02-15,13:10:00,1.362,0.048,242.430,5.600,0.000,0.000,18.0
2009-02-15,13:11:00,1.364,0.048,242.680,5.600,0.000,0.000,18.0
2009-02-15,13:12:00,1.360,0.046,242.320,5.600,0.000,0.000,18.0
2009-02-15,13:13:00,1.358,0.046,242.150,5.600,0.000,0.000,18.0
2009-02-15,13:14:00,1.300,0.000,242.360,5.200,0.000,0.000,18.0
2009-02-15,13:15:00,1.286,0.058,242.420,5.200,0.000,0.000,18.0
2009-02-15,13:16:00,1.278,0.058,241.730,5.200,0.000,0.000,18.0
2009-02-15,13:17:00,1.274,0.058,241.240,5.200,0.000,0.000,18.0
2009-02-15,13:18:00,1.272,0.058,241.030,5.200,0.000,0.000,18.0
2009-02-15,13:19:00,1.282,0.058,241.440,5.200,0.000,0.000,18.0
2009-02-15,13:20:00,1.276,0.058,240.710,5.200,0.000,0.000,17.0
2009-02-15,13:21:00,1.278,0.058,240.990,5.200,0.000,0.000,18.0
2009-02-15,13:22:00,1.282,0.058,241.400,5.200,0.000,0.000,18.0
2009-02-15,13:23:00,1.282,0.058,241.280,5.200,0.000,0.000,18.0
2009-02-15,13:24:00,1.286,0.056,241.840,5.200,0.000,0.000,18.0
2009-02-15,13:25:00,1.292,0.056,242.300,5.200,0.000,0.000,18.0
2009-02-15,13:26:00,1.290,0.056,242.190,5.200,0.000,0.000,18.0
2009-02-15,13:27:00,1.296,0.056,242.710,5.200,0.000,0.000,18.0
2009-02-15,13:28:00,1.296,0.056,243.410,5.200,0.000,0.000,18.0
2009-02-15,13:29:00,1.312,0.052,244.990,5.200,0.000,0.000,19.0
2009-02-15,13:30:00,1.310,0.052,244.700,5.200,0.000,0.000,18.0
2009-02-15,13:31:00,1.308,0.054,244.620,5.200,0.000,0.000,18.0
2009-02-15,13:32:00,1.296,0.054,243.360,5.200,0.000,0.000,18.0
2009-02-15,13:33:00,1.288,0.056,242.660,5.200,0.000,0.000,18.0
2009-02-15,13:34:00,1.416,0.076,242.720,5.800,0.000,0.000,19.0
2009-02-15,13:35:00,1.410,0.080,243.080,5.800,0.000,0.000,18.0
2009-02-15,13:36:00,1.408,0.080,243.190,5.800,0.000,0.000,18.0
2009-02-15,13:37:00,1.406,0.080,243.000,5.800,0.000,0.000,18.0
2009-02-15,13:38:00,1.410,0.082,243.530,5.800,0.000,0.000,18.0
2009-02-15,13:39:00,1.414,0.084,244.130,5.800,0.000,0.000,18.0
2009-02-15,13:40:00,1.418,0.084,244.600,5.800,0.000,0.000,19.0
2009-02-15,13:41:00,1.418,0.086,245.290,5.800,0.000,0.000,18.0
2009-02-15,13:42:00,1.416,0.086,245.090,5.800,0.000,0.000,19.0
2009-02-15,13:43:00,1.418,0.086,245.530,5.800,0.000,0.000,18.0
2009-02-15,13:44:00,1.414,0.086,245.250,5.600,0.000,0.000,18.0
2009-02-15,13:45:00,1.416,0.086,245.420,5.800,0.000,0.000,19.0
2009-02-15,13:46:00,1.408,0.084,244.730,5.600,0.000,0.000,18.0
2009-02-15,13:47:00,1.408,0.084,244.900,5.600,0.000,0.000,19.0
2009-02-15,13:48:00,1.458,0.134,244.870,6.000,0.000,0.000,18.0
2009-02-15,13:49:00,1.498,0.196,245.560,6.000,0.000,0.000,19.0
2009-02-15,13:50:00,1.496,0.194,245.380,6.000,0.000,0.000,18.0
2009-02-15,13:51:00,1.478,0.188,244.020,6.000,0.000,0.000,18.0
2009-02-15,13:52:00,1.436,0.134,243.600,5.800,0.000,0.000,18.0
2009-02-15,13:53:00,1.360,0.046,242.590,5.600,0.000,0.000,18.0
2009-02-15,13:54:00,1.358,0.046,242.450,5.600,0.000,0.000,19.0
2009-02-15,13:55:00,1.350,0.046,241.860,5.600,0.000,0.000,17.0
2009-02-15,13:56:00,1.362,0.048,243.000,5.600,0.000,0.000,19.0
2009-02-15,13:57:00,1.352,0.046,242.070,5.600,0.000,0.000,18.0
2009-02-15,13:58:00,1.348,0.046,241.780,5.400,0.000,0.000,17.0
2009-02-15,13:59:00,1.344,0.046,241.500,5.400,0.000,0.000,18.0
2009-02-15,14:00:00,1.338,0.000,241.220,5.400,0.000,0.000,18.0
2009-02-15,14:01:00,1.282,0.056,242.100,5.200,0.000,0.000,18.0
2009-02-15,14:02:00,1.292,0.054,242.970,5.200,0.000,0.000,18.0
2009-02-15,14:03:00,1.296,0.056,243.390,5.200,0.000,0.000,18.0
2009-02-15,14:04:00,1.296,0.054,243.400,5.200,0.000,0.000,19.0
2009-02-15,14:05:00,1.288,0.056,242.660,5.200,0.000,0.000,18.0
2009-02-15,14:06:00,1.290,0.056,242.870,5.200,0.000,0.000,18.0
2009-02-15,14:07:00,1.292,0.056,242.990,5.200,0.000,0.000,18.0
2009-02-15,14:08:00,1.290,0.056,242.810,5.200,0.000,0.000,18.0
2009-02-15,14:09:00,1.294,0.056,243.230,5.200,0.000,0.000,18.0
2009-02-15,14:10:00,1.288,0.056,242.550,5.200,0.000,0.000,18.0
2009-02-15,14:11:00,1.284,0.056,242.280,5.200,0.000,0.000,18.0
2009-02-15,14:12:00,1.242,0.056,242.190,5.200,0.000,0.000,18.0
2009-02-15,14:13:00,0.204,0.000,244.250,0.800,0.000,0.000,0.0
2009-02-15,14:14:00,0.204,0.000,243.350,0.800,0.000,0.000,0.0
2009-02-15,14:15:00,0.204,0.000,243.750,0.800,0.000,0.000,0.0
2009-02-15,14:16:00,0.204,0.000,243.770,0.800,0.000,0.000,0.0
2009-02-15,14:17:00,0.204,0.000,243.650,0.800,0.000,0.000,0.0
2009-02-15,14:18:00,0.204,0.000,244.040,0.800,0.000,0.000,0.0
2009-02-15,14:19:00,0.204,0.000,244.110,0.800,0.000,0.000,0.0
2009-02-15,14:20:00,0.204,0.000,244.250,0.800,0.000,0.000,0.0
2009-02-15,14:21:00,0.206,0.000,244.710,0.800,0.000,0.000,0.0
2009-02-15,14:22:00,0.206,0.000,244.870,0.800,0.000,0.000,0.0
2009-02-15,14:23:00,0.206,0.000,245.010,0.800,0.000,0.000,0.0
2009-02-15,14:24:00,0.208,0.000,245.990,0.800,0.000,0.000,0.0
2009-02-15,14:25:00,0.206,0.000,245.250,0.800,0.000,0.000,0.0
2009-02-15,14:26:00,0.206,0.000,244.930,0.800,0.000,0.000,0.0
2009-02-15,14:27:00,0.204,0.000,244.230,0.800,0.000,0.000,0.0
2009-02-15,14:28:00,0.204,0.000,243.140,0.800,0.000,0.000,0.0
2009-02-15,14:29:00,0.332,0.098,243.510,1.400,0.000,0.000,0.0
2009-02-15,14:30:00,0.316,0.094,243.580,1.400,0.000,0.000,0.0
2009-02-15,14:31:00,0.314,0.094,243.330,1.200,0.000,0.000,0.0
2009-02-15,14:32:00,0.312,0.094,243.250,1.200,0.000,0.000,0.0
2009-02-15,14:33:00,0.312,0.094,243.430,1.200,0.000,0.000,0.0
2009-02-15,14:34:00,0.328,0.100,243.590,1.400,0.000,0.000,0.0
2009-02-15,14:35:00,0.390,0.202,244.250,1.800,0.000,0.000,0.0
2009-02-15,14:36:00,0.396,0.206,244.970,1.800,0.000,0.000,0.0
2009-02-15,14:37:00,0.390,0.204,244.510,1.800,0.000,0.000,0.0
2009-02-15,14:38:00,0.382,0.200,243.860,1.800,0.000,0.000,0.0
2009-02-15,14:39:00,0.382,0.202,244.260,1.800,0.000,0.000,0.0
2009-02-15,14:40:00,0.378,0.202,243.960,1.600,0.000,0.000,0.0
2009-02-15,14:41:00,0.378,0.206,245.210,1.600,0.000,0.000,0.0
2009-02-15,14:42:00,0.376,0.204,244.630,1.600,0.000,0.000,0.0
2009-02-15,14:43:00,0.374,0.204,244.660,1.600,0.000,0.000,0.0
2009-02-15,14:44:00,0.374,0.206,245.150,1.600,0.000,0.000,0.0
2009-02-15,14:45:00,0.374,0.206,245.420,1.600,0.000,0.000,0.0
2009-02-15,14:46:00,0.368,0.198,244.920,1.600,0.000,0.000,0.0
2009-02-15,14:47:00,0.256,0.000,244.870,1.000,0.000,0.000,0.0
2009-02-15,14:48:00,0.206,0.000,244.500,0.800,0.000,0.000,0.0
2009-02-15,14:49:00,0.206,0.000,244.860,0.800,0.000,0.000,0.0
2009-02-15,14:50:00,0.206,0.000,245.050,0.800,0.000,0.000,0.0
2009-02-15,14:51:00,0.214,0.000,244.330,0.800,0.000,0.000,0.0
2009-02-15,14:52:00,0.212,0.000,244.200,0.800,0.000,0.000,0.0
2009-02-15,14:53:00,0.212,0.000,244.020,0.800,0.000,0.000,0.0
2009-02-15,14:54:00,0.212,0.000,244.860,0.800,0.000,0.000,0.0
2009-02-15,14:55:00,0.212,0.000,244.540,0.800,0.000,0.000,0.0
2009-02-15,14:56:00,0.214,0.000,245.120,0.800,0.000,0.000,0.0
2009-02-15,14:57:00,0.208,0.000,244.800,0.800,0.000,0.000,0.0
2009-02-15,14:58:00,0.206,0.000,245.100,0.800,0.000,0.000,0.0
2009-02-15,14:59:00,0.206,0.000,244.970,0.800,0.000,0.000,0.0
2009-02-15,15:00:00,0.206,0.000,244.980,0.800,0.000,0.000,0.0
2009-02-15,15:01:00,0.206,0.000,244.720,0.800,0.000,0.000,0.0
2009-02-15,15:02:00,0.206,0.000,245.460,0.800,0.000,0.000,0.0
2009-02-15,15:03:00,0.208,0.000,245.650,0.800,0.000,0.000,0.0
2009-02-15,15:04:00,0.206,0.000,245.230,0.800,0.000,0.000,0.0
2009-02-15,15:05:00,0.206,0.000,245.500,0.800,0.000,0.000,0.0
2009-02-15,15:06:00,0.216,0.000,246.100,0.800,0.000,0.000,0.0
2009-02-15,15:07:00,0.216,0.000,246.780,0.800,0.000,0.000,0.0
2009-02-15,15:08:00,0.214,0.000,245.670,0.800,0.000,0.000,0.0
2009-02-15,15:09:00,0.214,0.000,245.400,0.800,0.000,0.000,0.0
2009-02-15,15:10:00,0.212,0.000,244.820,0.800,0.000,0.000,0.0
2009-02-15,15:11:00,0.210,0.000,243.500,0.800,0.000,0.000,0.0
2009-02-15,15:12:00,0.210,0.000,244.100,0.800,0.000,0.000,0.0
2009-02-15,15:13:00,0.212,0.000,244.910,0.800,0.000,0.000,0.0
2009-02-15,15:14:00,0.212,0.000,245.320,0.800,0.000,0.000,0.0
2009-02-15,15:15:00,0.212,0.000,245.470,0.800,0.000,0.000,0.0
2009-02-15,15:16:00,0.212,0.000,245.140,0.800,0.000,0.000,0.0
2009-02-15,15:17:00,0.214,0.000,245.870,0.800,0.000,0.000,0.0
2009-02-15,15:18:00,0.212,0.000,245.100,0.800,0.000,0.000,0.0
2009-02-15,15:19:00,0.212,0.000,245.350,0.800,0.000,0.000,0.0
2009-02-15,15:20:00,0.212,0.000,245.500,0.800,0.000,0.000,0.0
2009-02-15,15:21:00,0.284,0.000,244.890,1.200,0.000,0.000,0.0
2009-02-15,15:22:00,0.290,0.068,245.170,1.200,0.000,0.000,0.0
2009-02-15,15:23:00,0.288,0.066,244.590,1.200,0.000,0.000,0.0
2009-02-15,15:24:00,0.342,0.118,244.980,1.600,0.000,0.000,0.0
2009-02-15,15:25:00,0.400,0.204,244.560,1.800,0.000,0.000,0.0
2009-02-15,15:26:00,0.396,0.202,244.440,1.800,0.000,0.000,0.0
2009-02-15,15:27:00,0.396,0.208,245.600,1.800,0.000,0.000,0.0
2009-02-15,15:28:00,0.392,0.206,244.900,1.800,0.000,0.000,0.0
2009-02-15,15:29:00,0.390,0.206,245.090,1.800,0.000,0.000,0.0
2009-02-15,15:30:00,0.388,0.206,245.180,1.800,0.000,0.000,0.0
2009-02-15,15:31:00,0.388,0.208,245.600,1.800,0.000,0.000,0.0
2009-02-15,15:32:00,0.400,0.206,244.720,1.800,0.000,0.000,0.0
2009-02-15,15:33:00,0.392,0.222,243.970,1.800,0.000,1.000,0.0
2009-02-15,15:34:00,0.390,0.224,244.650,1.800,0.000,1.000,0.0
2009-02-15,15:35:00,0.390,0.230,245.990,1.800,0.000,1.000,0.0
2009-02-15,15:36:00,0.388,0.228,245.390,1.800,0.000,2.000,0.0
2009-02-15,15:37:00,0.388,0.226,245.130,1.800,0.000,1.000,0.0
2009-02-15,15:38:00,0.394,0.224,244.710,1.800,0.000,2.000,0.0
2009-02-15,15:39:00,0.394,0.226,244.910,1.800,0.000,1.000,0.0
2009-02-15,15:40:00,0.392,0.226,245.020,1.800,0.000,1.000,0.0
2009-02-15,15:41:00,0.392,0.224,244.430,1.800,0.000,2.000,0.0
2009-02-15,15:42:00,0.392,0.226,244.800,1.800,0.000,1.000,0.0
2009-02-15,15:43:00,0.316,0.116,245.420,1.400,0.000,2.000,0.0
2009-02-15,15:44:00,0.290,0.086,245.210,1.200,0.000,1.000,0.0
2009-02-15,15:45:00,0.290,0.088,245.550,1.200,0.000,2.000,0.0
2009-02-15,15:46:00,0.290,0.088,245.770,1.200,0.000,1.000,0.0
2009-02-15,15:47:00,0.290,0.088,245.890,1.200,0.000,1.000,0.0
2009-02-15,15:48:00,0.290,0.088,246.080,1.200,0.000,2.000,0.0
2009-02-15,15:49:00,0.290,0.090,246.370,1.200,0.000,1.000,0.0
2009-02-15,15:50:00,0.286,0.086,245.580,1.200,0.000,2.000,0.0
2009-02-15,15:51:00,0.286,0.086,245.620,1.200,0.000,1.000,0.0
2009-02-15,15:52:00,0.284,0.084,244.900,1.200,0.000,1.000,0.0
2009-02-15,15:53:00,0.288,0.082,243.760,1.200,0.000,2.000,0.0
2009-02-15,15:54:00,0.288,0.084,244.410,1.200,0.000,1.000,0.0
2009-02-15,15:55:00,0.286,0.084,244.230,1.200,0.000,1.000,0.0
2009-02-15,15:56:00,0.270,0.068,244.010,1.200,0.000,1.000,0.0
2009-02-15,15:57:00,0.204,0.000,244.550,0.800,0.000,0.000,0.0
2009-02-15,15:58:00,0.204,0.000,244.590,0.800,0.000,0.000,0.0
2009-02-15,15:59:00,0.206,0.000,245.570,0.800,0.000,0.000,0.0
2009-02-15,16:00:00,0.206,0.000,245.350,0.800,0.000,0.000,0.0
2009-02-15,16:01:00,0.206,0.000,245.660,0.800,0.000,0.000,0.0
2009-02-15,16:02:00,0.206,0.000,245.450,0.800,0.000,0.000,0.0
2009-02-15,16:03:00,0.206,0.000,245.120,0.800,0.000,0.000,0.0
2009-02-15,16:04:00,0.204,0.000,244.370,0.800,0.000,0.000,0.0
2009-02-15,16:05:00,0.204,0.000,244.890,0.800,0.000,0.000,0.0
2009-02-15,16:06:00,0.202,0.000,243.650,0.800,0.000,0.000,0.0
2009-02-15,16:07:00,0.288,0.050,243.230,1.400,0.000,0.000,0.0
2009-02-15,16:08:00,0.278,0.060,242.650,1.200,0.000,0.000,0.0
2009-02-15,16:09:00,0.280,0.062,243.410,1.200,0.000,0.000,0.0
2009-02-15,16:10:00,0.278,0.060,242.800,1.200,0.000,0.000,0.0
2009-02-15,16:11:00,0.278,0.062,243.380,1.200,0.000,0.000,0.0
2009-02-15,16:12:00,0.276,0.060,243.010,1.200,0.000,0.000,0.0
2009-02-15,16:13:00,0.276,0.062,243.160,1.200,0.000,0.000,0.0
2009-02-15,16:14:00,0.276,0.062,243.440,1.200,0.000,0.000,0.0
2009-02-15,16:15:00,0.276,0.064,244.370,1.200,0.000,0.000,0.0
2009-02-15,16:16:00,0.276,0.066,244.440,1.200,0.000,0.000,0.0
2009-02-15,16:17:00,0.276,0.066,244.390,1.200,0.000,0.000,0.0
2009-02-15,16:18:00,0.250,0.000,244.470,1.000,0.000,0.000,0.0
2009-02-15,16:19:00,0.206,0.000,244.840,0.800,0.000,0.000,0.0
2009-02-15,16:20:00,0.308,0.068,245.350,1.400,0.000,0.000,0.0
2009-02-15,16:21:00,0.320,0.100,245.670,1.400,0.000,0.000,0.0
2009-02-15,16:22:00,0.316,0.100,245.120,1.400,0.000,0.000,0.0
2009-02-15,16:23:00,0.314,0.098,244.620,1.200,0.000,0.000,0.0
2009-02-15,16:24:00,0.314,0.100,244.980,1.200,0.000,0.000,0.0
2009-02-15,16:25:00,0.314,0.100,245.310,1.200,0.000,0.000,0.0
2009-02-15,16:26:00,0.312,0.100,245.570,1.200,0.000,0.000,0.0
2009-02-15,16:27:00,0.312,0.100,245.310,1.200,0.000,0.000,0.0
2009-02-15,16:28:00,0.310,0.098,244.650,1.200,0.000,0.000,0.0
2009-02-15,16:29:00,0.306,0.096,243.860,1.200,0.000,0.000,0.0
2009-02-15,16:30:00,0.306,0.096,244.110,1.200,0.000,0.000,0.0
2009-02-15,16:31:00,0.306,0.098,244.570,1.200,0.000,0.000,0.0
2009-02-15,16:32:00,0.304,0.094,243.560,1.200,0.000,0.000,0.0
2009-02-15,16:33:00,0.304,0.096,244.110,1.200,0.000,0.000,0.0
2009-02-15,16:34:00,0.302,0.096,244.090,1.200,0.000,0.000,0.0
2009-02-15,16:35:00,0.302,0.096,244.080,1.200,0.000,0.000,0.0
2009-02-15,16:36:00,0.302,0.096,243.800,1.200,0.000,0.000,0.0
2009-02-15,16:37:00,0.300,0.092,242.820,1.200,0.000,0.000,0.0
2009-02-15,16:38:00,0.288,0.076,242.820,1.200,0.000,0.000,0.0
2009-02-15,16:39:00,0.212,0.000,243.190,0.800,0.000,0.000,0.0
2009-02-15,16:40:00,0.212,0.000,243.710,0.800,0.000,0.000,0.0
2009-02-15,16:41:00,0.204,0.000,243.540,0.800,0.000,0.000,0.0
2009-02-15,16:42:00,0.204,0.000,243.550,0.800,0.000,0.000,0.0
2009-02-15,16:43:00,0.204,0.000,243.690,0.800,0.000,0.000,0.0
2009-02-15,16:44:00,0.204,0.000,244.140,0.800,0.000,0.000,0.0
2009-02-15,16:45:00,0.206,0.000,244.540,0.800,0.000,0.000,0.0
2009-02-15,16:46:00,0.206,0.000,244.860,0.800,0.000,0.000,0.0
2009-02-15,16:47:00,0.206,0.000,245.170,0.800,0.000,0.000,0.0
2009-02-15,16:48:00,0.206,0.000,244.720,0.800,0.000,0.000,0.0
2009-02-15,16:49:00,0.206,0.000,245.010,0.800,0.000,0.000,0.0
2009-02-15,16:50:00,0.208,0.000,246.020,0.800,0.000,0.000,0.0
2009-02-15,16:51:00,0.206,0.000,245.510,0.800,0.000,0.000,0.0
2009-02-15,16:52:00,0.206,0.000,244.950,0.800,0.000,0.000,0.0
2009-02-15,16:53:00,0.292,0.052,244.630,1.400,0.000,0.000,0.0
2009-02-15,16:54:00,0.292,0.066,244.960,1.200,0.000,0.000,0.0
2009-02-15,16:55:00,0.288,0.060,243.070,1.200,0.000,0.000,0.0
2009-02-15,16:56:00,0.286,0.060,242.550,1.200,0.000,0.000,0.0
2009-02-15,16:57:00,0.282,0.056,240.930,1.200,0.000,0.000,0.0
2009-02-15,16:58:00,0.280,0.054,240.140,1.200,0.000,0.000,0.0
2009-02-15,16:59:00,0.278,0.054,240.170,1.200,0.000,0.000,0.0
2009-02-15,17:00:00,0.276,0.054,240.000,1.200,0.000,0.000,0.0
2009-02-15,17:01:00,0.276,0.054,240.480,1.200,0.000,0.000,0.0
2009-02-15,17:02:00,0.278,0.056,241.160,1.200,0.000,0.000,0.0
2009-02-15,17:03:00,0.278,0.056,241.500,1.200,0.000,0.000,0.0
2009-02-15,17:04:00,0.218,0.000,241.630,0.800,0.000,0.000,0.0
2009-02-15,17:05:00,0.206,0.046,241.770,0.800,0.000,0.000,0.0
2009-02-15,17:06:00,0.206,0.000,241.670,0.800,0.000,0.000,0.0
2009-02-15,17:07:00,0.206,0.000,241.940,0.800,0.000,0.000,0.0
2009-02-15,17:08:00,0.208,0.000,242.260,0.800,0.000,0.000,0.0
2009-02-15,17:09:00,0.206,0.000,241.930,0.800,0.000,0.000,0.0
2009-02-15,17:10:00,0.206,0.046,240.900,0.800,0.000,0.000,0.0
2009-02-15,17:11:00,0.204,0.046,240.610,0.800,0.000,0.000,0.0
2009-02-15,17:12:00,0.204,0.048,239.840,0.800,0.000,0.000,0.0
2009-02-15,17:13:00,0.202,0.048,238.460,0.800,0.000,0.000,0.0
2009-02-15,17:14:00,0.202,0.048,238.760,0.800,0.000,0.000,0.0
2009-02-15,17:15:00,0.202,0.048,238.180,0.800,0.000,0.000,0.0
2009-02-15,17:16:00,0.324,0.078,238.480,1.400,0.000,0.000,0.0
2009-02-15,17:17:00,0.312,0.078,237.920,1.200,0.000,0.000,0.0
2009-02-15,17:18:00,0.310,0.078,238.220,1.200,0.000,0.000,0.0
2009-02-15,17:19:00,0.310,0.080,238.520,1.200,0.000,0.000,0.0
2009-02-15,17:20:00,0.310,0.084,239.630,1.200,0.000,0.000,0.0
2009-02-15,17:21:00,0.310,0.086,240.610,1.200,0.000,0.000,0.0
2009-02-15,17:22:00,0.310,0.088,241.240,1.200,0.000,0.000,0.0
2009-02-15,17:23:00,0.308,0.088,241.120,1.200,0.000,0.000,0.0
2009-02-15,17:24:00,0.308,0.088,241.230,1.200,0.000,0.000,0.0
2009-02-15,17:25:00,0.304,0.086,240.770,1.200,0.000,0.000,0.0
2009-02-15,17:26:00,0.298,0.084,239.830,1.200,0.000,0.000,0.0
2009-02-15,17:27:00,0.298,0.084,240.330,1.200,0.000,0.000,0.0
2009-02-15,17:28:00,0.296,0.084,240.190,1.200,0.000,0.000,0.0
2009-02-15,17:29:00,0.296,0.086,240.960,1.200,0.000,0.000,0.0
2009-02-15,17:30:00,0.296,0.088,241.410,1.200,0.000,0.000,0.0
2009-02-15,17:31:00,0.298,0.088,241.320,1.200,0.000,0.000,0.0
2009-02-15,17:32:00,0.302,0.086,240.880,1.200,0.000,0.000,0.0
2009-02-15,17:33:00,0.302,0.088,241.160,1.200,0.000,0.000,0.0
2009-02-15,17:34:00,0.244,0.000,240.690,1.000,0.000,0.000,0.0
2009-02-15,17:35:00,0.204,0.046,240.550,0.800,0.000,0.000,0.0
2009-02-15,17:36:00,0.204,0.046,240.710,0.800,0.000,0.000,0.0
2009-02-15,17:37:00,0.200,0.046,240.700,0.800,0.000,0.000,0.0
2009-02-15,17:38:00,0.198,0.046,240.750,0.800,0.000,0.000,0.0
2009-02-15,17:39:00,0.246,0.000,240.990,1.200,0.000,0.000,0.0
2009-02-15,17:40:00,0.276,0.058,241.220,1.200,0.000,0.000,0.0
2009-02-15,17:41:00,0.276,0.058,241.280,1.200,0.000,0.000,0.0
2009-02-15,17:42:00,0.276,0.056,241.220,1.200,0.000,0.000,0.0
2009-02-15,17:43:00,0.274,0.056,240.870,1.200,0.000,0.000,0.0
2009-02-15,17:44:00,0.274,0.056,241.020,1.200,0.000,0.000,0.0
2009-02-15,17:45:00,0.272,0.056,240.790,1.200,0.000,0.000,0.0
2009-02-15,17:46:00,0.274,0.058,241.370,1.200,0.000,0.000,0.0
2009-02-15,17:47:00,0.500,0.050,240.360,2.200,0.000,0.000,0.0
2009-02-15,17:48:00,0.602,0.048,239.580,2.400,0.000,0.000,0.0
2009-02-15,17:49:00,0.652,0.056,239.290,2.600,0.000,0.000,0.0
2009-02-15,17:50:00,0.574,0.060,239.360,2.400,0.000,0.000,0.0
2009-02-15,17:51:00,0.636,0.082,239.490,2.600,1.000,0.000,0.0
2009-02-15,17:52:00,0.672,0.064,239.030,2.800,1.000,0.000,0.0
2009-02-15,17:53:00,0.838,0.140,239.280,3.600,1.000,0.000,0.0
2009-02-15,17:54:00,0.690,0.066,239.530,2.800,1.000,0.000,0.0
2009-02-15,17:55:00,0.776,0.050,238.120,3.200,2.000,0.000,0.0
2009-02-15,17:56:00,1.016,0.050,239.420,4.200,1.000,0.000,0.0
2009-02-15,17:57:00,0.718,0.052,238.560,3.000,1.000,0.000,0.0
2009-02-15,17:58:00,0.694,0.054,238.890,2.800,1.000,0.000,0.0
2009-02-15,17:59:00,0.772,0.052,238.940,3.200,1.000,0.000,0.0
2009-02-15,18:00:00,0.696,0.054,239.300,2.800,2.000,0.000,0.0
2009-02-15,18:01:00,0.700,0.056,240.180,2.800,1.000,0.000,0.0
2009-02-15,18:02:00,0.726,0.118,239.710,3.200,1.000,0.000,0.0
2009-02-15,18:03:00,0.894,0.098,238.580,3.800,1.000,0.000,0.0
2009-02-15,18:04:00,1.212,0.066,238.040,5.000,1.000,0.000,0.0
2009-02-15,18:05:00,0.550,0.074,237.890,2.400,2.000,0.000,0.0
2009-02-15,18:06:00,0.470,0.076,238.220,2.000,1.000,0.000,0.0
2009-02-15,18:07:00,0.470,0.076,238.620,2.000,1.000,0.000,0.0
2009-02-15,18:08:00,0.472,0.078,239.510,2.000,1.000,0.000,0.0
2009-02-15,18:09:00,0.466,0.110,239.300,2.000,1.000,0.000,0.0
2009-02-15,18:10:00,0.442,0.102,239.070,1.800,1.000,0.000,0.0
2009-02-15,18:11:00,0.472,0.084,238.050,2.000,1.000,0.000,0.0
2009-02-15,18:12:00,1.984,0.060,236.340,9.400,25.000,0.000,0.0
2009-02-15,18:13:00,2.612,0.048,235.390,11.000,37.000,0.000,0.0
2009-02-15,18:14:00,2.602,0.048,235.170,11.000,37.000,0.000,0.0
2009-02-15,18:15:00,2.586,0.048,234.570,11.000,37.000,0.000,0.0
2009-02-15,18:16:00,2.582,0.048,234.610,11.000,37.000,0.000,0.0
2009-02-15,18:17:00,2.576,0.048,234.390,11.000,36.000,0.000,0.0
2009-02-15,18:18:00,2.576,0.048,234.480,11.000,37.000,0.000,0.0
2009-02-15,18:19:00,2.586,0.050,235.070,11.000,36.000,0.000,0.0
2009-02-15,18:20:00,2.576,0.048,234.630,10.800,37.000,0.000,0.0
2009-02-15,18:21:00,2.512,0.000,234.290,10.600,36.000,0.000,0.0
2009-02-15,18:22:00,2.464,0.076,233.710,10.400,37.000,0.000,0.0
2009-02-15,18:23:00,2.460,0.076,233.660,10.400,36.000,0.000,0.0
2009-02-15,18:24:00,2.384,0.076,234.090,10.200,36.000,0.000,0.0
2009-02-15,18:25:00,0.362,0.054,237.060,1.400,1.000,0.000,0.0
2009-02-15,18:26:00,0.360,0.054,236.910,1.400,1.000,0.000,0.0
2009-02-15,18:27:00,0.364,0.052,237.870,1.400,2.000,0.000,0.0
2009-02-15,18:28:00,0.360,0.054,237.130,1.400,1.000,0.000,0.0
2009-02-15,18:29:00,0.362,0.054,236.950,1.400,1.000,0.000,0.0
2009-02-15,18:30:00,0.362,0.054,237.590,1.400,1.000,0.000,0.0
2009-02-15,18:31:00,0.362,0.054,236.670,1.400,1.000,0.000,0.0
2009-02-15,18:32:00,0.360,0.054,236.840,1.400,1.000,0.000,0.0
2009-02-15,18:33:00,0.364,0.054,237.420,1.400,1.000,0.000,0.0
2009-02-15,18:34:00,0.362,0.052,237.540,1.400,2.000,0.000,0.0
2009-02-15,18:35:00,0.426,0.000,238.080,1.800,1.000,0.000,0.0
2009-02-15,18:36:00,0.440,0.048,238.590,1.800,1.000,0.000,0.0
2009-02-15,18:37:00,0.438,0.046,237.680,1.800,1.000,0.000,0.0
2009-02-15,18:38:00,0.436,0.000,237.140,1.800,1.000,0.000,0.0
2009-02-15,18:39:00,0.530,0.158,237.390,2.400,1.000,1.000,0.0
2009-02-15,18:40:00,0.518,0.166,237.900,2.200,2.000,1.000,0.0
2009-02-15,18:41:00,0.514,0.164,237.230,2.200,1.000,2.000,0.0
2009-02-15,18:42:00,0.516,0.168,238.460,2.200,1.000,1.000,0.0
2009-02-15,18:43:00,0.518,0.168,238.670,2.200,1.000,1.000,0.0
2009-02-15,18:44:00,0.518,0.168,238.900,2.200,1.000,2.000,0.0
2009-02-15,18:45:00,0.516,0.168,238.820,2.200,1.000,1.000,0.0
2009-02-15,18:46:00,0.514,0.166,239.530,2.200,2.000,2.000,0.0
2009-02-15,18:47:00,0.448,0.066,239.370,1.800,1.000,1.000,0.0
2009-02-15,18:48:00,0.450,0.068,239.640,1.800,1.000,2.000,0.0
2009-02-15,18:49:00,0.446,0.064,238.440,1.800,1.000,1.000,0.0
2009-02-15,18:50:00,0.446,0.064,238.200,1.800,1.000,1.000,0.0
2009-02-15,18:51:00,0.444,0.062,237.950,1.800,1.000,2.000,0.0
2009-02-15,18:52:00,0.446,0.062,237.430,1.800,2.000,1.000,0.0
2009-02-15,18:53:00,0.442,0.062,237.300,1.800,1.000,1.000,0.0
2009-02-15,18:54:00,0.442,0.060,236.430,1.800,1.000,2.000,0.0
2009-02-15,18:55:00,0.440,0.060,236.750,1.800,1.000,1.000,0.0
2009-02-15,18:56:00,0.440,0.060,236.660,1.800,1.000,2.000,0.0
2009-02-15,18:57:00,0.534,0.158,237.160,2.400,1.000,1.000,0.0
2009-02-15,18:58:00,0.550,0.190,237.460,2.400,2.000,1.000,0.0
2009-02-15,18:59:00,0.544,0.190,237.150,2.400,1.000,1.000,0.0
2009-02-15,19:00:00,0.540,0.184,235.760,2.400,1.000,2.000,0.0
2009-02-15,19:01:00,0.538,0.186,236.300,2.400,1.000,1.000,0.0
2009-02-15,19:02:00,0.540,0.190,237.230,2.400,1.000,1.000,0.0
2009-02-15,19:03:00,0.490,0.112,237.680,2.000,1.000,1.000,0.0
2009-02-15,19:04:00,0.470,0.080,239.670,2.000,2.000,0.000,0.0
2009-02-15,19:05:00,0.468,0.080,239.670,2.000,1.000,0.000,0.0
2009-02-15,19:06:00,0.470,0.080,239.830,2.000,1.000,0.000,0.0
2009-02-15,19:07:00,0.472,0.082,238.520,2.000,1.000,0.000,0.0
2009-02-15,19:08:00,0.468,0.078,239.090,2.000,1.000,0.000,0.0
2009-02-15,19:09:00,0.470,0.078,239.110,2.000,2.000,0.000,0.0
2009-02-15,19:10:00,0.468,0.076,238.420,2.000,1.000,0.000,0.0
2009-02-15,19:11:00,0.466,0.074,237.960,2.000,1.000,0.000,0.0
2009-02-15,19:12:00,0.466,0.074,238.300,2.000,1.000,0.000,0.0
2009-02-15,19:13:00,0.456,0.068,236.040,1.800,1.000,0.000,0.0
2009-02-15,19:14:00,0.450,0.066,235.070,1.800,2.000,0.000,0.0
2009-02-15,19:15:00,0.442,0.056,234.450,1.800,1.000,0.000,0.0
2009-02-15,19:16:00,0.348,0.000,235.660,1.400,1.000,0.000,0.0
2009-02-15,19:17:00,0.334,0.000,236.310,1.400,0.000,0.000,0.0
2009-02-15,19:18:00,0.318,0.000,236.930,1.400,1.000,0.000,0.0
2009-02-15,19:19:00,0.370,0.000,236.760,1.600,1.000,0.000,0.0
2009-02-15,19:20:00,0.368,0.046,237.220,1.600,1.000,0.000,0.0
2009-02-15,19:21:00,0.424,0.000,236.660,1.800,2.000,0.000,0.0
2009-02-15,19:22:00,0.434,0.000,236.370,1.800,1.000,0.000,0.0
2009-02-15,19:23:00,0.440,0.000,236.790,1.800,1.000,0.000,0.0
2009-02-15,19:24:00,0.442,0.000,236.670,1.800,1.000,0.000,0.0
2009-02-15,19:25:00,0.442,0.000,236.380,1.800,1.000,0.000,0.0
2009-02-15,19:26:00,0.424,0.054,236.220,1.800,1.000,0.000,0.0
2009-02-15,19:27:00,0.408,0.072,235.990,1.800,1.000,0.000,0.0
2009-02-15,19:28:00,0.396,0.078,236.360,1.600,0.000,0.000,0.0
2009-02-15,19:29:00,0.422,0.052,236.260,1.800,1.000,0.000,0.0
2009-02-15,19:30:00,1.426,0.000,234.870,7.600,17.000,0.000,0.0
2009-02-15,19:31:00,2.554,0.000,234.290,10.800,36.000,0.000,0.0
2009-02-15,19:32:00,2.532,0.000,234.940,10.600,37.000,0.000,0.0
2009-02-15,19:33:00,2.480,0.078,234.140,10.600,36.000,0.000,0.0
2009-02-15,19:34:00,2.500,0.076,235.220,10.600,37.000,0.000,0.0
2009-02-15,19:35:00,2.476,0.078,234.130,10.400,36.000,0.000,0.0
2009-02-15,19:36:00,2.474,0.076,234.180,10.400,36.000,0.000,0.0
2009-02-15,19:37:00,2.482,0.078,234.550,10.600,37.000,0.000,0.0
2009-02-15,19:38:00,2.486,0.076,234.520,10.600,36.000,0.000,0.0
2009-02-15,19:39:00,2.486,0.078,234.400,10.600,37.000,0.000,0.0
2009-02-15,19:40:00,2.480,0.076,234.570,10.400,36.000,0.000,0.0
2009-02-15,19:41:00,2.452,0.078,233.390,10.400,36.000,0.000,0.0
2009-02-15,19:42:00,2.464,0.076,233.780,10.400,36.000,0.000,0.0
2009-02-15,19:43:00,2.460,0.076,234.070,10.400,36.000,0.000,0.0
2009-02-15,19:44:00,2.470,0.076,234.540,10.400,37.000,0.000,0.0
2009-02-15,19:45:00,0.392,0.060,237.430,2.400,3.000,0.000,0.0
2009-02-15,19:46:00,0.298,0.064,236.050,1.200,0.000,0.000,0.0
2009-02-15,19:47:00,0.298,0.064,236.220,1.200,0.000,0.000,0.0
2009-02-15,19:48:00,0.308,0.046,234.740,1.200,0.000,0.000,0.0
2009-02-15,19:49:00,0.310,0.000,234.370,1.200,0.000,0.000,0.0
2009-02-15,19:50:00,0.300,0.062,234.840,1.200,0.000,0.000,0.0
2009-02-15,19:51:00,0.294,0.066,234.810,1.200,0.000,0.000,0.0
2009-02-15,19:52:00,0.294,0.066,234.390,1.200,0.000,0.000,0.0
2009-02-15,19:53:00,0.412,0.052,235.010,1.800,0.000,0.000,0.0
2009-02-15,19:54:00,0.406,0.060,235.500,1.600,0.000,0.000,0.0
2009-02-15,19:55:00,0.402,0.060,235.890,1.600,0.000,0.000,0.0
2009-02-15,19:56:00,0.398,0.062,236.550,1.600,0.000,0.000,0.0
2009-02-15,19:57:00,0.396,0.060,235.860,1.600,0.000,0.000,0.0
2009-02-15,19:58:00,0.394,0.058,235.140,1.600,0.000,0.000,0.0
2009-02-15,19:59:00,0.390,0.056,234.530,1.600,0.000,0.000,0.0
2009-02-15,20:00:00,0.390,0.056,234.310,1.600,0.000,0.000,0.0
2009-02-15,20:01:00,0.392,0.056,234.520,1.600,0.000,0.000,0.0
2009-02-15,20:02:00,0.396,0.058,235.050,1.600,0.000,0.000,0.0
2009-02-15,20:03:00,0.398,0.060,236.250,1.600,0.000,0.000,0.0
2009-02-15,20:04:00,0.398,0.062,236.880,1.600,0.000,0.000,0.0
2009-02-15,20:05:00,0.398,0.062,237.250,1.600,0.000,0.000,0.0
2009-02-15,20:06:00,0.398,0.064,238.110,1.600,0.000,0.000,0.0
2009-02-15,20:07:00,0.392,0.066,238.970,1.600,0.000,0.000,0.0
2009-02-15,20:08:00,0.480,0.162,240.280,2.200,0.000,0.000,0.0
2009-02-15,20:09:00,0.468,0.168,239.130,2.000,0.000,0.000,0.0
2009-02-15,20:10:00,0.468,0.168,239.230,2.000,0.000,0.000,0.0
2009-02-15,20:11:00,0.434,0.122,239.070,1.800,0.000,0.000,0.0
2009-02-15,20:12:00,0.372,0.000,239.580,1.600,0.000,0.000,0.0
2009-02-15,20:13:00,0.370,0.000,238.900,1.600,0.000,0.000,0.0
2009-02-15,20:14:00,0.366,0.000,238.160,1.400,0.000,0.000,0.0
2009-02-15,20:15:00,0.368,0.000,238.840,1.400,0.000,0.000,0.0
2009-02-15,20:16:00,0.368,0.000,239.390,1.400,0.000,0.000,0.0
2009-02-15,20:17:00,0.370,0.000,240.550,1.400,0.000,0.000,0.0
2009-02-15,20:18:00,0.368,0.000,239.250,1.400,0.000,0.000,0.0
2009-02-15,20:19:00,0.398,0.080,240.420,1.600,0.000,0.000,0.0
2009-02-15,20:20:00,0.312,0.050,241.760,1.200,0.000,0.000,0.0
2009-02-15,20:21:00,0.302,0.060,241.780,1.200,0.000,0.000,0.0
2009-02-15,20:22:00,0.300,0.060,240.780,1.200,0.000,0.000,0.0
2009-02-15,20:23:00,0.302,0.060,241.160,1.200,0.000,0.000,0.0
2009-02-15,20:24:00,0.304,0.060,242.000,1.200,0.000,0.000,0.0
2009-02-15,20:25:00,0.304,0.060,242.020,1.200,0.000,0.000,0.0
2009-02-15,20:26:00,0.304,0.058,242.400,1.200,0.000,0.000,0.0
2009-02-15,20:27:00,0.302,0.060,241.760,1.200,0.000,0.000,0.0
2009-02-15,20:28:00,0.302,0.060,241.480,1.200,0.000,0.000,0.0
2009-02-15,20:29:00,0.304,0.058,242.400,1.200,0.000,0.000,0.0
2009-02-15,20:30:00,0.302,0.060,241.240,1.200,0.000,0.000,0.0
2009-02-15,20:31:00,0.302,0.060,241.120,1.200,0.000,0.000,0.0
2009-02-15,20:32:00,0.302,0.060,241.700,1.200,0.000,0.000,0.0
2009-02-15,20:33:00,0.302,0.060,241.430,1.200,0.000,0.000,0.0
2009-02-15,20:34:00,0.304,0.058,242.540,1.200,0.000,0.000,0.0
2009-02-15,20:35:00,0.304,0.060,242.030,1.200,0.000,0.000,0.0
2009-02-15,20:36:00,0.304,0.060,242.260,1.200,0.000,0.000,0.0
2009-02-15,20:37:00,0.304,0.060,242.300,1.200,0.000,0.000,0.0
2009-02-15,20:38:00,0.304,0.060,242.210,1.200,0.000,0.000,0.0
2009-02-15,20:39:00,0.302,0.062,241.220,1.200,0.000,0.000,0.0
2009-02-15,20:40:00,0.302,0.060,241.290,1.200,0.000,0.000,0.0
2009-02-15,20:41:00,0.304,0.060,241.870,1.200,0.000,0.000,0.0
2009-02-15,20:42:00,0.302,0.060,240.760,1.200,0.000,0.000,0.0
2009-02-15,20:43:00,0.300,0.062,240.450,1.200,0.000,0.000,0.0
2009-02-15,20:44:00,0.300,0.060,240.510,1.200,0.000,0.000,0.0
2009-02-15,20:45:00,0.300,0.062,240.480,1.200,0.000,0.000,0.0
2009-02-15,20:46:00,0.300,0.062,240.520,1.200,0.000,0.000,0.0
2009-02-15,20:47:00,0.298,0.062,238.780,1.200,0.000,0.000,0.0
2009-02-15,20:48:00,0.298,0.062,238.940,1.200,0.000,0.000,0.0
2009-02-15,20:49:00,0.398,0.000,239.170,1.800,0.000,0.000,0.0
2009-02-15,20:50:00,0.412,0.070,239.850,1.600,0.000,0.000,0.0
2009-02-15,20:51:00,0.412,0.072,241.140,1.600,0.000,0.000,0.0
2009-02-15,20:52:00,0.410,0.072,240.930,1.600,0.000,0.000,0.0
2009-02-15,20:53:00,0.412,0.074,241.710,1.600,0.000,0.000,0.0
2009-02-15,20:54:00,0.448,0.104,240.890,2.000,0.000,0.000,0.0
2009-02-15,20:55:00,0.484,0.176,240.880,2.000,0.000,0.000,0.0
2009-02-15,20:56:00,1.424,0.164,239.960,6.200,0.000,0.000,14.0
2009-02-15,20:57:00,1.570,0.160,239.040,6.600,0.000,0.000,18.0
2009-02-15,20:58:00,1.560,0.162,239.640,6.400,0.000,0.000,18.0
2009-02-15,20:59:00,1.538,0.158,238.860,6.400,0.000,0.000,18.0
2009-02-15,21:00:00,1.542,0.162,239.860,6.400,0.000,0.000,18.0
2009-02-15,21:01:00,1.524,0.158,238.710,6.400,0.000,0.000,17.0
2009-02-15,21:02:00,1.512,0.154,238.020,6.400,0.000,0.000,18.0
2009-02-15,21:03:00,1.514,0.156,238.360,6.400,0.000,0.000,17.0
2009-02-15,21:04:00,1.504,0.154,237.610,6.200,0.000,0.000,18.0
2009-02-15,21:05:00,1.496,0.152,236.960,6.200,0.000,0.000,17.0
2009-02-15,21:06:00,1.462,0.084,238.400,6.000,0.000,0.000,17.0
2009-02-15,21:07:00,1.440,0.050,238.510,6.000,0.000,0.000,18.0
2009-02-15,21:08:00,1.342,0.074,237.710,5.600,0.000,0.000,17.0
2009-02-15,21:09:00,1.346,0.074,238.080,5.600,0.000,0.000,18.0
2009-02-15,21:10:00,1.340,0.074,237.570,5.600,0.000,0.000,17.0
2009-02-15,21:11:00,1.352,0.074,238.720,5.600,0.000,0.000,18.0
2009-02-15,21:12:00,1.362,0.072,239.700,5.600,0.000,0.000,17.0
2009-02-15,21:13:00,1.360,0.072,239.430,5.600,0.000,0.000,18.0
2009-02-15,21:14:00,1.360,0.072,239.570,5.600,0.000,0.000,17.0
2009-02-15,21:15:00,1.374,0.072,240.730,5.600,0.000,0.000,18.0
2009-02-15,21:16:00,1.366,0.072,240.110,5.600,0.000,0.000,18.0
2009-02-15,21:17:00,1.364,0.072,239.810,5.600,0.000,0.000,17.0
2009-02-15,21:18:00,1.374,0.070,240.320,5.600,0.000,0.000,18.0
2009-02-15,21:19:00,1.376,0.072,240.310,5.600,0.000,0.000,18.0
2009-02-15,21:20:00,1.364,0.072,239.200,5.600,0.000,0.000,17.0
2009-02-15,21:21:00,1.366,0.072,239.870,5.600,0.000,0.000,18.0
2009-02-15,21:22:00,1.370,0.072,240.420,5.600,0.000,0.000,18.0
2009-02-15,21:23:00,1.374,0.072,240.800,5.600,0.000,0.000,18.0
2009-02-15,21:24:00,1.378,0.070,241.260,5.600,0.000,0.000,17.0
2009-02-15,21:25:00,1.382,0.070,241.580,5.600,0.000,0.000,18.0
2009-02-15,21:26:00,1.380,0.070,241.310,5.600,0.000,0.000,18.0
2009-02-15,21:27:00,1.380,0.070,241.460,5.600,0.000,0.000,18.0
2009-02-15,21:28:00,1.382,0.070,241.480,5.600,0.000,0.000,18.0
2009-02-15,21:29:00,1.384,0.070,241.670,5.600,0.000,0.000,18.0
2009-02-15,21:30:00,1.382,0.070,241.610,5.600,0.000,0.000,18.0
2009-02-15,21:31:00,1.370,0.072,240.410,5.600,0.000,0.000,18.0
2009-02-15,21:32:00,1.370,0.072,240.560,5.600,0.000,0.000,17.0
2009-02-15,21:33:00,1.384,0.070,241.150,5.600,0.000,0.000,18.0
2009-02-15,21:34:00,1.398,0.070,242.300,5.600,0.000,0.000,18.0
2009-02-15,21:35:00,0.452,0.058,243.400,2.400,0.000,0.000,3.0
2009-02-15,21:36:00,0.314,0.056,243.550,1.200,0.000,0.000,0.0
2009-02-15,21:37:00,0.316,0.054,243.910,1.200,0.000,0.000,0.0
2009-02-15,21:38:00,0.316,0.054,244.310,1.200,0.000,0.000,0.0
2009-02-15,21:39:00,0.316,0.054,244.380,1.200,0.000,0.000,0.0
2009-02-15,21:40:00,0.318,0.054,244.810,1.200,0.000,0.000,0.0
2009-02-15,21:41:00,0.442,0.080,244.240,2.000,0.000,0.000,0.0
2009-02-15,21:42:00,0.472,0.172,243.000,2.000,0.000,1.000,0.0
2009-02-15,21:43:00,0.472,0.172,242.770,2.000,0.000,2.000,0.0
2009-02-15,21:44:00,0.470,0.168,241.960,2.000,0.000,1.000,0.0
2009-02-15,21:45:00,0.468,0.166,241.370,2.000,0.000,2.000,0.0
2009-02-15,21:46:00,0.588,0.296,241.020,2.600,0.000,1.000,0.0
2009-02-15,21:47:00,0.574,0.298,240.750,2.600,0.000,2.000,0.0
2009-02-15,21:48:00,0.570,0.298,240.860,2.600,0.000,1.000,0.0
2009-02-15,21:49:00,0.570,0.300,241.150,2.600,0.000,1.000,0.0
2009-02-15,21:50:00,0.570,0.302,241.880,2.600,0.000,2.000,0.0
2009-02-15,21:51:00,0.570,0.308,242.870,2.600,0.000,1.000,0.0
2009-02-15,21:52:00,0.536,0.258,243.110,2.400,0.000,2.000,0.0
2009-02-15,21:53:00,0.500,0.204,243.310,2.200,0.000,1.000,0.0
2009-02-15,21:54:00,0.496,0.202,242.400,2.200,0.000,1.000,0.0
2009-02-15,21:55:00,0.494,0.202,242.180,2.200,0.000,2.000,0.0
2009-02-15,21:56:00,0.490,0.198,241.580,2.200,0.000,1.000,0.0
2009-02-15,21:57:00,0.488,0.196,241.070,2.200,0.000,2.000,0.0
2009-02-15,21:58:00,0.484,0.194,240.730,2.200,0.000,1.000,0.0
2009-02-15,21:59:00,0.480,0.190,239.670,2.000,0.000,1.000,0.0
2009-02-15,22:00:00,0.480,0.196,241.120,2.000,0.000,2.000,0.0
2009-02-15,22:01:00,0.474,0.196,241.410,2.000,0.000,1.000,0.0
2009-02-15,22:02:00,0.472,0.196,241.120,2.000,0.000,1.000,0.0
2009-02-15,22:03:00,0.472,0.194,240.990,2.000,0.000,1.000,0.0
2009-02-15,22:04:00,0.436,0.146,241.820,1.800,0.000,2.000,0.0
2009-02-15,22:05:00,0.318,0.000,241.730,1.200,0.000,0.000,0.0
2009-02-15,22:06:00,0.302,0.058,241.320,1.200,0.000,0.000,0.0
2009-02-15,22:07:00,0.308,0.058,241.070,1.200,0.000,0.000,0.0
2009-02-15,22:08:00,0.310,0.058,241.690,1.200,0.000,0.000,0.0
2009-02-15,22:09:00,0.310,0.058,242.000,1.200,0.000,0.000,0.0
2009-02-15,22:10:00,0.308,0.058,241.580,1.200,0.000,0.000,0.0
2009-02-15,22:11:00,0.310,0.058,241.830,1.200,0.000,0.000,0.0
2009-02-15,22:12:00,0.308,0.058,241.450,1.200,0.000,0.000,0.0
2009-02-15,22:13:00,0.306,0.058,242.570,1.200,0.000,0.000,0.0
2009-02-15,22:14:00,0.304,0.058,242.860,1.200,0.000,0.000,0.0
2009-02-15,22:15:00,0.306,0.056,243.280,1.200,0.000,0.000,0.0
2009-02-15,22:16:00,0.306,0.056,243.590,1.200,0.000,0.000,0.0
2009-02-15,22:17:00,0.310,0.056,244.890,1.200,0.000,0.000,0.0
2009-02-15,22:18:00,0.310,0.056,244.860,1.200,0.000,0.000,0.0
2009-02-15,22:19:00,0.308,0.056,244.700,1.200,0.000,0.000,0.0
2009-02-15,22:20:00,0.306,0.058,243.510,1.200,0.000,0.000,0.0
2009-02-15,22:21:00,0.308,0.058,243.830,1.200,0.000,0.000,0.0
2009-02-15,22:22:00,0.318,0.054,245.160,1.200,0.000,0.000,0.0
2009-02-15,22:23:00,0.316,0.056,244.650,1.200,0.000,0.000,0.0
2009-02-15,22:24:00,0.314,0.056,244.010,1.200,0.000,0.000,0.0
2009-02-15,22:25:00,0.308,0.058,243.620,1.200,0.000,0.000,0.0
2009-02-15,22:26:00,0.308,0.056,244.000,1.200,0.000,0.000,0.0
2009-02-15,22:27:00,0.336,0.000,243.720,1.400,0.000,0.000,0.0
2009-02-15,22:28:00,0.382,0.046,242.850,1.600,0.000,0.000,0.0
2009-02-15,22:29:00,0.382,0.046,243.030,1.600,0.000,0.000,0.0
2009-02-15,22:30:00,0.384,0.046,243.380,1.600,0.000,0.000,0.0
2009-02-15,22:31:00,0.382,0.046,243.150,1.600,0.000,0.000,0.0
2009-02-15,22:32:00,0.378,0.046,242.480,1.600,0.000,0.000,0.0
2009-02-15,22:33:00,0.378,0.046,242.580,1.600,0.000,0.000,0.0
2009-02-15,22:34:00,0.378,0.046,242.730,1.600,0.000,0.000,0.0
2009-02-15,22:35:00,0.376,0.000,242.320,1.600,0.000,0.000,0.0
2009-02-15,22:36:00,0.372,0.000,241.150,1.400,0.000,0.000,0.0
2009-02-15,22:37:00,0.372,0.000,241.140,1.400,0.000,0.000,0.0
2009-02-15,22:38:00,0.370,0.000,241.830,1.400,0.000,0.000,0.0
2009-02-15,22:39:00,0.306,0.056,243.170,1.200,0.000,0.000,0.0
2009-02-15,22:40:00,0.306,0.056,243.130,1.200,0.000,0.000,0.0
2009-02-15,22:41:00,0.308,0.056,243.640,1.200,0.000,0.000,0.0
2009-02-15,22:42:00,0.396,0.000,243.690,1.600,0.000,0.000,0.0
2009-02-15,22:43:00,0.422,0.080,243.800,1.800,0.000,0.000,0.0
2009-02-15,22:44:00,0.418,0.080,243.870,1.600,0.000,0.000,0.0
2009-02-15,22:45:00,0.418,0.082,244.400,1.600,0.000,0.000,0.0
2009-02-15,22:46:00,0.418,0.082,244.490,1.600,0.000,0.000,0.0
2009-02-15,22:47:00,0.416,0.082,244.730,1.600,0.000,0.000,0.0
2009-02-15,22:48:00,0.412,0.078,243.650,1.600,0.000,0.000,0.0
2009-02-15,22:49:00,0.410,0.076,242.680,1.600,0.000,0.000,0.0
2009-02-15,22:50:00,0.412,0.078,243.750,1.600,0.000,0.000,0.0
2009-02-15,22:51:00,0.410,0.078,243.700,1.600,0.000,0.000,0.0
2009-02-15,22:52:00,0.410,0.080,244.400,1.600,0.000,0.000,0.0
2009-02-15,22:53:00,0.410,0.080,244.330,1.600,0.000,0.000,0.0
2009-02-15,22:54:00,0.408,0.080,244.140,1.600,0.000,0.000,0.0
2009-02-15,22:55:00,0.406,0.080,243.760,1.600,0.000,0.000,0.0
2009-02-15,22:56:00,0.406,0.080,243.340,1.600,0.000,0.000,0.0
2009-02-15,22:57:00,0.406,0.080,243.690,1.600,0.000,0.000,0.0
2009-02-15,22:58:00,0.406,0.082,244.270,1.600,0.000,0.000,0.0
2009-02-15,22:59:00,0.404,0.078,243.600,1.600,0.000,0.000,0.0
2009-02-15,23:00:00,0.404,0.078,243.550,1.600,0.000,0.000,0.0
2009-02-15,23:01:00,0.306,0.058,243.070,1.200,0.000,0.000,0.0
2009-02-15,23:02:00,0.306,0.058,243.100,1.200,0.000,0.000,0.0
2009-02-15,23:03:00,0.308,0.056,243.560,1.200,0.000,0.000,0.0
2009-02-15,23:04:00,0.308,0.056,243.980,1.200,0.000,0.000,0.0
2009-02-15,23:05:00,0.310,0.054,244.910,1.200,0.000,0.000,0.0
2009-02-15,23:06:00,0.310,0.054,244.740,1.200,0.000,0.000,0.0
2009-02-15,23:07:00,0.310,0.054,244.870,1.200,0.000,0.000,0.0
2009-02-15,23:08:00,0.310,0.054,244.880,1.200,0.000,0.000,0.0
2009-02-15,23:09:00,0.310,0.054,244.620,1.200,0.000,0.000,0.0
2009-02-15,23:10:00,0.312,0.052,245.300,1.200,0.000,0.000,0.0
2009-02-15,23:11:00,0.312,0.052,245.480,1.200,0.000,0.000,0.0
2009-02-15,23:12:00,0.312,0.052,245.730,1.200,0.000,0.000,0.0
2009-02-15,23:13:00,0.314,0.052,246.040,1.200,0.000,0.000,0.0
2009-02-15,23:14:00,0.384,0.000,244.980,1.600,0.000,0.000,0.0
2009-02-15,23:15:00,0.388,0.054,245.690,1.600,0.000,0.000,0.0
2009-02-15,23:16:00,0.390,0.056,246.310,1.600,0.000,0.000,0.0
2009-02-15,23:17:00,0.390,0.056,246.260,1.600,0.000,0.000,0.0
2009-02-15,23:18:00,0.388,0.054,246.040,1.600,0.000,0.000,0.0
2009-02-15,23:19:00,0.386,0.052,245.260,1.600,0.000,0.000,0.0
2009-02-15,23:20:00,0.384,0.052,244.970,1.600,0.000,0.000,0.0
2009-02-15,23:21:00,0.382,0.052,244.730,1.600,0.000,0.000,0.0
2009-02-15,23:22:00,0.382,0.052,244.890,1.600,0.000,0.000,0.0
2009-02-15,23:23:00,0.382,0.052,245.030,1.600,0.000,0.000,0.0
2009-02-15,23:24:00,0.384,0.054,245.730,1.600,0.000,0.000,0.0
2009-02-15,23:25:00,0.316,0.048,246.240,1.200,0.000,0.000,0.0
2009-02-15,23:26:00,0.314,0.050,246.400,1.200,0.000,0.000,0.0
2009-02-15,23:27:00,0.312,0.052,245.740,1.200,0.000,0.000,0.0
2009-02-15,23:28:00,0.314,0.052,245.980,1.200,0.000,0.000,0.0
2009-02-15,23:29:00,0.314,0.052,245.990,1.200,0.000,0.000,0.0
2009-02-15,23:30:00,0.312,0.054,245.680,1.200,0.000,0.000,0.0
2009-02-15,23:31:00,0.312,0.054,245.330,1.200,0.000,0.000,0.0
2009-02-15,23:32:00,0.312,0.054,245.460,1.200,0.000,0.000,0.0
2009-02-15,23:33:00,0.314,0.052,246.200,1.200,0.000,0.000,0.0
2009-02-15,23:34:00,0.316,0.052,246.720,1.200,0.000,0.000,0.0
2009-02-15,23:35:00,0.314,0.054,246.220,1.200,0.000,0.000,0.0
2009-02-15,23:36:00,0.314,0.054,246.200,1.200,0.000,0.000,0.0
2009-02-15,23:37:00,0.308,0.056,243.750,1.200,0.000,0.000,0.0
2009-02-15,23:38:00,0.340,0.000,244.460,1.400,0.000,0.000,0.0
2009-02-15,23:39:00,0.424,0.082,244.580,1.800,0.000,0.000,0.0
2009-02-15,23:40:00,0.422,0.080,244.280,1.800,0.000,0.000,0.0
2009-02-15,23:41:00,0.418,0.080,243.980,1.600,0.000,0.000,0.0
2009-02-15,23:42:00,0.416,0.078,243.180,1.600,0.000,0.000,0.0
2009-02-15,23:43:00,0.416,0.078,243.480,1.600,0.000,0.000,0.0
2009-02-15,23:44:00,0.416,0.082,244.360,1.600,0.000,0.000,0.0
2009-02-15,23:45:00,0.416,0.082,244.330,1.600,0.000,0.000,0.0
2009-02-15,23:46:00,0.412,0.080,243.840,1.600,0.000,0.000,0.0
2009-02-15,23:47:00,0.412,0.078,243.510,1.600,0.000,0.000,0.0
2009-02-15,23:48:00,0.412,0.082,244.450,1.600,0.000,0.000,0.0
2009-02-15,23:49:00,0.414,0.086,245.390,1.600,0.000,0.000,0.0
2009-02-15,23:50:00,0.414,0.086,245.410,1.600,0.000,0.000,0.0
2009-02-15,23:51:00,0.412,0.084,245.190,1.600,0.000,0.000,0.0
2009-02-15,23:52:00,0.412,0.084,245.300,1.600,0.000,0.000,0.0
2009-02-15,23:53:00,0.410,0.086,245.340,1.600,0.000,0.000,0.0
2009-02-15,23:54:00,0.408,0.084,244.300,1.600,0.000,0.000,0.0
2009-02-15,23:55:00,0.406,0.082,243.970,1.600,0.000,0.000,0.0
2009-02-15,23:56:00,0.406,0.084,244.230,1.600,0.000,0.000,0.0
2009-02-15,23:57:00,0.332,0.000,244.600,1.400,0.000,0.000,0.0
2009-02-15,23:58:00,0.312,0.054,244.810,1.200,0.000,0.000,0.0
2009-02-15,23:59:00,0.312,0.054,244.780,1.200,0.000,0.000,0.0
