Date,Time,Global_active_power,Global_reactive_power,Voltage,Global_intensity,Sub_metering_1,Sub_metering_2,Sub_metering_3
2010-11-07,00:00:00,0.340,0.046,240.720,1.400,0.000,0.000,1.0
2010-11-07,00:01:00,0.292,0.000,241.600,1.200,0.000,0.000,0.0
2010-11-07,00:02:00,0.268,0.046,241.370,1.200,0.000,0.000,1.0
2010-11-07,00:03:00,0.266,0.050,241.150,1.000,0.000,0.000,1.0
2010-11-07,00:04:00,0.266,0.050,241.400,1.200,0.000,0.000,0.0
2010-11-07,00:05:00,0.266,0.050,241.150,1.200,0.000,0.000,1.0
2010-11-07,00:06:00,0.370,0.060,240.450,1.600,0.000,0.000,1.0
2010-11-07,00:07:00,0.374,0.080,240.980,1.600,0.000,0.000,0.0
2010-11-07,00:08:00,0.370,0.082,241.290,1.600,0.000,0.000,1.0
2010-11-07,00:09:00,0.370,0.082,241.510,1.600,0.000,0.000,1.0
2010-11-07,00:10:00,0.368,0.084,241.710,1.600,0.000,0.000,0.0
2010-11-07,00:11:00,0.364,0.080,240.840,1.600,0.000,0.000,1.0
2010-11-07,00:12:00,0.362,0.076,240.080,1.400,0.000,0.000,1.0
2010-11-07,00:13:00,0.358,0.074,239.250,1.400,0.000,0.000,0.0
2010-11-07,00:14:00,0.356,0.074,239.040,1.400,0.000,0.000,1.0
2010-11-07,00:15:00,0.358,0.078,240.150,1.400,0.000,0.000,0.0
2010-11-07,00:16:00,0.358,0.080,240.520,1.400,0.000,0.000,1.0
2010-11-07,00:17:00,0.360,0.082,241.020,1.400,0.000,0.000,1.0
2010-11-07,00:18:00,0.358,0.080,240.650,1.400,0.000,0.000,0.0
2010-11-07,00:19:00,0.358,0.080,240.340,1.400,0.000,0.000,1.0
2010-11-07,00:20:00,0.288,0.000,240.550,1.200,0.000,0.000,1.0
2010-11-07,00:21:00,0.264,0.050,240.900,1.200,0.000,0.000,0.0
2010-11-07,00:22:00,0.306,0.000,241.250,1.400,0.000,0.000,1.0
2010-11-07,00:23:00,0.342,0.052,241.110,1.400,0.000,0.000,1.0
2010-11-07,00:24:00,0.342,0.050,240.860,1.400,0.000,0.000,0.0
2010-11-07,00:25:00,0.342,0.050,240.740,1.400,0.000,0.000,1.0
2010-11-07,00:26:00,0.748,0.000,240.340,3.200,0.000,0.000,0.0
2010-11-07,00:27:00,0.760,0.000,240.200,3.200,0.000,0.000,1.0
2010-11-07,00:28:00,0.668,0.000,240.990,2.800,0.000,0.000,1.0
2010-11-07,00:29:00,0.638,0.000,240.860,2.600,0.000,0.000,0.0
2010-11-07,00:30:00,0.398,0.050,241.030,1.600,0.000,0.000,1.0
2010-11-07,00:31:00,0.404,0.048,241.200,1.600,0.000,0.000,1.0
2010-11-07,00:32:00,0.362,0.000,241.330,1.600,0.000,0.000,0.0
2010-11-07,00:33:00,0.330,0.052,241.180,1.400,0.000,0.000,1.0
2010-11-07,00:34:00,0.662,0.112,240.780,3.000,0.000,0.000,5.0
2010-11-07,00:35:00,0.910,0.218,240.620,3.800,0.000,0.000,11.0
2010-11-07,00:36:00,0.938,0.218,240.690,4.000,0.000,0.000,10.0
2010-11-07,00:37:00,0.962,0.216,240.480,4.000,0.000,0.000,12.0
2010-11-07,00:38:00,0.972,0.214,240.190,4.000,0.000,0.000,11.0
2010-11-07,00:39:00,1.068,0.308,239.890,4.600,0.000,0.000,11.0
2010-11-07,00:40:00,1.086,0.346,240.430,4.600,0.000,0.000,12.0
2010-11-07,00:41:00,1.080,0.346,240.390,4.600,0.000,0.000,11.0
2010-11-07,00:42:00,1.092,0.346,240.520,4.800,0.000,0.000,12.0
2010-11-07,00:43:00,1.096,0.356,241.520,4.800,0.000,0.000,11.0
2010-11-07,00:44:00,1.090,0.354,241.260,4.600,0.000,0.000,12.0
2010-11-07,00:45:00,0.896,0.272,241.310,4.000,0.000,0.000,9.0
2010-11-07,00:46:00,0.442,0.084,241.830,1.800,0.000,0.000,1.0
2010-11-07,00:47:00,0.440,0.086,242.200,1.800,0.000,0.000,0.0
2010-11-07,00:48:00,0.438,0.086,242.130,1.800,0.000,0.000,1.0
2010-11-07,00:49:00,0.434,0.086,241.810,1.800,0.000,0.000,0.0
2010-11-07,00:50:00,0.430,0.084,241.240,1.800,0.000,0.000,1.0
2010-11-07,00:51:00,0.432,0.086,241.780,1.800,0.000,0.000,1.0
2010-11-07,00:52:00,0.430,0.086,241.750,1.800,0.000,0.000,0.0
2010-11-07,00:53:00,0.352,0.000,241.350,1.400,0.000,0.000,1.0
2010-11-07,00:54:00,0.336,0.048,241.760,1.400,0.000,0.000,1.0
2010-11-07,00:55:00,0.420,0.000,242.830,1.800,0.000,0.000,0.0
2010-11-07,00:56:00,0.416,0.056,242.390,1.800,0.000,0.000,1.0
2010-11-07,00:57:00,0.420,0.054,242.150,1.800,0.000,0.000,1.0
2010-11-07,00:58:00,0.422,0.056,242.150,1.800,0.000,0.000,0.0
2010-11-07,00:59:00,0.422,0.056,242.540,1.800,0.000,0.000,1.0
2010-11-07,01:00:00,0.424,0.056,242.990,1.800,0.000,0.000,1.0
2010-11-07,01:01:00,0.426,0.056,242.940,1.800,0.000,0.000,0.0
2010-11-07,01:02:00,0.424,0.056,243.080,1.800,0.000,0.000,1.0
2010-11-07,01:03:00,0.410,0.054,242.160,1.600,0.000,0.000,0.0
2010-11-07,01:04:00,0.392,0.000,241.820,1.600,0.000,0.000,1.0
2010-11-07,01:05:00,0.338,0.048,242.150,1.400,0.000,0.000,1.0
2010-11-07,01:06:00,0.344,0.048,242.500,1.400,0.000,0.000,0.0
2010-11-07,01:07:00,0.348,0.048,242.750,1.400,0.000,0.000,1.0
2010-11-07,01:08:00,0.344,0.048,242.700,1.400,0.000,0.000,1.0
2010-11-07,01:09:00,0.340,0.048,242.690,1.400,0.000,0.000,0.0
2010-11-07,01:10:00,0.340,0.048,242.750,1.400,0.000,0.000,1.0
2010-11-07,01:11:00,0.340,0.048,242.470,1.400,0.000,0.000,1.0
2010-11-07,01:12:00,0.440,0.058,242.250,1.800,0.000,0.000,0.0
2010-11-07,01:13:00,0.450,0.084,242.560,1.800,0.000,0.000,1.0
2010-11-07,01:14:00,0.446,0.086,242.570,1.800,0.000,0.000,1.0
2010-11-07,01:15:00,0.448,0.086,242.720,1.800,0.000,0.000,0.0
2010-11-07,01:16:00,0.434,0.084,242.330,1.800,0.000,0.000,1.0
2010-11-07,01:17:00,0.394,0.084,241.800,1.600,0.000,0.000,1.0
2010-11-07,01:18:00,0.384,0.086,242.190,1.600,0.000,0.000,0.0
2010-11-07,01:19:00,0.380,0.088,242.730,1.600,0.000,0.000,1.0
2010-11-07,01:20:00,0.382,0.088,242.760,1.600,0.000,0.000,1.0
2010-11-07,01:21:00,0.380,0.088,242.810,1.600,0.000,0.000,0.0
2010-11-07,01:22:00,0.378,0.086,242.230,1.600,0.000,0.000,1.0
2010-11-07,01:23:00,0.378,0.084,241.600,1.600,0.000,0.000,1.0
2010-11-07,01:24:00,0.376,0.084,241.430,1.600,0.000,0.000,0.0
2010-11-07,01:25:00,0.376,0.084,241.950,1.600,0.000,0.000,1.0
2010-11-07,01:26:00,0.284,0.046,242.250,1.200,0.000,0.000,0.0
2010-11-07,01:27:00,0.280,0.046,242.440,1.200,0.000,0.000,1.0
2010-11-07,01:28:00,0.374,0.056,242.310,1.600,0.000,0.000,1.0
2010-11-07,01:29:00,0.358,0.058,242.730,1.400,0.000,0.000,0.0
2010-11-07,01:30:00,0.358,0.056,242.480,1.400,0.000,0.000,1.0
2010-11-07,01:31:00,0.358,0.056,242.420,1.400,0.000,0.000,1.0
2010-11-07,01:32:00,0.356,0.058,242.960,1.400,0.000,0.000,0.0
2010-11-07,01:33:00,0.356,0.058,242.960,1.400,0.000,0.000,1.0
2010-11-07,01:34:00,0.354,0.058,242.830,1.400,0.000,0.000,1.0
2010-11-07,01:35:00,0.352,0.058,242.650,1.400,0.000,0.000,0.0
2010-11-07,01:36:00,0.352,0.058,242.640,1.400,0.000,0.000,1.0
2010-11-07,01:37:00,0.306,0.000,242.910,1.200,0.000,0.000,1.0
2010-11-07,01:38:00,0.280,0.046,242.520,1.200,0.000,0.000,0.0
2010-11-07,01:39:00,0.282,0.046,242.970,1.200,0.000,0.000,1.0
2010-11-07,01:40:00,0.280,0.046,242.870,1.200,0.000,0.000,1.0
2010-11-07,01:41:00,0.280,0.046,242.590,1.200,0.000,0.000,0.0
2010-11-07,01:42:00,0.280,0.046,242.540,1.200,0.000,0.000,1.0
2010-11-07,01:43:00,0.280,0.046,242.950,1.200,0.000,0.000,1.0
2010-11-07,01:44:00,0.280,0.046,242.830,1.200,0.000,0.000,0.0
2010-11-07,01:45:00,0.378,0.058,242.860,1.600,0.000,0.000,1.0
2010-11-07,01:46:00,0.390,0.086,242.410,1.600,0.000,0.000,1.0
2010-11-07,01:47:00,0.388,0.088,242.650,1.600,0.000,0.000,0.0
2010-11-07,01:48:00,0.382,0.088,242.570,1.600,0.000,0.000,1.0
2010-11-07,01:49:00,0.376,0.086,242.000,1.600,0.000,0.000,0.0
2010-11-07,01:50:00,0.370,0.088,242.650,1.600,0.000,0.000,1.0
2010-11-07,01:51:00,0.370,0.092,243.310,1.600,0.000,0.000,1.0
2010-11-07,01:52:00,0.368,0.090,243.350,1.600,0.000,0.000,0.0
2010-11-07,01:53:00,0.366,0.090,242.900,1.600,0.000,0.000,1.0
2010-11-07,01:54:00,0.364,0.088,242.390,1.600,0.000,0.000,1.0
2010-11-07,01:55:00,0.364,0.088,242.610,1.600,0.000,0.000,0.0
2010-11-07,01:56:00,0.364,0.090,242.900,1.600,0.000,0.000,1.0
2010-11-07,01:57:00,0.364,0.090,242.790,1.600,0.000,0.000,1.0
2010-11-07,01:58:00,0.350,0.070,243.170,1.400,0.000,0.000,0.0
2010-11-07,01:59:00,0.270,0.000,243.520,1.200,0.000,0.000,1.0
2010-11-07,02:00:00,0.268,0.046,242.690,1.200,0.000,0.000,1.0
2010-11-07,02:01:00,0.352,0.000,243.280,1.600,0.000,0.000,0.0
2010-11-07,02:02:00,0.348,0.060,243.530,1.400,0.000,0.000,1.0
2010-11-07,02:03:00,0.348,0.060,243.730,1.400,0.000,0.000,1.0
2010-11-07,02:04:00,0.348,0.060,243.570,1.400,0.000,0.000,0.0
2010-11-07,02:05:00,0.348,0.062,243.790,1.400,0.000,0.000,1.0
2010-11-07,02:06:00,0.344,0.060,243.440,1.400,0.000,0.000,1.0
2010-11-07,02:07:00,0.342,0.058,243.160,1.400,0.000,0.000,0.0
2010-11-07,02:08:00,0.340,0.056,242.550,1.400,0.000,0.000,1.0
2010-11-07,02:09:00,0.340,0.056,242.780,1.400,0.000,0.000,1.0
2010-11-07,02:10:00,0.292,0.000,242.960,1.200,0.000,0.000,0.0
2010-11-07,02:11:00,0.270,0.046,243.420,1.200,0.000,0.000,1.0
2010-11-07,02:12:00,0.270,0.000,243.740,1.200,0.000,0.000,1.0
2010-11-07,02:13:00,0.270,0.000,243.770,1.200,0.000,0.000,0.0
2010-11-07,02:14:00,0.270,0.000,243.750,1.200,0.000,0.000,1.0
2010-11-07,02:15:00,0.270,0.000,243.490,1.200,0.000,0.000,0.0
2010-11-07,02:16:00,0.270,0.000,243.370,1.200,0.000,0.000,1.0
2010-11-07,02:17:00,0.270,0.000,243.720,1.200,0.000,0.000,1.0
2010-11-07,02:18:00,0.358,0.048,243.790,1.600,0.000,0.000,0.0
2010-11-07,02:19:00,0.380,0.090,243.860,1.600,0.000,0.000,1.0
2010-11-07,02:20:00,0.378,0.094,244.270,1.600,0.000,0.000,1.0
2010-11-07,02:21:00,0.376,0.094,244.660,1.600,0.000,0.000,0.0
2010-11-07,02:22:00,0.374,0.094,244.560,1.600,0.000,0.000,1.0
2010-11-07,02:23:00,0.374,0.096,244.650,1.600,0.000,0.000,1.0
2010-11-07,02:24:00,0.372,0.096,244.720,1.600,0.000,0.000,0.0
2010-11-07,02:25:00,0.370,0.094,244.340,1.600,0.000,0.000,1.0
2010-11-07,02:26:00,0.394,0.106,243.240,1.800,0.000,0.000,1.0
2010-11-07,02:27:00,0.446,0.218,243.590,2.000,0.000,0.000,0.0
2010-11-07,02:28:00,0.450,0.218,243.880,2.000,0.000,1.000,1.0
2010-11-07,02:29:00,0.446,0.216,243.460,2.000,0.000,2.000,1.0
2010-11-07,02:30:00,0.444,0.214,243.040,2.000,0.000,1.000,0.0
2010-11-07,02:31:00,0.436,0.198,243.460,2.000,0.000,2.000,1.0
2010-11-07,02:32:00,0.352,0.078,243.580,1.400,0.000,1.000,1.0
2010-11-07,02:33:00,0.352,0.076,243.150,1.400,0.000,1.000,0.0
2010-11-07,02:34:00,0.384,0.100,242.920,1.800,0.000,2.000,1.0
2010-11-07,02:35:00,0.432,0.186,243.800,1.800,0.000,1.000,1.0
2010-11-07,02:36:00,0.432,0.186,243.960,1.800,0.000,1.000,0.0
2010-11-07,02:37:00,0.436,0.192,244.950,1.800,0.000,2.000,1.0
2010-11-07,02:38:00,0.434,0.190,244.700,1.800,0.000,1.000,1.0
2010-11-07,02:39:00,0.430,0.186,243.900,1.800,0.000,2.000,0.0
2010-11-07,02:40:00,0.430,0.186,243.870,1.800,0.000,1.000,1.0
2010-11-07,02:41:00,0.428,0.186,244.030,1.800,0.000,1.000,1.0
2010-11-07,02:42:00,0.426,0.184,243.770,1.800,0.000,2.000,0.0
2010-11-07,02:43:00,0.420,0.180,244.230,1.800,0.000,1.000,1.0
2010-11-07,02:44:00,0.354,0.080,244.270,1.400,0.000,1.000,1.0
2010-11-07,02:45:00,0.352,0.078,243.980,1.400,0.000,2.000,0.0
2010-11-07,02:46:00,0.350,0.078,243.680,1.400,0.000,1.000,1.0
2010-11-07,02:47:00,0.350,0.078,243.780,1.400,0.000,1.000,1.0
2010-11-07,02:48:00,0.348,0.080,243.990,1.400,0.000,2.000,0.0
2010-11-07,02:49:00,0.348,0.078,243.770,1.400,0.000,1.000,1.0
2010-11-07,02:50:00,0.348,0.082,244.290,1.400,0.000,1.000,1.0
2010-11-07,02:51:00,0.416,0.152,244.520,1.800,0.000,2.000,0.0
2010-11-07,02:52:00,0.458,0.220,244.340,2.000,0.000,1.000,1.0
2010-11-07,02:53:00,0.452,0.218,244.240,2.000,0.000,1.000,1.0
2010-11-07,02:54:00,0.452,0.224,245.070,2.000,0.000,1.000,0.0
2010-11-07,02:55:00,0.450,0.224,245.020,2.000,0.000,1.000,1.0
2010-11-07,02:56:00,0.448,0.224,244.830,2.000,0.000,2.000,1.0
2010-11-07,02:57:00,0.446,0.222,244.810,2.000,0.000,1.000,0.0
2010-11-07,02:58:00,0.444,0.222,244.750,2.000,0.000,1.000,1.0
2010-11-07,02:59:00,0.444,0.224,244.870,2.000,0.000,1.000,0.0
2010-11-07,03:00:00,0.440,0.222,244.430,2.000,0.000,2.000,1.0
2010-11-07,03:01:00,0.440,0.222,244.520,2.000,0.000,1.000,1.0
2010-11-07,03:02:00,0.440,0.220,244.460,2.000,0.000,1.000,0.0
2010-11-07,03:03:00,0.438,0.220,244.280,2.000,0.000,1.000,1.0
2010-11-07,03:04:00,0.438,0.218,244.010,2.000,0.000,1.000,1.0
2010-11-07,03:05:00,0.348,0.086,244.030,1.400,0.000,1.000,0.0
2010-11-07,03:06:00,0.342,0.080,243.930,1.400,0.000,2.000,1.0
2010-11-07,03:07:00,0.342,0.080,244.090,1.400,0.000,1.000,1.0
2010-11-07,03:08:00,0.418,0.162,243.950,1.800,0.000,1.000,0.0
2010-11-07,03:09:00,0.418,0.186,243.840,1.800,0.000,1.000,1.0
2010-11-07,03:10:00,0.418,0.186,243.960,1.800,0.000,1.000,1.0
2010-11-07,03:11:00,0.418,0.186,243.860,1.800,0.000,1.000,0.0
2010-11-07,03:12:00,0.418,0.186,244.070,1.800,0.000,2.000,1.0
2010-11-07,03:13:00,0.416,0.186,244.020,1.800,0.000,1.000,1.0
2010-11-07,03:14:00,0.414,0.186,244.010,1.800,0.000,1.000,0.0
2010-11-07,03:15:00,0.414,0.186,244.020,1.800,0.000,1.000,1.0
2010-11-07,03:16:00,0.412,0.186,244.070,1.800,0.000,1.000,1.0
2010-11-07,03:17:00,0.344,0.084,244.490,1.400,0.000,1.000,0.0
2010-11-07,03:18:00,0.342,0.080,244.380,1.400,0.000,2.000,1.0
2010-11-07,03:19:00,0.342,0.080,244.310,1.400,0.000,1.000,1.0
2010-11-07,03:20:00,0.342,0.080,244.190,1.400,0.000,1.000,0.0
2010-11-07,03:21:00,0.342,0.080,244.200,1.400,0.000,1.000,1.0
2010-11-07,03:22:00,0.342,0.080,244.250,1.400,0.000,1.000,1.0
2010-11-07,03:23:00,0.342,0.080,244.250,1.400,0.000,1.000,0.0
2010-11-07,03:24:00,0.368,0.100,244.310,1.600,0.000,2.000,1.0
2010-11-07,03:25:00,0.452,0.218,244.260,2.000,0.000,1.000,1.0
2010-11-07,03:26:00,0.450,0.220,244.510,2.000,0.000,1.000,0.0
2010-11-07,03:27:00,0.448,0.224,245.270,2.000,0.000,1.000,1.0
2010-11-07,03:28:00,0.448,0.226,245.640,2.000,0.000,1.000,1.0
2010-11-07,03:29:00,0.448,0.228,245.810,2.000,0.000,1.000,0.0
2010-11-07,03:30:00,0.446,0.228,245.800,2.000,0.000,2.000,1.0
2010-11-07,03:31:00,0.444,0.226,245.620,2.000,0.000,1.000,1.0
2010-11-07,03:32:00,0.442,0.226,245.500,2.000,0.000,1.000,0.0
2010-11-07,03:33:00,0.440,0.224,245.100,2.000,0.000,1.000,1.0
2010-11-07,03:34:00,0.440,0.224,245.180,2.000,0.000,1.000,1.0
2010-11-07,03:35:00,0.438,0.224,245.090,2.000,0.000,1.000,0.0
2010-11-07,03:36:00,0.438,0.222,244.900,2.000,0.000,2.000,1.0
2010-11-07,03:37:00,0.438,0.222,244.770,2.000,0.000,1.000,1.0
2010-11-07,03:38:00,0.376,0.132,245.170,1.600,0.000,1.000,0.0
2010-11-07,03:39:00,0.344,0.084,245.480,1.400,0.000,1.000,1.0
2010-11-07,03:40:00,0.344,0.084,245.260,1.400,0.000,1.000,1.0
2010-11-07,03:41:00,0.344,0.086,245.820,1.400,0.000,1.000,0.0
2010-11-07,03:42:00,0.432,0.186,246.240,2.000,0.000,2.000,1.0
2010-11-07,03:43:00,0.422,0.196,246.180,1.800,0.000,1.000,1.0
2010-11-07,03:44:00,0.422,0.196,245.910,1.800,0.000,1.000,0.0
2010-11-07,03:45:00,0.422,0.192,245.480,1.800,0.000,1.000,1.0
2010-11-07,03:46:00,0.418,0.192,245.330,1.800,0.000,1.000,1.0
2010-11-07,03:47:00,0.418,0.192,245.300,1.800,0.000,1.000,0.0
2010-11-07,03:48:00,0.416,0.192,245.100,1.800,0.000,1.000,1.0
2010-11-07,03:49:00,0.414,0.190,244.740,1.800,0.000,2.000,1.0
2010-11-07,03:50:00,0.398,0.168,244.780,1.800,0.000,1.000,0.0
2010-11-07,03:51:00,0.342,0.082,244.930,1.400,0.000,1.000,1.0
2010-11-07,03:52:00,0.342,0.082,244.750,1.400,0.000,1.000,1.0
2010-11-07,03:53:00,0.342,0.082,244.770,1.400,0.000,1.000,0.0
2010-11-07,03:54:00,0.342,0.082,244.980,1.400,0.000,1.000,1.0
2010-11-07,03:55:00,0.342,0.082,245.090,1.400,0.000,2.000,1.0
2010-11-07,03:56:00,0.342,0.082,244.940,1.400,0.000,1.000,0.0
2010-11-07,03:57:00,0.342,0.080,244.540,1.400,0.000,1.000,1.0
2010-11-07,03:58:00,0.422,0.168,244.570,1.800,0.000,1.000,1.0
2010-11-07,03:59:00,0.450,0.220,244.520,2.000,0.000,1.000,0.0
2010-11-07,04:00:00,0.448,0.222,244.790,2.000,0.000,1.000,1.0
2010-11-07,04:01:00,0.448,0.224,245.170,2.000,0.000,1.000,1.0
2010-11-07,04:02:00,0.446,0.224,245.240,2.000,0.000,2.000,0.0
2010-11-07,04:03:00,0.444,0.224,245.210,2.000,0.000,1.000,1.0
2010-11-07,04:04:00,0.442,0.224,245.000,2.000,0.000,1.000,1.0
2010-11-07,04:05:00,0.442,0.224,245.220,2.000,0.000,1.000,0.0
2010-11-07,04:06:00,0.440,0.224,244.990,2.000,0.000,1.000,1.0
2010-11-07,04:07:00,0.440,0.222,244.930,2.000,0.000,1.000,1.0
2010-11-07,04:08:00,0.438,0.224,245.070,2.000,0.000,1.000,0.0
2010-11-07,04:09:00,0.438,0.222,244.980,2.000,0.000,2.000,1.0
2010-11-07,04:10:00,0.438,0.224,244.980,2.000,0.000,1.000,1.0
2010-11-07,04:11:00,0.412,0.186,244.900,1.800,0.000,1.000,0.0
2010-11-07,04:12:00,0.344,0.084,245.250,1.400,0.000,1.000,1.0
2010-11-07,04:13:00,0.342,0.082,244.910,1.400,0.000,1.000,1.0
2010-11-07,04:14:00,0.342,0.082,244.660,1.400,0.000,1.000,0.0
2010-11-07,04:15:00,0.342,0.080,244.380,1.400,0.000,1.000,1.0
2010-11-07,04:16:00,0.410,0.154,244.260,1.800,0.000,1.000,0.0
2010-11-07,04:17:00,0.418,0.188,244.580,1.800,0.000,2.000,1.0
2010-11-07,04:18:00,0.420,0.190,244.810,1.800,0.000,1.000,1.0
2010-11-07,04:19:00,0.420,0.192,245.260,1.800,0.000,1.000,0.0
2010-11-07,04:20:00,0.418,0.192,244.980,1.800,0.000,1.000,1.0
2010-11-07,04:21:00,0.416,0.190,244.620,1.800,0.000,1.000,1.0
2010-11-07,04:22:00,0.350,0.070,245.230,1.400,0.000,0.000,0.0
2010-11-07,04:23:00,0.346,0.066,245.210,1.400,0.000,0.000,1.0
2010-11-07,04:24:00,0.342,0.060,245.470,1.400,0.000,0.000,1.0
2010-11-07,04:25:00,0.738,0.210,245.170,3.400,0.000,0.000,7.0
2010-11-07,04:26:00,0.864,0.262,244.940,3.600,0.000,0.000,11.0
2010-11-07,04:27:00,0.898,0.260,244.880,3.800,0.000,0.000,11.0
2010-11-07,04:28:00,0.920,0.260,245.060,3.800,0.000,0.000,11.0
2010-11-07,04:29:00,0.930,0.262,245.390,3.800,0.000,0.000,12.0
2010-11-07,04:30:00,0.936,0.262,245.470,4.000,0.000,0.000,11.0
2010-11-07,04:31:00,0.978,0.300,245.300,4.200,0.000,0.000,12.0
2010-11-07,04:32:00,1.046,0.404,245.590,4.600,0.000,0.000,12.0
2010-11-07,04:33:00,1.040,0.400,245.220,4.400,0.000,0.000,11.0
2010-11-07,04:34:00,1.034,0.396,244.740,4.400,0.000,0.000,12.0
2010-11-07,04:35:00,1.038,0.404,245.570,4.400,0.000,0.000,12.0
2010-11-07,04:36:00,0.636,0.222,245.790,3.000,0.000,0.000,6.0
2010-11-07,04:37:00,0.374,0.100,245.410,1.600,0.000,0.000,0.0
2010-11-07,04:38:00,0.374,0.102,245.610,1.600,0.000,0.000,1.0
2010-11-07,04:39:00,0.372,0.100,245.250,1.600,0.000,0.000,1.0
2010-11-07,04:40:00,0.370,0.100,245.070,1.600,0.000,0.000,0.0
2010-11-07,04:41:00,0.370,0.098,244.910,1.600,0.000,0.000,1.0
2010-11-07,04:42:00,0.368,0.098,244.830,1.600,0.000,0.000,1.0
2010-11-07,04:43:00,0.368,0.098,244.690,1.600,0.000,0.000,0.0
2010-11-07,04:44:00,0.368,0.098,244.670,1.600,0.000,0.000,1.0
2010-11-07,04:45:00,0.278,0.000,244.890,1.200,0.000,0.000,1.0
2010-11-07,04:46:00,0.272,0.000,244.600,1.200,0.000,0.000,0.0
2010-11-07,04:47:00,0.272,0.000,244.550,1.200,0.000,0.000,1.0
2010-11-07,04:48:00,0.272,0.000,244.740,1.200,0.000,0.000,1.0
2010-11-07,04:49:00,0.270,0.000,244.040,1.200,0.000,0.000,0.0
2010-11-07,04:50:00,0.300,0.000,244.060,1.400,0.000,0.000,1.0
2010-11-07,04:51:00,0.348,0.062,243.890,1.400,0.000,0.000,1.0
2010-11-07,04:52:00,0.348,0.062,243.910,1.400,0.000,0.000,0.0
2010-11-07,04:53:00,0.348,0.062,243.740,1.400,0.000,0.000,1.0
2010-11-07,04:54:00,0.348,0.062,243.880,1.400,0.000,0.000,1.0
2010-11-07,04:55:00,0.348,0.064,244.130,1.400,0.000,0.000,0.0
2010-11-07,04:56:00,0.346,0.062,244.150,1.400,0.000,0.000,1.0
2010-11-07,04:57:00,0.344,0.062,244.100,1.400,0.000,0.000,0.0
2010-11-07,04:58:00,0.344,0.064,244.370,1.400,0.000,0.000,1.0
2010-11-07,04:59:00,0.298,0.000,244.510,1.200,0.000,0.000,1.0
2010-11-07,05:00:00,0.274,0.000,244.990,1.200,0.000,0.000,0.0
2010-11-07,05:01:00,0.274,0.000,245.350,1.200,0.000,0.000,1.0
2010-11-07,05:02:00,0.274,0.000,245.650,1.200,0.000,0.000,1.0
2010-11-07,05:03:00,0.274,0.000,245.200,1.200,0.000,0.000,0.0
2010-11-07,05:04:00,0.274,0.000,245.260,1.200,0.000,0.000,1.0
2010-11-07,05:05:00,0.362,0.056,244.990,1.600,0.000,0.000,1.0
2010-11-07,05:06:00,0.382,0.096,244.530,1.600,0.000,0.000,0.0
2010-11-07,05:07:00,0.378,0.094,244.410,1.600,0.000,0.000,1.0
2010-11-07,05:08:00,0.376,0.096,244.370,1.600,0.000,0.000,1.0
2010-11-07,05:09:00,0.374,0.094,244.220,1.600,0.000,0.000,0.0
2010-11-07,05:10:00,0.374,0.096,244.650,1.600,0.000,0.000,1.0
2010-11-07,05:11:00,0.372,0.096,244.470,1.600,0.000,0.000,1.0
2010-11-07,05:12:00,0.370,0.094,244.320,1.600,0.000,0.000,0.0
2010-11-07,05:13:00,0.370,0.094,244.160,1.600,0.000,0.000,1.0
2010-11-07,05:14:00,0.368,0.094,244.420,1.600,0.000,0.000,1.0
2010-11-07,05:15:00,0.366,0.090,243.380,1.600,0.000,0.000,0.0
2010-11-07,05:16:00,0.366,0.092,243.520,1.600,0.000,0.000,1.0
2010-11-07,05:17:00,0.366,0.092,243.450,1.600,0.000,0.000,1.0
2010-11-07,05:18:00,0.318,0.000,243.460,1.400,0.000,0.000,0.0
2010-11-07,05:19:00,0.270,0.000,243.330,1.200,0.000,0.000,1.0
2010-11-07,05:20:00,0.270,0.000,243.180,1.200,0.000,0.000,1.0
2010-11-07,05:21:00,0.270,0.000,243.330,1.200,0.000,0.000,0.0
2010-11-07,05:22:00,0.270,0.000,243.360,1.200,0.000,0.000,1.0
2010-11-07,05:23:00,0.270,0.000,243.310,1.200,0.000,0.000,1.0
2010-11-07,05:24:00,0.270,0.000,243.640,1.200,0.000,0.000,0.0
2010-11-07,05:25:00,0.312,0.000,243.680,1.400,0.000,0.000,1.0
2010-11-07,05:26:00,0.348,0.062,243.690,1.400,0.000,0.000,1.0
2010-11-07,05:27:00,0.348,0.062,243.820,1.400,0.000,0.000,0.0
2010-11-07,05:28:00,0.350,0.062,243.990,1.400,0.000,0.000,1.0
2010-11-07,05:29:00,0.348,0.062,244.030,1.400,0.000,0.000,1.0
2010-11-07,05:30:00,0.346,0.062,244.060,1.400,0.000,0.000,0.0
2010-11-07,05:31:00,0.344,0.062,243.910,1.400,0.000,0.000,1.0
2010-11-07,05:32:00,0.342,0.060,243.590,1.400,0.000,0.000,1.0
2010-11-07,05:33:00,0.336,0.052,243.790,1.400,0.000,0.000,0.0
2010-11-07,05:34:00,0.272,0.000,244.320,1.200,0.000,0.000,1.0
2010-11-07,05:35:00,0.272,0.000,244.340,1.200,0.000,0.000,1.0
2010-11-07,05:36:00,0.272,0.000,244.030,1.200,0.000,0.000,0.0
2010-11-07,05:37:00,0.270,0.000,243.660,1.200,0.000,0.000,1.0
2010-11-07,05:38:00,0.306,0.000,242.930,1.400,0.000,0.000,1.0
2010-11-07,05:39:00,0.380,0.090,243.060,1.600,0.000,0.000,0.0
2010-11-07,05:40:00,0.376,0.090,243.080,1.600,0.000,0.000,1.0
2010-11-07,05:41:00,0.374,0.088,242.900,1.600,0.000,0.000,1.0
2010-11-07,05:42:00,0.372,0.090,242.950,1.600,0.000,0.000,0.0
2010-11-07,05:43:00,0.370,0.088,242.980,1.600,0.000,0.000,1.0
2010-11-07,05:44:00,0.368,0.088,242.670,1.600,0.000,0.000,0.0
2010-11-07,05:45:00,0.366,0.088,242.510,1.600,0.000,0.000,1.0
2010-11-07,05:46:00,0.368,0.092,243.480,1.600,0.000,0.000,1.0
2010-11-07,05:47:00,0.370,0.096,244.520,1.600,0.000,0.000,0.0
2010-11-07,05:48:00,0.370,0.096,244.600,1.600,0.000,0.000,1.0
2010-11-07,05:49:00,0.374,0.096,244.650,1.600,0.000,0.000,1.0
2010-11-07,05:50:00,0.376,0.098,244.990,1.600,0.000,0.000,0.0
2010-11-07,05:51:00,0.362,0.078,245.460,1.400,0.000,0.000,1.0
2010-11-07,05:52:00,0.282,0.000,245.860,1.200,0.000,0.000,1.0
2010-11-07,05:53:00,0.282,0.000,246.200,1.200,0.000,0.000,0.0
2010-11-07,05:54:00,0.282,0.000,246.330,1.200,0.000,0.000,1.0
2010-11-07,05:55:00,0.282,0.000,246.330,1.200,0.000,0.000,1.0
2010-11-07,05:56:00,0.280,0.000,245.880,1.200,0.000,0.000,0.0
2010-11-07,05:57:00,0.280,0.000,245.360,1.200,0.000,0.000,1.0
2010-11-07,05:58:00,0.280,0.000,245.290,1.200,0.000,0.000,1.0
2010-11-07,05:59:00,0.278,0.000,245.250,1.200,0.000,0.000,0.0
2010-11-07,06:00:00,0.324,0.000,244.790,1.400,0.000,0.000,1.0
2010-11-07,06:01:00,0.354,0.062,244.060,1.400,0.000,0.000,1.0
2010-11-07,06:02:00,0.356,0.064,244.730,1.400,0.000,0.000,0.0
2010-11-07,06:03:00,0.356,0.064,244.740,1.400,0.000,0.000,1.0
2010-11-07,06:04:00,0.354,0.064,244.590,1.400,0.000,0.000,1.0
2010-11-07,06:05:00,0.352,0.064,244.460,1.400,0.000,0.000,0.0
2010-11-07,06:06:00,0.350,0.064,244.310,1.400,0.000,0.000,1.0
2010-11-07,06:07:00,0.348,0.062,244.100,1.400,0.000,0.000,1.0
2010-11-07,06:08:00,0.344,0.056,244.290,1.400,0.000,0.000,0.0
2010-11-07,06:09:00,0.276,0.000,244.370,1.200,0.000,0.000,1.0
2010-11-07,06:10:00,0.276,0.000,243.750,1.200,0.000,0.000,1.0
2010-11-07,06:11:00,0.274,0.000,243.580,1.200,0.000,0.000,0.0
2010-11-07,06:12:00,0.384,0.074,243.730,1.600,0.000,0.000,1.0
2010-11-07,06:13:00,0.384,0.092,243.710,1.600,0.000,0.000,1.0
2010-11-07,06:14:00,0.380,0.090,243.640,1.600,0.000,0.000,0.0
2010-11-07,06:15:00,0.378,0.090,243.320,1.600,0.000,0.000,1.0
2010-11-07,06:16:00,0.378,0.090,243.640,1.600,0.000,0.000,1.0
2010-11-07,06:17:00,0.376,0.090,243.620,1.600,0.000,0.000,0.0
2010-11-07,06:18:00,0.376,0.092,244.000,1.600,0.000,0.000,1.0
2010-11-07,06:19:00,0.374,0.090,243.590,1.600,0.000,0.000,1.0
2010-11-07,06:20:00,0.372,0.090,243.750,1.600,0.000,0.000,0.0
2010-11-07,06:21:00,0.372,0.090,243.450,1.600,0.000,0.000,1.0
2010-11-07,06:22:00,0.370,0.090,243.580,1.600,0.000,0.000,1.0
2010-11-07,06:23:00,0.368,0.088,243.060,1.600,0.000,0.000,0.0
2010-11-07,06:24:00,0.368,0.088,243.160,1.600,0.000,0.000,1.0
2010-11-07,06:25:00,0.306,0.000,243.410,1.200,0.000,0.000,1.0
2010-11-07,06:26:00,0.266,0.046,243.420,1.000,0.000,0.000,0.0
2010-11-07,06:27:00,0.268,0.046,243.360,1.000,0.000,0.000,1.0
2010-11-07,06:28:00,0.268,0.046,243.400,1.200,0.000,0.000,1.0
2010-11-07,06:29:00,0.274,0.046,242.850,1.200,0.000,0.000,0.0
2010-11-07,06:30:00,0.272,0.046,243.000,1.200,0.000,0.000,1.0
2010-11-07,06:31:00,0.272,0.046,243.490,1.200,0.000,0.000,0.0
2010-11-07,06:32:00,0.266,0.046,243.510,1.000,0.000,0.000,1.0
2010-11-07,06:33:00,0.266,0.046,243.330,1.000,0.000,0.000,1.0
2010-11-07,06:34:00,0.268,0.046,243.600,1.000,0.000,0.000,0.0
2010-11-07,06:35:00,0.268,0.046,243.690,1.000,0.000,0.000,1.0
2010-11-07,06:36:00,0.362,0.052,243.310,1.600,0.000,0.000,1.0
2010-11-07,06:37:00,0.352,0.060,243.770,1.400,0.000,0.000,0.0
2010-11-07,06:38:00,0.352,0.062,244.530,1.400,0.000,0.000,1.0
2010-11-07,06:39:00,0.346,0.060,244.080,1.400,0.000,0.000,1.0
2010-11-07,06:40:00,0.346,0.060,244.200,1.400,0.000,0.000,0.0
2010-11-07,06:41:00,0.342,0.060,243.720,1.400,0.000,0.000,1.0
2010-11-07,06:42:00,0.342,0.058,243.250,1.400,0.000,0.000,1.0
2010-11-07,06:43:00,0.346,0.058,243.070,1.400,0.000,0.000,0.0
2010-11-07,06:44:00,0.314,0.000,243.190,1.200,0.000,0.000,1.0
2010-11-07,06:45:00,0.350,0.000,242.910,1.600,0.000,0.000,1.0
2010-11-07,06:46:00,0.376,0.086,242.560,1.600,0.000,0.000,0.0
2010-11-07,06:47:00,0.372,0.086,242.610,1.600,0.000,0.000,1.0
2010-11-07,06:48:00,0.370,0.086,242.800,1.600,0.000,0.000,1.0
2010-11-07,06:49:00,0.374,0.084,242.110,1.600,0.000,0.000,0.0
2010-11-07,06:50:00,0.372,0.082,241.770,1.600,0.000,0.000,1.0
2010-11-07,06:51:00,0.370,0.084,241.900,1.600,0.000,0.000,1.0
2010-11-07,06:52:00,0.362,0.082,241.910,1.400,0.000,0.000,0.0
2010-11-07,06:53:00,0.360,0.082,241.660,1.400,0.000,0.000,1.0
2010-11-07,06:54:00,0.362,0.084,242.280,1.400,0.000,0.000,1.0
2010-11-07,06:55:00,0.364,0.084,242.340,1.600,0.000,0.000,0.0
2010-11-07,06:56:00,0.368,0.084,242.320,1.600,0.000,0.000,1.0
2010-11-07,06:57:00,0.366,0.084,242.200,1.600,0.000,0.000,0.0
2010-11-07,06:58:00,0.340,0.054,242.110,1.400,0.000,0.000,1.0
2010-11-07,06:59:00,0.264,0.050,241.680,1.000,0.000,0.000,1.0
2010-11-07,07:00:00,0.262,0.050,241.460,1.000,0.000,0.000,0.0
2010-11-07,07:01:00,0.264,0.050,241.790,1.000,0.000,0.000,1.0
2010-11-07,07:02:00,0.270,0.048,242.130,1.200,0.000,0.000,1.0
2010-11-07,07:03:00,0.270,0.048,242.050,1.200,0.000,0.000,0.0
2010-11-07,07:04:00,0.270,0.048,242.380,1.200,0.000,0.000,1.0
2010-11-07,07:05:00,0.264,0.048,242.150,1.000,0.000,0.000,1.0
2010-11-07,07:06:00,0.266,0.046,242.870,1.000,0.000,0.000,0.0
2010-11-07,07:07:00,0.264,0.048,242.210,1.000,0.000,0.000,1.0
2010-11-07,07:08:00,0.268,0.048,242.220,1.200,0.000,0.000,1.0
2010-11-07,07:09:00,0.272,0.048,242.540,1.200,0.000,0.000,0.0
2010-11-07,07:10:00,0.272,0.048,242.350,1.200,0.000,0.000,1.0
2010-11-07,07:11:00,0.310,0.000,241.940,1.400,0.000,0.000,1.0
2010-11-07,07:12:00,0.340,0.054,241.970,1.400,0.000,0.000,0.0
2010-11-07,07:13:00,0.340,0.052,241.480,1.400,0.000,0.000,1.0
2010-11-07,07:14:00,1.248,0.000,240.810,5.400,0.000,0.000,14.0
2010-11-07,07:15:00,1.458,0.000,240.800,6.000,0.000,0.000,19.0
2010-11-07,07:16:00,1.448,0.000,241.440,6.000,0.000,0.000,19.0
2010-11-07,07:17:00,1.426,0.000,240.870,5.800,0.000,0.000,19.0
2010-11-07,07:18:00,1.416,0.000,240.920,5.800,0.000,0.000,18.0
2010-11-07,07:19:00,1.532,0.174,240.840,6.400,0.000,0.000,19.0
2010-11-07,07:20:00,1.460,0.090,241.090,6.000,0.000,0.000,18.0
2010-11-07,07:21:00,1.448,0.070,240.930,6.000,0.000,0.000,19.0
2010-11-07,07:22:00,1.444,0.070,240.680,6.000,0.000,0.000,18.0
2010-11-07,07:23:00,1.448,0.072,241.410,6.000,0.000,0.000,19.0
2010-11-07,07:24:00,1.440,0.072,241.420,5.800,0.000,0.000,18.0
2010-11-07,07:25:00,1.438,0.072,241.450,5.800,0.000,0.000,19.0
2010-11-07,07:26:00,1.438,0.072,241.480,5.800,0.000,0.000,18.0
2010-11-07,07:27:00,1.432,0.070,240.880,5.800,0.000,0.000,19.0
2010-11-07,07:28:00,1.442,0.072,241.290,6.000,0.000,0.000,18.0
2010-11-07,07:29:00,1.488,0.114,241.710,6.200,0.000,0.000,19.0
2010-11-07,07:30:00,1.522,0.198,241.910,6.200,0.000,1.000,18.0
2010-11-07,07:31:00,1.526,0.200,242.450,6.200,0.000,1.000,19.0
2010-11-07,07:32:00,1.494,0.146,243.310,6.000,0.000,1.000,19.0
2010-11-07,07:33:00,1.438,0.066,243.210,5.800,0.000,2.000,19.0
2010-11-07,07:34:00,1.440,0.066,242.960,5.800,0.000,1.000,18.0
2010-11-07,07:35:00,1.446,0.066,243.090,5.800,0.000,2.000,19.0
2010-11-07,07:36:00,1.444,0.066,242.860,5.800,0.000,1.000,19.0
2010-11-07,07:37:00,1.438,0.066,242.910,5.800,0.000,1.000,18.0
2010-11-07,07:38:00,1.432,0.064,242.480,5.800,0.000,2.000,19.0
2010-11-07,07:39:00,1.428,0.062,242.010,5.800,0.000,1.000,19.0
2010-11-07,07:40:00,1.422,0.060,241.460,5.800,0.000,1.000,18.0
2010-11-07,07:41:00,1.424,0.060,241.010,5.800,0.000,2.000,19.0
2010-11-07,07:42:00,1.426,0.060,241.220,5.800,0.000,1.000,18.0
2010-11-07,07:43:00,1.424,0.058,241.080,5.800,0.000,2.000,19.0
2010-11-07,07:44:00,1.416,0.058,240.910,5.800,0.000,1.000,18.0
2010-11-07,07:45:00,1.288,0.060,241.210,5.400,0.000,1.000,18.0
2010-11-07,07:46:00,0.346,0.072,241.710,1.400,0.000,2.000,0.0
2010-11-07,07:47:00,0.410,0.136,241.880,1.800,0.000,1.000,1.0
2010-11-07,07:48:00,0.426,0.176,241.710,1.800,0.000,1.000,1.0
2010-11-07,07:49:00,0.428,0.176,241.930,1.800,0.000,2.000,0.0
2010-11-07,07:50:00,0.422,0.176,241.780,1.800,0.000,1.000,1.0
2010-11-07,07:51:00,0.782,0.278,241.710,3.400,0.000,1.000,1.0
2010-11-07,07:52:00,1.638,0.206,240.450,7.200,0.000,1.000,0.0
2010-11-07,07:53:00,0.698,0.302,241.070,3.200,0.000,2.000,1.0
2010-11-07,07:54:00,0.766,0.324,241.900,3.800,0.000,1.000,1.0
2010-11-07,07:55:00,1.422,0.338,240.880,6.600,0.000,1.000,0.0
2010-11-07,07:56:00,1.372,0.246,240.730,6.400,0.000,1.000,1.0
2010-11-07,07:57:00,1.336,0.238,240.760,6.200,0.000,2.000,1.0
2010-11-07,07:58:00,1.286,0.234,240.730,6.000,0.000,1.000,0.0
2010-11-07,07:59:00,0.588,0.200,241.000,2.800,0.000,1.000,1.0
2010-11-07,08:00:00,0.542,0.202,241.010,2.400,0.000,1.000,0.0
2010-11-07,08:01:00,0.578,0.202,241.270,2.400,0.000,1.000,1.0
2010-11-07,08:02:00,0.602,0.202,241.220,2.600,0.000,2.000,1.0
2010-11-07,08:03:00,0.598,0.202,241.250,2.600,0.000,1.000,0.0
2010-11-07,08:04:00,0.598,0.200,241.280,2.600,0.000,1.000,1.0
2010-11-07,08:05:00,0.594,0.200,241.390,2.600,0.000,1.000,1.0
2010-11-07,08:06:00,0.562,0.144,242.430,2.400,0.000,1.000,0.0
2010-11-07,08:07:00,0.506,0.070,242.620,2.000,0.000,2.000,1.0
2010-11-07,08:08:00,0.506,0.074,243.270,2.000,0.000,1.000,1.0
2010-11-07,08:09:00,0.504,0.074,243.320,2.000,0.000,1.000,0.0
2010-11-07,08:10:00,0.510,0.074,243.060,2.200,0.000,1.000,1.0
2010-11-07,08:11:00,0.510,0.070,242.520,2.200,0.000,1.000,1.0
2010-11-07,08:12:00,0.510,0.068,241.940,2.200,0.000,1.000,0.0
2010-11-07,08:13:00,0.506,0.070,242.140,2.000,0.000,2.000,1.0
2010-11-07,08:14:00,0.500,0.066,241.280,2.000,0.000,1.000,1.0
2010-11-07,08:15:00,0.502,0.066,241.100,2.000,0.000,1.000,0.0
2010-11-07,08:16:00,0.496,0.066,240.590,2.000,0.000,1.000,1.0
2010-11-07,08:17:00,0.508,0.062,240.080,2.200,0.000,1.000,0.0
2010-11-07,08:18:00,0.512,0.066,240.670,2.200,0.000,1.000,1.0
2010-11-07,08:19:00,0.508,0.070,241.880,2.200,0.000,1.000,1.0
2010-11-07,08:20:00,0.500,0.068,241.450,2.000,0.000,2.000,0.0
2010-11-07,08:21:00,0.586,0.158,242.100,2.600,0.000,1.000,1.0
2010-11-07,08:22:00,0.580,0.178,242.810,2.400,0.000,1.000,1.0
2010-11-07,08:23:00,0.580,0.176,242.750,2.400,0.000,1.000,0.0
2010-11-07,08:24:00,0.582,0.178,242.720,2.400,0.000,1.000,1.0
2010-11-07,08:25:00,0.588,0.174,241.760,2.600,0.000,1.000,1.0
2010-11-07,08:26:00,0.644,0.238,242.550,2.800,0.000,2.000,0.0
2010-11-07,08:27:00,0.590,0.316,242.800,2.800,0.000,1.000,1.0
2010-11-07,08:28:00,0.584,0.322,243.710,2.800,0.000,1.000,1.0
2010-11-07,08:29:00,0.544,0.318,243.170,2.600,0.000,1.000,0.0
2010-11-07,08:30:00,0.440,0.216,243.070,2.000,0.000,1.000,1.0
2010-11-07,08:31:00,0.438,0.216,243.370,2.000,0.000,1.000,1.0
2010-11-07,08:32:00,0.822,0.412,242.430,4.000,0.000,2.000,6.0
2010-11-07,08:33:00,1.012,0.488,241.440,4.600,0.000,1.000,10.0
2010-11-07,08:34:00,1.044,0.496,242.070,4.800,0.000,1.000,11.0
2010-11-07,08:35:00,1.062,0.492,242.000,4.800,0.000,1.000,11.0
2010-11-07,08:36:00,1.068,0.482,241.350,4.800,0.000,1.000,11.0
2010-11-07,08:37:00,1.072,0.476,240.860,4.800,0.000,1.000,12.0
2010-11-07,08:38:00,1.072,0.472,240.520,4.800,0.000,1.000,11.0
2010-11-07,08:39:00,1.134,0.474,240.790,5.000,0.000,2.000,12.0
2010-11-07,08:40:00,1.050,0.402,241.320,4.600,0.000,1.000,11.0
2010-11-07,08:41:00,1.014,0.332,241.570,4.400,0.000,1.000,12.0
2010-11-07,08:42:00,1.012,0.334,241.590,4.400,0.000,1.000,11.0
2010-11-07,08:43:00,0.740,0.222,241.500,3.400,0.000,1.000,8.0
2010-11-07,08:44:00,0.448,0.056,241.440,1.800,0.000,1.000,1.0
2010-11-07,08:45:00,0.468,0.054,241.560,2.000,0.000,1.000,0.0
2010-11-07,08:46:00,0.474,0.056,242.250,2.000,0.000,2.000,1.0
2010-11-07,08:47:00,0.484,0.058,242.860,2.000,0.000,1.000,1.0
2010-11-07,08:48:00,0.458,0.074,243.060,1.800,0.000,1.000,0.0
2010-11-07,08:49:00,0.452,0.070,242.350,1.800,0.000,1.000,1.0
2010-11-07,08:50:00,0.446,0.070,242.030,1.800,0.000,1.000,1.0
2010-11-07,08:51:00,0.448,0.070,242.250,1.800,0.000,1.000,0.0
2010-11-07,08:52:00,0.448,0.070,241.940,1.800,0.000,1.000,1.0
2010-11-07,08:53:00,0.458,0.068,241.670,1.800,0.000,2.000,0.0
2010-11-07,08:54:00,0.444,0.068,241.370,1.800,0.000,1.000,1.0
2010-11-07,08:55:00,0.452,0.070,241.790,1.800,0.000,1.000,1.0
2010-11-07,08:56:00,0.494,0.108,243.850,2.200,0.000,1.000,0.0
2010-11-07,08:57:00,0.436,0.190,244.000,2.000,0.000,1.000,1.0
2010-11-07,08:58:00,0.414,0.186,243.220,1.800,0.000,1.000,1.0
2010-11-07,08:59:00,0.412,0.182,243.010,1.800,0.000,1.000,0.0
2010-11-07,09:00:00,0.474,0.246,242.550,2.200,0.000,2.000,1.0
2010-11-07,09:01:00,0.518,0.314,242.240,2.400,0.000,1.000,1.0
2010-11-07,09:02:00,0.518,0.310,241.570,2.400,0.000,1.000,0.0
2010-11-07,09:03:00,0.508,0.304,240.400,2.400,0.000,1.000,1.0
2010-11-07,09:04:00,0.504,0.308,240.810,2.400,0.000,1.000,1.0
2010-11-07,09:05:00,0.504,0.312,241.650,2.400,0.000,1.000,0.0
2010-11-07,09:06:00,0.458,0.248,242.100,2.200,0.000,1.000,1.0
2010-11-07,09:07:00,0.430,0.206,241.400,2.000,0.000,1.000,1.0
2010-11-07,09:08:00,0.428,0.204,240.950,2.000,0.000,2.000,0.0
2010-11-07,09:09:00,0.426,0.202,240.590,2.000,0.000,1.000,1.0
2010-11-07,09:10:00,0.432,0.202,240.640,2.000,0.000,1.000,0.0
2010-11-07,09:11:00,0.432,0.204,241.050,2.000,0.000,1.000,1.0
2010-11-07,09:12:00,0.434,0.206,241.400,2.000,0.000,1.000,1.0
2010-11-07,09:13:00,0.432,0.204,240.930,2.000,0.000,1.000,0.0
2010-11-07,09:14:00,0.376,0.126,240.390,1.600,0.000,1.000,1.0
2010-11-07,09:15:00,0.330,0.068,240.390,1.400,0.000,1.000,1.0
2010-11-07,09:16:00,0.328,0.066,239.960,1.400,0.000,2.000,0.0
2010-11-07,09:17:00,0.328,0.064,239.540,1.400,0.000,1.000,1.0
2010-11-07,09:18:00,0.328,0.064,239.330,1.400,0.000,1.000,1.0
2010-11-07,09:19:00,0.336,0.064,239.390,1.400,0.000,1.000,0.0
2010-11-07,09:20:00,0.442,0.062,240.030,1.800,0.000,1.000,1.0
2010-11-07,09:21:00,0.412,0.064,239.940,1.800,0.000,1.000,0.0
2010-11-07,09:22:00,0.570,0.050,239.910,2.400,0.000,1.000,1.0
2010-11-07,09:23:00,0.662,0.000,239.990,2.800,0.000,1.000,1.0
2010-11-07,09:24:00,0.636,0.060,240.300,2.600,0.000,2.000,0.0
2010-11-07,09:25:00,0.640,0.062,240.130,2.600,0.000,1.000,1.0
2010-11-07,09:26:00,0.638,0.060,239.620,2.600,0.000,1.000,1.0
2010-11-07,09:27:00,0.642,0.062,240.400,2.600,0.000,1.000,0.0
2010-11-07,09:28:00,0.640,0.060,240.510,2.600,0.000,1.000,1.0
2010-11-07,09:29:00,0.650,0.062,240.890,2.600,0.000,1.000,1.0
2010-11-07,09:30:00,0.666,0.062,240.880,2.800,0.000,1.000,0.0
2010-11-07,09:31:00,1.106,0.062,239.580,5.200,0.000,1.000,1.0
2010-11-07,09:32:00,2.714,0.058,237.730,11.600,0.000,2.000,11.0
2010-11-07,09:33:00,3.068,0.064,237.140,12.800,0.000,0.000,19.0
2010-11-07,09:34:00,3.134,0.132,237.740,13.200,0.000,0.000,18.0
2010-11-07,09:35:00,3.142,0.172,237.580,13.200,0.000,0.000,19.0
2010-11-07,09:36:00,3.106,0.170,236.510,13.000,0.000,0.000,18.0
2010-11-07,09:37:00,3.088,0.168,236.080,13.000,0.000,0.000,17.0
2010-11-07,09:38:00,3.092,0.170,236.650,13.000,0.000,0.000,18.0
2010-11-07,09:39:00,3.104,0.174,237.290,13.000,0.000,0.000,18.0
2010-11-07,09:40:00,3.104,0.176,237.540,13.000,0.000,0.000,18.0
2010-11-07,09:41:00,3.098,0.174,237.370,13.000,0.000,0.000,18.0
2010-11-07,09:42:00,3.068,0.146,236.900,12.800,0.000,0.000,18.0
2010-11-07,09:43:00,3.000,0.070,236.290,12.600,0.000,0.000,18.0
2010-11-07,09:44:00,3.020,0.072,237.170,12.600,0.000,0.000,18.0
2010-11-07,09:45:00,3.014,0.072,236.930,12.600,0.000,0.000,17.0
2010-11-07,09:46:00,2.994,0.068,236.100,12.600,0.000,0.000,18.0
2010-11-07,09:47:00,2.982,0.066,235.590,12.600,0.000,0.000,18.0
2010-11-07,09:48:00,2.916,0.000,235.590,12.400,0.000,0.000,17.0
2010-11-07,09:49:00,2.902,0.056,236.000,12.200,0.000,0.000,18.0
2010-11-07,09:50:00,2.886,0.058,235.360,12.200,0.000,0.000,18.0
2010-11-07,09:51:00,2.886,0.058,235.340,12.200,0.000,0.000,17.0
2010-11-07,09:52:00,2.370,0.062,235.390,10.400,0.000,0.000,18.0
2010-11-07,09:53:00,1.616,0.068,236.290,6.800,0.000,0.000,18.0
2010-11-07,09:54:00,1.618,0.068,236.360,6.800,0.000,0.000,17.0
2010-11-07,09:55:00,1.618,0.068,235.950,6.800,0.000,0.000,18.0
2010-11-07,09:56:00,1.626,0.070,236.220,6.800,0.000,0.000,18.0
2010-11-07,09:57:00,1.632,0.070,236.660,6.800,0.000,0.000,18.0
2010-11-07,09:58:00,1.640,0.068,237.150,6.800,0.000,0.000,17.0
2010-11-07,09:59:00,1.632,0.070,236.690,6.800,0.000,0.000,18.0
2010-11-07,10:00:00,1.656,0.066,238.300,6.800,0.000,0.000,18.0
2010-11-07,10:01:00,1.644,0.068,237.550,6.800,0.000,0.000,18.0
2010-11-07,10:02:00,1.636,0.070,236.300,6.800,0.000,0.000,18.0
2010-11-07,10:03:00,1.632,0.068,236.520,6.800,0.000,0.000,18.0
2010-11-07,10:04:00,1.624,0.070,235.820,6.800,0.000,0.000,17.0
2010-11-07,10:05:00,1.608,0.072,234.720,6.800,0.000,0.000,18.0
2010-11-07,10:06:00,1.608,0.072,234.700,6.800,0.000,0.000,17.0
2010-11-07,10:07:00,1.620,0.070,235.640,6.800,0.000,0.000,18.0
2010-11-07,10:08:00,1.804,0.000,235.060,7.600,0.000,0.000,18.0
2010-11-07,10:09:00,1.888,0.122,234.580,8.000,0.000,0.000,17.0
2010-11-07,10:10:00,1.898,0.150,235.310,8.000,0.000,0.000,18.0
2010-11-07,10:11:00,1.886,0.146,234.460,8.000,0.000,0.000,17.0
2010-11-07,10:12:00,1.884,0.146,234.430,8.000,0.000,0.000,18.0
2010-11-07,10:13:00,1.884,0.148,234.700,8.000,0.000,0.000,17.0
2010-11-07,10:14:00,1.870,0.146,233.910,8.000,0.000,0.000,18.0
2010-11-07,10:15:00,1.862,0.144,233.510,8.000,0.000,0.000,17.0
2010-11-07,10:16:00,1.850,0.140,232.760,7.800,0.000,0.000,17.0
2010-11-07,10:17:00,1.860,0.144,233.600,8.000,0.000,0.000,17.0
2010-11-07,10:18:00,1.848,0.136,233.470,7.800,0.000,0.000,18.0
2010-11-07,10:19:00,1.794,0.054,233.810,7.600,0.000,0.000,17.0
2010-11-07,10:20:00,1.788,0.052,233.500,7.600,0.000,0.000,17.0
2010-11-07,10:21:00,1.802,0.054,234.480,7.600,0.000,0.000,18.0
2010-11-07,10:22:00,1.740,0.000,234.970,7.400,0.000,0.000,17.0
2010-11-07,10:23:00,1.720,0.066,235.120,7.200,0.000,0.000,18.0
2010-11-07,10:24:00,1.708,0.068,234.160,7.200,0.000,0.000,17.0
2010-11-07,10:25:00,1.704,0.068,233.980,7.200,0.000,0.000,18.0
2010-11-07,10:26:00,1.700,0.070,233.470,7.200,0.000,0.000,17.0
2010-11-07,10:27:00,1.704,0.068,233.700,7.200,0.000,0.000,18.0
2010-11-07,10:28:00,1.706,0.068,233.810,7.200,0.000,0.000,17.0
2010-11-07,10:29:00,1.692,0.070,232.830,7.200,0.000,0.000,17.0
2010-11-07,10:30:00,1.678,0.072,231.940,7.200,0.000,0.000,17.0
2010-11-07,10:31:00,1.676,0.070,231.970,7.200,0.000,0.000,17.0
2010-11-07,10:32:00,1.682,0.070,232.440,7.200,0.000,0.000,18.0
2010-11-07,10:33:00,1.670,0.072,231.420,7.200,0.000,0.000,17.0
2010-11-07,10:34:00,1.640,0.074,229.160,7.000,0.000,0.000,16.0
2010-11-07,10:35:00,1.634,0.076,228.620,7.000,0.000,0.000,17.0
2010-11-07,10:36:00,1.650,0.074,229.810,7.200,0.000,0.000,17.0
2010-11-07,10:37:00,1.672,0.072,231.630,7.200,0.000,0.000,17.0
2010-11-07,10:38:00,1.682,0.070,232.320,7.200,0.000,0.000,17.0
2010-11-07,10:39:00,1.664,0.072,231.040,7.200,0.000,0.000,17.0
2010-11-07,10:40:00,1.650,0.074,229.860,7.200,0.000,0.000,17.0
2010-11-07,10:41:00,1.660,0.072,230.740,7.200,0.000,0.000,17.0
2010-11-07,10:42:00,1.794,0.046,232.250,7.600,0.000,0.000,17.0
2010-11-07,10:43:00,1.794,0.050,233.070,7.600,0.000,0.000,17.0
2010-11-07,10:44:00,1.784,0.050,232.520,7.600,0.000,0.000,17.0
2010-11-07,10:45:00,1.818,0.070,232.910,7.800,0.000,0.000,17.0
2010-11-07,10:46:00,1.868,0.150,233.510,8.000,0.000,0.000,18.0
2010-11-07,10:47:00,1.878,0.152,234.360,8.000,0.000,0.000,17.0
2010-11-07,10:48:00,1.876,0.152,234.230,8.000,0.000,0.000,18.0
2010-11-07,10:49:00,1.876,0.152,234.480,8.000,0.000,0.000,17.0
2010-11-07,10:50:00,1.876,0.154,234.520,8.000,0.000,0.000,18.0
2010-11-07,10:51:00,1.884,0.156,234.940,8.000,0.000,0.000,17.0
2010-11-07,10:52:00,1.878,0.154,234.600,8.000,0.000,0.000,18.0
2010-11-07,10:53:00,1.860,0.148,233.210,8.000,0.000,0.000,17.0
2010-11-07,10:54:00,1.824,0.134,231.100,7.800,0.000,0.000,17.0
2010-11-07,10:55:00,1.746,0.000,231.490,7.400,0.000,0.000,17.0
2010-11-07,10:56:00,1.690,0.070,232.800,7.200,0.000,0.000,17.0
2010-11-07,10:57:00,1.684,0.072,232.270,7.200,0.000,0.000,17.0
2010-11-07,10:58:00,1.818,0.072,231.920,7.800,0.000,0.000,17.0
2010-11-07,10:59:00,1.824,0.070,233.190,7.800,0.000,0.000,18.0
2010-11-07,11:00:00,1.802,0.070,233.560,7.600,0.000,0.000,17.0
2010-11-07,11:01:00,1.820,0.070,232.610,7.800,0.000,0.000,17.0
2010-11-07,11:02:00,1.848,0.074,231.760,8.000,0.000,0.000,17.0
2010-11-07,11:03:00,1.868,0.074,232.110,8.000,0.000,0.000,17.0
2010-11-07,11:04:00,1.882,0.072,233.090,8.000,0.000,0.000,18.0
2010-11-07,11:05:00,1.874,0.074,232.380,8.000,0.000,0.000,17.0
2010-11-07,11:06:00,1.880,0.074,232.450,8.000,0.000,0.000,17.0
2010-11-07,11:07:00,1.892,0.072,233.340,8.000,0.000,0.000,17.0
2010-11-07,11:08:00,1.900,0.070,233.900,8.000,0.000,0.000,18.0
2010-11-07,11:09:00,1.878,0.072,232.390,8.000,0.000,0.000,17.0
2010-11-07,11:10:00,1.872,0.072,231.920,8.000,0.000,0.000,17.0
2010-11-07,11:11:00,1.860,0.074,231.000,8.000,0.000,0.000,17.0
2010-11-07,11:12:00,1.878,0.076,230.720,8.000,0.000,0.000,17.0
2010-11-07,11:13:00,1.890,0.074,231.900,8.000,0.000,0.000,17.0
2010-11-07,11:14:00,1.956,0.074,232.000,8.400,0.000,0.000,17.0
2010-11-07,11:15:00,2.060,0.060,233.520,8.800,0.000,0.000,18.0
2010-11-07,11:16:00,2.016,0.048,233.330,8.600,0.000,0.000,17.0
2010-11-07,11:17:00,1.996,0.000,232.090,8.600,0.000,0.000,17.0
2010-11-07,11:18:00,1.982,0.000,231.690,8.400,0.000,0.000,17.0
2010-11-07,11:19:00,1.976,0.000,231.410,8.400,0.000,0.000,17.0
2010-11-07,11:20:00,2.108,0.000,231.900,9.000,0.000,0.000,17.0
2010-11-07,11:21:00,2.310,0.000,231.560,10.000,0.000,0.000,17.0
2010-11-07,11:22:00,2.342,0.078,231.250,10.000,0.000,0.000,17.0
2010-11-07,11:23:00,2.190,0.142,232.430,9.400,0.000,0.000,17.0
2010-11-07,11:24:00,2.162,0.142,232.260,9.200,0.000,0.000,17.0
2010-11-07,11:25:00,2.166,0.144,232.600,9.200,0.000,0.000,18.0
2010-11-07,11:26:00,2.170,0.144,232.830,9.200,0.000,0.000,17.0
2010-11-07,11:27:00,2.156,0.138,231.650,9.200,0.000,0.000,17.0
2010-11-07,11:28:00,2.138,0.136,230.760,9.200,0.000,0.000,17.0
2010-11-07,11:29:00,2.078,0.088,229.970,9.000,0.000,0.000,17.0
2010-11-07,11:30:00,2.008,0.000,229.440,8.600,0.000,0.000,17.0
2010-11-07,11:31:00,1.988,0.000,229.900,8.600,0.000,0.000,16.0
2010-11-07,11:32:00,1.946,0.078,230.010,8.400,0.000,0.000,17.0
2010-11-07,11:33:00,1.936,0.078,229.290,8.400,0.000,0.000,17.0
2010-11-07,11:34:00,1.936,0.078,229.350,8.400,0.000,0.000,17.0
2010-11-07,11:35:00,1.948,0.076,230.040,8.400,0.000,0.000,16.0
2010-11-07,11:36:00,1.938,0.078,229.070,8.400,0.000,0.000,17.0
2010-11-07,11:37:00,1.940,0.076,229.170,8.400,0.000,0.000,17.0
2010-11-07,11:38:00,1.954,0.076,230.200,8.400,0.000,0.000,17.0
2010-11-07,11:39:00,1.962,0.076,230.520,8.400,0.000,0.000,17.0
2010-11-07,11:40:00,1.968,0.076,230.990,8.400,0.000,0.000,17.0
2010-11-07,11:41:00,1.976,0.074,231.580,8.400,0.000,0.000,17.0
2010-11-07,11:42:00,1.964,0.074,230.860,8.400,0.000,0.000,17.0
2010-11-07,11:43:00,1.964,0.076,230.620,8.400,0.000,0.000,16.0
2010-11-07,11:44:00,1.964,0.074,230.730,8.400,0.000,0.000,17.0
2010-11-07,11:45:00,1.976,0.076,231.610,8.400,0.000,0.000,17.0
2010-11-07,11:46:00,1.978,0.076,231.810,8.400,0.000,0.000,18.0
2010-11-07,11:47:00,2.150,0.076,232.990,9.200,0.000,0.000,17.0
2010-11-07,11:48:00,2.234,0.074,233.540,9.600,0.000,0.000,17.0
2010-11-07,11:49:00,2.262,0.000,233.050,9.600,0.000,0.000,17.0
2010-11-07,11:50:00,2.318,0.000,232.100,10.000,0.000,0.000,18.0
2010-11-07,11:51:00,2.312,0.000,231.780,10.000,0.000,0.000,17.0
2010-11-07,11:52:00,2.308,0.000,231.680,10.000,0.000,0.000,17.0
2010-11-07,11:53:00,2.310,0.000,231.790,9.800,0.000,0.000,17.0
2010-11-07,11:54:00,2.290,0.000,230.820,9.800,0.000,0.000,17.0
2010-11-07,11:55:00,2.282,0.000,230.510,9.800,0.000,0.000,17.0
2010-11-07,11:56:00,2.282,0.000,230.350,9.800,0.000,0.000,16.0
2010-11-07,11:57:00,2.296,0.000,230.740,9.800,0.000,0.000,17.0
2010-11-07,11:58:00,2.216,0.000,230.340,9.600,0.000,0.000,17.0
2010-11-07,11:59:00,2.260,0.072,230.370,9.800,0.000,0.000,17.0
2010-11-07,12:00:00,2.418,0.270,230.030,10.600,0.000,0.000,17.0
2010-11-07,12:01:00,2.456,0.308,229.770,10.800,0.000,0.000,17.0
2010-11-07,12:02:00,2.460,0.306,230.360,10.600,0.000,0.000,17.0
2010-11-07,12:03:00,2.406,0.240,230.200,10.400,0.000,0.000,17.0
2010-11-07,12:04:00,2.354,0.178,230.070,10.200,0.000,0.000,16.0
2010-11-07,12:05:00,2.368,0.176,230.800,10.200,0.000,0.000,17.0
2010-11-07,12:06:00,2.376,0.176,231.100,10.200,0.000,0.000,17.0
2010-11-07,12:07:00,2.364,0.172,230.490,10.200,0.000,0.000,17.0
2010-11-07,12:08:00,2.366,0.170,230.640,10.200,0.000,0.000,17.0
2010-11-07,12:09:00,2.316,0.106,230.380,10.000,0.000,0.000,17.0
2010-11-07,12:10:00,2.274,0.070,229.550,9.800,0.000,0.000,17.0
2010-11-07,12:11:00,2.506,0.138,229.690,11.200,0.000,0.000,17.0
2010-11-07,12:12:00,3.334,0.192,229.340,14.800,0.000,0.000,16.0
2010-11-07,12:13:00,2.096,0.000,231.420,9.600,0.000,0.000,17.0
2010-11-07,12:14:00,1.888,0.110,233.010,8.200,0.000,0.000,18.0
2010-11-07,12:15:00,3.338,0.214,230.220,14.600,0.000,0.000,16.0
2010-11-07,12:16:00,2.850,0.144,229.910,12.800,0.000,0.000,17.0
2010-11-07,12:17:00,1.830,0.074,231.150,7.800,0.000,0.000,17.0
2010-11-07,12:18:00,1.836,0.074,231.390,7.800,0.000,0.000,17.0
2010-11-07,12:19:00,1.830,0.072,230.980,7.800,0.000,0.000,17.0
2010-11-07,12:20:00,1.736,0.000,231.180,7.400,0.000,0.000,17.0
2010-11-07,12:21:00,1.652,0.080,230.340,7.200,0.000,0.000,17.0
2010-11-07,12:22:00,1.640,0.080,229.670,7.200,0.000,0.000,17.0
2010-11-07,12:23:00,1.690,0.000,229.150,7.400,0.000,0.000,17.0
2010-11-07,12:24:00,1.716,0.000,227.650,7.400,0.000,0.000,16.0
2010-11-07,12:25:00,1.708,0.000,227.230,7.400,0.000,0.000,17.0
2010-11-07,12:26:00,1.702,0.000,226.970,7.400,0.000,0.000,16.0
2010-11-07,12:27:00,2.206,0.220,226.470,9.800,0.000,0.000,24.0
2010-11-07,12:28:00,2.214,0.226,226.600,9.800,0.000,0.000,25.0
2010-11-07,12:29:00,2.254,0.232,227.450,9.800,0.000,0.000,27.0
2010-11-07,12:30:00,2.278,0.236,227.690,10.000,0.000,0.000,26.0
2010-11-07,12:31:00,2.274,0.234,227.390,10.000,0.000,0.000,27.0
2010-11-07,12:32:00,2.284,0.236,227.830,10.000,0.000,0.000,27.0
2010-11-07,12:33:00,2.316,0.252,230.200,10.000,0.000,0.000,27.0
2010-11-07,12:34:00,2.310,0.250,229.870,10.000,0.000,0.000,27.0
2010-11-07,12:35:00,2.294,0.244,228.930,10.000,0.000,0.000,27.0
2010-11-07,12:36:00,2.320,0.254,229.610,10.200,0.000,0.000,27.0
2010-11-07,12:37:00,2.342,0.286,230.670,10.200,0.000,0.000,27.0
2010-11-07,12:38:00,1.286,0.098,232.240,6.400,0.000,0.000,13.0
2010-11-07,12:39:00,0.700,0.000,232.550,3.000,0.000,0.000,1.0
2010-11-07,12:40:00,0.764,0.000,232.060,3.200,0.000,0.000,0.0
2010-11-07,12:41:00,1.284,0.000,231.250,6.200,0.000,0.000,1.0
2010-11-07,12:42:00,1.094,0.000,231.400,5.400,0.000,0.000,0.0
2010-11-07,12:43:00,0.776,0.076,232.170,3.400,0.000,0.000,1.0
2010-11-07,12:44:00,0.880,0.052,232.500,4.000,0.000,0.000,1.0
2010-11-07,12:45:00,1.672,0.156,230.400,7.800,1.000,0.000,0.0
2010-11-07,12:46:00,1.436,0.156,230.790,6.800,1.000,1.000,1.0
2010-11-07,12:47:00,0.894,0.120,232.460,3.800,2.000,2.000,0.0
2010-11-07,12:48:00,0.958,0.098,232.510,4.200,1.000,1.000,1.0
2010-11-07,12:49:00,0.946,0.100,232.930,4.000,1.000,1.000,1.0
2010-11-07,12:50:00,0.910,0.058,233.640,3.800,1.000,2.000,0.0
2010-11-07,12:51:00,0.872,0.000,234.100,3.600,2.000,1.000,1.0
2010-11-07,12:52:00,0.868,0.000,234.000,3.600,1.000,1.000,0.0
2010-11-07,12:53:00,0.868,0.000,234.110,3.600,1.000,2.000,1.0
2010-11-07,12:54:00,0.864,0.000,233.740,3.600,1.000,1.000,0.0
2010-11-07,12:55:00,0.846,0.000,234.320,3.600,1.000,1.000,1.0
2010-11-07,12:56:00,0.768,0.064,233.880,3.200,1.000,2.000,1.0
2010-11-07,12:57:00,0.840,0.130,234.180,3.600,2.000,1.000,0.0
2010-11-07,12:58:00,0.874,0.188,234.390,3.800,1.000,2.000,1.0
2010-11-07,12:59:00,0.874,0.192,234.870,3.800,1.000,1.000,1.0
2010-11-07,13:00:00,0.866,0.196,235.740,3.800,1.000,1.000,0.0
2010-11-07,13:01:00,0.856,0.204,236.220,3.600,1.000,2.000,1.0
2010-11-07,13:02:00,0.858,0.220,236.620,3.800,1.000,1.000,0.0
2010-11-07,13:03:00,0.814,0.238,236.100,3.600,1.000,1.000,1.0
2010-11-07,13:04:00,0.852,0.222,237.010,3.600,1.000,2.000,1.0
2010-11-07,13:05:00,1.444,0.208,236.010,7.400,8.000,1.000,0.0
2010-11-07,13:06:00,2.984,0.184,234.870,12.600,37.000,1.000,1.0
2010-11-07,13:07:00,2.988,0.186,235.560,12.600,37.000,1.000,0.0
2010-11-07,13:08:00,2.986,0.188,235.590,12.600,37.000,2.000,1.0
2010-11-07,13:09:00,2.968,0.184,235.040,12.600,37.000,1.000,1.0
2010-11-07,13:10:00,2.964,0.184,235.000,12.600,36.000,1.000,0.0
2010-11-07,13:11:00,2.912,0.110,234.800,12.400,37.000,1.000,1.0
2010-11-07,13:12:00,2.880,0.058,235.340,12.200,37.000,2.000,1.0
2010-11-07,13:13:00,2.902,0.064,236.360,12.200,37.000,1.000,0.0
2010-11-07,13:14:00,2.906,0.066,236.880,12.200,37.000,1.000,1.0
2010-11-07,13:15:00,2.900,0.062,237.010,12.200,37.000,1.000,0.0
2010-11-07,13:16:00,2.930,0.122,236.380,12.400,37.000,1.000,1.0
2010-11-07,13:17:00,1.816,0.168,238.230,8.800,21.000,1.000,1.0
2010-11-07,13:18:00,0.804,0.182,239.770,3.400,1.000,2.000,0.0
2010-11-07,13:19:00,0.830,0.182,239.920,3.400,1.000,1.000,1.0
2010-11-07,13:20:00,0.860,0.176,239.540,3.600,2.000,1.000,1.0
2010-11-07,13:21:00,0.852,0.178,239.570,3.600,1.000,1.000,0.0
2010-11-07,13:22:00,1.130,0.174,239.310,4.800,1.000,1.000,1.0
2010-11-07,13:23:00,1.174,0.172,239.140,5.000,1.000,2.000,0.0
2010-11-07,13:24:00,1.170,0.168,238.370,5.000,1.000,1.000,1.0
2010-11-07,13:25:00,1.158,0.154,238.520,4.800,2.000,1.000,1.0
2010-11-07,13:26:00,1.136,0.068,238.320,4.800,1.000,1.000,0.0
2010-11-07,13:27:00,1.136,0.066,238.350,4.800,1.000,1.000,1.0
2010-11-07,13:28:00,1.132,0.064,237.720,4.800,1.000,1.000,1.0
2010-11-07,13:29:00,1.136,0.068,238.560,4.800,1.000,1.000,0.0
2010-11-07,13:30:00,1.006,0.064,236.930,4.200,2.000,2.000,1.0
2010-11-07,13:31:00,0.874,0.164,236.450,3.800,1.000,1.000,0.0
2010-11-07,13:32:00,1.000,0.190,236.310,4.400,1.000,1.000,1.0
2010-11-07,13:33:00,0.850,0.196,236.840,3.800,1.000,1.000,1.0
2010-11-07,13:34:00,0.646,0.200,236.880,2.800,1.000,1.000,0.0
2010-11-07,13:35:00,0.642,0.202,237.560,2.800,1.000,1.000,1.0
2010-11-07,13:36:00,0.638,0.200,236.990,2.800,2.000,1.000,1.0
2010-11-07,13:37:00,0.644,0.204,237.050,2.800,1.000,2.000,0.0
2010-11-07,13:38:00,0.734,0.212,237.070,3.200,1.000,1.000,1.0
2010-11-07,13:39:00,0.732,0.216,237.750,3.200,1.000,1.000,0.0
2010-11-07,13:40:00,0.736,0.222,238.790,3.200,1.000,1.000,1.0
2010-11-07,13:41:00,0.736,0.228,239.940,3.200,2.000,1.000,1.0
2010-11-07,13:42:00,0.742,0.230,240.840,3.200,1.000,1.000,0.0
2010-11-07,13:43:00,0.736,0.222,239.700,3.200,1.000,1.000,1.0
2010-11-07,13:44:00,0.740,0.222,239.530,3.200,1.000,2.000,1.0
2010-11-07,13:45:00,0.660,0.108,241.530,2.800,1.000,1.000,0.0
2010-11-07,13:46:00,0.656,0.100,241.990,2.800,2.000,1.000,1.0
2010-11-07,13:47:00,0.654,0.102,242.070,2.800,1.000,1.000,1.0
2010-11-07,13:48:00,0.652,0.098,241.180,2.800,1.000,1.000,0.0
2010-11-07,13:49:00,0.646,0.100,241.440,2.800,1.000,1.000,1.0
2010-11-07,13:50:00,0.640,0.096,240.640,2.800,1.000,2.000,1.0
2010-11-07,13:51:00,0.634,0.096,239.540,2.600,2.000,1.000,0.0
2010-11-07,13:52:00,0.656,0.104,238.420,2.800,1.000,1.000,1.0
2010-11-07,13:53:00,0.706,0.190,238.270,3.000,1.000,1.000,0.0
2010-11-07,13:54:00,0.700,0.186,237.500,3.000,1.000,1.000,1.0
2010-11-07,13:55:00,0.700,0.184,236.830,3.000,1.000,1.000,1.0
2010-11-07,13:56:00,0.694,0.178,235.490,3.000,2.000,1.000,0.0
2010-11-07,13:57:00,0.708,0.180,235.610,3.000,1.000,1.000,1.0
2010-11-07,13:58:00,0.800,0.178,235.480,3.400,1.000,2.000,0.0
2010-11-07,13:59:00,0.802,0.182,235.630,3.400,1.000,1.000,1.0
2010-11-07,14:00:00,0.794,0.178,235.050,3.400,1.000,1.000,1.0
2010-11-07,14:01:00,0.790,0.174,234.570,3.400,2.000,1.000,0.0
2010-11-07,14:02:00,0.726,0.082,234.870,3.200,1.000,1.000,1.0
2010-11-07,14:03:00,0.720,0.074,234.280,3.000,1.000,1.000,1.0
2010-11-07,14:04:00,0.716,0.072,233.950,3.000,1.000,1.000,0.0
2010-11-07,14:05:00,0.826,0.182,234.600,3.600,1.000,1.000,1.0
2010-11-07,14:06:00,0.830,0.206,236.530,3.600,2.000,2.000,0.0
2010-11-07,14:07:00,0.842,0.210,237.350,3.600,1.000,1.000,1.0
2010-11-07,14:08:00,1.192,0.392,236.380,5.200,1.000,1.000,1.0
2010-11-07,14:09:00,1.160,0.406,235.060,5.200,1.000,1.000,0.0
2010-11-07,14:10:00,1.158,0.402,235.740,5.200,0.000,1.000,1.0
2010-11-07,14:11:00,1.178,0.386,235.890,5.200,1.000,1.000,0.0
2010-11-07,14:12:00,1.212,0.390,237.230,5.400,1.000,1.000,1.0
2010-11-07,14:13:00,1.212,0.388,237.220,5.400,2.000,1.000,1.0
2010-11-07,14:14:00,1.304,0.376,236.640,5.600,1.000,1.000,0.0
2010-11-07,14:15:00,1.380,0.374,236.320,6.000,1.000,2.000,1.0
2010-11-07,14:16:00,1.376,0.370,235.930,6.000,1.000,1.000,1.0
2010-11-07,14:17:00,1.382,0.378,236.690,6.000,1.000,1.000,0.0
2010-11-07,14:18:00,1.354,0.336,236.680,5.800,1.000,1.000,1.0
2010-11-07,14:19:00,1.186,0.174,237.530,5.000,1.000,0.000,0.0
2010-11-07,14:20:00,1.164,0.172,237.850,5.000,1.000,0.000,1.0
2010-11-07,14:21:00,0.916,0.078,237.880,3.800,0.000,0.000,1.0
2010-11-07,14:22:00,0.918,0.000,238.900,4.200,2.000,0.000,0.0
2010-11-07,14:23:00,2.916,0.000,237.230,12.200,35.000,0.000,1.0
2010-11-07,14:24:00,2.784,0.050,237.140,11.600,38.000,0.000,1.0
2010-11-07,14:25:00,2.792,0.000,237.250,11.600,37.000,0.000,0.0
2010-11-07,14:26:00,2.878,0.150,237.390,12.000,37.000,0.000,1.0
2010-11-07,14:27:00,2.860,0.052,236.150,12.000,37.000,0.000,0.0
2010-11-07,14:28:00,2.992,0.056,235.310,12.600,36.000,0.000,1.0
2010-11-07,14:29:00,3.014,0.000,234.580,12.800,37.000,0.000,1.0
2010-11-07,14:30:00,3.050,0.000,234.480,13.000,36.000,0.000,0.0
2010-11-07,14:31:00,3.072,0.000,235.690,13.000,37.000,0.000,1.0
2010-11-07,14:32:00,3.094,0.046,237.020,13.000,37.000,0.000,0.0
2010-11-07,14:33:00,3.120,0.048,238.140,13.000,37.000,0.000,1.0
2010-11-07,14:34:00,3.102,0.048,237.610,13.000,37.000,0.000,1.0
2010-11-07,14:35:00,3.086,0.046,237.120,13.000,37.000,0.000,0.0
2010-11-07,14:36:00,1.536,0.058,238.360,7.600,14.000,0.000,1.0
2010-11-07,14:37:00,0.880,0.062,239.650,3.600,0.000,0.000,1.0
2010-11-07,14:38:00,0.874,0.052,240.190,3.600,0.000,0.000,0.0
2010-11-07,14:39:00,0.928,0.088,240.570,3.800,1.000,0.000,1.0
2010-11-07,14:40:00,0.942,0.130,240.230,4.000,0.000,0.000,1.0
2010-11-07,14:41:00,0.934,0.102,240.990,3.800,0.000,0.000,0.0
2010-11-07,14:42:00,0.928,0.098,241.140,3.800,0.000,0.000,1.0
2010-11-07,14:43:00,0.920,0.094,240.490,3.800,0.000,0.000,0.0
2010-11-07,14:44:00,0.916,0.096,240.890,3.800,0.000,0.000,1.0
2010-11-07,14:45:00,0.910,0.092,240.150,3.800,0.000,0.000,1.0
2010-11-07,14:46:00,0.922,0.096,241.000,3.800,0.000,0.000,0.0
2010-11-07,14:47:00,1.102,0.092,240.990,4.600,0.000,0.000,1.0
2010-11-07,14:48:00,1.100,0.094,241.330,4.600,0.000,0.000,1.0
2010-11-07,14:49:00,1.100,0.096,241.800,4.600,0.000,0.000,0.0
2010-11-07,14:50:00,1.094,0.094,241.060,4.400,0.000,0.000,1.0
2010-11-07,14:51:00,1.094,0.094,241.110,4.400,0.000,0.000,1.0
2010-11-07,14:52:00,1.088,0.086,240.970,4.400,0.000,0.000,0.0
2010-11-07,14:53:00,0.996,0.000,240.510,4.000,0.000,0.000,1.0
2010-11-07,14:54:00,0.998,0.000,240.830,4.000,0.000,0.000,1.0
2010-11-07,14:55:00,0.996,0.000,240.410,4.000,0.000,0.000,0.0
2010-11-07,14:56:00,0.992,0.000,239.810,4.000,0.000,0.000,1.0
2010-11-07,14:57:00,0.996,0.000,240.480,4.000,0.000,0.000,0.0
2010-11-07,14:58:00,1.000,0.000,240.790,4.200,0.000,0.000,1.0
2010-11-07,14:59:00,0.994,0.000,239.870,4.000,0.000,0.000,1.0
2010-11-07,15:00:00,0.988,0.000,238.170,4.200,0.000,0.000,0.0
2010-11-07,15:01:00,0.988,0.046,237.860,4.200,0.000,0.000,1.0
2010-11-07,15:02:00,0.992,0.000,238.570,4.200,0.000,0.000,1.0
2010-11-07,15:03:00,0.996,0.000,239.450,4.200,0.000,0.000,0.0
2010-11-07,15:04:00,1.004,0.000,240.510,4.200,0.000,0.000,1.0
2010-11-07,15:05:00,1.002,0.000,240.520,4.200,0.000,0.000,1.0
2010-11-07,15:06:00,1.008,0.000,241.240,4.200,0.000,0.000,0.0
2010-11-07,15:07:00,1.292,0.052,241.250,5.400,0.000,0.000,1.0
2010-11-07,15:08:00,1.336,0.062,241.280,5.400,0.000,0.000,0.0
2010-11-07,15:09:00,1.338,0.062,241.450,5.400,0.000,0.000,1.0
2010-11-07,15:10:00,1.348,0.084,241.030,5.600,0.000,0.000,1.0
2010-11-07,15:11:00,1.358,0.086,240.670,5.600,0.000,0.000,0.0
2010-11-07,15:12:00,1.328,0.056,240.360,5.400,0.000,0.000,1.0
2010-11-07,15:13:00,1.688,0.322,239.580,7.600,0.000,0.000,1.0
2010-11-07,15:14:00,2.568,0.840,238.330,11.600,0.000,0.000,0.0
2010-11-07,15:15:00,2.548,0.834,238.420,11.400,0.000,0.000,1.0
2010-11-07,15:16:00,2.482,0.756,238.510,11.200,0.000,0.000,1.0
2010-11-07,15:17:00,2.460,0.726,238.440,11.000,0.000,0.000,0.0
2010-11-07,15:18:00,2.438,0.716,237.770,11.000,0.000,0.000,1.0
2010-11-07,15:19:00,2.422,0.708,236.910,10.800,0.000,0.000,0.0
2010-11-07,15:20:00,2.418,0.706,236.910,10.800,0.000,0.000,1.0
2010-11-07,15:21:00,2.438,0.712,237.920,11.000,0.000,0.000,1.0
2010-11-07,15:22:00,2.444,0.716,237.870,11.000,0.000,0.000,0.0
2010-11-07,15:23:00,2.446,0.716,238.170,11.000,0.000,0.000,1.0
2010-11-07,15:24:00,2.448,0.720,237.890,11.000,0.000,0.000,1.0
2010-11-07,15:25:00,2.436,0.706,238.520,10.800,0.000,0.000,0.0
2010-11-07,15:26:00,1.650,0.250,239.950,7.400,0.000,0.000,1.0
2010-11-07,15:27:00,1.786,0.252,239.830,8.200,0.000,0.000,0.0
2010-11-07,15:28:00,1.206,0.060,240.410,5.000,0.000,0.000,1.0
2010-11-07,15:29:00,1.174,0.060,240.040,4.800,0.000,0.000,1.0
2010-11-07,15:30:00,1.178,0.060,240.600,4.800,0.000,0.000,0.0
2010-11-07,15:31:00,1.178,0.060,240.100,4.800,0.000,0.000,1.0
2010-11-07,15:32:00,1.178,0.062,239.900,4.800,0.000,0.000,1.0
2010-11-07,15:33:00,1.094,0.060,238.740,4.600,0.000,0.000,0.0
2010-11-07,15:34:00,1.032,0.046,239.130,4.200,0.000,0.000,1.0
2010-11-07,15:35:00,1.022,0.048,238.700,4.200,0.000,0.000,1.0
2010-11-07,15:36:00,1.042,0.050,237.780,4.400,0.000,0.000,0.0
2010-11-07,15:37:00,1.936,0.058,236.490,8.200,0.000,0.000,15.0
2010-11-07,15:38:00,2.080,0.060,236.330,8.800,0.000,0.000,19.0
2010-11-07,15:39:00,1.862,0.054,237.330,7.800,0.000,0.000,18.0
2010-11-07,15:40:00,1.974,0.056,237.280,8.400,0.000,0.000,18.0
2010-11-07,15:41:00,1.952,0.054,238.010,8.200,0.000,0.000,18.0
2010-11-07,15:42:00,1.902,0.056,237.040,8.000,0.000,0.000,18.0
2010-11-07,15:43:00,1.946,0.054,238.290,8.200,0.000,0.000,18.0
2010-11-07,15:44:00,1.902,0.000,237.930,8.000,0.000,0.000,18.0
2010-11-07,15:45:00,1.946,0.046,238.120,8.200,0.000,0.000,19.0
2010-11-07,15:46:00,2.008,0.048,239.410,8.400,0.000,0.000,18.0
2010-11-07,15:47:00,2.250,0.176,238.710,9.400,0.000,0.000,18.0
2010-11-07,15:48:00,2.130,0.180,239.190,9.000,0.000,0.000,18.0
2010-11-07,15:49:00,2.060,0.182,239.420,8.600,0.000,0.000,18.0
2010-11-07,15:50:00,2.058,0.180,239.370,8.600,0.000,0.000,18.0
2010-11-07,15:51:00,2.062,0.182,239.900,8.600,0.000,0.000,19.0
2010-11-07,15:52:00,2.048,0.180,239.190,8.600,0.000,0.000,18.0
2010-11-07,15:53:00,2.018,0.162,237.850,8.400,0.000,0.000,18.0
2010-11-07,15:54:00,1.956,0.072,237.700,8.200,0.000,0.000,18.0
2010-11-07,15:55:00,1.952,0.072,237.560,8.200,0.000,0.000,18.0
2010-11-07,15:56:00,1.972,0.074,238.480,8.200,0.000,0.000,18.0
2010-11-07,15:57:00,1.986,0.080,239.380,8.200,0.000,0.000,18.0
2010-11-07,15:58:00,1.982,0.080,239.550,8.200,0.000,0.000,18.0
2010-11-07,15:59:00,1.978,0.078,239.310,8.200,0.000,0.000,18.0
2010-11-07,16:00:00,1.964,0.060,239.340,8.200,0.000,0.000,19.0
2010-11-07,16:01:00,1.890,0.050,239.790,7.800,0.000,0.000,18.0
2010-11-07,16:02:00,1.860,0.052,239.630,7.800,0.000,0.000,18.0
2010-11-07,16:03:00,1.858,0.052,239.540,7.600,0.000,0.000,18.0
2010-11-07,16:04:00,1.850,0.054,239.000,7.600,0.000,0.000,18.0
2010-11-07,16:05:00,1.830,0.052,238.490,7.600,0.000,0.000,18.0
2010-11-07,16:06:00,1.812,0.048,238.910,7.600,0.000,0.000,19.0
2010-11-07,16:07:00,1.814,0.048,238.930,7.600,0.000,0.000,18.0
2010-11-07,16:08:00,1.812,0.048,238.840,7.600,0.000,0.000,18.0
2010-11-07,16:09:00,1.804,0.048,238.270,7.600,0.000,0.000,18.0
2010-11-07,16:10:00,1.806,0.050,238.170,7.600,0.000,0.000,18.0
2010-11-07,16:11:00,1.806,0.050,237.920,7.600,0.000,0.000,18.0
2010-11-07,16:12:00,1.802,0.050,237.400,7.600,0.000,0.000,18.0
2010-11-07,16:13:00,1.806,0.048,237.960,7.600,0.000,0.000,18.0
2010-11-07,16:14:00,1.810,0.048,238.140,7.600,0.000,0.000,18.0
2010-11-07,16:15:00,1.810,0.048,238.250,7.600,0.000,0.000,18.0
2010-11-07,16:16:00,1.810,0.050,238.240,7.600,0.000,0.000,18.0
2010-11-07,16:17:00,1.172,0.000,238.650,5.400,0.000,0.000,9.0
2010-11-07,16:18:00,0.830,0.000,238.120,3.600,0.000,0.000,0.0
2010-11-07,16:19:00,0.824,0.000,238.310,3.400,0.000,0.000,1.0
2010-11-07,16:20:00,0.818,0.000,237.990,3.600,0.000,0.000,1.0
2010-11-07,16:21:00,0.916,0.084,237.840,4.000,0.000,0.000,0.0
2010-11-07,16:22:00,0.852,0.090,237.500,3.600,0.000,0.000,1.0
2010-11-07,16:23:00,0.926,0.198,238.710,4.000,0.000,0.000,0.0
2010-11-07,16:24:00,0.888,0.194,238.170,3.800,0.000,0.000,1.0
2010-11-07,16:25:00,0.880,0.190,237.530,3.800,0.000,0.000,1.0
2010-11-07,16:26:00,0.888,0.192,237.830,3.800,0.000,0.000,0.0
2010-11-07,16:27:00,0.868,0.198,238.940,3.800,0.000,0.000,1.0
2010-11-07,16:28:00,0.854,0.194,238.470,3.800,0.000,0.000,1.0
2010-11-07,16:29:00,0.856,0.194,238.320,3.800,0.000,0.000,0.0
2010-11-07,16:30:00,0.848,0.194,238.640,3.600,0.000,0.000,1.0
2010-11-07,16:31:00,0.798,0.184,238.780,3.400,0.000,0.000,0.0
2010-11-07,16:32:00,0.748,0.096,238.940,3.200,0.000,0.000,1.0
2010-11-07,16:33:00,0.928,0.090,238.110,3.800,0.000,0.000,1.0
2010-11-07,16:34:00,0.906,0.056,238.940,3.800,0.000,0.000,0.0
2010-11-07,16:35:00,0.822,0.000,238.630,3.400,0.000,0.000,1.0
2010-11-07,16:36:00,0.806,0.000,238.550,3.400,0.000,0.000,1.0
2010-11-07,16:37:00,0.800,0.000,238.590,3.400,0.000,0.000,0.0
2010-11-07,16:38:00,0.800,0.000,238.350,3.400,0.000,0.000,1.0
2010-11-07,16:39:00,0.796,0.000,237.880,3.400,0.000,0.000,0.0
2010-11-07,16:40:00,0.794,0.000,237.390,3.400,0.000,0.000,1.0
2010-11-07,16:41:00,0.798,0.000,237.830,3.400,0.000,0.000,1.0
2010-11-07,16:42:00,0.796,0.000,237.520,3.400,0.000,0.000,0.0
2010-11-07,16:43:00,0.794,0.000,236.660,3.400,0.000,0.000,1.0
2010-11-07,16:44:00,0.802,0.000,237.110,3.400,0.000,0.000,1.0
2010-11-07,16:45:00,0.878,0.000,236.750,3.800,0.000,0.000,1.0
2010-11-07,16:46:00,1.344,0.202,235.890,5.800,0.000,0.000,10.0
2010-11-07,16:47:00,1.370,0.206,236.620,5.800,0.000,0.000,10.0
2010-11-07,16:48:00,1.406,0.206,236.840,6.000,0.000,0.000,10.0
2010-11-07,16:49:00,1.416,0.200,236.250,6.000,0.000,0.000,11.0
2010-11-07,16:50:00,1.422,0.202,236.460,6.000,0.000,0.000,11.0
2010-11-07,16:51:00,1.428,0.200,236.410,6.000,0.000,0.000,12.0
2010-11-07,16:52:00,1.426,0.198,236.200,6.000,0.000,0.000,11.0
2010-11-07,16:53:00,1.422,0.196,235.880,6.000,0.000,0.000,11.0
2010-11-07,16:54:00,1.418,0.192,235.210,6.000,0.000,0.000,11.0
2010-11-07,16:55:00,1.526,0.306,235.120,6.600,0.000,0.000,11.0
2010-11-07,16:56:00,1.528,0.324,235.950,6.600,0.000,0.000,12.0
2010-11-07,16:57:00,0.996,0.124,236.100,4.400,0.000,0.000,3.0
2010-11-07,16:58:00,0.890,0.084,236.210,3.800,0.000,0.000,0.0
2010-11-07,16:59:00,0.894,0.084,236.330,3.800,0.000,0.000,1.0
2010-11-07,17:00:00,0.888,0.082,235.650,3.800,0.000,0.000,1.0
2010-11-07,17:01:00,0.968,0.164,236.250,4.200,0.000,0.000,0.0
2010-11-07,17:02:00,0.968,0.184,236.940,4.200,0.000,0.000,1.0
2010-11-07,17:03:00,0.966,0.188,237.770,4.000,0.000,0.000,0.0
2010-11-07,17:04:00,0.978,0.184,236.620,4.200,0.000,0.000,1.0
2010-11-07,17:05:00,1.108,0.186,237.440,4.600,0.000,0.000,1.0
2010-11-07,17:06:00,1.182,0.178,236.250,5.000,0.000,0.000,0.0
2010-11-07,17:07:00,1.166,0.170,234.180,5.000,0.000,0.000,1.0
2010-11-07,17:08:00,1.146,0.146,233.880,5.000,0.000,0.000,1.0
2010-11-07,17:09:00,1.078,0.048,234.860,4.600,0.000,0.000,0.0
2010-11-07,17:10:00,1.022,0.000,233.860,4.400,0.000,0.000,1.0
2010-11-07,17:11:00,1.018,0.046,235.620,4.200,0.000,0.000,0.0
2010-11-07,17:12:00,1.014,0.046,235.150,4.200,0.000,0.000,1.0
2010-11-07,17:13:00,1.006,0.048,233.890,4.200,0.000,0.000,1.0
2010-11-07,17:14:00,1.010,0.048,234.460,4.200,0.000,0.000,0.0
2010-11-07,17:15:00,1.010,0.048,234.700,4.200,0.000,0.000,1.0
2010-11-07,17:16:00,1.002,0.050,233.260,4.200,0.000,0.000,0.0
2010-11-07,17:17:00,0.996,0.052,231.980,4.200,0.000,0.000,1.0
2010-11-07,17:18:00,0.994,0.050,232.070,4.200,0.000,0.000,1.0
2010-11-07,17:19:00,1.010,0.000,231.480,4.400,0.000,0.000,0.0
2010-11-07,17:20:00,1.076,0.060,232.530,4.600,0.000,0.000,1.0
2010-11-07,17:21:00,1.066,0.054,230.920,4.600,0.000,1.000,0.0
2010-11-07,17:22:00,1.240,0.060,232.720,5.400,0.000,2.000,1.0
2010-11-07,17:23:00,1.248,0.056,232.030,5.400,0.000,1.000,1.0
2010-11-07,17:24:00,1.232,0.056,231.800,5.400,0.000,1.000,0.0
2010-11-07,17:25:00,1.078,0.058,231.950,4.600,0.000,2.000,1.0
2010-11-07,17:26:00,1.080,0.060,232.570,4.600,0.000,1.000,0.0
2010-11-07,17:27:00,1.178,0.062,233.420,5.000,0.000,1.000,1.0
2010-11-07,17:28:00,1.088,0.064,233.840,4.600,0.000,2.000,1.0
2010-11-07,17:29:00,1.202,0.184,234.060,5.200,0.000,1.000,0.0
2010-11-07,17:30:00,1.188,0.184,233.130,5.200,0.000,1.000,1.0
2010-11-07,17:31:00,1.184,0.184,233.180,5.000,0.000,2.000,0.0
2010-11-07,17:32:00,1.178,0.182,232.530,5.000,0.000,1.000,1.0
2010-11-07,17:33:00,1.170,0.178,231.650,5.000,0.000,1.000,1.0
2010-11-07,17:34:00,1.170,0.178,231.870,5.000,0.000,2.000,0.0
2010-11-07,17:35:00,1.166,0.178,231.570,5.000,0.000,1.000,1.0
2010-11-07,17:36:00,1.168,0.180,232.100,5.000,0.000,1.000,0.0
2010-11-07,17:37:00,1.156,0.174,230.700,5.000,0.000,2.000,1.0
2010-11-07,17:38:00,1.160,0.176,231.150,5.000,0.000,1.000,1.0
2010-11-07,17:39:00,1.210,0.224,231.050,5.400,0.000,1.000,0.0
2010-11-07,17:40:00,1.230,0.270,231.240,5.400,0.000,2.000,1.0
2010-11-07,17:41:00,1.234,0.272,231.790,5.400,0.000,1.000,0.0
2010-11-07,17:42:00,1.208,0.244,231.520,5.200,0.000,1.000,1.0
2010-11-07,17:43:00,1.142,0.154,232.500,5.000,0.000,1.000,1.0
2010-11-07,17:44:00,1.484,0.184,233.270,6.400,0.000,2.000,0.0
2010-11-07,17:45:00,1.538,0.184,233.740,6.600,0.000,1.000,1.0
2010-11-07,17:46:00,1.590,0.184,234.030,6.800,0.000,1.000,0.0
2010-11-07,17:47:00,1.648,0.168,234.520,7.000,0.000,1.000,1.0
2010-11-07,17:48:00,1.608,0.110,233.640,6.800,0.000,1.000,1.0
2010-11-07,17:49:00,1.662,0.064,233.390,7.200,0.000,2.000,0.0
2010-11-07,17:50:00,1.624,0.066,234.290,7.000,0.000,1.000,1.0
2010-11-07,17:51:00,1.582,0.066,234.040,6.800,0.000,1.000,0.0
2010-11-07,17:52:00,1.578,0.064,233.360,6.800,0.000,1.000,1.0
2010-11-07,17:53:00,1.580,0.064,233.600,6.800,0.000,1.000,1.0
2010-11-07,17:54:00,1.576,0.064,233.140,6.800,0.000,1.000,0.0
2010-11-07,17:55:00,1.572,0.062,232.660,6.800,0.000,2.000,1.0
2010-11-07,17:56:00,1.564,0.060,232.110,6.800,0.000,1.000,0.0
2010-11-07,17:57:00,1.574,0.064,233.220,6.800,0.000,1.000,1.0
2010-11-07,17:58:00,1.566,0.062,232.350,6.800,0.000,1.000,1.0
2010-11-07,17:59:00,1.600,0.060,231.940,6.800,0.000,1.000,0.0
2010-11-07,18:00:00,1.660,0.060,232.590,7.200,0.000,1.000,1.0
2010-11-07,18:01:00,1.578,0.064,233.610,6.800,0.000,1.000,0.0
2010-11-07,18:02:00,1.566,0.062,232.500,6.800,0.000,2.000,1.0
2010-11-07,18:03:00,1.672,0.168,232.340,7.200,0.000,1.000,1.0
2010-11-07,18:04:00,1.678,0.186,233.250,7.200,0.000,1.000,0.0
2010-11-07,18:05:00,1.674,0.186,233.070,7.200,0.000,1.000,1.0
2010-11-07,18:06:00,1.676,0.186,233.480,7.200,0.000,1.000,0.0
2010-11-07,18:07:00,1.668,0.184,232.890,7.200,0.000,1.000,1.0
2010-11-07,18:08:00,1.656,0.180,231.830,7.200,0.000,1.000,1.0
2010-11-07,18:09:00,1.656,0.180,231.870,7.200,0.000,1.000,0.0
2010-11-07,18:10:00,1.658,0.184,232.520,7.200,0.000,2.000,1.0
2010-11-07,18:11:00,1.658,0.184,232.620,7.200,0.000,1.000,0.0
2010-11-07,18:12:00,1.654,0.180,231.920,7.200,0.000,1.000,1.0
2010-11-07,18:13:00,1.654,0.180,231.840,7.200,0.000,1.000,1.0
2010-11-07,18:14:00,1.650,0.176,231.020,7.200,0.000,1.000,0.0
2010-11-07,18:15:00,1.714,0.174,230.530,7.400,0.000,1.000,1.0
2010-11-07,18:16:00,1.676,0.138,230.410,7.200,0.000,1.000,0.0
2010-11-07,18:17:00,1.554,0.056,231.090,6.600,0.000,1.000,1.0
2010-11-07,18:18:00,1.638,0.150,230.630,7.200,0.000,2.000,1.0
2010-11-07,18:19:00,1.624,0.152,231.040,7.000,0.000,1.000,0.0
2010-11-07,18:20:00,1.628,0.154,231.540,7.000,0.000,1.000,1.0
2010-11-07,18:21:00,1.628,0.154,231.440,7.000,0.000,1.000,0.0
2010-11-07,18:22:00,1.626,0.152,231.440,7.000,0.000,1.000,1.0
2010-11-07,18:23:00,1.630,0.154,231.940,7.000,0.000,1.000,1.0
2010-11-07,18:24:00,1.630,0.154,231.980,7.000,0.000,1.000,0.0
2010-11-07,18:25:00,1.626,0.154,231.620,7.000,0.000,1.000,1.0
2010-11-07,18:26:00,1.594,0.142,231.750,6.800,0.000,2.000,0.0
2010-11-07,18:27:00,1.532,0.060,231.240,6.600,0.000,1.000,1.0
2010-11-07,18:28:00,1.650,0.052,230.770,7.200,0.000,1.000,0.0
2010-11-07,18:29:00,2.014,0.000,230.300,8.600,0.000,1.000,1.0
2010-11-07,18:30:00,1.810,0.048,230.330,7.800,0.000,1.000,1.0
2010-11-07,18:31:00,1.532,0.060,230.910,6.600,0.000,1.000,0.0
2010-11-07,18:32:00,1.532,0.060,230.930,6.600,0.000,1.000,1.0
2010-11-07,18:33:00,1.620,0.060,231.080,7.000,0.000,1.000,0.0
2010-11-07,18:34:00,1.690,0.060,230.850,7.400,0.000,1.000,1.0
2010-11-07,18:35:00,1.540,0.062,231.850,6.600,0.000,2.000,1.0
2010-11-07,18:36:00,1.578,0.098,231.920,6.800,0.000,1.000,0.0
2010-11-07,18:37:00,1.638,0.182,231.580,7.000,0.000,1.000,1.0
2010-11-07,18:38:00,1.628,0.180,231.100,7.000,0.000,1.000,0.0
2010-11-07,18:39:00,1.614,0.174,229.680,7.000,0.000,1.000,1.0
2010-11-07,18:40:00,1.606,0.172,229.060,7.000,0.000,1.000,1.0
2010-11-07,18:41:00,1.646,0.168,230.100,7.200,0.000,1.000,0.0
2010-11-07,18:42:00,2.346,0.220,228.970,10.200,0.000,1.000,1.0
2010-11-07,18:43:00,2.378,0.112,228.450,10.400,0.000,1.000,0.0
2010-11-07,18:44:00,2.282,0.000,228.870,10.000,0.000,0.000,1.0
2010-11-07,18:45:00,2.602,0.102,228.530,11.600,0.000,0.000,0.0
2010-11-07,18:46:00,2.640,0.156,228.180,12.000,0.000,0.000,1.0
2010-11-07,18:47:00,2.760,0.290,228.100,12.400,0.000,0.000,1.0
2010-11-07,18:48:00,2.776,0.286,227.990,12.400,0.000,0.000,0.0
2010-11-07,18:49:00,2.904,0.260,227.390,13.000,0.000,0.000,1.0
2010-11-07,18:50:00,2.730,0.212,227.610,12.000,0.000,0.000,0.0
2010-11-07,18:51:00,2.710,0.212,227.630,11.800,0.000,0.000,1.0
2010-11-07,18:52:00,2.728,0.210,228.840,11.800,0.000,0.000,1.0
2010-11-07,18:53:00,2.790,0.242,230.070,12.200,0.000,0.000,0.0
2010-11-07,18:54:00,2.822,0.304,230.000,12.200,0.000,0.000,1.0
2010-11-07,18:55:00,2.814,0.300,229.390,12.200,0.000,0.000,0.0
2010-11-07,18:56:00,2.804,0.294,228.620,12.200,0.000,0.000,1.0
2010-11-07,18:57:00,2.672,0.302,230.350,11.600,0.000,0.000,0.0
2010-11-07,18:58:00,2.234,0.304,230.260,9.800,0.000,0.000,1.0
2010-11-07,18:59:00,2.248,0.308,231.200,9.800,0.000,0.000,1.0
2010-11-07,19:00:00,2.268,0.314,232.770,9.800,0.000,0.000,0.0
2010-11-07,19:01:00,2.262,0.312,232.430,9.800,0.000,0.000,1.0
2010-11-07,19:02:00,2.252,0.310,231.980,9.800,0.000,0.000,0.0
2010-11-07,19:03:00,2.000,0.310,231.350,8.600,0.000,0.000,1.0
2010-11-07,19:04:00,1.508,0.206,230.150,6.600,0.000,0.000,1.0
2010-11-07,19:05:00,2.728,0.346,229.650,12.200,0.000,0.000,0.0
2010-11-07,19:06:00,2.974,0.340,231.000,13.000,0.000,0.000,1.0
2010-11-07,19:07:00,2.828,0.314,231.510,12.400,0.000,0.000,0.0
2010-11-07,19:08:00,2.750,0.300,232.330,12.000,0.000,0.000,1.0
2010-11-07,19:09:00,1.696,0.226,234.020,7.800,0.000,0.000,1.0
2010-11-07,19:10:00,1.304,0.200,234.450,5.600,0.000,0.000,0.0
2010-11-07,19:11:00,1.238,0.118,233.600,5.200,0.000,0.000,1.0
2010-11-07,19:12:00,2.110,0.136,231.600,9.600,0.000,0.000,0.0
2010-11-07,19:13:00,1.844,0.086,231.780,8.400,0.000,0.000,1.0
2010-11-07,19:14:00,1.444,0.000,231.010,6.200,0.000,0.000,1.0
2010-11-07,19:15:00,1.224,0.000,231.240,5.200,0.000,0.000,0.0
2010-11-07,19:16:00,1.950,0.078,229.930,9.000,0.000,0.000,1.0
2010-11-07,19:17:00,2.112,0.054,229.990,9.600,0.000,0.000,0.0
2010-11-07,19:18:00,1.198,0.000,231.770,5.000,0.000,0.000,1.0
2010-11-07,19:19:00,1.196,0.000,232.220,5.000,0.000,0.000,1.0
2010-11-07,19:20:00,1.188,0.000,231.100,5.000,0.000,0.000,0.0
2010-11-07,19:21:00,1.188,0.000,230.880,5.000,0.000,0.000,1.0
2010-11-07,19:22:00,1.194,0.000,231.630,5.000,0.000,0.000,0.0
2010-11-07,19:23:00,1.192,0.000,231.440,5.000,0.000,0.000,1.0
2010-11-07,19:24:00,1.200,0.000,232.480,5.000,0.000,0.000,1.0
2010-11-07,19:25:00,1.202,0.000,232.860,5.000,0.000,0.000,0.0
2010-11-07,19:26:00,1.206,0.000,233.170,5.000,0.000,0.000,1.0
2010-11-07,19:27:00,1.106,0.046,233.730,4.600,0.000,0.000,0.0
2010-11-07,19:28:00,1.100,0.000,234.180,4.600,0.000,0.000,1.0
2010-11-07,19:29:00,1.112,0.046,234.320,4.600,0.000,0.000,1.0
2010-11-07,19:30:00,1.106,0.046,233.860,4.600,0.000,0.000,0.0
2010-11-07,19:31:00,1.104,0.046,233.810,4.600,0.000,0.000,1.0
2010-11-07,19:32:00,1.156,0.102,232.120,5.000,0.000,0.000,0.0
2010-11-07,19:33:00,1.166,0.136,232.190,5.000,0.000,0.000,1.0
2010-11-07,19:34:00,1.188,0.140,232.640,5.000,0.000,0.000,1.0
2010-11-07,19:35:00,1.206,0.140,232.690,5.200,0.000,0.000,0.0
2010-11-07,19:36:00,1.166,0.138,232.960,5.000,0.000,0.000,1.0
2010-11-07,19:37:00,1.170,0.142,233.760,5.000,0.000,0.000,0.0
2010-11-07,19:38:00,2.072,0.128,232.000,9.000,0.000,0.000,15.0
2010-11-07,19:39:00,2.384,0.122,230.860,10.400,0.000,0.000,17.0
2010-11-07,19:40:00,2.708,0.118,230.830,11.600,0.000,0.000,18.0
2010-11-07,19:41:00,2.708,0.120,231.540,11.600,0.000,0.000,17.0
2010-11-07,19:42:00,2.698,0.120,231.470,11.600,0.000,0.000,17.0
2010-11-07,19:43:00,2.696,0.120,231.440,11.600,0.000,0.000,17.0
2010-11-07,19:44:00,2.638,0.060,231.810,11.400,0.000,0.000,18.0
2010-11-07,19:45:00,2.618,0.000,232.070,11.200,0.000,0.000,17.0
2010-11-07,19:46:00,2.658,0.096,232.450,11.400,0.000,0.000,17.0
2010-11-07,19:47:00,3.248,0.094,232.400,14.200,0.000,0.000,17.0
2010-11-07,19:48:00,2.860,0.080,232.500,12.400,0.000,0.000,17.0
2010-11-07,19:49:00,2.918,0.080,231.850,12.800,0.000,0.000,18.0
2010-11-07,19:50:00,2.338,0.104,231.540,10.000,0.000,0.000,17.0
2010-11-07,19:51:00,2.612,0.110,230.950,11.200,0.000,0.000,17.0
2010-11-07,19:52:00,2.716,0.114,230.350,11.800,0.000,0.000,17.0
2010-11-07,19:53:00,2.516,0.108,230.770,10.800,0.000,0.000,16.0
2010-11-07,19:54:00,2.350,0.118,230.960,10.200,0.000,0.000,17.0
2010-11-07,19:55:00,2.438,0.136,231.320,10.400,0.000,0.000,17.0
2010-11-07,19:56:00,2.444,0.136,231.570,10.400,0.000,0.000,18.0
2010-11-07,19:57:00,2.432,0.136,230.840,10.400,0.000,0.000,16.0
2010-11-07,19:58:00,2.434,0.136,231.050,10.400,0.000,0.000,17.0
2010-11-07,19:59:00,2.444,0.136,231.070,10.600,0.000,0.000,17.0
2010-11-07,20:00:00,2.458,0.136,231.860,10.600,0.000,0.000,18.0
2010-11-07,20:01:00,2.460,0.136,232.000,10.600,0.000,0.000,17.0
2010-11-07,20:02:00,2.432,0.134,230.540,10.400,0.000,0.000,17.0
2010-11-07,20:03:00,2.496,0.066,230.320,10.800,0.000,0.000,16.0
2010-11-07,20:04:00,2.520,0.000,230.300,10.800,0.000,0.000,17.0
2010-11-07,20:05:00,2.540,0.000,231.460,10.800,0.000,0.000,17.0
2010-11-07,20:06:00,2.544,0.000,231.850,11.000,0.000,0.000,17.0
2010-11-07,20:07:00,2.558,0.000,232.650,11.000,0.000,0.000,18.0
2010-11-07,20:08:00,2.540,0.000,231.810,10.800,0.000,0.000,17.0
2010-11-07,20:09:00,2.544,0.000,232.060,10.800,0.000,0.000,17.0
2010-11-07,20:10:00,2.546,0.000,232.270,10.800,0.000,0.000,17.0
2010-11-07,20:11:00,2.554,0.000,232.840,10.800,0.000,0.000,17.0
2010-11-07,20:12:00,2.616,0.000,233.040,11.200,0.000,0.000,18.0
2010-11-07,20:13:00,2.612,0.076,231.600,11.200,0.000,0.000,17.0
2010-11-07,20:14:00,2.616,0.078,231.890,11.200,0.000,0.000,17.0
2010-11-07,20:15:00,2.624,0.080,232.400,11.200,0.000,0.000,17.0
2010-11-07,20:16:00,2.610,0.078,231.930,11.200,0.000,0.000,17.0
2010-11-07,20:17:00,2.600,0.078,231.640,11.200,0.000,0.000,17.0
2010-11-07,20:18:00,2.546,0.000,232.210,10.800,0.000,0.000,17.0
2010-11-07,20:19:00,2.514,0.000,231.840,10.800,0.000,0.000,17.0
2010-11-07,20:20:00,2.506,0.000,231.350,10.800,0.000,0.000,17.0
2010-11-07,20:21:00,2.520,0.000,232.580,10.800,0.000,0.000,17.0
2010-11-07,20:22:00,2.448,0.126,231.630,10.600,0.000,0.000,18.0
2010-11-07,20:23:00,2.382,0.126,230.830,10.200,0.000,0.000,17.0
2010-11-07,20:24:00,2.148,0.110,232.320,9.200,0.000,0.000,17.0
2010-11-07,20:25:00,2.142,0.114,233.260,9.200,0.000,0.000,17.0
2010-11-07,20:26:00,2.110,0.114,232.790,9.000,0.000,0.000,17.0
2010-11-07,20:27:00,2.182,0.114,233.460,9.400,0.000,0.000,17.0
2010-11-07,20:28:00,2.432,0.118,232.990,10.400,0.000,0.000,18.0
2010-11-07,20:29:00,2.436,0.118,233.250,10.400,0.000,0.000,17.0
2010-11-07,20:30:00,2.434,0.118,233.090,10.400,0.000,0.000,17.0
2010-11-07,20:31:00,2.430,0.120,232.880,10.400,0.000,0.000,18.0
2010-11-07,20:32:00,2.424,0.120,232.530,10.400,0.000,0.000,17.0
2010-11-07,20:33:00,2.424,0.120,232.500,10.400,0.000,0.000,17.0
2010-11-07,20:34:00,2.416,0.120,232.100,10.400,0.000,0.000,17.0
2010-11-07,20:35:00,2.438,0.118,233.580,10.400,0.000,0.000,17.0
2010-11-07,20:36:00,2.124,0.114,233.970,9.200,0.000,0.000,14.0
2010-11-07,20:37:00,1.480,0.078,235.020,6.200,0.000,0.000,1.0
2010-11-07,20:38:00,1.542,0.000,234.270,6.600,0.000,0.000,0.0
2010-11-07,20:39:00,1.524,0.000,232.650,6.600,0.000,0.000,1.0
2010-11-07,20:40:00,1.526,0.000,233.030,6.600,0.000,0.000,0.0
2010-11-07,20:41:00,1.536,0.000,234.440,6.600,0.000,0.000,1.0
2010-11-07,20:42:00,1.538,0.000,234.550,6.600,0.000,0.000,1.0
2010-11-07,20:43:00,1.548,0.000,235.810,6.600,0.000,0.000,0.0
2010-11-07,20:44:00,1.566,0.000,237.860,6.600,0.000,0.000,1.0
2010-11-07,20:45:00,1.552,0.000,236.490,6.600,0.000,0.000,0.0
2010-11-07,20:46:00,1.558,0.000,236.880,6.600,0.000,0.000,1.0
2010-11-07,20:47:00,1.554,0.000,236.590,6.600,0.000,0.000,1.0
2010-11-07,20:48:00,1.546,0.000,236.010,6.600,0.000,0.000,0.0
2010-11-07,20:49:00,1.630,0.108,235.510,7.000,0.000,0.000,1.0
2010-11-07,20:50:00,1.618,0.114,235.550,6.800,0.000,0.000,1.0
2010-11-07,20:51:00,1.618,0.114,235.410,6.800,0.000,0.000,0.0
2010-11-07,20:52:00,1.574,0.054,235.380,6.600,0.000,0.000,1.0
2010-11-07,20:53:00,1.562,0.000,235.680,6.600,0.000,0.000,0.0
2010-11-07,20:54:00,1.606,0.000,235.480,6.800,0.000,0.000,1.0
2010-11-07,20:55:00,1.518,0.000,235.160,6.400,0.000,0.000,1.0
2010-11-07,20:56:00,1.526,0.000,236.230,6.400,0.000,0.000,0.0
2010-11-07,20:57:00,1.526,0.000,236.130,6.400,0.000,0.000,1.0
2010-11-07,20:58:00,1.468,0.084,235.540,6.200,0.000,0.000,0.0
2010-11-07,20:59:00,1.452,0.108,235.620,6.200,0.000,0.000,1.0
2010-11-07,21:00:00,1.490,0.108,235.410,6.400,0.000,0.000,1.0
2010-11-07,21:01:00,1.382,0.108,234.730,5.800,0.000,0.000,0.0
2010-11-07,21:02:00,1.218,0.106,234.920,5.200,0.000,0.000,1.0
2010-11-07,21:03:00,1.222,0.104,235.200,5.200,0.000,0.000,1.0
2010-11-07,21:04:00,1.230,0.104,236.340,5.200,0.000,0.000,0.0
2010-11-07,21:05:00,1.238,0.102,237.230,5.200,0.000,0.000,1.0
2010-11-07,21:06:00,0.968,0.068,237.220,4.200,0.000,0.000,0.0
2010-11-07,21:07:00,1.232,0.000,237.200,5.200,0.000,0.000,1.0
2010-11-07,21:08:00,1.450,0.000,237.910,6.000,0.000,0.000,1.0
2010-11-07,21:09:00,1.652,0.000,236.970,7.000,0.000,0.000,0.0
2010-11-07,21:10:00,1.644,0.000,236.560,6.800,0.000,0.000,1.0
2010-11-07,21:11:00,1.636,0.000,237.290,6.800,0.000,0.000,1.0
2010-11-07,21:12:00,1.598,0.000,237.200,6.800,0.000,0.000,0.0
2010-11-07,21:13:00,1.628,0.096,237.660,6.800,0.000,0.000,1.0
2010-11-07,21:14:00,1.610,0.090,236.220,6.800,0.000,0.000,0.0
2010-11-07,21:15:00,1.610,0.090,236.300,6.800,0.000,0.000,1.0
2010-11-07,21:16:00,1.640,0.094,237.560,6.800,0.000,0.000,1.0
2010-11-07,21:17:00,1.624,0.088,235.520,6.800,0.000,0.000,0.0
2010-11-07,21:18:00,1.696,0.126,235.710,7.200,0.000,0.000,1.0
2010-11-07,21:19:00,2.164,0.332,235.490,9.200,0.000,0.000,10.0
2010-11-07,21:20:00,2.180,0.330,235.230,9.400,0.000,0.000,10.0
2010-11-07,21:21:00,2.224,0.336,236.070,9.400,0.000,0.000,11.0
2010-11-07,21:22:00,2.312,0.352,236.140,9.800,0.000,0.000,11.0
2010-11-07,21:23:00,2.336,0.350,235.500,10.000,0.000,0.000,11.0
2010-11-07,21:24:00,2.338,0.346,235.160,10.000,0.000,0.000,11.0
2010-11-07,21:25:00,2.370,0.366,235.270,10.200,0.000,0.000,11.0
2010-11-07,21:26:00,2.400,0.432,234.010,10.400,0.000,0.000,11.0
2010-11-07,21:27:00,2.364,0.372,234.050,10.200,0.000,0.000,11.0
2010-11-07,21:28:00,2.324,0.316,234.690,10.000,0.000,0.000,11.0
2010-11-07,21:29:00,2.316,0.310,234.320,10.000,0.000,0.000,11.0
2010-11-07,21:30:00,1.914,0.160,235.720,8.200,0.000,0.000,5.0
2010-11-07,21:31:00,1.692,0.102,236.790,7.200,0.000,0.000,1.0
2010-11-07,21:32:00,1.678,0.112,236.710,7.000,0.000,0.000,0.0
2010-11-07,21:33:00,1.664,0.108,235.440,7.000,0.000,0.000,1.0
2010-11-07,21:34:00,1.658,0.088,236.310,7.000,0.000,0.000,1.0
2010-11-07,21:35:00,1.618,0.000,237.500,6.800,0.000,0.000,0.0
2010-11-07,21:36:00,1.632,0.000,238.920,6.800,0.000,0.000,1.0
2010-11-07,21:37:00,1.634,0.000,239.170,6.800,0.000,0.000,1.0
2010-11-07,21:38:00,1.722,0.136,238.730,7.200,0.000,0.000,0.0
2010-11-07,21:39:00,1.704,0.136,238.640,7.200,0.000,2.000,1.0
2010-11-07,21:40:00,1.690,0.132,237.700,7.000,0.000,1.000,0.0
2010-11-07,21:41:00,1.676,0.128,236.450,7.000,0.000,1.000,1.0
2010-11-07,21:42:00,1.674,0.128,236.220,7.000,0.000,2.000,1.0
2010-11-07,21:43:00,1.676,0.128,236.240,7.000,0.000,1.000,0.0
2010-11-07,21:44:00,1.686,0.130,236.820,7.000,0.000,1.000,1.0
2010-11-07,21:45:00,1.678,0.128,236.640,7.000,0.000,2.000,0.0
2010-11-07,21:46:00,1.674,0.132,237.330,7.000,0.000,1.000,1.0
2010-11-07,21:47:00,1.674,0.132,237.250,7.000,0.000,1.000,1.0
2010-11-07,21:48:00,1.754,0.224,235.950,7.400,0.000,2.000,0.0
2010-11-07,21:49:00,1.760,0.254,235.760,7.400,0.000,1.000,1.0
2010-11-07,21:50:00,1.738,0.246,234.270,7.400,0.000,2.000,1.0
2010-11-07,21:51:00,1.738,0.248,234.340,7.400,0.000,1.000,0.0
2010-11-07,21:52:00,1.722,0.244,233.210,7.400,0.000,1.000,1.0
2010-11-07,21:53:00,1.720,0.246,233.620,7.400,0.000,2.000,0.0
2010-11-07,21:54:00,1.718,0.248,234.400,7.400,0.000,1.000,1.0
2010-11-07,21:55:00,1.870,0.250,235.020,8.000,0.000,1.000,1.0
2010-11-07,21:56:00,1.726,0.252,235.170,7.400,0.000,2.000,0.0
2010-11-07,21:57:00,1.720,0.252,234.710,7.400,0.000,1.000,1.0
2010-11-07,21:58:00,1.658,0.254,235.620,7.000,0.000,1.000,0.0
2010-11-07,21:59:00,1.502,0.238,236.100,6.400,0.000,1.000,1.0
2010-11-07,22:00:00,1.362,0.238,235.720,5.800,0.000,2.000,1.0
2010-11-07,22:01:00,1.370,0.244,236.900,5.800,0.000,1.000,0.0
2010-11-07,22:02:00,1.396,0.258,236.980,6.000,0.000,1.000,1.0
2010-11-07,22:03:00,1.382,0.258,236.680,5.800,0.000,1.000,1.0
2010-11-07,22:04:00,1.352,0.214,236.820,5.800,0.000,2.000,0.0
2010-11-07,22:05:00,1.354,0.216,237.060,5.800,0.000,1.000,1.0
2010-11-07,22:06:00,1.358,0.218,237.840,5.800,0.000,1.000,0.0
2010-11-07,22:07:00,1.364,0.222,238.500,5.800,0.000,1.000,1.0
2010-11-07,22:08:00,1.360,0.220,238.320,5.800,0.000,1.000,1.0
2010-11-07,22:09:00,1.358,0.220,238.290,5.800,0.000,2.000,0.0
2010-11-07,22:10:00,1.350,0.218,237.690,5.600,0.000,1.000,1.0
2010-11-07,22:11:00,1.346,0.208,238.040,5.600,0.000,1.000,1.0
2010-11-07,22:12:00,1.280,0.116,237.580,5.400,0.000,1.000,0.0
2010-11-07,22:13:00,1.276,0.114,237.130,5.400,0.000,1.000,1.0
2010-11-07,22:14:00,1.278,0.116,237.420,5.400,0.000,2.000,0.0
2010-11-07,22:15:00,1.280,0.116,237.800,5.400,0.000,1.000,1.0
2010-11-07,22:16:00,1.296,0.122,239.180,5.400,0.000,1.000,1.0
2010-11-07,22:17:00,1.310,0.128,240.780,5.400,0.000,1.000,0.0
2010-11-07,22:18:00,1.310,0.128,241.030,5.400,0.000,1.000,1.0
2010-11-07,22:19:00,1.306,0.128,240.630,5.400,0.000,1.000,1.0
2010-11-07,22:20:00,1.302,0.126,240.280,5.400,0.000,2.000,0.0
2010-11-07,22:21:00,1.300,0.126,240.180,5.400,0.000,1.000,1.0
2010-11-07,22:22:00,1.296,0.126,240.070,5.400,0.000,1.000,1.0
2010-11-07,22:23:00,1.296,0.126,239.890,5.400,0.000,1.000,0.0
2010-11-07,22:24:00,1.388,0.226,239.500,5.800,0.000,1.000,1.0
2010-11-07,22:25:00,1.404,0.258,239.940,5.800,0.000,1.000,0.0
2010-11-07,22:26:00,1.404,0.262,240.530,5.800,0.000,1.000,1.0
2010-11-07,22:27:00,1.410,0.266,241.370,5.800,0.000,2.000,1.0
2010-11-07,22:28:00,1.404,0.264,240.870,5.800,0.000,1.000,0.0
2010-11-07,22:29:00,1.398,0.262,240.450,5.800,0.000,1.000,1.0
2010-11-07,22:30:00,1.398,0.260,240.410,5.800,0.000,1.000,1.0
2010-11-07,22:31:00,1.698,0.284,241.030,7.000,0.000,1.000,0.0
2010-11-07,22:32:00,2.040,0.284,240.930,8.600,0.000,1.000,1.0
2010-11-07,22:33:00,2.210,0.282,240.880,9.200,0.000,2.000,1.0
2010-11-07,22:34:00,1.760,0.292,241.740,7.400,0.000,1.000,0.0
2010-11-07,22:35:00,1.552,0.286,241.600,6.400,0.000,1.000,1.0
2010-11-07,22:36:00,1.452,0.278,240.130,6.200,0.000,1.000,1.0
2010-11-07,22:37:00,1.446,0.274,239.560,6.200,0.000,1.000,0.0
2010-11-07,22:38:00,1.454,0.276,239.770,6.200,0.000,1.000,1.0
2010-11-07,22:39:00,1.488,0.290,239.490,6.400,0.000,1.000,0.0
2010-11-07,22:40:00,1.444,0.242,239.020,6.000,0.000,2.000,1.0
2010-11-07,22:41:00,1.450,0.246,239.900,6.000,0.000,1.000,1.0
2010-11-07,22:42:00,1.428,0.222,239.750,6.000,0.000,1.000,0.0
2010-11-07,22:43:00,1.398,0.218,239.590,5.800,0.000,1.000,1.0
2010-11-07,22:44:00,1.320,0.222,239.790,5.600,0.000,1.000,1.0
2010-11-07,22:45:00,1.552,0.218,240.170,6.600,0.000,1.000,0.0
2010-11-07,22:46:00,1.656,0.220,240.660,7.000,0.000,1.000,1.0
2010-11-07,22:47:00,1.156,0.230,241.480,4.800,0.000,2.000,1.0
2010-11-07,22:48:00,1.114,0.170,241.010,4.600,0.000,1.000,0.0
2010-11-07,22:49:00,1.076,0.120,240.080,4.600,0.000,1.000,1.0
2010-11-07,22:50:00,1.036,0.122,240.260,4.400,0.000,1.000,0.0
2010-11-07,22:51:00,0.852,0.126,240.560,3.600,0.000,1.000,1.0
2010-11-07,22:52:00,0.940,0.124,240.490,4.000,0.000,1.000,1.0
2010-11-07,22:53:00,0.960,0.130,241.160,4.000,0.000,1.000,0.0
2010-11-07,22:54:00,0.982,0.130,241.080,4.000,0.000,2.000,1.0
2010-11-07,22:55:00,0.888,0.128,241.030,3.800,0.000,1.000,1.0
2010-11-07,22:56:00,0.424,0.106,241.340,1.800,0.000,1.000,0.0
2010-11-07,22:57:00,0.432,0.104,241.540,1.800,0.000,1.000,1.0
2010-11-07,22:58:00,0.504,0.102,241.630,2.000,0.000,1.000,1.0
2010-11-07,22:59:00,0.530,0.098,240.800,2.200,0.000,1.000,0.0
2010-11-07,23:00:00,0.572,0.134,241.120,2.400,0.000,1.000,1.0
2010-11-07,23:01:00,0.642,0.236,241.720,2.800,0.000,2.000,1.0
2010-11-07,23:02:00,0.640,0.238,241.840,2.800,0.000,1.000,0.0
2010-11-07,23:03:00,0.638,0.240,242.220,2.800,0.000,1.000,1.0
2010-11-07,23:04:00,0.638,0.242,242.750,2.800,0.000,1.000,1.0
2010-11-07,23:05:00,0.636,0.240,242.440,2.800,0.000,1.000,0.0
2010-11-07,23:06:00,0.634,0.242,242.590,2.800,0.000,1.000,1.0
2010-11-07,23:07:00,0.634,0.244,242.950,2.800,0.000,1.000,0.0
2010-11-07,23:08:00,0.632,0.244,243.070,2.800,0.000,1.000,1.0
2010-11-07,23:09:00,0.632,0.244,243.060,2.800,0.000,2.000,1.0
2010-11-07,23:10:00,0.630,0.242,242.670,2.800,0.000,1.000,0.0
2010-11-07,23:11:00,0.630,0.244,242.920,2.800,0.000,1.000,1.0
2010-11-07,23:12:00,0.630,0.242,242.730,2.800,0.000,1.000,1.0
2010-11-07,23:13:00,0.624,0.236,241.600,2.600,0.000,1.000,0.0
2010-11-07,23:14:00,0.626,0.238,241.950,2.600,0.000,1.000,1.0
2010-11-07,23:15:00,0.602,0.206,242.300,2.600,0.000,1.000,1.0
2010-11-07,23:16:00,0.578,0.142,243.000,2.400,0.000,2.000,0.0
2010-11-07,23:17:00,0.614,0.214,243.310,2.600,0.000,1.000,1.0
2010-11-07,23:18:00,0.616,0.214,243.250,2.600,0.000,1.000,1.0
2010-11-07,23:19:00,0.612,0.210,242.450,2.600,0.000,1.000,0.0
2010-11-07,23:20:00,0.610,0.210,242.640,2.600,0.000,1.000,1.0
2010-11-07,23:21:00,0.610,0.210,242.590,2.600,0.000,1.000,1.0
2010-11-07,23:22:00,0.602,0.210,242.550,2.600,0.000,1.000,0.0
2010-11-07,23:23:00,0.492,0.214,242.960,2.200,0.000,1.000,1.0
2010-11-07,23:24:00,0.402,0.192,243.310,1.800,0.000,2.000,1.0
2010-11-07,23:25:00,0.352,0.118,242.870,1.600,0.000,1.000,0.0
2010-11-07,23:26:00,0.328,0.080,242.030,1.400,0.000,1.000,1.0
2010-11-07,23:27:00,0.286,0.000,241.690,1.200,0.000,0.000,1.0
2010-11-07,23:28:00,0.260,0.000,242.590,1.000,0.000,0.000,0.0
2010-11-07,23:29:00,0.260,0.000,242.430,1.000,0.000,0.000,1.0
2010-11-07,23:30:00,0.258,0.000,241.660,1.000,0.000,0.000,0.0
2010-11-07,23:31:00,0.254,0.000,239.610,1.000,0.000,0.000,1.0
2010-11-07,23:32:00,0.256,0.000,239.940,1.000,0.000,0.000,1.0
2010-11-07,23:33:00,0.256,0.000,240.270,1.000,0.000,0.000,0.0
2010-11-07,23:34:00,0.258,0.000,240.970,1.000,0.000,0.000,1.0
2010-11-07,23:35:00,0.258,0.000,241.600,1.000,0.000,0.000,1.0
2010-11-07,23:36:00,0.258,0.000,241.310,1.000,0.000,0.000,0.0
2010-11-07,23:37:00,0.374,0.082,240.940,1.600,0.000,0.000,1.0
2010-11-07,23:38:00,0.366,0.088,240.970,1.600,0.000,0.000,1.0
2010-11-07,23:39:00,0.362,0.090,241.310,1.600,0.000,0.000,0.0
2010-11-07,23:40:00,0.362,0.092,241.640,1.600,0.000,0.000,1.0
2010-11-07,23:41:00,0.360,0.090,241.560,1.400,0.000,0.000,1.0
2010-11-07,23:42:00,0.360,0.094,242.410,1.400,0.000,0.000,0.0
2010-11-07,23:43:00,0.358,0.092,241.990,1.400,0.000,0.000,1.0
2010-11-07,23:44:00,0.356,0.092,241.850,1.400,0.000,0.000,0.0
2010-11-07,23:45:00,0.354,0.088,240.830,1.400,0.000,0.000,1.0
2010-11-07,23:46:00,0.352,0.088,240.560,1.400,0.000,0.000,1.0
2010-11-07,23:47:00,0.352,0.088,240.520,1.400,0.000,0.000,0.0
2010-11-07,23:48:00,0.350,0.086,239.990,1.400,0.000,0.000,1.0
2010-11-07,23:49:00,0.350,0.088,240.270,1.400,0.000,0.000,1.0
2010-11-07,23:50:00,0.350,0.090,240.680,1.400,0.000,0.000,0.0
2010-11-07,23:51:00,0.350,0.090,240.850,1.400,0.000,0.000,1.0
2010-11-07,23:52:00,0.298,0.000,241.080,1.200,0.000,0.000,1.0
2010-11-07,23:53:00,0.258,0.000,241.350,1.000,0.000,0.000,0.0
2010-11-07,23:54:00,0.326,0.000,241.140,1.400,0.000,0.000,1.0
2010-11-07,23:55:00,0.334,0.060,240.610,1.400,0.000,0.000,1.0
2010-11-07,23:56:00,0.338,0.062,241.150,1.400,0.000,0.000,0.0
2010-11-07,23:57:00,0.336,0.062,241.170,1.400,0.000,0.000,1.0
2010-11-07,23:58:00,0.336,0.062,241.390,1.400,0.000,0.000,0.0
2010-11-07,23:59:00,0.334,0.062,241.170,1.400,0.000,0.000,1.0
