Date,Time,Global_active_power,Global_reactive_power,Voltage,Global_intensity,Sub_metering_1,Sub_metering_2,Sub_metering_3
2008-06-11,00:00:00,0.160,0.000,242.690,0.600,0.000,0.000,0.0
2008-06-11,00:01:00,0.160,0.000,242.110,0.600,0.000,0.000,1.0
2008-06-11,00:02:00,0.160,0.000,242.040,0.600,0.000,0.000,1.0
2008-06-11,00:03:00,0.160,0.000,242.330,0.600,0.000,0.000,0.0
2008-06-11,00:04:00,0.160,0.000,242.190,0.600,0.000,0.000,1.0
2008-06-11,00:05:00,0.160,0.000,242.270,0.600,0.000,0.000,1.0
2008-06-11,00:06:00,0.160,0.000,242.310,0.600,0.000,0.000,0.0
2008-06-11,00:07:00,0.162,0.000,242.190,0.600,0.000,0.000,1.0
2008-06-11,00:08:00,0.162,0.000,242.060,0.600,0.000,0.000,1.0
2008-06-11,00:09:00,0.162,0.000,242.380,0.600,0.000,0.000,0.0
2008-06-11,00:10:00,0.162,0.000,242.140,0.600,0.000,0.000,1.0
2008-06-11,00:11:00,0.160,0.000,242.010,0.600,0.000,0.000,1.0
2008-06-11,00:12:00,0.160,0.000,242.020,0.600,0.000,0.000,0.0
2008-06-11,00:13:00,0.250,0.102,241.860,1.200,0.000,0.000,1.0
2008-06-11,00:14:00,0.262,0.122,241.350,1.200,0.000,0.000,1.0
2008-06-11,00:15:00,0.348,0.240,241.790,1.600,0.000,0.000,0.0
2008-06-11,00:16:00,0.344,0.240,241.760,1.600,0.000,0.000,1.0
2008-06-11,00:17:00,0.340,0.242,241.820,1.600,0.000,0.000,1.0
2008-06-11,00:18:00,0.336,0.242,241.770,1.600,0.000,0.000,0.0
2008-06-11,00:19:00,0.332,0.242,241.640,1.600,0.000,0.000,1.0
2008-06-11,00:20:00,0.330,0.242,241.690,1.600,0.000,0.000,1.0
2008-06-11,00:21:00,0.328,0.240,241.480,1.600,0.000,0.000,0.0
2008-06-11,00:22:00,0.326,0.240,241.330,1.600,0.000,0.000,1.0
2008-06-11,00:23:00,0.318,0.228,241.110,1.600,0.000,0.000,1.0
2008-06-11,00:24:00,0.254,0.134,240.680,1.200,0.000,0.000,0.0
2008-06-11,00:25:00,0.254,0.134,240.640,1.200,0.000,0.000,1.0
2008-06-11,00:26:00,0.254,0.136,240.860,1.200,0.000,0.000,1.0
2008-06-11,00:27:00,0.254,0.136,241.060,1.200,0.000,0.000,0.0
2008-06-11,00:28:00,0.254,0.138,241.530,1.200,0.000,0.000,1.0
2008-06-11,00:29:00,0.254,0.136,241.350,1.200,0.000,0.000,1.0
2008-06-11,00:30:00,0.254,0.136,241.190,1.200,0.000,0.000,0.0
2008-06-11,00:31:00,0.192,0.048,241.890,0.800,0.000,0.000,1.0
2008-06-11,00:32:00,0.160,0.000,242.340,0.600,0.000,0.000,1.0
2008-06-11,00:33:00,0.160,0.000,242.410,0.600,0.000,0.000,0.0
2008-06-11,00:34:00,0.160,0.000,242.450,0.600,0.000,0.000,1.0
2008-06-11,00:35:00,0.160,0.000,242.630,0.600,0.000,0.000,1.0
2008-06-11,00:36:00,0.160,0.000,242.650,0.600,0.000,0.000,0.0
2008-06-11,00:37:00,0.162,0.000,243.010,0.600,0.000,0.000,1.0
2008-06-11,00:38:00,0.162,0.000,243.140,0.600,0.000,0.000,1.0
2008-06-11,00:39:00,0.162,0.000,243.240,0.600,0.000,0.000,0.0
2008-06-11,00:40:00,0.162,0.000,243.020,0.600,0.000,0.000,1.0
2008-06-11,00:41:00,0.160,0.000,242.230,0.600,0.000,0.000,1.0
2008-06-11,00:42:00,0.160,0.000,242.170,0.600,0.000,0.000,0.0
2008-06-11,00:43:00,0.160,0.000,242.100,0.600,0.000,0.000,1.0
2008-06-11,00:44:00,0.160,0.000,242.350,0.600,0.000,0.000,1.0
2008-06-11,00:45:00,0.548,0.072,241.880,2.600,0.000,0.000,6.0
2008-06-11,00:46:00,0.810,0.112,241.290,3.400,0.000,0.000,12.0
2008-06-11,00:47:00,0.838,0.112,241.600,3.400,0.000,0.000,12.0
2008-06-11,00:48:00,0.854,0.114,241.960,3.600,0.000,0.000,12.0
2008-06-11,00:49:00,0.918,0.192,241.570,3.800,0.000,0.000,12.0
2008-06-11,00:50:00,0.270,0.140,242.430,1.200,0.000,0.000,1.0
2008-06-11,00:51:00,0.266,0.140,242.530,1.200,0.000,0.000,1.0
2008-06-11,00:52:00,0.264,0.140,242.740,1.200,0.000,0.000,0.0
2008-06-11,00:53:00,0.262,0.140,242.550,1.200,0.000,0.000,1.0
2008-06-11,00:54:00,0.260,0.140,242.650,1.200,0.000,0.000,1.0
2008-06-11,00:55:00,0.314,0.194,242.390,1.600,0.000,0.000,0.0
2008-06-11,00:56:00,0.334,0.246,242.570,1.600,0.000,0.000,1.0
2008-06-11,00:57:00,0.334,0.246,242.620,1.600,0.000,0.000,1.0
2008-06-11,00:58:00,0.332,0.246,242.550,1.600,0.000,0.000,0.0
2008-06-11,00:59:00,0.332,0.248,242.740,1.600,0.000,0.000,1.0
2008-06-11,01:00:00,0.332,0.250,243.290,1.600,0.000,0.000,1.0
2008-06-11,01:01:00,0.330,0.250,243.220,1.600,0.000,0.000,0.0
2008-06-11,01:02:00,0.328,0.250,243.250,1.600,0.000,0.000,1.0
2008-06-11,01:03:00,0.326,0.246,242.230,1.600,0.000,0.000,1.0
2008-06-11,01:04:00,0.324,0.244,241.830,1.600,0.000,0.000,0.0
2008-06-11,01:05:00,0.280,0.180,240.810,1.400,0.000,0.000,1.0
2008-06-11,01:06:00,0.196,0.058,241.120,0.800,0.000,0.000,1.0
2008-06-11,01:07:00,0.158,0.000,241.180,0.600,0.000,0.000,0.0
2008-06-11,01:08:00,0.158,0.000,241.110,0.600,0.000,0.000,1.0
2008-06-11,01:09:00,0.158,0.000,240.540,0.600,0.000,0.000,1.0
2008-06-11,01:10:00,0.156,0.000,240.250,0.600,0.000,0.000,0.0
2008-06-11,01:11:00,0.156,0.000,240.100,0.600,0.000,0.000,1.0
2008-06-11,01:12:00,0.156,0.000,239.870,0.600,0.000,0.000,1.0
2008-06-11,01:13:00,0.156,0.000,239.750,0.600,0.000,0.000,0.0
2008-06-11,01:14:00,0.156,0.000,240.050,0.600,0.000,0.000,1.0
2008-06-11,01:15:00,0.158,0.000,240.420,0.600,0.000,0.000,1.0
2008-06-11,01:16:00,0.156,0.000,240.270,0.600,0.000,0.000,0.0
2008-06-11,01:17:00,0.156,0.000,240.350,0.600,0.000,0.000,1.0
2008-06-11,01:18:00,0.232,0.084,240.350,1.200,0.000,0.000,1.0
2008-06-11,01:19:00,0.246,0.122,240.380,1.000,0.000,2.000,0.0
2008-06-11,01:20:00,0.244,0.122,240.440,1.000,0.000,1.000,1.0
2008-06-11,01:21:00,0.246,0.122,240.440,1.000,0.000,2.000,1.0
2008-06-11,01:22:00,0.246,0.122,240.200,1.000,0.000,1.000,0.0
2008-06-11,01:23:00,0.288,0.160,240.090,1.400,0.000,1.000,1.0
2008-06-11,01:24:00,0.356,0.252,239.930,1.800,0.000,2.000,1.0
2008-06-11,01:25:00,0.352,0.252,239.920,1.800,0.000,1.000,0.0
2008-06-11,01:26:00,0.346,0.252,239.700,1.800,0.000,2.000,1.0
2008-06-11,01:27:00,0.344,0.252,239.690,1.800,0.000,1.000,1.0
2008-06-11,01:28:00,0.342,0.252,239.800,1.800,0.000,2.000,0.0
2008-06-11,01:29:00,0.340,0.252,239.810,1.600,0.000,1.000,1.0
2008-06-11,01:30:00,0.338,0.252,239.770,1.600,0.000,1.000,1.0
2008-06-11,01:31:00,0.336,0.252,239.740,1.600,0.000,2.000,0.0
2008-06-11,01:32:00,0.334,0.254,240.250,1.600,0.000,1.000,1.0
2008-06-11,01:33:00,0.332,0.256,240.450,1.600,0.000,1.000,1.0
2008-06-11,01:34:00,0.332,0.254,240.260,1.600,0.000,2.000,0.0
2008-06-11,01:35:00,0.330,0.256,240.530,1.600,0.000,1.000,1.0
2008-06-11,01:36:00,0.330,0.256,240.810,1.600,0.000,1.000,1.0
2008-06-11,01:37:00,0.330,0.256,240.870,1.600,0.000,1.000,0.0
2008-06-11,01:38:00,0.390,0.318,240.170,2.200,0.000,2.000,1.0
2008-06-11,01:39:00,0.354,0.288,240.050,1.800,0.000,1.000,1.0
2008-06-11,01:40:00,0.310,0.224,240.130,1.600,0.000,1.000,0.0
2008-06-11,01:41:00,0.308,0.224,240.050,1.600,0.000,1.000,1.0
2008-06-11,01:42:00,0.308,0.224,240.110,1.600,0.000,2.000,1.0
2008-06-11,01:43:00,0.306,0.222,239.890,1.600,0.000,1.000,0.0
2008-06-11,01:44:00,0.302,0.218,238.520,1.400,0.000,1.000,1.0
2008-06-11,01:45:00,0.300,0.216,238.460,1.400,0.000,1.000,1.0
2008-06-11,01:46:00,0.298,0.216,238.460,1.400,0.000,1.000,0.0
2008-06-11,01:47:00,0.298,0.218,238.760,1.400,0.000,2.000,1.0
2008-06-11,01:48:00,0.298,0.218,238.780,1.400,0.000,1.000,0.0
2008-06-11,01:49:00,0.782,0.202,237.900,3.400,0.000,1.000,10.0
2008-06-11,01:50:00,0.872,0.202,237.480,3.800,0.000,1.000,11.0
2008-06-11,01:51:00,0.902,0.202,237.530,3.800,0.000,1.000,12.0
2008-06-11,01:52:00,0.908,0.202,237.400,3.800,0.000,2.000,12.0
2008-06-11,01:53:00,0.910,0.200,237.310,3.800,0.000,1.000,12.0
2008-06-11,01:54:00,0.304,0.126,238.110,1.600,0.000,1.000,3.0
2008-06-11,01:55:00,0.228,0.116,238.170,1.000,0.000,1.000,0.0
2008-06-11,01:56:00,0.228,0.116,237.740,1.000,0.000,1.000,1.0
2008-06-11,01:57:00,0.256,0.136,237.460,1.200,0.000,1.000,0.0
2008-06-11,01:58:00,0.336,0.242,237.450,1.600,0.000,2.000,1.0
2008-06-11,01:59:00,0.332,0.242,237.690,1.600,0.000,1.000,1.0
2008-06-11,02:00:00,0.330,0.244,238.100,1.600,0.000,1.000,0.0
2008-06-11,02:01:00,0.328,0.244,237.930,1.600,0.000,1.000,1.0
2008-06-11,02:02:00,0.304,0.208,237.910,1.600,0.000,1.000,1.0
2008-06-11,02:03:00,0.254,0.126,237.910,1.200,0.000,0.000,0.0
2008-06-11,02:04:00,0.252,0.130,238.870,1.200,0.000,0.000,1.0
2008-06-11,02:05:00,0.254,0.134,240.000,1.200,0.000,0.000,1.0
2008-06-11,02:06:00,0.252,0.134,240.100,1.200,0.000,0.000,0.0
2008-06-11,02:07:00,0.252,0.132,240.050,1.200,0.000,0.000,1.0
2008-06-11,02:08:00,0.252,0.132,239.700,1.200,0.000,0.000,1.0
2008-06-11,02:09:00,0.252,0.132,239.820,1.200,0.000,0.000,0.0
2008-06-11,02:10:00,0.252,0.132,239.990,1.200,0.000,0.000,1.0
2008-06-11,02:11:00,0.252,0.134,240.220,1.200,0.000,0.000,1.0
2008-06-11,02:12:00,0.252,0.134,240.430,1.200,0.000,0.000,0.0
2008-06-11,02:13:00,0.186,0.000,240.700,0.800,0.000,0.000,1.0
2008-06-11,02:14:00,0.158,0.000,240.990,0.600,0.000,0.000,1.0
2008-06-11,02:15:00,0.158,0.000,240.920,0.600,0.000,0.000,0.0
2008-06-11,02:16:00,0.158,0.000,240.830,0.600,0.000,0.000,1.0
2008-06-11,02:17:00,0.158,0.000,240.620,0.600,0.000,0.000,1.0
2008-06-11,02:18:00,0.156,0.000,239.990,0.600,0.000,0.000,0.0
2008-06-11,02:19:00,0.156,0.000,240.140,0.600,0.000,0.000,1.0
2008-06-11,02:20:00,0.158,0.000,240.230,0.600,0.000,0.000,1.0
2008-06-11,02:21:00,0.204,0.000,239.960,1.000,0.000,0.000,0.0
2008-06-11,02:22:00,0.234,0.104,239.970,1.000,0.000,0.000,1.0
2008-06-11,02:23:00,0.236,0.104,240.070,1.000,0.000,0.000,1.0
2008-06-11,02:24:00,0.236,0.104,240.470,1.000,0.000,0.000,0.0
2008-06-11,02:25:00,0.234,0.106,240.720,1.000,0.000,0.000,1.0
2008-06-11,02:26:00,0.234,0.106,240.970,1.000,0.000,0.000,1.0
2008-06-11,02:27:00,0.232,0.106,240.790,1.000,0.000,0.000,0.0
2008-06-11,02:28:00,0.230,0.106,240.760,1.000,0.000,0.000,1.0
2008-06-11,02:29:00,0.230,0.106,240.840,1.000,0.000,0.000,1.0
2008-06-11,02:30:00,0.228,0.104,240.500,1.000,0.000,0.000,0.0
2008-06-11,02:31:00,0.256,0.124,240.260,1.200,0.000,0.000,1.0
2008-06-11,02:32:00,0.268,0.132,239.850,1.200,0.000,0.000,1.0
2008-06-11,02:33:00,0.262,0.130,239.570,1.200,0.000,0.000,0.0
2008-06-11,02:34:00,0.260,0.130,239.460,1.200,0.000,0.000,1.0
2008-06-11,02:35:00,0.258,0.130,239.550,1.200,0.000,0.000,0.0
2008-06-11,02:36:00,0.256,0.130,239.510,1.200,0.000,0.000,1.0
2008-06-11,02:37:00,0.254,0.130,239.570,1.200,0.000,0.000,1.0
2008-06-11,02:38:00,0.254,0.130,239.550,1.200,0.000,0.000,0.0
2008-06-11,02:39:00,0.254,0.132,239.930,1.200,0.000,0.000,1.0
2008-06-11,02:40:00,0.254,0.132,240.160,1.200,0.000,0.000,1.0
2008-06-11,02:41:00,0.254,0.132,240.240,1.200,0.000,0.000,0.0
2008-06-11,02:42:00,0.254,0.134,240.390,1.200,0.000,0.000,1.0
2008-06-11,02:43:00,0.254,0.134,240.430,1.200,0.000,0.000,1.0
2008-06-11,02:44:00,0.254,0.134,240.440,1.200,0.000,0.000,0.0
2008-06-11,02:45:00,0.254,0.134,240.370,1.200,0.000,0.000,1.0
2008-06-11,02:46:00,0.254,0.134,240.380,1.200,0.000,0.000,1.0
2008-06-11,02:47:00,0.160,0.000,240.920,0.600,0.000,0.000,0.0
2008-06-11,02:48:00,0.160,0.000,241.280,0.600,0.000,0.000,1.0
2008-06-11,02:49:00,0.160,0.000,241.220,0.600,0.000,0.000,1.0
2008-06-11,02:50:00,0.160,0.000,241.010,0.600,0.000,0.000,0.0
2008-06-11,02:51:00,0.158,0.000,240.570,0.600,0.000,0.000,1.0
2008-06-11,02:52:00,0.160,0.000,241.040,0.600,0.000,0.000,1.0
2008-06-11,02:53:00,0.160,0.000,241.550,0.600,0.000,0.000,0.0
2008-06-11,02:54:00,0.160,0.000,241.750,0.600,0.000,0.000,1.0
2008-06-11,02:55:00,0.160,0.000,241.680,0.600,0.000,0.000,1.0
2008-06-11,02:56:00,0.160,0.000,241.450,0.600,0.000,0.000,0.0
2008-06-11,02:57:00,0.646,0.090,241.030,3.000,0.000,0.000,9.0
2008-06-11,02:58:00,0.808,0.114,240.970,3.400,0.000,0.000,11.0
2008-06-11,02:59:00,0.836,0.112,240.840,3.400,0.000,0.000,12.0
2008-06-11,03:00:00,0.848,0.110,240.730,3.400,0.000,0.000,12.0
2008-06-11,03:01:00,0.852,0.108,240.690,3.600,0.000,0.000,12.0
2008-06-11,03:02:00,0.220,0.000,241.140,1.200,0.000,0.000,2.0
2008-06-11,03:03:00,0.160,0.000,241.030,0.600,0.000,0.000,1.0
2008-06-11,03:04:00,0.252,0.104,240.800,1.200,0.000,0.000,1.0
2008-06-11,03:05:00,0.284,0.150,240.730,1.400,0.000,0.000,0.0
2008-06-11,03:06:00,0.348,0.240,240.950,1.600,0.000,0.000,1.0
2008-06-11,03:07:00,0.342,0.240,240.930,1.600,0.000,0.000,1.0
2008-06-11,03:08:00,0.338,0.240,241.170,1.600,0.000,0.000,0.0
2008-06-11,03:09:00,0.334,0.240,241.210,1.600,0.000,0.000,1.0
2008-06-11,03:10:00,0.332,0.240,241.130,1.600,0.000,0.000,1.0
2008-06-11,03:11:00,0.330,0.242,241.270,1.600,0.000,0.000,0.0
2008-06-11,03:12:00,0.328,0.242,241.380,1.600,0.000,0.000,1.0
2008-06-11,03:13:00,0.326,0.242,241.550,1.600,0.000,0.000,1.0
2008-06-11,03:14:00,0.286,0.182,241.590,1.400,0.000,0.000,0.0
2008-06-11,03:15:00,0.256,0.138,241.590,1.200,0.000,0.000,1.0
2008-06-11,03:16:00,0.256,0.138,241.650,1.200,0.000,0.000,1.0
2008-06-11,03:17:00,0.254,0.138,241.520,1.200,0.000,0.000,0.0
2008-06-11,03:18:00,0.256,0.138,241.910,1.200,0.000,0.000,1.0
2008-06-11,03:19:00,0.226,0.098,241.860,1.000,0.000,0.000,1.0
2008-06-11,03:20:00,0.160,0.000,242.140,0.600,0.000,0.000,0.0
2008-06-11,03:21:00,0.160,0.000,242.180,0.600,0.000,0.000,1.0
2008-06-11,03:22:00,0.160,0.000,242.500,0.600,0.000,0.000,1.0
2008-06-11,03:23:00,0.160,0.000,242.770,0.600,0.000,0.000,0.0
2008-06-11,03:24:00,0.160,0.000,242.330,0.600,0.000,0.000,1.0
2008-06-11,03:25:00,0.160,0.000,242.050,0.600,0.000,0.000,1.0
2008-06-11,03:26:00,0.160,0.000,242.350,0.600,0.000,0.000,0.0
2008-06-11,03:27:00,0.160,0.000,242.150,0.600,0.000,0.000,1.0
2008-06-11,03:28:00,0.160,0.000,242.180,0.600,0.000,0.000,1.0
2008-06-11,03:29:00,0.160,0.000,242.070,0.600,0.000,0.000,0.0
2008-06-11,03:30:00,0.160,0.000,242.180,0.600,0.000,0.000,1.0
2008-06-11,03:31:00,0.160,0.000,241.870,0.600,0.000,0.000,1.0
2008-06-11,03:32:00,0.158,0.000,241.880,0.600,0.000,0.000,0.0
2008-06-11,03:33:00,0.160,0.000,242.070,0.600,0.000,0.000,1.0
2008-06-11,03:34:00,0.160,0.000,242.050,0.600,0.000,0.000,1.0
2008-06-11,03:35:00,0.160,0.000,242.260,0.600,0.000,0.000,0.0
2008-06-11,03:36:00,0.182,0.000,242.190,1.000,0.000,0.000,1.0
2008-06-11,03:37:00,0.300,0.178,241.960,1.600,0.000,1.000,1.0
2008-06-11,03:38:00,0.356,0.262,241.770,1.800,0.000,1.000,0.0
2008-06-11,03:39:00,0.352,0.262,241.820,1.800,0.000,1.000,1.0
2008-06-11,03:40:00,0.350,0.262,241.690,1.800,0.000,2.000,1.0
2008-06-11,03:41:00,0.348,0.262,241.800,1.800,0.000,1.000,0.0
2008-06-11,03:42:00,0.346,0.262,241.780,1.800,0.000,2.000,1.0
2008-06-11,03:43:00,0.344,0.260,241.370,1.800,0.000,1.000,1.0
2008-06-11,03:44:00,0.342,0.260,241.370,1.800,0.000,2.000,0.0
2008-06-11,03:45:00,0.340,0.260,241.570,1.800,0.000,1.000,1.0
2008-06-11,03:46:00,0.372,0.284,241.310,2.000,0.000,2.000,1.0
2008-06-11,03:47:00,0.414,0.364,241.280,2.200,0.000,1.000,0.0
2008-06-11,03:48:00,0.414,0.362,241.100,2.200,0.000,1.000,1.0
2008-06-11,03:49:00,0.410,0.362,240.950,2.200,0.000,2.000,1.0
2008-06-11,03:50:00,0.410,0.364,241.440,2.200,0.000,1.000,0.0
2008-06-11,03:51:00,0.408,0.368,242.070,2.200,0.000,1.000,1.0
2008-06-11,03:52:00,0.338,0.270,242.170,1.800,0.000,2.000,1.0
2008-06-11,03:53:00,0.310,0.232,242.270,1.600,0.000,1.000,0.0
2008-06-11,03:54:00,0.308,0.234,242.670,1.600,0.000,1.000,1.0
2008-06-11,03:55:00,0.308,0.234,242.520,1.600,0.000,2.000,1.0
2008-06-11,03:56:00,0.308,0.232,242.210,1.600,0.000,1.000,0.0
2008-06-11,03:57:00,0.262,0.166,242.420,1.200,0.000,1.000,1.0
2008-06-11,03:58:00,0.238,0.128,242.400,1.000,0.000,1.000,1.0
2008-06-11,03:59:00,0.236,0.126,241.930,1.000,0.000,2.000,0.0
2008-06-11,04:00:00,0.236,0.126,241.710,1.000,0.000,1.000,1.0
2008-06-11,04:01:00,0.236,0.124,241.130,1.000,0.000,1.000,1.0
2008-06-11,04:02:00,0.234,0.124,241.110,1.000,0.000,1.000,0.0
2008-06-11,04:03:00,0.234,0.124,241.110,1.000,0.000,1.000,1.0
2008-06-11,04:04:00,0.234,0.124,241.110,1.000,0.000,2.000,1.0
2008-06-11,04:05:00,0.234,0.124,241.330,1.000,0.000,1.000,0.0
2008-06-11,04:06:00,0.234,0.124,241.220,1.000,0.000,1.000,1.0
2008-06-11,04:07:00,0.780,0.218,240.630,3.400,0.000,1.000,9.0
2008-06-11,04:08:00,0.878,0.230,240.770,3.800,0.000,1.000,12.0
2008-06-11,04:09:00,0.908,0.230,240.940,3.800,0.000,2.000,12.0
2008-06-11,04:10:00,0.954,0.260,240.710,4.000,0.000,1.000,12.0
2008-06-11,04:11:00,1.028,0.358,240.550,4.400,0.000,1.000,12.0
2008-06-11,04:12:00,0.434,0.276,241.640,2.200,0.000,1.000,3.0
2008-06-11,04:13:00,0.336,0.260,241.480,1.600,0.000,1.000,0.0
2008-06-11,04:14:00,0.334,0.260,241.330,1.600,0.000,2.000,1.0
2008-06-11,04:15:00,0.332,0.258,241.050,1.600,0.000,1.000,1.0
2008-06-11,04:16:00,0.330,0.256,240.920,1.600,0.000,1.000,0.0
2008-06-11,04:17:00,0.328,0.258,240.930,1.600,0.000,1.000,1.0
2008-06-11,04:18:00,0.328,0.258,241.090,1.600,0.000,1.000,1.0
2008-06-11,04:19:00,0.328,0.258,241.290,1.600,0.000,1.000,0.0
2008-06-11,04:20:00,0.262,0.150,241.620,1.200,0.000,1.000,1.0
2008-06-11,04:21:00,0.256,0.138,241.490,1.200,0.000,0.000,1.0
2008-06-11,04:22:00,0.256,0.136,241.280,1.200,0.000,0.000,0.0
2008-06-11,04:23:00,0.272,0.138,241.230,1.200,0.000,0.000,1.0
2008-06-11,04:24:00,0.278,0.138,241.510,1.200,0.000,0.000,1.0
2008-06-11,04:25:00,0.182,0.000,241.640,0.800,0.000,0.000,0.0
2008-06-11,04:26:00,0.160,0.000,241.310,0.600,0.000,0.000,1.0
2008-06-11,04:27:00,0.508,0.000,240.920,3.000,0.000,0.000,6.0
2008-06-11,04:28:00,1.268,0.000,240.090,5.200,0.000,0.000,19.0
2008-06-11,04:29:00,1.256,0.000,240.350,5.200,0.000,0.000,18.0
2008-06-11,04:30:00,1.318,0.062,241.020,5.400,0.000,0.000,19.0
2008-06-11,04:31:00,1.324,0.096,241.820,5.400,0.000,0.000,19.0
2008-06-11,04:32:00,1.320,0.096,241.740,5.400,0.000,0.000,19.0
2008-06-11,04:33:00,1.316,0.096,241.480,5.400,0.000,0.000,18.0
2008-06-11,04:34:00,1.310,0.094,241.280,5.400,0.000,0.000,19.0
2008-06-11,04:35:00,1.302,0.094,240.730,5.400,0.000,0.000,18.0
2008-06-11,04:36:00,1.300,0.094,240.790,5.400,0.000,0.000,19.0
2008-06-11,04:37:00,1.298,0.094,240.700,5.400,0.000,0.000,18.0
2008-06-11,04:38:00,1.298,0.094,240.820,5.400,0.000,0.000,18.0
2008-06-11,04:39:00,1.296,0.094,240.810,5.400,0.000,0.000,19.0
2008-06-11,04:40:00,1.258,0.000,241.000,5.200,0.000,0.000,18.0
2008-06-11,04:41:00,1.232,0.000,241.290,5.000,0.000,0.000,19.0
2008-06-11,04:42:00,1.230,0.000,241.130,5.000,0.000,0.000,18.0
2008-06-11,04:43:00,1.270,0.000,241.000,5.200,0.000,0.000,19.0
2008-06-11,04:44:00,1.336,0.122,240.770,5.400,0.000,0.000,18.0
2008-06-11,04:45:00,1.330,0.122,240.650,5.400,0.000,0.000,18.0
2008-06-11,04:46:00,1.332,0.124,241.080,5.400,0.000,0.000,19.0
2008-06-11,04:47:00,1.332,0.124,241.250,5.400,0.000,0.000,18.0
2008-06-11,04:48:00,1.326,0.124,240.950,5.400,0.000,0.000,19.0
2008-06-11,04:49:00,1.322,0.122,240.720,5.400,0.000,0.000,18.0
2008-06-11,04:50:00,1.318,0.122,240.460,5.400,0.000,0.000,19.0
2008-06-11,04:51:00,1.316,0.122,240.340,5.400,0.000,0.000,18.0
2008-06-11,04:52:00,1.316,0.122,240.290,5.400,0.000,0.000,18.0
2008-06-11,04:53:00,1.314,0.120,240.110,5.400,0.000,0.000,18.0
2008-06-11,04:54:00,1.314,0.122,240.170,5.400,0.000,0.000,19.0
2008-06-11,04:55:00,1.314,0.120,240.210,5.400,0.000,0.000,18.0
2008-06-11,04:56:00,1.310,0.120,239.860,5.400,0.000,0.000,18.0
2008-06-11,04:57:00,1.306,0.120,239.630,5.400,0.000,0.000,19.0
2008-06-11,04:58:00,1.238,0.000,239.760,5.000,0.000,0.000,18.0
2008-06-11,04:59:00,1.216,0.000,239.700,5.000,0.000,0.000,18.0
2008-06-11,05:00:00,1.216,0.000,239.830,5.000,0.000,0.000,18.0
2008-06-11,05:01:00,1.216,0.000,239.730,5.000,0.000,0.000,18.0
2008-06-11,05:02:00,1.216,0.000,239.670,5.000,0.000,0.000,19.0
2008-06-11,05:03:00,1.216,0.000,239.740,5.000,0.000,0.000,18.0
2008-06-11,05:04:00,1.220,0.000,240.180,5.000,0.000,0.000,18.0
2008-06-11,05:05:00,1.222,0.000,240.390,5.000,0.000,0.000,19.0
2008-06-11,05:06:00,1.226,0.000,240.820,5.000,0.000,0.000,18.0
2008-06-11,05:07:00,1.224,0.000,240.630,5.000,0.000,0.000,18.0
2008-06-11,05:08:00,1.226,0.000,240.660,5.000,0.000,0.000,19.0
2008-06-11,05:09:00,1.232,0.000,241.160,5.000,0.000,0.000,18.0
2008-06-11,05:10:00,0.806,0.000,241.640,4.000,0.000,0.000,13.0
2008-06-11,05:11:00,0.162,0.000,242.460,0.600,0.000,0.000,0.0
2008-06-11,05:12:00,0.200,0.000,242.170,1.000,0.000,0.000,1.0
2008-06-11,05:13:00,0.238,0.110,242.020,1.000,0.000,0.000,1.0
2008-06-11,05:14:00,0.238,0.110,242.130,1.000,0.000,0.000,0.0
2008-06-11,05:15:00,0.240,0.110,242.420,1.000,0.000,0.000,1.0
2008-06-11,05:16:00,0.238,0.110,242.210,1.000,0.000,0.000,1.0
2008-06-11,05:17:00,0.356,0.238,241.430,1.800,0.000,0.000,0.0
2008-06-11,05:18:00,0.342,0.240,241.540,1.600,0.000,0.000,1.0
2008-06-11,05:19:00,0.336,0.242,241.470,1.600,0.000,0.000,1.0
2008-06-11,05:20:00,0.334,0.240,241.270,1.600,0.000,0.000,0.0
2008-06-11,05:21:00,0.782,0.316,240.560,3.600,0.000,0.000,8.0
2008-06-11,05:22:00,0.946,0.312,240.710,4.000,0.000,0.000,11.0
2008-06-11,05:23:00,0.926,0.244,241.130,4.000,0.000,0.000,12.0
2008-06-11,05:24:00,0.940,0.244,241.190,4.000,0.000,0.000,12.0
2008-06-11,05:25:00,0.942,0.242,241.130,4.000,0.000,0.000,12.0
2008-06-11,05:26:00,0.468,0.172,241.750,2.400,0.000,0.000,5.0
2008-06-11,05:27:00,0.256,0.140,242.100,1.200,0.000,0.000,1.0
2008-06-11,05:28:00,0.256,0.140,241.930,1.200,0.000,0.000,0.0
2008-06-11,05:29:00,0.254,0.138,241.470,1.200,0.000,0.000,1.0
2008-06-11,05:30:00,0.182,0.000,241.290,0.800,0.000,0.000,1.0
2008-06-11,05:31:00,0.160,0.000,241.970,0.600,0.000,0.000,0.0
2008-06-11,05:32:00,0.160,0.000,242.230,0.600,0.000,0.000,1.0
2008-06-11,05:33:00,0.160,0.000,242.200,0.600,0.000,0.000,1.0
2008-06-11,05:34:00,0.162,0.000,242.480,0.600,0.000,0.000,0.0
2008-06-11,05:35:00,0.160,0.000,242.480,0.600,0.000,0.000,1.0
2008-06-11,05:36:00,0.160,0.000,241.990,0.600,0.000,0.000,1.0
2008-06-11,05:37:00,0.160,0.000,242.130,0.600,0.000,0.000,0.0
2008-06-11,05:38:00,0.160,0.000,242.240,0.600,0.000,0.000,1.0
2008-06-11,05:39:00,0.160,0.000,242.200,0.600,0.000,0.000,1.0
2008-06-11,05:40:00,0.160,0.000,242.030,0.600,0.000,0.000,0.0
2008-06-11,05:41:00,0.160,0.000,241.920,0.600,0.000,0.000,1.0
2008-06-11,05:42:00,0.160,0.000,241.870,0.600,0.000,0.000,1.0
2008-06-11,05:43:00,0.160,0.000,241.780,0.600,0.000,0.000,0.0
2008-06-11,05:44:00,0.160,0.000,241.600,0.600,0.000,0.000,1.0
2008-06-11,05:45:00,0.160,0.000,241.400,0.600,0.000,0.000,1.0
2008-06-11,05:46:00,0.160,0.000,241.630,0.600,0.000,0.000,0.0
2008-06-11,05:47:00,0.160,0.000,241.810,0.600,0.000,0.000,1.0
2008-06-11,05:48:00,0.264,0.118,241.910,1.200,0.000,0.000,1.0
2008-06-11,05:49:00,0.268,0.138,241.930,1.200,0.000,0.000,0.0
2008-06-11,05:50:00,0.264,0.140,242.330,1.200,0.000,0.000,1.0
2008-06-11,05:51:00,0.262,0.140,242.130,1.200,0.000,0.000,1.0
2008-06-11,05:52:00,0.260,0.140,242.320,1.200,0.000,0.000,0.0
2008-06-11,05:53:00,0.260,0.140,242.220,1.200,0.000,0.000,1.0
2008-06-11,05:54:00,0.258,0.140,242.080,1.200,0.000,0.000,1.0
2008-06-11,05:55:00,0.344,0.216,241.820,1.800,0.000,0.000,0.0
2008-06-11,05:56:00,0.420,0.364,241.380,2.200,0.000,0.000,1.0
2008-06-11,05:57:00,0.418,0.366,241.690,2.200,0.000,1.000,1.0
2008-06-11,05:58:00,0.416,0.366,241.530,2.200,0.000,2.000,0.0
2008-06-11,05:59:00,0.416,0.362,241.120,2.200,0.000,1.000,1.0
2008-06-11,06:00:00,0.414,0.362,240.820,2.200,0.000,2.000,1.0
2008-06-11,06:01:00,0.412,0.362,240.980,2.200,0.000,1.000,0.0
2008-06-11,06:02:00,0.346,0.272,240.760,1.800,0.000,2.000,1.0
2008-06-11,06:03:00,0.314,0.228,241.150,1.600,0.000,1.000,1.0
2008-06-11,06:04:00,0.314,0.230,241.320,1.600,0.000,2.000,0.0
2008-06-11,06:05:00,0.290,0.196,241.170,1.400,0.000,1.000,1.0
2008-06-11,06:06:00,0.244,0.126,241.330,1.000,0.000,1.000,1.0
2008-06-11,06:07:00,0.242,0.124,241.000,1.000,0.000,2.000,0.0
2008-06-11,06:08:00,0.242,0.124,241.120,1.000,0.000,1.000,1.0
2008-06-11,06:09:00,0.240,0.124,241.240,1.000,0.000,1.000,1.0
2008-06-11,06:10:00,0.238,0.124,241.180,1.000,0.000,2.000,0.0
2008-06-11,06:11:00,0.238,0.124,240.970,1.000,0.000,1.000,1.0
2008-06-11,06:12:00,0.236,0.124,240.970,1.000,0.000,1.000,1.0
2008-06-11,06:13:00,0.236,0.124,241.160,1.000,0.000,2.000,0.0
2008-06-11,06:14:00,0.234,0.124,240.970,1.000,0.000,1.000,1.0
2008-06-11,06:15:00,0.234,0.124,241.080,1.000,0.000,1.000,1.0
2008-06-11,06:16:00,0.234,0.124,240.900,1.000,0.000,1.000,0.0
2008-06-11,06:17:00,0.234,0.124,240.970,1.000,0.000,2.000,1.0
2008-06-11,06:18:00,0.234,0.124,241.010,1.000,0.000,1.000,1.0
2008-06-11,06:19:00,0.234,0.126,241.630,1.000,0.000,1.000,0.0
2008-06-11,06:20:00,0.258,0.144,241.580,1.200,0.000,1.000,1.0
2008-06-11,06:21:00,0.344,0.260,241.700,1.800,0.000,2.000,1.0
2008-06-11,06:22:00,0.342,0.270,243.910,1.800,0.000,1.000,0.0
2008-06-11,06:23:00,0.340,0.272,244.330,1.800,0.000,1.000,1.0
2008-06-11,06:24:00,0.338,0.270,243.820,1.800,0.000,1.000,1.0
2008-06-11,06:25:00,0.336,0.268,243.280,1.800,0.000,1.000,0.0
2008-06-11,06:26:00,0.336,0.270,243.710,1.800,0.000,2.000,1.0
2008-06-11,06:27:00,0.334,0.270,243.660,1.600,0.000,1.000,1.0
2008-06-11,06:28:00,0.332,0.268,243.380,1.600,0.000,1.000,0.0
2008-06-11,06:29:00,0.330,0.266,242.970,1.600,0.000,1.000,1.0
2008-06-11,06:30:00,0.330,0.266,242.970,1.600,0.000,1.000,1.0
2008-06-11,06:31:00,0.328,0.264,242.470,1.600,0.000,2.000,0.0
2008-06-11,06:32:00,0.328,0.262,242.210,1.600,0.000,1.000,1.0
2008-06-11,06:33:00,0.326,0.260,241.870,1.600,0.000,1.000,1.0
2008-06-11,06:34:00,0.326,0.264,242.230,1.600,0.000,1.000,0.0
2008-06-11,06:35:00,0.526,0.184,241.920,2.400,0.000,1.000,1.0
2008-06-11,06:36:00,0.210,0.000,242.290,1.000,0.000,0.000,1.0
2008-06-11,06:37:00,2.938,0.000,239.570,14.200,0.000,0.000,0.0
2008-06-11,06:38:00,3.722,0.000,238.330,15.800,0.000,0.000,1.0
2008-06-11,06:39:00,4.320,0.114,237.570,18.200,0.000,0.000,6.0
2008-06-11,06:40:00,2.964,0.186,239.070,14.200,0.000,0.000,11.0
2008-06-11,06:41:00,1.996,0.228,240.060,9.200,0.000,0.000,11.0
2008-06-11,06:42:00,2.732,0.228,239.300,11.800,0.000,0.000,12.0
2008-06-11,06:43:00,1.628,0.222,240.540,7.600,0.000,0.000,12.0
2008-06-11,06:44:00,0.496,0.128,241.470,2.400,0.000,0.000,4.0
2008-06-11,06:45:00,0.452,0.104,241.380,2.000,0.000,0.000,1.0
2008-06-11,06:46:00,0.492,0.102,241.580,2.000,0.000,0.000,0.0
2008-06-11,06:47:00,0.486,0.102,241.580,2.000,0.000,0.000,1.0
2008-06-11,06:48:00,0.504,0.102,241.450,2.200,0.000,0.000,1.0
2008-06-11,06:49:00,0.588,0.102,241.740,2.400,0.000,0.000,0.0
2008-06-11,06:50:00,0.594,0.102,242.020,2.400,0.000,0.000,1.0
2008-06-11,06:51:00,1.454,0.092,240.930,6.200,0.000,0.000,14.0
2008-06-11,06:52:00,1.680,0.088,240.020,7.000,0.000,0.000,19.0
2008-06-11,06:53:00,1.606,0.000,239.980,6.600,0.000,0.000,19.0
2008-06-11,06:54:00,1.694,0.102,239.750,7.000,0.000,0.000,18.0
2008-06-11,06:55:00,1.678,0.114,239.400,7.000,0.000,0.000,19.0
2008-06-11,06:56:00,1.678,0.114,239.520,7.000,0.000,0.000,18.0
2008-06-11,06:57:00,1.668,0.114,239.290,7.000,0.000,0.000,18.0
2008-06-11,06:58:00,1.658,0.114,238.900,6.800,0.000,0.000,18.0
2008-06-11,06:59:00,1.662,0.112,238.860,7.000,0.000,0.000,19.0
2008-06-11,07:00:00,1.666,0.116,239.640,7.000,0.000,0.000,18.0
2008-06-11,07:01:00,1.652,0.112,238.850,6.800,0.000,0.000,18.0
2008-06-11,07:02:00,1.650,0.112,238.790,6.800,0.000,0.000,18.0
2008-06-11,07:03:00,1.652,0.112,238.630,6.800,0.000,0.000,18.0
2008-06-11,07:04:00,1.816,0.110,238.510,7.600,0.000,0.000,18.0
2008-06-11,07:05:00,1.686,0.112,238.660,7.000,0.000,0.000,18.0
2008-06-11,07:06:00,1.538,0.112,238.240,6.400,0.000,0.000,18.0
2008-06-11,07:07:00,1.470,0.000,238.450,6.200,0.000,0.000,18.0
2008-06-11,07:08:00,1.488,0.000,238.650,6.200,0.000,0.000,18.0
2008-06-11,07:09:00,1.554,0.000,238.330,6.400,0.000,0.000,19.0
2008-06-11,07:10:00,1.548,0.000,237.770,6.400,0.000,0.000,17.0
2008-06-11,07:11:00,1.554,0.000,237.820,6.400,0.000,0.000,18.0
2008-06-11,07:12:00,1.578,0.000,238.980,6.600,0.000,0.000,19.0
2008-06-11,07:13:00,1.590,0.000,240.780,6.600,0.000,0.000,18.0
2008-06-11,07:14:00,1.544,0.000,242.260,6.400,0.000,0.000,19.0
2008-06-11,07:15:00,1.494,0.000,242.000,6.200,0.000,0.000,18.0
2008-06-11,07:16:00,1.534,0.000,241.770,6.200,0.000,0.000,19.0
2008-06-11,07:17:00,1.516,0.000,241.760,6.200,0.000,0.000,18.0
2008-06-11,07:18:00,2.440,0.000,240.780,10.400,0.000,0.000,19.0
2008-06-11,07:19:00,1.856,0.000,241.170,8.000,0.000,0.000,18.0
2008-06-11,07:20:00,1.914,0.000,241.310,8.000,1.000,0.000,19.0
2008-06-11,07:21:00,2.016,0.000,240.830,8.400,1.000,0.000,18.0
2008-06-11,07:22:00,1.604,0.000,240.760,6.600,2.000,0.000,18.0
2008-06-11,07:23:00,1.654,0.170,240.370,7.000,1.000,0.000,19.0
2008-06-11,07:24:00,1.660,0.208,240.350,7.000,1.000,0.000,18.0
2008-06-11,07:25:00,1.678,0.172,240.330,7.000,1.000,0.000,18.0
2008-06-11,07:26:00,1.718,0.234,240.310,7.200,1.000,0.000,19.0
2008-06-11,07:27:00,1.724,0.238,241.340,7.200,2.000,0.000,18.0
2008-06-11,07:28:00,1.730,0.242,242.220,7.200,1.000,0.000,19.0
2008-06-11,07:29:00,1.736,0.244,242.740,7.200,1.000,0.000,19.0
2008-06-11,07:30:00,1.710,0.236,240.840,7.200,1.000,0.000,18.0
2008-06-11,07:31:00,2.296,0.326,238.210,9.600,2.000,0.000,28.0
2008-06-11,07:32:00,2.340,0.336,239.440,9.800,1.000,0.000,28.0
2008-06-11,07:33:00,2.354,0.326,238.950,9.800,1.000,0.000,30.0
2008-06-11,07:34:00,2.352,0.322,238.650,9.800,1.000,0.000,29.0
2008-06-11,07:35:00,2.334,0.322,239.200,9.800,1.000,0.000,30.0
2008-06-11,07:36:00,1.622,0.132,239.800,6.800,2.000,0.000,18.0
2008-06-11,07:37:00,1.614,0.152,239.260,6.800,1.000,0.000,18.0
2008-06-11,07:38:00,1.576,0.152,238.950,6.600,0.000,0.000,18.0
2008-06-11,07:39:00,1.592,0.082,239.580,6.600,2.000,0.000,19.0
2008-06-11,07:40:00,2.806,0.000,237.840,12.600,20.000,0.000,18.0
2008-06-11,07:41:00,3.642,0.000,235.340,15.400,37.000,0.000,17.0
2008-06-11,07:42:00,3.850,0.000,235.650,16.200,37.000,0.000,18.0
2008-06-11,07:43:00,3.864,0.000,236.260,16.200,38.000,0.000,18.0
2008-06-11,07:44:00,3.850,0.000,235.810,16.200,37.000,0.000,17.0
2008-06-11,07:45:00,3.862,0.000,236.290,16.200,37.000,0.000,18.0
2008-06-11,07:46:00,3.844,0.000,235.720,16.200,37.000,0.000,18.0
2008-06-11,07:47:00,3.886,0.000,237.120,16.400,37.000,0.000,17.0
2008-06-11,07:48:00,3.840,0.000,235.660,16.200,37.000,0.000,18.0
2008-06-11,07:49:00,3.822,0.000,235.170,16.200,37.000,0.000,18.0
2008-06-11,07:50:00,3.816,0.000,235.080,16.200,36.000,0.000,17.0
2008-06-11,07:51:00,1.788,0.000,237.720,7.600,5.000,0.000,18.0
2008-06-11,07:52:00,1.704,0.000,237.040,7.200,1.000,0.000,18.0
2008-06-11,07:53:00,1.706,0.000,237.150,7.200,1.000,0.000,18.0
2008-06-11,07:54:00,2.094,0.000,237.100,8.800,1.000,0.000,18.0
2008-06-11,07:55:00,2.194,0.000,236.340,9.200,1.000,0.000,17.0
2008-06-11,07:56:00,2.190,0.000,236.300,9.200,2.000,0.000,18.0
2008-06-11,07:57:00,2.180,0.000,235.750,9.200,1.000,0.000,18.0
2008-06-11,07:58:00,2.276,0.136,235.460,9.600,1.000,0.000,17.0
2008-06-11,07:59:00,2.124,0.156,235.110,9.000,1.000,0.000,18.0
2008-06-11,08:00:00,1.994,0.158,235.230,8.400,1.000,0.000,18.0
2008-06-11,08:01:00,1.998,0.158,235.270,8.400,1.000,0.000,17.0
2008-06-11,08:02:00,1.934,0.160,235.350,8.200,2.000,0.000,18.0
2008-06-11,08:03:00,1.840,0.160,235.460,7.800,1.000,0.000,17.0
2008-06-11,08:04:00,2.382,0.148,234.820,10.600,1.000,0.000,18.0
2008-06-11,08:05:00,1.452,0.114,235.700,6.000,1.000,0.000,18.0
2008-06-11,08:06:00,1.632,0.172,235.850,7.000,1.000,0.000,17.0
2008-06-11,08:07:00,1.408,0.212,235.210,6.000,1.000,0.000,18.0
2008-06-11,08:08:00,1.414,0.214,235.640,6.000,2.000,0.000,17.0
2008-06-11,08:09:00,1.408,0.212,235.250,6.000,1.000,0.000,18.0
2008-06-11,08:10:00,1.434,0.228,235.200,6.200,1.000,0.000,18.0
2008-06-11,08:11:00,1.488,0.328,235.060,6.400,1.000,1.000,17.0
2008-06-11,08:12:00,1.436,0.258,235.130,6.200,1.000,1.000,18.0
2008-06-11,08:13:00,1.392,0.202,234.980,6.000,1.000,2.000,17.0
2008-06-11,08:14:00,1.396,0.202,235.190,6.000,2.000,1.000,18.0
2008-06-11,08:15:00,1.396,0.204,235.400,6.000,1.000,1.000,17.0
2008-06-11,08:16:00,1.392,0.202,234.850,6.000,1.000,2.000,18.0
2008-06-11,08:17:00,1.368,0.184,234.000,5.800,1.000,1.000,17.0
2008-06-11,08:18:00,1.318,0.102,234.320,5.600,1.000,2.000,18.0
2008-06-11,08:19:00,1.314,0.102,234.300,5.600,1.000,1.000,17.0
2008-06-11,08:20:00,1.340,0.108,236.610,5.600,2.000,1.000,18.0
2008-06-11,08:21:00,1.342,0.110,237.250,5.600,1.000,2.000,18.0
2008-06-11,08:22:00,1.342,0.110,236.970,5.600,1.000,1.000,18.0
2008-06-11,08:23:00,1.334,0.108,236.670,5.600,1.000,2.000,18.0
2008-06-11,08:24:00,1.336,0.108,236.700,5.600,1.000,1.000,17.0
2008-06-11,08:25:00,1.332,0.106,236.520,5.600,2.000,1.000,18.0
2008-06-11,08:26:00,1.330,0.106,236.240,5.600,1.000,1.000,18.0
2008-06-11,08:27:00,1.324,0.106,236.070,5.600,1.000,2.000,18.0
2008-06-11,08:28:00,1.326,0.106,236.020,5.600,1.000,1.000,17.0
2008-06-11,08:29:00,1.320,0.104,235.840,5.600,1.000,1.000,18.0
2008-06-11,08:30:00,1.326,0.106,236.360,5.600,1.000,2.000,18.0
2008-06-11,08:31:00,1.420,0.208,235.950,6.000,2.000,1.000,17.0
2008-06-11,08:32:00,1.426,0.230,235.730,6.000,1.000,1.000,18.0
2008-06-11,08:33:00,1.426,0.236,235.730,6.000,1.000,1.000,18.0
2008-06-11,08:34:00,1.584,0.258,236.300,6.800,1.000,1.000,19.0
2008-06-11,08:35:00,2.044,0.316,236.100,8.600,1.000,2.000,28.0
2008-06-11,08:36:00,2.064,0.318,236.200,8.800,2.000,1.000,29.0
2008-06-11,08:37:00,2.082,0.314,235.850,8.800,1.000,1.000,29.0
2008-06-11,08:38:00,2.084,0.314,235.960,8.800,1.000,1.000,29.0
2008-06-11,08:39:00,1.940,0.294,235.690,8.400,1.000,1.000,27.0
2008-06-11,08:40:00,1.412,0.232,236.100,6.000,1.000,2.000,17.0
2008-06-11,08:41:00,1.414,0.232,236.160,6.000,2.000,1.000,18.0
2008-06-11,08:42:00,1.416,0.270,237.450,6.000,1.000,1.000,18.0
2008-06-11,08:43:00,1.400,0.258,237.710,6.000,0.000,1.000,18.0
2008-06-11,08:44:00,1.392,0.192,237.710,5.800,2.000,1.000,18.0
2008-06-11,08:45:00,1.342,0.116,238.020,5.600,1.000,1.000,18.0
2008-06-11,08:46:00,1.340,0.112,238.590,5.600,1.000,2.000,18.0
2008-06-11,08:47:00,1.338,0.112,238.240,5.600,1.000,1.000,18.0
2008-06-11,08:48:00,1.340,0.112,238.500,5.600,1.000,1.000,18.0
2008-06-11,08:49:00,1.424,0.204,238.490,6.000,1.000,1.000,18.0
2008-06-11,08:50:00,1.412,0.216,238.460,6.000,1.000,1.000,18.0
2008-06-11,08:51:00,1.366,0.244,237.650,5.800,1.000,2.000,18.0
2008-06-11,08:52:00,1.352,0.122,238.540,5.600,1.000,0.000,18.0
2008-06-11,08:53:00,2.560,0.088,237.620,11.600,19.000,0.000,18.0
2008-06-11,08:54:00,3.494,0.074,236.570,14.600,37.000,0.000,18.0
2008-06-11,08:55:00,3.490,0.074,236.630,14.600,38.000,0.000,18.0
2008-06-11,08:56:00,3.490,0.076,236.760,14.600,37.000,0.000,17.0
2008-06-11,08:57:00,3.484,0.074,236.650,14.600,37.000,0.000,18.0
2008-06-11,08:58:00,3.496,0.076,236.940,14.600,37.000,0.000,18.0
2008-06-11,08:59:00,3.490,0.074,236.670,14.600,37.000,0.000,18.0
2008-06-11,09:00:00,3.426,0.000,236.820,14.400,37.000,0.000,18.0
2008-06-11,09:01:00,3.410,0.000,236.720,14.400,37.000,0.000,17.0
2008-06-11,09:02:00,3.438,0.000,236.670,14.400,37.000,0.000,18.0
2008-06-11,09:03:00,3.514,0.104,236.670,14.800,37.000,0.000,18.0
2008-06-11,09:04:00,3.512,0.104,236.560,14.800,37.000,0.000,18.0
2008-06-11,09:05:00,3.498,0.102,236.360,14.800,37.000,0.000,17.0
2008-06-11,09:06:00,2.248,0.112,237.370,10.400,18.000,0.000,18.0
2008-06-11,09:07:00,1.302,0.114,238.390,5.400,0.000,0.000,18.0
2008-06-11,09:08:00,1.298,0.114,238.230,5.400,0.000,0.000,18.0
2008-06-11,09:09:00,1.300,0.120,238.020,5.400,0.000,0.000,18.0
2008-06-11,09:10:00,1.318,0.152,238.220,5.400,1.000,0.000,18.0
2008-06-11,09:11:00,1.300,0.120,237.920,5.400,0.000,0.000,18.0
2008-06-11,09:12:00,1.288,0.112,237.470,5.400,0.000,0.000,18.0
2008-06-11,09:13:00,1.298,0.116,238.470,5.400,0.000,0.000,18.0
2008-06-11,09:14:00,1.304,0.118,239.240,5.400,0.000,0.000,18.0
2008-06-11,09:15:00,1.300,0.114,238.910,5.400,0.000,0.000,19.0
2008-06-11,09:16:00,1.218,0.000,239.900,5.000,0.000,0.000,18.0
2008-06-11,09:17:00,1.222,0.000,240.210,5.000,0.000,0.000,18.0
2008-06-11,09:18:00,1.216,0.000,239.750,5.000,0.000,0.000,18.0
2008-06-11,09:19:00,1.218,0.000,239.780,5.000,0.000,0.000,19.0
2008-06-11,09:20:00,1.216,0.000,239.740,5.000,0.000,0.000,18.0
2008-06-11,09:21:00,1.222,0.000,240.180,5.000,0.000,0.000,18.0
2008-06-11,09:22:00,1.232,0.000,240.280,5.000,0.000,0.000,19.0
2008-06-11,09:23:00,1.236,0.000,240.370,5.000,0.000,0.000,18.0
2008-06-11,09:24:00,1.236,0.000,239.540,5.000,0.000,0.000,18.0
2008-06-11,09:25:00,1.216,0.000,239.180,5.000,0.000,0.000,18.0
2008-06-11,09:26:00,1.206,0.000,238.730,5.000,0.000,0.000,18.0
2008-06-11,09:27:00,1.204,0.000,238.490,5.000,0.000,0.000,18.0
2008-06-11,09:28:00,1.200,0.000,238.030,5.000,0.000,0.000,18.0
2008-06-11,09:29:00,1.196,0.000,237.600,5.000,0.000,0.000,18.0
2008-06-11,09:30:00,1.202,0.000,238.180,5.000,0.000,0.000,18.0
2008-06-11,09:31:00,1.238,0.000,238.020,5.200,0.000,0.000,18.0
2008-06-11,09:32:00,1.274,0.084,237.960,5.200,0.000,0.000,18.0
2008-06-11,09:33:00,1.288,0.090,238.360,5.400,0.000,0.000,18.0
2008-06-11,09:34:00,1.386,0.214,237.570,5.800,0.000,0.000,18.0
2008-06-11,09:35:00,1.380,0.214,238.030,5.800,0.000,0.000,18.0
2008-06-11,09:36:00,1.376,0.214,238.110,5.800,0.000,0.000,18.0
2008-06-11,09:37:00,1.366,0.212,237.460,5.800,0.000,0.000,18.0
2008-06-11,09:38:00,1.362,0.212,237.430,5.800,0.000,0.000,18.0
2008-06-11,09:39:00,1.210,0.216,237.940,5.400,0.000,0.000,16.0
2008-06-11,09:40:00,0.332,0.244,238.030,1.600,0.000,0.000,1.0
2008-06-11,09:41:00,0.350,0.258,238.430,1.800,0.000,0.000,1.0
2008-06-11,09:42:00,0.314,0.218,238.760,1.600,0.000,0.000,0.0
2008-06-11,09:43:00,0.252,0.128,238.810,1.200,0.000,0.000,1.0
2008-06-11,09:44:00,0.250,0.126,238.090,1.200,0.000,0.000,1.0
2008-06-11,09:45:00,0.250,0.126,238.310,1.200,0.000,0.000,0.0
2008-06-11,09:46:00,0.250,0.126,238.490,1.200,0.000,0.000,1.0
2008-06-11,09:47:00,0.216,0.078,238.520,1.000,0.000,0.000,1.0
2008-06-11,09:48:00,0.156,0.000,238.720,0.600,0.000,0.000,0.0
2008-06-11,09:49:00,0.156,0.000,238.420,0.600,0.000,0.000,1.0
2008-06-11,09:50:00,0.154,0.000,237.890,0.600,0.000,0.000,1.0
2008-06-11,09:51:00,0.344,0.000,238.220,2.000,0.000,0.000,3.0
2008-06-11,09:52:00,0.780,0.088,238.070,3.200,0.000,0.000,11.0
2008-06-11,09:53:00,0.802,0.086,237.740,3.400,0.000,0.000,11.0
2008-06-11,09:54:00,0.826,0.082,237.280,3.400,0.000,0.000,12.0
2008-06-11,09:55:00,0.828,0.080,237.120,3.400,0.000,0.000,12.0
2008-06-11,09:56:00,0.376,0.000,237.470,2.000,0.000,0.000,5.0
2008-06-11,09:57:00,0.154,0.000,237.810,0.600,0.000,0.000,0.0
2008-06-11,09:58:00,0.154,0.000,237.720,0.600,0.000,0.000,1.0
2008-06-11,09:59:00,0.152,0.000,236.540,0.600,0.000,0.000,1.0
2008-06-11,10:00:00,0.154,0.000,237.210,0.600,0.000,0.000,0.0
2008-06-11,10:01:00,0.154,0.000,237.400,0.600,0.000,0.000,1.0
2008-06-11,10:02:00,0.154,0.000,237.390,0.600,0.000,0.000,1.0
2008-06-11,10:03:00,0.154,0.000,237.330,0.600,0.000,0.000,0.0
2008-06-11,10:04:00,0.156,0.000,237.830,0.600,0.000,0.000,1.0
2008-06-11,10:05:00,0.188,0.000,237.920,1.000,0.000,0.000,1.0
2008-06-11,10:06:00,0.264,0.122,237.110,1.200,0.000,0.000,0.0
2008-06-11,10:07:00,0.260,0.120,236.830,1.200,0.000,0.000,1.0
2008-06-11,10:08:00,0.258,0.122,237.310,1.200,0.000,0.000,1.0
2008-06-11,10:09:00,0.256,0.122,237.520,1.200,0.000,0.000,0.0
2008-06-11,10:10:00,0.254,0.122,237.130,1.200,0.000,0.000,1.0
2008-06-11,10:11:00,0.252,0.124,237.590,1.200,0.000,0.000,0.0
2008-06-11,10:12:00,0.252,0.124,237.890,1.200,0.000,0.000,1.0
2008-06-11,10:13:00,0.252,0.124,238.010,1.200,0.000,0.000,1.0
2008-06-11,10:14:00,0.272,0.134,237.800,1.400,0.000,0.000,0.0
2008-06-11,10:15:00,0.328,0.224,237.720,1.600,0.000,0.000,1.0
2008-06-11,10:16:00,0.326,0.222,237.500,1.600,0.000,0.000,1.0
2008-06-11,10:17:00,0.326,0.224,237.680,1.600,0.000,0.000,0.0
2008-06-11,10:18:00,0.326,0.226,238.360,1.600,0.000,0.000,1.0
2008-06-11,10:19:00,0.250,0.122,238.550,1.200,0.000,0.000,1.0
2008-06-11,10:20:00,0.230,0.098,238.820,1.000,0.000,0.000,0.0
2008-06-11,10:21:00,0.228,0.096,237.980,1.000,0.000,0.000,1.0
2008-06-11,10:22:00,0.228,0.098,238.120,1.000,0.000,0.000,1.0
2008-06-11,10:23:00,0.240,0.096,238.130,1.000,0.000,0.000,0.0
2008-06-11,10:24:00,0.228,0.098,238.230,1.000,0.000,0.000,1.0
2008-06-11,10:25:00,0.226,0.096,237.450,1.000,0.000,0.000,1.0
2008-06-11,10:26:00,0.226,0.094,237.230,1.000,0.000,0.000,0.0
2008-06-11,10:27:00,0.302,0.182,237.580,1.600,0.000,0.000,1.0
2008-06-11,10:28:00,0.310,0.212,237.200,1.600,0.000,1.000,0.0
2008-06-11,10:29:00,0.326,0.210,237.020,1.600,0.000,2.000,1.0
2008-06-11,10:30:00,0.310,0.212,237.290,1.600,0.000,1.000,1.0
2008-06-11,10:31:00,0.332,0.226,237.530,1.800,0.000,1.000,0.0
2008-06-11,10:32:00,0.418,0.338,237.090,2.200,0.000,2.000,1.0
2008-06-11,10:33:00,0.414,0.338,236.910,2.200,0.000,1.000,1.0
2008-06-11,10:34:00,0.410,0.338,237.100,2.200,0.000,2.000,0.0
2008-06-11,10:35:00,1.056,0.330,236.940,5.400,0.000,1.000,1.0
2008-06-11,10:36:00,2.026,0.246,236.060,9.800,0.000,21.000,1.0
2008-06-11,10:37:00,3.128,0.250,234.920,13.600,0.000,37.000,0.0
2008-06-11,10:38:00,2.810,0.212,235.390,12.000,0.000,39.000,1.0
2008-06-11,10:39:00,1.034,0.228,237.260,6.000,0.000,15.000,0.0
2008-06-11,10:40:00,0.396,0.238,238.070,2.000,0.000,2.000,1.0
2008-06-11,10:41:00,0.392,0.236,237.850,1.800,0.000,2.000,1.0
2008-06-11,10:42:00,0.390,0.236,237.890,1.800,0.000,3.000,0.0
2008-06-11,10:43:00,0.390,0.234,237.570,1.800,0.000,2.000,1.0
2008-06-11,10:44:00,0.388,0.232,237.170,1.800,0.000,2.000,1.0
2008-06-11,10:45:00,0.386,0.232,237.430,1.800,0.000,3.000,0.0
2008-06-11,10:46:00,0.386,0.232,236.810,1.800,0.000,2.000,1.0
2008-06-11,10:47:00,0.384,0.226,235.800,1.800,0.000,2.000,1.0
2008-06-11,10:48:00,0.384,0.228,236.300,1.800,0.000,3.000,0.0
2008-06-11,10:49:00,0.384,0.232,236.830,1.800,0.000,2.000,1.0
2008-06-11,10:50:00,0.382,0.230,236.700,1.800,0.000,2.000,1.0
2008-06-11,10:51:00,0.330,0.158,236.720,1.600,0.000,2.000,0.0
2008-06-11,10:52:00,0.288,0.100,235.410,1.200,0.000,3.000,1.0
2008-06-11,10:53:00,0.290,0.102,236.010,1.200,0.000,2.000,0.0
2008-06-11,10:54:00,0.292,0.108,238.330,1.200,0.000,2.000,1.0
2008-06-11,10:55:00,0.292,0.104,237.290,1.200,0.000,3.000,1.0
2008-06-11,10:56:00,0.290,0.104,236.870,1.200,0.000,2.000,0.0
2008-06-11,10:57:00,0.290,0.104,236.890,1.200,0.000,2.000,1.0
2008-06-11,10:58:00,0.290,0.104,236.900,1.200,0.000,2.000,1.0
2008-06-11,10:59:00,0.292,0.108,238.340,1.200,0.000,3.000,0.0
2008-06-11,11:00:00,0.292,0.110,238.810,1.200,0.000,2.000,1.0
2008-06-11,11:01:00,0.286,0.136,239.480,1.200,0.000,2.000,1.0
2008-06-11,11:02:00,0.262,0.114,238.940,1.200,0.000,2.000,0.0
2008-06-11,11:03:00,0.266,0.114,239.320,1.200,0.000,2.000,1.0
2008-06-11,11:04:00,0.298,0.114,239.830,1.400,0.000,2.000,1.0
2008-06-11,11:05:00,0.298,0.114,240.390,1.400,0.000,2.000,0.0
2008-06-11,11:06:00,0.298,0.116,240.830,1.400,0.000,3.000,1.0
2008-06-11,11:07:00,0.242,0.000,241.180,1.000,0.000,1.000,1.0
2008-06-11,11:08:00,0.274,0.094,240.860,1.600,0.000,1.000,0.0
2008-06-11,11:09:00,0.752,0.292,239.930,3.600,0.000,0.000,6.0
2008-06-11,11:10:00,1.046,0.336,240.250,4.600,0.000,1.000,12.0
2008-06-11,11:11:00,1.072,0.342,241.050,4.600,0.000,2.000,11.0
2008-06-11,11:12:00,1.088,0.342,241.130,4.600,0.000,1.000,12.0
2008-06-11,11:13:00,1.084,0.354,240.570,4.600,0.000,1.000,12.0
2008-06-11,11:14:00,0.492,0.268,240.440,2.600,0.000,0.000,4.0
2008-06-11,11:15:00,0.378,0.236,239.660,1.800,0.000,1.000,1.0
2008-06-11,11:16:00,0.456,0.232,239.900,2.000,0.000,1.000,0.0
2008-06-11,11:17:00,0.424,0.226,239.770,2.000,0.000,2.000,1.0
2008-06-11,11:18:00,0.390,0.228,240.020,1.800,0.000,1.000,1.0
2008-06-11,11:19:00,0.394,0.234,240.090,1.800,0.000,1.000,0.0
2008-06-11,11:20:00,0.324,0.200,238.950,1.600,0.000,1.000,1.0
2008-06-11,11:21:00,0.314,0.160,239.550,1.600,0.000,1.000,0.0
2008-06-11,11:22:00,0.304,0.158,238.980,1.400,0.000,1.000,1.0
2008-06-11,11:23:00,0.336,0.154,239.700,1.600,0.000,1.000,1.0
2008-06-11,11:24:00,0.290,0.160,240.550,1.400,0.000,1.000,0.0
2008-06-11,11:25:00,0.254,0.130,240.170,1.200,0.000,0.000,1.0
2008-06-11,11:26:00,0.158,0.000,240.040,0.600,0.000,0.000,1.0
2008-06-11,11:27:00,0.160,0.000,240.460,0.600,0.000,0.000,0.0
2008-06-11,11:28:00,0.158,0.000,240.230,0.600,0.000,0.000,1.0
2008-06-11,11:29:00,0.160,0.000,240.670,0.600,0.000,0.000,1.0
2008-06-11,11:30:00,0.158,0.000,240.160,0.600,0.000,0.000,0.0
2008-06-11,11:31:00,0.158,0.000,239.010,0.600,0.000,0.000,1.0
2008-06-11,11:32:00,0.158,0.000,239.160,0.600,0.000,0.000,1.0
2008-06-11,11:33:00,0.158,0.000,239.020,0.600,0.000,0.000,0.0
2008-06-11,11:34:00,0.158,0.000,239.820,0.600,0.000,0.000,1.0
2008-06-11,11:35:00,0.158,0.000,239.430,0.600,0.000,0.000,1.0
2008-06-11,11:36:00,0.156,0.000,238.530,0.600,0.000,0.000,0.0
2008-06-11,11:37:00,0.156,0.000,237.660,0.600,0.000,0.000,1.0
2008-06-11,11:38:00,0.156,0.000,238.480,0.600,0.000,0.000,1.0
2008-06-11,11:39:00,0.156,0.000,238.420,0.600,0.000,0.000,0.0
2008-06-11,11:40:00,0.158,0.000,238.860,0.600,0.000,0.000,1.0
2008-06-11,11:41:00,0.158,0.000,239.500,0.600,0.000,0.000,1.0
2008-06-11,11:42:00,0.156,0.000,239.300,0.600,0.000,0.000,0.0
2008-06-11,11:43:00,0.494,0.000,238.980,3.800,0.000,2.000,1.0
2008-06-11,11:44:00,2.480,0.102,236.680,10.400,0.000,37.000,1.0
2008-06-11,11:45:00,2.500,0.096,236.050,10.600,0.000,37.000,0.0
2008-06-11,11:46:00,1.356,0.108,237.240,7.400,0.000,20.000,1.0
2008-06-11,11:47:00,0.328,0.122,239.360,1.400,0.000,1.000,0.0
2008-06-11,11:48:00,0.328,0.122,239.160,1.400,0.000,1.000,1.0
2008-06-11,11:49:00,0.322,0.122,239.220,1.400,0.000,1.000,1.0
2008-06-11,11:50:00,0.322,0.120,238.560,1.400,0.000,2.000,0.0
2008-06-11,11:51:00,0.322,0.122,239.070,1.400,0.000,1.000,1.0
2008-06-11,11:52:00,0.392,0.192,238.380,2.000,0.000,1.000,1.0
2008-06-11,11:53:00,0.398,0.222,238.710,1.800,0.000,1.000,0.0
2008-06-11,11:54:00,0.398,0.222,238.620,1.800,0.000,1.000,1.0
2008-06-11,11:55:00,0.398,0.222,238.820,1.800,0.000,1.000,1.0
2008-06-11,11:56:00,0.394,0.220,238.340,1.800,0.000,1.000,0.0
2008-06-11,11:57:00,0.394,0.224,239.110,1.800,0.000,2.000,1.0
2008-06-11,11:58:00,0.392,0.224,239.300,1.800,0.000,1.000,1.0
2008-06-11,11:59:00,0.388,0.222,238.840,1.800,0.000,1.000,0.0
2008-06-11,12:00:00,0.388,0.222,238.880,1.800,0.000,1.000,1.0
2008-06-11,12:01:00,0.320,0.128,239.230,1.400,0.000,1.000,1.0
2008-06-11,12:02:00,0.296,0.096,239.660,1.200,0.000,1.000,0.0
2008-06-11,12:03:00,0.294,0.092,238.570,1.200,0.000,1.000,1.0
2008-06-11,12:04:00,0.234,0.000,238.350,1.000,0.000,2.000,1.0
2008-06-11,12:05:00,0.226,0.000,238.120,1.000,0.000,1.000,0.0
2008-06-11,12:06:00,0.226,0.000,238.270,1.000,0.000,1.000,1.0
2008-06-11,12:07:00,0.224,0.000,238.170,1.000,0.000,1.000,1.0
2008-06-11,12:08:00,0.230,0.000,237.470,1.000,0.000,1.000,0.0
2008-06-11,12:09:00,0.198,0.000,237.350,0.800,0.000,1.000,1.0
2008-06-11,12:10:00,0.184,0.000,237.300,0.800,0.000,0.000,0.0
2008-06-11,12:11:00,0.218,0.000,237.660,1.000,0.000,2.000,1.0
2008-06-11,12:12:00,0.226,0.000,237.460,1.000,0.000,1.000,1.0
2008-06-11,12:13:00,0.226,0.000,237.280,1.000,0.000,1.000,0.0
2008-06-11,12:14:00,0.228,0.000,237.660,1.000,0.000,1.000,1.0
2008-06-11,12:15:00,0.208,0.000,237.740,0.800,0.000,1.000,1.0
2008-06-11,12:16:00,0.184,0.000,237.800,0.800,0.000,0.000,0.0
2008-06-11,12:17:00,0.222,0.000,238.290,1.000,0.000,2.000,1.0
2008-06-11,12:18:00,0.230,0.000,238.430,1.000,0.000,1.000,1.0
2008-06-11,12:19:00,0.228,0.000,238.530,1.000,0.000,1.000,0.0
2008-06-11,12:20:00,0.332,0.100,238.550,1.600,0.000,1.000,1.0
2008-06-11,12:21:00,0.322,0.152,238.830,1.400,0.000,1.000,1.0
2008-06-11,12:22:00,0.302,0.134,239.200,1.400,0.000,1.000,0.0
2008-06-11,12:23:00,0.332,0.130,238.200,1.400,0.000,1.000,1.0
2008-06-11,12:24:00,0.328,0.118,237.820,1.400,0.000,1.000,0.0
2008-06-11,12:25:00,0.326,0.120,238.540,1.400,0.000,1.000,1.0
2008-06-11,12:26:00,0.326,0.122,238.330,1.400,0.000,2.000,1.0
2008-06-11,12:27:00,0.316,0.146,238.540,1.400,0.000,1.000,0.0
2008-06-11,12:28:00,0.338,0.158,238.560,1.600,0.000,1.000,1.0
2008-06-11,12:29:00,1.516,0.148,237.290,9.000,0.000,0.000,2.0
2008-06-11,12:30:00,3.622,0.206,235.080,15.400,0.000,1.000,11.0
2008-06-11,12:31:00,3.692,0.210,234.910,15.600,0.000,2.000,11.0
2008-06-11,12:32:00,2.878,0.196,235.840,13.200,0.000,0.000,12.0
2008-06-11,12:33:00,0.928,0.218,237.940,4.000,0.000,0.000,12.0
2008-06-11,12:34:00,0.762,0.196,238.120,3.400,0.000,0.000,10.0
2008-06-11,12:35:00,0.250,0.126,238.140,1.200,0.000,0.000,0.0
2008-06-11,12:36:00,0.284,0.146,238.280,1.400,0.000,0.000,1.0
2008-06-11,12:37:00,0.236,0.100,238.820,1.000,0.000,0.000,1.0
2008-06-11,12:38:00,0.236,0.100,238.830,1.000,0.000,0.000,0.0
2008-06-11,12:39:00,0.234,0.100,238.610,1.000,0.000,0.000,1.0
2008-06-11,12:40:00,0.298,0.156,238.140,1.600,0.000,0.000,1.0
2008-06-11,12:41:00,0.318,0.216,237.950,1.600,0.000,2.000,0.0
2008-06-11,12:42:00,0.340,0.214,237.720,1.600,0.000,1.000,1.0
2008-06-11,12:43:00,0.316,0.214,237.480,1.600,0.000,2.000,1.0
2008-06-11,12:44:00,0.340,0.236,237.160,1.800,0.000,1.000,0.0
2008-06-11,12:45:00,0.402,0.240,237.860,2.000,1.000,2.000,1.0
2008-06-11,12:46:00,0.386,0.230,238.380,1.800,1.000,1.000,1.0
2008-06-11,12:47:00,0.392,0.228,238.720,1.800,2.000,1.000,0.0
2008-06-11,12:48:00,0.596,0.244,238.380,2.800,1.000,2.000,1.0
2008-06-11,12:49:00,0.334,0.220,238.740,1.600,0.000,1.000,1.0
2008-06-11,12:50:00,0.312,0.218,239.180,1.600,0.000,2.000,0.0
2008-06-11,12:51:00,0.312,0.218,239.140,1.600,0.000,1.000,1.0
2008-06-11,12:52:00,0.310,0.216,238.720,1.600,0.000,2.000,0.0
2008-06-11,12:53:00,0.316,0.218,239.140,1.600,0.000,1.000,1.0
2008-06-11,12:54:00,0.308,0.216,238.600,1.600,0.000,1.000,1.0
2008-06-11,12:55:00,0.380,0.290,238.680,2.000,0.000,2.000,0.0
2008-06-11,12:56:00,0.522,0.482,238.170,3.000,0.000,1.000,1.0
2008-06-11,12:57:00,0.562,0.534,238.380,3.200,0.000,1.000,1.0
2008-06-11,12:58:00,0.556,0.526,237.830,3.200,0.000,2.000,0.0
2008-06-11,12:59:00,0.552,0.522,238.000,3.200,0.000,1.000,1.0
2008-06-11,13:00:00,0.548,0.516,237.840,3.200,0.000,1.000,1.0
2008-06-11,13:01:00,0.544,0.512,237.580,3.200,0.000,1.000,0.0
2008-06-11,13:02:00,0.420,0.374,237.730,2.400,0.000,2.000,1.0
2008-06-11,13:03:00,0.400,0.344,238.110,2.200,0.000,1.000,1.0
2008-06-11,13:04:00,0.406,0.348,238.820,2.200,0.000,1.000,0.0
2008-06-11,13:05:00,0.396,0.348,238.830,2.200,0.000,2.000,1.0
2008-06-11,13:06:00,0.394,0.348,238.650,2.200,0.000,1.000,1.0
2008-06-11,13:07:00,0.394,0.348,238.860,2.200,0.000,1.000,0.0
2008-06-11,13:08:00,0.394,0.350,239.220,2.200,0.000,1.000,1.0
2008-06-11,13:09:00,0.392,0.348,238.660,2.200,0.000,1.000,1.0
2008-06-11,13:10:00,0.392,0.348,238.910,2.200,0.000,2.000,0.0
2008-06-11,13:11:00,0.390,0.348,238.760,2.200,0.000,1.000,1.0
2008-06-11,13:12:00,0.322,0.250,238.760,1.600,0.000,1.000,0.0
2008-06-11,13:13:00,0.298,0.218,239.020,1.400,0.000,1.000,1.0
2008-06-11,13:14:00,0.300,0.216,238.560,1.400,0.000,2.000,1.0
2008-06-11,13:15:00,0.296,0.214,238.220,1.400,0.000,1.000,0.0
2008-06-11,13:16:00,0.298,0.216,238.600,1.400,0.000,1.000,1.0
2008-06-11,13:17:00,0.298,0.216,238.830,1.400,0.000,1.000,1.0
2008-06-11,13:18:00,0.296,0.216,238.690,1.400,0.000,1.000,0.0
2008-06-11,13:19:00,0.296,0.218,238.980,1.400,0.000,2.000,1.0
2008-06-11,13:20:00,0.298,0.220,239.550,1.400,0.000,1.000,1.0
2008-06-11,13:21:00,0.278,0.190,239.480,1.400,0.000,1.000,0.0
2008-06-11,13:22:00,0.172,0.000,239.770,0.800,0.000,0.000,1.0
2008-06-11,13:23:00,0.178,0.000,239.750,0.800,0.000,0.000,1.0
2008-06-11,13:24:00,0.160,0.000,239.980,0.600,0.000,0.000,0.0
2008-06-11,13:25:00,0.160,0.000,240.430,0.600,0.000,0.000,1.0
2008-06-11,13:26:00,0.744,0.000,239.320,4.200,0.000,0.000,1.0
2008-06-11,13:27:00,0.208,0.000,239.850,1.200,0.000,0.000,0.0
2008-06-11,13:28:00,0.162,0.000,239.890,0.600,0.000,0.000,1.0
2008-06-11,13:29:00,0.184,0.000,239.910,1.000,0.000,0.000,1.0
2008-06-11,13:30:00,0.184,0.000,239.960,1.000,0.000,0.000,0.0
2008-06-11,13:31:00,0.280,0.114,239.190,1.400,0.000,0.000,1.0
2008-06-11,13:32:00,0.292,0.130,240.020,1.400,0.000,0.000,1.0
2008-06-11,13:33:00,0.286,0.130,239.970,1.400,0.000,0.000,0.0
2008-06-11,13:34:00,0.284,0.130,240.000,1.400,0.000,0.000,1.0
2008-06-11,13:35:00,0.540,0.140,239.160,3.200,0.000,0.000,1.0
2008-06-11,13:36:00,0.762,0.156,238.920,4.200,0.000,0.000,0.0
2008-06-11,13:37:00,0.774,0.150,238.020,4.200,0.000,0.000,1.0
2008-06-11,13:38:00,0.252,0.126,238.520,1.200,0.000,0.000,0.0
2008-06-11,13:39:00,0.252,0.128,238.800,1.200,0.000,0.000,1.0
2008-06-11,13:40:00,0.252,0.126,238.460,1.200,0.000,0.000,1.0
2008-06-11,13:41:00,0.252,0.126,238.640,1.200,0.000,0.000,0.0
2008-06-11,13:42:00,0.252,0.128,238.950,1.200,0.000,0.000,1.0
2008-06-11,13:43:00,0.292,0.162,239.380,1.400,0.000,0.000,1.0
2008-06-11,13:44:00,0.330,0.232,240.090,1.600,0.000,0.000,0.0
2008-06-11,13:45:00,0.330,0.234,240.210,1.600,0.000,0.000,1.0
2008-06-11,13:46:00,0.328,0.232,240.060,1.600,0.000,0.000,1.0
2008-06-11,13:47:00,0.284,0.172,240.350,1.400,0.000,0.000,0.0
2008-06-11,13:48:00,0.232,0.102,240.350,1.000,0.000,0.000,1.0
2008-06-11,13:49:00,0.230,0.102,240.050,1.000,0.000,0.000,1.0
2008-06-11,13:50:00,0.686,0.178,239.930,3.200,0.000,0.000,7.0
2008-06-11,13:51:00,0.864,0.196,239.330,3.600,0.000,0.000,12.0
2008-06-11,13:52:00,0.894,0.196,239.240,3.800,0.000,0.000,11.0
2008-06-11,13:53:00,0.908,0.192,238.820,3.800,0.000,0.000,12.0
2008-06-11,13:54:00,0.912,0.192,238.850,3.800,0.000,0.000,13.0
2008-06-11,13:55:00,0.330,0.116,239.860,1.800,0.000,0.000,3.0
2008-06-11,13:56:00,0.226,0.102,239.720,1.000,0.000,0.000,0.0
2008-06-11,13:57:00,0.226,0.100,239.520,1.000,0.000,0.000,1.0
2008-06-11,13:58:00,0.226,0.102,239.570,1.000,0.000,0.000,0.0
2008-06-11,13:59:00,0.226,0.102,239.690,1.000,0.000,0.000,1.0
2008-06-11,14:00:00,0.226,0.104,240.260,1.000,0.000,0.000,1.0
2008-06-11,14:01:00,0.160,0.000,240.300,0.600,0.000,0.000,0.0
2008-06-11,14:02:00,0.160,0.000,240.640,0.600,0.000,0.000,1.0
2008-06-11,14:03:00,0.158,0.000,240.290,0.600,0.000,0.000,1.0
2008-06-11,14:04:00,0.158,0.000,240.600,0.600,0.000,0.000,0.0
2008-06-11,14:05:00,0.158,0.000,240.650,0.600,0.000,0.000,1.0
2008-06-11,14:06:00,0.236,0.078,239.590,1.200,0.000,0.000,1.0
2008-06-11,14:07:00,0.268,0.130,239.730,1.200,0.000,0.000,0.0
2008-06-11,14:08:00,0.262,0.130,239.750,1.200,0.000,0.000,1.0
2008-06-11,14:09:00,0.260,0.130,239.730,1.200,0.000,0.000,1.0
2008-06-11,14:10:00,0.260,0.132,240.140,1.200,0.000,0.000,0.0
2008-06-11,14:11:00,0.258,0.132,240.350,1.200,0.000,0.000,1.0
2008-06-11,14:12:00,0.256,0.132,240.010,1.200,0.000,0.000,1.0
2008-06-11,14:13:00,0.256,0.132,240.260,1.200,0.000,0.000,0.0
2008-06-11,14:14:00,0.256,0.132,240.350,1.200,0.000,0.000,1.0
2008-06-11,14:15:00,0.254,0.132,240.270,1.200,0.000,0.000,1.0
2008-06-11,14:16:00,0.254,0.132,240.560,1.200,0.000,0.000,0.0
2008-06-11,14:17:00,0.254,0.134,240.550,1.200,0.000,0.000,1.0
2008-06-11,14:18:00,0.254,0.134,240.560,1.200,0.000,0.000,1.0
2008-06-11,14:19:00,0.254,0.134,240.860,1.200,0.000,0.000,0.0
2008-06-11,14:20:00,0.254,0.134,240.760,1.200,0.000,0.000,1.0
2008-06-11,14:21:00,0.252,0.134,240.520,1.200,0.000,0.000,1.0
2008-06-11,14:22:00,0.244,0.120,240.950,1.200,0.000,0.000,0.0
2008-06-11,14:23:00,0.160,0.000,241.130,0.600,0.000,0.000,1.0
2008-06-11,14:24:00,0.160,0.000,241.030,0.600,0.000,0.000,1.0
2008-06-11,14:25:00,0.160,0.000,240.750,0.600,0.000,0.000,0.0
2008-06-11,14:26:00,0.160,0.000,241.060,0.600,0.000,0.000,1.0
2008-06-11,14:27:00,0.160,0.000,241.030,0.600,0.000,0.000,1.0
2008-06-11,14:28:00,0.218,0.058,240.820,1.200,0.000,0.000,0.0
2008-06-11,14:29:00,0.236,0.106,240.880,1.000,0.000,0.000,1.0
2008-06-11,14:30:00,0.236,0.106,240.750,1.000,0.000,0.000,1.0
2008-06-11,14:31:00,0.238,0.106,241.230,1.000,0.000,0.000,0.0
2008-06-11,14:32:00,0.236,0.106,241.220,1.000,0.000,0.000,1.0
2008-06-11,14:33:00,0.234,0.106,240.980,1.000,0.000,0.000,1.0
2008-06-11,14:34:00,0.232,0.106,240.870,1.000,0.000,0.000,0.0
2008-06-11,14:35:00,0.232,0.106,241.020,1.000,0.000,0.000,1.0
2008-06-11,14:36:00,0.230,0.104,240.790,1.000,0.000,0.000,1.0
2008-06-11,14:37:00,0.230,0.106,240.890,1.000,0.000,0.000,0.0
2008-06-11,14:38:00,0.228,0.104,240.740,1.000,0.000,0.000,1.0
2008-06-11,14:39:00,0.228,0.104,240.670,1.000,0.000,0.000,1.0
2008-06-11,14:40:00,0.226,0.102,239.620,1.000,0.000,0.000,0.0
2008-06-11,14:41:00,0.168,0.000,239.420,0.800,0.000,0.000,1.0
2008-06-11,14:42:00,0.268,0.116,239.360,1.200,0.000,0.000,1.0
2008-06-11,14:43:00,0.266,0.128,239.430,1.200,0.000,0.000,0.0
2008-06-11,14:44:00,0.262,0.130,239.870,1.200,0.000,0.000,1.0
2008-06-11,14:45:00,0.262,0.132,240.240,1.200,0.000,0.000,1.0
2008-06-11,14:46:00,0.258,0.130,239.550,1.200,0.000,0.000,0.0
2008-06-11,14:47:00,0.256,0.128,239.120,1.200,0.000,0.000,1.0
2008-06-11,14:48:00,0.256,0.130,239.750,1.200,0.000,0.000,1.0
2008-06-11,14:49:00,0.256,0.130,239.860,1.200,0.000,0.000,0.0
2008-06-11,14:50:00,0.254,0.132,240.060,1.200,0.000,0.000,1.0
2008-06-11,14:51:00,0.254,0.132,240.030,1.200,0.000,0.000,1.0
2008-06-11,14:52:00,0.254,0.130,239.810,1.200,0.000,0.000,0.0
2008-06-11,14:53:00,0.252,0.130,239.540,1.200,0.000,0.000,1.0
2008-06-11,14:54:00,0.252,0.130,239.680,1.200,0.000,0.000,0.0
2008-06-11,14:55:00,0.338,0.230,239.810,1.800,0.000,1.000,1.0
2008-06-11,14:56:00,0.340,0.252,239.790,1.600,0.000,1.000,1.0
2008-06-11,14:57:00,0.338,0.252,239.630,1.600,0.000,2.000,0.0
2008-06-11,14:58:00,0.284,0.176,239.450,1.400,0.000,1.000,1.0
2008-06-11,14:59:00,0.246,0.118,239.130,1.000,0.000,2.000,1.0
2008-06-11,15:00:00,0.244,0.118,239.300,1.000,0.000,1.000,0.0
2008-06-11,15:01:00,0.244,0.118,239.390,1.000,0.000,1.000,1.0
2008-06-11,15:02:00,0.244,0.118,239.340,1.000,0.000,2.000,1.0
2008-06-11,15:03:00,0.246,0.118,239.210,1.000,0.000,1.000,0.0
2008-06-11,15:04:00,0.244,0.118,239.240,1.000,0.000,2.000,1.0
2008-06-11,15:05:00,0.242,0.118,239.160,1.000,0.000,1.000,1.0
2008-06-11,15:06:00,0.242,0.120,239.490,1.000,0.000,2.000,0.0
2008-06-11,15:07:00,0.242,0.120,239.850,1.000,0.000,1.000,1.0
2008-06-11,15:08:00,0.240,0.120,240.020,1.000,0.000,1.000,1.0
2008-06-11,15:09:00,0.400,0.184,239.690,2.200,0.000,2.000,2.0
2008-06-11,15:10:00,0.942,0.316,238.960,4.000,0.000,1.000,11.0
2008-06-11,15:11:00,0.962,0.318,239.070,4.200,0.000,1.000,11.0
2008-06-11,15:12:00,0.988,0.318,239.150,4.200,0.000,2.000,12.0
2008-06-11,15:13:00,0.994,0.318,239.150,4.200,0.000,1.000,12.0
2008-06-11,15:14:00,0.734,0.284,239.650,3.600,0.000,1.000,9.0
2008-06-11,15:15:00,0.304,0.222,239.550,1.600,0.000,2.000,0.0
2008-06-11,15:16:00,0.302,0.222,239.680,1.600,0.000,1.000,1.0
2008-06-11,15:17:00,0.370,0.290,239.630,2.000,0.000,1.000,1.0
2008-06-11,15:18:00,0.410,0.352,239.610,2.200,0.000,1.000,0.0
2008-06-11,15:19:00,0.404,0.352,239.610,2.200,0.000,2.000,1.0
2008-06-11,15:20:00,0.402,0.354,240.050,2.200,0.000,1.000,1.0
2008-06-11,15:21:00,0.368,0.308,239.940,2.000,0.000,1.000,0.0
2008-06-11,15:22:00,0.362,0.254,240.150,2.000,0.000,1.000,1.0
2008-06-11,15:23:00,1.428,0.236,238.850,6.000,0.000,2.000,18.0
2008-06-11,15:24:00,1.408,0.234,238.560,6.000,0.000,1.000,19.0
2008-06-11,15:25:00,1.388,0.232,238.020,5.800,0.000,1.000,19.0
2008-06-11,15:26:00,1.378,0.232,238.100,5.800,0.000,1.000,18.0
2008-06-11,15:27:00,1.372,0.232,237.990,5.800,0.000,1.000,18.0
2008-06-11,15:28:00,1.372,0.232,238.220,5.800,0.000,2.000,18.0
2008-06-11,15:29:00,1.370,0.234,238.360,5.800,0.000,1.000,18.0
2008-06-11,15:30:00,1.370,0.234,238.470,5.800,0.000,1.000,18.0
2008-06-11,15:31:00,1.374,0.236,238.890,5.800,0.000,1.000,18.0
2008-06-11,15:32:00,1.372,0.236,238.900,5.800,0.000,2.000,18.0
2008-06-11,15:33:00,1.374,0.236,239.040,5.800,0.000,1.000,19.0
2008-06-11,15:34:00,1.308,0.144,238.930,5.400,0.000,1.000,18.0
2008-06-11,15:35:00,1.276,0.104,238.500,5.200,0.000,1.000,18.0
2008-06-11,15:36:00,1.284,0.106,239.250,5.400,0.000,1.000,18.0
2008-06-11,15:37:00,1.284,0.106,239.410,5.400,0.000,2.000,18.0
2008-06-11,15:38:00,1.286,0.106,239.500,5.400,0.000,1.000,18.0
2008-06-11,15:39:00,1.232,0.000,239.940,5.000,0.000,0.000,19.0
2008-06-11,15:40:00,1.224,0.000,240.270,5.000,0.000,0.000,18.0
2008-06-11,15:41:00,1.222,0.000,240.260,5.000,0.000,0.000,18.0
2008-06-11,15:42:00,1.224,0.000,240.390,5.000,0.000,0.000,19.0
2008-06-11,15:43:00,1.224,0.000,240.370,5.000,0.000,0.000,18.0
2008-06-11,15:44:00,1.220,0.000,240.050,5.000,0.000,0.000,18.0
2008-06-11,15:45:00,1.220,0.000,239.930,5.000,0.000,0.000,19.0
2008-06-11,15:46:00,1.218,0.000,239.780,5.000,0.000,0.000,18.0
2008-06-11,15:47:00,1.216,0.000,239.570,5.000,0.000,0.000,18.0
2008-06-11,15:48:00,1.216,0.000,239.680,5.000,0.000,0.000,18.0
2008-06-11,15:49:00,1.276,0.046,239.690,5.200,0.000,0.000,19.0
2008-06-11,15:50:00,1.302,0.090,239.790,5.400,0.000,0.000,18.0
2008-06-11,15:51:00,1.460,0.086,239.770,6.000,0.000,0.000,18.0
2008-06-11,15:52:00,1.286,0.088,239.290,5.400,0.000,0.000,18.0
2008-06-11,15:53:00,1.350,0.150,239.700,5.600,0.000,0.000,18.0
2008-06-11,15:54:00,1.398,0.222,239.880,5.800,0.000,0.000,19.0
2008-06-11,15:55:00,1.388,0.220,239.530,5.800,0.000,0.000,18.0
2008-06-11,15:56:00,1.386,0.220,239.670,5.800,0.000,0.000,18.0
2008-06-11,15:57:00,1.378,0.218,239.120,5.800,0.000,0.000,18.0
2008-06-11,15:58:00,1.232,0.224,239.920,5.400,0.000,0.000,17.0
2008-06-11,15:59:00,0.324,0.238,240.770,1.600,0.000,0.000,1.0
2008-06-11,16:00:00,0.324,0.236,240.640,1.600,0.000,0.000,0.0
2008-06-11,16:01:00,0.290,0.190,240.760,1.400,0.000,0.000,1.0
2008-06-11,16:02:00,0.254,0.134,240.470,1.200,0.000,0.000,1.0
2008-06-11,16:03:00,0.252,0.134,240.510,1.200,0.000,0.000,0.0
2008-06-11,16:04:00,0.252,0.134,240.660,1.200,0.000,0.000,1.0
2008-06-11,16:05:00,0.252,0.130,239.760,1.200,0.000,0.000,1.0
2008-06-11,16:06:00,0.252,0.132,240.430,1.200,0.000,0.000,0.0
2008-06-11,16:07:00,0.254,0.132,240.680,1.200,0.000,0.000,1.0
2008-06-11,16:08:00,0.254,0.132,240.690,1.200,0.000,0.000,1.0
2008-06-11,16:09:00,0.254,0.132,240.680,1.200,0.000,0.000,0.0
2008-06-11,16:10:00,0.176,0.000,240.870,0.800,0.000,0.000,1.0
2008-06-11,16:11:00,0.158,0.000,240.840,0.600,0.000,0.000,1.0
2008-06-11,16:12:00,0.158,0.000,240.900,0.600,0.000,0.000,0.0
2008-06-11,16:13:00,0.158,0.000,241.030,0.600,0.000,0.000,1.0
2008-06-11,16:14:00,0.158,0.000,241.180,0.600,0.000,0.000,1.0
2008-06-11,16:15:00,0.160,0.000,241.930,0.600,0.000,0.000,0.0
2008-06-11,16:16:00,0.158,0.000,241.270,0.600,0.000,0.000,1.0
2008-06-11,16:17:00,0.450,0.000,241.170,2.200,0.000,0.000,1.0
2008-06-11,16:18:00,0.366,0.000,241.210,1.800,0.000,0.000,0.0
2008-06-11,16:19:00,0.158,0.000,241.370,0.600,0.000,0.000,1.0
2008-06-11,16:20:00,0.158,0.000,241.360,0.600,0.000,0.000,1.0
2008-06-11,16:21:00,0.160,0.000,241.870,0.600,0.000,0.000,0.0
2008-06-11,16:22:00,0.160,0.000,241.870,0.600,0.000,0.000,1.0
2008-06-11,16:23:00,0.158,0.000,241.560,0.600,0.000,0.000,1.0
2008-06-11,16:24:00,0.158,0.000,241.620,0.600,0.000,0.000,0.0
2008-06-11,16:25:00,0.160,0.000,241.510,0.600,0.000,0.000,1.0
2008-06-11,16:26:00,0.160,0.000,241.530,0.600,0.000,0.000,1.0
2008-06-11,16:27:00,0.160,0.000,241.180,0.600,0.000,0.000,0.0
2008-06-11,16:28:00,0.324,0.000,240.800,1.800,0.000,0.000,3.0
2008-06-11,16:29:00,0.956,0.258,240.320,4.200,0.000,0.000,11.0
2008-06-11,16:30:00,1.006,0.334,240.450,4.400,0.000,0.000,12.0
2008-06-11,16:31:00,1.024,0.332,240.370,4.400,0.000,0.000,12.0
2008-06-11,16:32:00,1.028,0.328,240.010,4.400,0.000,0.000,12.0
2008-06-11,16:33:00,0.610,0.268,240.590,3.000,0.000,0.000,6.0
2008-06-11,16:34:00,0.330,0.230,240.860,1.600,0.000,0.000,0.0
2008-06-11,16:35:00,0.328,0.230,241.050,1.600,0.000,0.000,1.0
2008-06-11,16:36:00,0.326,0.232,241.560,1.600,0.000,0.000,1.0
2008-06-11,16:37:00,0.324,0.232,241.510,1.600,0.000,0.000,0.0
2008-06-11,16:38:00,0.322,0.230,241.040,1.600,0.000,0.000,1.0
2008-06-11,16:39:00,0.322,0.230,240.890,1.600,0.000,0.000,1.0
2008-06-11,16:40:00,0.350,0.228,240.800,1.800,0.000,0.000,0.0
2008-06-11,16:41:00,0.378,0.230,241.000,1.800,0.000,0.000,1.0
2008-06-11,16:42:00,0.378,0.230,241.160,1.800,0.000,0.000,1.0
2008-06-11,16:43:00,0.376,0.222,240.920,1.800,0.000,0.000,0.0
2008-06-11,16:44:00,0.316,0.126,240.720,1.400,0.000,0.000,1.0
2008-06-11,16:45:00,0.298,0.102,240.360,1.400,0.000,0.000,1.0
2008-06-11,16:46:00,0.218,0.000,240.360,1.000,0.000,0.000,0.0
2008-06-11,16:47:00,0.222,0.000,240.270,1.000,0.000,0.000,1.0
2008-06-11,16:48:00,0.220,0.000,240.110,1.000,0.000,0.000,1.0
2008-06-11,16:49:00,0.220,0.000,240.600,1.000,0.000,0.000,0.0
2008-06-11,16:50:00,0.224,0.000,240.580,1.000,0.000,0.000,1.0
2008-06-11,16:51:00,0.222,0.000,240.870,1.000,0.000,0.000,1.0
2008-06-11,16:52:00,0.216,0.000,240.760,1.000,0.000,0.000,0.0
2008-06-11,16:53:00,0.216,0.000,240.650,1.000,0.000,0.000,1.0
2008-06-11,16:54:00,0.212,0.000,240.200,1.000,0.000,0.000,1.0
2008-06-11,16:55:00,0.216,0.000,239.780,1.000,0.000,0.000,0.0
2008-06-11,16:56:00,0.218,0.000,240.080,1.000,0.000,0.000,1.0
2008-06-11,16:57:00,0.222,0.000,240.010,1.000,0.000,0.000,1.0
2008-06-11,16:58:00,0.220,0.000,240.380,1.000,0.000,0.000,0.0
2008-06-11,16:59:00,0.210,0.000,240.770,1.000,0.000,0.000,1.0
2008-06-11,17:00:00,0.212,0.000,240.820,1.000,0.000,0.000,1.0
2008-06-11,17:01:00,0.210,0.000,240.890,1.000,0.000,0.000,0.0
2008-06-11,17:02:00,0.212,0.000,241.190,1.000,0.000,0.000,1.0
2008-06-11,17:03:00,0.214,0.000,241.350,1.000,0.000,0.000,1.0
2008-06-11,17:04:00,0.276,0.048,241.640,1.400,0.000,0.000,0.0
2008-06-11,17:05:00,0.322,0.130,241.860,1.400,0.000,0.000,1.0
2008-06-11,17:06:00,0.316,0.130,241.600,1.400,0.000,0.000,1.0
2008-06-11,17:07:00,0.276,0.128,241.270,1.200,0.000,0.000,0.0
2008-06-11,17:08:00,0.256,0.126,240.990,1.200,0.000,0.000,1.0
2008-06-11,17:09:00,0.254,0.126,240.810,1.200,0.000,0.000,1.0
2008-06-11,17:10:00,0.254,0.126,240.620,1.200,0.000,0.000,0.0
2008-06-11,17:11:00,0.252,0.126,240.690,1.200,0.000,0.000,1.0
2008-06-11,17:12:00,0.356,0.224,240.780,2.000,0.000,0.000,1.0
2008-06-11,17:13:00,0.416,0.352,241.080,2.200,0.000,1.000,0.0
2008-06-11,17:14:00,0.412,0.352,240.750,2.200,0.000,1.000,1.0
2008-06-11,17:15:00,0.414,0.354,241.130,2.200,0.000,2.000,1.0
2008-06-11,17:16:00,0.466,0.348,240.760,2.400,0.000,1.000,0.0
2008-06-11,17:17:00,0.578,0.340,240.730,2.800,0.000,2.000,1.0
2008-06-11,17:18:00,0.846,0.378,239.970,4.600,0.000,1.000,1.0
2008-06-11,17:19:00,1.802,0.498,238.850,8.000,0.000,1.000,0.0
2008-06-11,17:20:00,1.800,0.490,238.880,8.000,0.000,2.000,1.0
2008-06-11,17:21:00,1.730,0.408,239.130,7.600,0.000,1.000,1.0
2008-06-11,17:22:00,1.664,0.356,239.130,7.200,0.000,2.000,0.0
2008-06-11,17:23:00,1.648,0.356,239.350,7.200,0.000,1.000,1.0
2008-06-11,17:24:00,1.684,0.346,239.050,7.400,0.000,1.000,1.0
2008-06-11,17:25:00,1.430,0.228,238.960,6.400,0.000,2.000,0.0
2008-06-11,17:26:00,0.404,0.104,240.230,2.000,0.000,1.000,1.0
2008-06-11,17:27:00,0.404,0.104,240.100,2.000,0.000,1.000,1.0
2008-06-11,17:28:00,0.402,0.104,240.390,2.000,0.000,2.000,0.0
2008-06-11,17:29:00,1.296,0.326,239.020,6.200,0.000,1.000,1.0
2008-06-11,17:30:00,1.508,0.364,238.440,6.800,0.000,1.000,1.0
2008-06-11,17:31:00,1.512,0.368,238.530,6.800,0.000,2.000,0.0
2008-06-11,17:32:00,1.492,0.362,238.600,6.600,0.000,1.000,1.0
2008-06-11,17:33:00,1.494,0.362,238.720,6.600,0.000,1.000,0.0
2008-06-11,17:34:00,1.490,0.360,238.760,6.600,0.000,1.000,1.0
2008-06-11,17:35:00,1.100,0.272,239.800,5.400,0.000,2.000,1.0
2008-06-11,17:36:00,0.396,0.104,240.430,1.800,0.000,1.000,0.0
2008-06-11,17:37:00,0.408,0.102,240.640,2.000,0.000,1.000,1.0
2008-06-11,17:38:00,0.414,0.104,241.130,2.000,0.000,1.000,1.0
2008-06-11,17:39:00,0.414,0.104,241.160,2.000,0.000,2.000,0.0
2008-06-11,17:40:00,0.476,0.174,241.340,2.400,0.000,1.000,1.0
2008-06-11,17:41:00,0.518,0.240,241.400,2.400,0.000,1.000,1.0
2008-06-11,17:42:00,0.404,0.248,241.500,2.000,0.000,1.000,0.0
2008-06-11,17:43:00,0.342,0.250,241.400,1.800,0.000,1.000,1.0
2008-06-11,17:44:00,0.666,0.298,240.930,3.400,0.000,2.000,5.0
2008-06-11,17:45:00,1.024,0.354,240.650,4.400,0.000,1.000,11.0
2008-06-11,17:46:00,1.048,0.352,240.600,4.600,0.000,1.000,12.0
2008-06-11,17:47:00,1.076,0.348,240.480,4.600,0.000,1.000,12.0
2008-06-11,17:48:00,1.082,0.344,239.920,4.600,0.000,1.000,12.0
2008-06-11,17:49:00,0.634,0.282,240.800,3.200,0.000,2.000,5.0
2008-06-11,17:50:00,0.392,0.252,241.910,2.000,0.000,1.000,1.0
2008-06-11,17:51:00,0.388,0.256,242.370,2.000,0.000,1.000,1.0
2008-06-11,17:52:00,0.390,0.252,241.920,2.000,0.000,1.000,0.0
2008-06-11,17:53:00,0.408,0.260,241.670,2.000,0.000,1.000,1.0
2008-06-11,17:54:00,0.470,0.356,241.790,2.400,0.000,2.000,1.0
2008-06-11,17:55:00,0.466,0.354,241.700,2.400,0.000,1.000,0.0
2008-06-11,17:56:00,0.468,0.354,241.760,2.400,0.000,1.000,1.0
2008-06-11,17:57:00,0.366,0.224,241.890,1.800,0.000,1.000,1.0
2008-06-11,17:58:00,0.360,0.222,242.020,1.800,0.000,1.000,0.0
2008-06-11,17:59:00,0.364,0.222,241.900,1.800,0.000,1.000,1.0
2008-06-11,18:00:00,0.324,0.156,241.980,1.600,0.000,1.000,1.0
2008-06-11,18:01:00,0.302,0.100,242.650,1.400,0.000,0.000,0.0
2008-06-11,18:02:00,0.310,0.104,243.730,1.400,0.000,0.000,1.0
2008-06-11,18:03:00,0.306,0.104,244.160,1.400,0.000,0.000,1.0
2008-06-11,18:04:00,0.292,0.106,244.050,1.400,0.000,0.000,0.0
2008-06-11,18:05:00,0.274,0.088,244.280,1.200,0.000,0.000,1.0
2008-06-11,18:06:00,0.216,0.000,244.330,1.000,0.000,0.000,1.0
2008-06-11,18:07:00,0.216,0.000,244.320,1.000,0.000,0.000,0.0
2008-06-11,18:08:00,0.220,0.000,244.580,1.000,0.000,0.000,1.0
2008-06-11,18:09:00,0.218,0.000,245.030,1.000,0.000,0.000,1.0
2008-06-11,18:10:00,0.194,0.000,244.560,0.800,0.000,0.000,0.0
2008-06-11,18:11:00,0.162,0.000,244.950,0.600,0.000,0.000,1.0
2008-06-11,18:12:00,0.162,0.000,244.750,0.600,0.000,0.000,1.0
2008-06-11,18:13:00,0.162,0.000,244.600,0.600,0.000,0.000,1.0
2008-06-11,18:14:00,0.378,0.000,244.170,1.600,0.000,0.000,0.0
2008-06-11,18:15:00,0.342,0.000,243.960,1.400,0.000,0.000,1.0
2008-06-11,18:16:00,0.368,0.098,243.750,1.600,0.000,0.000,1.0
2008-06-11,18:17:00,0.392,0.132,243.640,1.600,0.000,0.000,0.0
2008-06-11,18:18:00,0.374,0.132,243.060,1.600,0.000,0.000,1.0
2008-06-11,18:19:00,0.372,0.132,243.100,1.600,0.000,0.000,1.0
2008-06-11,18:20:00,0.370,0.128,242.440,1.600,0.000,0.000,0.0
2008-06-11,18:21:00,0.366,0.126,241.740,1.600,0.000,0.000,1.0
2008-06-11,18:22:00,0.312,0.128,241.810,1.400,0.000,0.000,1.0
2008-06-11,18:23:00,0.258,0.130,242.280,1.200,0.000,0.000,0.0
2008-06-11,18:24:00,0.258,0.132,242.460,1.200,0.000,0.000,1.0
2008-06-11,18:25:00,0.256,0.132,242.510,1.200,0.000,0.000,1.0
2008-06-11,18:26:00,0.256,0.132,242.640,1.200,0.000,0.000,0.0
2008-06-11,18:27:00,0.256,0.132,242.270,1.200,0.000,0.000,1.0
2008-06-11,18:28:00,0.256,0.132,242.540,1.200,0.000,0.000,1.0
2008-06-11,18:29:00,0.254,0.130,242.110,1.200,0.000,0.000,0.0
2008-06-11,18:30:00,0.254,0.130,241.970,1.200,0.000,0.000,1.0
2008-06-11,18:31:00,0.254,0.130,242.060,1.200,0.000,0.000,1.0
2008-06-11,18:32:00,0.318,0.192,242.180,1.600,0.000,0.000,0.0
2008-06-11,18:33:00,0.332,0.234,242.100,1.600,0.000,0.000,1.0
2008-06-11,18:34:00,0.332,0.236,242.580,1.600,0.000,0.000,1.0
2008-06-11,18:35:00,0.330,0.236,242.400,1.600,0.000,0.000,0.0
2008-06-11,18:36:00,0.302,0.198,242.290,1.400,0.000,0.000,1.0
2008-06-11,18:37:00,0.234,0.102,242.550,1.000,0.000,0.000,1.0
2008-06-11,18:38:00,0.232,0.102,242.580,1.000,0.000,0.000,0.0
2008-06-11,18:39:00,0.232,0.102,242.650,1.000,0.000,0.000,1.0
2008-06-11,18:40:00,0.232,0.102,242.510,1.000,0.000,0.000,1.0
2008-06-11,18:41:00,0.230,0.102,242.610,1.000,0.000,0.000,0.0
2008-06-11,18:42:00,0.230,0.100,242.200,1.000,0.000,0.000,1.0
2008-06-11,18:43:00,0.230,0.100,242.310,1.000,0.000,0.000,1.0
2008-06-11,18:44:00,0.196,0.052,242.060,0.800,0.000,0.000,0.0
2008-06-11,18:45:00,0.160,0.000,242.850,0.600,0.000,0.000,1.0
2008-06-11,18:46:00,0.160,0.000,243.210,0.600,0.000,0.000,1.0
2008-06-11,18:47:00,0.158,0.000,242.310,0.600,0.000,0.000,0.0
2008-06-11,18:48:00,0.160,0.000,242.540,0.600,0.000,0.000,1.0
2008-06-11,18:49:00,0.158,0.000,242.380,0.600,0.000,0.000,1.0
2008-06-11,18:50:00,0.160,0.000,242.790,0.600,0.000,0.000,0.0
2008-06-11,18:51:00,0.158,0.000,242.280,0.600,0.000,0.000,1.0
2008-06-11,18:52:00,0.158,0.000,242.110,0.600,0.000,0.000,1.0
2008-06-11,18:53:00,0.164,0.000,243.170,0.600,0.000,0.000,0.0
2008-06-11,18:54:00,0.284,0.000,242.800,1.200,0.000,0.000,1.0
2008-06-11,18:55:00,0.440,0.108,242.470,1.800,0.000,0.000,1.0
2008-06-11,18:56:00,0.458,0.144,241.860,2.200,0.000,0.000,0.0
2008-06-11,18:57:00,0.298,0.132,242.040,1.400,0.000,0.000,1.0
2008-06-11,18:58:00,0.526,0.180,242.070,2.600,0.000,0.000,5.0
2008-06-11,18:59:00,1.270,0.262,240.940,5.600,0.000,0.000,11.0
2008-06-11,19:00:00,1.600,0.268,239.910,6.800,0.000,0.000,11.0
2008-06-11,19:01:00,1.648,0.270,240.360,7.000,0.000,0.000,13.0
2008-06-11,19:02:00,1.650,0.266,239.970,7.000,0.000,0.000,12.0
2008-06-11,19:03:00,1.248,0.208,240.730,5.600,0.000,0.000,6.0
2008-06-11,19:04:00,0.968,0.166,241.470,4.200,0.000,0.000,0.0
2008-06-11,19:05:00,0.964,0.164,240.490,4.200,0.000,0.000,1.0
2008-06-11,19:06:00,0.954,0.160,239.070,4.200,0.000,0.000,1.0
2008-06-11,19:07:00,0.960,0.160,239.130,4.200,0.000,0.000,0.0
2008-06-11,19:08:00,0.958,0.158,239.040,4.200,0.000,0.000,1.0
2008-06-11,19:09:00,1.000,0.194,239.170,4.400,0.000,0.000,1.0
2008-06-11,19:10:00,1.030,0.260,239.210,4.600,0.000,0.000,0.0
2008-06-11,19:11:00,0.956,0.170,239.460,4.200,0.000,0.000,1.0
2008-06-11,19:12:00,0.926,0.132,239.740,4.000,0.000,0.000,1.0
2008-06-11,19:13:00,0.940,0.132,239.520,4.200,0.000,0.000,0.0
2008-06-11,19:14:00,0.938,0.132,239.830,4.000,0.000,0.000,1.0
2008-06-11,19:15:00,0.940,0.132,239.980,4.200,0.000,0.000,1.0
2008-06-11,19:16:00,0.932,0.134,240.050,4.000,0.000,0.000,0.0
2008-06-11,19:17:00,0.938,0.134,240.270,4.000,0.000,0.000,1.0
2008-06-11,19:18:00,0.938,0.134,240.520,4.000,0.000,0.000,1.0
2008-06-11,19:19:00,0.932,0.134,239.890,4.000,0.000,0.000,0.0
2008-06-11,19:20:00,0.916,0.134,240.090,4.000,0.000,0.000,1.0
2008-06-11,19:21:00,0.926,0.136,240.420,4.000,0.000,0.000,1.0
2008-06-11,19:22:00,0.884,0.096,240.400,3.800,0.000,0.000,0.0
2008-06-11,19:23:00,0.842,0.000,240.040,3.600,0.000,0.000,1.0
2008-06-11,19:24:00,0.846,0.000,239.750,3.600,0.000,0.000,1.0
2008-06-11,19:25:00,0.802,0.050,240.250,3.400,0.000,0.000,0.0
2008-06-11,19:26:00,0.832,0.152,239.700,3.600,0.000,1.000,1.0
2008-06-11,19:27:00,0.830,0.150,239.220,3.600,0.000,1.000,1.0
2008-06-11,19:28:00,0.830,0.152,239.460,3.600,0.000,2.000,0.0
2008-06-11,19:29:00,0.850,0.162,240.050,3.600,0.000,1.000,1.0
2008-06-11,19:30:00,0.942,0.286,240.350,4.000,0.000,2.000,0.0
2008-06-11,19:31:00,0.934,0.284,239.600,4.000,0.000,1.000,1.0
2008-06-11,19:32:00,0.928,0.284,239.690,4.000,0.000,2.000,1.0
2008-06-11,19:33:00,0.930,0.286,240.470,4.000,0.000,1.000,0.0
2008-06-11,19:34:00,0.936,0.292,241.480,4.000,0.000,1.000,1.0
2008-06-11,19:35:00,0.930,0.290,241.190,4.000,0.000,2.000,1.0
2008-06-11,19:36:00,0.930,0.292,241.460,4.000,0.000,1.000,0.0
2008-06-11,19:37:00,3.526,0.264,238.990,15.000,0.000,2.000,1.0
2008-06-11,19:38:00,3.840,0.436,239.090,16.000,0.000,1.000,1.0
2008-06-11,19:39:00,3.858,0.454,239.060,16.200,0.000,1.000,0.0
2008-06-11,19:40:00,3.404,0.454,239.870,14.800,0.000,2.000,1.0
2008-06-11,19:41:00,1.088,0.476,242.470,4.800,0.000,1.000,1.0
2008-06-11,19:42:00,1.088,0.474,243.170,4.800,0.000,1.000,0.0
2008-06-11,19:43:00,1.086,0.468,242.570,4.800,0.000,2.000,1.0
2008-06-11,19:44:00,1.092,0.470,243.430,4.800,0.000,1.000,1.0
2008-06-11,19:45:00,1.066,0.434,243.240,4.600,0.000,1.000,0.0
2008-06-11,19:46:00,0.992,0.326,242.620,4.200,0.000,1.000,1.0
2008-06-11,19:47:00,0.994,0.324,242.770,4.200,0.000,2.000,1.0
2008-06-11,19:48:00,0.992,0.324,242.860,4.200,0.000,1.000,0.0
2008-06-11,19:49:00,1.000,0.324,243.620,4.200,0.000,1.000,1.0
2008-06-11,19:50:00,1.064,0.324,243.640,4.600,0.000,1.000,1.0
2008-06-11,19:51:00,1.068,0.324,243.880,4.600,0.000,2.000,1.0
2008-06-11,19:52:00,1.122,0.382,243.240,4.800,0.000,1.000,0.0
2008-06-11,19:53:00,1.144,0.428,243.640,5.000,0.000,1.000,1.0
2008-06-11,19:54:00,1.138,0.428,243.490,5.000,0.000,1.000,1.0
2008-06-11,19:55:00,1.142,0.432,244.130,5.000,0.000,1.000,0.0
2008-06-11,19:56:00,1.144,0.434,244.470,5.000,0.000,2.000,1.0
2008-06-11,19:57:00,1.136,0.432,244.100,5.000,0.000,1.000,1.0
2008-06-11,19:58:00,1.126,0.428,243.360,5.000,0.000,1.000,0.0
2008-06-11,19:59:00,1.124,0.424,242.850,5.000,0.000,1.000,1.0
2008-06-11,20:00:00,1.120,0.426,242.970,4.800,0.000,1.000,1.0
2008-06-11,20:01:00,1.116,0.424,242.780,4.800,0.000,2.000,0.0
2008-06-11,20:02:00,1.106,0.416,241.050,4.800,0.000,1.000,1.0
2008-06-11,20:03:00,1.100,0.414,240.740,4.800,0.000,1.000,1.0
2008-06-11,20:04:00,1.096,0.372,239.600,4.800,0.000,1.000,0.0
2008-06-11,20:05:00,1.124,0.434,238.570,5.000,0.000,1.000,1.0
2008-06-11,20:06:00,1.104,0.430,237.640,5.000,0.000,1.000,1.0
2008-06-11,20:07:00,1.108,0.428,237.200,5.000,0.000,2.000,0.0
2008-06-11,20:08:00,1.072,0.368,237.160,4.800,0.000,0.000,1.0
2008-06-11,20:09:00,1.044,0.310,237.210,4.600,0.000,0.000,0.0
2008-06-11,20:10:00,1.042,0.310,237.240,4.600,0.000,0.000,1.0
2008-06-11,20:11:00,1.182,0.334,237.460,5.200,0.000,0.000,2.0
2008-06-11,20:12:00,1.672,0.402,237.080,7.200,0.000,0.000,12.0
2008-06-11,20:13:00,1.700,0.406,237.770,7.400,0.000,0.000,11.0
2008-06-11,20:14:00,1.728,0.404,237.520,7.400,0.000,0.000,12.0
2008-06-11,20:15:00,1.736,0.410,238.300,7.400,0.000,0.000,12.0
2008-06-11,20:16:00,1.374,0.362,239.140,6.000,0.000,0.000,7.0
2008-06-11,20:17:00,1.058,0.316,239.280,4.600,0.000,0.000,0.0
2008-06-11,20:18:00,1.060,0.318,239.340,4.600,0.000,0.000,1.0
2008-06-11,20:19:00,1.058,0.316,239.170,4.600,0.000,0.000,1.0
2008-06-11,20:20:00,0.970,0.232,239.800,4.200,0.000,0.000,0.0
2008-06-11,20:21:00,0.912,0.186,240.300,3.800,0.000,0.000,1.0
2008-06-11,20:22:00,0.912,0.186,240.310,3.800,0.000,0.000,1.0
2008-06-11,20:23:00,0.908,0.184,239.500,3.800,0.000,0.000,0.0
2008-06-11,20:24:00,0.906,0.184,239.530,3.800,0.000,0.000,1.0
2008-06-11,20:25:00,0.896,0.186,239.520,3.800,0.000,0.000,1.0
2008-06-11,20:26:00,0.896,0.184,239.160,3.800,0.000,0.000,0.0
2008-06-11,20:27:00,0.888,0.184,239.190,3.800,0.000,0.000,1.0
2008-06-11,20:28:00,0.896,0.186,239.860,3.800,0.000,0.000,1.0
2008-06-11,20:29:00,0.894,0.184,239.480,3.800,0.000,0.000,0.0
2008-06-11,20:30:00,0.766,0.172,239.370,3.400,0.000,0.000,1.0
2008-06-11,20:31:00,0.652,0.220,239.760,4.000,0.000,0.000,1.0
2008-06-11,20:32:00,1.882,0.456,238.150,8.400,0.000,0.000,0.0
2008-06-11,20:33:00,1.752,0.398,238.060,8.000,0.000,0.000,1.0
2008-06-11,20:34:00,0.942,0.350,239.280,5.200,0.000,0.000,0.0
2008-06-11,20:35:00,1.972,0.486,238.380,8.600,0.000,0.000,1.0
2008-06-11,20:36:00,1.680,0.444,239.760,7.800,0.000,0.000,1.0
2008-06-11,20:37:00,0.462,0.248,241.810,2.200,0.000,0.000,0.0
2008-06-11,20:38:00,0.472,0.244,241.410,2.200,0.000,0.000,1.0
2008-06-11,20:39:00,0.872,0.328,241.090,3.800,0.000,0.000,1.0
2008-06-11,20:40:00,0.898,0.370,241.030,4.000,0.000,0.000,0.0
2008-06-11,20:41:00,0.888,0.372,241.440,4.000,0.000,0.000,1.0
2008-06-11,20:42:00,0.902,0.362,242.240,4.000,0.000,0.000,1.0
2008-06-11,20:43:00,0.918,0.330,242.380,4.000,0.000,0.000,0.0
2008-06-11,20:44:00,0.916,0.332,242.240,4.000,0.000,0.000,1.0
2008-06-11,20:45:00,0.916,0.332,242.420,4.000,0.000,0.000,1.0
2008-06-11,20:46:00,0.924,0.330,241.960,4.000,0.000,0.000,0.0
2008-06-11,20:47:00,0.858,0.296,241.200,3.800,0.000,0.000,1.0
2008-06-11,20:48:00,0.742,0.224,241.570,3.200,0.000,0.000,1.0
2008-06-11,20:49:00,0.736,0.224,241.710,3.200,0.000,0.000,0.0
2008-06-11,20:50:00,0.726,0.226,241.960,3.200,0.000,0.000,1.0
2008-06-11,20:51:00,0.738,0.222,241.400,3.200,0.000,0.000,1.0
2008-06-11,20:52:00,0.778,0.228,241.220,3.400,0.000,0.000,0.0
2008-06-11,20:53:00,0.800,0.232,240.800,3.400,0.000,0.000,1.0
2008-06-11,20:54:00,0.798,0.232,240.900,3.400,0.000,0.000,1.0
2008-06-11,20:55:00,0.728,0.142,241.110,3.200,0.000,0.000,0.0
2008-06-11,20:56:00,0.700,0.102,241.620,3.000,0.000,0.000,1.0
2008-06-11,20:57:00,0.706,0.102,241.760,3.000,0.000,0.000,1.0
2008-06-11,20:58:00,0.712,0.100,241.650,3.000,0.000,0.000,0.0
2008-06-11,20:59:00,0.718,0.100,241.770,3.000,0.000,0.000,1.0
2008-06-11,21:00:00,0.712,0.102,242.090,3.000,0.000,0.000,1.0
2008-06-11,21:01:00,0.708,0.102,241.870,3.000,0.000,0.000,0.0
2008-06-11,21:02:00,0.706,0.100,241.690,3.000,0.000,0.000,1.0
2008-06-11,21:03:00,0.708,0.100,241.670,3.000,0.000,0.000,1.0
2008-06-11,21:04:00,0.712,0.100,241.670,3.000,0.000,0.000,0.0
2008-06-11,21:05:00,1.216,0.094,241.160,5.600,0.000,0.000,9.0
2008-06-11,21:06:00,1.816,0.088,240.530,7.600,0.000,0.000,19.0
2008-06-11,21:07:00,1.808,0.088,240.620,7.400,0.000,0.000,19.0
2008-06-11,21:08:00,1.792,0.088,240.710,7.400,0.000,0.000,18.0
2008-06-11,21:09:00,1.768,0.054,240.950,7.400,0.000,0.000,19.0
2008-06-11,21:10:00,1.724,0.000,241.370,7.200,0.000,0.000,18.0
2008-06-11,21:11:00,1.720,0.000,241.400,7.000,0.000,0.000,19.0
2008-06-11,21:12:00,1.720,0.000,241.260,7.200,0.000,0.000,19.0
2008-06-11,21:13:00,1.716,0.000,241.140,7.000,0.000,0.000,18.0
2008-06-11,21:14:00,1.830,0.114,240.800,7.600,0.000,0.000,19.0
2008-06-11,21:15:00,1.824,0.120,241.310,7.600,0.000,0.000,18.0
2008-06-11,21:16:00,2.474,0.114,240.990,10.600,0.000,0.000,18.0
2008-06-11,21:17:00,2.188,0.134,241.590,9.400,0.000,0.000,19.0
2008-06-11,21:18:00,1.876,0.122,241.910,7.800,0.000,0.000,19.0
2008-06-11,21:19:00,1.854,0.124,242.300,7.600,0.000,0.000,18.0
2008-06-11,21:20:00,1.838,0.116,240.420,7.600,0.000,0.000,19.0
2008-06-11,21:21:00,1.808,0.116,240.120,7.600,0.000,0.000,18.0
2008-06-11,21:22:00,1.808,0.116,240.320,7.600,0.000,0.000,18.0
2008-06-11,21:23:00,1.820,0.114,239.770,7.600,0.000,0.000,18.0
2008-06-11,21:24:00,2.474,0.162,239.150,10.800,0.000,0.000,20.0
2008-06-11,21:25:00,3.204,0.224,238.250,13.800,0.000,0.000,29.0
2008-06-11,21:26:00,2.762,0.196,238.490,11.600,0.000,0.000,29.0
2008-06-11,21:27:00,2.686,0.202,238.100,11.400,0.000,0.000,29.0
2008-06-11,21:28:00,2.656,0.198,238.000,11.200,0.000,0.000,29.0
2008-06-11,21:29:00,2.442,0.168,238.670,10.400,0.000,0.000,27.0
2008-06-11,21:30:00,1.908,0.000,239.660,8.000,0.000,0.000,18.0
2008-06-11,21:31:00,1.910,0.000,239.480,8.000,0.000,0.000,18.0
2008-06-11,21:32:00,1.892,0.000,240.140,8.000,0.000,0.000,18.0
2008-06-11,21:33:00,1.888,0.000,240.320,8.000,0.000,0.000,19.0
2008-06-11,21:34:00,1.952,0.052,239.940,8.200,0.000,0.000,18.0
2008-06-11,21:35:00,1.950,0.084,239.800,8.200,0.000,0.000,18.0
2008-06-11,21:36:00,1.964,0.082,240.110,8.200,0.000,0.000,18.0
2008-06-11,21:37:00,1.952,0.082,240.170,8.200,0.000,0.000,19.0
2008-06-11,21:38:00,1.952,0.084,240.420,8.200,0.000,0.000,18.0
2008-06-11,21:39:00,1.966,0.082,240.100,8.200,0.000,0.000,18.0
2008-06-11,21:40:00,2.694,0.206,239.490,11.400,0.000,0.000,19.0
2008-06-11,21:41:00,2.940,0.308,238.860,12.400,0.000,1.000,18.0
2008-06-11,21:42:00,2.944,0.308,239.330,12.400,0.000,2.000,18.0
2008-06-11,21:43:00,2.970,0.308,239.110,12.600,0.000,1.000,18.0
2008-06-11,21:44:00,3.048,0.308,238.900,12.800,0.000,1.000,18.0
2008-06-11,21:45:00,3.082,0.310,239.170,13.000,0.000,2.000,18.0
2008-06-11,21:46:00,2.642,0.272,239.330,11.200,0.000,1.000,18.0
2008-06-11,21:47:00,3.108,0.294,238.870,13.000,0.000,2.000,19.0
2008-06-11,21:48:00,3.074,0.238,238.960,12.800,0.000,1.000,18.0
2008-06-11,21:49:00,3.160,0.316,238.920,13.200,0.000,2.000,18.0
2008-06-11,21:50:00,3.156,0.322,239.210,13.200,0.000,1.000,18.0
2008-06-11,21:51:00,3.152,0.322,239.100,13.200,0.000,1.000,18.0
2008-06-11,21:52:00,3.146,0.322,239.030,13.200,0.000,2.000,18.0
2008-06-11,21:53:00,3.174,0.320,238.880,13.400,0.000,1.000,18.0
2008-06-11,21:54:00,3.222,0.320,238.860,13.600,0.000,1.000,18.0
2008-06-11,21:55:00,3.218,0.318,238.530,13.600,0.000,2.000,19.0
2008-06-11,21:56:00,3.206,0.316,238.300,13.600,0.000,1.000,18.0
2008-06-11,21:57:00,3.142,0.316,238.060,13.200,0.000,1.000,18.0
2008-06-11,21:58:00,3.184,0.316,238.020,13.400,0.000,2.000,18.0
2008-06-11,21:59:00,3.094,0.318,238.320,13.000,0.000,1.000,18.0
2008-06-11,22:00:00,3.086,0.322,238.240,13.000,0.000,1.000,18.0
2008-06-11,22:01:00,3.144,0.334,238.190,13.400,0.000,1.000,18.0
2008-06-11,22:02:00,3.106,0.370,238.580,13.400,0.000,2.000,18.0
2008-06-11,22:03:00,2.362,0.252,238.550,10.000,0.000,1.000,18.0
2008-06-11,22:04:00,2.576,0.250,238.280,10.800,0.000,1.000,18.0
2008-06-11,22:05:00,2.498,0.136,238.660,10.400,0.000,1.000,18.0
2008-06-11,22:06:00,2.488,0.122,238.200,10.400,0.000,1.000,18.0
2008-06-11,22:07:00,2.490,0.122,238.220,10.400,0.000,2.000,18.0
2008-06-11,22:08:00,2.486,0.120,238.000,10.400,0.000,1.000,18.0
2008-06-11,22:09:00,2.486,0.118,237.970,10.400,0.000,1.000,18.0
2008-06-11,22:10:00,2.492,0.118,237.880,10.400,0.000,1.000,18.0
2008-06-11,22:11:00,2.492,0.118,237.690,10.600,0.000,1.000,18.0
2008-06-11,22:12:00,2.490,0.118,237.930,10.400,0.000,2.000,18.0
2008-06-11,22:13:00,2.482,0.120,237.870,10.400,0.000,1.000,18.0
2008-06-11,22:14:00,2.476,0.118,237.900,10.400,0.000,1.000,18.0
2008-06-11,22:15:00,2.482,0.182,237.490,10.600,0.000,1.000,17.0
2008-06-11,22:16:00,2.116,0.290,237.850,9.000,0.000,1.000,3.0
2008-06-11,22:17:00,1.718,0.264,237.730,7.400,0.000,1.000,1.0
2008-06-11,22:18:00,1.348,0.234,238.170,5.800,0.000,2.000,1.0
2008-06-11,22:19:00,1.076,0.250,240.210,4.600,0.000,1.000,0.0
2008-06-11,22:20:00,1.054,0.242,240.210,4.400,0.000,1.000,1.0
2008-06-11,22:21:00,0.986,0.244,240.250,4.200,0.000,1.000,1.0
2008-06-11,22:22:00,0.974,0.202,240.410,4.200,0.000,1.000,0.0
2008-06-11,22:23:00,0.922,0.126,240.910,3.800,0.000,0.000,1.0
2008-06-11,22:24:00,1.006,0.214,240.940,4.200,0.000,0.000,1.0
2008-06-11,22:25:00,1.028,0.258,240.970,4.400,0.000,0.000,0.0
2008-06-11,22:26:00,1.090,0.256,240.790,4.600,0.000,0.000,1.0
2008-06-11,22:27:00,1.080,0.246,240.700,4.600,0.000,0.000,1.0
2008-06-11,22:28:00,0.842,0.160,241.280,3.600,0.000,0.000,0.0
2008-06-11,22:29:00,0.802,0.160,240.960,3.400,0.000,0.000,1.0
2008-06-11,22:30:00,0.612,0.164,241.500,2.600,0.000,0.000,1.0
2008-06-11,22:31:00,0.610,0.162,241.260,2.600,0.000,0.000,0.0
2008-06-11,22:32:00,0.614,0.162,241.370,2.600,0.000,0.000,1.0
2008-06-11,22:33:00,0.578,0.184,241.410,2.600,0.000,0.000,1.0
2008-06-11,22:34:00,0.568,0.194,241.660,2.600,0.000,0.000,0.0
2008-06-11,22:35:00,0.568,0.192,241.430,2.400,0.000,0.000,1.0
2008-06-11,22:36:00,0.568,0.194,241.720,2.400,0.000,0.000,1.0
2008-06-11,22:37:00,0.922,0.262,241.450,4.200,0.000,0.000,6.0
2008-06-11,22:38:00,1.152,0.296,241.150,4.800,0.000,0.000,11.0
2008-06-11,22:39:00,1.116,0.258,241.220,4.800,0.000,0.000,12.0
2008-06-11,22:40:00,0.994,0.164,241.420,4.200,0.000,0.000,12.0
2008-06-11,22:41:00,0.964,0.164,241.220,4.000,0.000,0.000,12.0
2008-06-11,22:42:00,0.390,0.074,242.020,2.000,0.000,0.000,4.0
2008-06-11,22:43:00,0.284,0.062,242.810,1.200,0.000,0.000,0.0
2008-06-11,22:44:00,0.418,0.062,243.030,1.800,0.000,0.000,1.0
2008-06-11,22:45:00,0.460,0.060,242.930,1.800,0.000,0.000,1.0
2008-06-11,22:46:00,0.458,0.060,242.820,1.800,0.000,0.000,0.0
2008-06-11,22:47:00,0.460,0.060,243.060,1.800,0.000,0.000,1.0
2008-06-11,22:48:00,0.384,0.060,243.150,1.600,0.000,0.000,1.0
2008-06-11,22:49:00,0.382,0.058,243.250,1.600,0.000,0.000,0.0
2008-06-11,22:50:00,0.446,0.056,243.610,1.800,0.000,0.000,1.0
2008-06-11,22:51:00,0.446,0.058,243.840,1.800,0.000,0.000,1.0
2008-06-11,22:52:00,0.448,0.058,244.050,1.800,0.000,0.000,0.0
2008-06-11,22:53:00,0.448,0.058,244.010,1.800,0.000,0.000,1.0
2008-06-11,22:54:00,0.446,0.056,243.710,1.800,0.000,0.000,1.0
2008-06-11,22:55:00,0.488,0.092,243.000,2.200,0.000,0.000,0.0
2008-06-11,22:56:00,0.520,0.160,242.770,2.200,0.000,0.000,1.0
2008-06-11,22:57:00,0.516,0.160,242.370,2.200,0.000,0.000,1.0
2008-06-11,22:58:00,0.558,0.200,242.280,2.400,0.000,0.000,0.0
2008-06-11,22:59:00,0.612,0.280,242.290,2.800,0.000,0.000,1.0
2008-06-11,23:00:00,0.602,0.274,242.350,2.600,0.000,0.000,1.0
2008-06-11,23:01:00,0.598,0.274,242.380,2.600,0.000,0.000,0.0
2008-06-11,23:02:00,0.596,0.274,242.370,2.600,0.000,0.000,1.0
2008-06-11,23:03:00,0.548,0.276,242.760,2.400,0.000,0.000,1.0
2008-06-11,23:04:00,0.530,0.274,242.300,2.400,0.000,0.000,0.0
2008-06-11,23:05:00,0.528,0.272,242.280,2.400,0.000,0.000,1.0
2008-06-11,23:06:00,0.526,0.272,242.240,2.400,0.000,0.000,1.0
2008-06-11,23:07:00,0.494,0.224,242.100,2.200,0.000,0.000,0.0
2008-06-11,23:08:00,0.448,0.162,241.890,2.000,0.000,0.000,1.0
2008-06-11,23:09:00,0.398,0.130,242.300,1.800,0.000,0.000,1.0
2008-06-11,23:10:00,0.302,0.132,242.130,1.400,0.000,0.000,0.0
2008-06-11,23:11:00,0.292,0.136,242.810,1.400,0.000,0.000,1.0
2008-06-11,23:12:00,0.292,0.138,243.360,1.400,0.000,0.000,1.0
2008-06-11,23:13:00,0.292,0.136,243.100,1.400,0.000,0.000,0.0
2008-06-11,23:14:00,0.212,0.000,242.840,1.000,0.000,0.000,1.0
2008-06-11,23:15:00,0.196,0.000,243.130,0.800,0.000,0.000,1.0
2008-06-11,23:16:00,0.196,0.000,243.190,0.800,0.000,0.000,1.0
2008-06-11,23:17:00,0.196,0.000,242.600,0.800,0.000,0.000,0.0
2008-06-11,23:18:00,0.196,0.000,243.010,0.800,0.000,0.000,1.0
2008-06-11,23:19:00,0.198,0.000,244.110,0.800,0.000,0.000,1.0
2008-06-11,23:20:00,0.200,0.000,245.000,0.800,0.000,0.000,0.0
2008-06-11,23:21:00,0.198,0.000,244.910,0.800,0.000,0.000,1.0
2008-06-11,23:22:00,0.198,0.000,244.890,0.800,0.000,0.000,1.0
2008-06-11,23:23:00,0.198,0.000,244.750,0.800,0.000,0.000,0.0
2008-06-11,23:24:00,0.198,0.000,243.860,0.800,0.000,0.000,1.0
2008-06-11,23:25:00,0.198,0.000,244.240,0.800,0.000,0.000,1.0
2008-06-11,23:26:00,0.198,0.000,244.300,0.800,0.000,0.000,0.0
2008-06-11,23:27:00,0.198,0.000,244.010,0.800,0.000,0.000,1.0
2008-06-11,23:28:00,0.198,0.000,244.500,0.800,0.000,0.000,1.0
2008-06-11,23:29:00,0.198,0.000,244.450,0.800,0.000,0.000,0.0
2008-06-11,23:30:00,0.206,0.000,245.160,0.800,0.000,0.000,1.0
2008-06-11,23:31:00,0.198,0.000,244.460,0.800,0.000,0.000,1.0
2008-06-11,23:32:00,0.198,0.000,244.410,0.800,0.000,0.000,0.0
2008-06-11,23:33:00,0.304,0.084,244.490,1.400,0.000,0.000,1.0
2008-06-11,23:34:00,0.534,0.138,244.330,2.400,0.000,0.000,1.0
2008-06-11,23:35:00,0.332,0.152,244.400,1.600,0.000,0.000,0.0
2008-06-11,23:36:00,0.384,0.246,244.740,1.800,0.000,0.000,1.0
2008-06-11,23:37:00,0.380,0.246,244.450,1.800,0.000,0.000,1.0
2008-06-11,23:38:00,0.378,0.246,244.320,1.800,0.000,0.000,0.0
2008-06-11,23:39:00,0.376,0.246,244.230,1.800,0.000,0.000,1.0
2008-06-11,23:40:00,0.372,0.246,244.270,1.800,0.000,0.000,1.0
2008-06-11,23:41:00,0.372,0.248,244.610,1.800,0.000,0.000,1.0
2008-06-11,23:42:00,0.368,0.248,244.520,1.800,0.000,0.000,0.0
2008-06-11,23:43:00,0.368,0.248,244.680,1.800,0.000,0.000,1.0
2008-06-11,23:44:00,0.366,0.248,244.550,1.800,0.000,0.000,1.0
2008-06-11,23:45:00,0.366,0.248,244.420,1.800,0.000,0.000,0.0
2008-06-11,23:46:00,0.364,0.246,244.330,1.800,0.000,0.000,1.0
2008-06-11,23:47:00,0.324,0.184,243.700,1.600,0.000,0.000,1.0
2008-06-11,23:48:00,0.260,0.090,244.370,1.200,0.000,0.000,0.0
2008-06-11,23:49:00,0.200,0.000,244.500,0.800,0.000,0.000,1.0
2008-06-11,23:50:00,0.198,0.000,244.000,0.800,0.000,0.000,1.0
2008-06-11,23:51:00,0.480,0.050,241.670,2.400,0.000,0.000,4.0
2008-06-11,23:52:00,0.830,0.104,241.180,3.400,0.000,0.000,12.0
2008-06-11,23:53:00,0.854,0.098,240.380,3.600,0.000,0.000,11.0
2008-06-11,23:54:00,0.872,0.090,239.550,3.600,0.000,0.000,12.0
2008-06-11,23:55:00,0.876,0.088,239.260,3.600,0.000,0.000,12.0
2008-06-11,23:56:00,0.270,0.046,240.110,1.400,0.000,0.000,2.0
2008-06-11,23:57:00,0.282,0.116,239.830,1.200,0.000,1.000,1.0
2008-06-11,23:58:00,0.280,0.116,239.960,1.200,0.000,1.000,0.0
2008-06-11,23:59:00,0.282,0.118,240.450,1.200,0.000,2.000,1.0
