Date,Time,Global_active_power,Global_reactive_power,Voltage,Global_intensity,Sub_metering_1,Sub_metering_2,Sub_metering_3
2009-12-14,00:00:00,0.254,0.000,249.260,1.000,0.000,0.000,0.0
2009-12-14,00:01:00,0.252,0.000,248.240,1.000,0.000,0.000,1.0
2009-12-14,00:02:00,0.254,0.000,249.230,1.000,0.000,0.000,1.0
2009-12-14,00:03:00,0.254,0.000,248.980,1.000,0.000,0.000,1.0
2009-12-14,00:04:00,0.254,0.000,248.520,1.000,0.000,0.000,0.0
2009-12-14,00:05:00,0.252,0.000,247.930,1.000,0.000,0.000,1.0
2009-12-14,00:06:00,0.252,0.000,248.110,1.000,0.000,0.000,1.0
2009-12-14,00:07:00,0.252,0.000,248.270,1.000,0.000,0.000,0.0
2009-12-14,00:08:00,0.252,0.000,248.460,1.000,0.000,0.000,1.0
2009-12-14,00:09:00,0.254,0.000,249.150,1.000,0.000,0.000,1.0
2009-12-14,00:10:00,0.254,0.000,249.260,1.000,0.000,0.000,0.0
2009-12-14,00:11:00,0.254,0.000,249.020,1.000,0.000,0.000,1.0
2009-12-14,00:12:00,0.254,0.000,248.970,1.000,0.000,0.000,1.0
2009-12-14,00:13:00,0.254,0.000,248.930,1.000,0.000,0.000,0.0
2009-12-14,00:14:00,0.254,0.000,248.950,1.000,0.000,0.000,1.0
2009-12-14,00:15:00,0.340,0.100,248.930,1.600,0.000,0.000,1.0
2009-12-14,00:16:00,0.332,0.110,248.540,1.400,0.000,0.000,1.0
2009-12-14,00:17:00,0.332,0.110,248.690,1.400,0.000,0.000,0.0
2009-12-14,00:18:00,0.434,0.228,248.670,2.000,0.000,0.000,1.0
2009-12-14,00:19:00,0.442,0.256,248.820,2.000,0.000,0.000,1.0
2009-12-14,00:20:00,0.438,0.258,248.990,2.000,0.000,0.000,0.0
2009-12-14,00:21:00,0.434,0.254,248.390,2.000,0.000,0.000,1.0
2009-12-14,00:22:00,0.430,0.252,248.150,2.000,0.000,0.000,1.0
2009-12-14,00:23:00,0.428,0.254,248.330,2.000,0.000,0.000,0.0
2009-12-14,00:24:00,0.426,0.254,248.150,2.000,0.000,0.000,1.0
2009-12-14,00:25:00,0.426,0.256,248.540,2.000,0.000,0.000,1.0
2009-12-14,00:26:00,0.424,0.258,248.820,2.000,0.000,0.000,1.0
2009-12-14,00:27:00,0.480,0.322,248.220,2.400,0.000,0.000,0.0
2009-12-14,00:28:00,0.436,0.278,248.650,2.000,0.000,1.000,1.0
2009-12-14,00:29:00,0.434,0.278,248.560,2.000,0.000,2.000,1.0
2009-12-14,00:30:00,0.434,0.278,248.620,2.000,0.000,1.000,0.0
2009-12-14,00:31:00,0.434,0.278,248.470,2.000,0.000,1.000,1.0
2009-12-14,00:32:00,0.436,0.278,248.600,2.000,0.000,2.000,1.0
2009-12-14,00:33:00,0.436,0.282,249.070,2.000,0.000,1.000,0.0
2009-12-14,00:34:00,0.350,0.148,250.090,1.400,0.000,2.000,1.0
2009-12-14,00:35:00,0.344,0.140,250.560,1.400,0.000,1.000,1.0
2009-12-14,00:36:00,0.344,0.138,250.180,1.400,0.000,2.000,1.0
2009-12-14,00:37:00,0.344,0.138,250.300,1.400,0.000,1.000,0.0
2009-12-14,00:38:00,0.342,0.138,250.190,1.400,0.000,2.000,1.0
2009-12-14,00:39:00,0.342,0.136,249.880,1.400,0.000,1.000,1.0
2009-12-14,00:40:00,0.342,0.138,250.350,1.400,0.000,1.000,0.0
2009-12-14,00:41:00,0.342,0.138,250.670,1.400,0.000,2.000,1.0
2009-12-14,00:42:00,0.340,0.138,250.450,1.400,0.000,1.000,1.0
2009-12-14,00:43:00,0.338,0.138,250.400,1.400,0.000,1.000,0.0
2009-12-14,00:44:00,0.338,0.136,250.100,1.400,0.000,2.000,1.0
2009-12-14,00:45:00,0.336,0.136,250.050,1.400,0.000,1.000,1.0
2009-12-14,00:46:00,0.334,0.132,249.330,1.400,0.000,1.000,1.0
2009-12-14,00:47:00,0.332,0.132,249.340,1.400,0.000,2.000,0.0
2009-12-14,00:48:00,0.332,0.132,249.490,1.400,0.000,1.000,1.0
2009-12-14,00:49:00,0.332,0.132,249.570,1.400,0.000,1.000,1.0
2009-12-14,00:50:00,0.332,0.134,249.760,1.400,0.000,2.000,0.0
2009-12-14,00:51:00,0.332,0.136,250.130,1.400,0.000,1.000,1.0
2009-12-14,00:52:00,0.332,0.134,249.600,1.400,0.000,1.000,1.0
2009-12-14,00:53:00,0.332,0.136,249.730,1.400,0.000,1.000,0.0
2009-12-14,00:54:00,0.332,0.138,250.370,1.400,0.000,2.000,1.0
2009-12-14,00:55:00,0.330,0.136,249.970,1.400,0.000,1.000,1.0
2009-12-14,00:56:00,0.330,0.136,249.850,1.400,0.000,1.000,1.0
2009-12-14,00:57:00,0.330,0.134,249.710,1.400,0.000,1.000,0.0
2009-12-14,00:58:00,0.332,0.138,250.460,1.400,0.000,2.000,1.0
2009-12-14,00:59:00,0.260,0.000,249.940,1.000,0.000,0.000,1.0
2009-12-14,01:00:00,0.256,0.000,249.660,1.000,0.000,0.000,0.0
2009-12-14,01:01:00,0.286,0.000,249.410,1.200,0.000,0.000,1.0
2009-12-14,01:02:00,0.368,0.148,249.320,1.600,0.000,0.000,1.0
2009-12-14,01:03:00,0.366,0.148,249.360,1.600,0.000,0.000,1.0
2009-12-14,01:04:00,0.362,0.148,249.380,1.600,0.000,0.000,0.0
2009-12-14,01:05:00,0.428,0.220,249.250,2.000,0.000,0.000,1.0
2009-12-14,01:06:00,0.440,0.264,249.830,2.000,0.000,0.000,1.0
2009-12-14,01:07:00,0.438,0.264,249.930,2.000,0.000,0.000,0.0
2009-12-14,01:08:00,0.436,0.264,249.970,2.000,0.000,0.000,1.0
2009-12-14,01:09:00,0.436,0.266,250.370,2.000,0.000,0.000,1.0
2009-12-14,01:10:00,0.434,0.268,250.470,2.000,0.000,0.000,0.0
2009-12-14,01:11:00,0.432,0.268,250.360,2.000,0.000,0.000,1.0
2009-12-14,01:12:00,0.428,0.266,250.210,2.000,0.000,0.000,1.0
2009-12-14,01:13:00,0.428,0.270,250.820,2.000,0.000,0.000,1.0
2009-12-14,01:14:00,0.428,0.270,250.790,2.000,0.000,0.000,0.0
2009-12-14,01:15:00,0.424,0.262,249.460,2.000,0.000,0.000,1.0
2009-12-14,01:16:00,0.418,0.250,247.190,2.000,0.000,0.000,1.0
2009-12-14,01:17:00,0.306,0.082,247.420,1.400,0.000,0.000,0.0
2009-12-14,01:18:00,0.252,0.000,247.390,1.000,0.000,0.000,1.0
2009-12-14,01:19:00,0.254,0.000,248.040,1.000,0.000,0.000,1.0
2009-12-14,01:20:00,0.254,0.000,248.260,1.000,0.000,0.000,0.0
2009-12-14,01:21:00,0.252,0.000,247.660,1.000,0.000,0.000,1.0
2009-12-14,01:22:00,0.250,0.000,246.430,1.000,0.000,0.000,1.0
2009-12-14,01:23:00,0.248,0.000,245.400,1.000,0.000,0.000,0.0
2009-12-14,01:24:00,0.248,0.000,246.020,1.000,0.000,0.000,1.0
2009-12-14,01:25:00,0.250,0.000,246.720,1.000,0.000,0.000,1.0
2009-12-14,01:26:00,0.250,0.000,246.670,1.000,0.000,0.000,0.0
2009-12-14,01:27:00,0.250,0.000,246.390,1.000,0.000,0.000,1.0
2009-12-14,01:28:00,0.250,0.000,246.390,1.000,0.000,0.000,1.0
2009-12-14,01:29:00,0.250,0.000,246.160,1.000,0.000,0.000,1.0
2009-12-14,01:30:00,0.250,0.000,246.590,1.000,0.000,0.000,0.0
2009-12-14,01:31:00,0.250,0.000,246.760,1.000,0.000,0.000,1.0
2009-12-14,01:32:00,0.250,0.000,246.560,1.000,0.000,0.000,1.0
2009-12-14,01:33:00,0.250,0.000,246.630,1.000,0.000,0.000,0.0
2009-12-14,01:34:00,0.250,0.000,246.610,1.000,0.000,0.000,1.0
2009-12-14,01:35:00,0.250,0.000,246.430,1.000,0.000,0.000,1.0
2009-12-14,01:36:00,0.248,0.000,246.120,1.000,0.000,0.000,0.0
2009-12-14,01:37:00,0.250,0.000,246.340,1.000,0.000,0.000,1.0
2009-12-14,01:38:00,0.250,0.000,246.940,1.000,0.000,0.000,1.0
2009-12-14,01:39:00,0.252,0.000,247.290,1.000,0.000,0.000,0.0
2009-12-14,01:40:00,0.252,0.000,247.780,1.000,0.000,0.000,1.0
2009-12-14,01:41:00,0.252,0.000,247.410,1.000,0.000,0.000,1.0
2009-12-14,01:42:00,0.250,0.000,246.740,1.000,0.000,0.000,0.0
2009-12-14,01:43:00,0.248,0.000,245.910,1.000,0.000,0.000,1.0
2009-12-14,01:44:00,0.250,0.000,246.450,1.000,0.000,0.000,1.0
2009-12-14,01:45:00,0.346,0.102,246.070,1.600,0.000,0.000,0.0
2009-12-14,01:46:00,0.358,0.132,245.670,1.400,0.000,0.000,1.0
2009-12-14,01:47:00,0.354,0.130,245.050,1.400,0.000,0.000,1.0
2009-12-14,01:48:00,0.352,0.128,244.670,1.400,0.000,0.000,0.0
2009-12-14,01:49:00,0.350,0.128,244.630,1.400,0.000,0.000,1.0
2009-12-14,01:50:00,0.348,0.128,244.560,1.400,0.000,0.000,1.0
2009-12-14,01:51:00,0.346,0.128,244.250,1.400,0.000,0.000,1.0
2009-12-14,01:52:00,0.344,0.124,243.600,1.400,0.000,0.000,0.0
2009-12-14,01:53:00,0.342,0.124,243.600,1.400,0.000,0.000,1.0
2009-12-14,01:54:00,0.350,0.140,247.270,1.400,0.000,0.000,1.0
2009-12-14,01:55:00,0.350,0.140,247.470,1.400,0.000,0.000,0.0
2009-12-14,01:56:00,0.350,0.142,247.690,1.400,0.000,0.000,1.0
2009-12-14,01:57:00,0.398,0.188,247.920,1.800,0.000,0.000,1.0
2009-12-14,01:58:00,0.428,0.254,248.010,2.000,0.000,0.000,0.0
2009-12-14,01:59:00,0.428,0.254,247.990,2.000,0.000,0.000,1.0
2009-12-14,02:00:00,0.376,0.178,248.160,1.600,0.000,0.000,1.0
2009-12-14,02:01:00,0.330,0.110,248.220,1.400,0.000,0.000,0.0
2009-12-14,02:02:00,0.330,0.110,248.270,1.400,0.000,0.000,1.0
2009-12-14,02:03:00,0.328,0.110,248.250,1.400,0.000,0.000,1.0
2009-12-14,02:04:00,0.326,0.108,247.960,1.400,0.000,0.000,0.0
2009-12-14,02:05:00,0.324,0.108,247.700,1.400,0.000,0.000,1.0
2009-12-14,02:06:00,0.322,0.106,247.380,1.400,0.000,0.000,1.0
2009-12-14,02:07:00,0.324,0.108,247.610,1.400,0.000,0.000,1.0
2009-12-14,02:08:00,0.314,0.092,247.110,1.200,0.000,0.000,0.0
2009-12-14,02:09:00,0.252,0.000,247.720,1.000,0.000,0.000,1.0
2009-12-14,02:10:00,0.254,0.000,248.420,1.000,0.000,0.000,1.0
2009-12-14,02:11:00,0.254,0.000,248.480,1.000,0.000,0.000,0.0
2009-12-14,02:12:00,0.254,0.000,248.680,1.000,0.000,0.000,1.0
2009-12-14,02:13:00,0.256,0.000,249.030,1.000,0.000,0.000,1.0
2009-12-14,02:14:00,0.256,0.000,249.070,1.000,0.000,0.000,0.0
2009-12-14,02:15:00,0.256,0.000,249.410,1.000,0.000,0.000,1.0
2009-12-14,02:16:00,0.258,0.000,250.230,1.000,0.000,0.000,1.0
2009-12-14,02:17:00,0.258,0.000,250.550,1.000,0.000,0.000,0.0
2009-12-14,02:18:00,0.256,0.000,249.450,1.000,0.000,0.000,1.0
2009-12-14,02:19:00,0.256,0.000,249.040,1.000,0.000,0.000,1.0
2009-12-14,02:20:00,0.256,0.000,249.150,1.000,0.000,0.000,1.0
2009-12-14,02:21:00,0.256,0.000,249.400,1.000,0.000,0.000,0.0
2009-12-14,02:22:00,0.256,0.000,249.290,1.000,0.000,0.000,1.0
2009-12-14,02:23:00,0.256,0.000,249.310,1.000,0.000,0.000,1.0
2009-12-14,02:24:00,0.256,0.000,249.000,1.000,0.000,0.000,0.0
2009-12-14,02:25:00,0.252,0.000,247.930,1.000,0.000,0.000,1.0
2009-12-14,02:26:00,0.252,0.000,247.860,1.000,0.000,0.000,1.0
2009-12-14,02:27:00,0.254,0.000,248.210,1.000,0.000,0.000,0.0
2009-12-14,02:28:00,0.284,0.000,249.150,1.200,0.000,0.000,1.0
2009-12-14,02:29:00,0.368,0.148,249.400,1.600,0.000,0.000,1.0
2009-12-14,02:30:00,0.368,0.152,249.880,1.600,0.000,0.000,1.0
2009-12-14,02:31:00,0.364,0.150,249.570,1.600,0.000,0.000,0.0
2009-12-14,02:32:00,0.362,0.148,249.300,1.600,0.000,0.000,1.0
2009-12-14,02:33:00,0.360,0.148,248.960,1.600,0.000,0.000,1.0
2009-12-14,02:34:00,0.358,0.146,248.660,1.400,0.000,0.000,0.0
2009-12-14,02:35:00,0.356,0.146,248.750,1.400,0.000,0.000,1.0
2009-12-14,02:36:00,0.356,0.146,248.730,1.400,0.000,0.000,1.0
2009-12-14,02:37:00,0.352,0.142,247.930,1.400,0.000,0.000,0.0
2009-12-14,02:38:00,0.350,0.140,247.480,1.400,0.000,0.000,1.0
2009-12-14,02:39:00,0.350,0.142,247.830,1.400,0.000,0.000,1.0
2009-12-14,02:40:00,0.350,0.142,247.910,1.400,0.000,0.000,0.0
2009-12-14,02:41:00,0.350,0.144,248.210,1.400,0.000,0.000,1.0
2009-12-14,02:42:00,0.350,0.146,248.550,1.400,0.000,0.000,1.0
2009-12-14,02:43:00,0.344,0.138,249.770,1.400,0.000,0.000,1.0
2009-12-14,02:44:00,0.258,0.000,249.880,1.000,0.000,0.000,0.0
2009-12-14,02:45:00,0.256,0.000,249.660,1.000,0.000,0.000,1.0
2009-12-14,02:46:00,0.316,0.000,249.460,1.200,0.000,0.000,1.0
2009-12-14,02:47:00,0.342,0.000,249.770,1.400,0.000,0.000,0.0
2009-12-14,02:48:00,0.342,0.000,249.750,1.400,0.000,0.000,1.0
2009-12-14,02:49:00,0.398,0.058,249.910,1.600,0.000,0.000,1.0
2009-12-14,02:50:00,0.418,0.112,249.370,1.600,0.000,0.000,0.0
2009-12-14,02:51:00,0.416,0.110,248.740,1.600,0.000,0.000,1.0
2009-12-14,02:52:00,0.412,0.104,247.090,1.600,0.000,0.000,1.0
2009-12-14,02:53:00,0.412,0.104,247.300,1.600,0.000,0.000,1.0
2009-12-14,02:54:00,0.410,0.104,247.590,1.600,0.000,0.000,0.0
2009-12-14,02:55:00,0.408,0.104,247.080,1.600,0.000,0.000,1.0
2009-12-14,02:56:00,0.406,0.104,246.960,1.600,0.000,0.000,1.0
2009-12-14,02:57:00,0.404,0.102,246.520,1.600,0.000,0.000,0.0
2009-12-14,02:58:00,0.406,0.104,247.200,1.600,0.000,0.000,1.0
2009-12-14,02:59:00,0.406,0.106,247.640,1.600,0.000,0.000,1.0
2009-12-14,03:00:00,0.324,0.000,247.620,1.200,0.000,0.000,0.0
2009-12-14,03:01:00,0.252,0.000,247.580,1.000,0.000,0.000,1.0
2009-12-14,03:02:00,0.252,0.000,247.770,1.000,0.000,0.000,1.0
2009-12-14,03:03:00,0.252,0.000,247.810,1.000,0.000,0.000,0.0
2009-12-14,03:04:00,0.254,0.000,247.940,1.000,0.000,0.000,1.0
2009-12-14,03:05:00,0.254,0.000,248.520,1.000,0.000,0.000,1.0
2009-12-14,03:06:00,0.254,0.000,248.620,1.000,0.000,0.000,1.0
2009-12-14,03:07:00,0.254,0.000,248.180,1.000,0.000,0.000,0.0
2009-12-14,03:08:00,0.252,0.000,247.670,1.000,0.000,0.000,1.0
2009-12-14,03:09:00,0.254,0.000,248.080,1.000,0.000,0.000,1.0
2009-12-14,03:10:00,0.254,0.000,248.380,1.000,0.000,0.000,0.0
2009-12-14,03:11:00,0.254,0.000,248.140,1.000,0.000,0.000,1.0
2009-12-14,03:12:00,0.256,0.000,247.560,1.000,0.000,0.000,1.0
2009-12-14,03:13:00,0.378,0.144,247.700,1.600,0.000,0.000,0.0
2009-12-14,03:14:00,0.364,0.142,247.830,1.600,0.000,0.000,1.0
2009-12-14,03:15:00,0.362,0.142,248.100,1.600,0.000,0.000,1.0
2009-12-14,03:16:00,0.360,0.142,248.080,1.600,0.000,0.000,0.0
2009-12-14,03:17:00,0.360,0.146,248.780,1.600,0.000,0.000,1.0
2009-12-14,03:18:00,0.426,0.228,249.300,2.000,0.000,0.000,1.0
2009-12-14,03:19:00,0.442,0.280,248.840,2.000,0.000,1.000,1.0
2009-12-14,03:20:00,0.440,0.282,249.110,2.000,0.000,1.000,0.0
2009-12-14,03:21:00,0.440,0.282,249.320,2.000,0.000,2.000,1.0
2009-12-14,03:22:00,0.438,0.278,248.670,2.000,0.000,1.000,1.0
2009-12-14,03:23:00,0.438,0.278,248.630,2.000,0.000,1.000,0.0
2009-12-14,03:24:00,0.438,0.282,249.060,2.000,0.000,2.000,1.0
2009-12-14,03:25:00,0.438,0.282,249.140,2.000,0.000,1.000,1.0
2009-12-14,03:26:00,0.438,0.282,249.330,2.000,0.000,2.000,0.0
2009-12-14,03:27:00,0.410,0.238,249.850,1.800,0.000,1.000,1.0
2009-12-14,03:28:00,0.342,0.136,249.640,1.400,0.000,2.000,1.0
2009-12-14,03:29:00,0.342,0.134,249.610,1.400,0.000,1.000,1.0
2009-12-14,03:30:00,0.342,0.134,249.570,1.400,0.000,1.000,0.0
2009-12-14,03:31:00,0.342,0.136,249.800,1.400,0.000,2.000,1.0
2009-12-14,03:32:00,0.340,0.136,249.950,1.400,0.000,1.000,1.0
2009-12-14,03:33:00,0.340,0.136,250.020,1.400,0.000,2.000,0.0
2009-12-14,03:34:00,0.340,0.138,250.280,1.400,0.000,1.000,1.0
2009-12-14,03:35:00,0.338,0.136,249.680,1.400,0.000,1.000,1.0
2009-12-14,03:36:00,0.336,0.134,249.360,1.400,0.000,2.000,0.0
2009-12-14,03:37:00,0.334,0.132,249.250,1.400,0.000,1.000,1.0
2009-12-14,03:38:00,0.334,0.132,249.030,1.400,0.000,1.000,1.0
2009-12-14,03:39:00,0.334,0.134,249.370,1.400,0.000,2.000,1.0
2009-12-14,03:40:00,0.334,0.136,249.810,1.400,0.000,1.000,0.0
2009-12-14,03:41:00,0.332,0.134,249.560,1.400,0.000,1.000,1.0
2009-12-14,03:42:00,0.420,0.238,249.520,2.000,0.000,1.000,1.0
2009-12-14,03:43:00,0.408,0.248,249.680,1.800,0.000,2.000,0.0
2009-12-14,03:44:00,0.408,0.246,249.340,1.800,0.000,1.000,1.0
2009-12-14,03:45:00,0.408,0.246,249.160,1.800,0.000,1.000,1.0
2009-12-14,03:46:00,0.406,0.244,249.030,1.800,0.000,1.000,0.0
2009-12-14,03:47:00,0.406,0.248,249.700,1.800,0.000,2.000,1.0
2009-12-14,03:48:00,0.404,0.246,249.470,1.800,0.000,1.000,1.0
2009-12-14,03:49:00,0.378,0.200,249.300,1.600,0.000,1.000,1.0
2009-12-14,03:50:00,0.328,0.116,249.870,1.400,0.000,0.000,0.0
2009-12-14,03:51:00,0.328,0.116,249.840,1.400,0.000,0.000,1.0
2009-12-14,03:52:00,0.276,0.000,249.400,1.000,0.000,0.000,1.0
2009-12-14,03:53:00,0.256,0.000,249.670,1.000,0.000,0.000,0.0
2009-12-14,03:54:00,0.256,0.000,249.540,1.000,0.000,0.000,1.0
2009-12-14,03:55:00,0.254,0.000,248.670,1.000,0.000,0.000,1.0
2009-12-14,03:56:00,0.316,0.064,247.920,1.400,0.000,0.000,0.0
2009-12-14,03:57:00,0.366,0.142,248.090,1.600,0.000,0.000,1.0
2009-12-14,03:58:00,0.362,0.142,247.990,1.600,0.000,0.000,1.0
2009-12-14,03:59:00,0.362,0.146,248.750,1.600,0.000,0.000,0.0
2009-12-14,04:00:00,0.362,0.148,249.320,1.600,0.000,0.000,1.0
2009-12-14,04:01:00,0.362,0.148,249.390,1.600,0.000,0.000,1.0
2009-12-14,04:02:00,0.360,0.148,249.100,1.600,0.000,0.000,1.0
2009-12-14,04:03:00,0.358,0.146,248.770,1.400,0.000,0.000,0.0
2009-12-14,04:04:00,0.356,0.146,248.770,1.400,0.000,0.000,1.0
2009-12-14,04:05:00,0.356,0.150,249.460,1.400,0.000,0.000,1.0
2009-12-14,04:06:00,0.356,0.150,249.580,1.400,0.000,0.000,0.0
2009-12-14,04:07:00,0.354,0.146,248.700,1.400,0.000,0.000,1.0
2009-12-14,04:08:00,0.352,0.146,248.830,1.400,0.000,0.000,1.0
2009-12-14,04:09:00,0.354,0.148,249.200,1.400,0.000,0.000,0.0
2009-12-14,04:10:00,0.354,0.150,249.380,1.400,0.000,0.000,1.0
2009-12-14,04:11:00,0.276,0.000,249.350,1.200,0.000,0.000,1.0
2009-12-14,04:12:00,0.258,0.000,249.740,1.000,0.000,0.000,1.0
2009-12-14,04:13:00,0.256,0.000,249.040,1.000,0.000,0.000,0.0
2009-12-14,04:14:00,0.256,0.000,248.460,1.000,0.000,0.000,1.0
2009-12-14,04:15:00,0.256,0.000,248.700,1.000,0.000,0.000,1.0
2009-12-14,04:16:00,0.256,0.000,248.890,1.000,0.000,0.000,0.0
2009-12-14,04:17:00,0.256,0.000,248.760,1.000,0.000,0.000,1.0
2009-12-14,04:18:00,0.254,0.000,248.260,1.000,0.000,0.000,1.0
2009-12-14,04:19:00,0.254,0.000,248.430,1.000,0.000,0.000,0.0
2009-12-14,04:20:00,0.256,0.000,248.720,1.000,0.000,0.000,1.0
2009-12-14,04:21:00,0.256,0.000,248.580,1.000,0.000,0.000,1.0
2009-12-14,04:22:00,0.256,0.000,249.100,1.000,0.000,0.000,1.0
2009-12-14,04:23:00,0.256,0.000,249.320,1.000,0.000,0.000,0.0
2009-12-14,04:24:00,0.256,0.000,249.130,1.000,0.000,0.000,1.0
2009-12-14,04:25:00,0.258,0.000,249.390,1.000,0.000,0.000,1.0
2009-12-14,04:26:00,0.256,0.000,249.060,1.000,0.000,0.000,0.0
2009-12-14,04:27:00,0.256,0.000,248.680,1.000,0.000,0.000,1.0
2009-12-14,04:28:00,0.256,0.000,249.120,1.000,0.000,0.000,1.0
2009-12-14,04:29:00,0.258,0.000,249.440,1.000,0.000,0.000,0.0
2009-12-14,04:30:00,0.256,0.000,249.100,1.000,0.000,0.000,1.0
2009-12-14,04:31:00,0.256,0.000,248.780,1.000,0.000,0.000,1.0
2009-12-14,04:32:00,0.254,0.000,248.530,1.000,0.000,0.000,0.0
2009-12-14,04:33:00,0.254,0.000,247.870,1.000,0.000,0.000,1.0
2009-12-14,04:34:00,0.292,0.000,247.710,1.400,0.000,0.000,1.0
2009-12-14,04:35:00,0.330,0.108,248.140,1.400,0.000,0.000,1.0
2009-12-14,04:36:00,0.332,0.110,248.710,1.400,0.000,0.000,0.0
2009-12-14,04:37:00,0.330,0.110,248.310,1.400,0.000,0.000,1.0
2009-12-14,04:38:00,0.332,0.112,248.810,1.400,0.000,0.000,1.0
2009-12-14,04:39:00,0.332,0.114,249.540,1.400,0.000,0.000,0.0
2009-12-14,04:40:00,0.390,0.176,249.850,1.800,0.000,0.000,1.0
2009-12-14,04:41:00,0.442,0.262,249.410,2.000,0.000,0.000,1.0
2009-12-14,04:42:00,0.438,0.262,249.560,2.000,0.000,0.000,0.0
2009-12-14,04:43:00,0.436,0.262,249.400,2.000,0.000,0.000,1.0
2009-12-14,04:44:00,0.402,0.212,249.490,1.800,0.000,0.000,1.0
2009-12-14,04:45:00,0.362,0.150,249.440,1.600,0.000,0.000,1.0
2009-12-14,04:46:00,0.358,0.146,248.790,1.600,0.000,0.000,0.0
2009-12-14,04:47:00,0.356,0.146,248.460,1.400,0.000,0.000,1.0
2009-12-14,04:48:00,0.352,0.140,247.180,1.400,0.000,0.000,1.0
2009-12-14,04:49:00,0.350,0.138,246.900,1.400,0.000,0.000,0.0
2009-12-14,04:50:00,0.350,0.140,247.250,1.400,0.000,0.000,1.0
2009-12-14,04:51:00,0.350,0.144,247.950,1.400,0.000,0.000,1.0
2009-12-14,04:52:00,0.350,0.142,247.690,1.400,0.000,0.000,0.0
2009-12-14,04:53:00,0.348,0.142,247.640,1.400,0.000,0.000,1.0
2009-12-14,04:54:00,0.350,0.144,247.920,1.400,0.000,0.000,1.0
2009-12-14,04:55:00,0.280,0.000,247.810,1.200,0.000,0.000,0.0
2009-12-14,04:56:00,0.256,0.000,248.970,1.000,0.000,0.000,1.0
2009-12-14,04:57:00,0.260,0.000,250.950,1.000,0.000,0.000,1.0
2009-12-14,04:58:00,0.666,0.202,250.670,3.000,0.000,0.000,7.0
2009-12-14,04:59:00,0.840,0.260,250.400,3.400,0.000,0.000,10.0
2009-12-14,05:00:00,0.868,0.262,250.780,3.600,0.000,0.000,11.0
2009-12-14,05:01:00,0.890,0.262,250.940,3.600,0.000,0.000,12.0
2009-12-14,05:02:00,0.572,0.136,251.870,2.600,0.000,0.000,6.0
2009-12-14,05:03:00,0.262,0.000,252.540,1.000,0.000,0.000,1.0
2009-12-14,05:04:00,0.260,0.000,250.940,1.000,0.000,0.000,0.0
2009-12-14,05:05:00,0.256,0.000,249.400,1.000,0.000,0.000,1.0
2009-12-14,05:06:00,0.256,0.000,249.380,1.000,0.000,0.000,1.0
2009-12-14,05:07:00,0.254,0.000,248.430,1.000,0.000,0.000,0.0
2009-12-14,05:08:00,0.254,0.000,248.130,1.000,0.000,0.000,1.0
2009-12-14,05:09:00,0.254,0.000,248.130,1.000,0.000,0.000,1.0
2009-12-14,05:10:00,0.254,0.000,247.970,1.000,0.000,0.000,0.0
2009-12-14,05:11:00,0.254,0.000,248.230,1.000,0.000,0.000,1.0
2009-12-14,05:12:00,0.256,0.000,248.630,1.000,0.000,0.000,1.0
2009-12-14,05:13:00,0.256,0.000,249.320,1.000,0.000,0.000,1.0
2009-12-14,05:14:00,0.254,0.000,248.400,1.000,0.000,0.000,0.0
2009-12-14,05:15:00,0.254,0.000,248.170,1.000,0.000,0.000,1.0
2009-12-14,05:16:00,0.256,0.000,248.830,1.000,0.000,0.000,1.0
2009-12-14,05:17:00,0.254,0.000,248.410,1.000,0.000,0.000,0.0
2009-12-14,05:18:00,0.254,0.000,247.970,1.000,0.000,0.000,1.0
2009-12-14,05:19:00,0.254,0.000,248.440,1.000,0.000,0.000,1.0
2009-12-14,05:20:00,0.784,0.000,248.070,3.800,0.000,0.000,8.0
2009-12-14,05:21:00,1.422,0.000,246.580,5.600,0.000,0.000,21.0
2009-12-14,05:22:00,1.414,0.000,247.570,5.600,0.000,0.000,20.0
2009-12-14,05:23:00,1.402,0.000,247.650,5.600,0.000,0.000,19.0
2009-12-14,05:24:00,1.394,0.000,247.630,5.600,0.000,0.000,20.0
2009-12-14,05:25:00,1.508,0.128,247.000,6.000,0.000,0.000,19.0
2009-12-14,05:26:00,1.488,0.126,246.660,6.000,0.000,0.000,20.0
2009-12-14,05:27:00,1.488,0.128,247.180,6.000,0.000,0.000,19.0
2009-12-14,05:28:00,1.552,0.194,247.820,6.200,0.000,0.000,20.0
2009-12-14,05:29:00,1.574,0.246,248.340,6.400,0.000,0.000,19.0
2009-12-14,05:30:00,1.568,0.244,247.900,6.400,0.000,0.000,20.0
2009-12-14,05:31:00,1.564,0.242,247.690,6.400,0.000,0.000,19.0
2009-12-14,05:32:00,1.558,0.240,247.420,6.200,0.000,0.000,20.0
2009-12-14,05:33:00,1.552,0.240,247.230,6.200,0.000,0.000,19.0
2009-12-14,05:34:00,1.556,0.242,247.730,6.200,0.000,0.000,20.0
2009-12-14,05:35:00,1.558,0.244,248.110,6.200,0.000,0.000,19.0
2009-12-14,05:36:00,1.556,0.244,248.060,6.200,0.000,0.000,20.0
2009-12-14,05:37:00,1.548,0.240,247.570,6.200,0.000,0.000,19.0
2009-12-14,05:38:00,1.490,0.160,246.770,6.000,0.000,0.000,20.0
2009-12-14,05:39:00,1.406,0.000,246.700,5.600,0.000,0.000,19.0
2009-12-14,05:40:00,1.374,0.000,246.750,5.400,0.000,0.000,19.0
2009-12-14,05:41:00,1.366,0.000,246.040,5.400,0.000,0.000,19.0
2009-12-14,05:42:00,1.366,0.000,245.990,5.400,0.000,0.000,20.0
2009-12-14,05:43:00,1.366,0.000,245.940,5.400,0.000,0.000,19.0
2009-12-14,05:44:00,1.368,0.000,246.060,5.400,0.000,0.000,19.0
2009-12-14,05:45:00,1.372,0.000,246.540,5.400,0.000,0.000,19.0
2009-12-14,05:46:00,1.378,0.000,247.100,5.400,0.000,0.000,20.0
2009-12-14,05:47:00,1.256,0.000,247.140,5.200,0.000,0.000,18.0
2009-12-14,05:48:00,0.254,0.000,247.830,1.000,0.000,0.000,1.0
2009-12-14,05:49:00,0.254,0.000,247.830,1.000,0.000,0.000,0.0
2009-12-14,05:50:00,0.254,0.000,248.420,1.000,0.000,0.000,1.0
2009-12-14,05:51:00,0.256,0.000,247.920,1.000,0.000,0.000,1.0
2009-12-14,05:52:00,0.260,0.000,247.510,1.000,0.000,0.000,0.0
2009-12-14,05:53:00,0.260,0.000,247.900,1.000,0.000,0.000,1.0
2009-12-14,05:54:00,0.260,0.000,247.950,1.000,0.000,0.000,1.0
2009-12-14,05:55:00,0.260,0.000,248.000,1.000,0.000,0.000,0.0
2009-12-14,05:56:00,0.260,0.000,247.490,1.000,0.000,0.000,1.0
2009-12-14,05:57:00,0.258,0.000,247.140,1.000,0.000,0.000,1.0
2009-12-14,05:58:00,0.258,0.000,246.970,1.000,0.000,0.000,0.0
2009-12-14,05:59:00,0.256,0.000,245.930,1.000,0.000,0.000,1.0
2009-12-14,06:00:00,0.254,0.000,244.910,1.000,0.000,0.000,1.0
2009-12-14,06:01:00,0.254,0.000,245.160,1.000,0.000,0.000,1.0
2009-12-14,06:02:00,0.254,0.000,245.710,1.000,0.000,0.000,0.0
2009-12-14,06:03:00,0.256,0.000,246.170,1.000,0.000,0.000,1.0
2009-12-14,06:04:00,0.256,0.000,246.590,1.000,0.000,0.000,1.0
2009-12-14,06:05:00,0.256,0.000,246.740,1.000,0.000,0.000,0.0
2009-12-14,06:06:00,0.256,0.000,246.600,1.000,0.000,0.000,1.0
2009-12-14,06:07:00,0.256,0.000,246.740,1.000,0.000,0.000,1.0
2009-12-14,06:08:00,0.256,0.000,246.950,1.000,0.000,0.000,0.0
2009-12-14,06:09:00,0.372,0.126,246.050,1.600,0.000,0.000,1.0
2009-12-14,06:10:00,0.366,0.136,246.590,1.600,0.000,0.000,1.0
2009-12-14,06:11:00,0.446,0.244,246.030,2.200,0.000,0.000,0.0
2009-12-14,06:12:00,0.442,0.258,245.050,2.000,0.000,1.000,1.0
2009-12-14,06:13:00,0.440,0.260,245.310,2.000,0.000,2.000,1.0
2009-12-14,06:14:00,0.440,0.262,245.430,2.000,0.000,1.000,0.0
2009-12-14,06:15:00,0.440,0.268,246.360,2.000,0.000,1.000,1.0
2009-12-14,06:16:00,0.442,0.270,246.830,2.000,0.000,2.000,1.0
2009-12-14,06:17:00,0.440,0.270,246.760,2.000,0.000,1.000,0.0
2009-12-14,06:18:00,0.440,0.270,247.000,2.000,0.000,2.000,1.0
2009-12-14,06:19:00,0.440,0.272,247.380,2.000,0.000,1.000,1.0
2009-12-14,06:20:00,0.442,0.280,248.550,2.000,0.000,1.000,1.0
2009-12-14,06:21:00,0.440,0.278,248.220,2.000,0.000,2.000,0.0
2009-12-14,06:22:00,0.472,0.296,246.840,2.200,0.000,1.000,1.0
2009-12-14,06:23:00,0.436,0.262,246.560,2.000,0.000,2.000,1.0
2009-12-14,06:24:00,0.416,0.234,246.690,1.800,0.000,1.000,0.0
2009-12-14,06:25:00,0.414,0.234,246.740,1.800,0.000,2.000,1.0
2009-12-14,06:26:00,0.414,0.234,246.850,1.800,0.000,1.000,1.0
2009-12-14,06:27:00,0.412,0.236,247.200,1.800,0.000,1.000,0.0
2009-12-14,06:28:00,0.408,0.234,246.800,1.800,0.000,2.000,1.0
2009-12-14,06:29:00,0.406,0.232,246.460,1.800,0.000,1.000,1.0
2009-12-14,06:30:00,0.404,0.232,246.610,1.800,0.000,1.000,0.0
2009-12-14,06:31:00,0.444,0.256,246.870,2.000,0.000,1.000,1.0
2009-12-14,06:32:00,0.590,0.232,246.910,2.600,0.000,2.000,1.0
2009-12-14,06:33:00,1.560,0.140,245.870,7.200,0.000,1.000,0.0
2009-12-14,06:34:00,1.356,0.158,244.980,6.000,0.000,1.000,1.0
2009-12-14,06:35:00,1.816,0.184,244.430,8.200,0.000,2.000,1.0
2009-12-14,06:36:00,2.648,0.170,244.110,11.200,0.000,1.000,0.0
2009-12-14,06:37:00,2.542,0.166,244.820,11.000,0.000,1.000,1.0
2009-12-14,06:38:00,2.518,0.172,245.020,10.800,0.000,1.000,1.0
2009-12-14,06:39:00,1.458,0.172,246.640,7.200,0.000,2.000,0.0
2009-12-14,06:40:00,0.702,0.188,247.390,2.800,0.000,1.000,1.0
2009-12-14,06:41:00,0.754,0.180,246.170,3.000,0.000,1.000,1.0
2009-12-14,06:42:00,0.860,0.046,245.480,3.400,0.000,0.000,1.0
2009-12-14,06:43:00,0.900,0.000,245.330,3.600,0.000,0.000,0.0
2009-12-14,06:44:00,0.738,0.000,244.330,3.000,0.000,0.000,1.0
2009-12-14,06:45:00,0.742,0.000,243.720,3.000,0.000,0.000,1.0
2009-12-14,06:46:00,1.262,0.000,244.030,5.600,0.000,0.000,8.0
2009-12-14,06:47:00,1.874,0.000,243.550,7.600,0.000,0.000,20.0
2009-12-14,06:48:00,1.858,0.000,243.420,7.600,0.000,0.000,19.0
2009-12-14,06:49:00,1.840,0.000,242.870,7.600,0.000,0.000,19.0
2009-12-14,06:50:00,1.876,0.000,243.100,7.600,0.000,0.000,19.0
2009-12-14,06:51:00,1.940,0.140,243.240,8.000,0.000,0.000,19.0
2009-12-14,06:52:00,1.946,0.142,243.860,8.000,0.000,0.000,19.0
2009-12-14,06:53:00,1.936,0.140,243.570,7.800,0.000,0.000,19.0
2009-12-14,06:54:00,1.924,0.140,243.280,7.800,0.000,0.000,19.0
2009-12-14,06:55:00,1.918,0.138,242.550,7.800,0.000,0.000,18.0
2009-12-14,06:56:00,1.932,0.142,243.440,7.800,0.000,0.000,19.0
2009-12-14,06:57:00,1.950,0.148,244.930,8.000,0.000,0.000,19.0
2009-12-14,06:58:00,2.330,0.150,244.490,9.800,0.000,0.000,19.0
2009-12-14,06:59:00,3.576,0.154,243.460,14.600,0.000,0.000,19.0
2009-12-14,07:00:00,3.760,0.150,243.300,15.400,0.000,0.000,19.0
2009-12-14,07:01:00,3.754,0.150,243.230,15.400,0.000,0.000,19.0
2009-12-14,07:02:00,3.560,0.152,243.080,14.600,0.000,0.000,19.0
2009-12-14,07:03:00,3.718,0.142,241.750,15.400,0.000,0.000,18.0
2009-12-14,07:04:00,3.604,0.142,241.530,14.800,0.000,0.000,19.0
2009-12-14,07:05:00,3.938,0.274,240.840,16.800,0.000,0.000,18.0
2009-12-14,07:06:00,3.196,0.000,241.170,13.200,0.000,0.000,19.0
2009-12-14,07:07:00,3.144,0.000,241.220,13.000,0.000,0.000,18.0
2009-12-14,07:08:00,3.518,0.078,240.230,14.600,0.000,0.000,19.0
2009-12-14,07:09:00,3.688,0.148,238.760,15.400,0.000,0.000,18.0
2009-12-14,07:10:00,3.456,0.152,239.730,14.400,0.000,0.000,18.0
2009-12-14,07:11:00,3.546,0.254,241.570,14.600,0.000,0.000,18.0
2009-12-14,07:12:00,2.220,0.260,243.720,9.200,0.000,0.000,19.0
2009-12-14,07:13:00,2.146,0.258,243.060,8.800,0.000,0.000,19.0
2009-12-14,07:14:00,2.816,0.444,242.830,11.800,0.000,0.000,28.0
2009-12-14,07:15:00,2.954,0.390,241.740,12.200,0.000,0.000,28.0
2009-12-14,07:16:00,3.136,0.396,242.230,13.000,0.000,0.000,28.0
2009-12-14,07:17:00,3.358,0.388,241.420,14.000,0.000,0.000,29.0
2009-12-14,07:18:00,3.104,0.306,241.780,12.800,0.000,0.000,27.0
2009-12-14,07:19:00,2.472,0.070,242.970,10.000,0.000,0.000,19.0
2009-12-14,07:20:00,2.666,0.056,241.730,11.000,0.000,0.000,18.0
2009-12-14,07:21:00,2.780,0.088,241.510,11.400,0.000,0.000,19.0
2009-12-14,07:22:00,1.988,0.062,242.770,8.200,0.000,0.000,18.0
2009-12-14,07:23:00,1.728,0.000,244.010,7.000,0.000,0.000,19.0
2009-12-14,07:24:00,1.692,0.000,243.010,6.800,0.000,0.000,19.0
2009-12-14,07:25:00,1.680,0.000,242.060,6.800,0.000,0.000,19.0
2009-12-14,07:26:00,1.660,0.046,240.400,6.800,0.000,0.000,18.0
2009-12-14,07:27:00,1.684,0.000,242.280,6.800,0.000,0.000,19.0
2009-12-14,07:28:00,1.682,0.000,242.690,6.800,0.000,0.000,18.0
2009-12-14,07:29:00,1.680,0.000,242.490,6.800,0.000,0.000,19.0
2009-12-14,07:30:00,1.692,0.000,242.930,6.800,0.000,0.000,19.0
2009-12-14,07:31:00,1.676,0.000,242.640,6.800,0.000,0.000,19.0
2009-12-14,07:32:00,1.926,0.000,242.780,8.000,0.000,0.000,18.0
2009-12-14,07:33:00,2.062,0.098,241.960,8.400,0.000,0.000,19.0
2009-12-14,07:34:00,2.084,0.116,241.920,8.600,0.000,0.000,19.0
2009-12-14,07:35:00,2.164,0.234,241.940,9.000,0.000,0.000,18.0
2009-12-14,07:36:00,2.158,0.232,241.280,9.000,0.000,0.000,19.0
2009-12-14,07:37:00,2.170,0.234,242.230,9.000,0.000,0.000,18.0
2009-12-14,07:38:00,2.166,0.234,242.070,9.000,0.000,0.000,19.0
2009-12-14,07:39:00,2.148,0.232,241.130,9.000,0.000,0.000,18.0
2009-12-14,07:40:00,2.140,0.230,241.020,8.800,0.000,0.000,19.0
2009-12-14,07:41:00,2.164,0.228,240.330,9.000,0.000,0.000,18.0
2009-12-14,07:42:00,2.310,0.226,240.800,9.600,0.000,0.000,19.0
2009-12-14,07:43:00,2.302,0.224,240.420,9.600,0.000,0.000,18.0
2009-12-14,07:44:00,2.304,0.224,240.580,9.600,0.000,0.000,18.0
2009-12-14,07:45:00,3.112,0.220,240.000,13.200,0.000,0.000,19.0
2009-12-14,07:46:00,3.170,0.214,238.920,13.400,0.000,0.000,18.0
2009-12-14,07:47:00,2.276,0.220,239.560,9.400,0.000,0.000,18.0
2009-12-14,07:48:00,2.272,0.218,238.970,9.400,0.000,0.000,18.0
2009-12-14,07:49:00,2.318,0.226,241.490,9.600,0.000,0.000,19.0
2009-12-14,07:50:00,2.250,0.106,242.350,9.200,0.000,0.000,18.0
2009-12-14,07:51:00,2.232,0.092,241.880,9.200,0.000,0.000,19.0
2009-12-14,07:52:00,2.226,0.092,241.600,9.200,0.000,0.000,19.0
2009-12-14,07:53:00,2.240,0.092,242.670,9.200,0.000,0.000,18.0
2009-12-14,07:54:00,2.240,0.094,242.610,9.200,0.000,0.000,19.0
2009-12-14,07:55:00,2.236,0.092,242.140,9.200,0.000,0.000,19.0
2009-12-14,07:56:00,2.244,0.092,242.520,9.200,0.000,0.000,18.0
2009-12-14,07:57:00,2.252,0.094,243.040,9.200,0.000,0.000,19.0
2009-12-14,07:58:00,2.230,0.092,241.910,9.200,0.000,0.000,19.0
2009-12-14,07:59:00,2.216,0.090,241.320,9.200,0.000,0.000,18.0
2009-12-14,08:00:00,2.222,0.090,241.450,9.200,0.000,0.000,19.0
2009-12-14,08:01:00,2.222,0.090,241.230,9.200,0.000,0.000,18.0
2009-12-14,08:02:00,2.228,0.090,241.550,9.200,0.000,0.000,19.0
2009-12-14,08:03:00,2.070,0.094,241.480,8.600,0.000,0.000,18.0
2009-12-14,08:04:00,1.726,0.120,241.990,7.200,0.000,0.000,19.0
2009-12-14,08:05:00,1.400,0.064,242.750,5.600,0.000,0.000,19.0
2009-12-14,08:06:00,1.392,0.060,241.630,5.600,0.000,0.000,18.0
2009-12-14,08:07:00,1.402,0.062,242.220,5.800,0.000,0.000,19.0
2009-12-14,08:08:00,1.406,0.064,242.700,5.800,0.000,0.000,18.0
2009-12-14,08:09:00,1.402,0.064,242.480,5.800,0.000,0.000,19.0
2009-12-14,08:10:00,1.404,0.064,242.870,5.800,0.000,0.000,19.0
2009-12-14,08:11:00,1.398,0.064,243.010,5.600,0.000,0.000,19.0
2009-12-14,08:12:00,1.390,0.062,242.130,5.600,0.000,0.000,18.0
2009-12-14,08:13:00,1.394,0.062,242.020,5.600,0.000,0.000,19.0
2009-12-14,08:14:00,1.392,0.062,242.060,5.600,0.000,0.000,19.0
2009-12-14,08:15:00,1.372,0.000,241.350,5.600,0.000,0.000,18.0
2009-12-14,08:16:00,1.332,0.000,242.700,5.400,0.000,0.000,19.0
2009-12-14,08:17:00,1.328,0.000,242.910,5.400,0.000,0.000,18.0
2009-12-14,08:18:00,1.366,0.000,242.120,5.600,0.000,0.000,19.0
2009-12-14,08:19:00,1.440,0.094,242.580,5.800,0.000,0.000,19.0
2009-12-14,08:20:00,1.438,0.094,242.640,5.800,0.000,0.000,18.0
2009-12-14,08:21:00,1.438,0.094,242.810,5.800,0.000,0.000,19.0
2009-12-14,08:22:00,1.440,0.096,243.130,5.800,0.000,0.000,19.0
2009-12-14,08:23:00,1.430,0.094,242.810,5.800,0.000,0.000,19.0
2009-12-14,08:24:00,1.424,0.094,242.630,5.800,0.000,0.000,18.0
2009-12-14,08:25:00,1.436,0.096,243.440,5.800,0.000,0.000,19.0
2009-12-14,08:26:00,1.426,0.094,242.520,5.800,0.000,0.000,19.0
2009-12-14,08:27:00,1.420,0.092,242.070,5.800,0.000,0.000,19.0
2009-12-14,08:28:00,1.424,0.094,242.480,5.800,0.000,0.000,18.0
2009-12-14,08:29:00,1.426,0.096,243.050,5.800,0.000,0.000,19.0
2009-12-14,08:30:00,1.420,0.094,242.890,5.800,0.000,0.000,19.0
2009-12-14,08:31:00,1.428,0.096,243.080,5.800,0.000,0.000,18.0
2009-12-14,08:32:00,1.426,0.096,242.880,5.800,0.000,0.000,19.0
2009-12-14,08:33:00,1.426,0.094,242.850,5.800,0.000,0.000,19.0
2009-12-14,08:34:00,1.348,0.000,242.800,5.400,0.000,0.000,19.0
2009-12-14,08:35:00,1.322,0.000,242.130,5.400,0.000,0.000,18.0
2009-12-14,08:36:00,1.324,0.000,242.700,5.400,0.000,0.000,19.0
2009-12-14,08:37:00,1.334,0.000,243.170,5.400,0.000,0.000,19.0
2009-12-14,08:38:00,1.332,0.000,242.710,5.400,0.000,0.000,19.0
2009-12-14,08:39:00,1.334,0.000,242.900,5.400,0.000,0.000,18.0
2009-12-14,08:40:00,1.336,0.000,243.210,5.400,0.000,0.000,19.0
2009-12-14,08:41:00,1.320,0.000,241.810,5.400,0.000,0.000,19.0
2009-12-14,08:42:00,1.322,0.000,242.490,5.400,0.000,0.000,18.0
2009-12-14,08:43:00,1.322,0.000,242.220,5.400,0.000,0.000,19.0
2009-12-14,08:44:00,1.324,0.000,241.940,5.400,0.000,0.000,19.0
2009-12-14,08:45:00,1.324,0.000,242.010,5.400,0.000,0.000,18.0
2009-12-14,08:46:00,1.330,0.000,242.580,5.400,0.000,0.000,19.0
2009-12-14,08:47:00,1.328,0.000,242.410,5.400,0.000,0.000,19.0
2009-12-14,08:48:00,1.328,0.000,242.980,5.400,0.000,0.000,18.0
2009-12-14,08:49:00,1.320,0.000,242.400,5.400,0.000,0.000,19.0
2009-12-14,08:50:00,1.328,0.000,242.380,5.400,0.000,0.000,19.0
2009-12-14,08:51:00,1.328,0.000,242.340,5.400,0.000,0.000,18.0
2009-12-14,08:52:00,1.326,0.000,242.160,5.400,0.000,0.000,19.0
2009-12-14,08:53:00,1.332,0.000,242.820,5.400,0.000,0.000,19.0
2009-12-14,08:54:00,1.336,0.000,243.660,5.400,0.000,0.000,18.0
2009-12-14,08:55:00,1.330,0.000,243.240,5.400,0.000,0.000,19.0
2009-12-14,08:56:00,1.406,0.000,242.680,5.800,0.000,0.000,19.0
2009-12-14,08:57:00,1.408,0.064,242.750,5.800,0.000,0.000,19.0
2009-12-14,08:58:00,1.412,0.064,243.010,5.800,0.000,0.000,18.0
2009-12-14,08:59:00,1.418,0.066,243.800,5.800,0.000,0.000,19.0
2009-12-14,09:00:00,1.422,0.068,244.550,5.800,0.000,0.000,19.0
2009-12-14,09:01:00,1.414,0.068,244.270,5.800,0.000,0.000,19.0
2009-12-14,09:02:00,1.460,0.118,243.260,6.000,0.000,0.000,19.0
2009-12-14,09:03:00,1.516,0.202,242.940,6.200,0.000,0.000,19.0
2009-12-14,09:04:00,1.528,0.208,244.540,6.200,0.000,0.000,19.0
2009-12-14,09:05:00,1.534,0.212,245.240,6.200,0.000,0.000,19.0
2009-12-14,09:06:00,1.626,0.340,245.570,6.800,0.000,0.000,19.0
2009-12-14,09:07:00,1.610,0.342,245.610,6.600,0.000,2.000,19.0
2009-12-14,09:08:00,1.550,0.264,244.160,6.400,0.000,1.000,19.0
2009-12-14,09:09:00,1.524,0.226,243.850,6.200,0.000,2.000,19.0
2009-12-14,09:10:00,1.528,0.228,244.310,6.200,0.000,1.000,19.0
2009-12-14,09:11:00,1.540,0.232,245.400,6.200,0.000,1.000,19.0
2009-12-14,09:12:00,1.540,0.234,245.840,6.200,0.000,2.000,19.0
2009-12-14,09:13:00,1.528,0.230,245.130,6.200,0.000,1.000,19.0
2009-12-14,09:14:00,1.538,0.232,245.430,6.200,0.000,2.000,19.0
2009-12-14,09:15:00,1.530,0.228,244.710,6.200,0.000,1.000,19.0
2009-12-14,09:16:00,1.530,0.230,244.750,6.200,0.000,1.000,20.0
2009-12-14,09:17:00,1.524,0.226,244.280,6.200,0.000,2.000,18.0
2009-12-14,09:18:00,1.452,0.124,244.460,5.800,0.000,1.000,19.0
2009-12-14,09:19:00,1.432,0.088,245.090,5.800,0.000,2.000,19.0
2009-12-14,09:20:00,1.436,0.088,245.170,5.800,0.000,1.000,20.0
2009-12-14,09:21:00,1.438,0.090,245.140,5.800,0.000,1.000,19.0
2009-12-14,09:22:00,1.436,0.090,245.230,5.800,0.000,2.000,19.0
2009-12-14,09:23:00,1.446,0.092,246.090,5.800,0.000,1.000,19.0
2009-12-14,09:24:00,1.444,0.092,246.300,5.800,0.000,1.000,19.0
2009-12-14,09:25:00,1.434,0.090,245.800,5.800,0.000,2.000,19.0
2009-12-14,09:26:00,1.440,0.092,246.150,5.800,0.000,1.000,20.0
2009-12-14,09:27:00,1.442,0.092,246.090,5.800,0.000,1.000,19.0
2009-12-14,09:28:00,1.446,0.094,246.390,5.800,0.000,2.000,19.0
2009-12-14,09:29:00,1.446,0.094,246.600,5.800,0.000,1.000,19.0
2009-12-14,09:30:00,1.438,0.092,246.000,5.800,0.000,1.000,20.0
2009-12-14,09:31:00,1.428,0.090,245.550,5.800,0.000,1.000,19.0
2009-12-14,09:32:00,1.426,0.088,245.300,5.800,0.000,2.000,19.0
2009-12-14,09:33:00,1.432,0.090,245.390,5.800,0.000,1.000,19.0
2009-12-14,09:34:00,1.434,0.090,245.680,5.800,0.000,1.000,19.0
2009-12-14,09:35:00,1.432,0.090,245.540,5.800,0.000,1.000,19.0
2009-12-14,09:36:00,1.418,0.086,244.340,5.800,0.000,1.000,19.0
2009-12-14,09:37:00,1.352,0.000,244.270,5.400,0.000,1.000,19.0
2009-12-14,09:38:00,1.350,0.000,244.990,5.400,0.000,0.000,19.0
2009-12-14,09:39:00,1.356,0.000,245.110,5.400,0.000,0.000,19.0
2009-12-14,09:40:00,1.362,0.000,245.610,5.400,0.000,0.000,19.0
2009-12-14,09:41:00,1.364,0.000,245.840,5.400,0.000,0.000,20.0
2009-12-14,09:42:00,1.362,0.000,245.870,5.400,0.000,0.000,19.0
2009-12-14,09:43:00,1.356,0.000,245.690,5.400,0.000,0.000,19.0
2009-12-14,09:44:00,1.356,0.000,245.280,5.400,0.000,0.000,19.0
2009-12-14,09:45:00,1.356,0.000,245.100,5.400,0.000,0.000,19.0
2009-12-14,09:46:00,1.416,0.000,245.440,5.800,0.000,0.000,19.0
2009-12-14,09:47:00,1.464,0.102,244.870,6.000,0.000,0.000,19.0
2009-12-14,09:48:00,1.482,0.122,244.330,6.000,0.000,0.000,19.0
2009-12-14,09:49:00,1.528,0.208,244.690,6.200,0.000,0.000,19.0
2009-12-14,09:50:00,1.534,0.210,244.820,6.200,0.000,0.000,19.0
2009-12-14,09:51:00,1.528,0.206,244.220,6.200,0.000,0.000,19.0
2009-12-14,09:52:00,1.542,0.214,245.790,6.200,0.000,0.000,19.0
2009-12-14,09:53:00,1.544,0.216,246.200,6.200,0.000,0.000,20.0
2009-12-14,09:54:00,1.536,0.216,246.170,6.200,0.000,0.000,19.0
2009-12-14,09:55:00,1.526,0.214,245.710,6.200,0.000,0.000,19.0
2009-12-14,09:56:00,1.526,0.212,245.330,6.200,0.000,0.000,19.0
2009-12-14,09:57:00,1.518,0.210,244.720,6.200,0.000,0.000,19.0
2009-12-14,09:58:00,1.526,0.214,245.380,6.200,0.000,0.000,19.0
2009-12-14,09:59:00,1.514,0.210,244.520,6.200,0.000,0.000,19.0
2009-12-14,10:00:00,1.514,0.210,245.020,6.200,0.000,0.000,19.0
2009-12-14,10:01:00,1.468,0.154,244.030,6.000,0.000,0.000,19.0
2009-12-14,10:02:00,1.390,0.000,244.110,5.600,0.000,0.000,19.0
2009-12-14,10:03:00,1.348,0.000,244.150,5.400,0.000,0.000,19.0
2009-12-14,10:04:00,1.348,0.000,244.250,5.400,0.000,0.000,19.0
2009-12-14,10:05:00,1.356,0.000,245.050,5.400,0.000,0.000,19.0
2009-12-14,10:06:00,1.348,0.000,244.850,5.400,0.000,0.000,19.0
2009-12-14,10:07:00,1.350,0.000,245.070,5.400,0.000,0.000,19.0
2009-12-14,10:08:00,0.542,0.000,245.840,2.800,0.000,0.000,6.0
2009-12-14,10:09:00,0.252,0.000,246.660,1.000,0.000,0.000,1.0
2009-12-14,10:10:00,0.252,0.000,247.380,1.000,0.000,0.000,1.0
2009-12-14,10:11:00,0.250,0.000,246.450,1.000,0.000,0.000,0.0
2009-12-14,10:12:00,0.242,0.000,246.020,1.000,0.000,0.000,1.0
2009-12-14,10:13:00,0.244,0.000,245.200,1.000,0.000,0.000,1.0
2009-12-14,10:14:00,0.250,0.000,245.300,1.000,0.000,0.000,0.0
2009-12-14,10:15:00,0.250,0.000,246.140,1.000,0.000,0.000,1.0
2009-12-14,10:16:00,0.252,0.000,246.540,1.000,0.000,0.000,1.0
2009-12-14,10:17:00,0.250,0.000,247.100,1.000,0.000,0.000,0.0
2009-12-14,10:18:00,0.246,0.000,247.190,1.000,0.000,0.000,1.0
2009-12-14,10:19:00,0.246,0.000,246.710,1.000,0.000,0.000,1.0
2009-12-14,10:20:00,0.252,0.000,246.780,1.000,0.000,0.000,1.0
2009-12-14,10:21:00,0.252,0.000,246.460,1.000,0.000,0.000,0.0
2009-12-14,10:22:00,0.250,0.000,246.270,1.000,0.000,0.000,1.0
2009-12-14,10:23:00,0.250,0.000,247.250,1.000,0.000,0.000,1.0
2009-12-14,10:24:00,0.246,0.000,247.790,1.000,0.000,0.000,0.0
2009-12-14,10:25:00,0.248,0.000,247.370,1.000,0.000,0.000,1.0
2009-12-14,10:26:00,0.254,0.000,247.820,1.000,0.000,0.000,1.0
2009-12-14,10:27:00,0.252,0.000,247.010,1.000,0.000,0.000,0.0
2009-12-14,10:28:00,0.254,0.000,247.510,1.000,0.000,0.000,1.0
2009-12-14,10:29:00,0.252,0.000,248.610,1.000,0.000,0.000,1.0
2009-12-14,10:30:00,0.294,0.000,250.200,1.200,0.000,0.000,0.0
2009-12-14,10:31:00,0.368,0.132,249.620,1.600,0.000,0.000,1.0
2009-12-14,10:32:00,0.366,0.130,249.050,1.400,0.000,0.000,1.0
2009-12-14,10:33:00,0.364,0.128,248.870,1.400,0.000,0.000,0.0
2009-12-14,10:34:00,0.362,0.128,248.530,1.400,0.000,0.000,1.0
2009-12-14,10:35:00,0.354,0.126,248.180,1.400,0.000,0.000,1.0
2009-12-14,10:36:00,0.350,0.126,248.330,1.400,0.000,0.000,1.0
2009-12-14,10:37:00,0.354,0.128,248.510,1.400,0.000,0.000,0.0
2009-12-14,10:38:00,0.356,0.128,248.480,1.400,0.000,0.000,1.0
2009-12-14,10:39:00,0.352,0.124,247.750,1.400,0.000,0.000,1.0
2009-12-14,10:40:00,0.352,0.124,247.730,1.400,0.000,0.000,0.0
2009-12-14,10:41:00,0.432,0.220,247.920,2.000,0.000,0.000,1.0
2009-12-14,10:42:00,0.422,0.234,247.660,1.800,0.000,0.000,1.0
2009-12-14,10:43:00,0.428,0.238,248.200,2.000,0.000,0.000,0.0
2009-12-14,10:44:00,0.426,0.232,247.100,1.800,0.000,0.000,1.0
2009-12-14,10:45:00,0.424,0.230,246.790,1.800,0.000,0.000,1.0
2009-12-14,10:46:00,0.388,0.180,246.610,1.800,0.000,0.000,0.0
2009-12-14,10:47:00,0.320,0.084,245.910,1.200,0.000,0.000,1.0
2009-12-14,10:48:00,0.314,0.082,245.450,1.200,0.000,0.000,1.0
2009-12-14,10:49:00,0.320,0.084,246.050,1.200,0.000,0.000,1.0
2009-12-14,10:50:00,0.322,0.084,246.230,1.200,0.000,0.000,0.0
2009-12-14,10:51:00,0.320,0.082,245.690,1.200,0.000,0.000,1.0
2009-12-14,10:52:00,0.316,0.084,245.910,1.200,0.000,0.000,1.0
2009-12-14,10:53:00,0.312,0.082,245.480,1.200,0.000,0.000,0.0
2009-12-14,10:54:00,0.268,0.000,245.040,1.000,0.000,0.000,1.0
2009-12-14,10:55:00,0.248,0.000,245.230,1.000,0.000,0.000,1.0
2009-12-14,10:56:00,0.248,0.000,245.370,1.000,0.000,0.000,0.0
2009-12-14,10:57:00,0.250,0.000,245.860,1.000,0.000,0.000,1.0
2009-12-14,10:58:00,0.246,0.000,244.820,1.000,0.000,0.000,1.0
2009-12-14,10:59:00,0.240,0.000,244.480,1.000,0.000,0.000,0.0
2009-12-14,11:00:00,0.242,0.000,244.200,1.000,0.000,0.000,1.0
2009-12-14,11:01:00,0.246,0.000,244.110,1.000,0.000,0.000,1.0
2009-12-14,11:02:00,0.246,0.000,244.340,1.000,0.000,0.000,0.0
2009-12-14,11:03:00,0.246,0.000,244.660,1.000,0.000,0.000,1.0
2009-12-14,11:04:00,0.238,0.000,244.460,1.000,0.000,0.000,1.0
2009-12-14,11:05:00,0.240,0.000,244.550,1.000,0.000,0.000,0.0
2009-12-14,11:06:00,0.242,0.000,245.470,1.000,0.000,0.000,1.0
2009-12-14,11:07:00,0.242,0.000,245.360,1.000,0.000,0.000,1.0
2009-12-14,11:08:00,0.242,0.000,245.500,1.000,0.000,0.000,0.0
2009-12-14,11:09:00,0.240,0.000,245.340,1.000,0.000,0.000,1.0
2009-12-14,11:10:00,0.242,0.000,245.810,1.000,0.000,0.000,1.0
2009-12-14,11:11:00,0.242,0.000,245.660,1.000,0.000,0.000,0.0
2009-12-14,11:12:00,0.244,0.000,246.720,1.000,0.000,0.000,1.0
2009-12-14,11:13:00,0.244,0.000,247.180,1.000,0.000,0.000,1.0
2009-12-14,11:14:00,0.312,0.046,247.380,1.400,0.000,0.000,0.0
2009-12-14,11:15:00,0.356,0.116,246.020,1.400,0.000,0.000,1.0
2009-12-14,11:16:00,0.350,0.114,245.570,1.400,0.000,0.000,1.0
2009-12-14,11:17:00,0.348,0.112,244.920,1.400,0.000,0.000,0.0
2009-12-14,11:18:00,0.346,0.112,244.940,1.400,0.000,0.000,1.0
2009-12-14,11:19:00,0.346,0.114,245.390,1.400,0.000,0.000,1.0
2009-12-14,11:20:00,0.344,0.112,245.030,1.400,0.000,0.000,0.0
2009-12-14,11:21:00,0.342,0.112,244.840,1.400,0.000,0.000,1.0
2009-12-14,11:22:00,0.340,0.110,244.480,1.400,0.000,0.000,1.0
2009-12-14,11:23:00,0.338,0.108,243.750,1.400,0.000,0.000,0.0
2009-12-14,11:24:00,0.336,0.106,243.290,1.400,0.000,0.000,1.0
2009-12-14,11:25:00,0.336,0.108,243.630,1.400,0.000,0.000,1.0
2009-12-14,11:26:00,0.338,0.112,244.760,1.400,0.000,0.000,1.0
2009-12-14,11:27:00,0.340,0.114,245.560,1.400,0.000,0.000,0.0
2009-12-14,11:28:00,0.340,0.116,245.720,1.400,0.000,0.000,1.0
2009-12-14,11:29:00,0.336,0.112,244.830,1.400,0.000,0.000,1.0
2009-12-14,11:30:00,0.310,0.072,244.260,1.200,0.000,0.000,0.0
2009-12-14,11:31:00,0.240,0.000,244.230,1.000,0.000,0.000,1.0
2009-12-14,11:32:00,0.240,0.000,243.880,1.000,0.000,0.000,1.0
2009-12-14,11:33:00,0.240,0.000,244.690,1.000,0.000,0.000,0.0
2009-12-14,11:34:00,0.336,0.078,245.640,1.400,0.000,0.000,1.0
2009-12-14,11:35:00,0.320,0.080,244.930,1.200,0.000,0.000,1.0
2009-12-14,11:36:00,0.320,0.080,244.960,1.200,0.000,0.000,0.0
2009-12-14,11:37:00,0.320,0.080,245.140,1.200,0.000,0.000,1.0
2009-12-14,11:38:00,0.318,0.080,244.950,1.200,0.000,0.000,1.0
2009-12-14,11:39:00,0.314,0.078,244.080,1.200,0.000,0.000,0.0
2009-12-14,11:40:00,0.314,0.080,244.560,1.200,0.000,0.000,1.0
2009-12-14,11:41:00,0.314,0.080,244.890,1.200,0.000,0.000,1.0
2009-12-14,11:42:00,0.312,0.078,244.080,1.200,0.000,0.000,0.0
2009-12-14,11:43:00,0.310,0.078,243.720,1.200,0.000,0.000,1.0
2009-12-14,11:44:00,0.310,0.078,243.940,1.200,0.000,0.000,1.0
2009-12-14,11:45:00,0.312,0.080,244.950,1.200,0.000,0.000,0.0
2009-12-14,11:46:00,0.298,0.060,243.720,1.200,0.000,0.000,1.0
2009-12-14,11:47:00,0.238,0.000,243.200,1.000,0.000,0.000,1.0
2009-12-14,11:48:00,0.238,0.000,243.250,1.000,0.000,0.000,0.0
2009-12-14,11:49:00,0.240,0.000,243.870,1.000,0.000,0.000,1.0
2009-12-14,11:50:00,0.240,0.000,244.460,1.000,0.000,0.000,1.0
2009-12-14,11:51:00,0.242,0.000,244.500,1.000,0.000,0.000,0.0
2009-12-14,11:52:00,0.242,0.000,244.380,1.000,0.000,0.000,1.0
2009-12-14,11:53:00,0.240,0.000,244.080,1.000,0.000,0.000,1.0
2009-12-14,11:54:00,0.238,0.000,243.170,1.000,0.000,0.000,0.0
2009-12-14,11:55:00,0.238,0.000,242.820,1.000,0.000,0.000,1.0
2009-12-14,11:56:00,0.240,0.000,243.650,1.000,0.000,0.000,1.0
2009-12-14,11:57:00,0.242,0.000,244.750,1.000,0.000,0.000,0.0
2009-12-14,11:58:00,0.340,0.080,245.390,1.400,0.000,0.000,1.0
2009-12-14,11:59:00,0.356,0.116,245.830,1.400,0.000,0.000,1.0
2009-12-14,12:00:00,0.354,0.120,246.470,1.400,0.000,0.000,0.0
2009-12-14,12:01:00,0.350,0.116,245.900,1.400,0.000,0.000,1.0
2009-12-14,12:02:00,0.346,0.112,244.740,1.400,0.000,0.000,1.0
2009-12-14,12:03:00,0.344,0.110,244.140,1.400,0.000,0.000,0.0
2009-12-14,12:04:00,0.400,0.174,244.590,1.800,0.000,0.000,1.0
2009-12-14,12:05:00,0.422,0.236,244.040,2.000,0.000,1.000,1.0
2009-12-14,12:06:00,0.422,0.236,243.810,2.000,0.000,1.000,0.0
2009-12-14,12:07:00,0.422,0.238,244.310,2.000,0.000,1.000,1.0
2009-12-14,12:08:00,0.428,0.238,244.340,2.000,0.000,2.000,1.0
2009-12-14,12:09:00,0.428,0.236,243.660,2.000,0.000,1.000,0.0
2009-12-14,12:10:00,0.422,0.232,243.140,2.000,0.000,2.000,1.0
2009-12-14,12:11:00,0.420,0.236,243.820,2.000,0.000,1.000,1.0
2009-12-14,12:12:00,0.422,0.238,244.460,2.000,0.000,1.000,0.0
2009-12-14,12:13:00,0.424,0.244,245.480,2.000,0.000,2.000,1.0
2009-12-14,12:14:00,0.374,0.170,245.610,1.600,0.000,1.000,1.0
2009-12-14,12:15:00,0.328,0.100,245.340,1.400,0.000,2.000,0.0
2009-12-14,12:16:00,0.330,0.106,246.610,1.400,0.000,1.000,1.0
2009-12-14,12:17:00,0.326,0.100,244.950,1.400,0.000,1.000,1.0
2009-12-14,12:18:00,0.326,0.100,245.290,1.400,0.000,2.000,0.0
2009-12-14,12:19:00,0.326,0.104,245.950,1.400,0.000,1.000,1.0
2009-12-14,12:20:00,0.326,0.104,246.360,1.400,0.000,2.000,1.0
2009-12-14,12:21:00,0.324,0.102,245.540,1.400,0.000,1.000,1.0
2009-12-14,12:22:00,0.322,0.100,245.190,1.400,0.000,1.000,0.0
2009-12-14,12:23:00,0.328,0.100,244.940,1.400,0.000,2.000,1.0
2009-12-14,12:24:00,0.324,0.096,243.510,1.400,0.000,1.000,1.0
2009-12-14,12:25:00,0.316,0.094,243.370,1.200,0.000,1.000,0.0
2009-12-14,12:26:00,0.368,0.144,243.390,1.600,0.000,1.000,1.0
2009-12-14,12:27:00,0.390,0.196,242.410,1.800,0.000,2.000,1.0
2009-12-14,12:28:00,0.390,0.198,242.850,1.800,0.000,1.000,0.0
2009-12-14,12:29:00,0.392,0.200,243.160,1.800,0.000,1.000,1.0
2009-12-14,12:30:00,0.392,0.202,243.980,1.800,0.000,1.000,1.0
2009-12-14,12:31:00,0.390,0.204,244.170,1.800,0.000,2.000,0.0
2009-12-14,12:32:00,0.388,0.204,244.480,1.800,0.000,1.000,1.0
2009-12-14,12:33:00,0.386,0.202,244.120,1.800,0.000,1.000,1.0
2009-12-14,12:34:00,0.388,0.208,245.110,1.800,0.000,1.000,0.0
2009-12-14,12:35:00,0.356,0.154,245.100,1.600,0.000,1.000,1.0
2009-12-14,12:36:00,0.314,0.082,245.180,1.200,0.000,0.000,1.0
2009-12-14,12:37:00,0.314,0.084,245.880,1.200,0.000,0.000,0.0
2009-12-14,12:38:00,0.290,0.000,246.710,1.200,0.000,0.000,1.0
2009-12-14,12:39:00,0.256,0.000,247.660,1.000,0.000,0.000,1.0
2009-12-14,12:40:00,0.250,0.000,247.590,1.000,0.000,0.000,0.0
2009-12-14,12:41:00,0.246,0.000,247.030,1.000,0.000,0.000,1.0
2009-12-14,12:42:00,0.330,0.068,245.780,1.400,0.000,0.000,1.0
2009-12-14,12:43:00,0.356,0.116,246.040,1.400,0.000,0.000,0.0
2009-12-14,12:44:00,0.352,0.116,246.040,1.400,0.000,0.000,1.0
2009-12-14,12:45:00,0.354,0.120,247.110,1.400,0.000,0.000,1.0
2009-12-14,12:46:00,0.352,0.120,247.170,1.400,0.000,0.000,0.0
2009-12-14,12:47:00,0.346,0.114,245.320,1.400,0.000,0.000,1.0
2009-12-14,12:48:00,0.344,0.112,244.890,1.400,0.000,0.000,1.0
2009-12-14,12:49:00,0.344,0.114,245.270,1.400,0.000,0.000,0.0
2009-12-14,12:50:00,0.344,0.116,245.740,1.400,0.000,0.000,1.0
2009-12-14,12:51:00,0.344,0.118,246.000,1.400,0.000,0.000,1.0
2009-12-14,12:52:00,0.344,0.120,246.290,1.400,0.000,0.000,0.0
2009-12-14,12:53:00,0.350,0.120,246.200,1.400,0.000,0.000,1.0
2009-12-14,12:54:00,0.348,0.118,245.960,1.400,0.000,0.000,1.0
2009-12-14,12:55:00,0.348,0.118,245.510,1.400,0.000,0.000,0.0
2009-12-14,12:56:00,0.348,0.120,246.130,1.400,0.000,0.000,1.0
2009-12-14,12:57:00,0.338,0.116,245.620,1.400,0.000,0.000,1.0
2009-12-14,12:58:00,0.274,0.000,244.940,1.200,0.000,0.000,1.0
2009-12-14,12:59:00,0.244,0.000,245.510,1.000,0.000,0.000,0.0
2009-12-14,13:00:00,0.244,0.000,245.830,1.000,0.000,0.000,1.0
2009-12-14,13:01:00,0.244,0.000,245.990,1.000,0.000,0.000,1.0
2009-12-14,13:02:00,0.244,0.000,245.570,1.000,0.000,0.000,0.0
2009-12-14,13:03:00,0.244,0.000,245.980,1.000,0.000,0.000,1.0
2009-12-14,13:04:00,0.246,0.000,246.600,1.000,0.000,0.000,1.0
2009-12-14,13:05:00,0.244,0.000,245.810,1.000,0.000,0.000,0.0
2009-12-14,13:06:00,0.242,0.000,245.420,1.000,0.000,0.000,1.0
2009-12-14,13:07:00,0.244,0.000,246.130,1.000,0.000,0.000,1.0
2009-12-14,13:08:00,0.252,0.000,246.250,1.000,0.000,0.000,0.0
2009-12-14,13:09:00,0.254,0.000,246.880,1.000,0.000,0.000,1.0
2009-12-14,13:10:00,0.252,0.000,246.590,1.000,0.000,0.000,1.0
2009-12-14,13:11:00,0.252,0.000,247.080,1.000,0.000,0.000,0.0
2009-12-14,13:12:00,0.252,0.000,246.650,1.000,0.000,0.000,1.0
2009-12-14,13:13:00,0.252,0.000,246.180,1.000,0.000,0.000,1.0
2009-12-14,13:14:00,0.244,0.000,245.650,1.000,0.000,0.000,0.0
2009-12-14,13:15:00,0.244,0.000,245.900,1.000,0.000,0.000,1.0
2009-12-14,13:16:00,0.244,0.000,245.870,1.000,0.000,0.000,1.0
2009-12-14,13:17:00,0.244,0.000,246.300,1.000,0.000,0.000,0.0
2009-12-14,13:18:00,0.264,0.000,246.630,1.200,0.000,0.000,1.0
2009-12-14,13:19:00,0.324,0.086,246.350,1.200,0.000,0.000,1.0
2009-12-14,13:20:00,0.322,0.082,245.610,1.200,0.000,0.000,0.0
2009-12-14,13:21:00,0.322,0.082,245.440,1.200,0.000,0.000,1.0
2009-12-14,13:22:00,0.322,0.086,246.260,1.200,0.000,0.000,1.0
2009-12-14,13:23:00,0.330,0.088,247.080,1.400,0.000,0.000,1.0
2009-12-14,13:24:00,0.328,0.086,246.590,1.400,0.000,0.000,0.0
2009-12-14,13:25:00,0.324,0.084,245.870,1.400,0.000,0.000,1.0
2009-12-14,13:26:00,0.412,0.182,246.130,1.800,0.000,0.000,1.0
2009-12-14,13:27:00,0.434,0.226,245.670,2.000,0.000,0.000,0.0
2009-12-14,13:28:00,0.428,0.226,245.770,2.000,0.000,0.000,1.0
2009-12-14,13:29:00,0.428,0.228,246.250,1.800,0.000,0.000,1.0
2009-12-14,13:30:00,0.422,0.224,247.170,1.800,0.000,0.000,0.0
2009-12-14,13:31:00,0.348,0.118,246.210,1.400,0.000,0.000,1.0
2009-12-14,13:32:00,0.344,0.116,245.900,1.400,0.000,0.000,1.0
2009-12-14,13:33:00,0.344,0.118,246.050,1.400,0.000,0.000,0.0
2009-12-14,13:34:00,0.344,0.118,246.220,1.400,0.000,0.000,1.0
2009-12-14,13:35:00,0.342,0.118,246.110,1.400,0.000,0.000,1.0
2009-12-14,13:36:00,0.340,0.116,245.490,1.400,0.000,0.000,0.0
2009-12-14,13:37:00,0.340,0.114,245.310,1.400,0.000,0.000,1.0
2009-12-14,13:38:00,0.342,0.112,244.420,1.400,0.000,0.000,1.0
2009-12-14,13:39:00,0.344,0.112,244.420,1.400,0.000,0.000,0.0
2009-12-14,13:40:00,0.344,0.114,244.950,1.400,0.000,0.000,1.0
2009-12-14,13:41:00,0.346,0.116,245.850,1.400,0.000,0.000,1.0
2009-12-14,13:42:00,0.280,0.000,246.190,1.200,0.000,0.000,0.0
2009-12-14,13:43:00,0.252,0.000,246.720,1.000,0.000,0.000,1.0
2009-12-14,13:44:00,0.252,0.000,246.760,1.000,0.000,0.000,1.0
2009-12-14,13:45:00,0.252,0.000,246.640,1.000,0.000,0.000,0.0
2009-12-14,13:46:00,0.250,0.000,246.670,1.000,0.000,0.000,1.0
2009-12-14,13:47:00,0.244,0.000,246.950,1.000,0.000,0.000,1.0
2009-12-14,13:48:00,0.246,0.000,247.580,1.000,0.000,0.000,1.0
2009-12-14,13:49:00,0.246,0.000,247.580,1.000,0.000,0.000,0.0
2009-12-14,13:50:00,0.244,0.000,246.850,1.000,0.000,0.000,1.0
2009-12-14,13:51:00,0.244,0.000,246.150,1.000,0.000,0.000,1.0
2009-12-14,13:52:00,0.242,0.000,245.510,1.000,0.000,0.000,0.0
2009-12-14,13:53:00,0.248,0.000,245.020,1.000,0.000,0.000,1.0
2009-12-14,13:54:00,0.250,0.000,245.900,1.000,0.000,0.000,1.0
2009-12-14,13:55:00,0.250,0.000,246.040,1.000,0.000,0.000,0.0
2009-12-14,13:56:00,0.250,0.000,246.200,1.000,0.000,0.000,1.0
2009-12-14,13:57:00,0.250,0.000,245.410,1.000,0.000,0.000,1.0
2009-12-14,13:58:00,0.250,0.000,245.750,1.000,0.000,0.000,0.0
2009-12-14,13:59:00,0.250,0.000,245.970,1.000,0.000,0.000,1.0
2009-12-14,14:00:00,0.248,0.000,245.550,1.000,0.000,0.000,1.0
2009-12-14,14:01:00,0.240,0.000,244.660,1.000,0.000,0.000,0.0
2009-12-14,14:02:00,0.238,0.000,243.830,1.000,0.000,0.000,1.0
2009-12-14,14:03:00,0.242,0.000,245.690,1.000,0.000,0.000,1.0
2009-12-14,14:04:00,0.242,0.000,245.810,1.000,0.000,0.000,0.0
2009-12-14,14:05:00,0.242,0.000,245.890,1.000,0.000,0.000,1.0
2009-12-14,14:06:00,0.246,0.000,247.050,1.000,0.000,0.000,1.0
2009-12-14,14:07:00,0.246,0.000,247.750,1.000,0.000,0.000,0.0
2009-12-14,14:08:00,0.252,0.000,246.690,1.000,0.000,0.000,1.0
2009-12-14,14:09:00,0.252,0.000,246.920,1.000,0.000,0.000,1.0
2009-12-14,14:10:00,0.372,0.116,246.060,1.600,0.000,0.000,1.0
2009-12-14,14:11:00,0.418,0.176,246.410,1.800,0.000,0.000,0.0
2009-12-14,14:12:00,0.440,0.234,247.770,2.000,0.000,0.000,1.0
2009-12-14,14:13:00,0.440,0.234,247.880,2.000,0.000,0.000,1.0
2009-12-14,14:14:00,0.434,0.234,247.800,2.000,0.000,0.000,0.0
2009-12-14,14:15:00,0.428,0.234,247.930,1.800,0.000,0.000,1.0
2009-12-14,14:16:00,0.422,0.230,246.990,1.800,0.000,0.000,1.0
2009-12-14,14:17:00,0.420,0.230,247.030,1.800,0.000,0.000,0.0
2009-12-14,14:18:00,0.420,0.234,248.020,1.800,0.000,0.000,1.0
2009-12-14,14:19:00,0.420,0.236,248.210,1.800,0.000,0.000,1.0
2009-12-14,14:20:00,0.418,0.234,248.010,1.800,0.000,0.000,0.0
2009-12-14,14:21:00,0.418,0.236,248.340,1.800,0.000,0.000,1.0
2009-12-14,14:22:00,0.416,0.236,248.000,1.800,0.000,0.000,1.0
2009-12-14,14:23:00,0.420,0.234,247.600,1.800,0.000,0.000,0.0
2009-12-14,14:24:00,0.380,0.168,247.110,1.600,0.000,0.000,1.0
2009-12-14,14:25:00,0.350,0.124,247.850,1.400,0.000,0.000,1.0
2009-12-14,14:26:00,0.266,0.000,248.760,1.000,0.000,0.000,1.0
2009-12-14,14:27:00,0.250,0.000,248.530,1.000,0.000,0.000,0.0
2009-12-14,14:28:00,0.248,0.000,248.930,1.000,0.000,0.000,1.0
2009-12-14,14:29:00,0.248,0.000,248.800,1.000,0.000,0.000,1.0
2009-12-14,14:30:00,0.248,0.000,248.400,1.000,0.000,0.000,0.0
2009-12-14,14:31:00,0.246,0.000,247.500,1.000,0.000,0.000,1.0
2009-12-14,14:32:00,0.248,0.000,248.660,1.000,0.000,0.000,1.0
2009-12-14,14:33:00,0.250,0.000,249.380,1.000,0.000,0.000,0.0
2009-12-14,14:34:00,0.250,0.000,249.280,1.000,0.000,0.000,1.0
2009-12-14,14:35:00,0.248,0.000,248.930,1.000,0.000,0.000,1.0
2009-12-14,14:36:00,0.248,0.000,248.360,1.000,0.000,0.000,0.0
2009-12-14,14:37:00,0.246,0.000,247.730,1.000,0.000,0.000,1.0
2009-12-14,14:38:00,0.252,0.000,247.490,1.000,0.000,0.000,1.0
2009-12-14,14:39:00,0.254,0.000,247.640,1.000,0.000,0.000,1.0
2009-12-14,14:40:00,0.254,0.000,247.830,1.000,0.000,0.000,0.0
2009-12-14,14:41:00,0.250,0.000,248.740,1.000,0.000,0.000,1.0
2009-12-14,14:42:00,0.246,0.000,247.860,1.000,0.000,0.000,1.0
2009-12-14,14:43:00,0.248,0.000,248.570,1.000,0.000,0.000,0.0
2009-12-14,14:44:00,0.248,0.000,248.260,1.000,0.000,0.000,1.0
2009-12-14,14:45:00,0.248,0.000,248.200,1.000,0.000,0.000,1.0
2009-12-14,14:46:00,0.248,0.000,247.900,1.000,0.000,0.000,0.0
2009-12-14,14:47:00,0.248,0.000,248.810,1.000,0.000,0.000,1.0
2009-12-14,14:48:00,0.248,0.000,249.060,1.000,0.000,0.000,1.0
2009-12-14,14:49:00,0.248,0.000,249.070,1.000,0.000,0.000,0.0
2009-12-14,14:50:00,0.250,0.000,249.330,1.000,0.000,0.000,1.0
2009-12-14,14:51:00,0.252,0.000,250.070,1.000,0.000,0.000,1.0
2009-12-14,14:52:00,0.252,0.000,250.450,1.000,0.000,0.000,1.0
2009-12-14,14:53:00,0.306,0.000,249.890,1.400,0.000,0.000,0.0
2009-12-14,14:54:00,0.368,0.126,248.600,1.600,0.000,0.000,1.0
2009-12-14,14:55:00,0.366,0.128,249.040,1.400,0.000,0.000,1.0
2009-12-14,14:56:00,0.366,0.132,249.820,1.400,0.000,0.000,0.0
2009-12-14,14:57:00,0.364,0.130,249.680,1.400,0.000,0.000,1.0
2009-12-14,14:58:00,0.356,0.130,249.780,1.400,0.000,0.000,1.0
2009-12-14,14:59:00,0.356,0.134,250.330,1.400,0.000,0.000,0.0
2009-12-14,15:00:00,0.354,0.132,250.280,1.400,0.000,0.000,1.0
2009-12-14,15:01:00,0.350,0.130,249.430,1.400,0.000,0.000,1.0
2009-12-14,15:02:00,0.348,0.128,248.980,1.400,0.000,0.000,1.0
2009-12-14,15:03:00,0.364,0.136,249.270,1.600,0.000,0.000,0.0
2009-12-14,15:04:00,0.434,0.264,249.310,2.000,0.000,0.000,1.0
2009-12-14,15:05:00,0.516,0.360,250.000,2.600,0.000,2.000,1.0
2009-12-14,15:06:00,0.514,0.388,251.100,2.400,0.000,1.000,0.0
2009-12-14,15:07:00,0.512,0.382,250.370,2.400,0.000,2.000,1.0
2009-12-14,15:08:00,0.514,0.376,249.260,2.400,0.000,1.000,1.0
2009-12-14,15:09:00,0.484,0.328,248.790,2.200,0.000,1.000,0.0
2009-12-14,15:10:00,0.480,0.224,248.810,2.200,0.000,2.000,1.0
2009-12-14,15:11:00,0.724,0.224,249.300,3.000,0.000,1.000,1.0
2009-12-14,15:12:00,0.740,0.218,248.460,3.000,0.000,2.000,1.0
2009-12-14,15:13:00,0.734,0.218,248.160,3.000,0.000,1.000,0.0
2009-12-14,15:14:00,0.732,0.218,248.270,3.000,0.000,2.000,1.0
2009-12-14,15:15:00,0.728,0.214,247.520,3.000,0.000,1.000,1.0
2009-12-14,15:16:00,0.730,0.212,247.360,3.000,0.000,1.000,0.0
2009-12-14,15:17:00,0.716,0.194,247.630,3.000,0.000,2.000,1.0
2009-12-14,15:18:00,0.658,0.108,249.020,2.600,0.000,1.000,1.0
2009-12-14,15:19:00,0.656,0.108,249.170,2.600,0.000,2.000,0.0
2009-12-14,15:20:00,0.654,0.106,248.720,2.600,0.000,1.000,1.0
2009-12-14,15:21:00,0.650,0.106,248.330,2.600,0.000,1.000,1.0
2009-12-14,15:22:00,0.650,0.104,248.160,2.600,0.000,2.000,0.0
2009-12-14,15:23:00,0.650,0.100,246.840,2.600,0.000,1.000,1.0
2009-12-14,15:24:00,0.654,0.102,247.280,2.600,0.000,1.000,1.0
2009-12-14,15:25:00,0.660,0.110,249.000,2.600,0.000,1.000,1.0
2009-12-14,15:26:00,0.664,0.112,250.110,2.600,0.000,2.000,0.0
2009-12-14,15:27:00,0.658,0.110,249.150,2.600,0.000,1.000,1.0
2009-12-14,15:28:00,0.656,0.108,248.710,2.600,0.000,1.000,1.0
2009-12-14,15:29:00,0.658,0.112,249.570,2.600,0.000,2.000,0.0
2009-12-14,15:30:00,0.658,0.112,249.820,2.600,0.000,1.000,1.0
2009-12-14,15:31:00,0.656,0.110,249.340,2.600,0.000,1.000,1.0
2009-12-14,15:32:00,0.656,0.110,249.530,2.600,0.000,1.000,0.0
2009-12-14,15:33:00,0.654,0.110,249.280,2.600,0.000,2.000,1.0
2009-12-14,15:34:00,0.648,0.096,249.280,2.600,0.000,1.000,1.0
2009-12-14,15:35:00,0.576,0.000,248.910,2.200,0.000,0.000,1.0
2009-12-14,15:36:00,0.574,0.000,249.020,2.200,0.000,0.000,0.0
2009-12-14,15:37:00,0.654,0.066,248.810,2.600,0.000,0.000,1.0
2009-12-14,15:38:00,0.708,0.122,249.310,2.800,0.000,0.000,1.0
2009-12-14,15:39:00,0.706,0.122,249.490,2.800,0.000,0.000,0.0
2009-12-14,15:40:00,0.694,0.122,248.790,2.800,0.000,0.000,1.0
2009-12-14,15:41:00,0.688,0.122,248.770,2.800,0.000,0.000,1.0
2009-12-14,15:42:00,0.680,0.120,247.820,2.800,0.000,0.000,0.0
2009-12-14,15:43:00,0.682,0.122,248.550,2.800,0.000,0.000,1.0
2009-12-14,15:44:00,0.682,0.124,248.780,2.800,0.000,0.000,1.0
2009-12-14,15:45:00,0.674,0.118,247.350,2.800,0.000,0.000,0.0
2009-12-14,15:46:00,0.670,0.114,246.510,2.600,0.000,0.000,1.0
2009-12-14,15:47:00,0.668,0.114,246.320,2.600,0.000,0.000,1.0
2009-12-14,15:48:00,0.668,0.112,246.190,2.600,0.000,0.000,1.0
2009-12-14,15:49:00,0.670,0.116,246.860,2.600,0.000,0.000,0.0
2009-12-14,15:50:00,0.672,0.118,247.740,2.600,0.000,0.000,1.0
2009-12-14,15:51:00,0.666,0.118,247.680,2.600,0.000,0.000,1.0
2009-12-14,15:52:00,0.664,0.118,247.500,2.600,0.000,0.000,0.0
2009-12-14,15:53:00,0.616,0.000,247.340,2.400,0.000,0.000,1.0
2009-12-14,15:54:00,0.580,0.000,247.950,2.200,0.000,0.000,1.0
2009-12-14,15:55:00,0.580,0.000,248.660,2.200,0.000,0.000,0.0
2009-12-14,15:56:00,0.582,0.000,248.960,2.200,0.000,0.000,1.0
2009-12-14,15:57:00,0.580,0.000,248.060,2.200,0.000,0.000,1.0
2009-12-14,15:58:00,0.598,0.000,247.480,2.400,0.000,0.000,0.0
2009-12-14,15:59:00,0.630,0.084,247.230,2.400,0.000,0.000,1.0
2009-12-14,16:00:00,0.630,0.084,247.200,2.400,0.000,0.000,1.0
2009-12-14,16:01:00,0.628,0.082,246.710,2.400,0.000,0.000,0.0
2009-12-14,16:02:00,0.628,0.084,247.310,2.400,0.000,0.000,1.0
2009-12-14,16:03:00,0.628,0.084,247.330,2.400,0.000,0.000,1.0
2009-12-14,16:04:00,0.626,0.082,246.950,2.400,0.000,0.000,1.0
2009-12-14,16:05:00,0.618,0.084,247.080,2.400,0.000,0.000,0.0
2009-12-14,16:06:00,0.618,0.086,247.430,2.400,0.000,0.000,1.0
2009-12-14,16:07:00,0.660,0.084,247.340,2.600,0.000,0.000,1.0
2009-12-14,16:08:00,0.682,0.082,246.490,2.800,0.000,0.000,0.0
2009-12-14,16:09:00,0.680,0.080,246.340,2.800,0.000,0.000,1.0
2009-12-14,16:10:00,0.682,0.082,246.790,2.800,0.000,0.000,1.0
2009-12-14,16:11:00,0.654,0.000,246.950,2.600,0.000,0.000,0.0
2009-12-14,16:12:00,0.614,0.000,247.110,2.400,0.000,0.000,1.0
2009-12-14,16:13:00,0.616,0.000,247.500,2.400,0.000,0.000,1.0
2009-12-14,16:14:00,0.612,0.000,247.680,2.400,0.000,0.000,0.0
2009-12-14,16:15:00,0.608,0.000,247.360,2.400,0.000,0.000,1.0
2009-12-14,16:16:00,0.616,0.000,248.040,2.400,0.000,0.000,1.0
2009-12-14,16:17:00,0.616,0.000,248.410,2.400,0.000,0.000,0.0
2009-12-14,16:18:00,0.612,0.000,248.210,2.400,0.000,0.000,1.0
2009-12-14,16:19:00,0.612,0.000,248.360,2.400,0.000,0.000,1.0
2009-12-14,16:20:00,0.614,0.000,248.490,2.400,0.000,0.000,1.0
2009-12-14,16:21:00,0.726,0.108,248.360,3.000,0.000,0.000,0.0
2009-12-14,16:22:00,0.722,0.120,248.020,2.800,0.000,0.000,1.0
2009-12-14,16:23:00,0.726,0.122,248.440,2.800,0.000,0.000,1.0
2009-12-14,16:24:00,0.720,0.118,247.070,2.800,0.000,0.000,0.0
2009-12-14,16:25:00,0.720,0.120,247.440,2.800,0.000,0.000,1.0
2009-12-14,16:26:00,0.720,0.122,247.850,2.800,0.000,0.000,1.0
2009-12-14,16:27:00,0.720,0.122,247.990,2.800,0.000,0.000,0.0
2009-12-14,16:28:00,0.722,0.126,248.800,2.800,0.000,0.000,1.0
2009-12-14,16:29:00,0.718,0.128,249.440,2.800,0.000,0.000,1.0
2009-12-14,16:30:00,0.716,0.128,249.780,2.800,0.000,0.000,0.0
2009-12-14,16:31:00,0.716,0.128,249.750,2.800,0.000,0.000,1.0
2009-12-14,16:32:00,0.714,0.128,249.370,2.800,0.000,0.000,1.0
2009-12-14,16:33:00,0.712,0.126,248.930,2.800,0.000,0.000,1.0
2009-12-14,16:34:00,0.708,0.124,248.280,2.800,0.000,0.000,0.0
2009-12-14,16:35:00,0.708,0.124,248.400,2.800,0.000,0.000,1.0
2009-12-14,16:36:00,0.708,0.124,248.560,2.800,0.000,0.000,1.0
2009-12-14,16:37:00,0.650,0.000,247.850,2.600,0.000,0.000,0.0
2009-12-14,16:38:00,0.618,0.000,248.120,2.400,0.000,0.000,1.0
2009-12-14,16:39:00,0.618,0.000,247.720,2.400,0.000,0.000,1.0
2009-12-14,16:40:00,0.620,0.000,248.430,2.400,0.000,0.000,0.0
2009-12-14,16:41:00,0.620,0.000,248.660,2.400,0.000,0.000,1.0
2009-12-14,16:42:00,0.612,0.000,248.270,2.400,0.000,0.000,1.0
2009-12-14,16:43:00,0.614,0.000,248.640,2.400,0.000,0.000,1.0
2009-12-14,16:44:00,0.616,0.000,249.160,2.400,0.000,0.000,0.0
2009-12-14,16:45:00,0.854,0.052,248.610,3.600,0.000,0.000,1.0
2009-12-14,16:46:00,1.082,0.120,247.970,4.400,0.000,0.000,1.0
2009-12-14,16:47:00,1.080,0.120,247.720,4.400,0.000,0.000,0.0
2009-12-14,16:48:00,1.078,0.118,247.560,4.400,0.000,0.000,1.0
2009-12-14,16:49:00,1.082,0.120,247.940,4.400,0.000,0.000,1.0
2009-12-14,16:50:00,1.084,0.120,248.290,4.400,0.000,0.000,0.0
2009-12-14,16:51:00,1.146,0.168,249.020,4.600,0.000,0.000,1.0
2009-12-14,16:52:00,1.170,0.234,248.630,4.800,0.000,0.000,1.0
2009-12-14,16:53:00,1.152,0.224,246.470,4.800,0.000,0.000,0.0
2009-12-14,16:54:00,1.012,0.178,245.010,4.200,0.000,0.000,1.0
2009-12-14,16:55:00,0.674,0.076,244.920,2.600,0.000,0.000,1.0
2009-12-14,16:56:00,0.668,0.072,243.950,2.600,0.000,0.000,0.0
2009-12-14,16:57:00,0.668,0.072,244.100,2.600,0.000,0.000,1.0
2009-12-14,16:58:00,0.666,0.074,244.130,2.600,0.000,0.000,1.0
2009-12-14,16:59:00,0.668,0.076,244.680,2.600,0.000,0.000,0.0
2009-12-14,17:00:00,0.672,0.078,245.710,2.600,0.000,0.000,1.0
2009-12-14,17:01:00,0.672,0.078,245.920,2.600,0.000,0.000,1.0
2009-12-14,17:02:00,0.668,0.076,245.050,2.600,0.000,0.000,1.0
2009-12-14,17:03:00,0.666,0.074,244.500,2.600,0.000,0.000,0.0
2009-12-14,17:04:00,0.612,0.000,243.900,2.400,0.000,0.000,1.0
2009-12-14,17:05:00,0.702,0.088,243.290,2.800,0.000,0.000,1.0
2009-12-14,17:06:00,0.712,0.106,244.010,2.800,0.000,0.000,0.0
2009-12-14,17:07:00,0.712,0.110,245.150,2.800,0.000,0.000,1.0
2009-12-14,17:08:00,0.706,0.110,245.230,2.800,0.000,0.000,1.0
2009-12-14,17:09:00,0.698,0.108,244.500,2.800,0.000,0.000,0.0
2009-12-14,17:10:00,0.696,0.106,244.130,2.800,0.000,0.000,1.0
2009-12-14,17:11:00,0.694,0.106,243.690,2.800,0.000,0.000,1.0
2009-12-14,17:12:00,0.694,0.106,244.300,2.800,0.000,0.000,0.0
2009-12-14,17:13:00,0.690,0.104,243.640,2.800,0.000,0.000,1.0
2009-12-14,17:14:00,0.690,0.104,243.600,2.800,0.000,0.000,1.0
2009-12-14,17:15:00,0.686,0.102,243.100,2.800,0.000,0.000,0.0
2009-12-14,17:16:00,0.686,0.102,243.070,2.800,0.000,0.000,1.0
2009-12-14,17:17:00,0.686,0.104,243.420,2.800,0.000,0.000,1.0
2009-12-14,17:18:00,0.686,0.104,243.310,2.800,0.000,0.000,0.0
2009-12-14,17:19:00,0.684,0.102,243.070,2.800,0.000,0.000,1.0
2009-12-14,17:20:00,0.686,0.104,243.320,2.800,0.000,0.000,1.0
2009-12-14,17:21:00,0.628,0.000,243.790,2.600,0.000,0.000,0.0
2009-12-14,17:22:00,0.602,0.000,243.760,2.400,0.000,0.000,1.0
2009-12-14,17:23:00,0.604,0.000,244.410,2.400,0.000,0.000,1.0
2009-12-14,17:24:00,0.602,0.000,243.920,2.400,0.000,0.000,0.0
2009-12-14,17:25:00,0.594,0.000,243.270,2.400,0.000,0.000,1.0
2009-12-14,17:26:00,0.592,0.000,243.400,2.400,0.000,0.000,1.0
2009-12-14,17:27:00,0.592,0.000,243.430,2.400,0.000,0.000,0.0
2009-12-14,17:28:00,0.590,0.000,242.750,2.400,0.000,0.000,1.0
2009-12-14,17:29:00,0.588,0.000,242.370,2.400,0.000,0.000,1.0
2009-12-14,17:30:00,0.592,0.000,242.940,2.400,0.000,0.000,0.0
2009-12-14,17:31:00,0.590,0.000,242.520,2.400,0.000,0.000,1.0
2009-12-14,17:32:00,0.624,0.000,243.430,2.600,0.000,0.000,1.0
2009-12-14,17:33:00,1.366,0.000,244.520,5.600,0.000,0.000,0.0
2009-12-14,17:34:00,1.478,0.000,244.240,6.200,0.000,0.000,1.0
2009-12-14,17:35:00,1.298,0.000,244.180,5.200,0.000,0.000,1.0
2009-12-14,17:36:00,1.312,0.000,245.040,5.200,0.000,0.000,0.0
2009-12-14,17:37:00,1.796,0.000,244.750,8.200,0.000,0.000,3.0
2009-12-14,17:38:00,4.002,0.000,242.600,16.400,0.000,0.000,19.0
2009-12-14,17:39:00,4.000,0.000,242.130,16.400,0.000,0.000,20.0
2009-12-14,17:40:00,3.962,0.000,243.430,16.200,0.000,0.000,19.0
2009-12-14,17:41:00,3.946,0.000,243.250,16.200,0.000,0.000,19.0
2009-12-14,17:42:00,3.922,0.000,242.620,16.000,0.000,0.000,19.0
2009-12-14,17:43:00,3.912,0.000,242.400,16.000,0.000,0.000,18.0
2009-12-14,17:44:00,3.970,0.000,242.640,16.200,0.000,0.000,19.0
2009-12-14,17:45:00,3.990,0.068,242.840,16.400,0.000,0.000,19.0
2009-12-14,17:46:00,3.982,0.066,242.610,16.400,0.000,0.000,19.0
2009-12-14,17:47:00,3.990,0.068,242.900,16.400,0.000,0.000,18.0
2009-12-14,17:48:00,4.006,0.084,242.680,16.400,0.000,0.000,19.0
2009-12-14,17:49:00,4.084,0.202,242.490,16.800,0.000,0.000,19.0
2009-12-14,17:50:00,4.086,0.204,242.720,16.800,0.000,0.000,19.0
2009-12-14,17:51:00,4.100,0.206,243.040,16.800,0.000,0.000,18.0
2009-12-14,17:52:00,4.064,0.202,241.960,16.800,0.000,0.000,19.0
2009-12-14,17:53:00,4.054,0.200,241.720,16.800,0.000,0.000,19.0
2009-12-14,17:54:00,4.052,0.200,241.740,16.600,0.000,0.000,18.0
2009-12-14,17:55:00,4.058,0.202,242.000,16.600,0.000,0.000,19.0
2009-12-14,17:56:00,4.050,0.200,241.780,16.600,0.000,0.000,18.0
2009-12-14,17:57:00,3.984,0.116,241.420,16.400,0.000,0.000,19.0
2009-12-14,17:58:00,3.972,0.094,241.490,16.400,0.000,0.000,18.0
2009-12-14,17:59:00,3.988,0.096,242.080,16.400,0.000,0.000,19.0
2009-12-14,18:00:00,3.984,0.096,241.990,16.400,0.000,0.000,19.0
2009-12-14,18:01:00,4.004,0.098,242.640,16.400,0.000,0.000,18.0
2009-12-14,18:02:00,4.002,0.098,242.820,16.400,0.000,0.000,19.0
2009-12-14,18:03:00,4.012,0.100,243.210,16.400,0.000,0.000,19.0
2009-12-14,18:04:00,4.068,0.178,242.860,16.600,0.000,0.000,19.0
2009-12-14,18:05:00,3.984,0.086,242.600,16.400,0.000,1.000,18.0
2009-12-14,18:06:00,3.976,0.084,242.150,16.400,0.000,1.000,19.0
2009-12-14,18:07:00,4.390,0.242,241.050,18.200,0.000,2.000,26.0
2009-12-14,18:08:00,4.484,0.260,240.860,18.600,0.000,1.000,27.0
2009-12-14,18:09:00,4.546,0.270,241.950,18.800,0.000,1.000,28.0
2009-12-14,18:10:00,3.320,0.278,244.330,13.600,0.000,2.000,29.0
2009-12-14,18:11:00,3.274,0.278,244.290,13.400,0.000,1.000,29.0
2009-12-14,18:12:00,2.722,0.098,244.210,11.000,0.000,2.000,21.0
2009-12-14,18:13:00,2.648,0.076,243.700,10.800,0.000,1.000,19.0
2009-12-14,18:14:00,2.654,0.076,244.030,10.800,0.000,1.000,18.0
2009-12-14,18:15:00,2.654,0.076,244.030,10.800,0.000,2.000,19.0
2009-12-14,18:16:00,2.656,0.078,244.230,10.800,0.000,1.000,19.0
2009-12-14,18:17:00,2.662,0.078,244.630,10.800,0.000,2.000,19.0
2009-12-14,18:18:00,2.658,0.078,244.670,10.800,0.000,1.000,19.0
2009-12-14,18:19:00,3.690,0.068,243.440,15.200,0.000,1.000,19.0
2009-12-14,18:20:00,3.976,0.066,243.310,16.200,0.000,2.000,19.0
2009-12-14,18:21:00,2.864,0.074,243.730,11.800,0.000,1.000,19.0
2009-12-14,18:22:00,2.472,0.078,243.770,10.000,0.000,1.000,19.0
2009-12-14,18:23:00,2.486,0.080,244.600,10.000,0.000,2.000,19.0
2009-12-14,18:24:00,2.584,0.114,244.750,10.600,0.000,1.000,19.0
2009-12-14,18:25:00,2.840,0.228,244.860,11.600,0.000,1.000,19.0
2009-12-14,18:26:00,2.576,0.228,244.190,10.600,0.000,2.000,19.0
2009-12-14,18:27:00,2.744,0.224,244.030,11.200,0.000,1.000,19.0
2009-12-14,18:28:00,2.656,0.222,243.260,10.800,0.000,1.000,18.0
2009-12-14,18:29:00,2.862,0.222,243.610,11.800,0.000,1.000,19.0
2009-12-14,18:30:00,2.852,0.252,244.570,11.600,0.000,2.000,19.0
2009-12-14,18:31:00,2.814,0.242,244.590,11.600,0.000,2.000,19.0
2009-12-14,18:32:00,3.480,0.248,243.710,14.800,0.000,8.000,19.0
2009-12-14,18:33:00,5.466,0.322,241.400,22.600,0.000,41.000,19.0
2009-12-14,18:34:00,5.516,0.324,241.460,22.800,0.000,40.000,18.0
2009-12-14,18:35:00,5.542,0.324,241.180,23.000,0.000,40.000,19.0
2009-12-14,18:36:00,5.550,0.374,241.060,23.000,0.000,40.000,18.0
2009-12-14,18:37:00,5.458,0.304,240.120,22.600,0.000,39.000,18.0
2009-12-14,18:38:00,5.464,0.302,240.040,22.800,0.000,39.000,19.0
2009-12-14,18:39:00,5.466,0.300,239.780,22.800,0.000,39.000,18.0
2009-12-14,18:40:00,5.480,0.302,240.330,22.800,0.000,39.000,18.0
2009-12-14,18:41:00,5.470,0.300,240.100,22.800,0.000,39.000,19.0
2009-12-14,18:42:00,6.008,0.442,238.300,25.400,0.000,38.000,18.0
2009-12-14,18:43:00,6.690,0.596,237.580,28.200,0.000,39.000,18.0
2009-12-14,18:44:00,6.642,0.540,237.370,28.000,0.000,38.000,18.0
2009-12-14,18:45:00,5.140,0.344,239.490,22.000,0.000,33.000,18.0
2009-12-14,18:46:00,2.984,0.308,242.840,12.200,0.000,2.000,19.0
2009-12-14,18:47:00,3.002,0.314,243.800,12.400,0.000,1.000,18.0
2009-12-14,18:48:00,2.952,0.342,243.150,12.200,0.000,1.000,19.0
2009-12-14,18:49:00,2.958,0.360,244.060,12.200,0.000,1.000,19.0
2009-12-14,18:50:00,2.950,0.352,244.320,12.200,0.000,1.000,19.0
2009-12-14,18:51:00,2.938,0.286,242.660,12.200,0.000,1.000,19.0
2009-12-14,18:52:00,2.916,0.208,241.930,12.000,0.000,1.000,18.0
2009-12-14,18:53:00,2.922,0.210,242.200,12.000,0.000,2.000,19.0
2009-12-14,18:54:00,2.930,0.228,243.060,12.000,0.000,2.000,19.0
2009-12-14,18:55:00,2.876,0.250,242.240,11.800,0.000,1.000,18.0
2009-12-14,18:56:00,2.858,0.234,243.060,11.800,0.000,1.000,19.0
2009-12-14,18:57:00,2.752,0.080,242.990,11.200,0.000,0.000,19.0
2009-12-14,18:58:00,2.816,0.078,243.340,11.600,0.000,1.000,19.0
2009-12-14,18:59:00,2.804,0.072,242.720,11.600,0.000,2.000,18.0
2009-12-14,19:00:00,2.804,0.078,242.310,11.600,0.000,1.000,19.0
2009-12-14,19:01:00,2.666,0.000,242.280,11.000,0.000,2.000,19.0
2009-12-14,19:02:00,2.704,0.000,244.230,11.000,0.000,1.000,19.0
2009-12-14,19:03:00,2.650,0.000,243.490,10.800,0.000,1.000,19.0
2009-12-14,19:04:00,2.868,0.000,243.320,11.800,0.000,4.000,18.0
2009-12-14,19:05:00,2.902,0.000,242.070,12.000,0.000,5.000,19.0
2009-12-14,19:06:00,2.920,0.000,243.510,12.000,0.000,6.000,19.0
2009-12-14,19:07:00,2.942,0.000,244.800,12.000,0.000,5.000,19.0
2009-12-14,19:08:00,2.828,0.000,244.260,11.600,0.000,3.000,19.0
2009-12-14,19:09:00,2.628,0.000,243.880,10.600,0.000,0.000,19.0
2009-12-14,19:10:00,2.568,0.050,241.900,10.600,0.000,0.000,18.0
2009-12-14,19:11:00,2.448,0.000,243.630,10.200,0.000,0.000,19.0
2009-12-14,19:12:00,4.168,0.326,242.730,17.200,0.000,0.000,19.0
2009-12-14,19:13:00,2.764,0.000,244.810,11.400,0.000,0.000,19.0
2009-12-14,19:14:00,3.830,0.256,244.300,16.000,0.000,0.000,19.0
2009-12-14,19:15:00,3.546,0.108,243.640,15.000,0.000,0.000,19.0
2009-12-14,19:16:00,2.516,0.090,245.430,10.200,0.000,0.000,19.0
2009-12-14,19:17:00,2.832,0.000,244.940,11.800,0.000,0.000,19.0
2009-12-14,19:18:00,4.102,0.210,242.740,17.000,0.000,0.000,19.0
2009-12-14,19:19:00,3.666,0.128,242.610,15.400,0.000,0.000,18.0
2009-12-14,19:20:00,2.564,0.064,243.080,10.600,0.000,0.000,19.0
2009-12-14,19:21:00,3.732,0.240,244.380,15.400,0.000,0.000,19.0
2009-12-14,19:22:00,2.916,0.052,245.960,12.200,0.000,0.000,19.0
2009-12-14,19:23:00,2.368,0.048,245.210,9.600,0.000,0.000,19.0
2009-12-14,19:24:00,2.424,0.000,244.130,9.800,0.000,0.000,19.0
2009-12-14,19:25:00,2.340,0.000,243.200,9.600,0.000,0.000,19.0
2009-12-14,19:26:00,2.350,0.000,243.900,9.600,0.000,0.000,19.0
2009-12-14,19:27:00,2.356,0.000,244.460,9.600,0.000,0.000,19.0
2009-12-14,19:28:00,2.354,0.000,244.500,9.600,0.000,0.000,19.0
2009-12-14,19:29:00,2.392,0.066,244.930,9.800,0.000,0.000,19.0
2009-12-14,19:30:00,2.426,0.148,244.410,9.800,0.000,0.000,19.0
2009-12-14,19:31:00,2.430,0.150,244.770,9.800,0.000,0.000,19.0
2009-12-14,19:32:00,2.420,0.148,244.240,9.800,0.000,0.000,19.0
2009-12-14,19:33:00,2.414,0.148,244.130,9.800,0.000,0.000,19.0
2009-12-14,19:34:00,2.412,0.148,244.040,9.800,0.000,0.000,19.0
2009-12-14,19:35:00,2.418,0.150,244.460,9.800,0.000,0.000,19.0
2009-12-14,19:36:00,2.440,0.156,245.920,9.800,0.000,0.000,19.0
2009-12-14,19:37:00,2.410,0.148,244.210,9.800,0.000,0.000,19.0
2009-12-14,19:38:00,2.404,0.148,244.060,9.800,0.000,0.000,19.0
2009-12-14,19:39:00,2.434,0.156,245.840,9.800,0.000,0.000,19.0
2009-12-14,19:40:00,2.440,0.158,246.310,9.800,0.000,0.000,19.0
2009-12-14,19:41:00,2.382,0.060,246.870,9.600,0.000,0.000,20.0
2009-12-14,19:42:00,3.234,0.200,245.750,13.600,0.000,0.000,19.0
2009-12-14,19:43:00,3.406,0.174,245.330,14.400,0.000,0.000,19.0
2009-12-14,19:44:00,2.276,0.092,246.220,9.200,0.000,0.000,19.0
2009-12-14,19:45:00,2.244,0.096,244.350,9.200,0.000,0.000,19.0
2009-12-14,19:46:00,2.268,0.092,245.800,9.200,0.000,0.000,19.0
2009-12-14,19:47:00,2.278,0.090,246.410,9.200,0.000,0.000,20.0
2009-12-14,19:48:00,2.272,0.092,246.130,9.200,0.000,0.000,19.0
2009-12-14,19:49:00,2.268,0.092,245.920,9.200,0.000,0.000,19.0
2009-12-14,19:50:00,2.280,0.090,246.580,9.200,0.000,0.000,19.0
2009-12-14,19:51:00,2.282,0.090,246.690,9.200,0.000,0.000,20.0
2009-12-14,19:52:00,2.260,0.090,245.300,9.200,0.000,0.000,19.0
2009-12-14,19:53:00,2.284,0.088,246.890,9.200,0.000,0.000,19.0
2009-12-14,19:54:00,2.290,0.088,247.220,9.200,0.000,0.000,19.0
2009-12-14,19:55:00,2.280,0.090,246.690,9.200,0.000,0.000,20.0
2009-12-14,19:56:00,2.284,0.088,246.940,9.200,0.000,0.000,19.0
2009-12-14,19:57:00,2.270,0.090,246.080,9.200,0.000,0.000,19.0
2009-12-14,19:58:00,2.276,0.090,246.400,9.200,0.000,0.000,20.0
2009-12-14,19:59:00,2.284,0.090,246.970,9.200,0.000,0.000,19.0
2009-12-14,20:00:00,2.296,0.088,247.690,9.200,0.000,0.000,19.0
2009-12-14,20:01:00,2.296,0.088,247.700,9.200,0.000,0.000,20.0
2009-12-14,20:02:00,2.290,0.090,247.350,9.200,0.000,0.000,19.0
2009-12-14,20:03:00,2.290,0.088,247.400,9.200,0.000,0.000,20.0
2009-12-14,20:04:00,2.702,0.094,246.600,11.200,0.000,0.000,19.0
2009-12-14,20:05:00,3.178,0.090,246.270,13.200,0.000,0.000,19.0
2009-12-14,20:06:00,3.284,0.054,247.370,13.600,0.000,0.000,20.0
2009-12-14,20:07:00,3.190,0.068,244.600,13.200,0.000,0.000,19.0
2009-12-14,20:08:00,2.510,0.048,244.770,10.400,0.000,0.000,19.0
2009-12-14,20:09:00,2.392,0.046,244.500,9.800,0.000,0.000,19.0
2009-12-14,20:10:00,2.474,0.046,245.220,10.000,0.000,0.000,19.0
2009-12-14,20:11:00,2.392,0.046,244.870,9.800,0.000,0.000,19.0
2009-12-14,20:12:00,2.354,0.048,245.170,9.600,0.000,0.000,19.0
2009-12-14,20:13:00,2.356,0.048,245.530,9.600,0.000,0.000,19.0
2009-12-14,20:14:00,2.356,0.048,245.590,9.600,0.000,0.000,19.0
2009-12-14,20:15:00,2.338,0.046,244.560,9.400,0.000,0.000,19.0
2009-12-14,20:16:00,2.346,0.048,245.010,9.600,0.000,0.000,19.0
2009-12-14,20:17:00,2.344,0.046,244.790,9.600,0.000,0.000,19.0
2009-12-14,20:18:00,2.354,0.048,245.200,9.600,0.000,0.000,19.0
2009-12-14,20:19:00,2.474,0.048,245.550,10.000,0.000,0.000,20.0
2009-12-14,20:20:00,2.660,0.046,245.850,10.800,0.000,0.000,19.0
2009-12-14,20:21:00,2.652,0.046,245.340,10.800,0.000,0.000,19.0
2009-12-14,20:22:00,2.668,0.058,244.910,10.800,0.000,0.000,19.0
2009-12-14,20:23:00,2.718,0.150,244.880,11.000,0.000,0.000,19.0
2009-12-14,20:24:00,2.710,0.126,245.440,11.000,0.000,0.000,19.0
2009-12-14,20:25:00,2.638,0.000,245.570,10.600,0.000,0.000,19.0
2009-12-14,20:26:00,2.628,0.000,245.050,10.600,0.000,0.000,19.0
2009-12-14,20:27:00,2.614,0.000,244.310,10.600,0.000,0.000,19.0
2009-12-14,20:28:00,2.630,0.000,245.300,10.600,0.000,0.000,19.0
2009-12-14,20:29:00,2.632,0.000,245.530,10.600,0.000,0.000,19.0
2009-12-14,20:30:00,2.640,0.000,246.020,10.600,0.000,0.000,20.0
2009-12-14,20:31:00,2.644,0.000,246.370,10.600,0.000,0.000,19.0
2009-12-14,20:32:00,2.640,0.000,246.080,10.600,0.000,0.000,19.0
2009-12-14,20:33:00,2.630,0.000,245.650,10.600,0.000,0.000,19.0
2009-12-14,20:34:00,2.622,0.000,245.150,10.600,0.000,0.000,19.0
2009-12-14,20:35:00,2.584,0.062,245.750,10.400,0.000,0.000,20.0
2009-12-14,20:36:00,2.560,0.096,245.510,10.400,0.000,0.000,19.0
2009-12-14,20:37:00,2.560,0.096,245.570,10.400,0.000,0.000,19.0
2009-12-14,20:38:00,2.530,0.098,244.060,10.400,0.000,0.000,19.0
2009-12-14,20:39:00,2.516,0.098,243.440,10.200,0.000,0.000,19.0
2009-12-14,20:40:00,2.498,0.100,242.400,10.200,0.000,0.000,18.0
2009-12-14,20:41:00,2.492,0.100,242.080,10.200,0.000,0.000,19.0
2009-12-14,20:42:00,2.476,0.102,241.210,10.200,0.000,0.000,18.0
2009-12-14,20:43:00,2.498,0.100,242.360,10.200,0.000,0.000,19.0
2009-12-14,20:44:00,2.504,0.100,242.600,10.200,0.000,0.000,19.0
2009-12-14,20:45:00,2.512,0.098,242.730,10.200,0.000,0.000,18.0
2009-12-14,20:46:00,2.516,0.098,242.960,10.200,0.000,0.000,19.0
2009-12-14,20:47:00,2.520,0.098,243.210,10.200,0.000,0.000,19.0
2009-12-14,20:48:00,2.526,0.096,243.620,10.400,0.000,0.000,19.0
2009-12-14,20:49:00,2.536,0.096,244.140,10.400,0.000,0.000,19.0
2009-12-14,20:50:00,2.546,0.094,244.770,10.400,0.000,0.000,19.0
2009-12-14,20:51:00,2.546,0.094,244.810,10.400,0.000,0.000,19.0
2009-12-14,20:52:00,2.598,0.000,243.990,10.600,0.000,0.000,19.0
2009-12-14,20:53:00,2.628,0.000,243.620,10.800,0.000,0.000,19.0
2009-12-14,20:54:00,2.618,0.000,243.220,10.600,0.000,0.000,18.0
2009-12-14,20:55:00,2.624,0.000,243.710,10.600,0.000,0.000,19.0
2009-12-14,20:56:00,2.630,0.000,244.070,10.800,0.000,0.000,19.0
2009-12-14,20:57:00,2.618,0.000,243.550,10.600,0.000,0.000,19.0
2009-12-14,20:58:00,2.608,0.000,243.040,10.600,0.000,0.000,19.0
2009-12-14,20:59:00,2.596,0.000,242.200,10.600,0.000,0.000,18.0
2009-12-14,21:00:00,2.600,0.000,242.230,10.600,0.000,0.000,19.0
2009-12-14,21:01:00,2.586,0.000,241.580,10.600,0.000,0.000,19.0
2009-12-14,21:02:00,2.590,0.000,241.820,10.600,0.000,0.000,18.0
2009-12-14,21:03:00,2.614,0.000,243.030,10.600,0.000,0.000,19.0
2009-12-14,21:04:00,2.604,0.000,242.850,10.600,0.000,0.000,19.0
2009-12-14,21:05:00,2.684,0.138,243.220,11.000,0.000,1.000,18.0
2009-12-14,21:06:00,2.678,0.162,242.710,11.000,0.000,1.000,19.0
2009-12-14,21:07:00,2.686,0.166,243.290,11.000,0.000,2.000,19.0
2009-12-14,21:08:00,2.690,0.166,243.470,11.000,0.000,1.000,19.0
2009-12-14,21:09:00,2.660,0.092,244.670,10.800,0.000,1.000,19.0
2009-12-14,21:10:00,2.618,0.000,244.550,10.600,0.000,2.000,19.0
2009-12-14,21:11:00,2.636,0.000,245.540,10.600,0.000,1.000,19.0
2009-12-14,21:12:00,2.628,0.000,245.080,10.600,0.000,2.000,19.0
2009-12-14,21:13:00,2.686,0.086,245.220,11.000,0.000,1.000,19.0
2009-12-14,21:14:00,2.718,0.180,245.280,11.000,1.000,2.000,19.0
2009-12-14,21:15:00,2.784,0.178,245.560,11.200,1.000,1.000,19.0
2009-12-14,21:16:00,3.872,0.218,244.780,16.400,1.000,23.000,19.0
2009-12-14,21:17:00,4.698,0.212,244.190,19.200,2.000,39.000,19.0
2009-12-14,21:18:00,4.162,0.208,244.360,17.400,1.000,29.000,19.0
2009-12-14,21:19:00,4.664,0.206,243.340,19.000,1.000,38.000,19.0
2009-12-14,21:20:00,4.158,0.208,244.400,17.400,1.000,30.000,19.0
2009-12-14,21:21:00,4.684,0.212,244.120,19.200,2.000,38.000,19.0
2009-12-14,21:22:00,4.496,0.220,244.820,18.400,1.000,36.000,19.0
2009-12-14,21:23:00,3.508,0.230,245.580,14.200,1.000,18.000,19.0
2009-12-14,21:24:00,4.640,0.204,242.710,19.000,1.000,37.000,19.0
2009-12-14,21:25:00,3.660,0.216,243.120,15.200,1.000,23.000,19.0
2009-12-14,21:26:00,4.186,0.186,241.980,17.400,2.000,30.000,18.0
2009-12-14,21:27:00,3.686,0.102,241.940,15.400,1.000,24.000,19.0
2009-12-14,21:28:00,4.006,0.098,242.040,16.600,1.000,28.000,18.0
2009-12-14,21:29:00,3.652,0.106,242.780,15.200,1.000,23.000,19.0
2009-12-14,21:30:00,4.026,0.106,241.960,16.800,2.000,29.000,19.0
2009-12-14,21:31:00,2.560,0.172,242.490,11.000,1.000,14.000,18.0
2009-12-14,21:32:00,3.290,0.328,241.260,13.800,1.000,9.000,19.0
2009-12-14,21:33:00,4.086,0.294,240.550,17.200,1.000,22.000,18.0
2009-12-14,21:34:00,5.276,0.268,239.190,22.200,2.000,37.000,18.0
2009-12-14,21:35:00,6.186,0.266,239.210,25.800,39.000,18.000,19.0
2009-12-14,21:36:00,6.974,0.316,238.230,29.400,37.000,31.000,18.0
2009-12-14,21:37:00,6.180,0.400,238.690,25.800,38.000,17.000,18.0
2009-12-14,21:38:00,6.832,0.356,238.110,28.800,38.000,29.000,18.0
2009-12-14,21:39:00,5.418,0.296,240.300,22.600,38.000,4.000,18.0
2009-12-14,21:40:00,6.012,0.282,239.790,25.000,38.000,14.000,18.0
2009-12-14,21:41:00,6.920,0.292,239.280,29.000,38.000,29.000,19.0
2009-12-14,21:42:00,6.236,0.210,240.150,26.200,38.000,20.000,18.0
2009-12-14,21:43:00,5.150,0.174,241.800,21.200,39.000,5.000,18.0
2009-12-14,21:44:00,5.690,0.156,241.040,23.600,38.000,16.000,19.0
2009-12-14,21:45:00,6.814,0.150,239.570,28.400,38.000,35.000,18.0
2009-12-14,21:46:00,5.794,0.148,239.990,24.200,38.000,20.000,18.0
2009-12-14,21:47:00,5.088,0.166,241.010,21.400,18.000,28.000,19.0
2009-12-14,21:48:00,2.874,0.184,243.630,11.800,1.000,7.000,19.0
2009-12-14,21:49:00,3.212,0.192,243.450,13.200,1.000,11.000,19.0
2009-12-14,21:50:00,4.044,0.168,242.350,16.800,2.000,25.000,18.0
2009-12-14,21:51:00,4.046,0.180,242.040,17.000,1.000,27.000,19.0
2009-12-14,21:52:00,2.752,0.182,242.970,11.200,1.000,3.000,19.0
2009-12-14,21:53:00,3.434,0.098,241.530,14.200,1.000,16.000,18.0
2009-12-14,21:54:00,4.382,0.000,241.170,18.200,2.000,31.000,19.0
2009-12-14,21:55:00,3.398,0.060,243.410,14.200,1.000,17.000,18.0
2009-12-14,21:56:00,2.896,0.050,244.170,11.800,1.000,7.000,19.0
2009-12-14,21:57:00,3.610,0.058,243.320,14.800,1.000,18.000,19.0
2009-12-14,21:58:00,4.634,0.000,242.210,19.000,1.000,36.000,19.0
2009-12-14,21:59:00,2.928,0.066,243.810,12.000,2.000,9.000,19.0
2009-12-14,22:00:00,3.090,0.000,243.750,12.800,1.000,10.000,18.0
2009-12-14,22:01:00,3.916,0.056,243.310,16.200,1.000,23.000,19.0
2009-12-14,22:02:00,4.356,0.000,243.210,18.000,1.000,32.000,19.0
2009-12-14,22:03:00,2.782,0.078,245.300,11.400,1.000,5.000,19.0
2009-12-14,22:04:00,3.398,0.154,244.610,13.800,2.000,13.000,19.0
2009-12-14,22:05:00,4.320,0.164,243.900,17.800,1.000,28.000,19.0
2009-12-14,22:06:00,3.818,0.146,244.220,16.000,1.000,22.000,19.0
2009-12-14,22:07:00,2.898,0.182,245.560,11.800,1.000,5.000,19.0
2009-12-14,22:08:00,3.458,0.162,246.010,14.000,2.000,17.000,19.0
2009-12-14,22:09:00,4.490,0.170,245.140,18.200,1.000,36.000,19.0
2009-12-14,22:10:00,2.762,0.172,246.570,11.200,1.000,8.000,20.0
2009-12-14,22:11:00,2.954,0.188,246.230,12.000,1.000,10.000,19.0
2009-12-14,22:12:00,3.752,0.150,244.670,15.400,1.000,24.000,19.0
2009-12-14,22:13:00,3.888,0.164,243.610,16.200,2.000,28.000,19.0
2009-12-14,22:14:00,2.492,0.164,245.320,10.200,1.000,3.000,19.0
2009-12-14,22:15:00,3.250,0.174,244.630,13.200,1.000,16.000,19.0
2009-12-14,22:16:00,4.178,0.072,243.580,17.200,1.000,31.000,19.0
2009-12-14,22:17:00,3.060,0.070,244.590,12.800,1.000,16.000,19.0
2009-12-14,22:18:00,2.400,0.050,244.970,9.800,2.000,3.000,19.0
2009-12-14,22:19:00,2.404,0.068,244.370,9.800,1.000,3.000,19.0
2009-12-14,22:20:00,2.470,0.108,245.370,10.000,1.000,3.000,19.0
2009-12-14,22:21:00,2.546,0.216,245.720,10.400,1.000,4.000,19.0
2009-12-14,22:22:00,2.520,0.190,245.850,10.200,2.000,3.000,19.0
2009-12-14,22:23:00,2.548,0.220,245.580,10.400,1.000,3.000,19.0
2009-12-14,22:24:00,2.508,0.188,245.710,10.200,1.000,3.000,19.0
2009-12-14,22:25:00,2.536,0.216,245.250,10.400,1.000,3.000,20.0
2009-12-14,22:26:00,2.338,0.132,245.230,9.400,2.000,1.000,19.0
2009-12-14,22:27:00,2.348,0.136,245.630,9.600,1.000,0.000,19.0
2009-12-14,22:28:00,2.336,0.134,246.230,9.400,1.000,0.000,19.0
2009-12-14,22:29:00,2.346,0.140,245.410,9.600,1.000,0.000,19.0
2009-12-14,22:30:00,2.320,0.132,245.260,9.400,2.000,0.000,19.0
2009-12-14,22:31:00,2.350,0.138,246.140,9.400,1.000,1.000,19.0
2009-12-14,22:32:00,2.330,0.134,246.260,9.400,1.000,0.000,20.0
2009-12-14,22:33:00,2.354,0.142,246.600,9.400,1.000,0.000,19.0
2009-12-14,22:34:00,2.242,0.136,246.890,9.200,2.000,0.000,18.0
2009-12-14,22:35:00,1.244,0.156,248.130,5.000,1.000,0.000,1.0
2009-12-14,22:36:00,1.216,0.150,248.180,4.800,1.000,0.000,1.0
2009-12-14,22:37:00,1.180,0.072,249.520,4.800,1.000,0.000,1.0
2009-12-14,22:38:00,1.062,0.058,249.610,4.200,2.000,0.000,0.0
2009-12-14,22:39:00,1.042,0.076,249.260,4.200,1.000,1.000,1.0
2009-12-14,22:40:00,1.014,0.068,249.420,4.000,0.000,0.000,1.0
2009-12-14,22:41:00,1.066,0.062,250.200,4.200,1.000,0.000,0.0
2009-12-14,22:42:00,1.070,0.046,249.880,4.200,2.000,0.000,1.0
2009-12-14,22:43:00,1.086,0.048,249.960,4.200,1.000,0.000,1.0
2009-12-14,22:44:00,1.052,0.000,250.310,4.200,1.000,0.000,0.0
2009-12-14,22:45:00,1.006,0.048,250.890,4.000,1.000,1.000,1.0
2009-12-14,22:46:00,1.286,0.000,250.590,5.200,2.000,0.000,1.0
2009-12-14,22:47:00,1.504,0.048,250.930,6.200,1.000,0.000,1.0
2009-12-14,22:48:00,0.614,0.050,251.140,2.400,1.000,0.000,0.0
2009-12-14,22:49:00,0.462,0.096,251.650,1.800,1.000,0.000,1.0
2009-12-14,22:50:00,0.454,0.082,250.450,1.800,1.000,0.000,1.0
2009-12-14,22:51:00,0.418,0.076,249.080,1.800,0.000,1.000,0.0
2009-12-14,22:52:00,0.490,0.050,248.540,2.400,2.000,0.000,1.0
2009-12-14,22:53:00,2.772,0.000,245.870,11.200,39.000,0.000,1.0
2009-12-14,22:54:00,2.820,0.098,245.620,11.400,40.000,0.000,0.0
2009-12-14,22:55:00,2.840,0.128,245.890,11.400,39.000,0.000,1.0
2009-12-14,22:56:00,2.834,0.124,246.080,11.400,40.000,0.000,1.0
2009-12-14,22:57:00,2.826,0.124,246.040,11.400,40.000,1.000,0.0
2009-12-14,22:58:00,2.838,0.130,246.340,11.400,40.000,0.000,1.0
2009-12-14,22:59:00,2.828,0.124,246.680,11.400,40.000,0.000,1.0
2009-12-14,23:00:00,2.860,0.134,247.240,11.600,40.000,0.000,1.0
2009-12-14,23:01:00,2.836,0.128,247.230,11.400,40.000,0.000,0.0
2009-12-14,23:02:00,2.850,0.136,247.420,11.400,40.000,0.000,1.0
2009-12-14,23:03:00,2.816,0.126,246.820,11.400,40.000,0.000,1.0
2009-12-14,23:04:00,2.886,0.188,246.780,11.600,39.000,1.000,0.0
2009-12-14,23:05:00,2.414,0.278,247.640,10.400,33.000,0.000,1.0
2009-12-14,23:06:00,0.560,0.300,249.660,2.600,0.000,0.000,1.0
2009-12-14,23:07:00,0.472,0.182,249.750,2.000,0.000,0.000,0.0
2009-12-14,23:08:00,0.488,0.188,249.500,2.000,0.000,0.000,1.0
2009-12-14,23:09:00,0.484,0.220,249.460,2.000,1.000,0.000,1.0
2009-12-14,23:10:00,0.488,0.208,249.460,2.000,0.000,1.000,0.0
2009-12-14,23:11:00,0.434,0.160,249.310,1.800,0.000,0.000,1.0
2009-12-14,23:12:00,0.446,0.150,249.570,1.800,0.000,0.000,1.0
2009-12-14,23:13:00,0.426,0.144,249.680,1.800,0.000,0.000,1.0
2009-12-14,23:14:00,0.442,0.148,249.410,1.800,0.000,0.000,0.0
2009-12-14,23:15:00,0.410,0.146,249.830,1.800,0.000,0.000,1.0
2009-12-14,23:16:00,0.430,0.152,249.780,1.800,0.000,0.000,1.0
2009-12-14,23:17:00,0.416,0.148,250.360,1.800,0.000,0.000,0.0
2009-12-14,23:18:00,0.436,0.156,250.540,1.800,0.000,1.000,1.0
2009-12-14,23:19:00,0.426,0.150,250.730,1.800,0.000,0.000,1.0
2009-12-14,23:20:00,0.444,0.154,250.480,1.800,0.000,0.000,0.0
2009-12-14,23:21:00,0.388,0.090,250.310,1.600,0.000,0.000,1.0
2009-12-14,23:22:00,0.346,0.000,250.120,1.400,0.000,0.000,1.0
2009-12-14,23:23:00,0.324,0.000,249.620,1.400,0.000,0.000,1.0
2009-12-14,23:24:00,0.342,0.000,250.110,1.400,0.000,1.000,0.0
2009-12-14,23:25:00,0.420,0.054,250.340,1.800,0.000,1.000,1.0
2009-12-14,23:26:00,0.520,0.086,250.140,2.000,0.000,3.000,1.0
2009-12-14,23:27:00,0.526,0.100,250.000,2.200,0.000,4.000,0.0
2009-12-14,23:28:00,0.520,0.088,250.670,2.000,0.000,3.000,1.0
2009-12-14,23:29:00,0.532,0.108,251.470,2.200,0.000,3.000,1.0
2009-12-14,23:30:00,0.522,0.088,250.660,2.000,0.000,4.000,1.0
2009-12-14,23:31:00,0.530,0.102,250.080,2.200,0.000,3.000,0.0
2009-12-14,23:32:00,0.522,0.086,250.370,2.000,0.000,3.000,1.0
2009-12-14,23:33:00,0.442,0.052,250.490,1.800,0.000,3.000,1.0
2009-12-14,23:34:00,0.328,0.000,250.810,1.400,0.000,0.000,0.0
2009-12-14,23:35:00,0.344,0.000,250.460,1.400,0.000,0.000,1.0
2009-12-14,23:36:00,0.424,0.134,249.950,1.800,0.000,1.000,1.0
2009-12-14,23:37:00,0.430,0.144,250.260,1.800,0.000,2.000,0.0
2009-12-14,23:38:00,0.412,0.140,251.210,1.800,0.000,2.000,1.0
2009-12-14,23:39:00,0.432,0.150,250.940,1.800,0.000,1.000,1.0
2009-12-14,23:40:00,0.456,0.194,250.830,2.000,0.000,2.000,1.0
2009-12-14,23:41:00,0.432,0.146,251.200,1.800,0.000,2.000,0.0
2009-12-14,23:42:00,0.416,0.140,251.210,1.800,0.000,1.000,1.0
2009-12-14,23:43:00,0.432,0.144,250.850,1.800,0.000,2.000,1.0
2009-12-14,23:44:00,0.436,0.146,251.080,2.000,0.000,1.000,0.0
2009-12-14,23:45:00,0.724,0.360,250.720,3.400,0.000,2.000,4.0
2009-12-14,23:46:00,1.064,0.506,250.540,4.600,0.000,1.000,11.0
2009-12-14,23:47:00,1.110,0.510,250.600,4.800,0.000,2.000,10.0
2009-12-14,23:48:00,1.114,0.496,250.250,4.800,0.000,2.000,12.0
2009-12-14,23:49:00,1.186,0.620,250.240,5.400,0.000,1.000,10.0
2009-12-14,23:50:00,0.608,0.410,251.670,2.800,0.000,2.000,1.0
2009-12-14,23:51:00,0.600,0.412,251.560,2.800,0.000,1.000,1.0
2009-12-14,23:52:00,0.606,0.416,251.600,2.800,0.000,2.000,0.0
2009-12-14,23:53:00,0.584,0.408,251.490,2.800,0.000,1.000,1.0
2009-12-14,23:54:00,0.600,0.414,251.360,2.800,0.000,2.000,1.0
2009-12-14,23:55:00,0.580,0.406,251.340,2.800,0.000,1.000,0.0
2009-12-14,23:56:00,0.594,0.410,251.020,2.800,0.000,2.000,1.0
2009-12-14,23:57:00,0.526,0.330,251.510,2.400,0.000,1.000,1.0
2009-12-14,23:58:00,0.522,0.300,251.470,2.400,0.000,2.000,0.0
2009-12-14,23:59:00,0.502,0.292,251.370,2.200,0.000,1.000,1.0
