Date,Time,Global_active_power,Global_reactive_power,Voltage,Global_intensity,Sub_metering_1,Sub_metering_2,Sub_metering_3
2010-01-01,00:00:00,1.790,0.236,240.650,7.400,0.000,0.000,18.0
2010-01-01,00:01:00,1.780,0.234,240.070,7.400,0.000,0.000,18.0
2010-01-01,00:02:00,1.780,0.234,240.150,7.400,0.000,0.000,19.0
2010-01-01,00:03:00,1.746,0.186,240.260,7.200,0.000,0.000,18.0
2010-01-01,00:04:00,1.686,0.102,240.120,7.000,0.000,0.000,18.0
2010-01-01,00:05:00,1.686,0.100,240.100,7.000,0.000,0.000,19.0
2010-01-01,00:06:00,1.680,0.100,239.720,7.000,0.000,0.000,18.0
2010-01-01,00:07:00,1.688,0.102,240.340,7.000,0.000,0.000,18.0
2010-01-01,00:08:00,1.676,0.072,241.000,6.800,0.000,0.000,19.0
2010-01-01,00:09:00,1.624,0.000,240.570,6.600,0.000,0.000,18.0
2010-01-01,00:10:00,1.622,0.000,240.480,6.600,0.000,0.000,19.0
2010-01-01,00:11:00,1.618,0.000,240.110,6.600,0.000,0.000,18.0
2010-01-01,00:12:00,1.612,0.000,239.720,6.600,0.000,0.000,18.0
2010-01-01,00:13:00,1.618,0.000,240.090,6.600,0.000,0.000,18.0
2010-01-01,00:14:00,1.622,0.000,240.380,6.600,0.000,0.000,19.0
2010-01-01,00:15:00,1.622,0.000,240.400,6.600,0.000,0.000,18.0
2010-01-01,00:16:00,1.620,0.000,240.340,6.600,0.000,0.000,18.0
2010-01-01,00:17:00,1.620,0.000,240.340,6.600,0.000,0.000,19.0
2010-01-01,00:18:00,1.622,0.000,240.440,6.600,0.000,0.000,18.0
2010-01-01,00:19:00,1.618,0.000,240.200,6.600,0.000,0.000,18.0
2010-01-01,00:20:00,1.618,0.000,240.100,6.600,0.000,0.000,19.0
2010-01-01,00:21:00,1.626,0.000,240.850,6.600,0.000,0.000,18.0
2010-01-01,00:22:00,1.634,0.000,241.350,6.600,0.000,0.000,19.0
2010-01-01,00:23:00,1.628,0.000,240.910,6.600,0.000,0.000,18.0
2010-01-01,00:24:00,1.616,0.000,239.930,6.600,0.000,0.000,18.0
2010-01-01,00:25:00,1.606,0.000,239.080,6.600,0.000,0.000,19.0
2010-01-01,00:26:00,1.218,0.000,239.940,5.400,0.000,0.000,12.0
2010-01-01,00:27:00,0.554,0.000,240.540,2.200,0.000,0.000,1.0
2010-01-01,00:28:00,0.554,0.000,240.350,2.200,0.000,0.000,0.0
2010-01-01,00:29:00,0.558,0.000,241.670,2.200,0.000,0.000,1.0
2010-01-01,00:30:00,0.664,0.128,241.860,2.800,0.000,0.000,1.0
2010-01-01,00:31:00,0.666,0.148,241.940,2.800,0.000,0.000,0.0
2010-01-01,00:32:00,0.660,0.146,241.410,2.800,0.000,0.000,1.0
2010-01-01,00:33:00,0.662,0.148,241.860,2.800,0.000,0.000,1.0
2010-01-01,00:34:00,0.662,0.150,242.300,2.800,0.000,0.000,0.0
2010-01-01,00:35:00,0.660,0.150,242.250,2.800,0.000,0.000,1.0
2010-01-01,00:36:00,0.658,0.148,241.840,2.800,0.000,0.000,1.0
2010-01-01,00:37:00,0.658,0.152,242.540,2.800,0.000,0.000,0.0
2010-01-01,00:38:00,0.660,0.152,242.760,2.800,0.000,0.000,1.0
2010-01-01,00:39:00,0.660,0.154,242.970,2.800,0.000,0.000,1.0
2010-01-01,00:40:00,0.656,0.152,242.580,2.800,0.000,0.000,0.0
2010-01-01,00:41:00,0.656,0.152,242.650,2.800,0.000,0.000,1.0
2010-01-01,00:42:00,0.654,0.150,242.260,2.800,0.000,0.000,1.0
2010-01-01,00:43:00,0.652,0.148,241.880,2.800,0.000,0.000,0.0
2010-01-01,00:44:00,0.656,0.152,242.720,2.800,0.000,0.000,1.0
2010-01-01,00:45:00,0.654,0.150,242.580,2.800,0.000,0.000,0.0
2010-01-01,00:46:00,0.654,0.152,242.720,2.800,0.000,0.000,1.0
2010-01-01,00:47:00,0.602,0.074,242.230,2.400,0.000,0.000,1.0
2010-01-01,00:48:00,0.560,0.000,241.900,2.200,0.000,0.000,0.0
2010-01-01,00:49:00,0.560,0.000,242.140,2.200,0.000,0.000,1.0
2010-01-01,00:50:00,0.588,0.000,242.330,2.400,0.000,0.000,1.0
2010-01-01,00:51:00,0.636,0.118,241.980,2.600,0.000,0.000,0.0
2010-01-01,00:52:00,0.638,0.122,242.640,2.600,0.000,0.000,1.0
2010-01-01,00:53:00,0.638,0.122,242.610,2.600,0.000,0.000,1.0
2010-01-01,00:54:00,0.638,0.122,242.670,2.600,0.000,0.000,0.0
2010-01-01,00:55:00,0.636,0.120,242.230,2.600,0.000,0.000,1.0
2010-01-01,00:56:00,0.634,0.120,242.540,2.600,0.000,0.000,1.0
2010-01-01,00:57:00,0.630,0.118,241.750,2.600,0.000,0.000,0.0
2010-01-01,00:58:00,0.630,0.118,241.770,2.600,0.000,0.000,1.0
2010-01-01,00:59:00,0.628,0.118,241.890,2.600,0.000,0.000,1.0
2010-01-01,01:00:00,0.628,0.118,242.080,2.600,0.000,0.000,0.0
2010-01-01,01:01:00,0.630,0.120,242.390,2.600,0.000,0.000,1.0
2010-01-01,01:02:00,0.626,0.114,242.510,2.600,0.000,0.000,1.0
2010-01-01,01:03:00,0.562,0.000,242.530,2.200,0.000,0.000,0.0
2010-01-01,01:04:00,0.562,0.000,242.350,2.200,0.000,0.000,1.0
2010-01-01,01:05:00,0.560,0.000,242.340,2.200,0.000,0.000,1.0
2010-01-01,01:06:00,0.564,0.000,242.920,2.200,0.000,0.000,0.0
2010-01-01,01:07:00,0.564,0.000,243.160,2.200,0.000,0.000,1.0
2010-01-01,01:08:00,0.658,0.138,242.730,2.800,0.000,0.000,1.0
2010-01-01,01:09:00,0.644,0.138,242.510,2.600,0.000,2.000,0.0
2010-01-01,01:10:00,0.640,0.136,241.980,2.600,0.000,1.000,1.0
2010-01-01,01:11:00,0.642,0.136,242.240,2.600,0.000,2.000,1.0
2010-01-01,01:12:00,0.644,0.138,242.670,2.600,0.000,1.000,0.0
2010-01-01,01:13:00,0.646,0.140,242.970,2.600,0.000,1.000,1.0
2010-01-01,01:14:00,0.646,0.140,242.930,2.600,0.000,2.000,1.0
2010-01-01,01:15:00,0.760,0.270,242.010,3.400,0.000,1.000,0.0
2010-01-01,01:16:00,0.746,0.268,241.380,3.200,0.000,2.000,1.0
2010-01-01,01:17:00,0.740,0.264,240.730,3.200,0.000,1.000,1.0
2010-01-01,01:18:00,0.738,0.264,240.740,3.200,0.000,1.000,0.0
2010-01-01,01:19:00,0.738,0.266,241.080,3.200,0.000,2.000,1.0
2010-01-01,01:20:00,0.738,0.268,241.230,3.200,0.000,1.000,1.0
2010-01-01,01:21:00,0.734,0.266,240.790,3.200,0.000,2.000,0.0
2010-01-01,01:22:00,0.734,0.268,241.150,3.200,0.000,1.000,1.0
2010-01-01,01:23:00,0.730,0.266,240.790,3.200,0.000,1.000,1.0
2010-01-01,01:24:00,0.726,0.264,240.510,3.200,0.000,2.000,0.0
2010-01-01,01:25:00,0.720,0.258,239.430,3.200,0.000,1.000,1.0
2010-01-01,01:26:00,0.720,0.258,239.490,3.200,0.000,1.000,0.0
2010-01-01,01:27:00,0.720,0.260,240.080,3.200,0.000,1.000,1.0
2010-01-01,01:28:00,0.722,0.264,240.570,3.200,0.000,2.000,1.0
2010-01-01,01:29:00,0.722,0.266,240.990,3.200,0.000,1.000,0.0
2010-01-01,01:30:00,0.724,0.272,241.720,3.200,0.000,1.000,1.0
2010-01-01,01:31:00,0.706,0.246,241.610,3.000,0.000,2.000,1.0
2010-01-01,01:32:00,0.632,0.134,241.460,2.600,0.000,1.000,0.0
2010-01-01,01:33:00,0.630,0.132,241.240,2.600,0.000,1.000,1.0
2010-01-01,01:34:00,0.628,0.132,241.000,2.600,0.000,1.000,1.0
2010-01-01,01:35:00,0.626,0.130,240.560,2.600,0.000,1.000,0.0
2010-01-01,01:36:00,0.628,0.130,240.850,2.600,0.000,2.000,1.0
2010-01-01,01:37:00,0.628,0.132,241.310,2.600,0.000,1.000,1.0
2010-01-01,01:38:00,0.632,0.136,242.050,2.600,0.000,1.000,0.0
2010-01-01,01:39:00,0.630,0.136,241.870,2.600,0.000,1.000,1.0
2010-01-01,01:40:00,0.630,0.134,241.710,2.600,0.000,1.000,1.0
2010-01-01,01:41:00,0.628,0.132,241.190,2.600,0.000,2.000,0.0
2010-01-01,01:42:00,0.628,0.132,241.310,2.600,0.000,1.000,1.0
2010-01-01,01:43:00,0.626,0.132,240.960,2.600,0.000,1.000,1.0
2010-01-01,01:44:00,0.628,0.134,241.730,2.600,0.000,1.000,0.0
2010-01-01,01:45:00,0.634,0.106,242.940,2.600,0.000,1.000,1.0
2010-01-01,01:46:00,0.640,0.122,242.910,2.600,0.000,0.000,1.0
2010-01-01,01:47:00,0.640,0.122,242.940,2.600,0.000,0.000,0.0
2010-01-01,01:48:00,0.634,0.116,241.680,2.600,0.000,0.000,1.0
2010-01-01,01:49:00,0.630,0.112,240.820,2.600,0.000,0.000,1.0
2010-01-01,01:50:00,0.628,0.112,240.510,2.600,0.000,0.000,0.0
2010-01-01,01:51:00,0.624,0.110,240.030,2.600,0.000,0.000,1.0
2010-01-01,01:52:00,0.624,0.110,240.170,2.600,0.000,0.000,0.0
2010-01-01,01:53:00,0.630,0.118,241.830,2.600,0.000,0.000,1.0
2010-01-01,01:54:00,0.634,0.122,243.020,2.600,0.000,0.000,1.0
2010-01-01,01:55:00,0.632,0.122,242.860,2.600,0.000,0.000,0.0
2010-01-01,01:56:00,0.630,0.120,242.300,2.600,0.000,0.000,1.0
2010-01-01,01:57:00,0.568,0.000,241.960,2.400,0.000,0.000,1.0
2010-01-01,01:58:00,0.560,0.000,241.860,2.200,0.000,0.000,0.0
2010-01-01,01:59:00,0.558,0.000,241.560,2.200,0.000,0.000,1.0
2010-01-01,02:00:00,0.680,0.148,241.640,2.800,0.000,0.000,1.0
2010-01-01,02:01:00,0.672,0.154,242.980,2.800,0.000,0.000,0.0
2010-01-01,02:02:00,0.668,0.154,242.960,2.800,0.000,0.000,1.0
2010-01-01,02:03:00,0.666,0.152,242.660,2.800,0.000,0.000,1.0
2010-01-01,02:04:00,0.662,0.152,242.400,2.800,0.000,0.000,0.0
2010-01-01,02:05:00,0.660,0.150,242.320,2.800,0.000,0.000,1.0
2010-01-01,02:06:00,0.662,0.152,242.770,2.800,0.000,0.000,1.0
2010-01-01,02:07:00,0.660,0.152,242.570,2.800,0.000,0.000,0.0
2010-01-01,02:08:00,0.660,0.154,243.040,2.800,0.000,0.000,1.0
2010-01-01,02:09:00,0.662,0.156,243.500,2.800,0.000,0.000,1.0
2010-01-01,02:10:00,0.664,0.158,244.010,2.800,0.000,0.000,0.0
2010-01-01,02:11:00,0.662,0.158,243.820,2.800,0.000,0.000,1.0
2010-01-01,02:12:00,0.664,0.160,244.210,2.800,0.000,0.000,1.0
2010-01-01,02:13:00,0.664,0.160,244.380,2.800,0.000,0.000,0.0
2010-01-01,02:14:00,0.664,0.162,244.630,2.800,0.000,0.000,1.0
2010-01-01,02:15:00,0.664,0.162,244.750,2.800,0.000,0.000,1.0
2010-01-01,02:16:00,0.602,0.066,245.520,2.400,0.000,0.000,0.0
2010-01-01,02:17:00,0.578,0.000,246.200,2.400,0.000,0.000,1.0
2010-01-01,02:18:00,0.578,0.000,246.350,2.400,0.000,0.000,1.0
2010-01-01,02:19:00,0.574,0.000,245.390,2.400,0.000,0.000,0.0
2010-01-01,02:20:00,0.574,0.000,245.260,2.400,0.000,0.000,1.0
2010-01-01,02:21:00,0.572,0.000,244.940,2.400,0.000,0.000,1.0
2010-01-01,02:22:00,0.572,0.000,244.970,2.400,0.000,0.000,0.0
2010-01-01,02:23:00,0.572,0.000,245.230,2.400,0.000,0.000,1.0
2010-01-01,02:24:00,0.572,0.000,244.790,2.400,0.000,0.000,1.0
2010-01-01,02:25:00,0.574,0.000,245.320,2.400,0.000,0.000,0.0
2010-01-01,02:26:00,0.574,0.000,245.530,2.400,0.000,0.000,1.0
2010-01-01,02:27:00,0.572,0.000,245.020,2.400,0.000,0.000,1.0
2010-01-01,02:28:00,0.572,0.000,245.120,2.400,0.000,0.000,1.0
2010-01-01,02:29:00,0.572,0.000,244.840,2.400,0.000,0.000,0.0
2010-01-01,02:30:00,0.572,0.000,244.900,2.400,0.000,0.000,1.0
2010-01-01,02:31:00,0.574,0.000,245.390,2.400,0.000,0.000,1.0
2010-01-01,02:32:00,0.570,0.000,244.350,2.400,0.000,0.000,0.0
2010-01-01,02:33:00,0.570,0.000,244.420,2.400,0.000,0.000,1.0
2010-01-01,02:34:00,0.568,0.000,243.910,2.200,0.000,0.000,1.0
2010-01-01,02:35:00,0.566,0.000,243.450,2.200,0.000,0.000,0.0
2010-01-01,02:36:00,0.568,0.000,243.730,2.200,0.000,0.000,1.0
2010-01-01,02:37:00,0.568,0.000,244.160,2.200,0.000,0.000,1.0
2010-01-01,02:38:00,0.568,0.000,243.890,2.200,0.000,0.000,0.0
2010-01-01,02:39:00,0.602,0.000,243.400,2.600,0.000,0.000,1.0
2010-01-01,02:40:00,0.640,0.122,243.030,2.600,0.000,0.000,1.0
2010-01-01,02:41:00,0.640,0.122,243.170,2.600,0.000,0.000,0.0
2010-01-01,02:42:00,0.640,0.122,242.890,2.600,0.000,0.000,1.0
2010-01-01,02:43:00,0.638,0.120,242.710,2.600,0.000,0.000,1.0
2010-01-01,02:44:00,0.708,0.194,243.020,3.000,0.000,0.000,0.0
2010-01-01,02:45:00,0.748,0.260,243.380,3.200,0.000,0.000,1.0
2010-01-01,02:46:00,0.748,0.268,244.640,3.200,0.000,0.000,1.0
2010-01-01,02:47:00,0.748,0.270,245.020,3.200,0.000,0.000,0.0
2010-01-01,02:48:00,0.744,0.268,244.620,3.200,0.000,0.000,1.0
2010-01-01,02:49:00,0.738,0.264,243.820,3.200,0.000,0.000,1.0
2010-01-01,02:50:00,0.710,0.224,244.100,3.000,0.000,0.000,0.0
2010-01-01,02:51:00,0.664,0.156,243.450,2.800,0.000,0.000,1.0
2010-01-01,02:52:00,0.664,0.156,243.490,2.800,0.000,0.000,1.0
2010-01-01,02:53:00,0.662,0.156,243.370,2.800,0.000,0.000,0.0
2010-01-01,02:54:00,0.664,0.160,244.100,2.800,0.000,0.000,1.0
2010-01-01,02:55:00,0.664,0.158,243.920,2.800,0.000,0.000,1.0
2010-01-01,02:56:00,0.662,0.156,243.560,2.800,0.000,0.000,0.0
2010-01-01,02:57:00,0.658,0.154,243.160,2.800,0.000,0.000,1.0
2010-01-01,02:58:00,0.660,0.156,243.370,2.800,0.000,0.000,1.0
2010-01-01,02:59:00,0.658,0.154,243.200,2.800,0.000,0.000,0.0
2010-01-01,03:00:00,0.630,0.112,243.790,2.600,0.000,0.000,1.0
2010-01-01,03:01:00,0.568,0.000,243.900,2.200,0.000,0.000,1.0
2010-01-01,03:02:00,0.570,0.000,244.300,2.400,0.000,0.000,0.0
2010-01-01,03:03:00,0.572,0.000,244.760,2.400,0.000,0.000,1.0
2010-01-01,03:04:00,0.568,0.000,243.720,2.200,0.000,0.000,1.0
2010-01-01,03:05:00,0.564,0.000,242.700,2.200,0.000,0.000,0.0
2010-01-01,03:06:00,0.564,0.000,242.800,2.200,0.000,0.000,1.0
2010-01-01,03:07:00,0.564,0.000,242.880,2.200,0.000,0.000,1.0
2010-01-01,03:08:00,0.564,0.000,243.060,2.200,0.000,0.000,0.0
2010-01-01,03:09:00,0.566,0.000,243.610,2.200,0.000,0.000,1.0
2010-01-01,03:10:00,0.568,0.000,244.040,2.200,0.000,0.000,1.0
2010-01-01,03:11:00,0.568,0.000,244.050,2.400,0.000,0.000,0.0
2010-01-01,03:12:00,0.566,0.000,243.400,2.200,0.000,0.000,1.0
2010-01-01,03:13:00,0.566,0.000,243.490,2.200,0.000,0.000,1.0
2010-01-01,03:14:00,0.568,0.000,243.790,2.200,0.000,0.000,0.0
2010-01-01,03:15:00,0.568,0.000,243.900,2.200,0.000,0.000,1.0
2010-01-01,03:16:00,0.570,0.000,244.370,2.400,0.000,0.000,1.0
2010-01-01,03:17:00,0.570,0.000,244.470,2.400,0.000,0.000,0.0
2010-01-01,03:18:00,0.568,0.000,244.070,2.200,0.000,0.000,1.0
2010-01-01,03:19:00,0.568,0.000,243.970,2.200,0.000,0.000,1.0
2010-01-01,03:20:00,0.568,0.000,243.610,2.200,0.000,0.000,0.0
2010-01-01,03:21:00,0.566,0.000,243.310,2.200,0.000,0.000,1.0
2010-01-01,03:22:00,0.568,0.000,243.640,2.200,0.000,0.000,1.0
2010-01-01,03:23:00,0.566,0.000,243.530,2.200,0.000,0.000,0.0
2010-01-01,03:24:00,0.570,0.000,244.310,2.400,0.000,0.000,1.0
2010-01-01,03:25:00,0.570,0.000,244.420,2.400,0.000,0.000,1.0
2010-01-01,03:26:00,0.572,0.000,244.780,2.400,0.000,0.000,0.0
2010-01-01,03:27:00,0.572,0.000,244.710,2.400,0.000,0.000,1.0
2010-01-01,03:28:00,0.570,0.000,244.170,2.400,0.000,0.000,1.0
2010-01-01,03:29:00,1.090,0.264,243.800,4.800,0.000,0.000,7.0
2010-01-01,03:30:00,1.244,0.364,244.070,5.200,0.000,0.000,11.0
2010-01-01,03:31:00,1.266,0.358,243.810,5.400,0.000,0.000,10.0
2010-01-01,03:32:00,1.282,0.358,243.800,5.400,0.000,0.000,11.0
2010-01-01,03:33:00,1.028,0.274,244.010,4.600,0.000,0.000,7.0
2010-01-01,03:34:00,0.762,0.268,244.000,3.400,0.000,0.000,1.0
2010-01-01,03:35:00,0.742,0.262,243.290,3.200,0.000,0.000,0.0
2010-01-01,03:36:00,0.740,0.262,243.190,3.200,0.000,0.000,1.0
2010-01-01,03:37:00,0.738,0.264,243.550,3.200,0.000,0.000,1.0
2010-01-01,03:38:00,0.738,0.264,243.490,3.200,0.000,0.000,0.0
2010-01-01,03:39:00,0.738,0.268,244.150,3.200,0.000,0.000,1.0
2010-01-01,03:40:00,0.742,0.276,245.590,3.200,0.000,0.000,1.0
2010-01-01,03:41:00,0.738,0.274,245.160,3.200,0.000,0.000,0.0
2010-01-01,03:42:00,0.742,0.278,245.900,3.200,0.000,0.000,1.0
2010-01-01,03:43:00,0.738,0.278,245.660,3.200,0.000,0.000,1.0
2010-01-01,03:44:00,0.730,0.264,245.430,3.200,0.000,0.000,0.0
2010-01-01,03:45:00,0.622,0.100,245.500,2.600,0.000,0.000,1.0
2010-01-01,03:46:00,0.570,0.000,244.600,2.400,0.000,0.000,1.0
2010-01-01,03:47:00,0.570,0.000,244.200,2.400,0.000,0.000,0.0
2010-01-01,03:48:00,0.570,0.000,244.400,2.400,0.000,0.000,1.0
2010-01-01,03:49:00,0.570,0.000,244.430,2.400,0.000,0.000,1.0
2010-01-01,03:50:00,0.572,0.000,244.960,2.400,0.000,0.000,0.0
2010-01-01,03:51:00,0.574,0.000,245.220,2.400,0.000,0.000,1.0
2010-01-01,03:52:00,0.572,0.000,244.710,2.400,0.000,0.000,1.0
2010-01-01,03:53:00,0.570,0.000,244.350,2.400,0.000,0.000,0.0
2010-01-01,03:54:00,0.566,0.000,243.370,2.200,0.000,0.000,1.0
2010-01-01,03:55:00,0.566,0.000,243.100,2.200,0.000,0.000,1.0
2010-01-01,03:56:00,0.566,0.000,243.500,2.200,0.000,0.000,0.0
2010-01-01,03:57:00,0.566,0.000,243.250,2.200,0.000,0.000,1.0
2010-01-01,03:58:00,0.568,0.000,243.780,2.400,0.000,0.000,1.0
2010-01-01,03:59:00,0.568,0.000,244.010,2.400,0.000,0.000,0.0
2010-01-01,04:00:00,0.568,0.000,243.820,2.400,0.000,0.000,1.0
2010-01-01,04:01:00,0.568,0.000,243.790,2.400,0.000,0.000,1.0
2010-01-01,04:02:00,0.562,0.000,242.060,2.200,0.000,0.000,0.0
2010-01-01,04:03:00,0.556,0.000,240.440,2.200,0.000,0.000,1.0
2010-01-01,04:04:00,0.558,0.000,241.040,2.200,0.000,0.000,1.0
2010-01-01,04:05:00,0.564,0.000,242.590,2.200,0.000,0.000,0.0
2010-01-01,04:06:00,0.562,0.000,241.930,2.200,0.000,0.000,1.0
2010-01-01,04:07:00,0.562,0.000,241.960,2.200,0.000,0.000,1.0
2010-01-01,04:08:00,0.562,0.000,242.110,2.200,0.000,0.000,0.0
2010-01-01,04:09:00,0.562,0.000,242.230,2.200,0.000,0.000,1.0
2010-01-01,04:10:00,0.562,0.000,241.870,2.200,0.000,0.000,1.0
2010-01-01,04:11:00,0.560,0.000,241.610,2.200,0.000,0.000,0.0
2010-01-01,04:12:00,0.562,0.000,242.010,2.200,0.000,0.000,1.0
2010-01-01,04:13:00,0.560,0.000,241.680,2.200,0.000,0.000,1.0
2010-01-01,04:14:00,0.624,0.076,240.740,2.600,0.000,0.000,0.0
2010-01-01,04:15:00,0.664,0.142,240.530,2.800,0.000,0.000,1.0
2010-01-01,04:16:00,0.662,0.142,240.640,2.800,0.000,0.000,0.0
2010-01-01,04:17:00,0.658,0.140,240.130,2.800,0.000,0.000,1.0
2010-01-01,04:18:00,0.654,0.138,239.700,2.800,0.000,0.000,1.0
2010-01-01,04:19:00,0.654,0.138,239.750,2.800,0.000,0.000,0.0
2010-01-01,04:20:00,0.654,0.142,240.280,2.800,0.000,0.000,1.0
2010-01-01,04:21:00,0.656,0.144,241.130,2.800,0.000,0.000,1.0
2010-01-01,04:22:00,0.660,0.150,242.230,2.800,0.000,0.000,0.0
2010-01-01,04:23:00,0.660,0.152,242.440,2.800,0.000,0.000,1.0
2010-01-01,04:24:00,0.730,0.236,242.610,3.200,0.000,0.000,1.0
2010-01-01,04:25:00,0.742,0.278,242.670,3.200,0.000,1.000,0.0
2010-01-01,04:26:00,0.738,0.276,242.540,3.200,0.000,1.000,1.0
2010-01-01,04:27:00,0.738,0.276,242.390,3.200,0.000,2.000,1.0
2010-01-01,04:28:00,0.738,0.276,242.380,3.200,0.000,1.000,0.0
2010-01-01,04:29:00,0.812,0.356,241.890,3.600,0.000,2.000,1.0
2010-01-01,04:30:00,0.742,0.276,241.980,3.200,0.000,1.000,1.0
2010-01-01,04:31:00,0.720,0.244,242.210,3.000,0.000,1.000,0.0
2010-01-01,04:32:00,0.718,0.242,241.750,3.000,0.000,2.000,1.0
2010-01-01,04:33:00,0.718,0.244,242.100,3.000,0.000,1.000,1.0
2010-01-01,04:34:00,0.718,0.244,242.350,3.000,0.000,2.000,0.0
2010-01-01,04:35:00,0.716,0.244,242.210,3.000,0.000,1.000,1.0
2010-01-01,04:36:00,0.714,0.242,241.830,3.000,0.000,1.000,1.0
2010-01-01,04:37:00,0.712,0.242,241.800,3.000,0.000,2.000,0.0
2010-01-01,04:38:00,0.712,0.242,242.120,3.000,0.000,1.000,1.0
2010-01-01,04:39:00,0.688,0.210,242.300,3.000,0.000,1.000,1.0
2010-01-01,04:40:00,0.644,0.140,242.580,2.600,0.000,2.000,0.0
2010-01-01,04:41:00,0.638,0.136,241.650,2.600,0.000,1.000,1.0
2010-01-01,04:42:00,0.638,0.136,241.980,2.600,0.000,1.000,1.0
2010-01-01,04:43:00,0.634,0.132,241.230,2.600,0.000,2.000,0.0
2010-01-01,04:44:00,0.634,0.132,241.190,2.600,0.000,1.000,1.0
2010-01-01,04:45:00,0.634,0.134,241.530,2.600,0.000,1.000,1.0
2010-01-01,04:46:00,0.634,0.134,241.530,2.600,0.000,2.000,0.0
2010-01-01,04:47:00,0.632,0.134,241.300,2.600,0.000,1.000,1.0
2010-01-01,04:48:00,0.636,0.138,242.180,2.600,0.000,1.000,0.0
2010-01-01,04:49:00,0.636,0.136,242.250,2.600,0.000,1.000,1.0
2010-01-01,04:50:00,0.634,0.136,242.100,2.600,0.000,1.000,1.0
2010-01-01,04:51:00,0.630,0.132,241.160,2.600,0.000,2.000,0.0
2010-01-01,04:52:00,0.630,0.132,240.920,2.600,0.000,1.000,1.0
2010-01-01,04:53:00,0.626,0.130,240.390,2.600,0.000,1.000,1.0
2010-01-01,04:54:00,0.626,0.130,240.430,2.600,0.000,1.000,0.0
2010-01-01,04:55:00,0.628,0.132,240.960,2.600,0.000,2.000,1.0
2010-01-01,04:56:00,0.628,0.132,241.050,2.600,0.000,1.000,1.0
2010-01-01,04:57:00,0.628,0.132,240.900,2.600,0.000,1.000,0.0
2010-01-01,04:58:00,0.628,0.132,241.040,2.600,0.000,1.000,1.0
2010-01-01,04:59:00,0.676,0.178,240.750,3.000,0.000,1.000,1.0
2010-01-01,05:00:00,0.732,0.262,240.160,3.200,0.000,1.000,0.0
2010-01-01,05:01:00,0.730,0.264,240.420,3.200,0.000,2.000,1.0
2010-01-01,05:02:00,0.730,0.268,241.160,3.200,0.000,1.000,1.0
2010-01-01,05:03:00,0.732,0.272,242.000,3.200,0.000,1.000,0.0
2010-01-01,05:04:00,0.730,0.270,241.660,3.200,0.000,1.000,1.0
2010-01-01,05:05:00,0.692,0.210,240.630,3.000,0.000,1.000,1.0
2010-01-01,05:06:00,0.654,0.144,240.720,2.800,0.000,0.000,0.0
2010-01-01,05:07:00,0.656,0.146,241.390,2.800,0.000,0.000,1.0
2010-01-01,05:08:00,0.654,0.144,240.920,2.800,0.000,0.000,1.0
2010-01-01,05:09:00,0.650,0.142,240.520,2.800,0.000,0.000,0.0
2010-01-01,05:10:00,0.652,0.144,240.990,2.800,0.000,0.000,1.0
2010-01-01,05:11:00,0.650,0.142,240.580,2.800,0.000,0.000,1.0
2010-01-01,05:12:00,0.650,0.144,240.820,2.800,0.000,0.000,0.0
2010-01-01,05:13:00,0.650,0.144,241.070,2.800,0.000,0.000,1.0
2010-01-01,05:14:00,0.652,0.148,241.710,2.800,0.000,0.000,0.0
2010-01-01,05:15:00,0.588,0.052,242.540,2.400,0.000,0.000,1.0
2010-01-01,05:16:00,0.564,0.000,242.560,2.200,0.000,0.000,1.0
2010-01-01,05:17:00,0.562,0.000,242.130,2.200,0.000,0.000,0.0
2010-01-01,05:18:00,0.566,0.000,243.170,2.200,0.000,0.000,1.0
2010-01-01,05:19:00,0.564,0.000,242.580,2.200,0.000,0.000,1.0
2010-01-01,05:20:00,0.560,0.000,241.510,2.200,0.000,0.000,0.0
2010-01-01,05:21:00,0.558,0.000,241.180,2.200,0.000,0.000,1.0
2010-01-01,05:22:00,0.558,0.000,241.210,2.200,0.000,0.000,1.0
2010-01-01,05:23:00,0.558,0.000,241.010,2.200,0.000,0.000,0.0
2010-01-01,05:24:00,0.614,0.066,240.590,2.600,0.000,0.000,1.0
2010-01-01,05:25:00,0.634,0.116,241.430,2.600,0.000,0.000,1.0
2010-01-01,05:26:00,0.632,0.116,241.100,2.600,0.000,0.000,0.0
2010-01-01,05:27:00,0.634,0.116,241.410,2.600,0.000,0.000,1.0
2010-01-01,05:28:00,0.636,0.118,241.730,2.600,0.000,0.000,1.0
2010-01-01,05:29:00,0.634,0.116,241.500,2.600,0.000,0.000,0.0
2010-01-01,05:30:00,0.634,0.120,241.960,2.600,0.000,0.000,1.0
2010-01-01,05:31:00,0.628,0.116,240.970,2.600,0.000,0.000,1.0
2010-01-01,05:32:00,0.626,0.112,240.500,2.600,0.000,0.000,0.0
2010-01-01,05:33:00,0.628,0.116,241.280,2.600,0.000,0.000,1.0
2010-01-01,05:34:00,0.594,0.066,241.530,2.400,0.000,0.000,1.0
2010-01-01,05:35:00,0.562,0.000,242.350,2.200,0.000,0.000,0.0
2010-01-01,05:36:00,0.564,0.000,242.480,2.200,0.000,0.000,1.0
2010-01-01,05:37:00,0.560,0.000,241.690,2.200,0.000,0.000,1.0
2010-01-01,05:38:00,0.558,0.000,241.390,2.200,0.000,0.000,0.0
2010-01-01,05:39:00,0.556,0.000,240.820,2.200,0.000,0.000,1.0
2010-01-01,05:40:00,0.558,0.000,241.300,2.200,0.000,0.000,1.0
2010-01-01,05:41:00,0.560,0.000,241.490,2.200,0.000,0.000,0.0
2010-01-01,05:42:00,0.560,0.000,241.610,2.200,0.000,0.000,1.0
2010-01-01,05:43:00,0.558,0.000,240.950,2.200,0.000,0.000,1.0
2010-01-01,05:44:00,0.584,0.000,240.920,2.400,0.000,0.000,0.0
2010-01-01,05:45:00,0.664,0.142,240.260,2.800,0.000,0.000,1.0
2010-01-01,05:46:00,0.662,0.144,240.630,2.800,0.000,0.000,1.0
2010-01-01,05:47:00,0.658,0.140,240.110,2.800,0.000,0.000,0.0
2010-01-01,05:48:00,0.658,0.142,240.200,2.800,0.000,0.000,1.0
2010-01-01,05:49:00,0.658,0.144,240.870,2.800,0.000,0.000,0.0
2010-01-01,05:50:00,0.658,0.146,241.120,2.800,0.000,0.000,1.0
2010-01-01,05:51:00,0.658,0.144,240.950,2.800,0.000,0.000,1.0
2010-01-01,05:52:00,0.664,0.148,241.330,2.800,0.000,0.000,0.0
2010-01-01,05:53:00,0.664,0.148,241.650,2.800,0.000,0.000,1.0
2010-01-01,05:54:00,0.660,0.148,241.360,2.800,0.000,0.000,1.0
2010-01-01,05:55:00,0.660,0.146,241.330,2.800,0.000,0.000,0.0
2010-01-01,05:56:00,0.656,0.144,240.640,2.800,0.000,0.000,1.0
2010-01-01,05:57:00,0.658,0.146,241.300,2.800,0.000,0.000,1.0
2010-01-01,05:58:00,0.662,0.152,242.400,2.800,0.000,0.000,0.0
2010-01-01,05:59:00,0.658,0.148,241.640,2.800,0.000,0.000,1.0
2010-01-01,06:00:00,0.566,0.000,240.890,2.400,0.000,0.000,1.0
2010-01-01,06:01:00,0.564,0.000,241.110,2.400,0.000,0.000,0.0
2010-01-01,06:02:00,0.562,0.000,240.740,2.400,0.000,0.000,1.0
2010-01-01,06:03:00,0.560,0.000,240.180,2.200,0.000,0.000,1.0
2010-01-01,06:04:00,0.562,0.000,241.050,2.400,0.000,0.000,0.0
2010-01-01,06:05:00,0.568,0.000,242.560,2.400,0.000,0.000,1.0
2010-01-01,06:06:00,0.572,0.000,243.370,2.400,0.000,0.000,1.0
2010-01-01,06:07:00,0.572,0.000,243.660,2.400,0.000,0.000,0.0
2010-01-01,06:08:00,0.576,0.000,244.440,2.400,0.000,0.000,1.0
2010-01-01,06:09:00,0.574,0.000,243.850,2.400,0.000,0.000,1.0
2010-01-01,06:10:00,0.572,0.000,243.630,2.400,0.000,0.000,0.0
2010-01-01,06:11:00,0.572,0.000,243.390,2.400,0.000,0.000,1.0
2010-01-01,06:12:00,0.572,0.000,243.430,2.400,0.000,0.000,1.0
2010-01-01,06:13:00,0.572,0.000,243.440,2.400,0.000,0.000,0.0
2010-01-01,06:14:00,0.570,0.000,243.280,2.400,0.000,0.000,1.0
2010-01-01,06:15:00,0.568,0.000,242.840,2.400,0.000,0.000,1.0
2010-01-01,06:16:00,0.572,0.000,243.510,2.400,0.000,0.000,0.0
2010-01-01,06:17:00,0.570,0.000,243.390,2.400,0.000,0.000,1.0
2010-01-01,06:18:00,0.566,0.000,242.420,2.400,0.000,0.000,1.0
2010-01-01,06:19:00,0.584,0.000,241.980,2.400,0.000,0.000,0.0
2010-01-01,06:20:00,0.644,0.120,242.560,2.600,0.000,0.000,1.0
2010-01-01,06:21:00,0.642,0.122,242.640,2.600,0.000,0.000,1.0
2010-01-01,06:22:00,0.644,0.122,242.770,2.600,0.000,0.000,0.0
2010-01-01,06:23:00,0.644,0.122,242.830,2.600,0.000,0.000,1.0
2010-01-01,06:24:00,0.640,0.118,242.310,2.600,0.000,0.000,1.0
2010-01-01,06:25:00,0.640,0.120,242.370,2.600,0.000,0.000,0.0
2010-01-01,06:26:00,0.640,0.120,242.730,2.600,0.000,0.000,1.0
2010-01-01,06:27:00,0.636,0.118,242.270,2.600,0.000,0.000,1.0
2010-01-01,06:28:00,0.638,0.120,242.800,2.600,0.000,0.000,0.0
2010-01-01,06:29:00,0.686,0.166,244.130,3.000,0.000,0.000,1.0
2010-01-01,06:30:00,0.698,0.182,243.930,3.000,0.000,0.000,1.0
2010-01-01,06:31:00,0.678,0.156,243.600,2.800,0.000,0.000,0.0
2010-01-01,06:32:00,0.676,0.156,243.670,2.800,0.000,0.000,1.0
2010-01-01,06:33:00,0.672,0.154,243.100,2.800,0.000,0.000,1.0
2010-01-01,06:34:00,0.668,0.150,242.340,2.800,0.000,0.000,0.0
2010-01-01,06:35:00,0.666,0.150,242.520,2.800,0.000,0.000,1.0
2010-01-01,06:36:00,0.666,0.152,242.720,2.800,0.000,0.000,1.0
2010-01-01,06:37:00,0.670,0.158,244.130,2.800,0.000,0.000,0.0
2010-01-01,06:38:00,0.674,0.164,245.070,2.800,0.000,0.000,1.0
2010-01-01,06:39:00,0.676,0.168,245.960,2.800,0.000,0.000,1.0
2010-01-01,06:40:00,0.678,0.170,246.220,2.800,0.000,0.000,0.0
2010-01-01,06:41:00,0.676,0.168,246.010,2.800,0.000,0.000,1.0
2010-01-01,06:42:00,0.676,0.170,246.320,2.800,0.000,0.000,1.0
2010-01-01,06:43:00,0.678,0.174,246.800,2.800,0.000,0.000,0.0
2010-01-01,06:44:00,0.682,0.176,247.440,2.800,0.000,0.000,1.0
2010-01-01,06:45:00,0.622,0.088,246.950,2.600,0.000,0.000,1.0
2010-01-01,06:46:00,0.582,0.000,246.480,2.400,0.000,0.000,0.0
2010-01-01,06:47:00,0.582,0.000,246.500,2.400,0.000,0.000,1.0
2010-01-01,06:48:00,0.582,0.000,246.450,2.400,0.000,0.000,1.0
2010-01-01,06:49:00,0.584,0.000,246.860,2.400,0.000,0.000,0.0
2010-01-01,06:50:00,0.580,0.000,246.050,2.400,0.000,0.000,1.0
2010-01-01,06:51:00,0.580,0.000,246.150,2.400,0.000,0.000,1.0
2010-01-01,06:52:00,0.584,0.000,246.770,2.400,0.000,0.000,0.0
2010-01-01,06:53:00,0.580,0.000,245.980,2.400,0.000,0.000,1.0
2010-01-01,06:54:00,0.578,0.000,245.400,2.400,0.000,0.000,1.0
2010-01-01,06:55:00,0.572,0.000,244.100,2.400,0.000,0.000,0.0
2010-01-01,06:56:00,0.568,0.000,243.060,2.400,0.000,0.000,1.0
2010-01-01,06:57:00,0.566,0.000,242.360,2.200,0.000,0.000,1.0
2010-01-01,06:58:00,0.564,0.000,242.040,2.200,0.000,0.000,0.0
2010-01-01,06:59:00,0.558,0.000,242.510,2.200,0.000,0.000,1.0
2010-01-01,07:00:00,0.564,0.000,243.270,2.200,0.000,0.000,1.0
2010-01-01,07:01:00,0.572,0.000,243.830,2.400,0.000,0.000,0.0
2010-01-01,07:02:00,0.568,0.000,242.960,2.400,0.000,0.000,1.0
2010-01-01,07:03:00,0.562,0.000,241.780,2.200,0.000,0.000,1.0
2010-01-01,07:04:00,0.562,0.000,241.800,2.200,0.000,0.000,0.0
2010-01-01,07:05:00,0.556,0.000,241.490,2.200,0.000,0.000,1.0
2010-01-01,07:06:00,0.556,0.000,241.800,2.200,0.000,0.000,1.0
2010-01-01,07:07:00,0.560,0.000,241.350,2.200,0.000,0.000,0.0
2010-01-01,07:08:00,0.564,0.000,242.030,2.200,0.000,0.000,1.0
2010-01-01,07:09:00,0.562,0.000,241.750,2.200,0.000,0.000,1.0
2010-01-01,07:10:00,0.564,0.000,242.270,2.200,0.000,0.000,0.0
2010-01-01,07:11:00,0.562,0.000,243.150,2.200,0.000,0.000,1.0
2010-01-01,07:12:00,0.562,0.000,243.060,2.200,0.000,0.000,1.0
2010-01-01,07:13:00,0.564,0.000,241.840,2.200,0.000,0.000,0.0
2010-01-01,07:14:00,0.640,0.090,241.670,2.600,0.000,0.000,1.0
2010-01-01,07:15:00,0.760,0.244,241.130,3.400,0.000,0.000,1.0
2010-01-01,07:16:00,0.744,0.254,242.230,3.200,0.000,0.000,0.0
2010-01-01,07:17:00,0.740,0.256,242.740,3.200,0.000,0.000,1.0
2010-01-01,07:18:00,0.740,0.256,242.650,3.200,0.000,0.000,1.0
2010-01-01,07:19:00,0.744,0.258,243.160,3.200,0.000,0.000,0.0
2010-01-01,07:20:00,0.742,0.258,243.110,3.200,0.000,0.000,1.0
2010-01-01,07:21:00,0.734,0.252,241.910,3.200,0.000,0.000,1.0
2010-01-01,07:22:00,0.732,0.254,242.310,3.200,0.000,0.000,0.0
2010-01-01,07:23:00,0.724,0.252,242.210,3.200,0.000,0.000,1.0
2010-01-01,07:24:00,0.724,0.252,242.070,3.200,0.000,0.000,1.0
2010-01-01,07:25:00,0.724,0.248,241.310,3.200,0.000,0.000,0.0
2010-01-01,07:26:00,0.688,0.194,241.590,3.000,0.000,0.000,1.0
2010-01-01,07:27:00,0.656,0.146,241.800,2.800,0.000,0.000,1.0
2010-01-01,07:28:00,0.658,0.150,242.500,2.800,0.000,0.000,0.0
2010-01-01,07:29:00,0.654,0.152,242.980,2.800,0.000,0.000,1.0
2010-01-01,07:30:00,0.636,0.122,242.410,2.600,0.000,0.000,1.0
2010-01-01,07:31:00,0.564,0.000,242.230,2.200,0.000,0.000,0.0
2010-01-01,07:32:00,0.564,0.000,242.160,2.200,0.000,0.000,1.0
2010-01-01,07:33:00,0.562,0.000,241.480,2.200,0.000,0.000,1.0
2010-01-01,07:34:00,0.556,0.000,241.210,2.200,0.000,0.000,0.0
2010-01-01,07:35:00,0.554,0.000,241.330,2.200,0.000,0.000,1.0
2010-01-01,07:36:00,0.554,0.000,240.290,2.200,0.000,0.000,1.0
2010-01-01,07:37:00,0.556,0.000,240.000,2.200,0.000,0.000,0.0
2010-01-01,07:38:00,0.560,0.000,241.030,2.200,0.000,0.000,1.0
2010-01-01,07:39:00,0.562,0.000,241.680,2.200,0.000,0.000,0.0
2010-01-01,07:40:00,0.558,0.000,242.170,2.200,0.000,0.000,1.0
2010-01-01,07:41:00,0.556,0.000,242.000,2.200,0.000,0.000,1.0
2010-01-01,07:42:00,0.562,0.000,241.670,2.200,0.000,0.000,0.0
2010-01-01,07:43:00,0.564,0.000,242.260,2.200,0.000,0.000,1.0
2010-01-01,07:44:00,0.564,0.000,242.280,2.200,0.000,0.000,1.0
2010-01-01,07:45:00,0.560,0.000,241.300,2.200,0.000,0.000,0.0
2010-01-01,07:46:00,0.554,0.000,241.190,2.200,0.000,0.000,1.0
2010-01-01,07:47:00,0.554,0.000,241.300,2.200,0.000,0.000,1.0
2010-01-01,07:48:00,0.564,0.000,242.100,2.200,0.000,0.000,0.0
2010-01-01,07:49:00,0.564,0.000,242.210,2.200,0.000,0.000,1.0
2010-01-01,07:50:00,0.562,0.000,241.610,2.200,0.000,0.000,1.0
2010-01-01,07:51:00,0.560,0.000,241.290,2.200,0.000,0.000,0.0
2010-01-01,07:52:00,0.556,0.000,241.580,2.200,0.000,0.000,1.0
2010-01-01,07:53:00,0.582,0.000,240.700,2.400,0.000,0.000,1.0
2010-01-01,07:54:00,0.638,0.128,240.220,2.600,0.000,0.000,0.0
2010-01-01,07:55:00,0.642,0.130,240.860,2.600,0.000,2.000,1.0
2010-01-01,07:56:00,0.642,0.132,241.170,2.600,0.000,1.000,1.0
2010-01-01,07:57:00,0.638,0.130,240.930,2.600,0.000,1.000,0.0
2010-01-01,07:58:00,0.636,0.130,241.250,2.600,0.000,2.000,1.0
2010-01-01,07:59:00,0.746,0.246,240.060,3.200,0.000,1.000,1.0
2010-01-01,08:00:00,0.746,0.260,240.130,3.200,0.000,2.000,0.0
2010-01-01,08:01:00,0.740,0.256,239.550,3.200,0.000,1.000,1.0
2010-01-01,08:02:00,0.738,0.256,239.530,3.200,0.000,1.000,1.0
2010-01-01,08:03:00,0.732,0.258,239.800,3.200,0.000,2.000,0.0
2010-01-01,08:04:00,0.732,0.260,240.420,3.200,0.000,1.000,1.0
2010-01-01,08:05:00,0.736,0.260,240.140,3.200,0.000,1.000,0.0
2010-01-01,08:06:00,0.736,0.262,240.600,3.200,0.000,2.000,1.0
2010-01-01,08:07:00,0.734,0.260,240.480,3.200,0.000,1.000,1.0
2010-01-01,08:08:00,0.730,0.256,239.830,3.200,0.000,2.000,0.0
2010-01-01,08:09:00,0.782,0.312,238.600,3.600,0.000,1.000,1.0
2010-01-01,08:10:00,0.794,0.354,239.230,3.600,0.000,1.000,1.0
2010-01-01,08:11:00,0.798,0.354,239.140,3.600,0.000,2.000,0.0
2010-01-01,08:12:00,0.800,0.358,239.770,3.600,0.000,1.000,1.0
2010-01-01,08:13:00,0.798,0.358,239.750,3.600,0.000,1.000,1.0
2010-01-01,08:14:00,0.794,0.358,239.640,3.600,0.000,1.000,0.0
2010-01-01,08:15:00,0.762,0.324,239.660,3.400,0.000,2.000,1.0
2010-01-01,08:16:00,0.700,0.232,240.540,3.000,0.000,1.000,1.0
2010-01-01,08:17:00,0.702,0.232,240.700,3.000,0.000,1.000,0.0
2010-01-01,08:18:00,0.704,0.234,241.130,3.000,0.000,1.000,1.0
2010-01-01,08:19:00,0.704,0.238,241.770,3.000,0.000,2.000,1.0
2010-01-01,08:20:00,0.702,0.238,242.030,3.000,0.000,1.000,0.0
2010-01-01,08:21:00,0.684,0.218,241.870,3.000,0.000,1.000,1.0
2010-01-01,08:22:00,0.630,0.132,241.360,2.600,0.000,1.000,1.0
2010-01-01,08:23:00,0.630,0.128,240.880,2.600,0.000,2.000,0.0
2010-01-01,08:24:00,0.628,0.126,240.460,2.600,0.000,1.000,1.0
2010-01-01,08:25:00,0.632,0.130,241.150,2.600,0.000,1.000,1.0
2010-01-01,08:26:00,0.628,0.132,241.580,2.600,0.000,1.000,0.0
2010-01-01,08:27:00,0.624,0.130,241.330,2.600,0.000,1.000,1.0
2010-01-01,08:28:00,0.630,0.132,241.520,2.600,0.000,2.000,0.0
2010-01-01,08:29:00,0.566,0.000,241.100,2.400,0.000,0.000,1.0
2010-01-01,08:30:00,0.560,0.000,241.110,2.200,0.000,0.000,1.0
2010-01-01,08:31:00,0.558,0.000,240.310,2.200,0.000,0.000,0.0
2010-01-01,08:32:00,0.548,0.000,239.270,2.200,0.000,0.000,1.0
2010-01-01,08:33:00,0.546,0.000,239.280,2.200,0.000,0.000,1.0
2010-01-01,08:34:00,0.552,0.000,239.540,2.200,0.000,0.000,0.0
2010-01-01,08:35:00,0.550,0.000,240.390,2.200,0.000,0.000,1.0
2010-01-01,08:36:00,0.558,0.000,241.020,2.200,0.000,0.000,1.0
2010-01-01,08:37:00,0.558,0.000,240.270,2.200,0.000,0.000,0.0
2010-01-01,08:38:00,0.560,0.000,240.920,2.200,0.000,0.000,1.0
2010-01-01,08:39:00,0.560,0.000,241.270,2.200,0.000,0.000,1.0
2010-01-01,08:40:00,0.560,0.000,241.180,2.200,0.000,0.000,0.0
2010-01-01,08:41:00,0.554,0.000,240.790,2.200,0.000,0.000,1.0
2010-01-01,08:42:00,0.554,0.000,241.210,2.200,0.000,0.000,1.0
2010-01-01,08:43:00,0.584,0.000,240.900,2.400,0.000,0.000,0.0
2010-01-01,08:44:00,0.666,0.140,240.340,2.800,0.000,0.000,1.0
2010-01-01,08:45:00,0.666,0.144,240.760,2.800,0.000,0.000,1.0
2010-01-01,08:46:00,0.664,0.144,241.040,2.800,0.000,0.000,0.0
2010-01-01,08:47:00,0.660,0.144,240.860,2.800,0.000,0.000,1.0
2010-01-01,08:48:00,0.654,0.144,240.850,2.800,0.000,0.000,1.0
2010-01-01,08:49:00,0.650,0.142,240.500,2.800,0.000,0.000,0.0
2010-01-01,08:50:00,0.648,0.140,240.260,2.800,0.000,0.000,1.0
2010-01-01,08:51:00,0.652,0.140,240.150,2.800,0.000,0.000,0.0
2010-01-01,08:52:00,0.654,0.142,240.630,2.800,0.000,0.000,1.0
2010-01-01,08:53:00,0.656,0.146,241.410,2.800,0.000,0.000,1.0
2010-01-01,08:54:00,0.658,0.148,241.980,2.800,0.000,0.000,0.0
2010-01-01,08:55:00,0.656,0.146,241.500,2.800,0.000,0.000,1.0
2010-01-01,08:56:00,0.652,0.142,240.840,2.800,0.000,0.000,1.0
2010-01-01,08:57:00,0.646,0.144,241.110,2.800,0.000,0.000,0.0
2010-01-01,08:58:00,0.652,0.146,241.790,2.800,0.000,0.000,1.0
2010-01-01,08:59:00,0.654,0.144,241.450,2.800,0.000,0.000,1.0
2010-01-01,09:00:00,0.644,0.130,241.400,2.600,0.000,0.000,0.0
2010-01-01,09:01:00,0.558,0.000,240.700,2.200,0.000,0.000,1.0
2010-01-01,09:02:00,0.558,0.000,240.790,2.200,0.000,0.000,1.0
2010-01-01,09:03:00,0.554,0.000,241.230,2.200,0.000,0.000,0.0
2010-01-01,09:04:00,0.624,0.084,240.660,2.600,0.000,0.000,1.0
2010-01-01,09:05:00,0.626,0.110,240.440,2.600,0.000,0.000,1.0
2010-01-01,09:06:00,0.636,0.114,241.360,2.600,0.000,0.000,0.0
2010-01-01,09:07:00,0.634,0.112,240.800,2.600,0.000,0.000,1.0
2010-01-01,09:08:00,0.636,0.116,241.590,2.600,0.000,0.000,1.0
2010-01-01,09:09:00,0.640,0.120,242.720,2.600,0.000,0.000,0.0
2010-01-01,09:10:00,0.642,0.122,243.190,2.600,0.000,0.000,1.0
2010-01-01,09:11:00,0.638,0.122,243.140,2.600,0.000,0.000,1.0
2010-01-01,09:12:00,0.628,0.118,242.290,2.600,0.000,0.000,0.0
2010-01-01,09:13:00,0.626,0.114,241.590,2.600,0.000,0.000,1.0
2010-01-01,09:14:00,0.628,0.112,240.790,2.600,0.000,0.000,1.0
2010-01-01,09:15:00,0.626,0.114,241.150,2.600,0.000,0.000,0.0
2010-01-01,09:16:00,0.616,0.102,242.000,2.600,0.000,0.000,1.0
2010-01-01,09:17:00,0.556,0.000,241.510,2.200,0.000,0.000,1.0
2010-01-01,09:18:00,0.554,0.000,241.470,2.200,0.000,0.000,0.0
2010-01-01,09:19:00,0.554,0.000,241.120,2.200,0.000,0.000,1.0
2010-01-01,09:20:00,0.554,0.000,241.460,2.200,0.000,0.000,1.0
2010-01-01,09:21:00,0.560,0.000,241.430,2.200,0.000,0.000,0.0
2010-01-01,09:22:00,0.562,0.000,241.200,2.200,0.000,0.000,1.0
2010-01-01,09:23:00,0.562,0.000,241.500,2.200,0.000,0.000,0.0
2010-01-01,09:24:00,0.562,0.000,241.650,2.200,0.000,0.000,1.0
2010-01-01,09:25:00,0.564,0.000,241.990,2.200,0.000,0.000,1.0
2010-01-01,09:26:00,0.568,0.000,242.960,2.400,0.000,0.000,0.0
2010-01-01,09:27:00,0.564,0.000,242.040,2.200,0.000,0.000,1.0
2010-01-01,09:28:00,0.570,0.000,241.200,2.400,0.000,0.000,1.0
2010-01-01,09:29:00,0.666,0.144,241.430,2.800,0.000,0.000,0.0
2010-01-01,09:30:00,0.664,0.146,241.910,2.800,0.000,0.000,1.0
2010-01-01,09:31:00,0.660,0.144,241.330,2.800,0.000,0.000,1.0
2010-01-01,09:32:00,0.656,0.142,240.870,2.800,0.000,0.000,0.0
2010-01-01,09:33:00,0.654,0.142,240.980,2.800,0.000,0.000,1.0
2010-01-01,09:34:00,0.654,0.144,241.120,2.800,0.000,0.000,1.0
2010-01-01,09:35:00,0.648,0.138,239.970,2.800,0.000,0.000,0.0
2010-01-01,09:36:00,0.652,0.138,240.000,2.800,0.000,0.000,1.0
2010-01-01,09:37:00,0.656,0.142,240.690,2.800,0.000,0.000,1.0
2010-01-01,09:38:00,0.658,0.146,241.550,2.800,0.000,0.000,0.0
2010-01-01,09:39:00,0.662,0.152,242.920,2.800,0.000,0.000,1.0
2010-01-01,09:40:00,0.658,0.150,242.550,2.800,0.000,0.000,1.0
2010-01-01,09:41:00,0.652,0.150,242.420,2.800,0.000,0.000,0.0
2010-01-01,09:42:00,0.654,0.152,242.750,2.800,0.000,0.000,1.0
2010-01-01,09:43:00,0.650,0.148,241.740,2.800,0.000,0.000,1.0
2010-01-01,09:44:00,0.648,0.146,241.670,2.800,0.000,0.000,0.0
2010-01-01,09:45:00,0.650,0.148,241.930,2.800,0.000,0.000,1.0
2010-01-01,09:46:00,0.572,0.000,242.580,2.400,0.000,0.000,1.0
2010-01-01,09:47:00,0.558,0.000,242.300,2.200,0.000,0.000,0.0
2010-01-01,09:48:00,0.562,0.000,243.290,2.200,0.000,0.000,1.0
2010-01-01,09:49:00,0.562,0.000,243.420,2.200,0.000,0.000,1.0
2010-01-01,09:50:00,0.562,0.000,243.480,2.200,0.000,0.000,0.0
2010-01-01,09:51:00,0.568,0.000,243.490,2.200,0.000,0.000,1.0
2010-01-01,09:52:00,0.568,0.000,243.340,2.400,0.000,0.000,1.0
2010-01-01,09:53:00,0.570,0.000,243.860,2.400,0.000,0.000,0.0
2010-01-01,09:54:00,0.566,0.000,243.700,2.200,0.000,0.000,1.0
2010-01-01,09:55:00,0.564,0.000,243.830,2.200,0.000,0.000,1.0
2010-01-01,09:56:00,0.560,0.000,242.780,2.200,0.000,0.000,0.0
2010-01-01,09:57:00,0.558,0.000,242.300,2.200,0.000,0.000,1.0
2010-01-01,09:58:00,0.574,0.000,242.000,2.400,0.000,0.000,1.0
2010-01-01,09:59:00,0.634,0.116,241.860,2.600,0.000,0.000,0.0
2010-01-01,10:00:00,0.632,0.116,241.880,2.600,0.000,0.000,1.0
2010-01-01,10:01:00,0.638,0.120,242.930,2.600,0.000,0.000,1.0
2010-01-01,10:02:00,0.640,0.124,243.940,2.600,0.000,0.000,0.0
2010-01-01,10:03:00,0.636,0.120,242.970,2.600,0.000,0.000,1.0
2010-01-01,10:04:00,0.630,0.116,241.710,2.600,0.000,0.000,1.0
2010-01-01,10:05:00,0.628,0.114,241.480,2.600,0.000,0.000,0.0
2010-01-01,10:06:00,0.630,0.112,240.920,2.600,0.000,0.000,1.0
2010-01-01,10:07:00,0.630,0.114,241.100,2.600,0.000,0.000,1.0
2010-01-01,10:08:00,0.632,0.118,241.870,2.600,0.000,0.000,0.0
2010-01-01,10:09:00,0.626,0.118,242.150,2.600,0.000,0.000,1.0
2010-01-01,10:10:00,0.628,0.120,242.840,2.600,0.000,0.000,1.0
2010-01-01,10:11:00,0.906,0.000,241.730,4.200,0.000,0.000,5.0
2010-01-01,10:12:00,1.676,0.000,240.910,6.800,0.000,0.000,19.0
2010-01-01,10:13:00,1.660,0.000,240.860,6.800,0.000,0.000,19.0
2010-01-01,10:14:00,1.728,0.086,240.790,7.200,0.000,0.000,19.0
2010-01-01,10:15:00,1.756,0.138,241.770,7.200,0.000,0.000,19.0
2010-01-01,10:16:00,1.760,0.142,242.600,7.200,0.000,0.000,18.0
2010-01-01,10:17:00,1.750,0.138,242.070,7.200,0.000,0.000,19.0
2010-01-01,10:18:00,1.748,0.140,242.150,7.200,0.000,0.000,19.0
2010-01-01,10:19:00,1.742,0.138,241.870,7.200,0.000,0.000,18.0
2010-01-01,10:20:00,1.720,0.132,240.360,7.200,0.000,0.000,19.0
2010-01-01,10:21:00,1.718,0.130,239.920,7.200,0.000,0.000,18.0
2010-01-01,10:22:00,1.720,0.132,240.140,7.200,0.000,0.000,19.0
2010-01-01,10:23:00,1.706,0.128,239.180,7.000,0.000,0.000,18.0
2010-01-01,10:24:00,1.712,0.130,239.980,7.000,0.000,0.000,18.0
2010-01-01,10:25:00,1.722,0.134,240.990,7.000,0.000,0.000,19.0
2010-01-01,10:26:00,1.714,0.132,240.420,7.000,0.000,0.000,18.0
2010-01-01,10:27:00,1.696,0.126,238.990,7.000,0.000,0.000,18.0
2010-01-01,10:28:00,1.708,0.130,239.950,7.000,0.000,0.000,18.0
2010-01-01,10:29:00,1.710,0.132,240.260,7.000,0.000,0.000,19.0
2010-01-01,10:30:00,1.708,0.130,240.150,7.000,0.000,0.000,18.0
2010-01-01,10:31:00,1.668,0.068,240.320,6.800,0.000,0.000,18.0
2010-01-01,10:32:00,1.626,0.000,240.930,6.600,0.000,0.000,19.0
2010-01-01,10:33:00,1.630,0.000,241.260,6.600,0.000,0.000,18.0
2010-01-01,10:34:00,1.626,0.000,240.860,6.600,0.000,0.000,19.0
2010-01-01,10:35:00,1.614,0.000,239.860,6.600,0.000,0.000,18.0
2010-01-01,10:36:00,1.618,0.000,239.750,6.600,0.000,0.000,18.0
2010-01-01,10:37:00,1.624,0.000,240.150,6.600,0.000,0.000,19.0
2010-01-01,10:38:00,1.634,0.000,241.010,6.800,0.000,0.000,18.0
2010-01-01,10:39:00,1.642,0.000,241.630,6.800,0.000,0.000,19.0
2010-01-01,10:40:00,1.640,0.000,241.480,6.800,0.000,0.000,18.0
2010-01-01,10:41:00,1.636,0.000,241.120,6.800,0.000,0.000,19.0
2010-01-01,10:42:00,1.632,0.000,241.470,6.600,0.000,0.000,18.0
2010-01-01,10:43:00,1.636,0.000,241.800,6.600,0.000,0.000,19.0
2010-01-01,10:44:00,1.638,0.000,241.860,6.800,0.000,0.000,18.0
2010-01-01,10:45:00,1.634,0.000,241.530,6.600,0.000,0.000,19.0
2010-01-01,10:46:00,1.632,0.000,241.430,6.600,0.000,0.000,18.0
2010-01-01,10:47:00,1.628,0.000,241.000,6.600,0.000,0.000,19.0
2010-01-01,10:48:00,1.634,0.000,241.530,6.600,0.000,0.000,18.0
2010-01-01,10:49:00,1.632,0.000,241.320,6.600,0.000,0.000,19.0
2010-01-01,10:50:00,1.622,0.000,240.550,6.600,0.000,0.000,18.0
2010-01-01,10:51:00,1.620,0.000,240.060,6.600,0.000,0.000,19.0
2010-01-01,10:52:00,1.624,0.000,240.150,6.600,0.000,0.000,18.0
2010-01-01,10:53:00,1.704,0.090,239.920,7.000,0.000,0.000,18.0
2010-01-01,10:54:00,1.694,0.100,240.020,7.000,0.000,0.000,18.0
2010-01-01,10:55:00,1.704,0.104,240.620,7.000,0.000,0.000,19.0
2010-01-01,10:56:00,1.696,0.102,240.100,7.000,0.000,0.000,18.0
2010-01-01,10:57:00,1.694,0.100,239.930,7.000,0.000,0.000,18.0
2010-01-01,10:58:00,1.696,0.102,240.170,7.000,0.000,0.000,19.0
2010-01-01,10:59:00,1.724,0.126,240.110,7.200,0.000,0.000,18.0
2010-01-01,11:00:00,1.806,0.236,240.550,7.400,0.000,0.000,19.0
2010-01-01,11:01:00,1.796,0.236,240.650,7.400,0.000,0.000,18.0
2010-01-01,11:02:00,1.808,0.242,241.720,7.400,0.000,0.000,18.0
2010-01-01,11:03:00,1.810,0.244,242.090,7.400,0.000,0.000,19.0
2010-01-01,11:04:00,1.802,0.242,241.600,7.400,0.000,0.000,19.0
2010-01-01,11:05:00,1.728,0.148,240.330,7.200,0.000,0.000,18.0
2010-01-01,11:06:00,1.716,0.130,240.030,7.000,0.000,0.000,18.0
2010-01-01,11:07:00,1.712,0.130,239.640,7.000,0.000,0.000,19.0
2010-01-01,11:08:00,1.258,0.136,240.010,5.600,0.000,0.000,11.0
2010-01-01,11:09:00,0.652,0.144,240.600,2.800,0.000,0.000,1.0
2010-01-01,11:10:00,0.656,0.148,241.700,2.800,0.000,0.000,0.0
2010-01-01,11:11:00,0.654,0.148,241.340,2.800,0.000,0.000,1.0
2010-01-01,11:12:00,0.724,0.230,239.370,3.200,0.000,0.000,1.0
2010-01-01,11:13:00,0.726,0.258,239.190,3.200,0.000,1.000,0.0
2010-01-01,11:14:00,0.728,0.262,239.870,3.200,0.000,1.000,1.0
2010-01-01,11:15:00,0.726,0.260,239.490,3.200,0.000,2.000,1.0
2010-01-01,11:16:00,0.708,0.232,239.880,3.000,0.000,1.000,0.0
2010-01-01,11:17:00,0.636,0.128,239.710,2.600,0.000,1.000,1.0
2010-01-01,11:18:00,0.636,0.134,241.330,2.600,0.000,2.000,0.0
2010-01-01,11:19:00,0.638,0.134,241.540,2.600,0.000,1.000,1.0
2010-01-01,11:20:00,0.638,0.136,242.030,2.600,0.000,2.000,1.0
2010-01-01,11:21:00,0.644,0.136,241.870,2.600,0.000,1.000,0.0
2010-01-01,11:22:00,0.644,0.136,241.700,2.600,0.000,1.000,1.0
2010-01-01,11:23:00,0.642,0.134,241.260,2.600,0.000,2.000,1.0
2010-01-01,11:24:00,0.640,0.132,240.940,2.600,0.000,1.000,0.0
2010-01-01,11:25:00,0.640,0.130,240.550,2.600,0.000,2.000,1.0
2010-01-01,11:26:00,0.640,0.132,240.760,2.600,0.000,1.000,1.0
2010-01-01,11:27:00,0.638,0.130,240.460,2.600,0.000,1.000,0.0
2010-01-01,11:28:00,0.642,0.136,241.670,2.600,0.000,2.000,1.0
2010-01-01,11:29:00,0.638,0.134,241.340,2.600,0.000,1.000,1.0
2010-01-01,11:30:00,0.636,0.132,241.090,2.600,0.000,1.000,0.0
2010-01-01,11:31:00,0.636,0.134,241.320,2.600,0.000,2.000,1.0
2010-01-01,11:32:00,0.632,0.134,241.400,2.600,0.000,1.000,1.0
2010-01-01,11:33:00,0.628,0.132,241.400,2.600,0.000,1.000,0.0
2010-01-01,11:34:00,0.628,0.134,241.510,2.600,0.000,1.000,1.0
2010-01-01,11:35:00,0.628,0.134,241.290,2.600,0.000,2.000,1.0
2010-01-01,11:36:00,0.630,0.132,240.950,2.600,0.000,1.000,0.0
2010-01-01,11:37:00,0.630,0.128,240.270,2.600,0.000,1.000,1.0
2010-01-01,11:38:00,0.632,0.132,241.150,2.600,0.000,1.000,1.0
2010-01-01,11:39:00,0.632,0.132,240.920,2.600,0.000,2.000,0.0
2010-01-01,11:40:00,0.630,0.132,240.990,2.600,0.000,1.000,1.0
2010-01-01,11:41:00,0.636,0.138,242.250,2.600,0.000,1.000,1.0
2010-01-01,11:42:00,0.638,0.140,242.730,2.600,0.000,1.000,0.0
2010-01-01,11:43:00,0.640,0.144,243.520,2.600,0.000,1.000,1.0
2010-01-01,11:44:00,0.638,0.142,243.270,2.600,0.000,2.000,1.0
2010-01-01,11:45:00,0.728,0.242,241.320,3.200,0.000,1.000,0.0
2010-01-01,11:46:00,0.732,0.270,241.550,3.200,0.000,1.000,1.0
2010-01-01,11:47:00,0.786,0.326,240.940,3.600,0.000,1.000,1.0
2010-01-01,11:48:00,0.804,0.374,241.840,3.600,0.000,1.000,0.0
2010-01-01,11:49:00,0.806,0.380,242.700,3.600,0.000,2.000,1.0
2010-01-01,11:50:00,0.804,0.380,242.480,3.600,0.000,1.000,0.0
2010-01-01,11:51:00,0.764,0.306,242.670,3.400,0.000,0.000,1.0
2010-01-01,11:52:00,0.736,0.256,242.130,3.200,0.000,0.000,1.0
2010-01-01,11:53:00,0.736,0.258,242.590,3.200,0.000,0.000,0.0
2010-01-01,11:54:00,0.732,0.256,242.140,3.200,0.000,0.000,1.0
2010-01-01,11:55:00,0.730,0.256,242.340,3.200,0.000,0.000,1.0
2010-01-01,11:56:00,0.732,0.262,243.320,3.200,0.000,0.000,0.0
2010-01-01,11:57:00,0.726,0.260,242.810,3.200,0.000,0.000,1.0
2010-01-01,11:58:00,0.718,0.256,242.060,3.000,0.000,0.000,1.0
2010-01-01,11:59:00,0.718,0.254,241.890,3.000,0.000,0.000,0.0
2010-01-01,12:00:00,0.674,0.188,241.750,2.800,0.000,0.000,1.0
2010-01-01,12:01:00,0.650,0.150,242.070,2.800,0.000,0.000,1.0
2010-01-01,12:02:00,0.580,0.050,241.930,2.400,0.000,0.000,0.0
2010-01-01,12:03:00,0.558,0.000,242.710,2.200,0.000,0.000,1.0
2010-01-01,12:04:00,0.562,0.000,243.390,2.200,0.000,0.000,1.0
2010-01-01,12:05:00,0.558,0.000,242.240,2.200,0.000,0.000,0.0
2010-01-01,12:06:00,0.558,0.000,241.210,2.200,0.000,0.000,1.0
2010-01-01,12:07:00,0.562,0.000,241.780,2.200,0.000,0.000,1.0
2010-01-01,12:08:00,0.560,0.000,241.340,2.200,0.000,0.000,0.0
2010-01-01,12:09:00,0.560,0.000,242.020,2.200,0.000,0.000,1.0
2010-01-01,12:10:00,0.558,0.000,242.380,2.200,0.000,0.000,1.0
2010-01-01,12:11:00,0.556,0.000,242.010,2.200,0.000,0.000,0.0
2010-01-01,12:12:00,0.560,0.000,242.720,2.200,0.000,0.000,1.0
2010-01-01,12:13:00,0.556,0.000,241.880,2.200,0.000,0.000,1.0
2010-01-01,12:14:00,0.550,0.000,240.470,2.200,0.000,0.000,0.0
2010-01-01,12:15:00,0.550,0.000,240.380,2.200,0.000,0.000,1.0
2010-01-01,12:16:00,0.550,0.000,240.480,2.200,0.000,0.000,1.0
2010-01-01,12:17:00,0.552,0.000,240.660,2.200,0.000,0.000,0.0
2010-01-01,12:18:00,0.556,0.000,241.900,2.200,0.000,0.000,1.0
2010-01-01,12:19:00,0.558,0.000,242.280,2.200,0.000,0.000,1.0
2010-01-01,12:20:00,0.558,0.000,242.110,2.200,0.000,0.000,0.0
2010-01-01,12:21:00,0.556,0.000,241.830,2.200,0.000,0.000,1.0
2010-01-01,12:22:00,0.558,0.000,242.270,2.200,0.000,0.000,1.0
2010-01-01,12:23:00,0.558,0.000,242.070,2.200,0.000,0.000,0.0
2010-01-01,12:24:00,0.558,0.000,242.510,2.200,0.000,0.000,1.0
2010-01-01,12:25:00,0.558,0.000,242.240,2.200,0.000,0.000,1.0
2010-01-01,12:26:00,0.560,0.000,242.570,2.200,0.000,0.000,0.0
2010-01-01,12:27:00,0.558,0.000,242.490,2.200,0.000,0.000,1.0
2010-01-01,12:28:00,0.562,0.000,243.550,2.200,0.000,0.000,1.0
2010-01-01,12:29:00,0.558,0.000,242.430,2.200,0.000,0.000,0.0
2010-01-01,12:30:00,0.622,0.080,242.340,2.600,0.000,0.000,1.0
2010-01-01,12:31:00,0.666,0.148,241.840,2.800,0.000,0.000,1.0
2010-01-01,12:32:00,0.662,0.148,241.690,2.800,0.000,0.000,0.0
2010-01-01,12:33:00,0.662,0.150,242.070,2.800,0.000,0.000,1.0
2010-01-01,12:34:00,0.664,0.154,242.970,2.800,0.000,0.000,1.0
2010-01-01,12:35:00,0.658,0.150,242.050,2.800,0.000,0.000,0.0
2010-01-01,12:36:00,0.656,0.148,241.910,2.800,0.000,0.000,1.0
2010-01-01,12:37:00,0.654,0.148,241.560,2.800,0.000,0.000,1.0
2010-01-01,12:38:00,0.656,0.152,242.450,2.800,0.000,0.000,0.0
2010-01-01,12:39:00,0.656,0.154,242.800,2.800,0.000,0.000,1.0
2010-01-01,12:40:00,0.652,0.150,242.220,2.800,0.000,0.000,1.0
2010-01-01,12:41:00,0.652,0.148,242.000,2.800,0.000,0.000,0.0
2010-01-01,12:42:00,0.710,0.208,242.060,3.000,0.000,0.000,1.0
2010-01-01,12:43:00,0.730,0.256,242.240,3.200,0.000,0.000,0.0
2010-01-01,12:44:00,0.734,0.256,242.240,3.200,0.000,0.000,1.0
2010-01-01,12:45:00,0.734,0.262,243.280,3.200,0.000,0.000,1.0
2010-01-01,12:46:00,0.730,0.262,243.320,3.200,0.000,0.000,0.0
2010-01-01,12:47:00,0.688,0.202,242.750,3.000,0.000,0.000,1.0
2010-01-01,12:48:00,0.634,0.122,242.820,2.600,0.000,0.000,1.0
2010-01-01,12:49:00,0.636,0.128,243.950,2.600,0.000,0.000,0.0
2010-01-01,12:50:00,0.636,0.128,244.090,2.600,0.000,0.000,1.0
2010-01-01,12:51:00,0.630,0.124,242.970,2.600,0.000,0.000,1.0
2010-01-01,12:52:00,0.630,0.124,242.930,2.600,0.000,0.000,0.0
2010-01-01,12:53:00,0.630,0.122,242.760,2.600,0.000,0.000,1.0
2010-01-01,12:54:00,0.628,0.122,242.440,2.600,0.000,0.000,1.0
2010-01-01,12:55:00,0.568,0.000,242.800,2.400,0.000,0.000,0.0
2010-01-01,12:56:00,0.562,0.000,243.470,2.200,0.000,0.000,1.0
2010-01-01,12:57:00,0.562,0.000,243.030,2.200,0.000,0.000,1.0
2010-01-01,12:58:00,0.562,0.000,242.450,2.200,0.000,0.000,0.0
2010-01-01,12:59:00,0.564,0.000,241.950,2.400,0.000,0.000,1.0
2010-01-01,13:00:00,0.566,0.000,242.240,2.400,0.000,0.000,1.0
2010-01-01,13:01:00,0.566,0.000,242.650,2.400,0.000,0.000,0.0
2010-01-01,13:02:00,0.566,0.000,242.670,2.400,0.000,0.000,1.0
2010-01-01,13:03:00,0.566,0.000,242.550,2.200,0.000,0.000,1.0
2010-01-01,13:04:00,0.564,0.000,242.810,2.200,0.000,0.000,0.0
2010-01-01,13:05:00,0.600,0.000,242.230,2.400,0.000,0.000,1.0
2010-01-01,13:06:00,0.784,0.000,241.600,3.200,0.000,0.000,1.0
2010-01-01,13:07:00,1.146,0.000,240.430,4.800,0.000,0.000,0.0
2010-01-01,13:08:00,1.100,0.000,239.660,4.600,0.000,0.000,1.0
2010-01-01,13:09:00,1.112,0.000,241.530,4.600,0.000,0.000,1.0
2010-01-01,13:10:00,1.110,0.000,241.110,4.600,0.000,0.000,0.0
2010-01-01,13:11:00,1.112,0.000,241.040,4.600,0.000,0.000,1.0
2010-01-01,13:12:00,1.114,0.000,241.620,4.600,0.000,0.000,1.0
2010-01-01,13:13:00,1.114,0.000,241.310,4.600,0.000,0.000,0.0
2010-01-01,13:14:00,1.114,0.000,240.860,4.600,0.000,0.000,1.0
2010-01-01,13:15:00,1.130,0.000,240.510,4.600,0.000,0.000,1.0
2010-01-01,13:16:00,1.220,0.138,240.610,5.000,0.000,0.000,0.0
2010-01-01,13:17:00,1.218,0.138,240.680,5.000,0.000,0.000,1.0
2010-01-01,13:18:00,1.224,0.142,241.580,5.000,0.000,0.000,1.0
2010-01-01,13:19:00,1.218,0.138,241.000,5.000,0.000,0.000,0.0
2010-01-01,13:20:00,1.214,0.138,240.840,5.000,0.000,0.000,1.0
2010-01-01,13:21:00,1.246,0.118,240.670,5.200,0.000,0.000,1.0
2010-01-01,13:22:00,1.274,0.104,241.340,5.200,0.000,0.000,0.0
2010-01-01,13:23:00,1.270,0.104,241.420,5.200,0.000,0.000,1.0
2010-01-01,13:24:00,1.270,0.104,241.570,5.200,0.000,0.000,1.0
2010-01-01,13:25:00,1.292,0.108,241.450,5.400,0.000,0.000,0.0
2010-01-01,13:26:00,1.328,0.112,241.570,5.400,0.000,0.000,1.0
2010-01-01,13:27:00,1.270,0.102,241.280,5.200,0.000,0.000,1.0
2010-01-01,13:28:00,1.268,0.102,240.910,5.200,0.000,0.000,0.0
2010-01-01,13:29:00,1.268,0.100,240.620,5.200,0.000,0.000,1.0
2010-01-01,13:30:00,1.264,0.098,240.520,5.200,0.000,0.000,0.0
2010-01-01,13:31:00,1.262,0.098,240.240,5.200,0.000,0.000,1.0
2010-01-01,13:32:00,1.212,0.050,239.850,5.000,0.000,0.000,1.0
2010-01-01,13:33:00,1.004,0.000,239.790,4.200,0.000,0.000,0.0
2010-01-01,13:34:00,0.680,0.000,240.030,2.800,0.000,0.000,1.0
2010-01-01,13:35:00,0.702,0.064,239.920,3.000,0.000,0.000,1.0
2010-01-01,13:36:00,2.196,0.132,238.760,10.400,23.000,0.000,0.0
2010-01-01,13:37:00,3.100,0.156,237.770,13.000,38.000,0.000,1.0
2010-01-01,13:38:00,3.098,0.154,237.450,13.000,38.000,0.000,1.0
2010-01-01,13:39:00,2.954,0.152,237.040,12.400,38.000,0.000,0.0
2010-01-01,13:40:00,2.952,0.148,236.870,12.400,38.000,0.000,1.0
2010-01-01,13:41:00,2.954,0.148,237.020,12.400,38.000,0.000,1.0
2010-01-01,13:42:00,2.982,0.154,238.250,12.400,39.000,0.000,0.0
2010-01-01,13:43:00,1.256,0.176,239.470,6.600,11.000,0.000,1.0
2010-01-01,13:44:00,0.760,0.178,239.240,3.200,1.000,0.000,0.0
2010-01-01,13:45:00,0.754,0.172,238.010,3.200,2.000,0.000,1.0
2010-01-01,13:46:00,0.750,0.170,237.470,3.200,1.000,0.000,1.0
2010-01-01,13:47:00,0.754,0.174,238.420,3.200,1.000,0.000,0.0
2010-01-01,13:48:00,0.688,0.072,238.280,2.800,2.000,0.000,1.0
2010-01-01,13:49:00,0.682,0.066,237.220,2.800,1.000,0.000,1.0
2010-01-01,13:50:00,0.690,0.074,238.890,2.800,1.000,0.000,0.0
2010-01-01,13:51:00,2.310,0.050,236.710,10.600,27.000,0.000,1.0
2010-01-01,13:52:00,2.852,0.000,235.450,12.000,38.000,0.000,1.0
2010-01-01,13:53:00,1.260,0.058,236.410,6.600,12.000,0.000,0.0
2010-01-01,13:54:00,0.690,0.080,240.740,2.800,2.000,0.000,1.0
2010-01-01,13:55:00,0.690,0.080,240.820,2.800,1.000,0.000,1.0
2010-01-01,13:56:00,0.688,0.078,240.400,2.800,1.000,0.000,0.0
2010-01-01,13:57:00,0.696,0.086,242.010,2.800,2.000,0.000,1.0
2010-01-01,13:58:00,0.704,0.092,243.330,2.800,1.000,0.000,0.0
2010-01-01,13:59:00,0.708,0.090,243.200,3.000,2.000,0.000,1.0
2010-01-01,14:00:00,0.722,0.098,243.530,3.000,1.000,0.000,1.0
2010-01-01,14:01:00,1.774,0.208,241.280,8.800,16.000,0.000,0.0
2010-01-01,14:02:00,3.152,0.220,239.540,13.200,39.000,0.000,2.0
2010-01-01,14:03:00,2.444,0.362,238.620,11.200,21.000,0.000,10.0
2010-01-01,14:04:00,1.390,0.398,240.810,6.000,2.000,0.000,9.0
2010-01-01,14:05:00,1.516,0.402,241.250,6.400,1.000,0.000,11.0
2010-01-01,14:06:00,1.562,0.410,242.130,6.600,1.000,0.000,10.0
2010-01-01,14:07:00,1.552,0.396,241.400,6.600,2.000,0.000,11.0
2010-01-01,14:08:00,0.946,0.212,240.360,4.000,1.000,0.000,1.0
2010-01-01,14:09:00,0.948,0.214,240.910,4.000,2.000,0.000,1.0
2010-01-01,14:10:00,0.948,0.216,241.070,4.000,1.000,0.000,0.0
2010-01-01,14:11:00,0.946,0.214,240.830,4.000,1.000,0.000,1.0
2010-01-01,14:12:00,2.752,0.190,239.240,12.000,30.000,0.000,1.0
2010-01-01,14:13:00,3.192,0.188,239.550,13.200,39.000,0.000,0.0
2010-01-01,14:14:00,1.292,0.222,242.280,6.200,8.000,0.000,1.0
2010-01-01,14:15:00,0.966,0.230,243.240,4.000,2.000,0.000,1.0
2010-01-01,14:16:00,0.962,0.226,242.680,4.000,1.000,0.000,0.0
2010-01-01,14:17:00,0.966,0.234,244.090,4.000,2.000,0.000,1.0
2010-01-01,14:18:00,0.894,0.132,243.730,3.600,1.000,0.000,1.0
2010-01-01,14:19:00,0.866,0.092,243.340,3.600,1.000,0.000,0.0
2010-01-01,14:20:00,0.872,0.096,244.340,3.600,2.000,0.000,1.0
2010-01-01,14:21:00,0.878,0.104,245.510,3.600,1.000,0.000,1.0
2010-01-01,14:22:00,0.886,0.108,246.590,3.600,1.000,0.000,0.0
2010-01-01,14:23:00,3.180,0.072,243.810,13.000,39.000,0.000,1.0
2010-01-01,14:24:00,2.936,0.076,244.020,12.400,37.000,0.000,1.0
2010-01-01,14:25:00,0.886,0.108,246.730,3.600,1.000,0.000,0.0
2010-01-01,14:26:00,0.886,0.108,246.760,3.600,2.000,0.000,1.0
2010-01-01,14:27:00,0.884,0.108,246.360,3.600,1.000,0.000,1.0
2010-01-01,14:28:00,0.938,0.162,246.050,3.800,2.000,0.000,0.0
2010-01-01,14:29:00,0.894,0.138,245.910,3.600,0.000,0.000,1.0
2010-01-01,14:30:00,0.862,0.140,245.110,3.600,1.000,0.000,1.0
2010-01-01,14:31:00,0.864,0.116,244.030,3.600,2.000,0.000,0.0
2010-01-01,14:32:00,2.806,0.084,242.200,12.000,32.000,0.000,1.0
2010-01-01,14:33:00,3.112,0.080,242.000,12.800,39.000,0.000,1.0
2010-01-01,14:34:00,3.108,0.084,241.850,12.800,39.000,0.000,0.0
2010-01-01,14:35:00,3.096,0.080,241.740,12.800,38.000,0.000,1.0
2010-01-01,14:36:00,3.082,0.076,241.250,12.600,39.000,0.000,1.0
2010-01-01,14:37:00,3.058,0.074,240.360,12.600,38.000,0.000,0.0
2010-01-01,14:38:00,3.048,0.072,239.920,12.600,38.000,0.000,1.0
2010-01-01,14:39:00,3.110,0.138,239.880,13.000,38.000,0.000,1.0
2010-01-01,14:40:00,3.124,0.192,239.610,13.000,38.000,1.000,0.0
2010-01-01,14:41:00,3.072,0.122,239.520,12.800,38.000,2.000,1.0
2010-01-01,14:42:00,3.050,0.088,239.750,12.600,38.000,1.000,1.0
2010-01-01,14:43:00,2.496,0.108,241.200,11.000,30.000,1.000,0.0
2010-01-01,14:44:00,0.824,0.152,241.480,3.400,1.000,2.000,1.0
2010-01-01,14:45:00,0.882,0.164,241.740,3.800,1.000,1.000,1.0
2010-01-01,14:46:00,1.398,0.250,241.300,6.800,7.000,1.000,0.0
2010-01-01,14:47:00,3.178,0.228,240.170,13.200,38.000,2.000,1.0
2010-01-01,14:48:00,3.012,0.228,240.780,12.600,37.000,1.000,1.0
2010-01-01,14:49:00,0.944,0.294,242.760,4.000,1.000,2.000,0.0
2010-01-01,14:50:00,0.928,0.272,242.570,4.000,1.000,1.000,1.0
2010-01-01,14:51:00,1.496,0.250,241.520,7.400,9.000,1.000,0.0
2010-01-01,14:52:00,3.142,0.220,239.510,13.000,38.000,2.000,1.0
2010-01-01,14:53:00,3.140,0.218,239.280,13.000,38.000,1.000,1.0
2010-01-01,14:54:00,3.154,0.222,239.710,13.200,38.000,2.000,0.0
2010-01-01,14:55:00,3.154,0.224,239.970,13.000,38.000,1.000,1.0
2010-01-01,14:56:00,3.150,0.224,240.060,13.000,38.000,1.000,1.0
2010-01-01,14:57:00,3.156,0.226,240.490,13.000,38.000,2.000,0.0
2010-01-01,14:58:00,3.164,0.228,240.990,13.000,38.000,1.000,1.0
2010-01-01,14:59:00,1.752,0.256,242.690,8.600,16.000,1.000,1.0
2010-01-01,15:00:00,0.902,0.292,243.980,3.800,1.000,1.000,0.0
2010-01-01,15:01:00,0.882,0.260,243.840,3.800,0.000,2.000,1.0
2010-01-01,15:02:00,0.916,0.306,244.590,4.000,0.000,1.000,1.0
2010-01-01,15:03:00,0.788,0.122,244.370,3.200,1.000,1.000,0.0
2010-01-01,15:04:00,0.780,0.112,243.700,3.200,0.000,1.000,1.0
2010-01-01,15:05:00,0.788,0.122,245.440,3.200,0.000,2.000,1.0
2010-01-01,15:06:00,0.782,0.114,244.200,3.200,0.000,1.000,0.0
2010-01-01,15:07:00,0.778,0.114,243.760,3.200,0.000,1.000,1.0
2010-01-01,15:08:00,0.776,0.110,242.980,3.200,0.000,1.000,1.0
2010-01-01,15:09:00,0.780,0.110,242.890,3.200,0.000,2.000,0.0
2010-01-01,15:10:00,0.782,0.110,243.070,3.200,0.000,1.000,1.0
2010-01-01,15:11:00,0.782,0.110,243.110,3.200,0.000,1.000,1.0
2010-01-01,15:12:00,0.784,0.114,243.740,3.200,0.000,1.000,0.0
2010-01-01,15:13:00,0.786,0.116,244.200,3.200,0.000,1.000,1.0
2010-01-01,15:14:00,0.738,0.000,243.830,3.000,0.000,1.000,1.0
2010-01-01,15:15:00,0.710,0.000,243.140,2.800,0.000,0.000,0.0
2010-01-01,15:16:00,0.712,0.000,243.600,2.800,0.000,0.000,1.0
2010-01-01,15:17:00,0.714,0.000,243.950,2.800,0.000,0.000,1.0
2010-01-01,15:18:00,0.716,0.000,244.660,3.000,0.000,0.000,0.0
2010-01-01,15:19:00,0.710,0.000,244.790,2.800,0.000,0.000,1.0
2010-01-01,15:20:00,0.738,0.000,245.080,3.000,0.000,0.000,1.0
2010-01-01,15:21:00,0.788,0.098,244.590,3.200,0.000,0.000,0.0
2010-01-01,15:22:00,0.790,0.100,245.080,3.200,0.000,0.000,1.0
2010-01-01,15:23:00,0.790,0.098,245.050,3.200,0.000,0.000,1.0
2010-01-01,15:24:00,0.796,0.100,245.200,3.200,0.000,0.000,0.0
2010-01-01,15:25:00,0.792,0.122,245.400,3.200,0.000,0.000,1.0
2010-01-01,15:26:00,0.892,0.122,245.020,3.800,0.000,0.000,1.0
2010-01-01,15:27:00,1.002,0.124,245.300,4.200,0.000,0.000,0.0
2010-01-01,15:28:00,0.864,0.126,245.400,3.600,0.000,0.000,1.0
2010-01-01,15:29:00,0.774,0.124,244.560,3.200,0.000,0.000,1.0
2010-01-01,15:30:00,0.786,0.142,244.430,3.200,0.000,0.000,1.0
2010-01-01,15:31:00,0.828,0.266,243.260,3.600,0.000,0.000,0.0
2010-01-01,15:32:00,0.824,0.266,243.570,3.600,0.000,0.000,1.0
2010-01-01,15:33:00,0.792,0.204,244.130,3.400,0.000,0.000,1.0
2010-01-01,15:34:00,0.764,0.164,244.020,3.200,0.000,0.000,0.0
2010-01-01,15:35:00,0.754,0.162,243.980,3.200,0.000,0.000,1.0
2010-01-01,15:36:00,0.744,0.162,244.100,3.000,0.000,0.000,1.0
2010-01-01,15:37:00,0.740,0.160,243.370,3.000,0.000,0.000,0.0
2010-01-01,15:38:00,0.730,0.150,241.490,3.000,0.000,0.000,1.0
2010-01-01,15:39:00,0.738,0.154,242.110,3.000,0.000,0.000,1.0
2010-01-01,15:40:00,0.740,0.156,242.670,3.000,0.000,0.000,0.0
2010-01-01,15:41:00,0.738,0.156,242.490,3.000,0.000,0.000,1.0
2010-01-01,15:42:00,0.740,0.156,242.660,3.000,0.000,0.000,1.0
2010-01-01,15:43:00,0.734,0.152,241.910,3.000,0.000,0.000,0.0
2010-01-01,15:44:00,0.732,0.150,241.520,3.000,0.000,0.000,1.0
2010-01-01,15:45:00,0.732,0.150,241.450,3.000,0.000,0.000,0.0
2010-01-01,15:46:00,0.732,0.152,241.720,3.000,0.000,0.000,1.0
2010-01-01,15:47:00,0.732,0.152,241.640,3.000,0.000,0.000,1.0
2010-01-01,15:48:00,0.656,0.000,241.360,2.600,0.000,0.000,0.0
2010-01-01,15:49:00,0.642,0.000,242.280,2.600,0.000,0.000,1.0
2010-01-01,15:50:00,0.640,0.000,243.310,2.600,0.000,0.000,1.0
2010-01-01,15:51:00,0.640,0.000,243.240,2.600,0.000,0.000,0.0
2010-01-01,15:52:00,0.642,0.000,243.500,2.600,0.000,0.000,1.0
2010-01-01,15:53:00,0.636,0.000,242.530,2.600,0.000,0.000,1.0
2010-01-01,15:54:00,0.642,0.000,242.420,2.600,0.000,0.000,0.0
2010-01-01,15:55:00,0.638,0.000,241.440,2.600,0.000,0.000,1.0
2010-01-01,15:56:00,0.642,0.000,241.230,2.600,0.000,0.000,1.0
2010-01-01,15:57:00,0.652,0.000,241.730,2.600,0.000,0.000,0.0
2010-01-01,15:58:00,0.652,0.000,242.020,2.600,0.000,0.000,1.0
2010-01-01,15:59:00,0.652,0.000,242.060,2.600,0.000,0.000,1.0
2010-01-01,16:00:00,0.654,0.000,242.740,2.600,0.000,0.000,0.0
2010-01-01,16:01:00,0.648,0.000,243.370,2.600,0.000,0.000,1.0
2010-01-01,16:02:00,0.644,0.000,243.160,2.600,0.000,0.000,1.0
2010-01-01,16:03:00,0.640,0.000,243.440,2.600,0.000,0.000,0.0
2010-01-01,16:04:00,0.640,0.000,243.260,2.600,0.000,0.000,1.0
2010-01-01,16:05:00,0.800,0.000,243.060,3.400,0.000,0.000,1.0
2010-01-01,16:06:00,0.970,0.000,242.970,4.000,0.000,0.000,0.0
2010-01-01,16:07:00,0.972,0.000,243.260,4.000,0.000,0.000,1.0
2010-01-01,16:08:00,0.974,0.000,243.590,4.000,0.000,0.000,1.0
2010-01-01,16:09:00,1.016,0.000,243.580,4.200,0.000,0.000,1.0
2010-01-01,16:10:00,2.118,0.050,242.450,8.600,0.000,0.000,19.0
2010-01-01,16:11:00,2.106,0.050,242.500,8.600,0.000,0.000,19.0
2010-01-01,16:12:00,2.116,0.074,242.300,8.600,1.000,0.000,19.0
2010-01-01,16:13:00,2.166,0.160,243.490,8.800,1.000,0.000,20.0
2010-01-01,16:14:00,2.166,0.162,243.910,8.800,1.000,0.000,19.0
2010-01-01,16:15:00,2.154,0.158,243.430,8.800,0.000,0.000,18.0
2010-01-01,16:16:00,2.264,0.272,244.420,9.200,1.000,0.000,20.0
2010-01-01,16:17:00,2.642,0.420,244.060,11.400,1.000,0.000,19.0
2010-01-01,16:18:00,2.754,0.416,243.480,11.800,1.000,0.000,18.0
2010-01-01,16:19:00,2.254,0.300,243.960,9.200,1.000,0.000,19.0
2010-01-01,16:20:00,2.260,0.304,244.510,9.200,0.000,0.000,19.0
2010-01-01,16:21:00,2.270,0.310,245.290,9.200,1.000,0.000,19.0
2010-01-01,16:22:00,2.268,0.310,245.310,9.200,1.000,0.000,20.0
2010-01-01,16:23:00,2.268,0.310,245.330,9.200,1.000,0.000,19.0
2010-01-01,16:24:00,2.254,0.302,244.190,9.200,1.000,0.000,19.0
2010-01-01,16:25:00,2.244,0.298,243.550,9.200,0.000,0.000,18.0
2010-01-01,16:26:00,2.406,0.290,242.510,10.000,1.000,0.000,19.0
2010-01-01,16:27:00,2.224,0.282,243.130,9.200,1.000,0.000,19.0
2010-01-01,16:28:00,2.156,0.188,242.680,8.800,1.000,0.000,19.0
2010-01-01,16:29:00,2.152,0.186,242.640,8.800,0.000,0.000,18.0
2010-01-01,16:30:00,2.164,0.192,243.480,8.800,1.000,0.000,19.0
2010-01-01,16:31:00,2.166,0.192,243.650,8.800,1.000,0.000,19.0
2010-01-01,16:32:00,2.158,0.190,243.190,8.800,1.000,0.000,19.0
2010-01-01,16:33:00,3.994,0.220,242.910,17.000,29.000,0.000,19.0
2010-01-01,16:34:00,4.420,0.100,242.610,18.200,40.000,0.000,18.0
2010-01-01,16:35:00,4.376,0.096,241.830,18.000,40.000,0.000,19.0
2010-01-01,16:36:00,4.374,0.094,241.610,18.000,39.000,0.000,18.0
2010-01-01,16:37:00,4.382,0.094,241.810,18.000,39.000,0.000,19.0
2010-01-01,16:38:00,4.400,0.096,242.170,18.000,40.000,0.000,19.0
2010-01-01,16:39:00,4.402,0.096,242.270,18.000,40.000,0.000,18.0
2010-01-01,16:40:00,4.406,0.096,242.410,18.000,40.000,0.000,19.0
2010-01-01,16:41:00,4.400,0.094,242.190,18.000,39.000,0.000,19.0
2010-01-01,16:42:00,4.374,0.090,241.480,18.000,40.000,0.000,18.0
2010-01-01,16:43:00,4.410,0.076,241.700,18.200,39.000,0.000,19.0
2010-01-01,16:44:00,4.436,0.056,241.450,18.200,40.000,0.000,18.0
2010-01-01,16:45:00,4.438,0.056,241.530,18.200,39.000,0.000,19.0
2010-01-01,16:46:00,4.440,0.056,241.590,18.200,40.000,0.000,18.0
2010-01-01,16:47:00,4.436,0.056,241.490,18.200,39.000,0.000,19.0
2010-01-01,16:48:00,4.414,0.052,240.840,18.200,40.000,0.000,18.0
2010-01-01,16:49:00,4.394,0.050,240.260,18.200,39.000,0.000,19.0
2010-01-01,16:50:00,4.394,0.050,240.260,18.200,39.000,0.000,18.0
2010-01-01,16:51:00,2.960,0.064,241.430,13.000,16.000,0.000,18.0
2010-01-01,16:52:00,2.814,0.068,242.100,12.400,11.000,0.000,19.0
2010-01-01,16:53:00,4.388,0.048,240.210,18.200,39.000,0.000,18.0
2010-01-01,16:54:00,4.370,0.000,239.080,18.200,39.000,0.000,19.0
2010-01-01,16:55:00,3.370,0.052,239.190,14.800,24.000,0.000,18.0
2010-01-01,16:56:00,2.184,0.046,241.130,9.200,1.000,0.000,18.0
2010-01-01,16:57:00,2.154,0.074,242.560,8.800,0.000,0.000,19.0
2010-01-01,16:58:00,2.262,0.094,243.000,9.400,0.000,0.000,19.0
2010-01-01,16:59:00,4.976,0.092,240.150,20.600,1.000,0.000,18.0
2010-01-01,17:00:00,4.968,0.092,240.170,20.600,0.000,0.000,18.0
2010-01-01,17:01:00,3.460,0.190,242.330,15.200,1.000,0.000,19.0
2010-01-01,17:02:00,2.288,0.256,242.850,9.400,0.000,0.000,19.0
2010-01-01,17:03:00,2.288,0.258,243.260,9.400,1.000,0.000,18.0
2010-01-01,17:04:00,2.274,0.254,242.410,9.400,0.000,0.000,19.0
2010-01-01,17:05:00,2.260,0.250,241.680,9.400,1.000,0.000,19.0
2010-01-01,17:06:00,2.146,0.250,241.730,9.000,0.000,0.000,17.0
2010-01-01,17:07:00,1.180,0.260,241.940,5.000,1.000,0.000,1.0
2010-01-01,17:08:00,1.188,0.266,243.060,5.000,0.000,0.000,0.0
2010-01-01,17:09:00,1.188,0.270,243.580,5.000,1.000,0.000,1.0
2010-01-01,17:10:00,1.182,0.264,242.800,5.000,0.000,0.000,1.0
2010-01-01,17:11:00,1.176,0.260,242.150,5.000,1.000,0.000,0.0
2010-01-01,17:12:00,1.168,0.254,240.900,4.800,0.000,0.000,1.0
2010-01-01,17:13:00,1.172,0.258,241.530,5.000,1.000,0.000,1.0
2010-01-01,17:14:00,1.152,0.224,242.050,4.800,0.000,0.000,0.0
2010-01-01,17:15:00,1.104,0.154,241.730,4.600,1.000,0.000,1.0
2010-01-01,17:16:00,1.112,0.162,243.010,4.600,0.000,0.000,1.0
2010-01-01,17:17:00,1.112,0.162,243.100,4.600,1.000,0.000,0.0
2010-01-01,17:18:00,1.108,0.158,242.410,4.600,0.000,0.000,1.0
2010-01-01,17:19:00,1.080,0.114,242.990,4.400,1.000,0.000,1.0
2010-01-01,17:20:00,1.018,0.000,242.610,4.200,0.000,0.000,0.0
2010-01-01,17:21:00,1.020,0.000,243.140,4.200,1.000,0.000,1.0
2010-01-01,17:22:00,1.018,0.000,242.780,4.200,0.000,0.000,1.0
2010-01-01,17:23:00,1.020,0.000,243.000,4.200,1.000,0.000,0.0
2010-01-01,17:24:00,0.996,0.000,242.770,4.000,0.000,0.000,1.0
2010-01-01,17:25:00,1.092,0.000,243.450,4.400,0.000,0.000,1.0
2010-01-01,17:26:00,1.342,0.000,241.910,5.400,0.000,0.000,0.0
2010-01-01,17:27:00,1.402,0.000,241.930,5.800,0.000,0.000,1.0
2010-01-01,17:28:00,1.336,0.000,242.120,5.400,0.000,0.000,1.0
2010-01-01,17:29:00,1.336,0.000,241.960,5.400,0.000,0.000,0.0
2010-01-01,17:30:00,1.340,0.000,242.360,5.400,0.000,0.000,1.0
2010-01-01,17:31:00,1.344,0.000,242.900,5.400,0.000,0.000,1.0
2010-01-01,17:32:00,1.346,0.000,243.230,5.400,0.000,0.000,0.0
2010-01-01,17:33:00,1.376,0.000,242.120,5.600,0.000,0.000,1.0
2010-01-01,17:34:00,1.168,0.000,242.310,4.800,0.000,0.000,1.0
2010-01-01,17:35:00,0.848,0.000,242.760,3.400,0.000,0.000,0.0
2010-01-01,17:36:00,0.780,0.000,242.380,3.200,0.000,0.000,1.0
2010-01-01,17:37:00,0.646,0.000,241.990,2.600,0.000,0.000,1.0
2010-01-01,17:38:00,0.578,0.000,242.720,2.400,0.000,0.000,0.0
2010-01-01,17:39:00,0.576,0.000,242.500,2.400,0.000,0.000,1.0
2010-01-01,17:40:00,0.574,0.000,242.100,2.400,0.000,0.000,1.0
2010-01-01,17:41:00,0.564,0.000,241.390,2.400,0.000,0.000,0.0
2010-01-01,17:42:00,0.560,0.000,242.710,2.200,0.000,0.000,1.0
2010-01-01,17:43:00,0.562,0.000,243.100,2.200,0.000,0.000,1.0
2010-01-01,17:44:00,0.566,0.000,243.770,2.200,0.000,0.000,0.0
2010-01-01,17:45:00,0.568,0.000,243.860,2.200,0.000,0.000,1.0
2010-01-01,17:46:00,0.614,0.072,244.360,2.600,0.000,0.000,1.0
2010-01-01,17:47:00,0.678,0.168,243.910,2.800,0.000,0.000,0.0
2010-01-01,17:48:00,0.672,0.166,243.470,2.800,0.000,0.000,1.0
2010-01-01,17:49:00,0.670,0.164,243.280,2.800,0.000,0.000,1.0
2010-01-01,17:50:00,0.714,0.206,242.630,3.000,0.000,0.000,0.0
2010-01-01,17:51:00,0.738,0.264,242.300,3.200,0.000,0.000,1.0
2010-01-01,17:52:00,0.736,0.260,241.790,3.200,0.000,0.000,1.0
2010-01-01,17:53:00,0.738,0.266,242.700,3.200,0.000,0.000,0.0
2010-01-01,17:54:00,0.738,0.270,243.210,3.200,0.000,0.000,1.0
2010-01-01,17:55:00,0.736,0.270,243.370,3.200,0.000,0.000,1.0
2010-01-01,17:56:00,0.728,0.262,241.930,3.200,0.000,0.000,0.0
2010-01-01,17:57:00,0.778,0.318,241.650,3.400,0.000,0.000,1.0
2010-01-01,17:58:00,0.804,0.386,241.870,3.600,0.000,1.000,1.0
2010-01-01,17:59:00,0.806,0.388,242.320,3.600,0.000,1.000,0.0
2010-01-01,18:00:00,0.802,0.384,241.650,3.600,0.000,2.000,1.0
2010-01-01,18:01:00,0.804,0.390,242.390,3.600,0.000,1.000,1.0
2010-01-01,18:02:00,0.810,0.392,242.820,3.600,0.000,1.000,0.0
2010-01-01,18:03:00,0.796,0.368,242.740,3.600,0.000,2.000,1.0
2010-01-01,18:04:00,0.792,0.154,242.870,3.400,0.000,1.000,1.0
2010-01-01,18:05:00,0.498,0.156,243.000,2.200,0.000,1.000,0.0
2010-01-01,18:06:00,0.794,0.148,242.280,3.400,0.000,2.000,1.0
2010-01-01,18:07:00,0.594,0.148,242.660,2.400,0.000,1.000,1.0
2010-01-01,18:08:00,0.570,0.146,242.410,2.400,0.000,2.000,0.0
2010-01-01,18:09:00,0.444,0.148,242.410,1.800,0.000,1.000,1.0
2010-01-01,18:10:00,0.442,0.148,242.340,1.800,0.000,1.000,1.0
2010-01-01,18:11:00,0.444,0.150,242.500,1.800,0.000,2.000,0.0
2010-01-01,18:12:00,0.442,0.148,242.310,1.800,0.000,1.000,1.0
2010-01-01,18:13:00,0.444,0.152,243.050,1.800,0.000,2.000,1.0
2010-01-01,18:14:00,0.444,0.154,243.580,1.800,0.000,1.000,0.0
2010-01-01,18:15:00,0.450,0.156,243.710,1.800,0.000,1.000,1.0
2010-01-01,18:16:00,0.450,0.154,243.620,1.800,0.000,2.000,1.0
2010-01-01,18:17:00,0.448,0.156,243.740,1.800,0.000,1.000,0.0
2010-01-01,18:18:00,0.448,0.156,243.960,1.800,0.000,1.000,1.0
2010-01-01,18:19:00,0.446,0.156,243.850,1.800,0.000,1.000,1.0
2010-01-01,18:20:00,0.446,0.156,243.720,1.800,0.000,2.000,0.0
2010-01-01,18:21:00,0.446,0.158,244.190,1.800,0.000,1.000,1.0
2010-01-01,18:22:00,0.446,0.158,244.150,1.800,0.000,1.000,1.0
2010-01-01,18:23:00,0.446,0.158,244.390,1.800,0.000,1.000,0.0
2010-01-01,18:24:00,0.444,0.156,244.170,1.800,0.000,2.000,1.0
2010-01-01,18:25:00,0.444,0.156,243.940,1.800,0.000,1.000,1.0
2010-01-01,18:26:00,0.446,0.160,244.850,1.800,0.000,1.000,0.0
2010-01-01,18:27:00,0.446,0.162,245.120,1.800,0.000,1.000,1.0
2010-01-01,18:28:00,0.444,0.160,244.650,1.800,0.000,2.000,1.0
2010-01-01,18:29:00,0.444,0.162,245.210,1.800,0.000,1.000,0.0
2010-01-01,18:30:00,0.444,0.160,244.960,1.800,0.000,1.000,1.0
2010-01-01,18:31:00,0.432,0.144,245.160,1.800,0.000,1.000,1.0
2010-01-01,18:32:00,0.484,0.162,244.700,2.000,0.000,0.000,0.0
2010-01-01,18:33:00,0.482,0.178,245.580,2.000,0.000,0.000,1.0
2010-01-01,18:34:00,0.478,0.176,244.920,2.000,0.000,0.000,1.0
2010-01-01,18:35:00,0.476,0.178,245.270,2.000,0.000,0.000,0.0
2010-01-01,18:36:00,0.472,0.172,244.220,2.000,0.000,0.000,1.0
2010-01-01,18:37:00,0.472,0.172,244.560,2.000,0.000,0.000,1.0
2010-01-01,18:38:00,0.468,0.170,243.880,2.000,0.000,0.000,0.0
2010-01-01,18:39:00,0.468,0.172,244.130,2.000,0.000,0.000,1.0
2010-01-01,18:40:00,0.470,0.176,244.920,2.000,0.000,0.000,1.0
2010-01-01,18:41:00,0.550,0.266,244.370,2.600,0.000,0.000,0.0
2010-01-01,18:42:00,0.542,0.278,244.010,2.400,0.000,0.000,1.0
2010-01-01,18:43:00,0.540,0.276,243.900,2.400,0.000,0.000,1.0
2010-01-01,18:44:00,0.538,0.274,243.730,2.400,0.000,0.000,0.0
2010-01-01,18:45:00,0.536,0.272,243.100,2.400,0.000,0.000,1.0
2010-01-01,18:46:00,0.532,0.268,242.670,2.400,0.000,0.000,1.0
2010-01-01,18:47:00,0.532,0.270,243.000,2.400,0.000,0.000,0.0
2010-01-01,18:48:00,0.528,0.268,242.580,2.400,0.000,0.000,1.0
2010-01-01,18:49:00,0.436,0.136,243.190,1.800,0.000,0.000,1.0
2010-01-01,18:50:00,0.434,0.132,242.660,1.800,0.000,0.000,0.0
2010-01-01,18:51:00,0.432,0.130,242.380,1.800,0.000,0.000,1.0
2010-01-01,18:52:00,0.434,0.132,242.770,1.800,0.000,0.000,1.0
2010-01-01,18:53:00,0.426,0.120,242.770,1.800,0.000,0.000,0.0
2010-01-01,18:54:00,0.360,0.000,243.030,1.400,0.000,0.000,1.0
2010-01-01,18:55:00,0.360,0.000,243.650,1.400,0.000,0.000,1.0
2010-01-01,18:56:00,0.360,0.000,243.180,1.400,0.000,0.000,0.0
2010-01-01,18:57:00,0.360,0.000,243.400,1.400,0.000,0.000,1.0
2010-01-01,18:58:00,0.362,0.000,243.980,1.400,0.000,0.000,1.0
2010-01-01,18:59:00,0.362,0.000,244.290,1.400,0.000,0.000,0.0
2010-01-01,19:00:00,0.370,0.000,244.370,1.400,0.000,0.000,1.0
2010-01-01,19:01:00,0.370,0.000,244.720,1.400,0.000,0.000,1.0
2010-01-01,19:02:00,0.370,0.000,244.650,1.400,0.000,0.000,0.0
2010-01-01,19:03:00,0.368,0.000,243.710,1.400,0.000,0.000,1.0
2010-01-01,19:04:00,0.366,0.000,243.380,1.400,0.000,0.000,1.0
2010-01-01,19:05:00,0.368,0.000,243.820,1.400,0.000,0.000,0.0
2010-01-01,19:06:00,0.362,0.000,244.130,1.400,0.000,0.000,1.0
2010-01-01,19:07:00,0.360,0.000,243.650,1.400,0.000,0.000,1.0
2010-01-01,19:08:00,0.362,0.000,243.850,1.400,0.000,0.000,0.0
2010-01-01,19:09:00,0.362,0.000,244.110,1.400,0.000,0.000,1.0
2010-01-01,19:10:00,0.362,0.000,243.920,1.400,0.000,0.000,1.0
2010-01-01,19:11:00,0.362,0.000,243.840,1.400,0.000,0.000,0.0
2010-01-01,19:12:00,0.360,0.000,243.460,1.400,0.000,0.000,1.0
2010-01-01,19:13:00,0.360,0.000,243.270,1.400,0.000,0.000,1.0
2010-01-01,19:14:00,0.358,0.000,243.060,1.400,0.000,0.000,0.0
2010-01-01,19:15:00,0.368,0.000,243.540,1.400,0.000,0.000,1.0
2010-01-01,19:16:00,0.368,0.000,243.740,1.400,0.000,0.000,1.0
2010-01-01,19:17:00,0.472,0.146,243.000,2.000,0.000,0.000,0.0
2010-01-01,19:18:00,0.470,0.166,243.550,2.000,0.000,0.000,1.0
2010-01-01,19:19:00,0.468,0.170,244.390,2.000,0.000,0.000,1.0
2010-01-01,19:20:00,0.466,0.166,243.610,2.000,0.000,0.000,0.0
2010-01-01,19:21:00,0.462,0.164,243.220,2.000,0.000,0.000,1.0
2010-01-01,19:22:00,0.462,0.164,243.290,2.000,0.000,0.000,1.0
2010-01-01,19:23:00,0.460,0.166,243.620,2.000,0.000,0.000,0.0
2010-01-01,19:24:00,0.462,0.168,244.230,2.000,0.000,0.000,1.0
2010-01-01,19:25:00,0.460,0.168,243.860,2.000,0.000,0.000,1.0
2010-01-01,19:26:00,0.454,0.162,242.800,2.000,0.000,0.000,0.0
2010-01-01,19:27:00,0.454,0.162,242.590,2.000,0.000,0.000,1.0
2010-01-01,19:28:00,0.456,0.166,243.610,2.000,0.000,0.000,1.0
2010-01-01,19:29:00,0.454,0.164,243.000,2.000,0.000,0.000,0.0
2010-01-01,19:30:00,0.456,0.168,243.910,2.000,0.000,0.000,1.0
2010-01-01,19:31:00,0.456,0.168,244.130,2.000,0.000,0.000,1.0
2010-01-01,19:32:00,0.506,0.216,244.280,2.200,0.000,0.000,0.0
2010-01-01,19:33:00,0.536,0.280,244.860,2.400,0.000,0.000,1.0
2010-01-01,19:34:00,0.458,0.164,244.560,2.000,0.000,0.000,1.0
2010-01-01,19:35:00,0.440,0.138,244.500,1.800,0.000,0.000,0.0
2010-01-01,19:36:00,0.440,0.140,244.660,1.800,0.000,0.000,1.0
2010-01-01,19:37:00,0.438,0.138,244.170,1.800,0.000,0.000,1.0
2010-01-01,19:38:00,0.436,0.136,244.130,1.800,0.000,0.000,0.0
2010-01-01,19:39:00,0.436,0.140,244.530,1.800,0.000,0.000,1.0
2010-01-01,19:40:00,0.432,0.134,243.300,1.800,0.000,0.000,1.0
2010-01-01,19:41:00,0.432,0.136,243.570,1.800,0.000,0.000,0.0
2010-01-01,19:42:00,0.434,0.140,244.510,1.800,0.000,0.000,1.0
2010-01-01,19:43:00,0.432,0.138,244.220,1.800,0.000,0.000,1.0
2010-01-01,19:44:00,0.432,0.138,244.230,1.800,0.000,0.000,0.0
2010-01-01,19:45:00,0.364,0.000,244.230,1.400,0.000,0.000,1.0
2010-01-01,19:46:00,0.364,0.000,244.350,1.400,0.000,0.000,1.0
2010-01-01,19:47:00,0.366,0.000,245.030,1.400,0.000,0.000,0.0
2010-01-01,19:48:00,0.368,0.000,245.480,1.400,0.000,0.000,1.0
2010-01-01,19:49:00,0.368,0.000,245.500,1.400,0.000,0.000,1.0
2010-01-01,19:50:00,0.366,0.000,245.060,1.400,0.000,0.000,1.0
2010-01-01,19:51:00,0.364,0.000,244.450,1.400,0.000,0.000,0.0
2010-01-01,19:52:00,0.362,0.000,243.800,1.400,0.000,0.000,1.0
2010-01-01,19:53:00,0.362,0.000,243.430,1.400,0.000,0.000,1.0
2010-01-01,19:54:00,0.362,0.000,243.770,1.400,0.000,0.000,0.0
2010-01-01,19:55:00,0.364,0.000,243.990,1.400,0.000,0.000,1.0
2010-01-01,19:56:00,0.364,0.000,244.020,1.400,0.000,0.000,1.0
2010-01-01,19:57:00,0.362,0.000,244.020,1.400,0.000,0.000,0.0
2010-01-01,19:58:00,0.364,0.000,244.340,1.400,0.000,0.000,1.0
2010-01-01,19:59:00,0.364,0.000,244.600,1.400,0.000,0.000,1.0
2010-01-01,20:00:00,0.374,0.000,245.120,1.400,0.000,0.000,0.0
2010-01-01,20:01:00,0.374,0.000,245.460,1.400,0.000,0.000,1.0
2010-01-01,20:02:00,0.428,0.094,244.290,1.800,0.000,0.000,1.0
2010-01-01,20:03:00,0.474,0.170,244.410,2.000,0.000,0.000,0.0
2010-01-01,20:04:00,0.472,0.172,244.640,2.000,0.000,0.000,1.0
2010-01-01,20:05:00,0.470,0.172,244.630,2.000,0.000,0.000,1.0
2010-01-01,20:06:00,0.468,0.172,244.400,2.000,0.000,0.000,0.0
2010-01-01,20:07:00,0.468,0.172,244.580,2.000,0.000,0.000,1.0
2010-01-01,20:08:00,0.466,0.172,244.690,2.000,0.000,0.000,1.0
2010-01-01,20:09:00,0.466,0.174,244.840,2.000,0.000,0.000,0.0
2010-01-01,20:10:00,0.466,0.176,245.200,2.000,0.000,0.000,1.0
2010-01-01,20:11:00,0.466,0.178,245.580,2.000,0.000,0.000,1.0
2010-01-01,20:12:00,0.464,0.178,245.630,2.000,0.000,0.000,0.0
2010-01-01,20:13:00,0.462,0.174,245.020,2.000,0.000,0.000,1.0
2010-01-01,20:14:00,0.460,0.172,244.580,2.000,0.000,0.000,1.0
2010-01-01,20:15:00,0.470,0.178,245.520,2.000,0.000,0.000,0.0
2010-01-01,20:16:00,0.462,0.164,242.810,2.000,0.000,0.000,1.0
2010-01-01,20:17:00,0.462,0.164,242.900,2.000,0.000,0.000,1.0
2010-01-01,20:18:00,0.460,0.164,242.860,2.000,0.000,0.000,0.0
2010-01-01,20:19:00,0.406,0.086,243.160,1.600,0.000,0.000,1.0
2010-01-01,20:20:00,0.368,0.000,243.260,1.400,0.000,0.000,1.0
2010-01-01,20:21:00,0.368,0.000,243.110,1.400,0.000,0.000,0.0
2010-01-01,20:22:00,0.362,0.000,242.990,1.400,0.000,0.000,1.0
2010-01-01,20:23:00,0.360,0.000,242.980,1.400,0.000,0.000,1.0
2010-01-01,20:24:00,0.450,0.128,243.140,2.000,0.000,0.000,0.0
2010-01-01,20:25:00,0.438,0.136,243.610,1.800,0.000,0.000,1.0
2010-01-01,20:26:00,0.438,0.136,243.640,1.800,0.000,0.000,1.0
2010-01-01,20:27:00,0.438,0.138,243.910,1.800,0.000,0.000,0.0
2010-01-01,20:28:00,0.438,0.138,244.260,1.800,0.000,0.000,1.0
2010-01-01,20:29:00,0.438,0.138,244.070,1.800,0.000,0.000,1.0
2010-01-01,20:30:00,0.442,0.136,243.660,1.800,0.000,0.000,0.0
2010-01-01,20:31:00,0.440,0.134,243.110,1.800,0.000,0.000,1.0
2010-01-01,20:32:00,0.438,0.134,243.260,1.800,0.000,0.000,1.0
2010-01-01,20:33:00,0.436,0.132,242.470,1.800,0.000,0.000,0.0
2010-01-01,20:34:00,0.434,0.130,242.100,1.800,0.000,0.000,1.0
2010-01-01,20:35:00,0.428,0.122,242.730,1.800,0.000,0.000,1.0
2010-01-01,20:36:00,0.368,0.000,243.220,1.400,0.000,0.000,0.0
2010-01-01,20:37:00,0.366,0.000,242.770,1.400,0.000,0.000,1.0
2010-01-01,20:38:00,0.368,0.000,243.850,1.400,0.000,0.000,1.0
2010-01-01,20:39:00,0.370,0.000,244.180,1.400,0.000,0.000,0.0
2010-01-01,20:40:00,0.368,0.000,243.600,1.400,0.000,0.000,1.0
2010-01-01,20:41:00,0.370,0.000,243.830,1.400,0.000,0.000,1.0
2010-01-01,20:42:00,0.368,0.000,243.700,1.400,0.000,0.000,0.0
2010-01-01,20:43:00,0.370,0.000,244.420,1.400,0.000,0.000,1.0
2010-01-01,20:44:00,0.370,0.000,244.430,1.400,0.000,0.000,1.0
2010-01-01,20:45:00,0.372,0.000,244.660,1.400,0.000,0.000,0.0
2010-01-01,20:46:00,0.370,0.000,244.640,1.400,0.000,0.000,1.0
2010-01-01,20:47:00,0.428,0.092,245.260,1.800,0.000,0.000,1.0
2010-01-01,20:48:00,0.484,0.178,245.610,2.000,0.000,0.000,0.0
2010-01-01,20:49:00,0.486,0.186,247.120,2.000,0.000,0.000,1.0
2010-01-01,20:50:00,0.484,0.184,246.740,2.000,0.000,0.000,1.0
2010-01-01,20:51:00,0.482,0.184,246.610,2.000,0.000,0.000,0.0
2010-01-01,20:52:00,0.480,0.184,246.570,2.000,0.000,0.000,1.0
2010-01-01,20:53:00,0.478,0.184,246.550,2.000,0.000,0.000,1.0
2010-01-01,20:54:00,0.476,0.184,246.290,2.000,0.000,0.000,1.0
2010-01-01,20:55:00,0.474,0.184,246.520,2.000,0.000,0.000,0.0
2010-01-01,20:56:00,0.474,0.186,246.760,2.000,0.000,0.000,1.0
2010-01-01,20:57:00,0.474,0.186,246.980,2.000,0.000,0.000,1.0
2010-01-01,20:58:00,0.468,0.186,247.030,2.000,0.000,0.000,0.0
2010-01-01,20:59:00,0.464,0.182,246.410,2.000,0.000,0.000,1.0
2010-01-01,21:00:00,0.464,0.180,246.070,2.000,0.000,0.000,1.0
2010-01-01,21:01:00,0.464,0.180,246.000,2.000,0.000,0.000,0.0
2010-01-01,21:02:00,0.470,0.180,246.000,2.000,0.000,0.000,1.0
2010-01-01,21:03:00,0.466,0.176,245.270,2.000,0.000,0.000,1.0
2010-01-01,21:04:00,0.392,0.066,244.390,1.600,0.000,0.000,0.0
2010-01-01,21:05:00,0.372,0.000,244.910,1.400,0.000,0.000,1.0
2010-01-01,21:06:00,0.372,0.000,244.940,1.400,0.000,0.000,1.0
2010-01-01,21:07:00,0.370,0.000,244.310,1.400,0.000,0.000,0.0
2010-01-01,21:08:00,0.372,0.000,244.940,1.400,0.000,0.000,1.0
2010-01-01,21:09:00,0.372,0.000,245.180,1.400,0.000,0.000,1.0
2010-01-01,21:10:00,0.364,0.000,244.940,1.400,0.000,0.000,0.0
2010-01-01,21:11:00,0.366,0.000,245.450,1.400,0.000,0.000,1.0
2010-01-01,21:12:00,0.366,0.000,245.420,1.400,0.000,0.000,1.0
2010-01-01,21:13:00,0.366,0.000,245.630,1.400,0.000,0.000,0.0
2010-01-01,21:14:00,0.366,0.000,245.360,1.400,0.000,0.000,1.0
2010-01-01,21:15:00,0.366,0.000,245.570,1.400,0.000,0.000,1.0
2010-01-01,21:16:00,0.520,0.220,245.290,2.400,0.000,0.000,0.0
2010-01-01,21:17:00,0.536,0.272,245.350,2.400,0.000,2.000,1.0
2010-01-01,21:18:00,0.534,0.274,245.750,2.400,0.000,1.000,1.0
2010-01-01,21:19:00,0.534,0.276,246.140,2.400,0.000,1.000,0.0
2010-01-01,21:20:00,0.534,0.276,246.030,2.400,0.000,2.000,1.0
2010-01-01,21:21:00,0.532,0.276,246.090,2.400,0.000,1.000,1.0
2010-01-01,21:22:00,0.524,0.276,246.040,2.400,0.000,2.000,1.0
2010-01-01,21:23:00,0.522,0.272,245.700,2.400,0.000,1.000,0.0
2010-01-01,21:24:00,0.520,0.270,245.100,2.400,0.000,1.000,1.0
2010-01-01,21:25:00,0.518,0.268,244.980,2.400,0.000,2.000,1.0
2010-01-01,21:26:00,0.518,0.268,244.920,2.400,0.000,1.000,0.0
2010-01-01,21:27:00,0.516,0.266,244.560,2.400,0.000,2.000,1.0
2010-01-01,21:28:00,0.478,0.206,244.670,2.000,0.000,1.000,1.0
2010-01-01,21:29:00,0.446,0.156,244.280,1.800,0.000,1.000,0.0
2010-01-01,21:30:00,0.446,0.156,244.330,1.800,0.000,2.000,1.0
2010-01-01,21:31:00,0.446,0.158,244.680,1.800,0.000,1.000,1.0
2010-01-01,21:32:00,0.520,0.228,243.100,2.400,0.000,2.000,0.0
2010-01-01,21:33:00,0.556,0.292,243.570,2.600,0.000,1.000,1.0
2010-01-01,21:34:00,0.544,0.290,243.380,2.400,0.000,1.000,1.0
2010-01-01,21:35:00,0.542,0.292,243.590,2.400,0.000,2.000,0.0
2010-01-01,21:36:00,0.536,0.282,242.040,2.400,0.000,1.000,1.0
2010-01-01,21:37:00,0.530,0.274,240.760,2.400,0.000,1.000,1.0
2010-01-01,21:38:00,0.530,0.280,241.400,2.400,0.000,1.000,0.0
2010-01-01,21:39:00,0.528,0.280,241.530,2.400,0.000,2.000,1.0
2010-01-01,21:40:00,0.528,0.282,242.080,2.400,0.000,1.000,1.0
2010-01-01,21:41:00,0.518,0.268,239.390,2.400,0.000,1.000,0.0
2010-01-01,21:42:00,0.516,0.266,239.230,2.400,0.000,1.000,1.0
2010-01-01,21:43:00,0.514,0.262,238.430,2.400,0.000,2.000,0.0
2010-01-01,21:44:00,0.512,0.264,238.810,2.400,0.000,1.000,1.0
2010-01-01,21:45:00,0.510,0.266,239.230,2.400,0.000,1.000,1.0
2010-01-01,21:46:00,0.510,0.268,239.400,2.400,0.000,1.000,0.0
2010-01-01,21:47:00,0.510,0.270,239.700,2.400,0.000,1.000,1.0
2010-01-01,21:48:00,0.512,0.272,240.260,2.400,0.000,2.000,1.0
2010-01-01,21:49:00,0.448,0.180,240.650,2.000,0.000,1.000,0.0
2010-01-01,21:50:00,0.352,0.000,240.600,1.400,0.000,0.000,1.0
2010-01-01,21:51:00,0.348,0.000,239.800,1.400,0.000,0.000,1.0
2010-01-01,21:52:00,0.348,0.000,239.600,1.400,0.000,0.000,0.0
2010-01-01,21:53:00,0.346,0.000,239.320,1.400,0.000,0.000,1.0
2010-01-01,21:54:00,0.346,0.000,239.170,1.400,0.000,0.000,1.0
2010-01-01,21:55:00,0.348,0.000,239.670,1.400,0.000,0.000,0.0
2010-01-01,21:56:00,0.348,0.000,239.590,1.400,0.000,0.000,1.0
2010-01-01,21:57:00,0.348,0.000,239.540,1.400,0.000,0.000,1.0
2010-01-01,21:58:00,0.348,0.000,239.470,1.400,0.000,0.000,0.0
2010-01-01,21:59:00,0.352,0.000,240.450,1.400,0.000,0.000,1.0
2010-01-01,22:00:00,0.356,0.000,240.280,1.400,0.000,0.000,1.0
2010-01-01,22:01:00,0.352,0.000,241.340,1.400,0.000,0.000,0.0
2010-01-01,22:02:00,0.352,0.000,241.530,1.400,0.000,0.000,1.0
2010-01-01,22:03:00,0.354,0.000,241.910,1.400,0.000,0.000,0.0
2010-01-01,22:04:00,0.354,0.000,242.170,1.400,0.000,0.000,1.0
2010-01-01,22:05:00,0.354,0.000,242.270,1.400,0.000,0.000,1.0
2010-01-01,22:06:00,0.356,0.000,242.470,1.400,0.000,0.000,0.0
2010-01-01,22:07:00,0.434,0.110,242.130,2.000,0.000,0.000,1.0
2010-01-01,22:08:00,0.430,0.130,242.050,1.800,0.000,0.000,1.0
2010-01-01,22:09:00,0.432,0.130,242.240,1.800,0.000,0.000,0.0
2010-01-01,22:10:00,0.432,0.132,242.430,1.800,0.000,0.000,1.0
2010-01-01,22:11:00,0.428,0.128,241.790,1.800,0.000,0.000,1.0
2010-01-01,22:12:00,0.424,0.124,240.610,1.800,0.000,0.000,0.0
2010-01-01,22:13:00,0.420,0.122,240.250,1.800,0.000,0.000,1.0
2010-01-01,22:14:00,0.426,0.126,241.380,1.800,0.000,0.000,1.0
2010-01-01,22:15:00,0.434,0.132,242.560,1.800,0.000,0.000,0.0
2010-01-01,22:16:00,0.430,0.130,241.710,1.800,0.000,0.000,1.0
2010-01-01,22:17:00,0.496,0.196,241.580,2.200,0.000,0.000,1.0
2010-01-01,22:18:00,0.514,0.226,241.430,2.200,0.000,0.000,0.0
2010-01-01,22:19:00,0.464,0.160,241.740,2.000,0.000,0.000,1.0
2010-01-01,22:20:00,0.458,0.160,242.030,2.000,0.000,0.000,1.0
2010-01-01,22:21:00,0.456,0.158,241.500,2.000,0.000,0.000,0.0
2010-01-01,22:22:00,0.454,0.160,241.730,2.000,0.000,0.000,1.0
2010-01-01,22:23:00,0.458,0.166,243.220,2.000,0.000,0.000,1.0
2010-01-01,22:24:00,0.458,0.170,243.770,2.000,0.000,0.000,0.0
2010-01-01,22:25:00,0.456,0.168,243.420,2.000,0.000,0.000,1.0
2010-01-01,22:26:00,0.454,0.166,242.940,2.000,0.000,0.000,1.0
2010-01-01,22:27:00,0.454,0.168,243.430,2.000,0.000,0.000,0.0
2010-01-01,22:28:00,0.454,0.168,243.650,2.000,0.000,0.000,1.0
2010-01-01,22:29:00,0.456,0.170,243.800,2.000,0.000,0.000,1.0
2010-01-01,22:30:00,0.460,0.168,243.390,2.000,0.000,0.000,0.0
2010-01-01,22:31:00,0.460,0.168,243.230,2.000,0.000,0.000,1.0
2010-01-01,22:32:00,0.458,0.166,243.210,2.000,0.000,0.000,1.0
2010-01-01,22:33:00,0.458,0.168,243.330,2.000,0.000,0.000,0.0
2010-01-01,22:34:00,0.386,0.060,243.190,1.600,0.000,0.000,1.0
2010-01-01,22:35:00,0.364,0.000,243.240,1.400,0.000,0.000,1.0
2010-01-01,22:36:00,0.360,0.000,241.790,1.400,0.000,0.000,0.0
2010-01-01,22:37:00,0.360,0.000,242.120,1.400,0.000,0.000,1.0
2010-01-01,22:38:00,0.362,0.000,242.290,1.400,0.000,0.000,1.0
2010-01-01,22:39:00,0.358,0.000,241.770,1.400,0.000,0.000,0.0
2010-01-01,22:40:00,0.352,0.000,241.600,1.400,0.000,0.000,1.0
2010-01-01,22:41:00,0.352,0.000,241.270,1.400,0.000,0.000,1.0
2010-01-01,22:42:00,0.352,0.000,241.670,1.400,0.000,0.000,0.0
2010-01-01,22:43:00,0.354,0.000,241.830,1.400,0.000,0.000,1.0
2010-01-01,22:44:00,0.356,0.000,242.150,1.400,0.000,0.000,1.0
2010-01-01,22:45:00,0.362,0.000,242.040,1.400,0.000,0.000,0.0
2010-01-01,22:46:00,0.360,0.000,241.780,1.400,0.000,0.000,1.0
2010-01-01,22:47:00,0.362,0.000,242.380,1.400,0.000,0.000,1.0
2010-01-01,22:48:00,0.364,0.000,242.940,1.400,0.000,0.000,0.0
2010-01-01,22:49:00,0.364,0.000,243.620,1.400,0.000,0.000,1.0
2010-01-01,22:50:00,0.366,0.000,243.910,1.400,0.000,0.000,1.0
2010-01-01,22:51:00,0.366,0.000,244.050,1.400,0.000,0.000,0.0
2010-01-01,22:52:00,0.360,0.000,243.980,1.400,0.000,0.000,1.0
2010-01-01,22:53:00,0.358,0.000,243.720,1.400,0.000,0.000,1.0
2010-01-01,22:54:00,0.356,0.000,242.940,1.400,0.000,0.000,0.0
2010-01-01,22:55:00,0.356,0.000,243.040,1.400,0.000,0.000,1.0
2010-01-01,22:56:00,0.356,0.000,243.110,1.400,0.000,0.000,1.0
2010-01-01,22:57:00,0.356,0.000,243.170,1.400,0.000,0.000,0.0
2010-01-01,22:58:00,0.424,0.100,244.100,1.800,0.000,0.000,1.0
2010-01-01,22:59:00,0.436,0.138,244.030,1.800,0.000,0.000,1.0
2010-01-01,23:00:00,0.436,0.138,243.830,1.800,0.000,0.000,0.0
2010-01-01,23:01:00,0.436,0.140,244.180,1.800,0.000,0.000,1.0
2010-01-01,23:02:00,0.478,0.178,245.360,2.200,0.000,0.000,1.0
2010-01-01,23:03:00,0.550,0.286,245.550,2.400,0.000,0.000,0.0
2010-01-01,23:04:00,0.546,0.288,245.730,2.400,0.000,0.000,1.0
2010-01-01,23:05:00,0.542,0.286,245.430,2.400,0.000,0.000,1.0
2010-01-01,23:06:00,0.538,0.286,245.230,2.400,0.000,0.000,0.0
2010-01-01,23:07:00,0.538,0.288,245.750,2.400,0.000,0.000,1.0
2010-01-01,23:08:00,0.538,0.290,246.160,2.400,0.000,0.000,1.0
2010-01-01,23:09:00,0.538,0.296,246.830,2.400,0.000,0.000,0.0
2010-01-01,23:10:00,0.474,0.198,247.280,2.000,0.000,0.000,1.0
2010-01-01,23:11:00,0.470,0.190,247.660,2.000,0.000,0.000,1.0
2010-01-01,23:12:00,0.468,0.188,247.390,2.000,0.000,0.000,0.0
2010-01-01,23:13:00,0.464,0.186,246.840,2.000,0.000,0.000,1.0
2010-01-01,23:14:00,0.466,0.188,247.360,2.000,0.000,0.000,1.0
2010-01-01,23:15:00,0.466,0.190,247.350,2.000,0.000,0.000,1.0
2010-01-01,23:16:00,0.464,0.186,247.040,2.000,0.000,0.000,0.0
2010-01-01,23:17:00,0.466,0.190,247.650,2.000,0.000,0.000,1.0
2010-01-01,23:18:00,0.466,0.190,247.700,2.000,0.000,0.000,1.0
2010-01-01,23:19:00,0.398,0.088,247.530,1.600,0.000,0.000,0.0
2010-01-01,23:20:00,0.384,0.046,247.690,1.600,0.000,0.000,1.0
2010-01-01,23:21:00,0.650,0.000,246.790,2.600,0.000,0.000,1.0
2010-01-01,23:22:00,0.602,0.000,246.760,2.400,0.000,0.000,0.0
2010-01-01,23:23:00,0.774,0.000,246.170,3.200,0.000,0.000,1.0
2010-01-01,23:24:00,0.936,0.000,246.000,3.800,0.000,0.000,1.0
2010-01-01,23:25:00,1.182,0.114,245.860,4.800,0.000,0.000,0.0
2010-01-01,23:26:00,1.008,0.164,245.750,4.200,0.000,0.000,1.0
2010-01-01,23:27:00,0.814,0.162,245.960,3.400,0.000,0.000,1.0
2010-01-01,23:28:00,0.736,0.162,245.990,3.000,0.000,0.000,0.0
2010-01-01,23:29:00,0.716,0.170,246.100,3.000,0.000,0.000,1.0
2010-01-01,23:30:00,0.854,0.166,245.700,3.600,0.000,0.000,1.0
2010-01-01,23:31:00,0.824,0.166,245.610,3.400,0.000,0.000,0.0
2010-01-01,23:32:00,0.804,0.166,245.350,3.400,0.000,0.000,1.0
2010-01-01,23:33:00,0.820,0.164,245.280,3.400,0.000,0.000,1.0
2010-01-01,23:34:00,0.996,0.160,245.130,4.000,0.000,0.000,1.0
2010-01-01,23:35:00,0.976,0.162,245.390,4.000,0.000,0.000,0.0
2010-01-01,23:36:00,0.820,0.166,245.860,3.400,0.000,0.000,1.0
2010-01-01,23:37:00,0.878,0.170,247.090,3.600,0.000,0.000,1.0
2010-01-01,23:38:00,0.834,0.170,246.720,3.400,0.000,0.000,0.0
2010-01-01,23:39:00,0.832,0.170,246.700,3.400,0.000,0.000,1.0
2010-01-01,23:40:00,0.578,0.116,247.310,2.600,0.000,0.000,1.0
2010-01-01,23:41:00,0.432,0.072,247.960,1.600,0.000,0.000,0.0
2010-01-01,23:42:00,0.432,0.072,248.110,1.600,0.000,0.000,1.0
2010-01-01,23:43:00,0.430,0.070,247.830,1.600,0.000,0.000,1.0
2010-01-01,23:44:00,0.414,0.072,247.850,1.600,0.000,0.000,0.0
2010-01-01,23:45:00,0.322,0.074,247.920,1.200,0.000,0.000,1.0
2010-01-01,23:46:00,0.324,0.078,248.810,1.200,0.000,0.000,1.0
2010-01-01,23:47:00,0.352,0.096,248.400,1.600,0.000,0.000,0.0
2010-01-01,23:48:00,0.436,0.220,248.300,1.800,0.000,0.000,1.0
2010-01-01,23:49:00,0.474,0.256,247.780,2.200,0.000,0.000,1.0
2010-01-01,23:50:00,0.504,0.326,247.350,2.400,0.000,0.000,1.0
2010-01-01,23:51:00,0.502,0.324,247.030,2.400,0.000,0.000,0.0
2010-01-01,23:52:00,0.500,0.324,246.840,2.400,0.000,0.000,1.0
2010-01-01,23:53:00,0.498,0.324,246.860,2.400,0.000,0.000,1.0
2010-01-01,23:54:00,0.492,0.318,246.040,2.400,0.000,0.000,0.0
2010-01-01,23:55:00,0.486,0.310,244.660,2.200,0.000,0.000,1.0
2010-01-01,23:56:00,0.484,0.310,244.700,2.200,0.000,0.000,1.0
2010-01-01,23:57:00,0.484,0.314,245.220,2.200,0.000,0.000,0.0
2010-01-01,23:58:00,0.486,0.322,246.480,2.200,0.000,0.000,1.0
2010-01-01,23:59:00,0.486,0.324,246.890,2.200,0.000,0.000,1.0
