Date,Time,Global_active_power,Global_reactive_power,Voltage,Global_intensity,Sub_metering_1,Sub_metering_2,Sub_metering_3
2010-01-18,00:00:00,1.514,0.224,245.440,6.200,0.000,1.000,19.0
2010-01-18,00:01:00,1.516,0.224,245.780,6.200,0.000,2.000,19.0
2010-01-18,00:02:00,1.516,0.226,245.890,6.200,0.000,1.000,20.0
2010-01-18,00:03:00,1.516,0.224,245.980,6.200,0.000,2.000,19.0
2010-01-18,00:04:00,1.518,0.226,246.170,6.200,0.000,1.000,19.0
2010-01-18,00:05:00,1.512,0.224,245.740,6.200,0.000,1.000,19.0
2010-01-18,00:06:00,1.490,0.188,245.790,6.000,0.000,2.000,19.0
2010-01-18,00:07:00,1.538,0.218,246.280,6.200,0.000,1.000,20.0
2010-01-18,00:08:00,1.554,0.258,245.950,6.400,0.000,2.000,19.0
2010-01-18,00:09:00,1.530,0.248,244.250,6.200,0.000,1.000,19.0
2010-01-18,00:10:00,1.530,0.250,244.360,6.200,0.000,1.000,19.0
2010-01-18,00:11:00,1.526,0.250,244.410,6.200,0.000,2.000,19.0
2010-01-18,00:12:00,1.522,0.248,244.120,6.200,0.000,1.000,19.0
2010-01-18,00:13:00,1.516,0.246,243.800,6.200,0.000,1.000,19.0
2010-01-18,00:14:00,1.518,0.248,244.170,6.200,0.000,2.000,18.0
2010-01-18,00:15:00,1.518,0.250,244.390,6.200,0.000,1.000,19.0
2010-01-18,00:16:00,1.512,0.246,243.890,6.200,0.000,1.000,19.0
2010-01-18,00:17:00,1.510,0.246,243.990,6.200,0.000,1.000,19.0
2010-01-18,00:18:00,1.520,0.252,244.890,6.200,0.000,2.000,19.0
2010-01-18,00:19:00,1.526,0.254,245.450,6.200,0.000,1.000,19.0
2010-01-18,00:20:00,1.524,0.254,245.400,6.200,0.000,1.000,20.0
2010-01-18,00:21:00,1.514,0.250,244.680,6.200,0.000,1.000,19.0
2010-01-18,00:22:00,1.488,0.238,242.350,6.200,0.000,2.000,18.0
2010-01-18,00:23:00,1.412,0.134,241.720,5.800,0.000,1.000,19.0
2010-01-18,00:24:00,1.320,0.000,241.950,5.400,0.000,0.000,18.0
2010-01-18,00:25:00,1.318,0.000,241.710,5.400,0.000,0.000,19.0
2010-01-18,00:26:00,1.318,0.000,241.730,5.400,0.000,0.000,19.0
2010-01-18,00:27:00,1.326,0.000,242.420,5.400,0.000,0.000,18.0
2010-01-18,00:28:00,1.332,0.000,243.080,5.400,0.000,0.000,19.0
2010-01-18,00:29:00,1.324,0.000,242.230,5.400,0.000,0.000,19.0
2010-01-18,00:30:00,1.326,0.000,242.470,5.400,0.000,0.000,18.0
2010-01-18,00:31:00,1.332,0.000,242.980,5.400,0.000,0.000,19.0
2010-01-18,00:32:00,1.330,0.000,242.780,5.400,0.000,0.000,19.0
2010-01-18,00:33:00,1.330,0.000,242.760,5.400,0.000,0.000,19.0
2010-01-18,00:34:00,1.336,0.000,243.380,5.400,0.000,0.000,18.0
2010-01-18,00:35:00,1.338,0.000,243.630,5.400,0.000,0.000,19.0
2010-01-18,00:36:00,1.338,0.000,243.590,5.400,0.000,0.000,19.0
2010-01-18,00:37:00,1.330,0.000,242.900,5.400,0.000,0.000,19.0
2010-01-18,00:38:00,1.330,0.000,242.890,5.400,0.000,0.000,18.0
2010-01-18,00:39:00,1.338,0.000,243.630,5.400,0.000,0.000,19.0
2010-01-18,00:40:00,1.344,0.000,244.160,5.400,0.000,0.000,19.0
2010-01-18,00:41:00,1.340,0.000,243.890,5.400,0.000,0.000,19.0
2010-01-18,00:42:00,1.334,0.000,243.410,5.400,0.000,0.000,19.0
2010-01-18,00:43:00,1.406,0.062,243.210,5.800,0.000,0.000,19.0
2010-01-18,00:44:00,1.404,0.086,243.000,5.800,0.000,0.000,19.0
2010-01-18,00:45:00,1.394,0.084,241.980,5.600,0.000,0.000,18.0
2010-01-18,00:46:00,1.394,0.084,241.870,5.600,0.000,0.000,19.0
2010-01-18,00:47:00,1.394,0.084,241.900,5.600,0.000,0.000,18.0
2010-01-18,00:48:00,1.390,0.082,241.630,5.600,0.000,0.000,19.0
2010-01-18,00:49:00,1.460,0.156,241.710,6.000,0.000,0.000,18.0
2010-01-18,00:50:00,1.506,0.222,242.460,6.200,0.000,0.000,19.0
2010-01-18,00:51:00,1.500,0.222,242.450,6.200,0.000,0.000,19.0
2010-01-18,00:52:00,1.500,0.224,242.690,6.200,0.000,0.000,18.0
2010-01-18,00:53:00,1.498,0.224,242.610,6.200,0.000,0.000,19.0
2010-01-18,00:54:00,1.488,0.220,241.930,6.200,0.000,0.000,19.0
2010-01-18,00:55:00,1.426,0.128,241.680,5.800,0.000,0.000,18.0
2010-01-18,00:56:00,1.414,0.114,241.740,5.800,0.000,0.000,19.0
2010-01-18,00:57:00,1.416,0.114,242.030,5.800,0.000,0.000,19.0
2010-01-18,00:58:00,1.418,0.116,242.310,5.800,0.000,0.000,18.0
2010-01-18,00:59:00,1.426,0.120,243.020,5.800,0.000,0.000,19.0
2010-01-18,01:00:00,1.424,0.118,242.920,5.800,0.000,0.000,19.0
2010-01-18,01:01:00,1.418,0.116,242.400,5.800,0.000,0.000,18.0
2010-01-18,01:02:00,1.418,0.116,242.490,5.800,0.000,0.000,19.0
2010-01-18,01:03:00,1.420,0.118,242.780,5.800,0.000,0.000,19.0
2010-01-18,01:04:00,1.428,0.120,243.500,5.800,0.000,0.000,19.0
2010-01-18,01:05:00,1.356,0.000,243.170,5.600,0.000,0.000,18.0
2010-01-18,01:06:00,1.340,0.000,243.830,5.400,0.000,0.000,19.0
2010-01-18,01:07:00,1.330,0.000,243.000,5.400,0.000,0.000,19.0
2010-01-18,01:08:00,1.328,0.000,242.680,5.400,0.000,0.000,19.0
2010-01-18,01:09:00,1.326,0.000,242.550,5.400,0.000,0.000,18.0
2010-01-18,01:10:00,1.328,0.000,242.700,5.400,0.000,0.000,19.0
2010-01-18,01:11:00,1.326,0.000,242.590,5.400,0.000,0.000,19.0
2010-01-18,01:12:00,1.328,0.000,242.640,5.400,0.000,0.000,19.0
2010-01-18,01:13:00,1.332,0.000,243.010,5.400,0.000,0.000,18.0
2010-01-18,01:14:00,1.338,0.000,243.540,5.400,0.000,0.000,19.0
2010-01-18,01:15:00,1.336,0.000,243.270,5.400,0.000,0.000,19.0
2010-01-18,01:16:00,1.336,0.000,243.230,5.400,0.000,0.000,19.0
2010-01-18,01:17:00,1.326,0.000,242.370,5.400,0.000,0.000,18.0
2010-01-18,01:18:00,1.326,0.000,242.310,5.400,0.000,0.000,19.0
2010-01-18,01:19:00,1.334,0.000,243.200,5.400,0.000,0.000,19.0
2010-01-18,01:20:00,1.336,0.000,243.390,5.400,0.000,0.000,19.0
2010-01-18,01:21:00,1.338,0.000,243.440,5.400,0.000,0.000,18.0
2010-01-18,01:22:00,1.342,0.000,243.910,5.400,0.000,0.000,19.0
2010-01-18,01:23:00,1.342,0.000,243.820,5.400,0.000,0.000,19.0
2010-01-18,01:24:00,1.342,0.000,243.880,5.400,0.000,0.000,19.0
2010-01-18,01:25:00,1.332,0.000,242.940,5.400,0.000,0.000,19.0
2010-01-18,01:26:00,1.330,0.000,242.800,5.400,0.000,0.000,19.0
2010-01-18,01:27:00,1.326,0.000,242.450,5.400,0.000,0.000,18.0
2010-01-18,01:28:00,1.324,0.000,242.150,5.400,0.000,0.000,19.0
2010-01-18,01:29:00,1.324,0.000,242.260,5.400,0.000,0.000,19.0
2010-01-18,01:30:00,1.328,0.000,242.560,5.400,0.000,0.000,18.0
2010-01-18,01:31:00,1.354,0.000,242.740,5.600,0.000,0.000,19.0
2010-01-18,01:32:00,1.500,0.180,242.910,6.200,0.000,0.000,19.0
2010-01-18,01:33:00,1.506,0.220,242.270,6.200,0.000,0.000,18.0
2010-01-18,01:34:00,1.514,0.224,243.160,6.200,0.000,0.000,19.0
2010-01-18,01:35:00,1.510,0.222,242.840,6.200,0.000,0.000,19.0
2010-01-18,01:36:00,1.504,0.222,242.640,6.200,0.000,0.000,19.0
2010-01-18,01:37:00,1.498,0.220,242.410,6.200,0.000,0.000,18.0
2010-01-18,01:38:00,1.506,0.226,243.350,6.200,0.000,0.000,19.0
2010-01-18,01:39:00,1.512,0.228,244.050,6.200,0.000,0.000,19.0
2010-01-18,01:40:00,1.510,0.228,244.060,6.200,0.000,0.000,19.0
2010-01-18,01:41:00,1.498,0.224,243.110,6.200,0.000,0.000,19.0
2010-01-18,01:42:00,1.494,0.222,242.920,6.200,0.000,0.000,18.0
2010-01-18,01:43:00,1.494,0.224,242.960,6.200,0.000,0.000,19.0
2010-01-18,01:44:00,1.428,0.122,243.100,5.800,0.000,0.000,19.0
2010-01-18,01:45:00,1.430,0.120,243.420,5.800,0.000,0.000,19.0
2010-01-18,01:46:00,1.424,0.118,243.000,5.800,0.000,0.000,19.0
2010-01-18,01:47:00,1.364,0.000,242.860,5.600,0.000,0.000,18.0
2010-01-18,01:48:00,1.336,0.000,243.410,5.400,0.000,0.000,19.0
2010-01-18,01:49:00,1.334,0.000,243.240,5.400,0.000,0.000,19.0
2010-01-18,01:50:00,1.334,0.000,243.160,5.400,0.000,0.000,19.0
2010-01-18,01:51:00,1.334,0.000,243.270,5.400,0.000,0.000,19.0
2010-01-18,01:52:00,1.332,0.000,243.000,5.400,0.000,0.000,18.0
2010-01-18,01:53:00,1.212,0.000,243.590,5.000,0.000,0.000,19.0
2010-01-18,01:54:00,0.246,0.000,245.250,1.000,0.000,0.000,0.0
2010-01-18,01:55:00,0.244,0.000,243.950,1.000,0.000,0.000,1.0
2010-01-18,01:56:00,0.242,0.000,243.550,1.000,0.000,0.000,1.0
2010-01-18,01:57:00,0.242,0.000,243.360,1.000,0.000,0.000,0.0
2010-01-18,01:58:00,0.242,0.000,243.470,1.000,0.000,0.000,1.0
2010-01-18,01:59:00,0.242,0.000,243.380,1.000,0.000,0.000,1.0
2010-01-18,02:00:00,0.242,0.000,243.630,1.000,0.000,0.000,0.0
2010-01-18,02:01:00,0.244,0.000,244.020,1.000,0.000,0.000,1.0
2010-01-18,02:02:00,0.244,0.000,244.250,1.000,0.000,0.000,1.0
2010-01-18,02:03:00,0.244,0.000,244.630,1.000,0.000,0.000,0.0
2010-01-18,02:04:00,0.244,0.000,244.530,1.000,0.000,0.000,1.0
2010-01-18,02:05:00,0.242,0.000,243.530,1.000,0.000,0.000,1.0
2010-01-18,02:06:00,0.242,0.000,242.860,1.000,0.000,0.000,0.0
2010-01-18,02:07:00,0.242,0.000,242.860,1.000,0.000,0.000,1.0
2010-01-18,02:08:00,0.242,0.000,242.870,1.000,0.000,0.000,1.0
2010-01-18,02:09:00,0.240,0.000,242.520,1.000,0.000,0.000,0.0
2010-01-18,02:10:00,0.240,0.000,242.620,1.000,0.000,0.000,1.0
2010-01-18,02:11:00,0.242,0.000,243.410,1.000,0.000,0.000,1.0
2010-01-18,02:12:00,0.244,0.000,243.980,1.000,0.000,0.000,0.0
2010-01-18,02:13:00,0.244,0.000,244.370,1.000,0.000,0.000,1.0
2010-01-18,02:14:00,0.332,0.090,243.570,1.400,0.000,0.000,1.0
2010-01-18,02:15:00,0.354,0.132,243.500,1.400,0.000,0.000,0.0
2010-01-18,02:16:00,0.348,0.130,243.420,1.400,0.000,0.000,1.0
2010-01-18,02:17:00,0.348,0.130,243.400,1.400,0.000,0.000,1.0
2010-01-18,02:18:00,0.344,0.128,242.560,1.400,0.000,0.000,0.0
2010-01-18,02:19:00,0.344,0.130,243.210,1.400,0.000,0.000,1.0
2010-01-18,02:20:00,0.346,0.132,243.960,1.400,0.000,0.000,1.0
2010-01-18,02:21:00,0.410,0.204,244.610,2.000,0.000,0.000,0.0
2010-01-18,02:22:00,0.418,0.238,243.530,2.000,0.000,0.000,1.0
2010-01-18,02:23:00,0.418,0.238,243.630,2.000,0.000,0.000,1.0
2010-01-18,02:24:00,0.416,0.238,243.570,1.800,0.000,0.000,0.0
2010-01-18,02:25:00,0.416,0.238,243.610,1.800,0.000,0.000,1.0
2010-01-18,02:26:00,0.414,0.240,243.810,1.800,0.000,0.000,1.0
2010-01-18,02:27:00,0.412,0.240,244.050,1.800,0.000,0.000,0.0
2010-01-18,02:28:00,0.410,0.242,244.200,1.800,0.000,0.000,1.0
2010-01-18,02:29:00,0.364,0.174,244.550,1.600,0.000,0.000,1.0
2010-01-18,02:30:00,0.316,0.104,244.590,1.400,0.000,0.000,0.0
2010-01-18,02:31:00,0.316,0.102,244.090,1.400,0.000,0.000,1.0
2010-01-18,02:32:00,0.284,0.052,244.040,1.200,0.000,0.000,1.0
2010-01-18,02:33:00,0.246,0.000,243.900,1.000,0.000,0.000,0.0
2010-01-18,02:34:00,0.246,0.000,243.710,1.000,0.000,0.000,1.0
2010-01-18,02:35:00,0.246,0.000,244.040,1.000,0.000,0.000,1.0
2010-01-18,02:36:00,0.248,0.000,245.330,1.000,0.000,0.000,0.0
2010-01-18,02:37:00,0.248,0.000,245.350,1.000,0.000,0.000,1.0
2010-01-18,02:38:00,0.248,0.000,245.140,1.000,0.000,0.000,1.0
2010-01-18,02:39:00,0.246,0.000,244.490,1.000,0.000,0.000,0.0
2010-01-18,02:40:00,0.246,0.000,244.150,1.000,0.000,0.000,1.0
2010-01-18,02:41:00,0.248,0.000,245.010,1.000,0.000,0.000,1.0
2010-01-18,02:42:00,0.248,0.000,245.240,1.000,0.000,0.000,0.0
2010-01-18,02:43:00,0.246,0.000,244.370,1.000,0.000,0.000,1.0
2010-01-18,02:44:00,0.246,0.000,244.560,1.000,0.000,0.000,1.0
2010-01-18,02:45:00,0.246,0.000,244.660,1.000,0.000,0.000,1.0
2010-01-18,02:46:00,0.246,0.000,244.390,1.000,0.000,0.000,0.0
2010-01-18,02:47:00,0.246,0.000,244.650,1.000,0.000,0.000,1.0
2010-01-18,02:48:00,0.246,0.000,244.990,1.000,0.000,0.000,1.0
2010-01-18,02:49:00,0.246,0.000,244.890,1.000,0.000,0.000,0.0
2010-01-18,02:50:00,0.244,0.000,244.000,1.000,0.000,0.000,1.0
2010-01-18,02:51:00,0.246,0.000,244.470,1.000,0.000,0.000,1.0
2010-01-18,02:52:00,0.246,0.000,244.600,1.000,0.000,0.000,0.0
2010-01-18,02:53:00,0.248,0.000,245.170,1.000,0.000,0.000,1.0
2010-01-18,02:54:00,0.248,0.000,245.150,1.000,0.000,0.000,1.0
2010-01-18,02:55:00,0.248,0.000,245.160,1.000,0.000,0.000,0.0
2010-01-18,02:56:00,0.284,0.000,244.370,1.200,0.000,0.000,1.0
2010-01-18,02:57:00,0.356,0.134,244.260,1.400,0.000,0.000,1.0
2010-01-18,02:58:00,0.354,0.136,244.430,1.400,0.000,0.000,0.0
2010-01-18,02:59:00,0.354,0.138,245.120,1.400,0.000,0.000,1.0
2010-01-18,03:00:00,0.352,0.138,245.250,1.400,0.000,0.000,1.0
2010-01-18,03:01:00,0.350,0.138,245.050,1.400,0.000,0.000,0.0
2010-01-18,03:02:00,0.348,0.136,244.950,1.400,0.000,0.000,1.0
2010-01-18,03:03:00,0.346,0.134,244.320,1.400,0.000,0.000,1.0
2010-01-18,03:04:00,0.344,0.136,244.480,1.400,0.000,0.000,0.0
2010-01-18,03:05:00,0.344,0.138,244.970,1.400,0.000,0.000,1.0
2010-01-18,03:06:00,0.344,0.138,245.130,1.400,0.000,0.000,1.0
2010-01-18,03:07:00,0.344,0.142,245.840,1.400,0.000,0.000,0.0
2010-01-18,03:08:00,0.346,0.144,246.390,1.400,0.000,0.000,1.0
2010-01-18,03:09:00,0.344,0.144,246.370,1.400,0.000,0.000,1.0
2010-01-18,03:10:00,0.364,0.150,245.390,1.600,0.000,0.000,0.0
2010-01-18,03:11:00,0.394,0.210,245.040,1.800,0.000,0.000,1.0
2010-01-18,03:12:00,0.322,0.106,245.040,1.400,0.000,0.000,1.0
2010-01-18,03:13:00,0.322,0.106,245.160,1.400,0.000,0.000,0.0
2010-01-18,03:14:00,0.322,0.108,245.650,1.400,0.000,0.000,1.0
2010-01-18,03:15:00,0.322,0.108,245.840,1.400,0.000,0.000,1.0
2010-01-18,03:16:00,0.322,0.108,245.940,1.400,0.000,0.000,1.0
2010-01-18,03:17:00,0.342,0.120,246.300,1.600,0.000,0.000,0.0
2010-01-18,03:18:00,0.402,0.236,245.540,1.800,0.000,0.000,1.0
2010-01-18,03:19:00,0.402,0.238,246.050,1.800,0.000,1.000,1.0
2010-01-18,03:20:00,0.402,0.242,246.810,1.800,0.000,2.000,0.0
2010-01-18,03:21:00,0.378,0.200,246.500,1.600,0.000,1.000,1.0
2010-01-18,03:22:00,0.330,0.126,245.430,1.400,0.000,2.000,1.0
2010-01-18,03:23:00,0.332,0.128,246.220,1.400,0.000,1.000,0.0
2010-01-18,03:24:00,0.334,0.130,246.730,1.400,0.000,1.000,1.0
2010-01-18,03:25:00,0.334,0.132,246.910,1.400,0.000,2.000,1.0
2010-01-18,03:26:00,0.332,0.130,246.240,1.400,0.000,1.000,0.0
2010-01-18,03:27:00,0.334,0.130,246.740,1.400,0.000,2.000,1.0
2010-01-18,03:28:00,0.332,0.130,246.530,1.400,0.000,1.000,1.0
2010-01-18,03:29:00,0.332,0.130,246.480,1.400,0.000,2.000,0.0
2010-01-18,03:30:00,0.332,0.130,246.420,1.400,0.000,1.000,1.0
2010-01-18,03:31:00,0.332,0.130,246.620,1.400,0.000,1.000,1.0
2010-01-18,03:32:00,0.330,0.128,246.040,1.400,0.000,2.000,0.0
2010-01-18,03:33:00,0.330,0.128,246.390,1.400,0.000,1.000,1.0
2010-01-18,03:34:00,0.330,0.128,246.350,1.400,0.000,2.000,1.0
2010-01-18,03:35:00,0.326,0.124,245.010,1.400,0.000,1.000,1.0
2010-01-18,03:36:00,0.326,0.126,245.510,1.400,0.000,1.000,0.0
2010-01-18,03:37:00,0.326,0.126,245.600,1.400,0.000,2.000,1.0
2010-01-18,03:38:00,0.324,0.126,245.660,1.400,0.000,1.000,1.0
2010-01-18,03:39:00,0.404,0.214,246.160,1.800,0.000,1.000,0.0
2010-01-18,03:40:00,0.436,0.272,246.250,2.000,0.000,1.000,1.0
2010-01-18,03:41:00,0.428,0.264,244.910,2.000,0.000,2.000,1.0
2010-01-18,03:42:00,0.426,0.262,244.750,2.000,0.000,1.000,0.0
2010-01-18,03:43:00,0.424,0.262,244.410,2.000,0.000,1.000,1.0
2010-01-18,03:44:00,0.422,0.262,244.690,2.000,0.000,1.000,1.0
2010-01-18,03:45:00,0.420,0.266,245.170,2.000,0.000,2.000,0.0
2010-01-18,03:46:00,0.420,0.266,245.350,2.000,0.000,1.000,1.0
2010-01-18,03:47:00,0.420,0.268,245.650,2.000,0.000,1.000,1.0
2010-01-18,03:48:00,0.402,0.238,245.380,1.800,0.000,1.000,0.0
2010-01-18,03:49:00,0.346,0.138,245.230,1.400,0.000,0.000,1.0
2010-01-18,03:50:00,0.344,0.136,244.480,1.400,0.000,0.000,1.0
2010-01-18,03:51:00,0.342,0.136,244.390,1.400,0.000,0.000,0.0
2010-01-18,03:52:00,0.342,0.134,244.300,1.400,0.000,0.000,1.0
2010-01-18,03:53:00,0.340,0.132,243.750,1.400,0.000,0.000,1.0
2010-01-18,03:54:00,0.264,0.000,243.540,1.000,0.000,0.000,0.0
2010-01-18,03:55:00,0.246,0.000,244.450,1.000,0.000,0.000,1.0
2010-01-18,03:56:00,0.246,0.000,244.550,1.000,0.000,0.000,1.0
2010-01-18,03:57:00,0.246,0.000,244.010,1.000,0.000,0.000,0.0
2010-01-18,03:58:00,0.246,0.000,243.980,1.000,0.000,0.000,1.0
2010-01-18,03:59:00,0.246,0.000,244.260,1.000,0.000,0.000,1.0
2010-01-18,04:00:00,0.274,0.000,244.830,1.200,0.000,0.000,0.0
2010-01-18,04:01:00,0.324,0.104,244.440,1.400,0.000,0.000,1.0
2010-01-18,04:02:00,0.322,0.104,244.540,1.400,0.000,0.000,1.0
2010-01-18,04:03:00,0.322,0.104,244.770,1.400,0.000,0.000,0.0
2010-01-18,04:04:00,0.320,0.100,243.740,1.400,0.000,0.000,1.0
2010-01-18,04:05:00,0.318,0.096,242.480,1.400,0.000,0.000,1.0
2010-01-18,04:06:00,0.316,0.096,242.650,1.400,0.000,0.000,0.0
2010-01-18,04:07:00,0.314,0.096,242.530,1.400,0.000,0.000,1.0
2010-01-18,04:08:00,0.312,0.096,242.180,1.200,0.000,0.000,1.0
2010-01-18,04:09:00,0.312,0.096,242.480,1.200,0.000,0.000,0.0
2010-01-18,04:10:00,0.312,0.098,242.790,1.200,0.000,0.000,1.0
2010-01-18,04:11:00,0.250,0.000,244.100,1.000,0.000,0.000,1.0
2010-01-18,04:12:00,0.246,0.000,244.250,1.000,0.000,0.000,0.0
2010-01-18,04:13:00,0.246,0.000,244.330,1.000,0.000,0.000,1.0
2010-01-18,04:14:00,0.246,0.000,244.740,1.000,0.000,0.000,1.0
2010-01-18,04:15:00,0.246,0.000,244.480,1.000,0.000,0.000,0.0
2010-01-18,04:16:00,0.246,0.000,244.270,1.000,0.000,0.000,1.0
2010-01-18,04:17:00,0.246,0.000,243.990,1.000,0.000,0.000,1.0
2010-01-18,04:18:00,0.246,0.000,243.860,1.000,0.000,0.000,1.0
2010-01-18,04:19:00,0.248,0.000,245.030,1.000,0.000,0.000,0.0
2010-01-18,04:20:00,0.250,0.000,245.970,1.000,0.000,0.000,1.0
2010-01-18,04:21:00,0.250,0.000,246.130,1.000,0.000,0.000,1.0
2010-01-18,04:22:00,0.360,0.124,245.200,1.600,0.000,0.000,0.0
2010-01-18,04:23:00,0.354,0.132,243.680,1.400,0.000,0.000,1.0
2010-01-18,04:24:00,0.352,0.132,243.810,1.400,0.000,0.000,1.0
2010-01-18,04:25:00,0.350,0.132,243.780,1.400,0.000,0.000,0.0
2010-01-18,04:26:00,0.348,0.132,243.640,1.400,0.000,0.000,1.0
2010-01-18,04:27:00,0.348,0.134,244.220,1.400,0.000,0.000,1.0
2010-01-18,04:28:00,0.348,0.134,244.270,1.400,0.000,0.000,0.0
2010-01-18,04:29:00,0.344,0.134,244.000,1.400,0.000,0.000,1.0
2010-01-18,04:30:00,0.344,0.134,244.110,1.400,0.000,0.000,1.0
2010-01-18,04:31:00,0.342,0.134,244.160,1.400,0.000,0.000,0.0
2010-01-18,04:32:00,0.340,0.132,243.630,1.400,0.000,0.000,1.0
2010-01-18,04:33:00,0.338,0.130,243.070,1.400,0.000,0.000,1.0
2010-01-18,04:34:00,0.338,0.132,243.510,1.400,0.000,0.000,0.0
2010-01-18,04:35:00,0.338,0.132,243.830,1.400,0.000,0.000,1.0
2010-01-18,04:36:00,0.322,0.110,244.140,1.400,0.000,0.000,1.0
2010-01-18,04:37:00,0.244,0.000,244.140,1.000,0.000,0.000,0.0
2010-01-18,04:38:00,0.242,0.000,243.220,1.000,0.000,0.000,1.0
2010-01-18,04:39:00,0.242,0.000,243.500,1.000,0.000,0.000,1.0
2010-01-18,04:40:00,0.242,0.000,243.230,1.000,0.000,0.000,0.0
2010-01-18,04:41:00,0.242,0.000,243.490,1.000,0.000,0.000,1.0
2010-01-18,04:42:00,0.242,0.000,243.370,1.000,0.000,0.000,1.0
2010-01-18,04:43:00,0.244,0.000,243.660,1.000,0.000,0.000,0.0
2010-01-18,04:44:00,0.244,0.000,244.000,1.000,0.000,0.000,1.0
2010-01-18,04:45:00,0.244,0.000,244.100,1.000,0.000,0.000,1.0
2010-01-18,04:46:00,0.242,0.000,243.440,1.000,0.000,0.000,0.0
2010-01-18,04:47:00,0.244,0.000,243.960,1.000,0.000,0.000,1.0
2010-01-18,04:48:00,0.244,0.000,244.190,1.000,0.000,0.000,1.0
2010-01-18,04:49:00,0.246,0.000,244.830,1.000,0.000,0.000,0.0
2010-01-18,04:50:00,0.310,0.064,244.390,1.400,0.000,0.000,1.0
2010-01-18,04:51:00,0.320,0.102,244.680,1.400,0.000,0.000,1.0
2010-01-18,04:52:00,0.322,0.104,245.070,1.400,0.000,0.000,0.0
2010-01-18,04:53:00,0.322,0.104,245.190,1.400,0.000,0.000,1.0
2010-01-18,04:54:00,0.322,0.104,245.160,1.400,0.000,0.000,1.0
2010-01-18,04:55:00,0.320,0.106,245.530,1.400,0.000,0.000,0.0
2010-01-18,04:56:00,0.320,0.106,245.500,1.400,0.000,0.000,1.0
2010-01-18,04:57:00,0.318,0.106,245.390,1.400,0.000,0.000,1.0
2010-01-18,04:58:00,0.318,0.106,245.220,1.400,0.000,0.000,0.0
2010-01-18,04:59:00,0.318,0.108,245.760,1.400,0.000,0.000,1.0
2010-01-18,05:00:00,0.264,0.000,245.860,1.000,0.000,0.000,1.0
2010-01-18,05:01:00,0.248,0.000,245.660,1.000,0.000,0.000,0.0
2010-01-18,05:02:00,0.246,0.000,244.810,1.000,0.000,0.000,1.0
2010-01-18,05:03:00,0.244,0.000,244.400,1.000,0.000,0.000,1.0
2010-01-18,05:04:00,0.270,0.000,245.050,1.200,0.000,0.000,1.0
2010-01-18,05:05:00,0.360,0.142,245.790,1.600,0.000,0.000,0.0
2010-01-18,05:06:00,0.356,0.142,245.880,1.600,0.000,0.000,1.0
2010-01-18,05:07:00,0.360,0.146,246.770,1.600,0.000,0.000,1.0
2010-01-18,05:08:00,0.358,0.144,246.610,1.600,0.000,0.000,0.0
2010-01-18,05:09:00,0.356,0.144,246.570,1.400,0.000,0.000,1.0
2010-01-18,05:10:00,0.352,0.142,246.060,1.400,0.000,0.000,1.0
2010-01-18,05:11:00,0.350,0.140,245.260,1.400,0.000,0.000,0.0
2010-01-18,05:12:00,0.348,0.138,244.650,1.400,0.000,0.000,1.0
2010-01-18,05:13:00,0.344,0.136,244.280,1.400,0.000,0.000,1.0
2010-01-18,05:14:00,0.344,0.136,244.250,1.400,0.000,0.000,0.0
2010-01-18,05:15:00,0.346,0.140,245.190,1.400,0.000,0.000,1.0
2010-01-18,05:16:00,0.344,0.140,245.460,1.400,0.000,0.000,1.0
2010-01-18,05:17:00,0.344,0.138,244.990,1.400,0.000,0.000,0.0
2010-01-18,05:18:00,0.342,0.138,244.820,1.400,0.000,0.000,1.0
2010-01-18,05:19:00,0.300,0.076,245.570,1.200,0.000,0.000,1.0
2010-01-18,05:20:00,0.250,0.000,245.770,1.000,0.000,0.000,0.0
2010-01-18,05:21:00,0.248,0.000,245.110,1.000,0.000,0.000,1.0
2010-01-18,05:22:00,0.248,0.000,245.510,1.000,0.000,0.000,1.0
2010-01-18,05:23:00,0.248,0.000,245.360,1.000,0.000,0.000,0.0
2010-01-18,05:24:00,0.248,0.000,245.530,1.000,0.000,0.000,1.0
2010-01-18,05:25:00,0.246,0.000,244.370,1.000,0.000,0.000,1.0
2010-01-18,05:26:00,0.246,0.000,243.980,1.000,0.000,0.000,0.0
2010-01-18,05:27:00,0.246,0.000,244.370,1.000,0.000,0.000,1.0
2010-01-18,05:28:00,0.246,0.000,244.610,1.000,0.000,0.000,1.0
2010-01-18,05:29:00,0.246,0.000,244.440,1.000,0.000,0.000,0.0
2010-01-18,05:30:00,0.246,0.000,244.740,1.000,0.000,0.000,1.0
2010-01-18,05:31:00,0.248,0.000,245.300,1.000,0.000,0.000,1.0
2010-01-18,05:32:00,0.250,0.000,246.200,1.000,0.000,0.000,1.0
2010-01-18,05:33:00,0.248,0.000,245.880,1.000,0.000,0.000,0.0
2010-01-18,05:34:00,0.248,0.000,245.380,1.000,0.000,0.000,1.0
2010-01-18,05:35:00,0.248,0.000,245.300,1.000,0.000,0.000,1.0
2010-01-18,05:36:00,0.248,0.000,245.860,1.000,0.000,0.000,0.0
2010-01-18,05:37:00,0.248,0.000,245.690,1.000,0.000,0.000,1.0
2010-01-18,05:38:00,0.248,0.000,245.550,1.000,0.000,0.000,1.0
2010-01-18,05:39:00,0.290,0.000,245.700,1.400,0.000,0.000,0.0
2010-01-18,05:40:00,0.322,0.108,245.370,1.400,0.000,0.000,1.0
2010-01-18,05:41:00,0.322,0.106,244.890,1.400,0.000,0.000,1.0
2010-01-18,05:42:00,0.320,0.104,244.200,1.400,0.000,0.000,0.0
2010-01-18,05:43:00,0.320,0.102,243.790,1.400,0.000,0.000,1.0
2010-01-18,05:44:00,0.320,0.102,243.930,1.400,0.000,0.000,1.0
2010-01-18,05:45:00,0.316,0.100,243.400,1.400,0.000,0.000,0.0
2010-01-18,05:46:00,0.316,0.102,243.650,1.400,0.000,0.000,1.0
2010-01-18,05:47:00,0.348,0.130,244.700,1.600,0.000,0.000,1.0
2010-01-18,05:48:00,0.428,0.246,244.690,2.000,0.000,0.000,0.0
2010-01-18,05:49:00,0.376,0.170,244.580,1.600,0.000,0.000,1.0
2010-01-18,05:50:00,0.352,0.136,244.520,1.400,0.000,0.000,1.0
2010-01-18,05:51:00,0.354,0.136,244.810,1.400,0.000,0.000,0.0
2010-01-18,05:52:00,0.356,0.134,244.270,1.400,0.000,0.000,1.0
2010-01-18,05:53:00,0.354,0.134,244.460,1.400,0.000,0.000,1.0
2010-01-18,05:54:00,0.352,0.134,244.400,1.400,0.000,0.000,0.0
2010-01-18,05:55:00,0.350,0.132,243.760,1.400,0.000,0.000,1.0
2010-01-18,05:56:00,0.348,0.130,243.570,1.400,0.000,0.000,1.0
2010-01-18,05:57:00,0.346,0.130,243.210,1.400,0.000,0.000,0.0
2010-01-18,05:58:00,0.344,0.126,242.440,1.400,0.000,0.000,1.0
2010-01-18,05:59:00,0.342,0.126,242.460,1.400,0.000,0.000,1.0
2010-01-18,06:00:00,0.342,0.126,242.440,1.400,0.000,0.000,0.0
2010-01-18,06:01:00,0.342,0.128,242.610,1.400,0.000,0.000,1.0
2010-01-18,06:02:00,0.286,0.050,242.800,1.200,0.000,0.000,1.0
2010-01-18,06:03:00,0.248,0.000,243.340,1.000,0.000,0.000,0.0
2010-01-18,06:04:00,0.250,0.000,244.080,1.000,0.000,0.000,1.0
2010-01-18,06:05:00,0.250,0.000,244.070,1.000,0.000,0.000,1.0
2010-01-18,06:06:00,0.250,0.000,244.740,1.000,0.000,0.000,0.0
2010-01-18,06:07:00,0.250,0.000,244.470,1.000,0.000,0.000,1.0
2010-01-18,06:08:00,0.250,0.000,244.440,1.000,0.000,0.000,1.0
2010-01-18,06:09:00,0.248,0.000,243.930,1.000,0.000,0.000,0.0
2010-01-18,06:10:00,0.248,0.000,244.070,1.000,0.000,0.000,1.0
2010-01-18,06:11:00,0.246,0.000,243.010,1.000,0.000,0.000,1.0
2010-01-18,06:12:00,0.248,0.000,243.420,1.000,0.000,0.000,0.0
2010-01-18,06:13:00,0.248,0.000,243.880,1.000,0.000,0.000,1.0
2010-01-18,06:14:00,0.248,0.000,243.990,1.000,0.000,0.000,1.0
2010-01-18,06:15:00,0.248,0.000,243.790,1.000,0.000,0.000,0.0
2010-01-18,06:16:00,0.248,0.000,243.670,1.000,0.000,0.000,1.0
2010-01-18,06:17:00,0.248,0.000,243.770,1.000,0.000,0.000,1.0
2010-01-18,06:18:00,0.246,0.000,243.370,1.000,0.000,0.000,0.0
2010-01-18,06:19:00,0.248,0.000,244.100,1.000,0.000,0.000,1.0
2010-01-18,06:20:00,0.250,0.000,244.650,1.000,0.000,0.000,1.0
2010-01-18,06:21:00,0.248,0.000,243.630,1.000,0.000,0.000,0.0
2010-01-18,06:22:00,0.250,0.000,244.460,1.000,0.000,0.000,1.0
2010-01-18,06:23:00,0.248,0.000,244.560,1.000,0.000,0.000,1.0
2010-01-18,06:24:00,0.252,0.000,244.800,1.000,0.000,0.000,1.0
2010-01-18,06:25:00,0.252,0.000,245.110,1.000,0.000,0.000,0.0
2010-01-18,06:26:00,0.254,0.000,246.200,1.000,0.000,0.000,1.0
2010-01-18,06:27:00,0.254,0.000,246.350,1.000,0.000,0.000,1.0
2010-01-18,06:28:00,0.256,0.000,246.430,1.000,0.000,0.000,0.0
2010-01-18,06:29:00,0.312,0.060,246.560,1.400,0.000,0.000,1.0
2010-01-18,06:30:00,0.366,0.140,245.840,1.600,0.000,0.000,1.0
2010-01-18,06:31:00,0.444,0.252,245.950,2.000,0.000,0.000,0.0
2010-01-18,06:32:00,0.440,0.250,245.950,2.000,0.000,0.000,1.0
2010-01-18,06:33:00,0.436,0.248,245.580,2.000,0.000,0.000,1.0
2010-01-18,06:34:00,0.430,0.244,244.670,2.000,0.000,0.000,0.0
2010-01-18,06:35:00,0.444,0.266,245.150,2.000,0.000,0.000,1.0
2010-01-18,06:36:00,0.732,0.280,245.390,3.200,0.000,0.000,1.0
2010-01-18,06:37:00,0.908,0.278,245.510,3.800,0.000,0.000,0.0
2010-01-18,06:38:00,1.964,0.270,244.170,8.600,0.000,0.000,1.0
2010-01-18,06:39:00,2.240,0.220,244.060,9.400,0.000,0.000,1.0
2010-01-18,06:40:00,2.332,0.170,243.450,9.800,0.000,0.000,0.0
2010-01-18,06:41:00,2.310,0.158,243.100,9.600,0.000,0.000,1.0
2010-01-18,06:42:00,2.704,0.188,242.610,11.400,0.000,0.000,1.0
2010-01-18,06:43:00,1.698,0.154,244.090,7.200,0.000,0.000,0.0
2010-01-18,06:44:00,2.004,0.190,243.610,8.600,0.000,0.000,1.0
2010-01-18,06:45:00,2.102,0.224,243.020,9.000,0.000,0.000,1.0
2010-01-18,06:46:00,2.080,0.152,242.350,9.000,0.000,1.000,3.0
2010-01-18,06:47:00,2.460,0.126,241.910,10.200,0.000,2.000,20.0
2010-01-18,06:48:00,2.032,0.132,242.420,8.400,0.000,1.000,19.0
2010-01-18,06:49:00,1.868,0.136,243.240,7.600,0.000,1.000,19.0
2010-01-18,06:50:00,1.862,0.138,243.370,7.600,0.000,2.000,19.0
2010-01-18,06:51:00,1.866,0.138,244.030,7.600,0.000,1.000,19.0
2010-01-18,06:52:00,1.902,0.136,243.820,7.800,0.000,2.000,19.0
2010-01-18,06:53:00,1.896,0.130,242.200,7.800,0.000,1.000,19.0
2010-01-18,06:54:00,1.888,0.126,241.490,7.800,0.000,1.000,19.0
2010-01-18,06:55:00,1.878,0.126,241.180,7.800,0.000,2.000,18.0
2010-01-18,06:56:00,1.878,0.126,241.340,7.800,0.000,1.000,19.0
2010-01-18,06:57:00,2.254,0.262,240.350,9.400,0.000,2.000,24.0
2010-01-18,06:58:00,2.402,0.300,240.180,10.000,0.000,1.000,27.0
2010-01-18,06:59:00,2.444,0.312,241.340,10.200,0.000,1.000,28.0
2010-01-18,07:00:00,2.452,0.304,240.640,10.200,0.000,2.000,28.0
2010-01-18,07:01:00,2.452,0.294,239.600,10.200,0.000,1.000,28.0
2010-01-18,07:02:00,2.246,0.234,239.240,9.400,0.000,1.000,26.0
2010-01-18,07:03:00,1.848,0.120,238.990,7.600,0.000,2.000,18.0
2010-01-18,07:04:00,1.864,0.122,239.780,7.800,0.000,1.000,19.0
2010-01-18,07:05:00,1.868,0.126,240.690,7.800,0.000,1.000,18.0
2010-01-18,07:06:00,1.856,0.126,240.110,7.600,0.000,2.000,18.0
2010-01-18,07:07:00,1.872,0.124,239.710,7.800,0.000,1.000,19.0
2010-01-18,07:08:00,2.014,0.118,238.870,8.400,0.000,1.000,18.0
2010-01-18,07:09:00,2.218,0.120,238.480,9.600,0.000,1.000,18.0
2010-01-18,07:10:00,3.418,0.124,236.430,14.400,0.000,2.000,18.0
2010-01-18,07:11:00,3.438,0.122,236.390,14.400,0.000,1.000,17.0
2010-01-18,07:12:00,3.316,0.126,236.360,14.000,0.000,1.000,18.0
2010-01-18,07:13:00,2.566,0.416,237.390,11.000,0.000,1.000,18.0
2010-01-18,07:14:00,2.606,0.488,237.970,11.000,0.000,1.000,18.0
2010-01-18,07:15:00,2.612,0.490,238.210,11.200,0.000,2.000,18.0
2010-01-18,07:16:00,2.584,0.454,237.730,11.000,0.000,1.000,18.0
2010-01-18,07:17:00,2.726,0.344,237.140,11.600,0.000,0.000,18.0
2010-01-18,07:18:00,2.478,0.336,237.600,10.600,0.000,0.000,18.0
2010-01-18,07:19:00,2.550,0.338,238.230,10.800,0.000,0.000,18.0
2010-01-18,07:20:00,2.944,0.330,237.940,12.400,0.000,0.000,18.0
2010-01-18,07:21:00,2.820,0.332,238.130,12.000,0.000,0.000,18.0
2010-01-18,07:22:00,2.410,0.338,238.610,10.200,0.000,0.000,18.0
2010-01-18,07:23:00,2.380,0.344,239.720,10.000,0.000,0.000,18.0
2010-01-18,07:24:00,2.820,0.348,239.590,11.800,0.000,0.000,19.0
2010-01-18,07:25:00,3.014,0.426,238.480,12.800,0.000,0.000,18.0
2010-01-18,07:26:00,2.418,0.338,239.210,10.200,0.000,0.000,18.0
2010-01-18,07:27:00,2.342,0.328,238.640,10.000,0.000,0.000,18.0
2010-01-18,07:28:00,2.286,0.256,238.290,9.600,0.000,0.000,18.0
2010-01-18,07:29:00,2.216,0.100,238.440,9.400,0.000,0.000,18.0
2010-01-18,07:30:00,2.262,0.108,237.980,9.600,0.000,0.000,18.0
2010-01-18,07:31:00,2.264,0.108,238.190,9.600,0.000,0.000,18.0
2010-01-18,07:32:00,2.292,0.110,238.920,9.600,0.000,0.000,18.0
2010-01-18,07:33:00,2.284,0.106,238.050,9.600,0.000,0.000,19.0
2010-01-18,07:34:00,2.270,0.106,237.600,9.600,0.000,0.000,17.0
2010-01-18,07:35:00,2.260,0.110,239.090,9.400,0.000,0.000,19.0
2010-01-18,07:36:00,2.226,0.110,239.360,9.400,0.000,0.000,18.0
2010-01-18,07:37:00,2.232,0.110,239.530,9.400,0.000,0.000,18.0
2010-01-18,07:38:00,2.244,0.110,239.590,9.400,0.000,0.000,18.0
2010-01-18,07:39:00,2.236,0.110,239.490,9.400,0.000,0.000,19.0
2010-01-18,07:40:00,2.254,0.112,240.440,9.400,0.000,0.000,18.0
2010-01-18,07:41:00,2.242,0.114,240.420,9.400,0.000,0.000,18.0
2010-01-18,07:42:00,2.232,0.110,239.680,9.400,0.000,0.000,19.0
2010-01-18,07:43:00,2.248,0.112,240.540,9.400,0.000,0.000,18.0
2010-01-18,07:44:00,2.250,0.114,240.460,9.400,0.000,0.000,18.0
2010-01-18,07:45:00,2.240,0.112,239.990,9.400,0.000,0.000,19.0
2010-01-18,07:46:00,2.376,0.110,240.300,9.800,0.000,0.000,18.0
2010-01-18,07:47:00,2.396,0.108,239.810,10.000,0.000,0.000,18.0
2010-01-18,07:48:00,2.884,0.104,239.410,12.400,0.000,0.000,19.0
2010-01-18,07:49:00,3.676,0.100,238.780,15.400,0.000,0.000,18.0
2010-01-18,07:50:00,3.108,0.102,238.530,13.200,0.000,0.000,18.0
2010-01-18,07:51:00,2.320,0.106,238.750,9.600,0.000,0.000,18.0
2010-01-18,07:52:00,2.314,0.106,238.680,9.600,0.000,0.000,18.0
2010-01-18,07:53:00,2.296,0.104,237.960,9.600,0.000,0.000,18.0
2010-01-18,07:54:00,2.308,0.104,238.710,9.600,0.000,0.000,18.0
2010-01-18,07:55:00,2.370,0.164,238.310,10.000,0.000,0.000,18.0
2010-01-18,07:56:00,2.450,0.244,240.300,10.200,0.000,0.000,19.0
2010-01-18,07:57:00,2.466,0.248,241.360,10.200,0.000,0.000,18.0
2010-01-18,07:58:00,2.444,0.242,240.280,10.200,0.000,0.000,19.0
2010-01-18,07:59:00,2.438,0.242,240.320,10.200,0.000,0.000,18.0
2010-01-18,08:00:00,2.444,0.244,240.650,10.200,0.000,0.000,18.0
2010-01-18,08:01:00,2.438,0.244,240.340,10.200,0.000,0.000,19.0
2010-01-18,08:02:00,2.144,0.248,240.450,9.000,0.000,0.000,18.0
2010-01-18,08:03:00,2.084,0.250,240.510,8.600,0.000,0.000,18.0
2010-01-18,08:04:00,2.146,0.246,240.010,9.000,0.000,0.000,19.0
2010-01-18,08:05:00,1.984,0.252,240.640,8.200,0.000,0.000,18.0
2010-01-18,08:06:00,2.056,0.314,241.750,8.600,0.000,0.000,19.0
2010-01-18,08:07:00,2.056,0.356,240.690,8.600,0.000,0.000,18.0
2010-01-18,08:08:00,2.056,0.356,240.680,8.600,0.000,0.000,19.0
2010-01-18,08:09:00,2.050,0.354,240.370,8.600,0.000,0.000,18.0
2010-01-18,08:10:00,2.044,0.354,240.570,8.600,0.000,0.000,18.0
2010-01-18,08:11:00,1.982,0.252,241.090,8.200,0.000,0.000,19.0
2010-01-18,08:12:00,1.970,0.224,241.290,8.200,0.000,0.000,18.0
2010-01-18,08:13:00,1.972,0.224,241.540,8.200,0.000,0.000,19.0
2010-01-18,08:14:00,1.974,0.226,241.830,8.200,0.000,0.000,18.0
2010-01-18,08:15:00,1.980,0.226,242.300,8.200,0.000,0.000,19.0
2010-01-18,08:16:00,1.978,0.226,242.400,8.200,0.000,0.000,19.0
2010-01-18,08:17:00,1.986,0.228,242.780,8.200,0.000,0.000,18.0
2010-01-18,08:18:00,1.992,0.230,242.970,8.200,0.000,0.000,19.0
2010-01-18,08:19:00,1.962,0.158,244.230,8.000,0.000,0.000,19.0
2010-01-18,08:20:00,1.940,0.126,244.110,8.000,0.000,0.000,19.0
2010-01-18,08:21:00,1.922,0.124,243.400,7.800,0.000,0.000,19.0
2010-01-18,08:22:00,1.912,0.122,242.790,7.800,0.000,0.000,19.0
2010-01-18,08:23:00,1.910,0.122,242.240,7.800,0.000,0.000,18.0
2010-01-18,08:24:00,2.126,0.202,241.930,8.800,0.000,0.000,22.0
2010-01-18,08:25:00,2.480,0.316,242.520,10.200,0.000,0.000,28.0
2010-01-18,08:26:00,2.504,0.318,242.760,10.400,0.000,0.000,28.0
2010-01-18,08:27:00,2.516,0.320,243.170,10.400,0.000,0.000,29.0
2010-01-18,08:28:00,2.530,0.324,243.720,10.400,0.000,0.000,29.0
2010-01-18,08:29:00,2.190,0.212,244.920,9.000,0.000,0.000,24.0
2010-01-18,08:30:00,1.952,0.130,245.470,8.000,0.000,0.000,19.0
2010-01-18,08:31:00,1.976,0.136,247.160,8.000,0.000,0.000,20.0
2010-01-18,08:32:00,1.976,0.134,246.750,8.000,0.000,0.000,19.0
2010-01-18,08:33:00,1.974,0.134,246.640,8.000,0.000,0.000,19.0
2010-01-18,08:34:00,1.972,0.134,246.480,8.000,0.000,0.000,20.0
2010-01-18,08:35:00,1.968,0.132,246.370,8.000,0.000,0.000,19.0
2010-01-18,08:36:00,1.972,0.132,246.480,8.000,0.000,0.000,19.0
2010-01-18,08:37:00,1.998,0.146,246.890,8.000,0.000,0.000,20.0
2010-01-18,08:38:00,2.084,0.276,246.690,8.400,0.000,0.000,19.0
2010-01-18,08:39:00,2.082,0.278,246.920,8.400,0.000,0.000,19.0
2010-01-18,08:40:00,2.072,0.276,246.660,8.400,0.000,0.000,20.0
2010-01-18,08:41:00,2.070,0.276,246.280,8.400,0.000,0.000,19.0
2010-01-18,08:42:00,2.072,0.276,246.420,8.400,0.000,0.000,19.0
2010-01-18,08:43:00,2.072,0.276,246.520,8.400,0.000,0.000,19.0
2010-01-18,08:44:00,2.074,0.280,247.030,8.400,0.000,0.000,20.0
2010-01-18,08:45:00,2.064,0.276,246.600,8.400,0.000,0.000,19.0
2010-01-18,08:46:00,2.058,0.274,246.160,8.400,0.000,0.000,19.0
2010-01-18,08:47:00,2.050,0.270,245.350,8.400,0.000,0.000,20.0
2010-01-18,08:48:00,2.046,0.270,245.140,8.400,0.000,0.000,19.0
2010-01-18,08:49:00,2.040,0.268,244.900,8.400,0.000,0.000,19.0
2010-01-18,08:50:00,2.048,0.272,245.500,8.400,0.000,0.000,19.0
2010-01-18,08:51:00,2.060,0.274,246.180,8.400,0.000,0.000,19.0
2010-01-18,08:52:00,2.062,0.276,246.510,8.400,0.000,0.000,19.0
2010-01-18,08:53:00,2.028,0.232,246.560,8.200,0.000,0.000,20.0
2010-01-18,08:54:00,1.962,0.130,246.120,8.000,0.000,0.000,19.0
2010-01-18,08:55:00,1.960,0.130,245.640,8.000,0.000,0.000,19.0
2010-01-18,08:56:00,1.958,0.130,245.610,8.000,0.000,0.000,19.0
2010-01-18,08:57:00,2.040,0.222,245.750,8.400,0.000,0.000,19.0
2010-01-18,08:58:00,2.022,0.236,245.190,8.200,0.000,0.000,20.0
2010-01-18,08:59:00,2.024,0.238,245.460,8.200,0.000,0.000,19.0
2010-01-18,09:00:00,2.014,0.234,244.820,8.200,0.000,0.000,19.0
2010-01-18,09:01:00,2.024,0.238,245.510,8.200,0.000,0.000,19.0
2010-01-18,09:02:00,2.010,0.234,244.460,8.200,0.000,0.000,19.0
2010-01-18,09:03:00,2.008,0.234,244.430,8.200,0.000,0.000,19.0
2010-01-18,09:04:00,2.006,0.234,244.360,8.200,0.000,0.000,19.0
2010-01-18,09:05:00,2.006,0.234,244.480,8.200,0.000,0.000,19.0
2010-01-18,09:06:00,2.002,0.234,244.230,8.200,0.000,0.000,19.0
2010-01-18,09:07:00,1.996,0.232,243.800,8.200,0.000,0.000,19.0
2010-01-18,09:08:00,1.996,0.232,244.130,8.200,0.000,0.000,18.0
2010-01-18,09:09:00,1.968,0.200,243.820,8.000,0.000,0.000,19.0
2010-01-18,09:10:00,1.942,0.128,244.680,8.000,0.000,0.000,19.0
2010-01-18,09:11:00,1.932,0.128,244.300,7.800,0.000,0.000,19.0
2010-01-18,09:12:00,1.908,0.124,243.020,7.800,0.000,0.000,19.0
2010-01-18,09:13:00,1.906,0.122,242.890,7.800,0.000,0.000,19.0
2010-01-18,09:14:00,1.920,0.124,243.770,7.800,0.000,0.000,19.0
2010-01-18,09:15:00,1.920,0.124,243.780,7.800,0.000,0.000,19.0
2010-01-18,09:16:00,1.928,0.124,244.230,7.800,0.000,0.000,19.0
2010-01-18,09:17:00,1.934,0.126,244.340,7.800,0.000,0.000,19.0
2010-01-18,09:18:00,1.912,0.122,242.770,7.800,0.000,0.000,18.0
2010-01-18,09:19:00,1.910,0.122,242.580,7.800,0.000,0.000,19.0
2010-01-18,09:20:00,1.976,0.204,241.810,8.200,0.000,0.000,19.0
2010-01-18,09:21:00,2.016,0.260,242.550,8.400,0.000,0.000,18.0
2010-01-18,09:22:00,2.030,0.264,243.740,8.400,0.000,0.000,19.0
2010-01-18,09:23:00,2.046,0.270,244.780,8.400,0.000,0.000,19.0
2010-01-18,09:24:00,2.034,0.266,244.190,8.400,0.000,0.000,19.0
2010-01-18,09:25:00,2.018,0.264,243.610,8.400,0.000,0.000,19.0
2010-01-18,09:26:00,2.014,0.262,243.400,8.200,0.000,0.000,19.0
2010-01-18,09:27:00,2.014,0.264,243.590,8.200,0.000,0.000,19.0
2010-01-18,09:28:00,2.010,0.262,243.360,8.200,0.000,0.000,18.0
2010-01-18,09:29:00,2.024,0.266,244.390,8.400,0.000,0.000,19.0
2010-01-18,09:30:00,2.022,0.266,244.250,8.400,0.000,0.000,19.0
2010-01-18,09:31:00,2.030,0.268,244.740,8.400,0.000,0.000,19.0
2010-01-18,09:32:00,2.038,0.270,245.010,8.400,0.000,0.000,19.0
2010-01-18,09:33:00,2.040,0.270,245.000,8.400,0.000,0.000,19.0
2010-01-18,09:34:00,2.038,0.272,245.050,8.400,0.000,0.000,20.0
2010-01-18,09:35:00,2.040,0.272,245.110,8.400,0.000,0.000,19.0
2010-01-18,09:36:00,1.986,0.176,245.710,8.000,0.000,0.000,19.0
2010-01-18,09:37:00,1.956,0.132,245.690,8.000,0.000,0.000,19.0
2010-01-18,09:38:00,1.942,0.130,245.170,7.800,0.000,0.000,19.0
2010-01-18,09:39:00,1.932,0.128,244.600,7.800,0.000,0.000,19.0
2010-01-18,09:40:00,1.934,0.128,244.750,7.800,0.000,0.000,19.0
2010-01-18,09:41:00,1.936,0.128,244.830,7.800,0.000,0.000,19.0
2010-01-18,09:42:00,1.938,0.128,244.890,7.800,0.000,0.000,19.0
2010-01-18,09:43:00,1.942,0.130,245.130,7.800,0.000,0.000,19.0
2010-01-18,09:44:00,1.946,0.130,245.460,8.000,0.000,0.000,19.0
2010-01-18,09:45:00,1.948,0.132,245.620,8.000,0.000,0.000,20.0
2010-01-18,09:46:00,1.994,0.178,245.460,8.200,0.000,0.000,19.0
2010-01-18,09:47:00,2.024,0.240,245.210,8.200,0.000,0.000,19.0
2010-01-18,09:48:00,2.024,0.238,245.050,8.200,0.000,0.000,19.0
2010-01-18,09:49:00,2.030,0.240,245.500,8.200,0.000,0.000,19.0
2010-01-18,09:50:00,2.020,0.238,244.950,8.200,0.000,0.000,19.0
2010-01-18,09:51:00,2.006,0.234,244.460,8.200,0.000,0.000,19.0
2010-01-18,09:52:00,2.000,0.234,244.230,8.200,0.000,0.000,19.0
2010-01-18,09:53:00,2.012,0.238,245.120,8.200,0.000,0.000,19.0
2010-01-18,09:54:00,2.014,0.238,245.270,8.200,0.000,0.000,19.0
2010-01-18,09:55:00,2.030,0.242,246.430,8.200,0.000,0.000,19.0
2010-01-18,09:56:00,2.040,0.244,247.000,8.200,0.000,0.000,20.0
2010-01-18,09:57:00,2.034,0.244,246.760,8.200,0.000,0.000,19.0
2010-01-18,09:58:00,2.014,0.230,245.880,8.200,0.000,0.000,19.0
2010-01-18,09:59:00,1.962,0.132,246.450,8.000,0.000,0.000,20.0
2010-01-18,10:00:00,1.956,0.132,246.010,8.000,0.000,0.000,19.0
2010-01-18,10:01:00,1.958,0.132,246.220,8.000,0.000,0.000,19.0
2010-01-18,10:02:00,1.976,0.138,246.480,8.000,0.000,0.000,19.0
2010-01-18,10:03:00,2.088,0.280,246.480,8.600,0.000,0.000,20.0
2010-01-18,10:04:00,2.080,0.280,246.750,8.400,0.000,0.000,19.0
2010-01-18,10:05:00,2.052,0.274,245.560,8.400,0.000,0.000,19.0
2010-01-18,10:06:00,2.054,0.274,245.770,8.400,0.000,0.000,19.0
2010-01-18,10:07:00,2.062,0.276,246.400,8.400,0.000,0.000,20.0
2010-01-18,10:08:00,2.058,0.274,246.140,8.400,0.000,0.000,19.0
2010-01-18,10:09:00,2.050,0.274,245.830,8.400,0.000,0.000,19.0
2010-01-18,10:10:00,2.106,0.340,245.700,8.600,0.000,0.000,19.0
2010-01-18,10:11:00,2.120,0.400,245.310,8.800,0.000,0.000,19.0
2010-01-18,10:12:00,2.104,0.394,244.080,8.800,0.000,2.000,19.0
2010-01-18,10:13:00,2.020,0.368,244.060,8.400,0.000,1.000,19.0
2010-01-18,10:14:00,1.654,0.256,244.880,6.800,0.000,2.000,19.0
2010-01-18,10:15:00,1.648,0.254,244.370,6.800,0.000,1.000,19.0
2010-01-18,10:16:00,1.646,0.252,244.200,6.800,0.000,1.000,19.0
2010-01-18,10:17:00,1.656,0.254,244.420,6.800,0.000,2.000,19.0
2010-01-18,10:18:00,1.646,0.236,244.700,6.800,0.000,1.000,19.0
2010-01-18,10:19:00,2.402,0.122,243.950,10.200,0.000,2.000,19.0
2010-01-18,10:20:00,2.260,0.144,244.500,9.600,0.000,1.000,19.0
2010-01-18,10:21:00,1.572,0.118,245.580,6.400,0.000,1.000,19.0
2010-01-18,10:22:00,1.566,0.118,245.410,6.400,0.000,2.000,19.0
2010-01-18,10:23:00,1.566,0.116,245.340,6.400,0.000,1.000,19.0
2010-01-18,10:24:00,1.554,0.114,244.470,6.200,0.000,2.000,19.0
2010-01-18,10:25:00,1.552,0.112,244.290,6.200,0.000,1.000,19.0
2010-01-18,10:26:00,1.552,0.114,244.360,6.200,0.000,1.000,19.0
2010-01-18,10:27:00,1.558,0.116,245.020,6.400,0.000,2.000,19.0
2010-01-18,10:28:00,1.564,0.118,245.460,6.400,0.000,1.000,19.0
2010-01-18,10:29:00,1.576,0.122,246.620,6.400,0.000,1.000,20.0
2010-01-18,10:30:00,1.572,0.120,246.400,6.400,0.000,2.000,19.0
2010-01-18,10:31:00,1.556,0.116,245.060,6.200,0.000,1.000,19.0
2010-01-18,10:32:00,1.548,0.112,243.970,6.200,0.000,1.000,19.0
2010-01-18,10:33:00,1.558,0.116,244.740,6.400,0.000,2.000,19.0
2010-01-18,10:34:00,1.558,0.114,244.770,6.400,0.000,1.000,19.0
2010-01-18,10:35:00,1.614,0.174,244.730,6.600,0.000,1.000,19.0
2010-01-18,10:36:00,1.638,0.226,245.310,6.600,0.000,1.000,19.0
2010-01-18,10:37:00,1.634,0.224,244.940,6.600,0.000,2.000,19.0
2010-01-18,10:38:00,1.628,0.222,244.520,6.600,0.000,1.000,19.0
2010-01-18,10:39:00,1.634,0.226,245.550,6.600,0.000,1.000,19.0
2010-01-18,10:40:00,1.628,0.224,245.350,6.600,0.000,1.000,19.0
2010-01-18,10:41:00,1.596,0.156,246.180,6.400,0.000,1.000,20.0
2010-01-18,10:42:00,1.564,0.100,246.160,6.200,0.000,0.000,19.0
2010-01-18,10:43:00,1.558,0.098,245.690,6.200,0.000,0.000,19.0
2010-01-18,10:44:00,1.558,0.098,245.720,6.200,0.000,0.000,19.0
2010-01-18,10:45:00,1.606,0.156,244.860,6.600,0.000,0.000,19.0
2010-01-18,10:46:00,1.668,0.240,245.850,6.800,0.000,0.000,20.0
2010-01-18,10:47:00,1.636,0.180,246.460,6.600,0.000,0.000,19.0
2010-01-18,10:48:00,1.608,0.136,246.450,6.400,0.000,0.000,19.0
2010-01-18,10:49:00,1.610,0.136,246.650,6.400,0.000,0.000,19.0
2010-01-18,10:50:00,1.606,0.136,246.370,6.400,0.000,0.000,20.0
2010-01-18,10:51:00,1.602,0.134,246.180,6.400,0.000,0.000,19.0
2010-01-18,10:52:00,1.608,0.138,246.980,6.400,0.000,0.000,19.0
2010-01-18,10:53:00,1.608,0.138,247.120,6.400,0.000,0.000,20.0
2010-01-18,10:54:00,1.600,0.136,246.540,6.400,0.000,0.000,19.0
2010-01-18,10:55:00,1.598,0.136,246.540,6.400,0.000,0.000,19.0
2010-01-18,10:56:00,1.584,0.132,245.600,6.400,0.000,0.000,19.0
2010-01-18,10:57:00,1.582,0.132,245.830,6.400,0.000,0.000,20.0
2010-01-18,10:58:00,1.588,0.134,246.350,6.400,0.000,0.000,19.0
2010-01-18,10:59:00,1.594,0.138,246.920,6.400,0.000,0.000,19.0
2010-01-18,11:00:00,1.596,0.138,247.030,6.400,0.000,0.000,20.0
2010-01-18,11:01:00,1.548,0.074,246.620,6.200,0.000,0.000,19.0
2010-01-18,11:02:00,1.494,0.000,245.980,6.000,0.000,0.000,19.0
2010-01-18,11:03:00,1.498,0.000,246.130,6.000,0.000,0.000,19.0
2010-01-18,11:04:00,1.498,0.000,246.210,6.000,0.000,0.000,20.0
2010-01-18,11:05:00,1.498,0.000,246.210,6.000,0.000,0.000,19.0
2010-01-18,11:06:00,1.484,0.000,245.090,6.000,0.000,0.000,19.0
2010-01-18,11:07:00,1.496,0.000,245.990,6.000,0.000,0.000,19.0
2010-01-18,11:08:00,1.492,0.000,245.660,6.000,0.000,0.000,19.0
2010-01-18,11:09:00,1.480,0.000,244.650,6.000,0.000,0.000,19.0
2010-01-18,11:10:00,1.484,0.000,245.060,6.000,0.000,0.000,19.0
2010-01-18,11:11:00,1.486,0.000,245.220,6.000,0.000,0.000,20.0
2010-01-18,11:12:00,1.480,0.000,244.770,6.000,0.000,0.000,19.0
2010-01-18,11:13:00,1.470,0.000,244.490,6.000,0.000,0.000,19.0
2010-01-18,11:14:00,1.478,0.000,245.120,6.000,0.000,0.000,19.0
2010-01-18,11:15:00,1.482,0.000,245.450,6.000,0.000,0.000,19.0
2010-01-18,11:16:00,1.478,0.000,245.170,6.000,0.000,0.000,19.0
2010-01-18,11:17:00,1.482,0.000,244.920,6.000,0.000,0.000,19.0
2010-01-18,11:18:00,1.482,0.000,244.810,6.000,0.000,0.000,19.0
2010-01-18,11:19:00,1.476,0.000,244.270,6.000,0.000,0.000,19.0
2010-01-18,11:20:00,1.470,0.000,243.770,6.000,0.000,0.000,19.0
2010-01-18,11:21:00,1.470,0.000,243.790,6.000,0.000,0.000,19.0
2010-01-18,11:22:00,1.468,0.000,243.560,6.000,0.000,0.000,18.0
2010-01-18,11:23:00,1.462,0.000,243.150,6.000,0.000,0.000,19.0
2010-01-18,11:24:00,1.542,0.070,243.290,6.200,0.000,0.000,19.0
2010-01-18,11:25:00,1.544,0.092,243.690,6.200,0.000,0.000,19.0
2010-01-18,11:26:00,1.532,0.090,243.180,6.200,0.000,0.000,19.0
2010-01-18,11:27:00,1.530,0.090,243.120,6.200,0.000,0.000,18.0
2010-01-18,11:28:00,1.634,0.214,242.280,6.800,0.000,0.000,19.0
2010-01-18,11:29:00,1.632,0.224,242.680,6.800,0.000,0.000,19.0
2010-01-18,11:30:00,1.628,0.226,242.790,6.600,0.000,0.000,19.0
2010-01-18,11:31:00,1.626,0.226,242.840,6.600,0.000,0.000,18.0
2010-01-18,11:32:00,1.630,0.226,242.790,6.600,0.000,0.000,19.0
2010-01-18,11:33:00,1.634,0.230,243.280,6.800,0.000,0.000,19.0
2010-01-18,11:34:00,1.622,0.224,242.370,6.600,0.000,0.000,19.0
2010-01-18,11:35:00,1.614,0.222,241.840,6.600,0.000,0.000,18.0
2010-01-18,11:36:00,1.616,0.222,242.360,6.600,0.000,0.000,19.0
2010-01-18,11:37:00,1.556,0.122,242.980,6.400,0.000,0.000,19.0
2010-01-18,11:38:00,1.562,0.126,244.140,6.400,0.000,0.000,18.0
2010-01-18,11:39:00,1.570,0.128,244.780,6.400,0.000,0.000,19.0
2010-01-18,11:40:00,1.566,0.126,244.440,6.400,0.000,0.000,19.0
2010-01-18,11:41:00,1.562,0.126,244.130,6.400,0.000,0.000,19.0
2010-01-18,11:42:00,1.558,0.124,243.800,6.400,0.000,0.000,19.0
2010-01-18,11:43:00,1.556,0.124,243.700,6.400,0.000,0.000,19.0
2010-01-18,11:44:00,1.500,0.000,244.430,6.000,0.000,0.000,19.0
2010-01-18,11:45:00,1.472,0.000,244.550,6.000,0.000,0.000,19.0
2010-01-18,11:46:00,1.468,0.000,244.210,6.000,0.000,0.000,19.0
2010-01-18,11:47:00,1.476,0.000,244.310,6.000,0.000,0.000,19.0
2010-01-18,11:48:00,1.476,0.000,244.180,6.000,0.000,0.000,19.0
2010-01-18,11:49:00,1.478,0.000,245.050,6.000,0.000,0.000,19.0
2010-01-18,11:50:00,1.472,0.000,244.480,6.000,0.000,0.000,19.0
2010-01-18,11:51:00,1.468,0.000,244.130,6.000,0.000,0.000,19.0
2010-01-18,11:52:00,1.468,0.000,244.150,6.000,0.000,0.000,19.0
2010-01-18,11:53:00,1.470,0.000,244.210,6.000,0.000,0.000,19.0
2010-01-18,11:54:00,1.472,0.000,244.500,6.000,0.000,0.000,19.0
2010-01-18,11:55:00,1.470,0.000,244.390,6.000,0.000,0.000,19.0
2010-01-18,11:56:00,1.470,0.000,244.240,6.000,0.000,0.000,19.0
2010-01-18,11:57:00,1.474,0.000,244.590,6.000,0.000,0.000,19.0
2010-01-18,11:58:00,1.468,0.000,244.210,6.000,0.000,0.000,19.0
2010-01-18,11:59:00,1.464,0.000,243.860,6.000,0.000,0.000,19.0
2010-01-18,12:00:00,1.456,0.000,243.150,6.000,0.000,0.000,18.0
2010-01-18,12:01:00,1.462,0.000,243.610,6.000,0.000,0.000,19.0
2010-01-18,12:02:00,1.466,0.000,243.970,6.000,0.000,0.000,19.0
2010-01-18,12:03:00,1.470,0.000,244.220,6.000,0.000,0.000,19.0
2010-01-18,12:04:00,1.468,0.000,243.980,6.000,0.000,0.000,19.0
2010-01-18,12:05:00,1.470,0.000,244.240,6.000,0.000,0.000,19.0
2010-01-18,12:06:00,1.462,0.000,243.710,6.000,0.000,0.000,19.0
2010-01-18,12:07:00,1.462,0.000,243.480,6.000,0.000,0.000,19.0
2010-01-18,12:08:00,1.464,0.000,243.620,6.000,0.000,0.000,19.0
2010-01-18,12:09:00,1.470,0.000,244.270,6.000,0.000,0.000,18.0
2010-01-18,12:10:00,1.508,0.000,245.100,6.200,0.000,0.000,20.0
2010-01-18,12:11:00,1.594,0.130,245.460,6.400,0.000,0.000,19.0
2010-01-18,12:12:00,1.582,0.128,244.760,6.400,0.000,0.000,19.0
2010-01-18,12:13:00,1.588,0.130,243.980,6.400,0.000,0.000,19.0
2010-01-18,12:14:00,1.648,0.232,243.890,6.800,0.000,0.000,19.0
2010-01-18,12:15:00,1.644,0.232,244.010,6.800,0.000,0.000,18.0
2010-01-18,12:16:00,1.642,0.232,243.900,6.800,0.000,0.000,19.0
2010-01-18,12:17:00,1.648,0.236,244.570,6.800,0.000,0.000,19.0
2010-01-18,12:18:00,1.646,0.236,244.440,6.800,0.000,0.000,19.0
2010-01-18,12:19:00,1.644,0.236,244.630,6.800,0.000,0.000,19.0
2010-01-18,12:20:00,1.656,0.242,245.650,6.800,0.000,0.000,19.0
2010-01-18,12:21:00,1.666,0.248,246.640,6.800,0.000,0.000,20.0
2010-01-18,12:22:00,1.666,0.248,246.360,6.800,0.000,0.000,19.0
2010-01-18,12:23:00,1.666,0.246,246.280,6.800,0.000,0.000,19.0
2010-01-18,12:24:00,1.666,0.246,246.320,6.800,0.000,0.000,20.0
2010-01-18,12:25:00,1.666,0.250,246.900,6.800,0.000,0.000,19.0
2010-01-18,12:26:00,1.646,0.218,247.070,6.600,0.000,0.000,19.0
2010-01-18,12:27:00,1.506,0.000,247.300,6.000,0.000,0.000,20.0
2010-01-18,12:28:00,1.496,0.000,246.480,6.000,0.000,0.000,19.0
2010-01-18,12:29:00,1.498,0.000,246.550,6.000,0.000,0.000,19.0
2010-01-18,12:30:00,1.502,0.000,247.110,6.000,0.000,0.000,20.0
2010-01-18,12:31:00,1.506,0.000,247.410,6.000,0.000,0.000,19.0
2010-01-18,12:32:00,1.506,0.000,247.370,6.000,0.000,0.000,20.0
2010-01-18,12:33:00,1.510,0.000,247.740,6.000,0.000,0.000,19.0
2010-01-18,12:34:00,1.516,0.000,248.140,6.000,0.000,0.000,20.0
2010-01-18,12:35:00,1.510,0.000,247.770,6.000,0.000,0.000,19.0
2010-01-18,12:36:00,1.520,0.000,248.580,6.000,0.000,0.000,20.0
2010-01-18,12:37:00,1.524,0.000,248.520,6.000,0.000,0.000,19.0
2010-01-18,12:38:00,1.522,0.000,248.170,6.000,0.000,0.000,20.0
2010-01-18,12:39:00,1.518,0.000,247.800,6.000,0.000,0.000,19.0
2010-01-18,12:40:00,1.512,0.000,247.330,6.000,0.000,0.000,20.0
2010-01-18,12:41:00,1.456,0.000,247.740,5.800,0.000,0.000,19.0
2010-01-18,12:42:00,1.428,0.000,247.960,5.600,0.000,0.000,20.0
2010-01-18,12:43:00,1.736,0.114,248.020,7.600,0.000,0.000,19.0
2010-01-18,12:44:00,3.142,0.478,246.570,13.000,0.000,0.000,20.0
2010-01-18,12:45:00,3.070,0.430,246.260,12.800,0.000,0.000,19.0
2010-01-18,12:46:00,2.264,0.058,246.910,9.600,0.000,0.000,19.0
2010-01-18,12:47:00,2.606,0.000,246.630,10.400,0.000,0.000,20.0
2010-01-18,12:48:00,2.034,0.000,247.300,8.400,0.000,0.000,19.0
2010-01-18,12:49:00,1.404,0.000,247.680,5.600,0.000,0.000,19.0
2010-01-18,12:50:00,1.424,0.000,248.090,5.600,0.000,0.000,20.0
2010-01-18,12:51:00,1.422,0.000,247.630,5.600,0.000,0.000,19.0
2010-01-18,12:52:00,1.422,0.000,247.050,5.600,0.000,0.000,20.0
2010-01-18,12:53:00,1.480,0.000,246.930,6.000,0.000,0.000,19.0
2010-01-18,12:54:00,1.526,0.110,246.750,6.200,0.000,0.000,20.0
2010-01-18,12:55:00,1.526,0.112,247.100,6.200,0.000,0.000,19.0
2010-01-18,12:56:00,1.524,0.112,247.210,6.200,0.000,0.000,19.0
2010-01-18,12:57:00,1.564,0.154,247.010,6.400,0.000,0.000,20.0
2010-01-18,12:58:00,1.594,0.220,246.880,6.400,0.000,0.000,19.0
2010-01-18,12:59:00,1.602,0.222,247.420,6.400,0.000,0.000,19.0
2010-01-18,13:00:00,1.604,0.226,247.970,6.400,0.000,0.000,20.0
2010-01-18,13:01:00,1.586,0.222,247.090,6.400,0.000,0.000,19.0
2010-01-18,13:02:00,1.580,0.220,246.980,6.400,0.000,0.000,20.0
2010-01-18,13:03:00,1.576,0.220,246.810,6.400,0.000,0.000,19.0
2010-01-18,13:04:00,1.570,0.218,246.540,6.400,0.000,0.000,19.0
2010-01-18,13:05:00,1.570,0.218,246.630,6.400,0.000,0.000,20.0
2010-01-18,13:06:00,1.574,0.220,247.160,6.400,0.000,0.000,19.0
2010-01-18,13:07:00,1.582,0.222,247.380,6.400,0.000,0.000,20.0
2010-01-18,13:08:00,1.582,0.222,247.250,6.400,0.000,0.000,19.0
2010-01-18,13:09:00,1.554,0.174,247.610,6.200,0.000,0.000,19.0
2010-01-18,13:10:00,1.488,0.078,247.350,6.000,0.000,0.000,20.0
2010-01-18,13:11:00,1.434,0.000,246.640,5.800,0.000,0.000,19.0
2010-01-18,13:12:00,1.404,0.000,246.070,5.600,0.000,0.000,19.0
2010-01-18,13:13:00,1.406,0.000,246.180,5.600,0.000,0.000,20.0
2010-01-18,13:14:00,1.406,0.000,246.220,5.600,0.000,0.000,19.0
2010-01-18,13:15:00,1.412,0.000,246.770,5.600,0.000,0.000,19.0
2010-01-18,13:16:00,1.408,0.000,246.470,5.600,0.000,0.000,19.0
2010-01-18,13:17:00,1.406,0.000,246.730,5.600,0.000,0.000,20.0
2010-01-18,13:18:00,1.406,0.000,246.940,5.600,0.000,0.000,19.0
2010-01-18,13:19:00,1.410,0.000,247.140,5.600,0.000,0.000,20.0
2010-01-18,13:20:00,1.408,0.000,247.130,5.600,0.000,0.000,19.0
2010-01-18,13:21:00,1.414,0.000,247.510,5.600,0.000,0.000,19.0
2010-01-18,13:22:00,1.416,0.000,247.320,5.600,0.000,0.000,20.0
2010-01-18,13:23:00,1.418,0.000,247.200,5.600,0.000,0.000,19.0
2010-01-18,13:24:00,1.422,0.000,247.660,5.600,0.000,0.000,20.0
2010-01-18,13:25:00,1.426,0.000,247.960,5.600,0.000,0.000,19.0
2010-01-18,13:26:00,1.416,0.000,247.050,5.600,0.000,0.000,20.0
2010-01-18,13:27:00,1.422,0.000,247.650,5.600,0.000,0.000,19.0
2010-01-18,13:28:00,1.424,0.000,247.790,5.600,0.000,0.000,20.0
2010-01-18,13:29:00,1.428,0.000,248.080,5.600,0.000,0.000,19.0
2010-01-18,13:30:00,1.422,0.000,247.670,5.600,0.000,0.000,20.0
2010-01-18,13:31:00,1.404,0.000,246.500,5.600,0.000,0.000,19.0
2010-01-18,13:32:00,1.398,0.000,246.220,5.600,0.000,0.000,19.0
2010-01-18,13:33:00,1.402,0.000,246.560,5.600,0.000,0.000,19.0
2010-01-18,13:34:00,1.398,0.000,246.130,5.600,0.000,0.000,20.0
2010-01-18,13:35:00,1.450,0.000,245.840,5.800,0.000,0.000,19.0
2010-01-18,13:36:00,1.576,0.212,245.390,6.400,0.000,1.000,19.0
2010-01-18,13:37:00,1.578,0.228,244.570,6.400,0.000,1.000,19.0
2010-01-18,13:38:00,1.574,0.228,244.480,6.400,0.000,2.000,19.0
2010-01-18,13:39:00,1.580,0.232,245.200,6.400,0.000,1.000,19.0
2010-01-18,13:40:00,1.580,0.232,245.320,6.400,0.000,1.000,19.0
2010-01-18,13:41:00,1.580,0.232,245.360,6.400,0.000,2.000,19.0
2010-01-18,13:42:00,1.574,0.228,244.830,6.400,0.000,1.000,19.0
2010-01-18,13:43:00,1.574,0.230,245.030,6.400,0.000,2.000,19.0
2010-01-18,13:44:00,1.574,0.230,245.080,6.400,0.000,1.000,19.0
2010-01-18,13:45:00,1.562,0.228,244.730,6.400,0.000,1.000,19.0
2010-01-18,13:46:00,1.562,0.228,244.860,6.400,0.000,2.000,19.0
2010-01-18,13:47:00,1.612,0.274,245.090,6.600,0.000,1.000,20.0
2010-01-18,13:48:00,1.638,0.336,244.810,6.800,0.000,2.000,19.0
2010-01-18,13:49:00,1.640,0.338,245.080,6.800,0.000,1.000,19.0
2010-01-18,13:50:00,1.634,0.336,244.840,6.800,0.000,1.000,19.0
2010-01-18,13:51:00,1.634,0.338,244.870,6.800,0.000,2.000,19.0
2010-01-18,13:52:00,1.566,0.232,244.820,6.400,0.000,1.000,19.0
2010-01-18,13:53:00,1.548,0.200,245.270,6.200,0.000,1.000,19.0
2010-01-18,13:54:00,0.804,0.214,246.650,4.000,0.000,2.000,8.0
2010-01-18,13:55:00,0.440,0.220,247.320,2.000,0.000,1.000,1.0
2010-01-18,13:56:00,0.434,0.220,247.080,2.000,0.000,1.000,1.0
2010-01-18,13:57:00,0.430,0.218,246.810,1.800,0.000,2.000,0.0
2010-01-18,13:58:00,0.438,0.224,246.880,2.000,0.000,1.000,1.0
2010-01-18,13:59:00,0.480,0.270,246.750,2.200,0.000,1.000,1.0
2010-01-18,14:00:00,0.454,0.234,246.280,2.000,0.000,1.000,0.0
2010-01-18,14:01:00,0.408,0.160,246.600,1.800,0.000,2.000,1.0
2010-01-18,14:02:00,0.406,0.158,246.100,1.800,0.000,1.000,1.0
2010-01-18,14:03:00,0.408,0.160,246.910,1.800,0.000,1.000,0.0
2010-01-18,14:04:00,0.408,0.160,246.870,1.800,0.000,1.000,1.0
2010-01-18,14:05:00,0.408,0.160,246.700,1.800,0.000,2.000,1.0
2010-01-18,14:06:00,0.382,0.116,246.640,1.600,0.000,1.000,0.0
2010-01-18,14:07:00,0.338,0.000,246.840,1.400,0.000,0.000,1.0
2010-01-18,14:08:00,0.340,0.000,246.340,1.400,0.000,0.000,1.0
2010-01-18,14:09:00,0.334,0.000,246.620,1.400,0.000,0.000,0.0
2010-01-18,14:10:00,0.334,0.000,246.850,1.400,0.000,0.000,1.0
2010-01-18,14:11:00,0.336,0.000,247.220,1.400,0.000,0.000,1.0
2010-01-18,14:12:00,0.336,0.000,247.180,1.400,0.000,0.000,1.0
2010-01-18,14:13:00,0.336,0.000,247.310,1.400,0.000,0.000,0.0
2010-01-18,14:14:00,0.336,0.000,247.750,1.400,0.000,0.000,1.0
2010-01-18,14:15:00,0.806,0.000,246.930,4.200,0.000,0.000,1.0
2010-01-18,14:16:00,0.962,0.132,246.500,4.800,0.000,0.000,0.0
2010-01-18,14:17:00,0.474,0.174,247.010,2.200,0.000,0.000,1.0
2010-01-18,14:18:00,0.472,0.176,247.310,2.200,0.000,0.000,1.0
2010-01-18,14:19:00,0.470,0.176,247.480,2.200,0.000,0.000,0.0
2010-01-18,14:20:00,0.472,0.180,248.350,2.200,0.000,0.000,1.0
2010-01-18,14:21:00,0.564,0.190,248.060,2.800,0.000,0.000,1.0
2010-01-18,14:22:00,0.854,0.202,248.150,4.400,0.000,0.000,0.0
2010-01-18,14:23:00,0.442,0.182,248.440,1.800,0.000,0.000,1.0
2010-01-18,14:24:00,0.442,0.184,248.720,1.800,0.000,0.000,1.0
2010-01-18,14:25:00,0.440,0.182,248.350,1.800,0.000,0.000,0.0
2010-01-18,14:26:00,0.438,0.184,248.660,1.800,0.000,0.000,1.0
2010-01-18,14:27:00,0.436,0.182,248.110,1.800,0.000,0.000,1.0
2010-01-18,14:28:00,0.438,0.186,248.940,1.800,0.000,0.000,1.0
2010-01-18,14:29:00,0.438,0.186,248.920,1.800,0.000,0.000,0.0
2010-01-18,14:30:00,0.438,0.188,249.320,1.800,0.000,0.000,1.0
2010-01-18,14:31:00,0.438,0.190,249.410,1.800,0.000,0.000,1.0
2010-01-18,14:32:00,0.434,0.184,248.300,1.800,0.000,0.000,0.0
2010-01-18,14:33:00,0.432,0.180,247.570,1.800,0.000,0.000,1.0
2010-01-18,14:34:00,0.430,0.178,247.310,1.800,0.000,0.000,1.0
2010-01-18,14:35:00,0.430,0.178,247.160,1.800,0.000,0.000,0.0
2010-01-18,14:36:00,0.386,0.110,247.990,1.600,0.000,0.000,1.0
2010-01-18,14:37:00,0.378,0.068,249.130,1.600,0.000,0.000,1.0
2010-01-18,14:38:00,0.418,0.152,249.200,1.800,0.000,0.000,1.0
2010-01-18,14:39:00,0.418,0.152,249.130,1.800,0.000,0.000,0.0
2010-01-18,14:40:00,0.416,0.148,248.270,1.800,0.000,0.000,1.0
2010-01-18,14:41:00,0.412,0.144,247.100,1.800,0.000,0.000,1.0
2010-01-18,14:42:00,0.410,0.142,246.910,1.800,0.000,0.000,0.0
2010-01-18,14:43:00,0.414,0.148,248.430,1.800,0.000,0.000,1.0
2010-01-18,14:44:00,0.412,0.150,248.510,1.800,0.000,0.000,1.0
2010-01-18,14:45:00,0.410,0.146,247.910,1.800,0.000,0.000,0.0
2010-01-18,14:46:00,0.408,0.146,247.680,1.800,0.000,0.000,1.0
2010-01-18,14:47:00,0.408,0.146,248.020,1.800,0.000,0.000,1.0
2010-01-18,14:48:00,0.414,0.144,247.420,1.800,0.000,0.000,0.0
2010-01-18,14:49:00,0.414,0.146,247.590,1.800,0.000,0.000,1.0
2010-01-18,14:50:00,0.356,0.056,247.640,1.400,0.000,0.000,1.0
2010-01-18,14:51:00,0.342,0.000,247.510,1.400,0.000,0.000,1.0
2010-01-18,14:52:00,0.334,0.000,247.080,1.400,0.000,0.000,0.0
2010-01-18,14:53:00,0.334,0.000,246.940,1.400,0.000,0.000,1.0
2010-01-18,14:54:00,0.336,0.000,247.070,1.400,0.000,0.000,1.0
2010-01-18,14:55:00,0.338,0.000,247.860,1.400,0.000,0.000,0.0
2010-01-18,14:56:00,0.338,0.000,248.370,1.400,0.000,0.000,1.0
2010-01-18,14:57:00,0.340,0.000,248.410,1.400,0.000,0.000,1.0
2010-01-18,14:58:00,0.338,0.000,248.310,1.400,0.000,0.000,0.0
2010-01-18,14:59:00,0.338,0.000,248.040,1.400,0.000,0.000,1.0
2010-01-18,15:00:00,0.338,0.000,248.220,1.400,0.000,0.000,1.0
2010-01-18,15:01:00,0.382,0.000,248.900,1.600,0.000,0.000,0.0
2010-01-18,15:02:00,0.456,0.094,248.610,2.000,0.000,0.000,1.0
2010-01-18,15:03:00,0.500,0.160,249.180,2.000,0.000,0.000,1.0
2010-01-18,15:04:00,0.496,0.160,248.930,2.000,0.000,0.000,1.0
2010-01-18,15:05:00,0.494,0.158,248.750,2.000,0.000,0.000,0.0
2010-01-18,15:06:00,0.492,0.158,248.530,2.000,0.000,0.000,1.0
2010-01-18,15:07:00,0.488,0.154,247.930,2.000,0.000,0.000,1.0
2010-01-18,15:08:00,0.488,0.158,248.380,2.000,0.000,0.000,0.0
2010-01-18,15:09:00,0.486,0.158,248.520,2.000,0.000,0.000,1.0
2010-01-18,15:10:00,0.486,0.156,248.350,2.000,0.000,0.000,1.0
2010-01-18,15:11:00,0.488,0.162,249.610,2.000,0.000,0.000,0.0
2010-01-18,15:12:00,0.482,0.160,248.990,2.000,0.000,0.000,1.0
2010-01-18,15:13:00,0.484,0.160,249.040,2.000,0.000,0.000,1.0
2010-01-18,15:14:00,0.486,0.160,249.440,2.000,0.000,0.000,1.0
2010-01-18,15:15:00,0.486,0.162,249.450,2.000,0.000,0.000,0.0
2010-01-18,15:16:00,0.486,0.162,249.740,2.000,0.000,0.000,1.0
2010-01-18,15:17:00,0.486,0.162,249.740,2.000,0.000,0.000,1.0
2010-01-18,15:18:00,0.454,0.116,249.640,1.800,0.000,0.000,0.0
2010-01-18,15:19:00,0.390,0.000,249.940,1.600,0.000,0.000,1.0
2010-01-18,15:20:00,0.390,0.000,250.190,1.600,0.000,0.000,1.0
2010-01-18,15:21:00,0.390,0.000,249.820,1.600,0.000,0.000,0.0
2010-01-18,15:22:00,0.390,0.000,249.780,1.600,0.000,0.000,1.0
2010-01-18,15:23:00,0.388,0.000,249.010,1.600,0.000,0.000,1.0
2010-01-18,15:24:00,0.388,0.000,248.850,1.600,0.000,0.000,1.0
2010-01-18,15:25:00,0.384,0.000,247.950,1.600,0.000,0.000,0.0
2010-01-18,15:26:00,0.384,0.000,247.990,1.600,0.000,0.000,1.0
2010-01-18,15:27:00,0.438,0.062,248.950,1.800,0.000,0.000,1.0
2010-01-18,15:28:00,0.466,0.124,249.080,1.800,0.000,0.000,0.0
2010-01-18,15:29:00,0.466,0.126,249.520,1.800,0.000,0.000,1.0
2010-01-18,15:30:00,0.466,0.126,249.600,1.800,0.000,0.000,1.0
2010-01-18,15:31:00,0.456,0.122,248.880,1.800,0.000,0.000,0.0
2010-01-18,15:32:00,0.454,0.122,248.780,1.800,0.000,0.000,1.0
2010-01-18,15:33:00,0.454,0.124,249.020,1.800,0.000,0.000,1.0
2010-01-18,15:34:00,0.460,0.122,248.960,1.800,0.000,0.000,1.0
2010-01-18,15:35:00,0.458,0.120,248.530,1.800,0.000,0.000,0.0
2010-01-18,15:36:00,0.458,0.124,248.920,1.800,0.000,0.000,1.0
2010-01-18,15:37:00,0.458,0.124,249.090,1.800,0.000,0.000,1.0
2010-01-18,15:38:00,0.458,0.122,248.960,1.800,0.000,0.000,0.0
2010-01-18,15:39:00,0.438,0.090,248.950,1.800,0.000,0.000,1.0
2010-01-18,15:40:00,0.388,0.000,249.300,1.600,0.000,0.000,1.0
2010-01-18,15:41:00,0.388,0.000,249.130,1.600,0.000,0.000,0.0
2010-01-18,15:42:00,0.386,0.000,248.750,1.600,0.000,0.000,1.0
2010-01-18,15:43:00,0.384,0.000,249.370,1.600,0.000,0.000,1.0
2010-01-18,15:44:00,0.380,0.000,248.910,1.400,0.000,0.000,1.0
2010-01-18,15:45:00,0.452,0.090,248.680,2.000,0.000,0.000,0.0
2010-01-18,15:46:00,0.490,0.156,248.780,2.000,0.000,0.000,1.0
2010-01-18,15:47:00,0.488,0.156,248.750,2.000,0.000,0.000,1.0
2010-01-18,15:48:00,0.488,0.156,248.830,2.000,0.000,0.000,0.0
2010-01-18,15:49:00,0.486,0.158,249.200,2.000,0.000,0.000,1.0
2010-01-18,15:50:00,0.486,0.156,248.820,2.000,0.000,0.000,1.0
2010-01-18,15:51:00,0.490,0.156,248.660,2.000,0.000,0.000,0.0
2010-01-18,15:52:00,0.488,0.156,248.520,2.000,0.000,0.000,1.0
2010-01-18,15:53:00,0.488,0.158,249.010,2.000,0.000,0.000,1.0
2010-01-18,15:54:00,0.490,0.162,249.810,2.000,0.000,0.000,1.0
2010-01-18,15:55:00,0.482,0.164,250.350,2.000,0.000,0.000,0.0
2010-01-18,15:56:00,0.480,0.162,249.960,2.000,0.000,0.000,1.0
2010-01-18,15:57:00,0.482,0.160,249.590,2.000,0.000,0.000,1.0
2010-01-18,15:58:00,0.476,0.158,249.090,2.000,0.000,0.000,0.0
2010-01-18,15:59:00,0.476,0.158,248.960,2.000,0.000,0.000,1.0
2010-01-18,16:00:00,0.476,0.160,249.280,2.000,0.000,0.000,1.0
2010-01-18,16:01:00,0.440,0.104,249.560,1.800,0.000,0.000,0.0
2010-01-18,16:02:00,0.378,0.000,248.350,1.400,0.000,0.000,1.0
2010-01-18,16:03:00,0.380,0.000,248.610,1.400,0.000,0.000,1.0
2010-01-18,16:04:00,0.380,0.000,248.930,1.400,0.000,0.000,1.0
2010-01-18,16:05:00,0.378,0.000,248.220,1.400,0.000,0.000,0.0
2010-01-18,16:06:00,0.378,0.000,248.480,1.400,0.000,0.000,1.0
2010-01-18,16:07:00,0.380,0.000,248.720,1.400,0.000,0.000,1.0
2010-01-18,16:08:00,0.380,0.000,248.520,1.400,0.000,0.000,0.0
2010-01-18,16:09:00,0.376,0.000,247.490,1.400,0.000,0.000,1.0
2010-01-18,16:10:00,0.374,0.000,246.860,1.400,0.000,0.000,1.0
2010-01-18,16:11:00,0.374,0.000,246.910,1.400,0.000,0.000,0.0
2010-01-18,16:12:00,0.378,0.000,247.680,1.400,0.000,0.000,1.0
2010-01-18,16:13:00,0.378,0.000,247.950,1.400,0.000,0.000,1.0
2010-01-18,16:14:00,0.378,0.000,248.570,1.400,0.000,0.000,0.0
2010-01-18,16:15:00,0.378,0.000,247.900,1.400,0.000,0.000,1.0
2010-01-18,16:16:00,0.440,0.074,247.490,1.800,0.000,0.000,1.0
2010-01-18,16:17:00,0.452,0.116,247.180,1.800,0.000,0.000,1.0
2010-01-18,16:18:00,0.452,0.114,246.720,1.800,0.000,0.000,0.0
2010-01-18,16:19:00,0.454,0.116,247.010,1.800,0.000,0.000,1.0
2010-01-18,16:20:00,0.452,0.118,247.370,1.800,0.000,0.000,1.0
2010-01-18,16:21:00,0.450,0.116,247.000,1.800,0.000,0.000,0.0
2010-01-18,16:22:00,0.450,0.114,246.710,1.800,0.000,0.000,1.0
2010-01-18,16:23:00,0.448,0.114,246.860,1.800,0.000,0.000,1.0
2010-01-18,16:24:00,0.446,0.114,246.760,1.800,0.000,0.000,0.0
2010-01-18,16:25:00,0.444,0.114,246.610,1.800,0.000,0.000,1.0
2010-01-18,16:26:00,0.446,0.116,247.450,1.800,0.000,0.000,1.0
2010-01-18,16:27:00,0.450,0.122,248.620,1.800,0.000,0.000,0.0
2010-01-18,16:28:00,0.542,0.156,248.350,2.600,0.000,0.000,1.0
2010-01-18,16:29:00,1.028,0.386,247.320,4.400,0.000,0.000,10.0
2010-01-18,16:30:00,1.054,0.382,247.310,4.400,0.000,0.000,10.0
2010-01-18,16:31:00,1.076,0.370,246.500,4.600,0.000,0.000,11.0
2010-01-18,16:32:00,1.092,0.370,246.620,4.600,0.000,0.000,11.0
2010-01-18,16:33:00,0.666,0.216,246.940,3.000,0.000,0.000,5.0
2010-01-18,16:34:00,0.478,0.152,247.190,2.000,0.000,0.000,0.0
2010-01-18,16:35:00,0.476,0.152,247.140,2.000,0.000,0.000,1.0
2010-01-18,16:36:00,0.474,0.150,246.940,2.000,0.000,0.000,1.0
2010-01-18,16:37:00,0.472,0.148,246.320,2.000,0.000,0.000,0.0
2010-01-18,16:38:00,0.470,0.148,246.250,2.000,0.000,0.000,1.0
2010-01-18,16:39:00,0.508,0.148,246.220,2.200,0.000,0.000,1.0
2010-01-18,16:40:00,0.530,0.152,246.760,2.200,0.000,0.000,0.0
2010-01-18,16:41:00,0.528,0.152,246.900,2.200,0.000,0.000,1.0
2010-01-18,16:42:00,0.526,0.150,246.380,2.200,0.000,0.000,1.0
2010-01-18,16:43:00,0.528,0.154,247.370,2.200,0.000,0.000,0.0
2010-01-18,16:44:00,0.478,0.090,247.730,2.000,0.000,0.000,1.0
2010-01-18,16:45:00,0.420,0.000,247.420,1.800,0.000,0.000,1.0
2010-01-18,16:46:00,0.418,0.000,247.690,1.600,0.000,0.000,1.0
2010-01-18,16:47:00,0.422,0.000,247.410,1.800,0.000,0.000,0.0
2010-01-18,16:48:00,0.412,0.000,247.170,1.600,0.000,0.000,1.0
2010-01-18,16:49:00,0.412,0.000,247.350,1.600,0.000,0.000,1.0
2010-01-18,16:50:00,0.422,0.000,247.090,1.800,0.000,0.000,0.0
2010-01-18,16:51:00,0.420,0.000,246.770,1.600,0.000,0.000,1.0
2010-01-18,16:52:00,0.416,0.000,245.980,1.600,0.000,0.000,1.0
2010-01-18,16:53:00,0.442,0.000,244.560,1.800,0.000,0.000,0.0
2010-01-18,16:54:00,0.378,0.000,244.090,1.600,0.000,0.000,1.0
2010-01-18,16:55:00,0.392,0.000,243.570,1.600,0.000,0.000,1.0
2010-01-18,16:56:00,0.408,0.000,244.120,1.600,0.000,0.000,0.0
2010-01-18,16:57:00,0.390,0.000,243.420,1.600,0.000,0.000,1.0
2010-01-18,16:58:00,0.388,0.000,243.220,1.600,0.000,0.000,1.0
2010-01-18,16:59:00,0.484,0.124,243.740,2.200,0.000,0.000,0.0
2010-01-18,17:00:00,0.476,0.124,243.620,2.000,0.000,1.000,1.0
2010-01-18,17:01:00,0.428,0.126,243.470,1.800,0.000,1.000,1.0
2010-01-18,17:02:00,0.430,0.126,243.770,1.800,0.000,2.000,0.0
2010-01-18,17:03:00,0.572,0.132,244.480,2.400,0.000,1.000,1.0
2010-01-18,17:04:00,0.568,0.132,244.350,2.400,0.000,2.000,1.0
2010-01-18,17:05:00,0.642,0.202,243.790,2.800,0.000,1.000,0.0
2010-01-18,17:06:00,0.642,0.236,244.140,2.800,0.000,1.000,1.0
2010-01-18,17:07:00,0.636,0.232,243.810,2.800,0.000,2.000,1.0
2010-01-18,17:08:00,0.572,0.236,243.970,2.600,0.000,1.000,0.0
2010-01-18,17:09:00,0.980,0.348,242.200,4.400,0.000,2.000,1.0
2010-01-18,17:10:00,1.042,0.360,241.340,4.600,0.000,1.000,1.0
2010-01-18,17:11:00,1.074,0.424,242.980,4.800,0.000,2.000,0.0
2010-01-18,17:12:00,1.308,0.498,242.220,5.800,0.000,1.000,1.0
2010-01-18,17:13:00,1.272,0.506,243.270,5.600,0.000,1.000,1.0
2010-01-18,17:14:00,1.172,0.514,244.280,5.200,0.000,2.000,0.0
2010-01-18,17:15:00,1.042,0.522,245.070,4.800,0.000,1.000,1.0
2010-01-18,17:16:00,1.256,0.520,245.170,5.600,0.000,1.000,1.0
2010-01-18,17:17:00,1.640,0.512,244.720,7.000,0.000,2.000,0.0
2010-01-18,17:18:00,1.714,0.504,244.250,7.200,0.000,1.000,1.0
2010-01-18,17:19:00,1.642,0.398,244.150,6.800,0.000,1.000,1.0
2010-01-18,17:20:00,1.632,0.394,243.380,6.800,0.000,2.000,1.0
2010-01-18,17:21:00,1.624,0.390,242.720,6.800,0.000,1.000,0.0
2010-01-18,17:22:00,1.618,0.388,242.370,6.800,0.000,1.000,1.0
2010-01-18,17:23:00,1.628,0.392,243.350,6.800,0.000,1.000,1.0
2010-01-18,17:24:00,1.624,0.392,243.010,6.800,0.000,2.000,0.0
2010-01-18,17:25:00,1.616,0.388,242.520,6.800,0.000,1.000,1.0
2010-01-18,17:26:00,1.196,0.258,242.910,5.000,0.000,1.000,1.0
2010-01-18,17:27:00,1.124,0.188,242.210,4.600,0.000,1.000,0.0
2010-01-18,17:28:00,1.068,0.108,242.090,4.400,0.000,2.000,1.0
2010-01-18,17:29:00,1.068,0.110,242.790,4.400,0.000,1.000,1.0
2010-01-18,17:30:00,0.996,0.000,242.510,4.000,0.000,0.000,0.0
2010-01-18,17:31:00,0.986,0.000,241.590,4.000,0.000,0.000,1.0
2010-01-18,17:32:00,0.988,0.000,241.830,4.000,0.000,0.000,1.0
2010-01-18,17:33:00,0.988,0.000,241.890,4.000,0.000,0.000,0.0
2010-01-18,17:34:00,0.998,0.000,242.280,4.000,0.000,0.000,1.0
2010-01-18,17:35:00,0.998,0.000,242.240,4.000,0.000,0.000,1.0
2010-01-18,17:36:00,0.998,0.000,242.000,4.000,0.000,0.000,0.0
2010-01-18,17:37:00,0.994,0.000,241.930,4.000,0.000,0.000,1.0
2010-01-18,17:38:00,0.992,0.000,241.600,4.000,0.000,0.000,0.0
2010-01-18,17:39:00,0.994,0.000,242.000,4.000,0.000,0.000,1.0
2010-01-18,17:40:00,0.998,0.000,242.480,4.000,0.000,0.000,1.0
2010-01-18,17:41:00,0.994,0.000,242.500,4.000,0.000,0.000,0.0
2010-01-18,17:42:00,1.766,0.000,241.860,7.600,0.000,0.000,12.0
2010-01-18,17:43:00,2.096,0.000,240.680,8.600,0.000,0.000,20.0
2010-01-18,17:44:00,2.098,0.000,241.750,8.600,0.000,0.000,19.0
2010-01-18,17:45:00,2.144,0.000,241.600,9.000,0.000,0.000,18.0
2010-01-18,17:46:00,2.086,0.000,241.860,8.600,0.000,0.000,19.0
2010-01-18,17:47:00,2.258,0.000,241.640,9.400,0.000,0.000,19.0
2010-01-18,17:48:00,2.562,0.000,241.150,10.600,0.000,0.000,18.0
2010-01-18,17:49:00,2.616,0.046,241.040,10.800,0.000,0.000,19.0
2010-01-18,17:50:00,2.998,0.082,240.610,12.400,0.000,0.000,18.0
2010-01-18,17:51:00,2.498,0.088,240.530,10.400,0.000,0.000,19.0
2010-01-18,17:52:00,2.292,0.090,239.970,9.600,0.000,0.000,18.0
2010-01-18,17:53:00,2.510,0.086,239.720,10.400,0.000,0.000,19.0
2010-01-18,17:54:00,2.654,0.178,239.090,11.000,0.000,0.000,18.0
2010-01-18,17:55:00,2.928,0.322,240.610,12.200,0.000,0.000,18.0
2010-01-18,17:56:00,2.882,0.326,241.130,12.000,0.000,0.000,19.0
2010-01-18,17:57:00,2.726,0.330,241.630,11.200,0.000,0.000,18.0
2010-01-18,17:58:00,2.704,0.324,240.610,11.200,0.000,0.000,19.0
2010-01-18,17:59:00,2.682,0.320,239.670,11.200,0.000,0.000,18.0
2010-01-18,18:00:00,2.686,0.322,239.860,11.200,0.000,0.000,18.0
2010-01-18,18:01:00,2.704,0.326,240.980,11.200,0.000,0.000,19.0
2010-01-18,18:02:00,2.704,0.326,241.060,11.200,0.000,0.000,18.0
2010-01-18,18:03:00,2.704,0.328,241.230,11.200,0.000,0.000,19.0
2010-01-18,18:04:00,2.716,0.330,241.940,11.200,0.000,0.000,18.0
2010-01-18,18:05:00,2.688,0.324,240.490,11.200,0.000,0.000,19.0
2010-01-18,18:06:00,2.698,0.326,241.070,11.200,0.000,0.000,18.0
2010-01-18,18:07:00,2.694,0.318,241.280,11.200,0.000,0.000,19.0
2010-01-18,18:08:00,2.638,0.224,241.470,11.000,0.000,0.000,18.0
2010-01-18,18:09:00,2.618,0.220,240.440,10.800,0.000,0.000,18.0
2010-01-18,18:10:00,2.576,0.134,241.440,10.600,0.000,0.000,19.0
2010-01-18,18:11:00,2.538,0.088,241.110,10.400,0.000,0.000,18.0
2010-01-18,18:12:00,2.558,0.090,242.010,10.600,0.000,0.000,19.0
2010-01-18,18:13:00,2.552,0.090,241.800,10.400,0.000,0.000,19.0
2010-01-18,18:14:00,2.554,0.090,241.880,10.400,0.000,0.000,18.0
2010-01-18,18:15:00,2.542,0.088,241.250,10.400,0.000,0.000,19.0
2010-01-18,18:16:00,2.546,0.090,241.400,10.400,0.000,0.000,18.0
2010-01-18,18:17:00,2.540,0.088,241.010,10.400,0.000,0.000,19.0
2010-01-18,18:18:00,2.532,0.088,240.730,10.400,0.000,0.000,18.0
2010-01-18,18:19:00,2.568,0.092,242.570,10.600,0.000,0.000,19.0
2010-01-18,18:20:00,2.568,0.092,242.540,10.600,0.000,0.000,19.0
2010-01-18,18:21:00,2.568,0.090,242.520,10.600,0.000,0.000,18.0
2010-01-18,18:22:00,2.556,0.090,241.890,10.600,0.000,0.000,19.0
2010-01-18,18:23:00,2.560,0.090,242.080,10.600,0.000,0.000,19.0
2010-01-18,18:24:00,2.544,0.088,241.000,10.400,0.000,0.000,18.0
2010-01-18,18:25:00,2.548,0.086,240.860,10.600,0.000,0.000,18.0
2010-01-18,18:26:00,2.534,0.084,240.240,10.400,0.000,0.000,19.0
2010-01-18,18:27:00,2.550,0.086,241.110,10.600,0.000,0.000,18.0
2010-01-18,18:28:00,2.538,0.088,240.880,10.400,0.000,0.000,19.0
2010-01-18,18:29:00,2.550,0.086,241.110,10.600,0.000,0.000,18.0
2010-01-18,18:30:00,2.560,0.088,241.480,10.600,0.000,0.000,19.0
2010-01-18,18:31:00,2.540,0.086,240.680,10.400,0.000,0.000,18.0
2010-01-18,18:32:00,2.542,0.086,240.670,10.600,0.000,0.000,19.0
2010-01-18,18:33:00,2.542,0.088,240.960,10.400,0.000,0.000,18.0
2010-01-18,18:34:00,2.538,0.088,240.660,10.400,0.000,0.000,18.0
2010-01-18,18:35:00,1.564,0.100,242.210,6.600,0.000,0.000,4.0
2010-01-18,18:36:00,1.494,0.108,241.380,6.200,0.000,0.000,1.0
2010-01-18,18:37:00,1.574,0.230,240.640,6.600,0.000,0.000,0.0
2010-01-18,18:38:00,1.568,0.230,240.600,6.600,0.000,0.000,1.0
2010-01-18,18:39:00,1.574,0.230,241.210,6.600,0.000,0.000,1.0
2010-01-18,18:40:00,1.560,0.228,240.150,6.600,0.000,0.000,0.0
2010-01-18,18:41:00,1.562,0.230,240.810,6.600,0.000,0.000,1.0
2010-01-18,18:42:00,1.566,0.232,241.130,6.600,0.000,0.000,1.0
2010-01-18,18:43:00,1.560,0.232,240.870,6.600,0.000,0.000,0.0
2010-01-18,18:44:00,1.614,0.284,240.990,6.800,0.000,0.000,1.0
2010-01-18,18:45:00,1.630,0.334,240.560,6.800,0.000,0.000,1.0
2010-01-18,18:46:00,1.638,0.336,241.350,6.800,0.000,0.000,0.0
2010-01-18,18:47:00,1.634,0.334,241.020,6.800,0.000,0.000,1.0
2010-01-18,18:48:00,1.638,0.338,241.700,6.800,0.000,0.000,1.0
2010-01-18,18:49:00,1.638,0.336,241.130,6.800,0.000,0.000,0.0
2010-01-18,18:50:00,1.640,0.336,241.020,6.800,0.000,0.000,1.0
2010-01-18,18:51:00,1.632,0.336,240.860,6.800,0.000,0.000,1.0
2010-01-18,18:52:00,1.628,0.308,242.640,6.800,0.000,0.000,0.0
2010-01-18,18:53:00,1.552,0.206,242.270,6.400,0.000,0.000,1.0
2010-01-18,18:54:00,1.558,0.208,242.860,6.400,0.000,0.000,1.0
2010-01-18,18:55:00,1.556,0.206,242.400,6.400,0.000,0.000,0.0
2010-01-18,18:56:00,1.550,0.218,241.870,6.400,0.000,0.000,1.0
2010-01-18,18:57:00,1.570,0.316,242.190,6.600,0.000,0.000,0.0
2010-01-18,18:58:00,1.568,0.288,242.020,6.600,0.000,0.000,1.0
2010-01-18,18:59:00,1.566,0.100,242.320,6.400,0.000,0.000,1.0
2010-01-18,19:00:00,1.678,0.098,242.390,6.800,0.000,0.000,0.0
2010-01-18,19:01:00,1.804,0.108,242.120,7.400,0.000,0.000,1.0
2010-01-18,19:02:00,2.006,0.102,240.910,9.000,0.000,0.000,1.0
2010-01-18,19:03:00,4.716,0.116,238.140,19.800,48.000,0.000,0.0
2010-01-18,19:04:00,4.906,0.216,237.870,20.800,48.000,0.000,1.0
2010-01-18,19:05:00,4.338,0.224,238.760,18.200,49.000,0.000,1.0
2010-01-18,19:06:00,4.052,0.224,238.090,17.200,48.000,0.000,0.0
2010-01-18,19:07:00,4.252,0.222,238.820,18.000,49.000,0.000,1.0
2010-01-18,19:08:00,3.638,0.220,239.160,15.800,42.000,0.000,1.0
2010-01-18,19:09:00,1.494,0.242,241.530,6.800,1.000,0.000,0.0
2010-01-18,19:10:00,1.806,0.236,240.460,8.600,10.000,0.000,1.0
2010-01-18,19:11:00,3.032,0.224,239.930,13.400,30.000,0.000,1.0
2010-01-18,19:12:00,2.902,0.222,239.470,13.000,27.000,0.000,0.0
2010-01-18,19:13:00,2.068,0.234,240.550,9.600,12.000,0.000,1.0
2010-01-18,19:14:00,2.254,0.236,239.850,10.400,14.000,0.000,1.0
2010-01-18,19:15:00,2.500,0.236,239.880,11.400,16.000,0.000,0.0
2010-01-18,19:16:00,2.526,0.232,239.200,11.600,17.000,0.000,1.0
2010-01-18,19:17:00,2.362,0.230,238.190,11.000,14.000,0.000,1.0
2010-01-18,19:18:00,2.338,0.234,239.260,10.800,14.000,0.000,0.0
2010-01-18,19:19:00,2.360,0.228,237.900,11.000,14.000,0.000,1.0
2010-01-18,19:20:00,2.432,0.354,237.620,11.400,14.000,0.000,0.0
2010-01-18,19:21:00,2.420,0.356,237.610,11.200,13.000,0.000,1.0
2010-01-18,19:22:00,2.386,0.358,238.210,11.000,13.000,0.000,1.0
2010-01-18,19:23:00,2.340,0.356,237.820,10.800,13.000,0.000,0.0
2010-01-18,19:24:00,2.350,0.360,238.620,10.800,12.000,0.000,1.0
2010-01-18,19:25:00,2.426,0.356,238.140,11.200,13.000,0.000,1.0
2010-01-18,19:26:00,2.352,0.362,238.990,10.800,13.000,0.000,0.0
2010-01-18,19:27:00,2.228,0.356,237.610,10.400,10.000,0.000,1.0
2010-01-18,19:28:00,2.354,0.368,239.330,11.000,12.000,0.000,1.0
2010-01-18,19:29:00,2.362,0.462,238.930,11.000,11.000,0.000,0.0
2010-01-18,19:30:00,2.432,0.452,237.440,11.400,13.000,0.000,1.0
2010-01-18,19:31:00,2.334,0.456,238.020,10.800,12.000,0.000,1.0
2010-01-18,19:32:00,2.260,0.446,237.920,10.200,9.000,0.000,0.0
2010-01-18,19:33:00,2.202,0.410,238.160,9.400,0.000,0.000,1.0
2010-01-18,19:34:00,2.032,0.412,238.600,8.600,1.000,0.000,0.0
2010-01-18,19:35:00,2.064,0.408,238.920,8.800,0.000,0.000,1.0
2010-01-18,19:36:00,1.800,0.200,238.030,7.600,0.000,0.000,1.0
2010-01-18,19:37:00,1.512,0.146,238.280,6.400,0.000,0.000,0.0
2010-01-18,19:38:00,1.168,0.160,239.300,5.000,1.000,0.000,1.0
2010-01-18,19:39:00,1.016,0.166,240.090,4.200,0.000,0.000,1.0
2010-01-18,19:40:00,1.002,0.166,240.150,4.200,0.000,0.000,0.0
2010-01-18,19:41:00,1.006,0.166,240.490,4.200,1.000,0.000,1.0
2010-01-18,19:42:00,0.994,0.160,238.730,4.200,0.000,0.000,1.0
2010-01-18,19:43:00,0.996,0.162,239.840,4.200,0.000,0.000,0.0
2010-01-18,19:44:00,0.928,0.066,239.360,3.800,0.000,0.000,1.0
2010-01-18,19:45:00,0.924,0.058,239.000,3.800,1.000,0.000,1.0
2010-01-18,19:46:00,0.924,0.058,238.890,3.800,0.000,0.000,0.0
2010-01-18,19:47:00,0.754,0.000,239.220,3.200,0.000,0.000,1.0
2010-01-18,19:48:00,0.646,0.000,238.350,2.600,0.000,0.000,1.0
2010-01-18,19:49:00,0.654,0.000,238.630,2.800,1.000,0.000,0.0
2010-01-18,19:50:00,0.652,0.000,238.050,2.800,0.000,0.000,1.0
2010-01-18,19:51:00,0.650,0.000,237.680,2.600,0.000,0.000,0.0
2010-01-18,19:52:00,0.652,0.000,238.350,2.600,0.000,0.000,1.0
2010-01-18,19:53:00,0.650,0.000,238.240,2.600,0.000,0.000,1.0
2010-01-18,19:54:00,0.654,0.000,239.300,2.600,1.000,0.000,0.0
2010-01-18,19:55:00,0.672,0.000,239.150,2.800,0.000,0.000,1.0
2010-01-18,19:56:00,1.420,0.000,236.750,6.000,0.000,0.000,1.0
2010-01-18,19:57:00,1.574,0.000,236.520,6.600,0.000,0.000,0.0
2010-01-18,19:58:00,1.562,0.056,237.080,6.600,0.000,0.000,1.0
2010-01-18,19:59:00,1.474,0.054,238.250,6.200,0.000,0.000,1.0
2010-01-18,20:00:00,1.476,0.054,238.400,6.200,0.000,0.000,0.0
2010-01-18,20:01:00,1.660,0.000,239.620,7.000,0.000,0.000,1.0
2010-01-18,20:02:00,2.016,0.144,238.740,8.400,0.000,0.000,1.0
2010-01-18,20:03:00,2.632,0.196,237.890,11.400,0.000,0.000,0.0
2010-01-18,20:04:00,2.446,0.208,237.540,10.600,0.000,0.000,1.0
2010-01-18,20:05:00,2.318,0.214,237.970,10.000,0.000,0.000,0.0
2010-01-18,20:06:00,2.496,0.208,236.140,11.000,0.000,0.000,1.0
2010-01-18,20:07:00,2.024,0.200,237.660,8.600,0.000,0.000,1.0
2010-01-18,20:08:00,1.988,0.190,235.660,8.400,0.000,0.000,0.0
2010-01-18,20:09:00,1.910,0.186,234.610,8.200,0.000,0.000,1.0
2010-01-18,20:10:00,1.964,0.182,233.740,8.400,0.000,0.000,1.0
2010-01-18,20:11:00,2.030,0.182,234.180,8.600,0.000,0.000,0.0
2010-01-18,20:12:00,2.024,0.184,234.800,8.600,0.000,0.000,1.0
2010-01-18,20:13:00,2.060,0.186,235.760,8.800,0.000,0.000,0.0
2010-01-18,20:14:00,2.096,0.192,237.480,8.800,0.000,0.000,1.0
2010-01-18,20:15:00,2.100,0.192,237.990,8.800,0.000,0.000,1.0
2010-01-18,20:16:00,2.100,0.194,238.010,8.800,0.000,0.000,0.0
2010-01-18,20:17:00,2.098,0.192,237.850,8.800,0.000,0.000,1.0
2010-01-18,20:18:00,2.122,0.198,237.930,9.000,0.000,0.000,1.0
2010-01-18,20:19:00,2.086,0.164,238.050,8.800,0.000,0.000,0.0
2010-01-18,20:20:00,2.072,0.160,237.080,8.800,0.000,0.000,1.0
2010-01-18,20:21:00,2.084,0.164,238.020,8.800,0.000,0.000,1.0
2010-01-18,20:22:00,2.096,0.206,237.060,8.800,0.000,0.000,0.0
2010-01-18,20:23:00,2.134,0.280,237.240,9.000,0.000,1.000,1.0
2010-01-18,20:24:00,2.128,0.276,236.370,9.000,0.000,1.000,1.0
2010-01-18,20:25:00,2.136,0.276,237.060,9.000,0.000,1.000,0.0
2010-01-18,20:26:00,2.114,0.274,236.050,9.000,0.000,2.000,1.0
2010-01-18,20:27:00,2.134,0.280,237.450,9.000,0.000,1.000,0.0
2010-01-18,20:28:00,2.142,0.280,237.800,9.000,0.000,1.000,1.0
2010-01-18,20:29:00,2.120,0.288,237.770,9.000,0.000,2.000,1.0
2010-01-18,20:30:00,2.118,0.296,238.530,9.000,0.000,1.000,0.0
2010-01-18,20:31:00,2.044,0.272,238.120,8.600,0.000,2.000,1.0
2010-01-18,20:32:00,1.688,0.092,239.220,7.000,0.000,1.000,1.0
2010-01-18,20:33:00,1.654,0.056,239.110,6.800,0.000,1.000,0.0
2010-01-18,20:34:00,1.614,0.056,238.850,6.600,0.000,2.000,1.0
2010-01-18,20:35:00,1.634,0.058,239.130,6.800,0.000,1.000,1.0
2010-01-18,20:36:00,1.190,0.066,240.060,5.000,0.000,1.000,0.0
2010-01-18,20:37:00,1.234,0.072,241.260,5.000,0.000,2.000,1.0
2010-01-18,20:38:00,1.090,0.076,241.530,4.400,0.000,1.000,1.0
2010-01-18,20:39:00,1.060,0.078,241.730,4.400,0.000,2.000,0.0
2010-01-18,20:40:00,1.382,0.176,240.000,5.800,0.000,1.000,1.0
2010-01-18,20:41:00,1.500,0.214,240.690,6.200,0.000,1.000,1.0
2010-01-18,20:42:00,1.502,0.216,241.190,6.200,0.000,2.000,0.0
2010-01-18,20:43:00,1.500,0.216,241.240,6.200,0.000,1.000,1.0
2010-01-18,20:44:00,1.510,0.220,242.320,6.200,0.000,1.000,1.0
2010-01-18,20:45:00,1.606,0.334,241.300,6.800,0.000,1.000,0.0
2010-01-18,20:46:00,1.608,0.352,241.490,6.800,0.000,2.000,1.0
2010-01-18,20:47:00,1.586,0.344,239.680,6.800,0.000,1.000,1.0
2010-01-18,20:48:00,1.586,0.346,239.940,6.800,0.000,1.000,0.0
2010-01-18,20:49:00,1.584,0.348,240.080,6.800,0.000,1.000,1.0
2010-01-18,20:50:00,1.578,0.346,239.580,6.800,0.000,2.000,0.0
2010-01-18,20:51:00,1.578,0.348,239.860,6.800,0.000,1.000,1.0
2010-01-18,20:52:00,1.564,0.342,238.690,6.600,0.000,1.000,1.0
2010-01-18,20:53:00,1.554,0.322,238.890,6.600,0.000,1.000,0.0
2010-01-18,20:54:00,1.562,0.222,238.460,6.600,0.000,0.000,1.0
2010-01-18,20:55:00,1.510,0.224,238.920,6.400,0.000,0.000,1.0
2010-01-18,20:56:00,1.492,0.224,238.810,6.200,0.000,0.000,0.0
2010-01-18,20:57:00,1.550,0.222,238.650,6.600,0.000,0.000,1.0
2010-01-18,20:58:00,1.734,0.222,239.090,7.200,0.000,0.000,1.0
2010-01-18,20:59:00,1.730,0.218,238.270,7.200,0.000,0.000,0.0
2010-01-18,21:00:00,1.738,0.220,238.910,7.400,0.000,0.000,1.0
2010-01-18,21:01:00,1.696,0.150,239.510,7.000,0.000,0.000,1.0
2010-01-18,21:02:00,1.656,0.090,239.740,6.800,0.000,0.000,0.0
2010-01-18,21:03:00,1.660,0.090,240.060,6.800,0.000,0.000,1.0
2010-01-18,21:04:00,1.632,0.090,239.570,6.800,0.000,0.000,1.0
2010-01-18,21:05:00,1.590,0.078,239.380,6.600,0.000,0.000,0.0
2010-01-18,21:06:00,1.586,0.074,238.540,6.600,0.000,0.000,1.0
2010-01-18,21:07:00,1.600,0.076,239.650,6.600,0.000,0.000,0.0
2010-01-18,21:08:00,1.518,0.156,239.640,6.400,0.000,0.000,1.0
2010-01-18,21:09:00,1.676,0.180,239.760,7.000,0.000,0.000,1.0
2010-01-18,21:10:00,1.426,0.184,239.970,6.000,0.000,0.000,0.0
2010-01-18,21:11:00,1.368,0.180,238.510,5.800,0.000,0.000,1.0
2010-01-18,21:12:00,1.372,0.182,239.070,5.800,0.000,0.000,1.0
2010-01-18,21:13:00,1.364,0.182,238.790,5.800,0.000,0.000,0.0
2010-01-18,21:14:00,1.358,0.180,238.310,5.800,0.000,0.000,1.0
2010-01-18,21:15:00,1.356,0.180,238.050,5.800,0.000,0.000,1.0
2010-01-18,21:16:00,1.356,0.178,237.990,5.800,0.000,0.000,0.0
2010-01-18,21:17:00,1.364,0.182,239.000,5.800,0.000,0.000,1.0
2010-01-18,21:18:00,1.516,0.178,238.350,6.400,0.000,0.000,1.0
2010-01-18,21:19:00,1.968,0.174,238.550,8.200,0.000,0.000,0.0
2010-01-18,21:20:00,2.854,0.292,237.840,12.600,0.000,0.000,1.0
2010-01-18,21:21:00,3.276,0.306,238.210,14.200,0.000,0.000,1.0
2010-01-18,21:22:00,2.238,0.000,239.020,9.400,0.000,0.000,0.0
2010-01-18,21:23:00,2.268,0.000,237.800,9.400,0.000,0.000,1.0
2010-01-18,21:24:00,2.268,0.000,238.030,9.400,0.000,0.000,0.0
2010-01-18,21:25:00,2.256,0.000,237.380,9.400,0.000,0.000,1.0
2010-01-18,21:26:00,2.256,0.000,237.470,9.400,0.000,0.000,1.0
2010-01-18,21:27:00,2.254,0.000,237.460,9.400,0.000,0.000,0.0
2010-01-18,21:28:00,2.384,0.148,238.110,10.000,0.000,0.000,1.0
2010-01-18,21:29:00,2.358,0.146,237.160,10.000,0.000,0.000,1.0
2010-01-18,21:30:00,2.346,0.146,236.600,9.800,0.000,0.000,0.0
2010-01-18,21:31:00,2.366,0.150,238.050,10.000,0.000,0.000,1.0
2010-01-18,21:32:00,2.366,0.150,238.280,9.800,0.000,0.000,1.0
2010-01-18,21:33:00,2.714,0.148,238.420,11.600,0.000,0.000,0.0
2010-01-18,21:34:00,3.014,0.164,237.900,13.000,0.000,0.000,1.0
2010-01-18,21:35:00,2.714,0.178,238.060,11.800,0.000,0.000,1.0
2010-01-18,21:36:00,2.084,0.156,238.300,8.800,0.000,0.000,0.0
2010-01-18,21:37:00,2.074,0.154,237.750,8.800,0.000,0.000,1.0
2010-01-18,21:38:00,2.084,0.156,238.740,8.800,0.000,0.000,0.0
2010-01-18,21:39:00,2.080,0.154,238.400,8.800,0.000,0.000,1.0
2010-01-18,21:40:00,2.092,0.158,239.970,8.600,0.000,0.000,1.0
2010-01-18,21:41:00,2.078,0.156,238.820,8.600,0.000,0.000,0.0
2010-01-18,21:42:00,2.082,0.156,238.950,8.600,0.000,0.000,1.0
2010-01-18,21:43:00,2.058,0.148,237.740,8.600,0.000,0.000,1.0
2010-01-18,21:44:00,1.974,0.000,238.110,8.200,0.000,0.000,0.0
2010-01-18,21:45:00,1.984,0.000,238.770,8.200,0.000,0.000,1.0
2010-01-18,21:46:00,1.978,0.000,238.320,8.200,0.000,0.000,1.0
2010-01-18,21:47:00,1.990,0.000,239.110,8.200,0.000,0.000,0.0
2010-01-18,21:48:00,1.994,0.000,239.330,8.200,0.000,0.000,1.0
2010-01-18,21:49:00,1.988,0.000,238.910,8.200,0.000,0.000,1.0
2010-01-18,21:50:00,1.982,0.000,238.590,8.200,0.000,0.000,0.0
2010-01-18,21:51:00,1.968,0.000,237.540,8.200,0.000,0.000,1.0
2010-01-18,21:52:00,1.970,0.000,237.650,8.200,0.000,0.000,0.0
2010-01-18,21:53:00,2.022,0.046,236.700,8.600,0.000,0.000,1.0
2010-01-18,21:54:00,2.462,0.130,237.660,10.400,0.000,0.000,1.0
2010-01-18,21:55:00,2.500,0.156,237.210,10.600,0.000,0.000,0.0
2010-01-18,21:56:00,1.852,0.172,238.720,7.800,0.000,0.000,1.0
2010-01-18,21:57:00,1.998,0.184,238.910,8.600,0.000,0.000,4.0
2010-01-18,21:58:00,2.756,0.182,238.050,11.600,0.000,0.000,19.0
2010-01-18,21:59:00,2.862,0.188,238.420,12.000,0.000,0.000,18.0
2010-01-18,22:00:00,2.768,0.190,237.840,11.600,0.000,0.000,19.0
2010-01-18,22:01:00,2.672,0.194,238.340,11.200,0.000,0.000,18.0
2010-01-18,22:02:00,2.724,0.220,237.310,11.400,0.000,0.000,18.0
2010-01-18,22:03:00,2.468,0.136,238.360,10.400,0.000,0.000,18.0
2010-01-18,22:04:00,2.338,0.084,238.210,9.800,0.000,0.000,18.0
2010-01-18,22:05:00,2.356,0.084,238.680,9.800,0.000,0.000,18.0
2010-01-18,22:06:00,2.362,0.086,239.300,9.800,0.000,0.000,19.0
2010-01-18,22:07:00,2.300,0.000,238.650,9.600,0.000,0.000,18.0
2010-01-18,22:08:00,2.400,0.000,238.030,10.000,0.000,0.000,18.0
2010-01-18,22:09:00,2.288,0.000,237.160,9.600,0.000,0.000,18.0
2010-01-18,22:10:00,2.086,0.000,237.820,8.800,0.000,0.000,18.0
2010-01-18,22:11:00,2.248,0.114,237.410,9.400,0.000,0.000,18.0
2010-01-18,22:12:00,2.278,0.118,238.650,9.400,0.000,0.000,18.0
2010-01-18,22:13:00,2.322,0.122,239.500,9.600,0.000,0.000,18.0
2010-01-18,22:14:00,2.352,0.120,239.790,9.800,0.000,0.000,18.0
2010-01-18,22:15:00,2.224,0.124,240.220,9.200,0.000,0.000,19.0
2010-01-18,22:16:00,2.174,0.122,239.510,9.000,0.000,0.000,18.0
2010-01-18,22:17:00,2.208,0.120,240.830,9.200,0.000,0.000,18.0
2010-01-18,22:18:00,2.212,0.118,240.400,9.200,0.000,0.000,19.0
2010-01-18,22:19:00,2.214,0.122,240.910,9.200,0.000,0.000,18.0
2010-01-18,22:20:00,2.218,0.124,241.170,9.200,0.000,0.000,19.0
2010-01-18,22:21:00,2.204,0.120,240.200,9.200,0.000,0.000,18.0
2010-01-18,22:22:00,2.194,0.120,239.660,9.000,0.000,0.000,18.0
2010-01-18,22:23:00,2.190,0.118,239.350,9.000,0.000,0.000,19.0
2010-01-18,22:24:00,2.190,0.118,239.490,9.000,0.000,0.000,18.0
2010-01-18,22:25:00,2.178,0.116,238.710,9.000,0.000,0.000,18.0
2010-01-18,22:26:00,2.188,0.110,239.660,9.000,0.000,0.000,18.0
2010-01-18,22:27:00,2.112,0.000,239.790,8.800,0.000,0.000,19.0
2010-01-18,22:28:00,2.118,0.000,240.170,8.800,0.000,0.000,18.0
2010-01-18,22:29:00,2.128,0.000,240.310,8.800,0.000,0.000,18.0
2010-01-18,22:30:00,2.098,0.000,239.540,8.600,0.000,0.000,18.0
2010-01-18,22:31:00,2.108,0.000,240.230,8.800,0.000,0.000,19.0
2010-01-18,22:32:00,2.106,0.000,239.910,8.800,0.000,0.000,18.0
2010-01-18,22:33:00,2.116,0.000,240.550,8.800,0.000,0.000,19.0
2010-01-18,22:34:00,2.108,0.000,240.170,8.800,0.000,0.000,18.0
2010-01-18,22:35:00,2.116,0.000,240.710,8.800,0.000,0.000,18.0
2010-01-18,22:36:00,2.124,0.000,241.140,8.800,0.000,0.000,19.0
2010-01-18,22:37:00,2.134,0.000,241.730,8.800,0.000,0.000,18.0
2010-01-18,22:38:00,2.488,0.122,242.280,10.200,0.000,0.000,24.0
2010-01-18,22:39:00,2.596,0.180,241.620,10.800,0.000,0.000,28.0
2010-01-18,22:40:00,2.452,0.188,242.380,10.000,0.000,0.000,28.0
2010-01-18,22:41:00,2.444,0.172,240.610,10.200,0.000,0.000,28.0
2010-01-18,22:42:00,2.488,0.202,240.400,10.400,0.000,0.000,29.0
2010-01-18,22:43:00,2.286,0.224,241.050,9.600,0.000,0.000,25.0
2010-01-18,22:44:00,1.914,0.128,241.340,7.800,0.000,0.000,18.0
2010-01-18,22:45:00,1.918,0.130,241.720,7.800,0.000,0.000,19.0
2010-01-18,22:46:00,1.900,0.124,240.320,7.800,0.000,0.000,18.0
2010-01-18,22:47:00,1.902,0.122,240.490,7.800,0.000,0.000,19.0
2010-01-18,22:48:00,1.904,0.128,240.950,7.800,0.000,0.000,18.0
2010-01-18,22:49:00,1.908,0.130,241.600,7.800,0.000,0.000,19.0
2010-01-18,22:50:00,1.910,0.132,241.850,7.800,0.000,0.000,18.0
2010-01-18,22:51:00,1.904,0.130,241.420,7.800,0.000,0.000,19.0
2010-01-18,22:52:00,1.902,0.130,241.380,7.800,0.000,0.000,18.0
2010-01-18,22:53:00,1.972,0.206,241.360,8.200,0.000,0.000,19.0
2010-01-18,22:54:00,1.158,0.280,242.780,5.200,0.000,0.000,6.0
2010-01-18,22:55:00,0.892,0.208,243.110,3.800,0.000,0.000,0.0
2010-01-18,22:56:00,0.868,0.176,242.830,3.600,0.000,0.000,1.0
2010-01-18,22:57:00,0.870,0.178,243.220,3.600,0.000,0.000,1.0
2010-01-18,22:58:00,0.868,0.178,243.040,3.600,0.000,0.000,0.0
2010-01-18,22:59:00,0.872,0.180,243.870,3.600,0.000,0.000,1.0
2010-01-18,23:00:00,0.868,0.178,243.570,3.600,0.000,0.000,1.0
2010-01-18,23:01:00,0.868,0.178,243.750,3.600,0.000,0.000,0.0
2010-01-18,23:02:00,0.868,0.180,243.780,3.600,0.000,0.000,1.0
2010-01-18,23:03:00,0.870,0.182,244.270,3.600,0.000,0.000,1.0
2010-01-18,23:04:00,0.874,0.184,245.150,3.600,0.000,0.000,0.0
2010-01-18,23:05:00,0.868,0.182,244.370,3.600,0.000,0.000,1.0
2010-01-18,23:06:00,0.872,0.184,244.910,3.600,0.000,0.000,1.0
2010-01-18,23:07:00,0.868,0.180,244.020,3.600,0.000,0.000,0.0
2010-01-18,23:08:00,0.870,0.180,244.180,3.600,0.000,0.000,1.0
2010-01-18,23:09:00,0.838,0.128,244.870,3.400,0.000,0.000,1.0
2010-01-18,23:10:00,0.782,0.000,244.850,3.200,0.000,0.000,0.0
2010-01-18,23:11:00,0.732,0.000,245.210,3.000,0.000,0.000,1.0
2010-01-18,23:12:00,0.652,0.000,243.710,2.600,0.000,0.000,1.0
2010-01-18,23:13:00,0.614,0.000,244.530,2.400,0.000,0.000,0.0
2010-01-18,23:14:00,0.612,0.000,244.350,2.400,0.000,0.000,1.0
2010-01-18,23:15:00,0.602,0.000,244.200,2.400,0.000,0.000,1.0
2010-01-18,23:16:00,0.604,0.000,244.760,2.400,0.000,0.000,0.0
2010-01-18,23:17:00,0.604,0.000,244.620,2.400,0.000,0.000,1.0
2010-01-18,23:18:00,0.606,0.000,245.290,2.400,0.000,0.000,1.0
2010-01-18,23:19:00,0.604,0.000,244.800,2.400,0.000,0.000,0.0
2010-01-18,23:20:00,0.604,0.000,244.990,2.400,0.000,0.000,1.0
2010-01-18,23:21:00,0.600,0.000,244.000,2.400,0.000,0.000,1.0
2010-01-18,23:22:00,0.598,0.000,243.500,2.400,0.000,0.000,1.0
2010-01-18,23:23:00,0.604,0.000,244.840,2.400,0.000,0.000,0.0
2010-01-18,23:24:00,0.602,0.000,244.670,2.400,0.000,0.000,1.0
2010-01-18,23:25:00,0.602,0.000,244.240,2.400,0.000,0.000,1.0
2010-01-18,23:26:00,0.600,0.000,243.850,2.400,0.000,0.000,0.0
2010-01-18,23:27:00,0.600,0.000,244.040,2.400,0.000,0.000,1.0
2010-01-18,23:28:00,0.602,0.000,244.470,2.400,0.000,0.000,1.0
2010-01-18,23:29:00,0.600,0.000,243.790,2.400,0.000,0.000,0.0
2010-01-18,23:30:00,0.616,0.000,244.910,2.600,0.000,0.000,1.0
2010-01-18,23:31:00,0.682,0.090,243.750,2.800,0.000,0.000,1.0
2010-01-18,23:32:00,0.672,0.088,243.300,2.800,0.000,0.000,0.0
2010-01-18,23:33:00,0.674,0.090,243.600,2.800,0.000,0.000,1.0
2010-01-18,23:34:00,0.676,0.092,244.050,2.800,0.000,0.000,1.0
2010-01-18,23:35:00,0.680,0.094,245.000,2.800,0.000,0.000,0.0
2010-01-18,23:36:00,0.762,0.186,244.500,3.200,0.000,0.000,1.0
2010-01-18,23:37:00,0.788,0.232,244.750,3.200,0.000,0.000,1.0
2010-01-18,23:38:00,0.782,0.230,244.340,3.200,0.000,0.000,0.0
2010-01-18,23:39:00,0.780,0.232,244.730,3.200,0.000,0.000,1.0
2010-01-18,23:40:00,0.782,0.236,245.360,3.200,0.000,0.000,1.0
2010-01-18,23:41:00,0.778,0.232,244.750,3.200,0.000,0.000,0.0
2010-01-18,23:42:00,0.778,0.236,245.330,3.200,0.000,0.000,1.0
2010-01-18,23:43:00,0.716,0.140,245.820,3.000,0.000,0.000,1.0
2010-01-18,23:44:00,0.786,0.224,245.770,3.400,0.000,0.000,0.0
2010-01-18,23:45:00,0.792,0.262,246.420,3.400,0.000,1.000,1.0
2010-01-18,23:46:00,0.788,0.256,245.500,3.400,0.000,2.000,1.0
2010-01-18,23:47:00,0.790,0.260,246.170,3.400,0.000,1.000,0.0
2010-01-18,23:48:00,0.786,0.256,245.590,3.200,0.000,1.000,1.0
2010-01-18,23:49:00,0.792,0.262,246.580,3.400,0.000,2.000,1.0
2010-01-18,23:50:00,0.786,0.256,245.580,3.400,0.000,1.000,0.0
2010-01-18,23:51:00,0.786,0.256,245.340,3.400,0.000,2.000,1.0
2010-01-18,23:52:00,0.708,0.142,246.030,2.800,0.000,1.000,1.0
2010-01-18,23:53:00,0.692,0.118,245.360,2.800,0.000,2.000,0.0
2010-01-18,23:54:00,0.694,0.118,245.540,2.800,0.000,1.000,1.0
2010-01-18,23:55:00,0.692,0.116,244.780,2.800,0.000,1.000,1.0
2010-01-18,23:56:00,0.706,0.118,245.440,2.800,0.000,2.000,1.0
2010-01-18,23:57:00,0.716,0.118,245.400,3.000,0.000,1.000,0.0
2010-01-18,23:58:00,1.298,0.104,244.360,5.200,0.000,2.000,1.0
2010-01-18,23:59:00,1.400,0.104,244.490,5.600,0.000,1.000,1.0
