Date,Time,Global_active_power,Global_reactive_power,Voltage,Global_intensity,Sub_metering_1,Sub_metering_2,Sub_metering_3
2010-01-19,00:00:00,1.582,0.098,243.980,6.400,0.000,1.000,0.0
2010-01-19,00:01:00,0.716,0.116,244.970,3.000,0.000,2.000,1.0
2010-01-19,00:02:00,0.684,0.116,245.190,2.800,0.000,1.000,1.0
2010-01-19,00:03:00,0.682,0.114,244.860,2.800,0.000,1.000,0.0
2010-01-19,00:04:00,0.680,0.114,245.040,2.800,0.000,2.000,1.0
2010-01-19,00:05:00,0.678,0.112,244.590,2.800,0.000,1.000,1.0
2010-01-19,00:06:00,0.680,0.114,244.960,2.800,0.000,1.000,0.0
2010-01-19,00:07:00,0.678,0.114,244.940,2.800,0.000,1.000,1.0
2010-01-19,00:08:00,0.680,0.114,244.920,2.800,0.000,2.000,1.0
2010-01-19,00:09:00,0.684,0.116,245.830,2.800,0.000,1.000,0.0
2010-01-19,00:10:00,0.678,0.112,244.340,2.800,0.000,1.000,1.0
2010-01-19,00:11:00,0.684,0.114,245.290,2.800,0.000,1.000,1.0
2010-01-19,00:12:00,0.684,0.116,245.700,2.800,0.000,2.000,0.0
2010-01-19,00:13:00,0.684,0.116,245.470,2.800,0.000,1.000,1.0
2010-01-19,00:14:00,0.684,0.116,245.540,2.800,0.000,1.000,1.0
2010-01-19,00:15:00,0.668,0.090,245.440,2.600,0.000,1.000,0.0
2010-01-19,00:16:00,0.614,0.000,246.110,2.400,0.000,0.000,1.0
2010-01-19,00:17:00,0.610,0.000,245.370,2.400,0.000,0.000,1.0
2010-01-19,00:18:00,0.608,0.000,245.140,2.400,0.000,0.000,0.0
2010-01-19,00:19:00,0.740,0.120,245.600,3.200,0.000,0.000,1.0
2010-01-19,00:20:00,0.794,0.234,245.250,3.400,0.000,0.000,1.0
2010-01-19,00:21:00,0.792,0.236,245.430,3.200,0.000,0.000,0.0
2010-01-19,00:22:00,0.792,0.234,244.810,3.400,0.000,0.000,1.0
2010-01-19,00:23:00,0.820,0.234,245.010,3.400,0.000,0.000,1.0
2010-01-19,00:24:00,0.788,0.236,245.140,3.200,0.000,0.000,0.0
2010-01-19,00:25:00,0.782,0.236,245.420,3.200,0.000,0.000,1.0
2010-01-19,00:26:00,0.780,0.238,245.550,3.200,0.000,0.000,1.0
2010-01-19,00:27:00,0.566,0.240,245.400,2.600,0.000,0.000,1.0
2010-01-19,00:28:00,0.442,0.244,245.560,2.000,0.000,0.000,0.0
2010-01-19,00:29:00,0.440,0.240,245.080,2.000,0.000,0.000,1.0
2010-01-19,00:30:00,0.438,0.238,244.710,2.000,0.000,0.000,1.0
2010-01-19,00:31:00,0.402,0.186,245.270,1.800,0.000,0.000,0.0
2010-01-19,00:32:00,0.368,0.132,245.310,1.600,0.000,0.000,1.0
2010-01-19,00:33:00,0.370,0.136,246.010,1.600,0.000,0.000,1.0
2010-01-19,00:34:00,0.348,0.108,245.630,1.400,0.000,0.000,0.0
2010-01-19,00:35:00,0.272,0.000,246.500,1.000,0.000,0.000,1.0
2010-01-19,00:36:00,0.272,0.000,246.830,1.000,0.000,0.000,1.0
2010-01-19,00:37:00,0.272,0.000,246.080,1.200,0.000,0.000,0.0
2010-01-19,00:38:00,0.274,0.000,246.810,1.200,0.000,0.000,1.0
2010-01-19,00:39:00,0.272,0.000,246.100,1.200,0.000,0.000,1.0
2010-01-19,00:40:00,0.272,0.000,245.800,1.000,0.000,0.000,0.0
2010-01-19,00:41:00,0.270,0.000,245.370,1.000,0.000,0.000,1.0
2010-01-19,00:42:00,0.270,0.000,245.320,1.000,0.000,0.000,1.0
2010-01-19,00:43:00,0.268,0.000,244.430,1.000,0.000,0.000,0.0
2010-01-19,00:44:00,0.268,0.000,244.310,1.000,0.000,0.000,1.0
2010-01-19,00:45:00,0.270,0.000,244.810,1.000,0.000,0.000,1.0
2010-01-19,00:46:00,0.270,0.000,244.740,1.000,0.000,0.000,0.0
2010-01-19,00:47:00,0.272,0.000,245.850,1.000,0.000,0.000,1.0
2010-01-19,00:48:00,0.272,0.000,246.240,1.200,0.000,0.000,1.0
2010-01-19,00:49:00,0.272,0.000,246.840,1.000,0.000,0.000,0.0
2010-01-19,00:50:00,0.272,0.000,246.480,1.000,0.000,0.000,1.0
2010-01-19,00:51:00,0.270,0.000,245.350,1.000,0.000,0.000,1.0
2010-01-19,00:52:00,0.268,0.000,245.460,1.000,0.000,0.000,1.0
2010-01-19,00:53:00,0.270,0.000,245.190,1.000,0.000,0.000,0.0
2010-01-19,00:54:00,0.272,0.000,246.100,1.000,0.000,0.000,1.0
2010-01-19,00:55:00,0.272,0.000,246.260,1.200,0.000,0.000,1.0
2010-01-19,00:56:00,0.272,0.000,246.170,1.000,0.000,0.000,0.0
2010-01-19,00:57:00,0.274,0.000,246.870,1.200,0.000,0.000,1.0
2010-01-19,00:58:00,0.272,0.000,246.210,1.000,0.000,0.000,1.0
2010-01-19,00:59:00,0.272,0.000,246.120,1.000,0.000,0.000,0.0
2010-01-19,01:00:00,0.276,0.000,245.520,1.200,0.000,0.000,1.0
2010-01-19,01:01:00,0.310,0.000,245.500,1.200,0.000,0.000,1.0
2010-01-19,01:02:00,0.426,0.132,244.580,1.800,0.000,0.000,0.0
2010-01-19,01:03:00,0.404,0.128,244.430,1.600,0.000,0.000,1.0
2010-01-19,01:04:00,0.358,0.134,245.250,1.600,0.000,0.000,1.0
2010-01-19,01:05:00,0.356,0.134,245.700,1.400,0.000,0.000,0.0
2010-01-19,01:06:00,0.354,0.136,245.770,1.400,0.000,0.000,1.0
2010-01-19,01:07:00,0.352,0.134,245.280,1.400,0.000,0.000,1.0
2010-01-19,01:08:00,0.384,0.154,244.240,1.800,0.000,0.000,0.0
2010-01-19,01:09:00,0.426,0.238,244.540,2.000,0.000,0.000,1.0
2010-01-19,01:10:00,0.424,0.236,244.130,2.000,0.000,0.000,1.0
2010-01-19,01:11:00,0.424,0.238,244.770,2.000,0.000,0.000,0.0
2010-01-19,01:12:00,0.422,0.236,244.310,2.000,0.000,0.000,1.0
2010-01-19,01:13:00,0.418,0.234,243.790,1.800,0.000,0.000,1.0
2010-01-19,01:14:00,0.414,0.228,242.810,1.800,0.000,0.000,0.0
2010-01-19,01:15:00,0.412,0.228,242.830,1.800,0.000,0.000,1.0
2010-01-19,01:16:00,0.414,0.234,243.940,1.800,0.000,0.000,1.0
2010-01-19,01:17:00,0.340,0.128,243.660,1.400,0.000,0.000,0.0
2010-01-19,01:18:00,0.318,0.096,243.820,1.400,0.000,0.000,1.0
2010-01-19,01:19:00,0.312,0.088,243.780,1.200,0.000,0.000,1.0
2010-01-19,01:20:00,0.248,0.000,243.930,1.000,0.000,0.000,0.0
2010-01-19,01:21:00,0.246,0.000,243.020,1.000,0.000,0.000,1.0
2010-01-19,01:22:00,0.246,0.000,242.930,1.000,0.000,0.000,1.0
2010-01-19,01:23:00,0.248,0.000,243.770,1.000,0.000,0.000,0.0
2010-01-19,01:24:00,0.246,0.000,243.540,1.000,0.000,0.000,1.0
2010-01-19,01:25:00,0.248,0.000,244.070,1.000,0.000,0.000,1.0
2010-01-19,01:26:00,0.248,0.000,243.990,1.000,0.000,0.000,0.0
2010-01-19,01:27:00,0.248,0.000,244.030,1.000,0.000,0.000,1.0
2010-01-19,01:28:00,0.248,0.000,243.880,1.000,0.000,0.000,1.0
2010-01-19,01:29:00,0.246,0.000,243.310,1.000,0.000,0.000,0.0
2010-01-19,01:30:00,0.248,0.000,244.130,1.000,0.000,0.000,1.0
2010-01-19,01:31:00,0.246,0.000,243.570,1.000,0.000,0.000,1.0
2010-01-19,01:32:00,0.248,0.000,244.080,1.000,0.000,0.000,1.0
2010-01-19,01:33:00,0.248,0.000,243.870,1.000,0.000,0.000,0.0
2010-01-19,01:34:00,0.246,0.000,243.440,1.000,0.000,0.000,1.0
2010-01-19,01:35:00,0.246,0.000,243.660,1.000,0.000,0.000,1.0
2010-01-19,01:36:00,0.246,0.000,243.480,1.000,0.000,0.000,0.0
2010-01-19,01:37:00,0.248,0.000,244.320,1.000,0.000,0.000,1.0
2010-01-19,01:38:00,0.248,0.000,244.010,1.000,0.000,0.000,1.0
2010-01-19,01:39:00,0.248,0.000,244.530,1.000,0.000,0.000,0.0
2010-01-19,01:40:00,0.246,0.000,244.030,1.000,0.000,0.000,1.0
2010-01-19,01:41:00,0.246,0.000,243.800,1.000,0.000,0.000,1.0
2010-01-19,01:42:00,0.248,0.000,244.230,1.000,0.000,0.000,0.0
2010-01-19,01:43:00,0.246,0.000,244.040,1.000,0.000,0.000,1.0
2010-01-19,01:44:00,0.286,0.000,244.720,1.200,0.000,0.000,1.0
2010-01-19,01:45:00,0.358,0.128,244.230,1.400,0.000,0.000,0.0
2010-01-19,01:46:00,0.356,0.132,245.060,1.400,0.000,0.000,1.0
2010-01-19,01:47:00,0.354,0.132,245.010,1.400,0.000,0.000,1.0
2010-01-19,01:48:00,0.352,0.130,244.520,1.400,0.000,0.000,0.0
2010-01-19,01:49:00,0.350,0.130,244.670,1.400,0.000,0.000,1.0
2010-01-19,01:50:00,0.348,0.130,244.530,1.400,0.000,0.000,1.0
2010-01-19,01:51:00,0.348,0.130,244.530,1.400,0.000,0.000,0.0
2010-01-19,01:52:00,0.344,0.128,243.950,1.400,0.000,0.000,1.0
2010-01-19,01:53:00,0.346,0.132,244.860,1.400,0.000,0.000,1.0
2010-01-19,01:54:00,0.346,0.136,245.600,1.400,0.000,0.000,0.0
2010-01-19,01:55:00,0.344,0.132,244.850,1.400,0.000,0.000,1.0
2010-01-19,01:56:00,0.344,0.136,245.340,1.400,0.000,0.000,1.0
2010-01-19,01:57:00,0.344,0.134,245.220,1.400,0.000,0.000,0.0
2010-01-19,01:58:00,0.438,0.244,245.060,2.000,0.000,0.000,1.0
2010-01-19,01:59:00,0.398,0.210,245.050,1.800,0.000,0.000,1.0
2010-01-19,02:00:00,0.324,0.104,245.410,1.400,0.000,0.000,0.0
2010-01-19,02:01:00,0.324,0.102,245.300,1.400,0.000,0.000,1.0
2010-01-19,02:02:00,0.322,0.100,244.860,1.400,0.000,0.000,1.0
2010-01-19,02:03:00,0.322,0.104,245.830,1.400,0.000,0.000,0.0
2010-01-19,02:04:00,0.322,0.104,245.960,1.400,0.000,0.000,1.0
2010-01-19,02:05:00,0.320,0.102,245.590,1.400,0.000,0.000,1.0
2010-01-19,02:06:00,0.318,0.102,245.390,1.400,0.000,0.000,0.0
2010-01-19,02:07:00,0.318,0.102,245.130,1.400,0.000,0.000,1.0
2010-01-19,02:08:00,0.298,0.072,245.470,1.200,0.000,0.000,1.0
2010-01-19,02:09:00,0.246,0.000,245.120,1.000,0.000,0.000,1.0
2010-01-19,02:10:00,0.248,0.000,246.080,1.000,0.000,0.000,0.0
2010-01-19,02:11:00,0.248,0.000,246.200,1.000,0.000,0.000,1.0
2010-01-19,02:12:00,0.248,0.000,246.020,1.000,0.000,0.000,1.0
2010-01-19,02:13:00,0.250,0.000,246.690,1.000,0.000,0.000,0.0
2010-01-19,02:14:00,0.248,0.000,245.760,1.000,0.000,0.000,1.0
2010-01-19,02:15:00,0.248,0.000,246.160,1.000,0.000,0.000,1.0
2010-01-19,02:16:00,0.248,0.000,246.210,1.000,0.000,0.000,0.0
2010-01-19,02:17:00,0.248,0.000,245.870,1.000,0.000,0.000,1.0
2010-01-19,02:18:00,0.248,0.000,245.830,1.000,0.000,0.000,1.0
2010-01-19,02:19:00,0.246,0.000,245.510,1.000,0.000,0.000,0.0
2010-01-19,02:20:00,0.248,0.000,245.870,1.000,0.000,0.000,1.0
2010-01-19,02:21:00,0.248,0.000,245.950,1.000,0.000,0.000,1.0
2010-01-19,02:22:00,0.248,0.000,246.210,1.000,0.000,0.000,0.0
2010-01-19,02:23:00,0.250,0.000,246.750,1.000,0.000,0.000,1.0
2010-01-19,02:24:00,0.248,0.000,246.000,1.000,0.000,0.000,1.0
2010-01-19,02:25:00,0.248,0.000,246.490,1.000,0.000,0.000,0.0
2010-01-19,02:26:00,0.248,0.000,245.840,1.000,0.000,0.000,1.0
2010-01-19,02:27:00,0.304,0.050,246.240,1.400,0.000,0.000,1.0
2010-01-19,02:28:00,0.360,0.138,246.110,1.600,0.000,0.000,0.0
2010-01-19,02:29:00,0.358,0.140,246.900,1.600,0.000,0.000,1.0
2010-01-19,02:30:00,0.356,0.140,246.790,1.400,0.000,0.000,1.0
2010-01-19,02:31:00,0.352,0.134,245.480,1.400,0.000,0.000,1.0
2010-01-19,02:32:00,0.352,0.138,246.300,1.400,0.000,0.000,0.0
2010-01-19,02:33:00,0.350,0.136,245.960,1.400,0.000,0.000,1.0
2010-01-19,02:34:00,0.348,0.136,245.710,1.400,0.000,0.000,1.0
2010-01-19,02:35:00,0.348,0.138,246.230,1.400,0.000,0.000,0.0
2010-01-19,02:36:00,0.344,0.134,245.210,1.400,0.000,0.000,1.0
2010-01-19,02:37:00,0.344,0.134,245.430,1.400,0.000,0.000,1.0
2010-01-19,02:38:00,0.342,0.132,245.120,1.400,0.000,0.000,0.0
2010-01-19,02:39:00,0.344,0.136,245.850,1.400,0.000,0.000,1.0
2010-01-19,02:40:00,0.342,0.134,245.440,1.400,0.000,0.000,1.0
2010-01-19,02:41:00,0.342,0.134,245.690,1.400,0.000,0.000,0.0
2010-01-19,02:42:00,0.284,0.048,245.900,1.200,0.000,0.000,1.0
2010-01-19,02:43:00,0.246,0.000,245.230,1.000,0.000,0.000,1.0
2010-01-19,02:44:00,0.246,0.000,245.300,1.000,0.000,0.000,0.0
2010-01-19,02:45:00,0.246,0.000,244.710,1.000,0.000,0.000,1.0
2010-01-19,02:46:00,0.248,0.000,245.810,1.000,0.000,0.000,1.0
2010-01-19,02:47:00,0.322,0.074,246.180,1.400,0.000,0.000,0.0
2010-01-19,02:48:00,0.324,0.104,246.200,1.400,0.000,0.000,1.0
2010-01-19,02:49:00,0.326,0.106,247.010,1.400,0.000,0.000,1.0
2010-01-19,02:50:00,0.324,0.102,245.820,1.400,0.000,0.000,0.0
2010-01-19,02:51:00,0.324,0.104,246.120,1.400,0.000,0.000,1.0
2010-01-19,02:52:00,0.322,0.102,245.550,1.400,0.000,0.000,1.0
2010-01-19,02:53:00,0.318,0.100,244.840,1.400,0.000,0.000,1.0
2010-01-19,02:54:00,0.318,0.100,244.930,1.400,0.000,0.000,0.0
2010-01-19,02:55:00,0.318,0.102,245.600,1.400,0.000,0.000,1.0
2010-01-19,02:56:00,0.318,0.104,246.120,1.400,0.000,0.000,1.0
2010-01-19,02:57:00,0.272,0.000,245.630,1.000,0.000,0.000,0.0
2010-01-19,02:58:00,0.246,0.000,245.240,1.000,0.000,0.000,1.0
2010-01-19,02:59:00,0.246,0.000,244.970,1.000,0.000,0.000,1.0
2010-01-19,03:00:00,0.246,0.000,244.570,1.000,0.000,0.000,0.0
2010-01-19,03:01:00,0.246,0.000,245.280,1.000,0.000,0.000,1.0
2010-01-19,03:02:00,0.246,0.000,244.900,1.000,0.000,0.000,1.0
2010-01-19,03:03:00,0.246,0.000,245.460,1.000,0.000,0.000,0.0
2010-01-19,03:04:00,0.246,0.000,245.140,1.000,0.000,0.000,1.0
2010-01-19,03:05:00,0.246,0.000,245.240,1.000,0.000,0.000,1.0
2010-01-19,03:06:00,0.246,0.000,245.020,1.000,0.000,0.000,0.0
2010-01-19,03:07:00,0.244,0.000,244.410,1.000,0.000,0.000,1.0
2010-01-19,03:08:00,0.248,0.000,245.760,1.000,0.000,0.000,1.0
2010-01-19,03:09:00,0.248,0.000,245.860,1.000,0.000,0.000,0.0
2010-01-19,03:10:00,0.322,0.074,246.470,1.400,0.000,0.000,1.0
2010-01-19,03:11:00,0.414,0.196,246.090,2.000,0.000,0.000,1.0
2010-01-19,03:12:00,0.440,0.268,246.640,2.000,0.000,1.000,0.0
2010-01-19,03:13:00,0.442,0.272,246.970,2.000,0.000,1.000,1.0
2010-01-19,03:14:00,0.438,0.274,247.310,2.000,0.000,2.000,1.0
2010-01-19,03:15:00,0.440,0.278,247.980,2.000,0.000,1.000,0.0
2010-01-19,03:16:00,0.436,0.270,246.870,2.000,0.000,2.000,1.0
2010-01-19,03:17:00,0.436,0.272,247.210,2.000,0.000,1.000,1.0
2010-01-19,03:18:00,0.436,0.274,247.520,2.000,0.000,2.000,1.0
2010-01-19,03:19:00,0.434,0.272,247.050,2.000,0.000,1.000,0.0
2010-01-19,03:20:00,0.434,0.276,247.680,2.000,0.000,1.000,1.0
2010-01-19,03:21:00,0.434,0.274,247.530,2.000,0.000,2.000,1.0
2010-01-19,03:22:00,0.432,0.272,247.200,2.000,0.000,1.000,0.0
2010-01-19,03:23:00,0.432,0.274,247.200,2.000,0.000,2.000,1.0
2010-01-19,03:24:00,0.430,0.270,246.880,2.000,0.000,1.000,1.0
2010-01-19,03:25:00,0.342,0.140,247.440,1.400,0.000,1.000,0.0
2010-01-19,03:26:00,0.334,0.128,247.240,1.400,0.000,2.000,1.0
2010-01-19,03:27:00,0.334,0.130,248.010,1.400,0.000,1.000,1.0
2010-01-19,03:28:00,0.330,0.124,246.140,1.400,0.000,2.000,0.0
2010-01-19,03:29:00,0.328,0.124,246.240,1.400,0.000,1.000,1.0
2010-01-19,03:30:00,0.328,0.122,246.030,1.400,0.000,1.000,1.0
2010-01-19,03:31:00,0.328,0.124,246.390,1.400,0.000,2.000,1.0
2010-01-19,03:32:00,0.326,0.124,246.430,1.400,0.000,1.000,0.0
2010-01-19,03:33:00,0.324,0.122,245.700,1.400,0.000,1.000,1.0
2010-01-19,03:34:00,0.324,0.122,246.020,1.400,0.000,1.000,1.0
2010-01-19,03:35:00,0.322,0.118,245.080,1.400,0.000,2.000,0.0
2010-01-19,03:36:00,0.386,0.188,246.100,1.800,0.000,1.000,1.0
2010-01-19,03:37:00,0.400,0.236,246.820,1.800,0.000,1.000,1.0
2010-01-19,03:38:00,0.400,0.236,246.810,1.800,0.000,1.000,0.0
2010-01-19,03:39:00,0.400,0.236,246.960,1.800,0.000,2.000,1.0
2010-01-19,03:40:00,0.398,0.236,246.760,1.800,0.000,1.000,1.0
2010-01-19,03:41:00,0.400,0.238,247.380,1.800,0.000,1.000,0.0
2010-01-19,03:42:00,0.388,0.222,247.540,1.800,0.000,1.000,1.0
2010-01-19,03:43:00,0.324,0.110,247.840,1.400,0.000,0.000,1.0
2010-01-19,03:44:00,0.324,0.112,248.310,1.400,0.000,0.000,0.0
2010-01-19,03:45:00,0.322,0.110,247.950,1.400,0.000,0.000,1.0
2010-01-19,03:46:00,0.266,0.000,249.170,1.000,0.000,0.000,1.0
2010-01-19,03:47:00,0.252,0.000,248.520,1.000,0.000,0.000,1.0
2010-01-19,03:48:00,0.254,0.000,248.750,1.000,0.000,0.000,0.0
2010-01-19,03:49:00,0.252,0.000,248.210,1.000,0.000,0.000,1.0
2010-01-19,03:50:00,0.250,0.000,246.990,1.000,0.000,0.000,1.0
2010-01-19,03:51:00,0.250,0.000,247.080,1.000,0.000,0.000,0.0
2010-01-19,03:52:00,0.250,0.000,247.350,1.000,0.000,0.000,1.0
2010-01-19,03:53:00,0.344,0.104,247.830,1.600,0.000,0.000,1.0
2010-01-19,03:54:00,0.364,0.144,247.850,1.600,0.000,0.000,0.0
2010-01-19,03:55:00,0.358,0.142,247.450,1.600,0.000,0.000,1.0
2010-01-19,03:56:00,0.358,0.142,247.480,1.400,0.000,0.000,1.0
2010-01-19,03:57:00,0.354,0.140,246.530,1.400,0.000,0.000,0.0
2010-01-19,03:58:00,0.354,0.140,246.810,1.400,0.000,0.000,1.0
2010-01-19,03:59:00,0.352,0.140,246.910,1.400,0.000,0.000,1.0
2010-01-19,04:00:00,0.350,0.138,246.220,1.400,0.000,0.000,1.0
2010-01-19,04:01:00,0.350,0.140,246.680,1.400,0.000,0.000,0.0
2010-01-19,04:02:00,0.348,0.138,246.400,1.400,0.000,0.000,1.0
2010-01-19,04:03:00,0.348,0.140,246.900,1.400,0.000,0.000,1.0
2010-01-19,04:04:00,0.346,0.140,246.660,1.400,0.000,0.000,0.0
2010-01-19,04:05:00,0.346,0.140,246.790,1.400,0.000,0.000,1.0
2010-01-19,04:06:00,0.346,0.142,247.160,1.400,0.000,0.000,1.0
2010-01-19,04:07:00,0.324,0.108,246.160,1.400,0.000,0.000,0.0
2010-01-19,04:08:00,0.250,0.000,247.140,1.000,0.000,0.000,1.0
2010-01-19,04:09:00,0.248,0.000,246.060,1.000,0.000,0.000,1.0
2010-01-19,04:10:00,0.250,0.000,246.820,1.000,0.000,0.000,0.0
2010-01-19,04:11:00,0.252,0.000,247.460,1.000,0.000,0.000,1.0
2010-01-19,04:12:00,0.252,0.000,247.890,1.000,0.000,0.000,1.0
2010-01-19,04:13:00,0.252,0.000,247.250,1.000,0.000,0.000,0.0
2010-01-19,04:14:00,0.250,0.000,246.760,1.000,0.000,0.000,1.0
2010-01-19,04:15:00,0.250,0.000,246.920,1.000,0.000,0.000,1.0
2010-01-19,04:16:00,0.250,0.000,246.560,1.000,0.000,0.000,1.0
2010-01-19,04:17:00,0.252,0.000,247.290,1.000,0.000,0.000,0.0
2010-01-19,04:18:00,0.252,0.000,247.790,1.000,0.000,0.000,1.0
2010-01-19,04:19:00,0.252,0.000,247.820,1.000,0.000,0.000,1.0
2010-01-19,04:20:00,0.254,0.000,248.440,1.000,0.000,0.000,0.0
2010-01-19,04:21:00,0.252,0.000,248.080,1.000,0.000,0.000,1.0
2010-01-19,04:22:00,0.252,0.000,247.910,1.000,0.000,0.000,1.0
2010-01-19,04:23:00,0.256,0.000,249.250,1.000,0.000,0.000,0.0
2010-01-19,04:24:00,0.254,0.000,248.790,1.000,0.000,0.000,1.0
2010-01-19,04:25:00,0.290,0.000,249.000,1.400,0.000,0.000,1.0
2010-01-19,04:26:00,0.330,0.112,247.870,1.400,0.000,0.000,1.0
2010-01-19,04:27:00,0.328,0.110,247.820,1.400,0.000,0.000,0.0
2010-01-19,04:28:00,0.330,0.112,248.270,1.400,0.000,0.000,1.0
2010-01-19,04:29:00,0.328,0.112,248.020,1.400,0.000,0.000,1.0
2010-01-19,04:30:00,0.330,0.114,248.710,1.400,0.000,0.000,0.0
2010-01-19,04:31:00,0.328,0.114,248.680,1.400,0.000,0.000,1.0
2010-01-19,04:32:00,0.326,0.112,248.330,1.400,0.000,0.000,1.0
2010-01-19,04:33:00,0.324,0.112,248.070,1.400,0.000,0.000,0.0
2010-01-19,04:34:00,0.322,0.110,247.580,1.400,0.000,0.000,1.0
2010-01-19,04:35:00,0.264,0.000,247.750,1.000,0.000,0.000,1.0
2010-01-19,04:36:00,0.338,0.096,246.890,1.400,0.000,0.000,0.0
2010-01-19,04:37:00,0.362,0.144,247.470,1.600,0.000,0.000,1.0
2010-01-19,04:38:00,0.356,0.138,246.370,1.400,0.000,0.000,1.0
2010-01-19,04:39:00,0.356,0.142,246.980,1.400,0.000,0.000,1.0
2010-01-19,04:40:00,0.356,0.142,247.040,1.400,0.000,0.000,0.0
2010-01-19,04:41:00,0.354,0.142,247.350,1.400,0.000,0.000,1.0
2010-01-19,04:42:00,0.354,0.144,247.720,1.400,0.000,0.000,1.0
2010-01-19,04:43:00,0.352,0.144,247.470,1.400,0.000,0.000,0.0
2010-01-19,04:44:00,0.352,0.146,247.900,1.400,0.000,0.000,1.0
2010-01-19,04:45:00,0.348,0.140,246.700,1.400,0.000,0.000,1.0
2010-01-19,04:46:00,0.348,0.140,246.810,1.400,0.000,0.000,0.0
2010-01-19,04:47:00,0.346,0.140,246.810,1.400,0.000,0.000,1.0
2010-01-19,04:48:00,0.346,0.140,246.520,1.400,0.000,0.000,1.0
2010-01-19,04:49:00,0.346,0.142,247.000,1.400,0.000,0.000,0.0
2010-01-19,04:50:00,0.318,0.100,246.300,1.400,0.000,0.000,1.0
2010-01-19,04:51:00,0.248,0.000,246.540,1.000,0.000,0.000,1.0
2010-01-19,04:52:00,0.248,0.000,245.870,1.000,0.000,0.000,0.0
2010-01-19,04:53:00,0.248,0.000,246.400,1.000,0.000,0.000,1.0
2010-01-19,04:54:00,0.250,0.000,246.650,1.000,0.000,0.000,1.0
2010-01-19,04:55:00,0.250,0.000,246.560,1.000,0.000,0.000,1.0
2010-01-19,04:56:00,0.250,0.000,247.000,1.000,0.000,0.000,0.0
2010-01-19,04:57:00,0.248,0.000,245.830,1.000,0.000,0.000,1.0
2010-01-19,04:58:00,0.248,0.000,245.920,1.000,0.000,0.000,1.0
2010-01-19,04:59:00,0.248,0.000,245.840,1.000,0.000,0.000,0.0
2010-01-19,05:00:00,0.246,0.000,245.530,1.000,0.000,0.000,1.0
2010-01-19,05:01:00,0.248,0.000,246.300,1.000,0.000,0.000,1.0
2010-01-19,05:02:00,0.248,0.000,246.470,1.000,0.000,0.000,0.0
2010-01-19,05:03:00,0.250,0.000,247.470,1.000,0.000,0.000,1.0
2010-01-19,05:04:00,0.250,0.000,247.070,1.000,0.000,0.000,1.0
2010-01-19,05:05:00,0.250,0.000,247.100,1.000,0.000,0.000,0.0
2010-01-19,05:06:00,0.250,0.000,247.020,1.000,0.000,0.000,1.0
2010-01-19,05:07:00,0.250,0.000,246.870,1.000,0.000,0.000,1.0
2010-01-19,05:08:00,0.252,0.000,247.670,1.000,0.000,0.000,0.0
2010-01-19,05:09:00,0.252,0.000,247.800,1.000,0.000,0.000,1.0
2010-01-19,05:10:00,0.252,0.000,248.370,1.000,0.000,0.000,1.0
2010-01-19,05:11:00,0.252,0.000,247.940,1.000,0.000,0.000,1.0
2010-01-19,05:12:00,0.250,0.000,247.330,1.000,0.000,0.000,0.0
2010-01-19,05:13:00,0.250,0.000,246.990,1.000,0.000,0.000,1.0
2010-01-19,05:14:00,0.248,0.000,246.180,1.000,0.000,0.000,1.0
2010-01-19,05:15:00,0.314,0.066,246.840,1.400,0.000,0.000,0.0
2010-01-19,05:16:00,0.326,0.106,246.720,1.400,0.000,0.000,1.0
2010-01-19,05:17:00,0.326,0.108,246.790,1.400,0.000,0.000,1.0
2010-01-19,05:18:00,0.326,0.106,246.640,1.400,0.000,0.000,0.0
2010-01-19,05:19:00,0.390,0.172,246.420,1.800,0.000,0.000,1.0
2010-01-19,05:20:00,0.436,0.250,246.800,2.000,0.000,0.000,1.0
2010-01-19,05:21:00,0.430,0.250,246.650,2.000,0.000,0.000,0.0
2010-01-19,05:22:00,0.430,0.252,247.090,2.000,0.000,0.000,1.0
2010-01-19,05:23:00,0.426,0.248,246.350,2.000,0.000,0.000,1.0
2010-01-19,05:24:00,0.406,0.222,247.490,1.800,0.000,0.000,1.0
2010-01-19,05:25:00,0.354,0.142,247.220,1.400,0.000,0.000,0.0
2010-01-19,05:26:00,0.350,0.140,246.670,1.400,0.000,0.000,1.0
2010-01-19,05:27:00,0.352,0.142,247.340,1.400,0.000,0.000,1.0
2010-01-19,05:28:00,0.348,0.140,246.690,1.400,0.000,0.000,0.0
2010-01-19,05:29:00,0.350,0.144,247.570,1.400,0.000,0.000,1.0
2010-01-19,05:30:00,0.348,0.140,246.780,1.400,0.000,0.000,1.0
2010-01-19,05:31:00,0.346,0.142,247.050,1.400,0.000,0.000,0.0
2010-01-19,05:32:00,0.348,0.146,247.800,1.400,0.000,0.000,1.0
2010-01-19,05:33:00,0.338,0.130,247.700,1.400,0.000,0.000,1.0
2010-01-19,05:34:00,0.250,0.000,247.070,1.000,0.000,0.000,0.0
2010-01-19,05:35:00,0.250,0.000,246.790,1.000,0.000,0.000,1.0
2010-01-19,05:36:00,0.252,0.000,247.610,1.000,0.000,0.000,1.0
2010-01-19,05:37:00,0.248,0.000,246.400,1.000,0.000,0.000,0.0
2010-01-19,05:38:00,0.250,0.000,247.120,1.000,0.000,0.000,1.0
2010-01-19,05:39:00,0.252,0.000,247.590,1.000,0.000,0.000,1.0
2010-01-19,05:40:00,0.250,0.000,246.970,1.000,0.000,0.000,1.0
2010-01-19,05:41:00,0.250,0.000,247.440,1.000,0.000,0.000,0.0
2010-01-19,05:42:00,0.248,0.000,245.890,1.000,0.000,0.000,1.0
2010-01-19,05:43:00,0.250,0.000,246.680,1.000,0.000,0.000,1.0
2010-01-19,05:44:00,0.248,0.000,246.050,1.000,0.000,0.000,0.0
2010-01-19,05:45:00,0.248,0.000,246.180,1.000,0.000,0.000,1.0
2010-01-19,05:46:00,0.248,0.000,245.720,1.000,0.000,0.000,1.0
2010-01-19,05:47:00,0.250,0.000,246.510,1.000,0.000,0.000,0.0
2010-01-19,05:48:00,0.250,0.000,247.080,1.000,0.000,0.000,1.0
2010-01-19,05:49:00,0.248,0.000,246.470,1.000,0.000,0.000,1.0
2010-01-19,05:50:00,0.250,0.000,246.790,1.000,0.000,0.000,0.0
2010-01-19,05:51:00,0.250,0.000,246.090,1.000,0.000,0.000,1.0
2010-01-19,05:52:00,0.256,0.000,246.260,1.000,0.000,0.000,1.0
2010-01-19,05:53:00,0.256,0.000,246.670,1.000,0.000,0.000,0.0
2010-01-19,05:54:00,0.258,0.000,247.270,1.000,0.000,0.000,1.0
2010-01-19,05:55:00,0.258,0.000,247.270,1.000,0.000,0.000,1.0
2010-01-19,05:56:00,0.252,0.000,244.980,1.000,0.000,0.000,1.0
2010-01-19,05:57:00,0.252,0.000,245.050,1.000,0.000,0.000,0.0
2010-01-19,05:58:00,0.252,0.000,244.620,1.000,0.000,0.000,1.0
2010-01-19,05:59:00,0.254,0.000,245.590,1.000,0.000,0.000,1.0
2010-01-19,06:00:00,0.254,0.000,245.490,1.000,0.000,0.000,0.0
2010-01-19,06:01:00,0.250,0.000,244.590,1.000,0.000,0.000,1.0
2010-01-19,06:02:00,0.284,0.000,244.160,1.200,0.000,0.000,1.0
2010-01-19,06:03:00,0.362,0.130,244.110,1.600,0.000,0.000,0.0
2010-01-19,06:04:00,0.360,0.134,245.260,1.600,0.000,0.000,1.0
2010-01-19,06:05:00,0.412,0.184,245.340,2.000,0.000,0.000,1.0
2010-01-19,06:06:00,0.434,0.246,245.760,2.000,0.000,0.000,0.0
2010-01-19,06:07:00,0.434,0.246,245.790,2.000,0.000,0.000,1.0
2010-01-19,06:08:00,0.432,0.246,245.610,2.000,0.000,0.000,1.0
2010-01-19,06:09:00,0.432,0.248,246.250,2.000,0.000,0.000,0.0
2010-01-19,06:10:00,0.428,0.244,245.490,2.000,0.000,0.000,1.0
2010-01-19,06:11:00,0.424,0.244,245.410,2.000,0.000,0.000,1.0
2010-01-19,06:12:00,0.422,0.242,245.130,2.000,0.000,0.000,0.0
2010-01-19,06:13:00,0.420,0.240,244.820,2.000,0.000,0.000,1.0
2010-01-19,06:14:00,0.418,0.242,245.110,2.000,0.000,0.000,1.0
2010-01-19,06:15:00,0.358,0.152,244.180,1.600,0.000,0.000,0.0
2010-01-19,06:16:00,1.462,0.118,243.740,6.000,0.000,0.000,18.0
2010-01-19,06:17:00,1.394,0.000,244.190,5.600,0.000,0.000,20.0
2010-01-19,06:18:00,1.378,0.000,244.670,5.600,0.000,0.000,19.0
2010-01-19,06:19:00,1.360,0.000,244.000,5.400,0.000,0.000,19.0
2010-01-19,06:20:00,1.348,0.000,243.340,5.400,0.000,0.000,19.0
2010-01-19,06:21:00,1.344,0.000,243.210,5.400,0.000,0.000,19.0
2010-01-19,06:22:00,1.336,0.000,242.500,5.400,0.000,0.000,19.0
2010-01-19,06:23:00,1.346,0.000,243.600,5.400,0.000,0.000,19.0
2010-01-19,06:24:00,1.346,0.000,243.670,5.400,0.000,0.000,19.0
2010-01-19,06:25:00,1.344,0.000,243.490,5.400,0.000,0.000,19.0
2010-01-19,06:26:00,1.342,0.000,243.330,5.400,0.000,0.000,18.0
2010-01-19,06:27:00,1.344,0.000,242.410,5.400,0.000,0.000,19.0
2010-01-19,06:28:00,1.462,0.000,242.740,6.000,0.000,0.000,19.0
2010-01-19,06:29:00,1.464,0.000,241.800,6.000,0.000,0.000,18.0
2010-01-19,06:30:00,1.470,0.000,242.260,6.000,0.000,0.000,19.0
2010-01-19,06:31:00,1.474,0.000,242.620,6.000,0.000,0.000,19.0
2010-01-19,06:32:00,1.476,0.000,242.750,6.000,0.000,0.000,19.0
2010-01-19,06:33:00,1.784,0.000,243.610,7.600,0.000,0.000,18.0
2010-01-19,06:34:00,2.706,0.000,241.880,11.400,0.000,0.000,19.0
2010-01-19,06:35:00,2.152,0.000,242.860,9.000,0.000,0.000,19.0
2010-01-19,06:36:00,3.102,0.000,241.270,13.200,0.000,0.000,18.0
2010-01-19,06:37:00,3.854,0.000,241.040,16.200,0.000,0.000,19.0
2010-01-19,06:38:00,3.104,0.000,242.140,13.200,0.000,0.000,18.0
2010-01-19,06:39:00,2.586,0.048,243.910,11.000,0.000,0.000,19.0
2010-01-19,06:40:00,1.824,0.000,245.230,7.600,0.000,0.000,19.0
2010-01-19,06:41:00,1.500,0.000,243.550,6.000,0.000,0.000,19.0
2010-01-19,06:42:00,1.584,0.108,243.820,6.400,0.000,0.000,19.0
2010-01-19,06:43:00,1.858,0.134,243.230,7.600,0.000,2.000,19.0
2010-01-19,06:44:00,1.764,0.136,243.390,7.200,0.000,1.000,19.0
2010-01-19,06:45:00,1.780,0.180,242.870,7.400,0.000,1.000,18.0
2010-01-19,06:46:00,1.824,0.268,242.080,7.600,0.000,2.000,19.0
2010-01-19,06:47:00,1.814,0.266,241.900,7.600,0.000,1.000,19.0
2010-01-19,06:48:00,1.834,0.264,242.170,7.600,0.000,1.000,18.0
2010-01-19,06:49:00,1.836,0.270,243.270,7.600,0.000,2.000,19.0
2010-01-19,06:50:00,2.050,0.356,242.740,8.600,0.000,1.000,22.0
2010-01-19,06:51:00,2.404,0.490,243.400,10.000,0.000,2.000,28.0
2010-01-19,06:52:00,2.444,0.550,241.820,10.200,0.000,1.000,28.0
2010-01-19,06:53:00,2.464,0.550,241.780,10.400,0.000,1.000,28.0
2010-01-19,06:54:00,2.476,0.548,241.670,10.400,0.000,2.000,28.0
2010-01-19,06:55:00,2.192,0.458,242.130,9.200,0.000,1.000,25.0
2010-01-19,06:56:00,2.162,0.366,242.140,9.000,0.000,2.000,18.0
2010-01-19,06:57:00,2.252,0.356,240.580,9.400,0.000,1.000,19.0
2010-01-19,06:58:00,2.258,0.358,240.860,9.400,0.000,1.000,18.0
2010-01-19,06:59:00,2.250,0.354,240.300,9.400,0.000,2.000,18.0
2010-01-19,07:00:00,2.192,0.262,240.740,9.200,0.000,1.000,19.0
2010-01-19,07:01:00,2.174,0.226,241.430,9.000,0.000,1.000,18.0
2010-01-19,07:02:00,2.160,0.208,241.180,9.000,0.000,2.000,19.0
2010-01-19,07:03:00,2.176,0.116,240.380,9.000,0.000,1.000,18.0
2010-01-19,07:04:00,2.344,0.112,239.800,9.800,0.000,1.000,19.0
2010-01-19,07:05:00,2.380,0.120,241.400,9.800,0.000,2.000,18.0
2010-01-19,07:06:00,2.366,0.116,240.600,9.800,0.000,1.000,18.0
2010-01-19,07:07:00,2.380,0.116,240.940,9.800,0.000,1.000,19.0
2010-01-19,07:08:00,2.362,0.116,240.460,9.800,0.000,1.000,18.0
2010-01-19,07:09:00,2.352,0.116,240.420,9.800,0.000,2.000,19.0
2010-01-19,07:10:00,2.664,0.116,240.040,11.400,0.000,1.000,18.0
2010-01-19,07:11:00,4.520,0.112,237.270,19.200,0.000,1.000,18.0
2010-01-19,07:12:00,5.202,0.106,236.470,22.000,0.000,1.000,18.0
2010-01-19,07:13:00,5.122,0.000,235.600,21.600,0.000,1.000,17.0
2010-01-19,07:14:00,3.794,0.000,235.800,16.000,0.000,0.000,18.0
2010-01-19,07:15:00,3.806,0.000,237.840,16.000,0.000,0.000,18.0
2010-01-19,07:16:00,3.804,0.000,238.350,16.000,0.000,0.000,18.0
2010-01-19,07:17:00,2.438,0.000,239.080,10.200,0.000,0.000,18.0
2010-01-19,07:18:00,2.494,0.000,238.880,10.400,0.000,0.000,19.0
2010-01-19,07:19:00,2.468,0.000,240.980,10.200,0.000,0.000,18.0
2010-01-19,07:20:00,2.422,0.000,240.300,10.000,0.000,0.000,18.0
2010-01-19,07:21:00,2.648,0.000,241.580,11.000,0.000,0.000,19.0
2010-01-19,07:22:00,2.550,0.000,241.020,10.600,0.000,0.000,18.0
2010-01-19,07:23:00,2.434,0.000,240.960,10.000,0.000,0.000,19.0
2010-01-19,07:24:00,2.428,0.000,241.180,10.000,0.000,0.000,18.0
2010-01-19,07:25:00,2.336,0.000,240.240,9.600,0.000,0.000,19.0
2010-01-19,07:26:00,2.774,0.000,239.040,11.600,0.000,0.000,18.0
2010-01-19,07:27:00,2.658,0.052,237.370,11.200,0.000,0.000,18.0
2010-01-19,07:28:00,2.848,0.056,238.390,12.000,0.000,0.000,18.0
2010-01-19,07:29:00,3.212,0.104,237.530,13.400,1.000,0.000,18.0
2010-01-19,07:30:00,3.370,0.088,237.760,14.000,2.000,0.000,18.0
2010-01-19,07:31:00,3.064,0.086,238.500,12.800,1.000,0.000,18.0
2010-01-19,07:32:00,3.398,0.176,238.190,14.200,1.000,0.000,18.0
2010-01-19,07:33:00,3.184,0.088,237.460,13.400,1.000,0.000,18.0
2010-01-19,07:34:00,3.510,0.222,236.540,14.800,1.000,0.000,18.0
2010-01-19,07:35:00,3.564,0.222,237.240,15.000,2.000,0.000,18.0
2010-01-19,07:36:00,3.698,0.220,236.360,15.800,1.000,0.000,17.0
2010-01-19,07:37:00,4.428,0.216,235.490,18.800,1.000,0.000,18.0
2010-01-19,07:38:00,4.444,0.200,235.110,18.800,1.000,0.000,18.0
2010-01-19,07:39:00,2.640,0.232,238.090,11.200,1.000,0.000,18.0
2010-01-19,07:40:00,2.604,0.330,237.920,11.000,1.000,0.000,18.0
2010-01-19,07:41:00,2.592,0.338,237.630,11.000,2.000,0.000,18.0
2010-01-19,07:42:00,2.600,0.336,238.420,11.000,1.000,0.000,18.0
2010-01-19,07:43:00,2.676,0.314,238.930,11.200,1.000,0.000,19.0
2010-01-19,07:44:00,3.066,0.374,238.550,12.800,1.000,0.000,28.0
2010-01-19,07:45:00,3.064,0.358,236.980,13.000,2.000,0.000,27.0
2010-01-19,07:46:00,3.086,0.380,238.140,13.000,1.000,0.000,28.0
2010-01-19,07:47:00,3.016,0.404,237.370,12.800,1.000,0.000,28.0
2010-01-19,07:48:00,3.036,0.386,237.280,12.800,1.000,0.000,27.0
2010-01-19,07:49:00,3.072,0.276,237.690,13.400,5.000,0.000,22.0
2010-01-19,07:50:00,4.604,0.198,235.900,19.400,37.000,0.000,18.0
2010-01-19,07:51:00,4.602,0.200,236.030,19.400,37.000,0.000,18.0
2010-01-19,07:52:00,4.374,0.064,234.910,18.600,37.000,0.000,17.0
2010-01-19,07:53:00,4.628,0.046,235.850,19.600,37.000,0.000,18.0
2010-01-19,07:54:00,4.772,0.046,236.320,20.200,37.000,0.000,18.0
2010-01-19,07:55:00,4.074,0.000,236.770,17.200,37.000,0.000,18.0
2010-01-19,07:56:00,4.030,0.000,235.970,17.000,37.000,0.000,17.0
2010-01-19,07:57:00,4.002,0.000,236.190,16.800,37.000,0.000,18.0
2010-01-19,07:58:00,3.918,0.000,235.860,16.600,37.000,0.000,18.0
2010-01-19,07:59:00,3.944,0.000,236.420,16.600,37.000,0.000,18.0
2010-01-19,08:00:00,3.884,0.000,236.570,16.400,37.000,0.000,17.0
2010-01-19,08:01:00,3.572,0.000,237.350,15.000,37.000,0.000,18.0
2010-01-19,08:02:00,3.494,0.000,236.800,14.600,37.000,0.000,18.0
2010-01-19,08:03:00,2.068,0.000,237.870,9.600,17.000,0.000,18.0
2010-01-19,08:04:00,1.366,0.000,239.600,5.600,1.000,0.000,18.0
2010-01-19,08:05:00,1.352,0.000,238.530,5.600,1.000,0.000,19.0
2010-01-19,08:06:00,1.350,0.000,238.550,5.600,1.000,0.000,18.0
2010-01-19,08:07:00,1.346,0.000,237.800,5.600,2.000,0.000,18.0
2010-01-19,08:08:00,1.360,0.000,238.660,5.600,1.000,0.000,18.0
2010-01-19,08:09:00,1.344,0.000,237.420,5.600,1.000,0.000,18.0
2010-01-19,08:10:00,1.350,0.000,237.920,5.600,1.000,0.000,18.0
2010-01-19,08:11:00,1.448,0.106,236.870,6.000,1.000,0.000,18.0
2010-01-19,08:12:00,1.446,0.112,237.430,6.000,2.000,0.000,18.0
2010-01-19,08:13:00,1.440,0.110,236.780,6.000,1.000,0.000,17.0
2010-01-19,08:14:00,1.432,0.108,236.090,6.000,1.000,0.000,18.0
2010-01-19,08:15:00,1.446,0.114,237.720,6.000,1.000,0.000,18.0
2010-01-19,08:16:00,1.442,0.112,237.630,6.000,1.000,0.000,18.0
2010-01-19,08:17:00,1.442,0.114,238.230,6.000,2.000,0.000,18.0
2010-01-19,08:18:00,1.440,0.112,237.700,6.000,1.000,0.000,18.0
2010-01-19,08:19:00,1.452,0.118,238.950,6.000,1.000,0.000,18.0
2010-01-19,08:20:00,1.448,0.116,238.410,6.000,1.000,0.000,18.0
2010-01-19,08:21:00,1.450,0.118,238.870,6.000,1.000,0.000,18.0
2010-01-19,08:22:00,1.436,0.114,237.810,6.000,2.000,0.000,18.0
2010-01-19,08:23:00,1.426,0.112,237.410,6.000,1.000,0.000,18.0
2010-01-19,08:24:00,1.438,0.112,237.660,6.000,1.000,0.000,18.0
2010-01-19,08:25:00,1.438,0.114,237.960,6.000,1.000,0.000,18.0
2010-01-19,08:26:00,1.400,0.000,239.430,5.800,1.000,0.000,19.0
2010-01-19,08:27:00,1.366,0.000,239.970,5.600,1.000,0.000,18.0
2010-01-19,08:28:00,1.368,0.000,240.390,5.600,2.000,0.000,18.0
2010-01-19,08:29:00,1.362,0.000,239.910,5.600,1.000,0.000,19.0
2010-01-19,08:30:00,1.462,0.078,241.220,6.000,1.000,0.000,18.0
2010-01-19,08:31:00,1.460,0.098,241.600,6.000,1.000,0.000,19.0
2010-01-19,08:32:00,1.468,0.098,242.110,6.000,1.000,0.000,18.0
2010-01-19,08:33:00,1.464,0.100,242.160,6.000,2.000,0.000,19.0
2010-01-19,08:34:00,1.458,0.098,241.870,6.000,1.000,0.000,19.0
2010-01-19,08:35:00,1.502,0.094,241.180,6.200,1.000,0.000,18.0
2010-01-19,08:36:00,1.728,0.088,239.890,7.200,1.000,0.000,18.0
2010-01-19,08:37:00,1.736,0.090,240.720,7.200,1.000,0.000,19.0
2010-01-19,08:38:00,1.730,0.088,240.290,7.200,2.000,0.000,18.0
2010-01-19,08:39:00,1.734,0.092,241.110,7.200,1.000,0.000,19.0
2010-01-19,08:40:00,1.726,0.090,240.590,7.000,1.000,0.000,18.0
2010-01-19,08:41:00,1.740,0.092,241.290,7.200,1.000,0.000,19.0
2010-01-19,08:42:00,1.680,0.000,240.800,6.800,1.000,0.000,18.0
2010-01-19,08:43:00,1.668,0.000,240.840,6.800,2.000,0.000,18.0
2010-01-19,08:44:00,1.668,0.000,241.010,6.800,1.000,0.000,19.0
2010-01-19,08:45:00,1.656,0.000,240.070,6.800,1.000,0.000,18.0
2010-01-19,08:46:00,1.660,0.000,240.380,6.800,1.000,0.000,19.0
2010-01-19,08:47:00,1.582,0.000,239.920,6.600,1.000,0.000,18.0
2010-01-19,08:48:00,1.398,0.000,240.310,5.800,2.000,0.000,18.0
2010-01-19,08:49:00,1.366,0.000,239.540,5.600,1.000,0.000,19.0
2010-01-19,08:50:00,1.362,0.000,239.940,5.600,1.000,0.000,18.0
2010-01-19,08:51:00,1.354,0.000,239.070,5.600,1.000,0.000,18.0
2010-01-19,08:52:00,2.656,0.304,238.120,11.600,1.000,0.000,18.0
2010-01-19,08:53:00,2.862,0.356,237.450,12.200,2.000,0.000,18.0
2010-01-19,08:54:00,2.946,0.492,237.940,12.600,1.000,0.000,18.0
2010-01-19,08:55:00,2.890,0.494,237.050,12.400,1.000,0.000,18.0
2010-01-19,08:56:00,2.862,0.496,236.850,12.200,0.000,0.000,18.0
2010-01-19,08:57:00,2.888,0.474,236.930,12.400,1.000,0.000,18.0
2010-01-19,08:58:00,2.904,0.468,236.770,12.400,1.000,0.000,18.0
2010-01-19,08:59:00,2.618,0.396,238.410,11.400,2.000,0.000,18.0
2010-01-19,09:00:00,1.468,0.114,237.840,6.200,1.000,0.000,18.0
2010-01-19,09:01:00,1.442,0.114,237.880,6.000,1.000,0.000,18.0
2010-01-19,09:02:00,1.434,0.114,237.830,6.000,1.000,0.000,18.0
2010-01-19,09:03:00,1.450,0.118,239.130,6.000,1.000,0.000,18.0
2010-01-19,09:04:00,1.464,0.124,240.430,6.000,2.000,0.000,18.0
2010-01-19,09:05:00,1.436,0.162,240.610,6.000,0.000,0.000,19.0
2010-01-19,09:06:00,1.426,0.148,239.520,6.000,1.000,0.000,18.0
2010-01-19,09:07:00,1.430,0.140,239.640,6.000,1.000,0.000,18.0
2010-01-19,09:08:00,1.752,0.128,240.030,7.800,2.000,0.000,19.0
2010-01-19,09:09:00,3.584,0.000,237.960,15.000,38.000,0.000,18.0
2010-01-19,09:10:00,3.594,0.000,240.320,14.800,38.000,0.000,18.0
2010-01-19,09:11:00,3.594,0.000,240.170,14.800,38.000,0.000,18.0
2010-01-19,09:12:00,3.620,0.000,241.150,15.000,38.000,0.000,19.0
2010-01-19,09:13:00,3.596,0.000,240.370,14.800,39.000,0.000,18.0
2010-01-19,09:14:00,3.606,0.000,240.930,14.800,38.000,0.000,19.0
2010-01-19,09:15:00,3.584,0.000,240.420,14.800,38.000,0.000,18.0
2010-01-19,09:16:00,3.610,0.000,241.070,14.800,38.000,0.000,18.0
2010-01-19,09:17:00,3.624,0.000,241.320,15.000,38.000,0.000,19.0
2010-01-19,09:18:00,3.596,0.000,240.730,14.800,39.000,0.000,18.0
2010-01-19,09:19:00,3.596,0.000,240.880,14.800,38.000,0.000,19.0
2010-01-19,09:20:00,3.646,0.000,240.400,15.000,38.000,0.000,18.0
2010-01-19,09:21:00,3.682,0.082,241.240,15.200,38.000,0.000,19.0
2010-01-19,09:22:00,3.656,0.078,240.450,15.200,38.000,0.000,18.0
2010-01-19,09:23:00,1.500,0.096,243.390,6.200,4.000,0.000,19.0
2010-01-19,09:24:00,1.402,0.090,242.930,5.600,0.000,0.000,19.0
2010-01-19,09:25:00,1.388,0.088,241.800,5.600,0.000,0.000,18.0
2010-01-19,09:26:00,1.402,0.108,241.270,5.800,0.000,0.000,19.0
2010-01-19,09:27:00,1.416,0.118,242.460,5.800,1.000,0.000,18.0
2010-01-19,09:28:00,1.404,0.094,242.550,5.800,0.000,0.000,19.0
2010-01-19,09:29:00,1.398,0.092,242.570,5.600,0.000,0.000,19.0
2010-01-19,09:30:00,1.394,0.092,242.890,5.600,0.000,0.000,19.0
2010-01-19,09:31:00,1.390,0.090,242.470,5.600,0.000,0.000,18.0
2010-01-19,09:32:00,1.346,0.000,242.070,5.400,0.000,0.000,19.0
2010-01-19,09:33:00,1.322,0.000,241.850,5.400,0.000,0.000,18.0
2010-01-19,09:34:00,1.334,0.000,243.010,5.400,0.000,0.000,19.0
2010-01-19,09:35:00,1.326,0.000,242.690,5.400,0.000,0.000,19.0
2010-01-19,09:36:00,1.368,0.000,243.090,5.600,0.000,0.000,19.0
2010-01-19,09:37:00,1.432,0.118,242.060,5.800,0.000,0.000,18.0
2010-01-19,09:38:00,1.442,0.122,243.020,5.800,0.000,0.000,19.0
2010-01-19,09:39:00,1.436,0.122,242.650,5.800,0.000,0.000,19.0
2010-01-19,09:40:00,1.426,0.118,242.010,5.800,0.000,0.000,18.0
2010-01-19,09:41:00,1.428,0.122,242.970,5.800,0.000,0.000,19.0
2010-01-19,09:42:00,1.434,0.124,243.360,5.800,0.000,0.000,19.0
2010-01-19,09:43:00,1.440,0.126,243.680,5.800,0.000,0.000,19.0
2010-01-19,09:44:00,1.430,0.122,242.830,5.800,0.000,0.000,19.0
2010-01-19,09:45:00,1.436,0.126,243.470,5.800,0.000,0.000,18.0
2010-01-19,09:46:00,1.420,0.122,242.650,5.800,0.000,0.000,19.0
2010-01-19,09:47:00,1.418,0.122,242.600,5.800,0.000,0.000,19.0
2010-01-19,09:48:00,1.420,0.122,242.500,5.800,0.000,0.000,19.0
2010-01-19,09:49:00,1.432,0.126,243.680,5.800,0.000,0.000,18.0
2010-01-19,09:50:00,1.434,0.126,243.550,5.800,0.000,0.000,19.0
2010-01-19,09:51:00,1.416,0.120,242.030,5.800,0.000,0.000,19.0
2010-01-19,09:52:00,1.378,0.058,242.530,5.600,0.000,0.000,19.0
2010-01-19,09:53:00,1.316,0.000,241.280,5.400,0.000,0.000,18.0
2010-01-19,09:54:00,1.306,0.000,241.030,5.400,0.000,0.000,19.0
2010-01-19,09:55:00,1.306,0.000,241.040,5.400,0.000,0.000,18.0
2010-01-19,09:56:00,1.324,0.000,242.110,5.400,0.000,0.000,19.0
2010-01-19,09:57:00,1.344,0.000,241.090,5.400,0.000,0.000,18.0
2010-01-19,09:58:00,1.322,0.000,241.050,5.400,0.000,0.000,19.0
2010-01-19,09:59:00,1.312,0.000,241.160,5.400,0.000,0.000,18.0
2010-01-19,10:00:00,1.310,0.000,241.450,5.400,0.000,0.000,19.0
2010-01-19,10:01:00,1.310,0.000,241.420,5.400,0.000,0.000,18.0
2010-01-19,10:02:00,1.314,0.000,241.790,5.400,0.000,0.000,19.0
2010-01-19,10:03:00,1.326,0.000,242.900,5.400,0.000,0.000,19.0
2010-01-19,10:04:00,1.324,0.000,242.350,5.400,0.000,0.000,18.0
2010-01-19,10:05:00,1.488,0.000,241.880,6.200,0.000,0.000,19.0
2010-01-19,10:06:00,1.776,0.126,242.120,7.400,0.000,0.000,18.0
2010-01-19,10:07:00,1.788,0.126,242.940,7.400,0.000,0.000,19.0
2010-01-19,10:08:00,1.778,0.126,242.280,7.400,0.000,0.000,19.0
2010-01-19,10:09:00,1.898,0.240,242.980,7.800,0.000,0.000,19.0
2010-01-19,10:10:00,1.936,0.358,242.720,8.000,0.000,0.000,18.0
2010-01-19,10:11:00,1.928,0.356,242.250,8.000,0.000,2.000,19.0
2010-01-19,10:12:00,1.818,0.322,242.750,7.600,0.000,1.000,19.0
2010-01-19,10:13:00,1.488,0.218,243.160,6.000,0.000,1.000,19.0
2010-01-19,10:14:00,1.476,0.214,242.490,6.000,0.000,2.000,18.0
2010-01-19,10:15:00,1.468,0.212,241.840,6.000,0.000,1.000,19.0
2010-01-19,10:16:00,1.478,0.216,242.870,6.000,0.000,1.000,19.0
2010-01-19,10:17:00,1.470,0.212,242.120,6.000,0.000,2.000,18.0
2010-01-19,10:18:00,1.466,0.212,241.770,6.000,0.000,1.000,19.0
2010-01-19,10:19:00,1.534,0.284,241.160,6.400,0.000,2.000,18.0
2010-01-19,10:20:00,1.588,0.350,242.300,6.600,0.000,1.000,19.0
2010-01-19,10:21:00,1.550,0.292,242.870,6.400,0.000,1.000,19.0
2010-01-19,10:22:00,1.520,0.248,242.860,6.200,0.000,2.000,18.0
2010-01-19,10:23:00,1.522,0.250,243.250,6.200,0.000,1.000,19.0
2010-01-19,10:24:00,1.520,0.248,243.180,6.200,0.000,2.000,19.0
2010-01-19,10:25:00,1.522,0.250,243.660,6.200,0.000,1.000,19.0
2010-01-19,10:26:00,1.506,0.246,242.890,6.200,0.000,1.000,19.0
2010-01-19,10:27:00,1.522,0.256,244.590,6.200,0.000,2.000,19.0
2010-01-19,10:28:00,1.550,0.254,244.430,6.400,0.000,1.000,19.0
2010-01-19,10:29:00,1.534,0.252,244.020,6.200,0.000,1.000,18.0
2010-01-19,10:30:00,1.622,0.252,244.300,6.600,0.000,2.000,19.0
2010-01-19,10:31:00,2.218,0.656,244.470,9.800,0.000,1.000,19.0
2010-01-19,10:32:00,2.476,0.818,243.750,10.800,0.000,1.000,19.0
2010-01-19,10:33:00,2.474,0.820,243.740,10.800,0.000,1.000,19.0
2010-01-19,10:34:00,2.478,0.822,244.010,10.800,0.000,2.000,19.0
2010-01-19,10:35:00,2.416,0.738,243.180,10.600,0.000,1.000,19.0
2010-01-19,10:36:00,2.468,0.676,242.500,10.800,0.000,1.000,19.0
2010-01-19,10:37:00,2.448,0.670,241.760,10.600,0.000,1.000,18.0
2010-01-19,10:38:00,2.472,0.674,242.940,10.800,0.000,2.000,19.0
2010-01-19,10:39:00,1.712,0.162,243.290,7.200,0.000,1.000,19.0
2010-01-19,10:40:00,1.634,0.108,243.990,6.600,0.000,1.000,19.0
2010-01-19,10:41:00,1.564,0.000,244.030,6.400,0.000,0.000,19.0
2010-01-19,10:42:00,1.562,0.000,243.790,6.400,0.000,0.000,18.0
2010-01-19,10:43:00,1.558,0.000,243.590,6.400,0.000,0.000,19.0
2010-01-19,10:44:00,1.544,0.000,242.440,6.200,0.000,0.000,19.0
2010-01-19,10:45:00,1.550,0.000,242.870,6.200,0.000,0.000,19.0
2010-01-19,10:46:00,1.552,0.000,242.970,6.400,0.000,0.000,19.0
2010-01-19,10:47:00,1.554,0.000,243.180,6.400,0.000,0.000,18.0
2010-01-19,10:48:00,1.562,0.000,243.880,6.400,0.000,0.000,19.0
2010-01-19,10:49:00,1.566,0.000,243.870,6.400,0.000,0.000,19.0
2010-01-19,10:50:00,1.574,0.000,244.200,6.400,0.000,0.000,19.0
2010-01-19,10:51:00,1.562,0.000,243.290,6.400,0.000,0.000,19.0
2010-01-19,10:52:00,1.562,0.000,243.260,6.400,0.000,0.000,19.0
2010-01-19,10:53:00,1.554,0.000,242.620,6.400,0.000,0.000,18.0
2010-01-19,10:54:00,1.558,0.000,242.920,6.400,0.000,0.000,19.0
2010-01-19,10:55:00,1.550,0.000,242.680,6.400,0.000,0.000,19.0
2010-01-19,10:56:00,1.540,0.000,242.060,6.200,0.000,0.000,19.0
2010-01-19,10:57:00,1.538,0.000,241.940,6.200,0.000,0.000,18.0
2010-01-19,10:58:00,1.614,0.056,242.160,6.600,0.000,0.000,19.0
2010-01-19,10:59:00,1.630,0.088,243.250,6.600,0.000,0.000,19.0
2010-01-19,11:00:00,1.628,0.088,243.060,6.600,0.000,0.000,18.0
2010-01-19,11:01:00,1.638,0.090,243.850,6.600,0.000,0.000,19.0
2010-01-19,11:02:00,1.670,0.134,242.420,6.800,0.000,0.000,19.0
2010-01-19,11:03:00,1.726,0.222,242.410,7.000,0.000,0.000,19.0
2010-01-19,11:04:00,1.730,0.224,242.690,7.200,0.000,0.000,18.0
2010-01-19,11:05:00,1.740,0.228,243.480,7.200,0.000,0.000,19.0
2010-01-19,11:06:00,1.734,0.228,243.230,7.200,0.000,0.000,19.0
2010-01-19,11:07:00,1.718,0.222,242.230,7.000,0.000,0.000,19.0
2010-01-19,11:08:00,1.724,0.224,242.810,7.000,0.000,0.000,18.0
2010-01-19,11:09:00,1.726,0.226,242.990,7.000,0.000,0.000,19.0
2010-01-19,11:10:00,1.676,0.146,243.300,6.800,0.000,0.000,19.0
2010-01-19,11:11:00,1.660,0.118,242.460,6.800,0.000,0.000,19.0
2010-01-19,11:12:00,1.760,0.116,242.680,7.200,0.000,0.000,18.0
2010-01-19,11:13:00,1.736,0.114,241.900,7.200,0.000,0.000,19.0
2010-01-19,11:14:00,1.644,0.118,242.720,6.800,0.000,0.000,19.0
2010-01-19,11:15:00,1.634,0.116,242.070,6.600,0.000,0.000,18.0
2010-01-19,11:16:00,1.566,0.118,242.480,6.400,0.000,0.000,19.0
2010-01-19,11:17:00,1.524,0.118,242.370,6.200,0.000,0.000,19.0
2010-01-19,11:18:00,1.488,0.062,242.650,6.000,0.000,0.000,18.0
2010-01-19,11:19:00,1.450,0.000,243.690,5.800,0.000,0.000,19.0
2010-01-19,11:20:00,1.444,0.000,242.810,5.800,0.000,0.000,19.0
2010-01-19,11:21:00,1.440,0.000,242.520,5.800,0.000,0.000,19.0
2010-01-19,11:22:00,1.434,0.000,241.910,5.800,0.000,0.000,18.0
2010-01-19,11:23:00,1.438,0.000,242.370,5.800,0.000,0.000,19.0
2010-01-19,11:24:00,1.436,0.000,242.210,5.800,0.000,0.000,19.0
2010-01-19,11:25:00,1.440,0.000,242.560,5.800,0.000,0.000,18.0
2010-01-19,11:26:00,1.440,0.000,242.550,5.800,0.000,0.000,19.0
2010-01-19,11:27:00,1.440,0.000,242.460,5.800,0.000,0.000,19.0
2010-01-19,11:28:00,1.426,0.000,241.390,5.800,0.000,0.000,18.0
2010-01-19,11:29:00,1.430,0.000,241.670,5.800,0.000,0.000,19.0
2010-01-19,11:30:00,1.426,0.000,241.910,5.800,0.000,0.000,18.0
2010-01-19,11:31:00,1.424,0.000,241.760,5.800,0.000,0.000,19.0
2010-01-19,11:32:00,1.630,0.058,242.110,6.800,0.000,0.000,21.0
2010-01-19,11:33:00,1.962,0.164,241.170,8.000,0.000,0.000,28.0
2010-01-19,11:34:00,1.994,0.166,241.530,8.200,0.000,0.000,28.0
2010-01-19,11:35:00,2.018,0.164,241.390,8.400,0.000,0.000,28.0
2010-01-19,11:36:00,2.030,0.166,241.720,8.400,0.000,0.000,29.0
2010-01-19,11:37:00,1.870,0.116,242.270,7.800,0.000,0.000,26.0
2010-01-19,11:38:00,1.446,0.000,243.040,5.800,0.000,0.000,19.0
2010-01-19,11:39:00,1.448,0.000,243.310,5.800,0.000,0.000,19.0
2010-01-19,11:40:00,1.446,0.000,243.010,5.800,0.000,0.000,19.0
2010-01-19,11:41:00,1.440,0.000,242.590,5.800,0.000,0.000,18.0
2010-01-19,11:42:00,1.430,0.000,241.660,5.800,0.000,0.000,19.0
2010-01-19,11:43:00,1.426,0.000,241.630,5.800,0.000,0.000,18.0
2010-01-19,11:44:00,1.432,0.000,242.480,5.800,0.000,0.000,19.0
2010-01-19,11:45:00,1.486,0.000,242.200,6.000,0.000,0.000,19.0
2010-01-19,11:46:00,1.538,0.118,242.110,6.200,0.000,0.000,18.0
2010-01-19,11:47:00,1.568,0.152,241.200,6.400,0.000,0.000,19.0
2010-01-19,11:48:00,1.602,0.220,241.620,6.600,0.000,0.000,18.0
2010-01-19,11:49:00,1.600,0.218,241.160,6.600,0.000,0.000,19.0
2010-01-19,11:50:00,1.602,0.218,241.190,6.600,0.000,0.000,18.0
2010-01-19,11:51:00,1.604,0.222,241.600,6.600,0.000,0.000,19.0
2010-01-19,11:52:00,1.600,0.220,241.450,6.600,0.000,0.000,19.0
2010-01-19,11:53:00,1.596,0.220,241.270,6.600,0.000,0.000,18.0
2010-01-19,11:54:00,1.592,0.218,241.170,6.600,0.000,0.000,19.0
2010-01-19,11:55:00,1.604,0.224,242.360,6.600,0.000,0.000,18.0
2010-01-19,11:56:00,1.598,0.224,242.260,6.600,0.000,0.000,19.0
2010-01-19,11:57:00,1.604,0.228,243.110,6.600,0.000,0.000,19.0
2010-01-19,11:58:00,1.602,0.228,242.980,6.600,0.000,0.000,18.0
2010-01-19,11:59:00,1.614,0.232,244.030,6.600,0.000,0.000,19.0
2010-01-19,12:00:00,1.570,0.178,243.260,6.400,0.000,0.000,19.0
2010-01-19,12:01:00,1.496,0.054,244.000,6.000,0.000,0.000,19.0
2010-01-19,12:02:00,1.434,0.000,242.630,5.800,0.000,0.000,19.0
2010-01-19,12:03:00,1.452,0.000,243.290,5.800,0.000,0.000,19.0
2010-01-19,12:04:00,1.438,0.000,242.680,5.800,0.000,0.000,18.0
2010-01-19,12:05:00,1.558,0.000,243.170,6.400,0.000,0.000,19.0
2010-01-19,12:06:00,1.966,0.000,242.030,8.000,0.000,0.000,19.0
2010-01-19,12:07:00,1.754,0.000,241.240,7.200,0.000,0.000,18.0
2010-01-19,12:08:00,1.620,0.000,241.550,6.600,0.000,0.000,19.0
2010-01-19,12:09:00,1.466,0.000,241.690,6.000,0.000,0.000,18.0
2010-01-19,12:10:00,1.430,0.000,242.380,5.800,0.000,0.000,19.0
2010-01-19,12:11:00,1.310,0.000,241.240,5.400,0.000,0.000,19.0
2010-01-19,12:12:00,1.314,0.000,241.850,5.400,0.000,0.000,18.0
2010-01-19,12:13:00,2.152,0.084,242.240,9.000,0.000,0.000,19.0
2010-01-19,12:14:00,1.910,0.000,242.320,7.800,0.000,0.000,18.0
2010-01-19,12:15:00,1.900,0.000,241.360,7.800,0.000,0.000,19.0
2010-01-19,12:16:00,1.910,0.000,241.900,7.800,0.000,0.000,19.0
2010-01-19,12:17:00,2.016,0.050,242.630,8.200,0.000,0.000,18.0
2010-01-19,12:18:00,2.076,0.060,241.980,8.600,0.000,0.000,19.0
2010-01-19,12:19:00,2.092,0.060,242.320,8.600,0.000,0.000,19.0
2010-01-19,12:20:00,2.090,0.060,242.130,8.600,0.000,0.000,18.0
2010-01-19,12:21:00,2.098,0.058,243.000,8.600,0.000,0.000,19.0
2010-01-19,12:22:00,2.064,0.060,242.180,8.400,0.000,0.000,19.0
2010-01-19,12:23:00,2.120,0.060,241.270,8.800,0.000,0.000,18.0
2010-01-19,12:24:00,2.062,0.060,241.810,8.400,0.000,0.000,19.0
2010-01-19,12:25:00,2.080,0.058,242.930,8.400,0.000,0.000,18.0
2010-01-19,12:26:00,2.084,0.058,243.000,8.600,0.000,0.000,19.0
2010-01-19,12:27:00,2.074,0.062,241.780,8.600,0.000,0.000,19.0
2010-01-19,12:28:00,2.152,0.000,241.690,8.800,0.000,0.000,18.0
2010-01-19,12:29:00,2.188,0.074,242.300,9.000,0.000,0.000,19.0
2010-01-19,12:30:00,1.988,0.112,243.450,8.200,0.000,0.000,19.0
2010-01-19,12:31:00,1.610,0.204,242.870,6.600,0.000,0.000,19.0
2010-01-19,12:32:00,1.586,0.194,240.980,6.600,0.000,0.000,18.0
2010-01-19,12:33:00,1.582,0.194,240.700,6.600,0.000,0.000,18.0
2010-01-19,12:34:00,1.586,0.196,241.340,6.600,0.000,0.000,19.0
2010-01-19,12:35:00,2.052,0.336,241.450,9.200,0.000,0.000,19.0
2010-01-19,12:36:00,1.978,0.288,240.900,8.800,0.000,0.000,18.0
2010-01-19,12:37:00,1.586,0.200,241.950,6.600,0.000,0.000,19.0
2010-01-19,12:38:00,1.588,0.202,242.210,6.600,0.000,0.000,18.0
2010-01-19,12:39:00,1.598,0.206,243.240,6.600,0.000,0.000,19.0
2010-01-19,12:40:00,1.588,0.204,242.460,6.600,0.000,0.000,19.0
2010-01-19,12:41:00,1.600,0.206,242.870,6.600,0.000,0.000,18.0
2010-01-19,12:42:00,1.596,0.204,242.540,6.600,0.000,0.000,19.0
2010-01-19,12:43:00,1.586,0.202,241.970,6.600,0.000,0.000,19.0
2010-01-19,12:44:00,1.556,0.154,242.170,6.400,0.000,0.000,18.0
2010-01-19,12:45:00,1.492,0.066,241.920,6.200,0.000,0.000,19.0
2010-01-19,12:46:00,1.500,0.068,242.630,6.200,0.000,0.000,19.0
2010-01-19,12:47:00,1.434,0.000,241.480,5.800,0.000,0.000,18.0
2010-01-19,12:48:00,1.410,0.000,241.240,5.800,0.000,0.000,19.0
2010-01-19,12:49:00,1.432,0.000,242.720,5.800,0.000,0.000,19.0
2010-01-19,12:50:00,1.480,0.000,244.840,6.000,0.000,0.000,19.0
2010-01-19,12:51:00,1.450,0.000,244.810,5.800,0.000,0.000,19.0
2010-01-19,12:52:00,2.384,0.222,242.810,10.600,0.000,0.000,18.0
2010-01-19,12:53:00,3.006,0.326,241.640,12.600,0.000,0.000,19.0
2010-01-19,12:54:00,1.742,0.000,242.600,7.600,0.000,0.000,19.0
2010-01-19,12:55:00,1.440,0.000,243.480,5.800,0.000,0.000,18.0
2010-01-19,12:56:00,1.438,0.000,243.060,5.800,0.000,0.000,19.0
2010-01-19,12:57:00,1.422,0.000,241.740,5.800,0.000,0.000,19.0
2010-01-19,12:58:00,1.428,0.000,242.270,5.800,0.000,0.000,18.0
2010-01-19,12:59:00,1.440,0.000,243.350,5.800,0.000,0.000,19.0
2010-01-19,13:00:00,1.446,0.000,243.920,5.800,0.000,0.000,19.0
2010-01-19,13:01:00,1.438,0.000,243.190,5.800,0.000,0.000,19.0
2010-01-19,13:02:00,1.438,0.000,243.200,5.800,0.000,0.000,19.0
2010-01-19,13:03:00,1.432,0.000,242.770,5.800,0.000,0.000,19.0
2010-01-19,13:04:00,1.430,0.000,242.580,5.800,0.000,0.000,18.0
2010-01-19,13:05:00,1.432,0.000,242.530,5.800,0.000,0.000,19.0
2010-01-19,13:06:00,1.434,0.000,242.720,5.800,0.000,0.000,19.0
2010-01-19,13:07:00,1.436,0.000,243.030,5.800,0.000,0.000,18.0
2010-01-19,13:08:00,1.430,0.000,242.590,5.800,0.000,0.000,19.0
2010-01-19,13:09:00,1.436,0.000,243.050,5.800,0.000,0.000,19.0
2010-01-19,13:10:00,1.426,0.000,242.210,5.800,0.000,0.000,19.0
2010-01-19,13:11:00,1.516,0.060,242.080,6.200,0.000,0.000,18.0
2010-01-19,13:12:00,1.562,0.116,241.610,6.400,0.000,0.000,19.0
2010-01-19,13:13:00,1.622,0.204,242.200,6.600,0.000,0.000,18.0
2010-01-19,13:14:00,1.618,0.208,243.120,6.600,0.000,0.000,19.0
2010-01-19,13:15:00,1.610,0.204,242.700,6.600,0.000,0.000,19.0
2010-01-19,13:16:00,1.616,0.208,243.300,6.600,0.000,0.000,19.0
2010-01-19,13:17:00,1.594,0.200,241.670,6.600,0.000,0.000,18.0
2010-01-19,13:18:00,1.584,0.198,241.020,6.600,0.000,0.000,19.0
2010-01-19,13:19:00,1.588,0.202,241.700,6.600,0.000,0.000,18.0
2010-01-19,13:20:00,1.592,0.202,242.140,6.600,0.000,0.000,19.0
2010-01-19,13:21:00,1.592,0.204,242.210,6.600,0.000,0.000,19.0
2010-01-19,13:22:00,2.470,0.202,240.740,10.600,0.000,0.000,18.0
2010-01-19,13:23:00,2.138,0.222,241.630,9.200,0.000,0.000,19.0
2010-01-19,13:24:00,1.576,0.198,241.210,6.600,0.000,0.000,18.0
2010-01-19,13:25:00,1.580,0.202,242.150,6.600,0.000,0.000,19.0
2010-01-19,13:26:00,1.574,0.200,241.600,6.400,0.000,0.000,18.0
2010-01-19,13:27:00,1.586,0.204,242.180,6.600,0.000,0.000,19.0
2010-01-19,13:28:00,1.498,0.074,242.270,6.200,0.000,0.000,19.0
2010-01-19,13:29:00,1.490,0.066,241.890,6.000,0.000,0.000,18.0
2010-01-19,13:30:00,1.496,0.068,242.790,6.000,0.000,0.000,19.0
2010-01-19,13:31:00,1.524,0.070,243.140,6.200,0.000,0.000,19.0
2010-01-19,13:32:00,1.496,0.070,242.940,6.000,0.000,0.000,19.0
2010-01-19,13:33:00,1.580,0.184,241.820,6.600,0.000,0.000,18.0
2010-01-19,13:34:00,1.562,0.170,242.390,6.400,0.000,2.000,19.0
2010-01-19,13:35:00,1.508,0.088,242.420,6.200,0.000,1.000,18.0
2010-01-19,13:36:00,1.494,0.084,241.670,6.200,0.000,1.000,19.0
2010-01-19,13:37:00,1.506,0.088,242.750,6.200,0.000,2.000,19.0
2010-01-19,13:38:00,1.510,0.088,242.540,6.200,0.000,1.000,18.0
2010-01-19,13:39:00,1.518,0.090,243.260,6.200,0.000,2.000,19.0
2010-01-19,13:40:00,1.510,0.088,242.770,6.200,0.000,1.000,19.0
2010-01-19,13:41:00,1.514,0.090,243.370,6.200,0.000,1.000,19.0
2010-01-19,13:42:00,1.506,0.088,242.770,6.200,0.000,2.000,19.0
2010-01-19,13:43:00,1.512,0.088,243.210,6.200,0.000,1.000,18.0
2010-01-19,13:44:00,1.514,0.090,243.340,6.200,0.000,2.000,19.0
2010-01-19,13:45:00,1.504,0.086,242.580,6.200,0.000,1.000,19.0
2010-01-19,13:46:00,1.510,0.088,243.170,6.200,0.000,1.000,19.0
2010-01-19,13:47:00,1.502,0.086,242.500,6.200,0.000,2.000,18.0
2010-01-19,13:48:00,1.504,0.086,242.600,6.200,0.000,1.000,19.0
2010-01-19,13:49:00,1.492,0.082,241.740,6.200,0.000,1.000,19.0
2010-01-19,13:50:00,1.508,0.088,243.110,6.200,0.000,2.000,18.0
2010-01-19,13:51:00,1.500,0.086,242.470,6.200,0.000,1.000,19.0
2010-01-19,13:52:00,1.486,0.082,241.480,6.000,0.000,1.000,19.0
2010-01-19,13:53:00,1.492,0.084,241.930,6.000,0.000,2.000,18.0
2010-01-19,13:54:00,1.588,0.188,242.380,6.600,0.000,1.000,19.0
2010-01-19,13:55:00,1.604,0.224,242.370,6.600,0.000,1.000,19.0
2010-01-19,13:56:00,1.584,0.216,240.920,6.600,0.000,2.000,18.0
2010-01-19,13:57:00,1.578,0.214,240.670,6.600,0.000,1.000,18.0
2010-01-19,13:58:00,1.586,0.218,241.540,6.600,0.000,1.000,19.0
2010-01-19,13:59:00,1.582,0.218,241.350,6.600,0.000,1.000,18.0
2010-01-19,14:00:00,1.592,0.224,242.350,6.600,0.000,1.000,19.0
2010-01-19,14:01:00,1.596,0.226,242.950,6.600,0.000,2.000,19.0
2010-01-19,14:02:00,1.588,0.224,242.320,6.600,0.000,1.000,19.0
2010-01-19,14:03:00,1.590,0.224,242.630,6.600,0.000,1.000,18.0
2010-01-19,14:04:00,1.544,0.114,244.630,6.200,0.000,0.000,19.0
2010-01-19,14:05:00,1.540,0.108,244.460,6.200,0.000,0.000,19.0
2010-01-19,14:06:00,1.544,0.112,244.900,6.200,0.000,0.000,19.0
2010-01-19,14:07:00,1.552,0.114,245.700,6.200,0.000,0.000,19.0
2010-01-19,14:08:00,1.538,0.110,244.480,6.200,0.000,0.000,19.0
2010-01-19,14:09:00,1.596,0.158,245.220,6.400,0.000,0.000,19.0
2010-01-19,14:10:00,1.598,0.194,244.510,6.600,0.000,0.000,19.0
2010-01-19,14:11:00,1.520,0.076,244.440,6.200,0.000,0.000,19.0
2010-01-19,14:12:00,1.518,0.076,244.330,6.200,0.000,0.000,19.0
2010-01-19,14:13:00,1.522,0.078,244.800,6.200,0.000,0.000,19.0
2010-01-19,14:14:00,1.536,0.082,246.050,6.200,0.000,0.000,20.0
2010-01-19,14:15:00,1.528,0.080,245.540,6.200,0.000,0.000,19.0
2010-01-19,14:16:00,1.530,0.080,245.710,6.200,0.000,0.000,19.0
2010-01-19,14:17:00,1.522,0.078,245.090,6.200,0.000,0.000,19.0
2010-01-19,14:18:00,1.524,0.078,245.380,6.200,0.000,0.000,19.0
2010-01-19,14:19:00,2.144,0.054,245.020,8.800,0.000,0.000,19.0
2010-01-19,14:20:00,1.912,0.064,245.010,7.800,0.000,0.000,19.0
2010-01-19,14:21:00,1.528,0.082,245.740,6.200,0.000,0.000,19.0
2010-01-19,14:22:00,1.528,0.082,245.870,6.200,0.000,0.000,20.0
2010-01-19,14:23:00,1.526,0.066,246.820,6.200,0.000,0.000,19.0
2010-01-19,14:24:00,1.464,0.000,246.330,5.800,0.000,0.000,19.0
2010-01-19,14:25:00,1.472,0.000,246.960,5.800,0.000,0.000,20.0
2010-01-19,14:26:00,1.464,0.000,246.380,5.800,0.000,0.000,19.0
2010-01-19,14:27:00,1.458,0.000,245.860,5.800,0.000,0.000,19.0
2010-01-19,14:28:00,1.456,0.000,245.710,5.800,0.000,0.000,19.0
2010-01-19,14:29:00,1.464,0.000,246.510,5.800,0.000,0.000,20.0
2010-01-19,14:30:00,1.472,0.000,247.270,5.800,0.000,0.000,19.0
2010-01-19,14:31:00,1.466,0.000,246.680,5.800,0.000,0.000,19.0
2010-01-19,14:32:00,1.480,0.000,247.990,6.000,0.000,0.000,20.0
2010-01-19,14:33:00,1.756,0.000,247.120,7.000,0.000,0.000,19.0
2010-01-19,14:34:00,1.770,0.000,246.950,7.200,0.000,0.000,20.0
2010-01-19,14:35:00,1.764,0.000,246.510,7.000,0.000,0.000,19.0
2010-01-19,14:36:00,1.522,0.000,246.940,6.200,0.000,0.000,19.0
2010-01-19,14:37:00,1.534,0.052,247.350,6.200,0.000,0.000,20.0
2010-01-19,14:38:00,1.576,0.122,247.220,6.400,0.000,0.000,19.0
2010-01-19,14:39:00,1.590,0.130,248.690,6.400,0.000,0.000,20.0
2010-01-19,14:40:00,1.574,0.124,247.520,6.400,0.000,0.000,19.0
2010-01-19,14:41:00,1.578,0.126,248.030,6.400,0.000,0.000,20.0
2010-01-19,14:42:00,1.560,0.118,246.520,6.200,0.000,0.000,19.0
2010-01-19,14:43:00,1.666,0.114,246.210,6.800,0.000,0.000,19.0
2010-01-19,14:44:00,2.080,0.124,246.320,8.400,0.000,0.000,20.0
2010-01-19,14:45:00,2.080,0.124,246.580,8.400,0.000,0.000,19.0
2010-01-19,14:46:00,2.080,0.126,246.760,8.400,0.000,0.000,19.0
2010-01-19,14:47:00,2.074,0.124,246.430,8.400,0.000,0.000,19.0
2010-01-19,14:48:00,2.086,0.132,247.640,8.400,0.000,0.000,20.0
2010-01-19,14:49:00,2.082,0.136,247.700,8.400,0.000,0.000,19.0
2010-01-19,14:50:00,2.082,0.136,247.820,8.400,0.000,0.000,20.0
2010-01-19,14:51:00,2.132,0.112,247.590,8.600,0.000,0.000,19.0
2010-01-19,14:52:00,2.120,0.094,246.020,8.600,0.000,0.000,20.0
2010-01-19,14:53:00,2.064,0.000,245.630,8.400,0.000,0.000,19.0
2010-01-19,14:54:00,2.008,0.048,245.130,8.200,0.000,0.000,19.0
2010-01-19,14:55:00,2.010,0.048,245.110,8.200,0.000,0.000,19.0
2010-01-19,14:56:00,2.006,0.050,244.690,8.200,0.000,0.000,19.0
2010-01-19,14:57:00,2.026,0.046,246.050,8.200,0.000,0.000,19.0
2010-01-19,14:58:00,2.088,0.000,245.320,8.400,0.000,0.000,19.0
2010-01-19,14:59:00,2.092,0.058,245.440,8.400,0.000,0.000,19.0
2010-01-19,15:00:00,2.086,0.058,245.100,8.400,0.000,0.000,19.0
2010-01-19,15:01:00,2.096,0.060,245.770,8.400,0.000,0.000,20.0
2010-01-19,15:02:00,2.098,0.060,245.940,8.400,0.000,0.000,19.0
2010-01-19,15:03:00,2.088,0.058,245.360,8.400,0.000,0.000,19.0
2010-01-19,15:04:00,2.098,0.060,246.210,8.400,0.000,0.000,19.0
2010-01-19,15:05:00,2.078,0.058,245.100,8.400,0.000,0.000,19.0
2010-01-19,15:06:00,2.084,0.060,245.560,8.400,0.000,0.000,19.0
2010-01-19,15:07:00,2.072,0.056,244.700,8.400,0.000,0.000,19.0
2010-01-19,15:08:00,2.080,0.058,245.350,8.400,0.000,0.000,20.0
2010-01-19,15:09:00,2.084,0.058,245.570,8.400,0.000,0.000,19.0
2010-01-19,15:10:00,2.100,0.062,246.760,8.400,0.000,0.000,19.0
2010-01-19,15:11:00,2.074,0.000,247.400,8.400,0.000,0.000,19.0
2010-01-19,15:12:00,2.016,0.048,245.820,8.200,0.000,0.000,20.0
2010-01-19,15:13:00,2.018,0.000,246.460,8.200,0.000,0.000,19.0
2010-01-19,15:14:00,2.028,0.046,246.460,8.200,0.000,0.000,19.0
2010-01-19,15:15:00,2.038,0.046,247.230,8.200,0.000,0.000,20.0
2010-01-19,15:16:00,2.038,0.046,247.150,8.200,0.000,0.000,19.0
2010-01-19,15:17:00,2.042,0.000,247.400,8.200,0.000,0.000,19.0
2010-01-19,15:18:00,2.036,0.000,247.120,8.200,0.000,0.000,20.0
2010-01-19,15:19:00,2.034,0.000,247.020,8.200,0.000,0.000,19.0
2010-01-19,15:20:00,2.084,0.000,247.310,8.400,0.000,0.000,20.0
2010-01-19,15:21:00,2.130,0.094,246.200,8.600,0.000,0.000,19.0
2010-01-19,15:22:00,2.122,0.094,245.970,8.600,0.000,0.000,19.0
2010-01-19,15:23:00,2.114,0.092,245.570,8.600,0.000,0.000,19.0
2010-01-19,15:24:00,2.124,0.094,246.330,8.600,0.000,0.000,19.0
2010-01-19,15:25:00,2.116,0.094,246.040,8.600,0.000,0.000,20.0
2010-01-19,15:26:00,2.102,0.092,245.510,8.400,0.000,0.000,19.0
2010-01-19,15:27:00,2.104,0.092,245.690,8.400,0.000,0.000,19.0
2010-01-19,15:28:00,2.092,0.090,244.970,8.400,0.000,0.000,19.0
2010-01-19,15:29:00,2.104,0.092,245.830,8.400,0.000,0.000,19.0
2010-01-19,15:30:00,2.114,0.094,246.460,8.600,0.000,0.000,20.0
2010-01-19,15:31:00,2.108,0.094,245.960,8.400,0.000,0.000,19.0
2010-01-19,15:32:00,2.100,0.092,245.380,8.400,0.000,0.000,19.0
2010-01-19,15:33:00,2.100,0.092,245.460,8.400,0.000,0.000,19.0
2010-01-19,15:34:00,2.100,0.094,245.820,8.400,0.000,0.000,19.0
2010-01-19,15:35:00,2.100,0.096,246.120,8.400,0.000,0.000,19.0
2010-01-19,15:36:00,2.076,0.060,245.940,8.400,0.000,0.000,20.0
2010-01-19,15:37:00,2.000,0.048,245.450,8.000,0.000,0.000,19.0
2010-01-19,15:38:00,1.994,0.048,245.170,8.000,0.000,0.000,19.0
2010-01-19,15:39:00,1.980,0.050,244.200,8.000,0.000,0.000,19.0
2010-01-19,15:40:00,1.990,0.048,244.990,8.000,0.000,0.000,19.0
2010-01-19,15:41:00,1.988,0.048,244.850,8.000,0.000,0.000,19.0
2010-01-19,15:42:00,1.988,0.048,244.960,8.000,0.000,0.000,19.0
2010-01-19,15:43:00,2.004,0.046,245.960,8.000,0.000,0.000,19.0
2010-01-19,15:44:00,2.000,0.046,245.510,8.000,0.000,0.000,19.0
2010-01-19,15:45:00,2.012,0.000,246.490,8.000,0.000,0.000,20.0
2010-01-19,15:46:00,2.060,0.000,245.700,8.400,0.000,0.000,19.0
2010-01-19,15:47:00,2.052,0.056,244.030,8.400,0.000,0.000,19.0
2010-01-19,15:48:00,2.036,0.052,242.980,8.400,0.000,0.000,19.0
2010-01-19,15:49:00,2.044,0.054,243.470,8.400,0.000,0.000,18.0
2010-01-19,15:50:00,2.026,0.050,242.320,8.200,0.000,0.000,19.0
2010-01-19,15:51:00,2.026,0.052,242.590,8.200,0.000,0.000,19.0
2010-01-19,15:52:00,2.022,0.058,243.010,8.200,0.000,0.000,19.0
2010-01-19,15:53:00,2.028,0.052,242.710,8.200,0.000,0.000,18.0
2010-01-19,15:54:00,2.038,0.054,243.550,8.200,0.000,0.000,19.0
2010-01-19,15:55:00,2.044,0.052,243.380,8.400,0.000,0.000,19.0
2010-01-19,15:56:00,2.044,0.054,243.790,8.400,0.000,0.000,19.0
2010-01-19,15:57:00,2.032,0.054,243.280,8.200,0.000,0.000,19.0
2010-01-19,15:58:00,2.044,0.056,244.020,8.200,0.000,0.000,18.0
2010-01-19,15:59:00,2.004,0.000,244.790,8.200,0.000,0.000,20.0
2010-01-19,16:00:00,1.986,0.048,244.700,8.000,0.000,0.000,19.0
2010-01-19,16:01:00,1.984,0.048,244.630,8.000,0.000,0.000,19.0
2010-01-19,16:02:00,1.988,0.048,244.970,8.000,0.000,0.000,19.0
2010-01-19,16:03:00,2.054,0.000,244.810,8.400,0.000,0.000,19.0
2010-01-19,16:04:00,2.078,0.092,244.150,8.400,0.000,0.000,19.0
2010-01-19,16:05:00,2.080,0.088,244.220,8.400,0.000,0.000,19.0
2010-01-19,16:06:00,2.080,0.090,244.380,8.400,0.000,0.000,19.0
2010-01-19,16:07:00,2.158,0.086,243.930,8.800,0.000,0.000,18.0
2010-01-19,16:08:00,2.190,0.088,244.350,8.800,0.000,0.000,19.0
2010-01-19,16:09:00,2.186,0.088,244.200,8.800,0.000,0.000,19.0
2010-01-19,16:10:00,2.188,0.090,244.550,8.800,0.000,0.000,19.0
2010-01-19,16:11:00,2.192,0.092,244.740,8.800,0.000,0.000,19.0
2010-01-19,16:12:00,2.194,0.092,244.930,8.800,0.000,0.000,19.0
2010-01-19,16:13:00,2.186,0.090,244.490,8.800,0.000,0.000,19.0
2010-01-19,16:14:00,2.174,0.088,243.870,8.800,0.000,0.000,19.0
2010-01-19,16:15:00,2.194,0.092,245.090,8.800,0.000,0.000,19.0
2010-01-19,16:16:00,2.174,0.088,243.850,8.800,0.000,0.000,19.0
2010-01-19,16:17:00,2.332,0.088,244.540,9.400,0.000,0.000,19.0
2010-01-19,16:18:00,2.214,0.076,244.400,9.000,0.000,0.000,19.0
2010-01-19,16:19:00,2.272,0.000,244.860,9.200,0.000,0.000,19.0
2010-01-19,16:20:00,2.228,0.102,244.360,9.000,0.000,0.000,19.0
2010-01-19,16:21:00,2.230,0.102,244.290,9.000,0.000,0.000,19.0
2010-01-19,16:22:00,2.228,0.102,244.400,9.000,0.000,0.000,19.0
2010-01-19,16:23:00,2.232,0.102,244.280,9.000,0.000,0.000,19.0
2010-01-19,16:24:00,2.242,0.088,243.750,9.200,0.000,0.000,19.0
2010-01-19,16:25:00,2.230,0.088,242.850,9.200,0.000,0.000,19.0
2010-01-19,16:26:00,2.248,0.088,243.660,9.200,0.000,0.000,19.0
2010-01-19,16:27:00,2.250,0.086,243.950,9.200,0.000,0.000,19.0
2010-01-19,16:28:00,2.246,0.086,243.810,9.200,0.000,0.000,18.0
2010-01-19,16:29:00,2.206,0.068,244.050,9.000,0.000,0.000,19.0
2010-01-19,16:30:00,2.126,0.000,243.990,8.600,0.000,0.000,19.0
2010-01-19,16:31:00,2.124,0.000,244.560,8.600,0.000,0.000,19.0
2010-01-19,16:32:00,2.116,0.000,243.040,8.600,0.000,0.000,19.0
2010-01-19,16:33:00,2.130,0.000,243.680,8.600,0.000,0.000,19.0
2010-01-19,16:34:00,2.124,0.000,243.880,8.600,0.000,0.000,19.0
2010-01-19,16:35:00,2.184,0.000,243.400,9.000,0.000,0.000,19.0
2010-01-19,16:36:00,2.196,0.068,243.540,9.000,0.000,0.000,18.0
2010-01-19,16:37:00,2.184,0.068,242.960,9.000,0.000,0.000,19.0
2010-01-19,16:38:00,2.188,0.070,243.360,9.000,0.000,0.000,19.0
2010-01-19,16:39:00,2.184,0.068,243.290,9.000,0.000,0.000,19.0
2010-01-19,16:40:00,2.198,0.068,243.880,9.000,0.000,0.000,19.0
2010-01-19,16:41:00,2.186,0.070,243.470,9.000,0.000,0.000,19.0
2010-01-19,16:42:00,2.168,0.068,242.520,8.800,0.000,0.000,18.0
2010-01-19,16:43:00,2.176,0.068,243.010,8.800,0.000,0.000,19.0
2010-01-19,16:44:00,2.170,0.064,242.350,8.800,0.000,0.000,19.0
2010-01-19,16:45:00,2.186,0.068,243.410,9.000,0.000,0.000,19.0
2010-01-19,16:46:00,2.248,0.136,243.040,9.200,0.000,0.000,18.0
2010-01-19,16:47:00,2.260,0.156,243.700,9.200,0.000,0.000,19.0
2010-01-19,16:48:00,2.212,0.102,243.270,9.000,0.000,0.000,19.0
2010-01-19,16:49:00,2.224,0.106,244.160,9.000,0.000,0.000,19.0
2010-01-19,16:50:00,2.228,0.106,244.480,9.000,0.000,0.000,19.0
2010-01-19,16:51:00,2.224,0.106,244.240,9.000,0.000,0.000,19.0
2010-01-19,16:52:00,2.232,0.108,244.950,9.000,0.000,0.000,19.0
2010-01-19,16:53:00,2.228,0.106,244.810,9.000,0.000,0.000,19.0
2010-01-19,16:54:00,2.232,0.108,245.150,9.000,0.000,0.000,19.0
2010-01-19,16:55:00,2.208,0.102,243.610,9.000,0.000,0.000,19.0
2010-01-19,16:56:00,2.214,0.104,244.120,9.000,0.000,0.000,19.0
2010-01-19,16:57:00,2.208,0.106,243.950,9.000,0.000,0.000,19.0
2010-01-19,16:58:00,2.210,0.108,244.380,9.000,0.000,0.000,19.0
2010-01-19,16:59:00,2.238,0.114,245.900,9.000,0.000,0.000,19.0
2010-01-19,17:00:00,2.218,0.106,244.420,9.000,0.000,0.000,19.0
2010-01-19,17:01:00,2.206,0.104,243.950,9.000,0.000,0.000,19.0
2010-01-19,17:02:00,2.144,0.000,243.540,8.800,0.000,0.000,19.0
2010-01-19,17:03:00,2.180,0.000,244.060,8.800,0.000,0.000,19.0
2010-01-19,17:04:00,2.206,0.094,244.500,9.000,0.000,1.000,19.0
2010-01-19,17:05:00,2.200,0.090,243.760,9.000,0.000,2.000,18.0
2010-01-19,17:06:00,2.204,0.090,243.930,9.000,0.000,1.000,19.0
2010-01-19,17:07:00,2.202,0.086,243.500,9.000,0.000,1.000,19.0
2010-01-19,17:08:00,2.200,0.088,243.780,9.000,0.000,2.000,19.0
2010-01-19,17:09:00,2.178,0.086,242.500,9.000,0.000,1.000,19.0
2010-01-19,17:10:00,2.190,0.084,243.040,9.000,0.000,1.000,19.0
2010-01-19,17:11:00,2.196,0.088,243.750,9.000,0.000,2.000,18.0
2010-01-19,17:12:00,2.190,0.082,242.660,9.000,0.000,1.000,19.0
2010-01-19,17:13:00,2.184,0.084,242.750,9.000,0.000,2.000,19.0
2010-01-19,17:14:00,2.184,0.082,242.690,9.000,0.000,1.000,19.0
2010-01-19,17:15:00,2.190,0.084,242.960,9.000,0.000,1.000,18.0
2010-01-19,17:16:00,2.174,0.082,242.430,8.800,0.000,2.000,19.0
2010-01-19,17:17:00,2.176,0.084,242.600,9.000,0.000,1.000,19.0
2010-01-19,17:18:00,2.172,0.084,242.150,8.800,0.000,2.000,18.0
2010-01-19,17:19:00,2.174,0.086,242.510,8.800,0.000,1.000,19.0
2010-01-19,17:20:00,2.162,0.084,242.030,8.800,0.000,1.000,19.0
2010-01-19,17:21:00,2.154,0.082,241.730,8.800,0.000,2.000,18.0
2010-01-19,17:22:00,2.150,0.082,241.720,8.800,0.000,1.000,19.0
2010-01-19,17:23:00,2.196,0.114,242.040,9.000,0.000,1.000,18.0
2010-01-19,17:24:00,2.236,0.188,242.170,9.200,0.000,2.000,19.0
2010-01-19,17:25:00,2.230,0.186,241.780,9.200,0.000,1.000,19.0
2010-01-19,17:26:00,2.236,0.188,242.290,9.200,0.000,1.000,18.0
2010-01-19,17:27:00,2.210,0.182,240.920,9.200,0.000,1.000,19.0
2010-01-19,17:28:00,2.218,0.184,241.410,9.200,0.000,2.000,18.0
2010-01-19,17:29:00,2.292,0.260,241.780,9.400,0.000,1.000,19.0
2010-01-19,17:30:00,2.322,0.320,241.490,9.600,0.000,1.000,18.0
2010-01-19,17:31:00,2.328,0.324,242.000,9.600,0.000,1.000,19.0
2010-01-19,17:32:00,2.304,0.314,240.540,9.600,0.000,2.000,18.0
2010-01-19,17:33:00,2.298,0.314,240.430,9.600,0.000,1.000,19.0
2010-01-19,17:34:00,2.256,0.272,239.860,9.400,0.000,1.000,18.0
2010-01-19,17:35:00,2.228,0.194,240.560,9.200,0.000,0.000,19.0
2010-01-19,17:36:00,2.204,0.164,240.510,9.200,0.000,0.000,18.0
2010-01-19,17:37:00,2.164,0.092,240.930,9.000,0.000,0.000,18.0
2010-01-19,17:38:00,2.170,0.092,241.340,9.000,0.000,0.000,19.0
2010-01-19,17:39:00,2.156,0.090,240.640,8.800,0.000,0.000,18.0
2010-01-19,17:40:00,2.170,0.094,241.640,9.000,0.000,0.000,19.0
2010-01-19,17:41:00,2.168,0.094,241.500,9.000,0.000,0.000,18.0
2010-01-19,17:42:00,2.178,0.096,242.180,9.000,0.000,0.000,19.0
2010-01-19,17:43:00,2.164,0.092,241.040,9.000,0.000,0.000,18.0
2010-01-19,17:44:00,2.176,0.094,241.790,9.000,0.000,0.000,19.0
2010-01-19,17:45:00,2.128,0.000,241.600,8.800,0.000,0.000,19.0
2010-01-19,17:46:00,2.068,0.000,240.790,8.600,0.000,0.000,18.0
2010-01-19,17:47:00,2.066,0.000,240.650,8.600,0.000,0.000,18.0
2010-01-19,17:48:00,2.050,0.046,239.600,8.400,0.000,0.000,19.0
2010-01-19,17:49:00,2.064,0.000,240.560,8.600,0.000,0.000,18.0
2010-01-19,17:50:00,2.068,0.000,240.740,8.600,0.000,0.000,19.0
2010-01-19,17:51:00,2.076,0.000,241.250,8.600,0.000,0.000,18.0
2010-01-19,17:52:00,2.066,0.000,240.570,8.600,0.000,0.000,18.0
2010-01-19,17:53:00,2.066,0.000,240.490,8.600,0.000,0.000,19.0
2010-01-19,17:54:00,2.066,0.000,240.540,8.600,0.000,0.000,18.0
2010-01-19,17:55:00,2.060,0.000,240.050,8.600,0.000,0.000,19.0
2010-01-19,17:56:00,2.068,0.000,240.640,8.600,0.000,0.000,18.0
2010-01-19,17:57:00,2.054,0.000,239.720,8.400,0.000,0.000,18.0
2010-01-19,17:58:00,2.056,0.046,239.760,8.600,0.000,0.000,19.0
2010-01-19,17:59:00,2.048,0.046,239.460,8.400,0.000,0.000,18.0
2010-01-19,18:00:00,2.062,0.000,240.530,8.600,0.000,0.000,18.0
2010-01-19,18:01:00,2.070,0.000,240.800,8.600,0.000,0.000,19.0
2010-01-19,18:02:00,2.064,0.000,240.520,8.600,0.000,0.000,18.0
2010-01-19,18:03:00,2.070,0.000,241.030,8.600,0.000,0.000,18.0
2010-01-19,18:04:00,2.058,0.000,240.540,8.400,0.000,0.000,19.0
2010-01-19,18:05:00,2.068,0.000,240.890,8.600,0.000,0.000,18.0
2010-01-19,18:06:00,2.070,0.000,240.840,8.600,0.000,0.000,19.0
2010-01-19,18:07:00,2.074,0.000,241.110,8.600,0.000,0.000,18.0
2010-01-19,18:08:00,2.070,0.000,240.920,8.600,0.000,0.000,19.0
2010-01-19,18:09:00,2.076,0.000,241.270,8.600,0.000,0.000,18.0
2010-01-19,18:10:00,2.092,0.000,242.220,8.600,0.000,0.000,19.0
2010-01-19,18:11:00,2.072,0.000,240.920,8.600,0.000,0.000,18.0
2010-01-19,18:12:00,2.144,0.000,241.100,8.800,0.000,0.000,19.0
2010-01-19,18:13:00,2.250,0.186,240.000,9.400,0.000,0.000,18.0
2010-01-19,18:14:00,2.252,0.196,241.220,9.200,0.000,0.000,18.0
2010-01-19,18:15:00,2.542,0.188,240.090,10.600,0.000,0.000,19.0
2010-01-19,18:16:00,2.600,0.192,240.570,10.800,0.000,0.000,18.0
2010-01-19,18:17:00,2.632,0.190,239.950,11.000,0.000,0.000,19.0
2010-01-19,18:18:00,2.670,0.186,239.580,11.200,0.000,0.000,18.0
2010-01-19,18:19:00,2.592,0.194,240.120,10.800,0.000,0.000,18.0
2010-01-19,18:20:00,2.588,0.188,239.910,10.800,0.000,0.000,18.0
2010-01-19,18:21:00,2.600,0.192,240.770,10.800,0.000,0.000,19.0
2010-01-19,18:22:00,2.590,0.190,240.240,10.800,0.000,0.000,18.0
2010-01-19,18:23:00,2.606,0.194,241.100,10.800,0.000,0.000,19.0
2010-01-19,18:24:00,2.578,0.190,239.910,10.800,0.000,0.000,18.0
2010-01-19,18:25:00,2.548,0.140,240.180,10.600,0.000,0.000,18.0
2010-01-19,18:26:00,2.504,0.092,239.740,10.400,0.000,0.000,19.0
2010-01-19,18:27:00,2.596,0.080,238.860,10.800,0.000,0.000,18.0
2010-01-19,18:28:00,2.456,0.000,239.900,10.200,0.000,0.000,18.0
2010-01-19,18:29:00,2.400,0.000,239.670,10.000,0.000,0.000,18.0
2010-01-19,18:30:00,2.406,0.000,240.280,10.000,0.000,0.000,19.0
2010-01-19,18:31:00,2.376,0.000,238.550,9.800,0.000,0.000,18.0
2010-01-19,18:32:00,2.412,0.000,239.320,10.000,0.000,0.000,18.0
2010-01-19,18:33:00,2.442,0.000,238.640,10.200,0.000,0.000,18.0
2010-01-19,18:34:00,2.450,0.000,239.170,10.200,0.000,0.000,18.0
2010-01-19,18:35:00,2.656,0.000,238.700,11.000,0.000,0.000,18.0
2010-01-19,18:36:00,2.806,0.000,239.040,11.800,0.000,0.000,19.0
2010-01-19,18:37:00,3.170,0.096,237.970,13.200,0.000,0.000,18.0
2010-01-19,18:38:00,3.170,0.096,237.750,13.200,0.000,0.000,18.0
2010-01-19,18:39:00,3.204,0.100,239.300,13.400,0.000,0.000,18.0
2010-01-19,18:40:00,3.196,0.098,238.850,13.400,0.000,0.000,18.0
2010-01-19,18:41:00,3.216,0.102,239.770,13.400,0.000,0.000,18.0
2010-01-19,18:42:00,3.190,0.098,238.660,13.400,0.000,0.000,18.0
2010-01-19,18:43:00,3.208,0.100,239.470,13.400,0.000,0.000,18.0
2010-01-19,18:44:00,3.186,0.098,238.510,13.400,0.000,0.000,19.0
2010-01-19,18:45:00,3.184,0.096,238.440,13.400,0.000,0.000,18.0
2010-01-19,18:46:00,3.178,0.096,238.190,13.400,0.000,0.000,18.0
2010-01-19,18:47:00,3.160,0.100,237.930,13.200,0.000,0.000,18.0
2010-01-19,18:48:00,3.176,0.102,239.050,13.200,0.000,0.000,18.0
2010-01-19,18:49:00,3.390,0.098,237.890,14.200,0.000,0.000,18.0
2010-01-19,18:50:00,3.438,0.096,238.000,14.400,0.000,0.000,18.0
2010-01-19,18:51:00,3.740,0.086,237.370,15.800,0.000,0.000,18.0
2010-01-19,18:52:00,3.684,0.088,238.400,15.400,0.000,0.000,18.0
2010-01-19,18:53:00,3.714,0.090,239.160,15.400,0.000,0.000,18.0
2010-01-19,18:54:00,3.808,0.088,239.080,15.800,0.000,0.000,18.0
2010-01-19,18:55:00,3.888,0.152,239.430,16.200,0.000,0.000,18.0
2010-01-19,18:56:00,3.914,0.218,238.790,16.400,0.000,0.000,19.0
2010-01-19,18:57:00,3.922,0.220,239.260,16.400,0.000,0.000,18.0
2010-01-19,18:58:00,3.800,0.220,238.760,15.800,0.000,0.000,18.0
2010-01-19,18:59:00,3.792,0.214,238.990,15.800,0.000,0.000,18.0
2010-01-19,19:00:00,3.766,0.218,238.950,15.800,0.000,0.000,18.0
2010-01-19,19:01:00,3.774,0.210,237.920,15.800,0.000,0.000,18.0
2010-01-19,19:02:00,3.836,0.250,238.370,16.000,0.000,0.000,18.0
2010-01-19,19:03:00,3.824,0.306,237.410,16.200,0.000,0.000,18.0
2010-01-19,19:04:00,3.828,0.306,237.510,16.200,0.000,0.000,18.0
2010-01-19,19:05:00,3.772,0.316,239.170,15.800,0.000,0.000,18.0
2010-01-19,19:06:00,3.878,0.332,241.660,16.000,0.000,0.000,19.0
2010-01-19,19:07:00,3.916,0.324,241.170,16.200,0.000,0.000,18.0
2010-01-19,19:08:00,3.898,0.322,240.710,16.200,0.000,0.000,19.0
2010-01-19,19:09:00,3.972,0.322,240.810,16.400,0.000,0.000,18.0
2010-01-19,19:10:00,4.372,0.466,239.630,18.400,0.000,0.000,25.0
2010-01-19,19:11:00,4.452,0.422,240.310,18.600,0.000,0.000,27.0
2010-01-19,19:12:00,4.386,0.358,239.200,18.400,0.000,0.000,28.0
2010-01-19,19:13:00,4.400,0.376,240.960,18.200,0.000,0.000,28.0
2010-01-19,19:14:00,6.650,0.384,238.200,28.000,35.000,0.000,28.0
2010-01-19,19:15:00,6.508,0.280,237.570,27.600,43.000,0.000,24.0
2010-01-19,19:16:00,6.564,0.320,237.190,27.800,47.000,0.000,18.0
2010-01-19,19:17:00,6.674,0.310,237.450,28.200,47.000,0.000,18.0
2010-01-19,19:18:00,6.646,0.302,236.960,28.000,48.000,0.000,17.0
2010-01-19,19:19:00,6.604,0.312,236.260,28.000,47.000,0.000,18.0
2010-01-19,19:20:00,6.234,0.310,236.750,26.400,41.000,0.000,18.0
2010-01-19,19:21:00,4.396,0.320,238.410,18.800,10.000,0.000,18.0
2010-01-19,19:22:00,4.736,0.320,239.080,20.200,16.000,0.000,18.0
2010-01-19,19:23:00,6.036,0.302,237.730,25.600,38.000,0.000,18.0
2010-01-19,19:24:00,5.970,0.306,238.060,25.200,38.000,0.000,18.0
2010-01-19,19:25:00,5.200,0.386,239.220,22.400,25.000,0.000,18.0
2010-01-19,19:26:00,4.780,0.442,239.200,20.600,14.000,0.000,19.0
2010-01-19,19:27:00,4.938,0.434,239.010,21.200,19.000,0.000,18.0
2010-01-19,19:28:00,5.756,0.430,238.300,24.400,29.000,0.000,18.0
2010-01-19,19:29:00,5.412,0.434,238.800,23.200,26.000,0.000,18.0
2010-01-19,19:30:00,4.738,0.430,239.150,20.400,19.000,0.000,18.0
2010-01-19,19:31:00,4.858,0.430,238.490,21.000,16.000,0.000,18.0
2010-01-19,19:32:00,5.112,0.394,237.990,22.000,18.000,0.000,18.0
2010-01-19,19:33:00,4.926,0.404,238.750,21.200,17.000,0.000,19.0
2010-01-19,19:34:00,5.044,0.404,238.860,21.600,20.000,0.000,18.0
2010-01-19,19:35:00,4.802,0.396,237.210,20.800,16.000,0.000,18.0
2010-01-19,19:36:00,4.880,0.396,238.030,21.200,20.000,0.000,18.0
2010-01-19,19:37:00,6.370,0.382,235.960,27.200,37.000,0.000,17.0
2010-01-19,19:38:00,6.470,0.382,236.130,27.400,45.000,0.000,18.0
2010-01-19,19:39:00,5.434,0.382,237.390,23.400,26.000,0.000,18.0
2010-01-19,19:40:00,5.356,0.390,237.310,23.000,19.000,0.000,18.0
2010-01-19,19:41:00,5.262,0.382,236.910,22.800,19.000,0.000,18.0
2010-01-19,19:42:00,5.250,0.532,236.470,22.800,20.000,0.000,18.0
2010-01-19,19:43:00,5.032,0.424,236.960,22.200,20.000,0.000,17.0
2010-01-19,19:44:00,3.906,0.256,237.740,17.200,19.000,0.000,18.0
2010-01-19,19:45:00,4.358,0.256,238.210,19.000,29.000,0.000,19.0
2010-01-19,19:46:00,3.520,0.242,238.160,15.400,13.000,0.000,18.0
2010-01-19,19:47:00,2.534,0.232,240.290,10.600,1.000,0.000,18.0
2010-01-19,19:48:00,2.542,0.234,240.670,10.600,0.000,0.000,18.0
2010-01-19,19:49:00,2.546,0.234,240.960,10.600,0.000,0.000,19.0
2010-01-19,19:50:00,2.546,0.234,241.060,10.600,0.000,0.000,18.0
2010-01-19,19:51:00,2.548,0.234,241.300,10.600,0.000,0.000,19.0
2010-01-19,19:52:00,2.568,0.240,242.660,10.600,1.000,0.000,18.0
2010-01-19,19:53:00,2.586,0.238,242.210,10.600,0.000,0.000,19.0
2010-01-19,19:54:00,2.606,0.236,242.170,10.800,0.000,0.000,19.0
2010-01-19,19:55:00,2.562,0.238,242.380,10.600,0.000,0.000,18.0
2010-01-19,19:56:00,2.530,0.224,241.250,10.400,1.000,0.000,19.0
2010-01-19,19:57:00,2.406,0.080,241.990,9.800,0.000,0.000,19.0
2010-01-19,19:58:00,2.398,0.056,242.520,9.800,0.000,0.000,18.0
2010-01-19,19:59:00,2.358,0.000,243.130,9.600,0.000,0.000,19.0
2010-01-19,20:00:00,2.346,0.000,242.750,9.600,1.000,0.000,19.0
2010-01-19,20:01:00,2.342,0.000,242.740,9.600,0.000,0.000,19.0
2010-01-19,20:02:00,3.036,0.294,241.010,13.000,0.000,0.000,18.0
2010-01-19,20:03:00,3.448,0.378,240.920,14.800,0.000,0.000,19.0
2010-01-19,20:04:00,3.334,0.316,241.280,14.200,1.000,0.000,18.0
2010-01-19,20:05:00,2.486,0.136,242.240,10.200,0.000,0.000,19.0
2010-01-19,20:06:00,2.502,0.138,243.020,10.200,0.000,0.000,18.0
2010-01-19,20:07:00,2.484,0.134,242.130,10.200,0.000,0.000,19.0
2010-01-19,20:08:00,2.520,0.170,241.850,10.400,1.000,0.000,19.0
2010-01-19,20:09:00,2.590,0.268,242.030,10.600,0.000,0.000,18.0
2010-01-19,20:10:00,2.588,0.268,242.040,10.600,0.000,0.000,19.0
2010-01-19,20:11:00,2.598,0.270,242.690,10.600,0.000,0.000,19.0
2010-01-19,20:12:00,2.582,0.258,242.410,10.600,0.000,0.000,18.0
2010-01-19,20:13:00,2.572,0.250,242.180,10.600,0.000,0.000,19.0
2010-01-19,20:14:00,2.830,0.242,240.920,11.800,0.000,0.000,18.0
2010-01-19,20:15:00,2.792,0.234,238.810,11.600,0.000,0.000,19.0
2010-01-19,20:16:00,2.784,0.234,238.510,11.600,0.000,0.000,18.0
2010-01-19,20:17:00,2.780,0.232,238.350,11.600,0.000,0.000,18.0
2010-01-19,20:18:00,2.776,0.230,238.280,11.600,0.000,0.000,18.0
2010-01-19,20:19:00,2.806,0.236,239.690,11.600,0.000,0.000,18.0
2010-01-19,20:20:00,2.828,0.240,240.990,11.600,0.000,0.000,18.0
2010-01-19,20:21:00,2.468,0.094,241.210,10.200,0.000,0.000,19.0
2010-01-19,20:22:00,2.322,0.096,241.570,9.600,0.000,0.000,19.0
2010-01-19,20:23:00,2.318,0.096,241.430,9.600,0.000,0.000,18.0
2010-01-19,20:24:00,2.296,0.092,240.150,9.400,0.000,0.000,18.0
2010-01-19,20:25:00,2.222,0.000,239.370,9.200,0.000,0.000,19.0
2010-01-19,20:26:00,2.190,0.000,239.200,9.000,0.000,0.000,18.0
2010-01-19,20:27:00,2.372,0.046,238.460,9.800,0.000,0.000,18.0
2010-01-19,20:28:00,2.468,0.046,238.800,10.200,0.000,0.000,18.0
2010-01-19,20:29:00,3.276,0.050,238.770,14.000,0.000,0.000,18.0
2010-01-19,20:30:00,3.910,0.124,238.330,16.600,0.000,0.000,18.0
2010-01-19,20:31:00,3.952,0.118,238.860,16.800,0.000,0.000,18.0
2010-01-19,20:32:00,3.276,0.086,238.080,13.800,0.000,0.000,18.0
2010-01-19,20:33:00,3.362,0.206,236.960,14.200,0.000,0.000,18.0
2010-01-19,20:34:00,3.768,0.340,238.260,16.000,0.000,0.000,18.0
2010-01-19,20:35:00,3.658,0.326,238.990,15.600,0.000,2.000,18.0
2010-01-19,20:36:00,3.374,0.314,239.930,14.200,0.000,1.000,19.0
2010-01-19,20:37:00,3.426,0.278,240.270,14.200,0.000,1.000,18.0
2010-01-19,20:38:00,3.130,0.176,241.140,13.000,0.000,2.000,19.0
2010-01-19,20:39:00,3.120,0.174,240.790,13.000,0.000,1.000,18.0
2010-01-19,20:40:00,3.118,0.176,241.260,12.800,0.000,1.000,19.0
2010-01-19,20:41:00,3.114,0.174,240.580,12.800,0.000,2.000,18.0
2010-01-19,20:42:00,3.084,0.170,239.730,12.800,0.000,1.000,18.0
2010-01-19,20:43:00,3.314,0.172,240.470,13.800,0.000,2.000,19.0
2010-01-19,20:44:00,3.626,0.288,239.400,15.200,0.000,1.000,18.0
2010-01-19,20:45:00,3.930,0.306,239.650,16.400,0.000,1.000,18.0
2010-01-19,20:46:00,3.988,0.300,239.170,16.600,0.000,2.000,18.0
2010-01-19,20:47:00,3.864,0.306,240.070,16.000,0.000,1.000,19.0
2010-01-19,20:48:00,3.536,0.194,239.690,14.800,0.000,2.000,18.0
2010-01-19,20:49:00,3.292,0.054,237.160,13.800,0.000,1.000,18.0
2010-01-19,20:50:00,3.172,0.058,238.280,13.200,0.000,1.000,18.0
2010-01-19,20:51:00,3.252,0.180,237.290,13.600,0.000,2.000,18.0
2010-01-19,20:52:00,3.188,0.182,238.070,13.400,0.000,1.000,18.0
2010-01-19,20:53:00,3.188,0.390,237.970,13.400,0.000,1.000,18.0
2010-01-19,20:54:00,3.218,0.384,238.230,13.600,0.000,1.000,18.0
2010-01-19,20:55:00,3.196,0.214,238.140,13.400,0.000,2.000,18.0
2010-01-19,20:56:00,3.278,0.192,238.830,13.600,0.000,1.000,18.0
2010-01-19,20:57:00,3.242,0.192,238.750,13.600,0.000,1.000,18.0
2010-01-19,20:58:00,3.252,0.190,238.430,13.600,0.000,1.000,18.0
2010-01-19,20:59:00,3.134,0.196,239.040,13.000,0.000,2.000,18.0
2010-01-19,21:00:00,3.094,0.196,238.470,13.000,0.000,1.000,19.0
2010-01-19,21:01:00,3.142,0.208,240.950,13.000,0.000,1.000,18.0
2010-01-19,21:02:00,3.124,0.204,240.300,13.000,0.000,1.000,18.0
2010-01-19,21:03:00,3.136,0.204,240.430,13.000,0.000,2.000,19.0
2010-01-19,21:04:00,3.176,0.178,239.300,13.200,0.000,1.000,18.0
2010-01-19,21:05:00,3.228,0.080,239.330,13.400,0.000,0.000,18.0
2010-01-19,21:06:00,3.084,0.086,239.510,12.800,0.000,0.000,18.0
2010-01-19,21:07:00,2.896,0.000,239.150,12.000,0.000,0.000,19.0
2010-01-19,21:08:00,2.722,0.000,239.850,11.200,0.000,0.000,18.0
2010-01-19,21:09:00,2.632,0.000,240.290,10.800,0.000,0.000,18.0
2010-01-19,21:10:00,2.600,0.000,241.050,10.800,0.000,0.000,19.0
2010-01-19,21:11:00,2.346,0.000,240.660,9.600,0.000,0.000,18.0
2010-01-19,21:12:00,2.372,0.000,240.320,9.800,0.000,0.000,18.0
2010-01-19,21:13:00,2.638,0.000,240.430,11.000,0.000,0.000,19.0
2010-01-19,21:14:00,2.700,0.000,240.090,11.200,0.000,0.000,18.0
2010-01-19,21:15:00,3.502,0.078,239.090,14.600,0.000,0.000,18.0
2010-01-19,21:16:00,3.534,0.066,239.590,14.800,0.000,0.000,19.0
2010-01-19,21:17:00,3.556,0.062,240.150,14.800,0.000,0.000,18.0
2010-01-19,21:18:00,3.550,0.062,239.580,14.800,0.000,0.000,18.0
2010-01-19,21:19:00,3.532,0.062,240.310,14.600,0.000,0.000,19.0
2010-01-19,21:20:00,3.748,0.048,239.300,16.000,0.000,4.000,18.0
2010-01-19,21:21:00,5.382,0.086,237.950,22.600,0.000,38.000,18.0
2010-01-19,21:22:00,5.114,0.158,238.540,21.400,0.000,37.000,18.0
2010-01-19,21:23:00,5.170,0.152,237.910,21.600,0.000,38.000,18.0
2010-01-19,21:24:00,5.162,0.154,237.880,21.600,0.000,37.000,18.0
2010-01-19,21:25:00,5.134,0.152,237.260,21.600,0.000,38.000,18.0
2010-01-19,21:26:00,5.152,0.152,237.890,21.600,0.000,37.000,18.0
2010-01-19,21:27:00,4.864,0.156,238.420,20.400,0.000,37.000,18.0
2010-01-19,21:28:00,4.368,0.142,238.490,18.200,0.000,38.000,18.0
2010-01-19,21:29:00,2.992,0.154,241.110,13.200,0.000,17.000,18.0
2010-01-19,21:30:00,2.362,0.160,242.110,9.800,0.000,1.000,19.0
2010-01-19,21:31:00,4.066,0.152,238.290,17.400,0.000,31.000,18.0
2010-01-19,21:32:00,2.182,0.204,239.450,9.000,0.000,0.000,18.0
2010-01-19,21:33:00,2.258,0.282,239.630,9.400,0.000,1.000,19.0
2010-01-19,21:34:00,2.356,0.322,239.490,9.800,0.000,1.000,18.0
2010-01-19,21:35:00,2.364,0.310,239.250,10.000,0.000,0.000,18.0
2010-01-19,21:36:00,2.494,0.258,238.560,10.400,0.000,1.000,18.0
2010-01-19,21:37:00,2.470,0.204,239.350,10.400,0.000,1.000,18.0
2010-01-19,21:38:00,2.502,0.244,240.530,10.400,0.000,1.000,19.0
2010-01-19,21:39:00,2.450,0.254,240.240,10.200,0.000,1.000,18.0
2010-01-19,21:40:00,2.456,0.232,240.460,10.200,0.000,0.000,18.0
2010-01-19,21:41:00,2.442,0.214,240.090,10.200,0.000,1.000,19.0
2010-01-19,21:42:00,2.452,0.206,240.560,10.200,0.000,1.000,18.0
2010-01-19,21:43:00,2.448,0.200,239.830,10.200,0.000,1.000,18.0
2010-01-19,21:44:00,2.456,0.202,240.490,10.200,0.000,0.000,19.0
2010-01-19,21:45:00,2.454,0.222,240.370,10.200,0.000,1.000,18.0
2010-01-19,21:46:00,2.588,0.264,240.090,10.800,0.000,3.000,19.0
2010-01-19,21:47:00,2.792,0.306,241.180,11.600,0.000,6.000,18.0
2010-01-19,21:48:00,2.758,0.300,239.800,11.600,0.000,6.000,18.0
2010-01-19,21:49:00,2.742,0.270,239.910,11.400,0.000,6.000,19.0
2010-01-19,21:50:00,2.598,0.162,238.980,10.800,0.000,6.000,18.0
2010-01-19,21:51:00,2.296,0.106,239.360,9.600,0.000,0.000,18.0
2010-01-19,21:52:00,2.098,0.108,238.690,8.800,0.000,0.000,18.0
2010-01-19,21:53:00,2.070,0.116,238.940,8.600,0.000,0.000,18.0
2010-01-19,21:54:00,2.164,0.114,239.440,9.000,0.000,0.000,19.0
2010-01-19,21:55:00,2.180,0.112,238.830,9.000,0.000,0.000,18.0
2010-01-19,21:56:00,2.180,0.112,238.950,9.000,0.000,0.000,18.0
2010-01-19,21:57:00,2.164,0.110,237.940,9.000,0.000,0.000,18.0
2010-01-19,21:58:00,2.170,0.112,238.470,9.000,0.000,0.000,18.0
2010-01-19,21:59:00,2.174,0.112,238.720,9.000,0.000,0.000,18.0
2010-01-19,22:00:00,2.174,0.112,238.750,9.000,0.000,0.000,18.0
2010-01-19,22:01:00,2.192,0.114,239.360,9.200,0.000,0.000,18.0
2010-01-19,22:02:00,2.178,0.112,238.590,9.000,0.000,0.000,18.0
2010-01-19,22:03:00,2.190,0.116,239.850,9.200,0.000,0.000,19.0
2010-01-19,22:04:00,2.256,0.114,239.630,9.400,0.000,0.000,18.0
2010-01-19,22:05:00,2.216,0.106,241.080,9.200,0.000,0.000,19.0
2010-01-19,22:06:00,1.672,0.000,241.600,6.800,0.000,0.000,18.0
2010-01-19,22:07:00,1.676,0.000,241.810,6.800,0.000,0.000,19.0
2010-01-19,22:08:00,1.674,0.000,242.220,6.800,0.000,0.000,18.0
2010-01-19,22:09:00,1.664,0.000,241.490,6.800,0.000,0.000,19.0
2010-01-19,22:10:00,1.744,0.054,242.370,7.200,0.000,0.000,19.0
2010-01-19,22:11:00,1.642,0.086,242.010,6.800,0.000,0.000,18.0
2010-01-19,22:12:00,1.596,0.090,242.850,6.600,0.000,0.000,19.0
2010-01-19,22:13:00,1.594,0.090,242.750,6.600,0.000,0.000,19.0
2010-01-19,22:14:00,1.590,0.088,242.410,6.400,0.000,0.000,18.0
2010-01-19,22:15:00,1.592,0.088,242.700,6.400,0.000,0.000,19.0
2010-01-19,22:16:00,1.676,0.190,241.110,7.000,0.000,0.000,18.0
2010-01-19,22:17:00,1.696,0.222,242.000,7.000,0.000,0.000,19.0
2010-01-19,22:18:00,1.700,0.226,242.640,7.000,0.000,0.000,19.0
2010-01-19,22:19:00,1.698,0.226,242.720,7.000,0.000,0.000,19.0
2010-01-19,22:20:00,1.702,0.230,243.580,7.000,0.000,0.000,18.0
2010-01-19,22:21:00,1.678,0.222,241.950,7.000,0.000,0.000,19.0
2010-01-19,22:22:00,1.678,0.222,242.120,7.000,0.000,0.000,19.0
2010-01-19,22:23:00,1.666,0.220,241.190,6.800,0.000,0.000,18.0
2010-01-19,22:24:00,1.672,0.222,241.850,6.800,0.000,0.000,19.0
2010-01-19,22:25:00,1.622,0.138,242.770,6.600,0.000,0.000,18.0
2010-01-19,22:26:00,1.606,0.120,242.310,6.600,0.000,0.000,19.0
2010-01-19,22:27:00,1.602,0.120,241.950,6.600,0.000,0.000,19.0
2010-01-19,22:28:00,1.586,0.116,240.760,6.600,0.000,0.000,18.0
2010-01-19,22:29:00,1.602,0.118,241.870,6.600,0.000,0.000,19.0
2010-01-19,22:30:00,1.596,0.116,241.370,6.600,0.000,0.000,18.0
2010-01-19,22:31:00,1.586,0.120,242.180,6.400,0.000,0.000,19.0
2010-01-19,22:32:00,1.564,0.082,242.680,6.400,0.000,0.000,19.0
2010-01-19,22:33:00,1.484,0.000,242.060,6.000,0.000,0.000,18.0
2010-01-19,22:34:00,1.490,0.000,242.590,6.000,0.000,0.000,19.0
2010-01-19,22:35:00,1.480,0.000,242.070,6.000,0.000,0.000,19.0
2010-01-19,22:36:00,1.454,0.000,242.780,6.000,0.000,0.000,18.0
2010-01-19,22:37:00,1.446,0.000,242.070,5.800,0.000,0.000,19.0
2010-01-19,22:38:00,1.458,0.000,243.080,6.000,0.000,0.000,19.0
2010-01-19,22:39:00,1.460,0.000,243.350,6.000,0.000,0.000,18.0
2010-01-19,22:40:00,1.446,0.000,242.410,5.800,0.000,0.000,19.0
2010-01-19,22:41:00,1.428,0.000,243.030,5.800,0.000,0.000,19.0
2010-01-19,22:42:00,1.424,0.000,242.760,5.800,0.000,0.000,19.0
2010-01-19,22:43:00,1.438,0.000,243.920,5.800,0.000,0.000,19.0
2010-01-19,22:44:00,1.420,0.000,244.230,5.800,0.000,0.000,18.0
2010-01-19,22:45:00,1.412,0.000,244.630,5.600,0.000,0.000,19.0
2010-01-19,22:46:00,1.422,0.000,244.730,5.800,0.000,0.000,20.0
2010-01-19,22:47:00,1.412,0.000,243.970,5.800,0.000,0.000,18.0
2010-01-19,22:48:00,1.410,0.000,244.470,5.600,0.000,0.000,19.0
2010-01-19,22:49:00,1.410,0.000,244.470,5.600,0.000,0.000,19.0
2010-01-19,22:50:00,1.422,0.000,245.540,5.800,0.000,0.000,20.0
2010-01-19,22:51:00,1.418,0.000,245.170,5.600,0.000,0.000,19.0
2010-01-19,22:52:00,1.414,0.000,244.720,5.600,0.000,0.000,19.0
2010-01-19,22:53:00,1.412,0.000,244.770,5.600,0.000,0.000,19.0
2010-01-19,22:54:00,1.400,0.000,243.770,5.600,0.000,0.000,19.0
2010-01-19,22:55:00,1.408,0.000,244.470,5.600,0.000,0.000,19.0
2010-01-19,22:56:00,1.394,0.000,243.180,5.600,0.000,0.000,18.0
2010-01-19,22:57:00,1.400,0.000,243.660,5.600,0.000,0.000,19.0
2010-01-19,22:58:00,1.402,0.000,243.530,5.600,0.000,0.000,19.0
2010-01-19,22:59:00,1.560,0.140,243.840,6.400,0.000,0.000,19.0
2010-01-19,23:00:00,1.588,0.216,244.080,6.400,0.000,0.000,19.0
2010-01-19,23:01:00,1.580,0.214,243.600,6.400,0.000,0.000,19.0
2010-01-19,23:02:00,1.580,0.214,243.710,6.400,0.000,0.000,19.0
2010-01-19,23:03:00,1.578,0.214,243.650,6.400,0.000,0.000,18.0
2010-01-19,23:04:00,1.576,0.212,243.500,6.400,0.000,0.000,19.0
2010-01-19,23:05:00,1.584,0.218,244.530,6.400,0.000,0.000,19.0
2010-01-19,23:06:00,1.570,0.214,243.690,6.400,0.000,0.000,19.0
2010-01-19,23:07:00,1.578,0.216,244.460,6.400,0.000,0.000,19.0
2010-01-19,23:08:00,1.566,0.214,243.670,6.400,0.000,0.000,19.0
2010-01-19,23:09:00,0.646,0.232,245.480,3.200,0.000,0.000,5.0
2010-01-19,23:10:00,0.476,0.232,245.450,2.000,0.000,0.000,1.0
2010-01-19,23:11:00,0.476,0.232,245.580,2.000,0.000,0.000,0.0
2010-01-19,23:12:00,0.474,0.228,244.840,2.000,0.000,0.000,1.0
2010-01-19,23:13:00,0.444,0.184,244.270,2.000,0.000,0.000,1.0
2010-01-19,23:14:00,0.404,0.124,245.360,1.600,0.000,0.000,0.0
2010-01-19,23:15:00,0.358,0.056,244.710,1.400,0.000,0.000,1.0
2010-01-19,23:16:00,0.310,0.000,245.900,1.200,0.000,0.000,1.0
2010-01-19,23:17:00,0.316,0.000,247.300,1.200,0.000,0.000,0.0
2010-01-19,23:18:00,0.316,0.000,248.340,1.200,0.000,0.000,1.0
2010-01-19,23:19:00,0.316,0.000,247.750,1.200,0.000,0.000,1.0
2010-01-19,23:20:00,0.318,0.000,247.680,1.200,0.000,0.000,0.0
2010-01-19,23:21:00,0.318,0.000,247.930,1.200,0.000,0.000,1.0
2010-01-19,23:22:00,0.316,0.000,247.730,1.200,0.000,0.000,1.0
2010-01-19,23:23:00,0.316,0.000,248.040,1.200,0.000,0.000,1.0
2010-01-19,23:24:00,0.316,0.000,248.230,1.200,0.000,0.000,0.0
2010-01-19,23:25:00,0.314,0.000,247.910,1.200,0.000,0.000,1.0
2010-01-19,23:26:00,0.316,0.000,247.820,1.200,0.000,0.000,1.0
2010-01-19,23:27:00,0.316,0.000,247.560,1.200,0.000,0.000,0.0
2010-01-19,23:28:00,0.316,0.000,247.710,1.200,0.000,0.000,1.0
2010-01-19,23:29:00,0.312,0.000,246.650,1.200,0.000,0.000,1.0
2010-01-19,23:30:00,0.314,0.000,247.410,1.200,0.000,0.000,0.0
2010-01-19,23:31:00,0.312,0.000,246.690,1.200,0.000,0.000,1.0
2010-01-19,23:32:00,0.336,0.000,247.270,1.400,0.000,0.000,1.0
2010-01-19,23:33:00,0.374,0.000,247.160,1.400,0.000,0.000,0.0
2010-01-19,23:34:00,0.354,0.000,247.390,1.400,0.000,0.000,1.0
2010-01-19,23:35:00,0.354,0.000,247.730,1.400,0.000,0.000,1.0
2010-01-19,23:36:00,0.350,0.000,247.020,1.400,0.000,0.000,1.0
2010-01-19,23:37:00,0.354,0.000,247.810,1.400,0.000,0.000,0.0
2010-01-19,23:38:00,0.350,0.000,247.140,1.400,0.000,0.000,1.0
2010-01-19,23:39:00,0.354,0.000,247.800,1.400,0.000,0.000,1.0
2010-01-19,23:40:00,0.274,0.000,247.490,1.000,0.000,0.000,0.0
2010-01-19,23:41:00,0.270,0.000,248.010,1.000,0.000,0.000,1.0
2010-01-19,23:42:00,0.390,0.128,248.080,1.600,0.000,0.000,1.0
2010-01-19,23:43:00,0.376,0.126,246.320,1.600,0.000,0.000,0.0
2010-01-19,23:44:00,0.374,0.128,246.510,1.600,0.000,0.000,1.0
2010-01-19,23:45:00,0.370,0.124,245.180,1.600,0.000,0.000,1.0
2010-01-19,23:46:00,0.368,0.124,245.400,1.600,0.000,0.000,0.0
2010-01-19,23:47:00,0.368,0.124,245.700,1.600,0.000,0.000,1.0
2010-01-19,23:48:00,0.368,0.126,246.170,1.600,0.000,0.000,1.0
2010-01-19,23:49:00,0.458,0.232,245.950,2.200,0.000,0.000,0.0
2010-01-19,23:50:00,0.446,0.240,247.100,2.000,0.000,0.000,1.0
2010-01-19,23:51:00,0.446,0.244,247.620,2.000,0.000,0.000,1.0
2010-01-19,23:52:00,0.442,0.240,246.900,2.000,0.000,0.000,0.0
2010-01-19,23:53:00,0.442,0.244,247.590,2.000,0.000,0.000,1.0
2010-01-19,23:54:00,0.438,0.238,246.270,2.000,0.000,0.000,1.0
2010-01-19,23:55:00,0.436,0.238,246.320,2.000,0.000,0.000,1.0
2010-01-19,23:56:00,0.436,0.238,246.440,2.000,0.000,0.000,0.0
2010-01-19,23:57:00,0.428,0.230,246.390,2.000,0.000,0.000,1.0
2010-01-19,23:58:00,0.340,0.098,247.470,1.400,0.000,0.000,1.0
2010-01-19,23:59:00,0.388,0.148,246.330,1.800,0.000,0.000,0.0
