Date,Time,Global_active_power,Global_reactive_power,Voltage,Global_intensity,Sub_metering_1,Sub_metering_2,Sub_metering_3
2010-01-28,00:00:00,1.596,0.110,244.820,6.400,0.000,0.000,19.0
2010-01-28,00:01:00,1.582,0.106,245.350,6.400,0.000,0.000,19.0
2010-01-28,00:02:00,1.678,0.208,244.410,6.800,0.000,1.000,19.0
2010-01-28,00:03:00,1.692,0.248,245.460,6.800,0.000,0.000,19.0
2010-01-28,00:04:00,1.690,0.248,244.170,7.000,0.000,0.000,19.0
2010-01-28,00:05:00,1.614,0.160,243.900,6.600,0.000,0.000,19.0
2010-01-28,00:06:00,1.604,0.138,243.060,6.600,0.000,0.000,19.0
2010-01-28,00:07:00,1.584,0.132,243.000,6.400,0.000,0.000,19.0
2010-01-28,00:08:00,1.604,0.136,243.230,6.600,0.000,1.000,19.0
2010-01-28,00:09:00,1.574,0.128,242.250,6.400,0.000,0.000,18.0
2010-01-28,00:10:00,1.600,0.136,243.050,6.600,0.000,0.000,19.0
2010-01-28,00:11:00,1.576,0.128,242.620,6.400,0.000,0.000,19.0
2010-01-28,00:12:00,1.598,0.136,243.120,6.600,0.000,0.000,18.0
2010-01-28,00:13:00,1.576,0.130,242.760,6.400,0.000,0.000,19.0
2010-01-28,00:14:00,1.598,0.136,243.160,6.600,0.000,0.000,19.0
2010-01-28,00:15:00,1.584,0.132,242.550,6.400,0.000,0.000,19.0
2010-01-28,00:16:00,1.584,0.134,243.080,6.400,0.000,1.000,18.0
2010-01-28,00:17:00,1.602,0.138,243.590,6.600,0.000,0.000,19.0
2010-01-28,00:18:00,1.580,0.130,243.400,6.400,0.000,0.000,19.0
2010-01-28,00:19:00,1.508,0.000,243.430,6.200,0.000,0.000,19.0
2010-01-28,00:20:00,1.486,0.000,243.160,6.000,0.000,0.000,19.0
2010-01-28,00:21:00,1.504,0.000,243.220,6.200,0.000,1.000,19.0
2010-01-28,00:22:00,1.478,0.000,242.530,6.000,0.000,0.000,18.0
2010-01-28,00:23:00,1.506,0.000,243.240,6.200,0.000,0.000,19.0
2010-01-28,00:24:00,1.482,0.000,242.820,6.000,0.000,0.000,19.0
2010-01-28,00:25:00,1.504,0.000,243.150,6.200,0.000,0.000,19.0
2010-01-28,00:26:00,1.486,0.000,243.150,6.000,0.000,0.000,18.0
2010-01-28,00:27:00,1.508,0.000,243.420,6.200,0.000,1.000,19.0
2010-01-28,00:28:00,1.484,0.000,243.110,6.000,0.000,0.000,19.0
2010-01-28,00:29:00,1.494,0.000,243.130,6.000,0.000,0.000,19.0
2010-01-28,00:30:00,1.480,0.000,243.600,6.000,0.000,0.000,19.0
2010-01-28,00:31:00,1.492,0.000,243.080,6.000,0.000,0.000,18.0
2010-01-28,00:32:00,1.482,0.000,243.720,6.000,0.000,0.000,19.0
2010-01-28,00:33:00,1.502,0.000,243.900,6.000,0.000,1.000,19.0
2010-01-28,00:34:00,1.496,0.000,245.010,6.000,0.000,0.000,19.0
2010-01-28,00:35:00,1.504,0.000,244.150,6.000,0.000,0.000,19.0
2010-01-28,00:36:00,1.486,0.000,244.050,6.000,0.000,0.000,19.0
2010-01-28,00:37:00,1.508,0.000,244.420,6.200,0.000,0.000,19.0
2010-01-28,00:38:00,1.488,0.000,244.390,6.000,0.000,0.000,19.0
2010-01-28,00:39:00,1.504,0.000,244.230,6.000,0.000,0.000,19.0
2010-01-28,00:40:00,1.486,0.000,244.290,6.000,0.000,0.000,19.0
2010-01-28,00:41:00,1.432,0.000,244.310,5.800,0.000,1.000,19.0
2010-01-28,00:42:00,1.382,0.000,243.790,5.600,0.000,0.000,19.0
2010-01-28,00:43:00,1.406,0.000,244.220,5.600,0.000,0.000,19.0
2010-01-28,00:44:00,1.380,0.000,243.470,5.600,0.000,0.000,19.0
2010-01-28,00:45:00,1.404,0.000,243.950,5.600,0.000,0.000,19.0
2010-01-28,00:46:00,1.392,0.000,243.360,5.600,0.000,0.000,18.0
2010-01-28,00:47:00,1.386,0.000,243.720,5.600,0.000,1.000,19.0
2010-01-28,00:48:00,1.482,0.068,243.750,6.000,0.000,0.000,19.0
2010-01-28,00:49:00,1.528,0.146,244.290,6.200,0.000,0.000,19.0
2010-01-28,00:50:00,1.594,0.224,244.450,6.600,0.000,0.000,19.0
2010-01-28,00:51:00,1.566,0.216,243.890,6.400,0.000,0.000,19.0
2010-01-28,00:52:00,1.578,0.222,243.680,6.400,0.000,1.000,19.0
2010-01-28,00:53:00,1.548,0.212,242.800,6.400,0.000,0.000,19.0
2010-01-28,00:54:00,1.570,0.220,243.360,6.400,0.000,0.000,18.0
2010-01-28,00:55:00,1.546,0.214,243.060,6.400,0.000,0.000,19.0
2010-01-28,00:56:00,1.570,0.222,243.800,6.400,0.000,0.000,19.0
2010-01-28,00:57:00,1.532,0.194,243.440,6.200,0.000,0.000,19.0
2010-01-28,00:58:00,1.494,0.114,243.440,6.000,0.000,1.000,19.0
2010-01-28,00:59:00,1.482,0.110,244.140,6.000,0.000,0.000,19.0
2010-01-28,01:00:00,1.504,0.118,244.490,6.200,0.000,0.000,19.0
2010-01-28,01:01:00,1.488,0.112,244.730,6.000,0.000,0.000,19.0
2010-01-28,01:02:00,1.502,0.118,244.470,6.000,0.000,0.000,19.0
2010-01-28,01:03:00,1.492,0.114,245.240,6.000,0.000,0.000,19.0
2010-01-28,01:04:00,1.502,0.118,244.460,6.000,0.000,0.000,19.0
2010-01-28,01:05:00,1.442,0.050,244.470,5.800,0.000,0.000,19.0
2010-01-28,01:06:00,1.404,0.000,244.080,5.600,0.000,1.000,19.0
2010-01-28,01:07:00,1.404,0.000,245.670,5.600,0.000,0.000,19.0
2010-01-28,01:08:00,1.418,0.000,245.370,5.800,0.000,0.000,19.0
2010-01-28,01:09:00,1.400,0.000,245.360,5.600,0.000,0.000,19.0
2010-01-28,01:10:00,1.416,0.000,245.120,5.800,0.000,0.000,19.0
2010-01-28,01:11:00,1.392,0.000,244.710,5.600,0.000,0.000,19.0
2010-01-28,01:12:00,1.412,0.000,244.740,5.800,0.000,1.000,19.0
2010-01-28,01:13:00,1.398,0.000,245.210,5.600,0.000,0.000,19.0
2010-01-28,01:14:00,1.420,0.000,245.490,5.800,0.000,0.000,19.0
2010-01-28,01:15:00,1.402,0.000,245.020,5.600,0.000,0.000,20.0
2010-01-28,01:16:00,1.412,0.000,245.230,5.600,0.000,0.000,19.0
2010-01-28,01:17:00,1.412,0.000,244.750,5.600,0.000,0.000,19.0
2010-01-28,01:18:00,1.398,0.000,245.230,5.600,0.000,1.000,19.0
2010-01-28,01:19:00,1.414,0.000,244.860,5.800,0.000,0.000,19.0
2010-01-28,01:20:00,1.386,0.000,244.160,5.600,0.000,0.000,19.0
2010-01-28,01:21:00,1.388,0.000,242.730,5.600,0.000,0.000,19.0
2010-01-28,01:22:00,1.374,0.000,243.150,5.600,0.000,0.000,18.0
2010-01-28,01:23:00,1.400,0.000,243.770,5.600,0.000,1.000,19.0
2010-01-28,01:24:00,1.376,0.000,243.390,5.600,0.000,0.000,19.0
2010-01-28,01:25:00,1.402,0.000,244.080,5.600,0.000,0.000,19.0
2010-01-28,01:26:00,1.374,0.000,243.200,5.600,0.000,0.000,19.0
2010-01-28,01:27:00,1.390,0.000,243.010,5.600,0.000,0.000,18.0
2010-01-28,01:28:00,1.364,0.000,242.280,5.600,0.000,0.000,19.0
2010-01-28,01:29:00,1.394,0.000,243.500,5.600,0.000,1.000,19.0
2010-01-28,01:30:00,1.370,0.000,242.890,5.600,0.000,0.000,19.0
2010-01-28,01:31:00,1.394,0.000,243.410,5.600,0.000,0.000,19.0
2010-01-28,01:32:00,1.378,0.000,243.820,5.600,0.000,0.000,18.0
2010-01-28,01:33:00,1.392,0.000,243.460,5.600,0.000,0.000,19.0
2010-01-28,01:34:00,1.372,0.000,243.120,5.600,0.000,0.000,19.0
2010-01-28,01:35:00,1.384,0.000,242.770,5.600,0.000,0.000,19.0
2010-01-28,01:36:00,1.480,0.092,243.350,6.000,0.000,0.000,19.0
2010-01-28,01:37:00,1.500,0.116,243.420,6.200,0.000,1.000,18.0
2010-01-28,01:38:00,1.480,0.112,243.600,6.000,0.000,0.000,19.0
2010-01-28,01:39:00,1.490,0.114,242.940,6.000,0.000,0.000,19.0
2010-01-28,01:40:00,1.490,0.116,244.660,6.000,0.000,0.000,19.0
2010-01-28,01:41:00,1.500,0.120,244.180,6.000,0.000,0.000,19.0
2010-01-28,01:42:00,1.480,0.114,244.090,6.000,0.000,0.000,19.0
2010-01-28,01:43:00,1.564,0.196,243.580,6.400,0.000,1.000,19.0
2010-01-28,01:44:00,1.542,0.218,243.290,6.400,0.000,0.000,19.0
2010-01-28,01:45:00,1.560,0.222,243.190,6.400,0.000,0.000,18.0
2010-01-28,01:46:00,1.546,0.220,243.040,6.400,0.000,0.000,19.0
2010-01-28,01:47:00,1.550,0.222,243.520,6.400,0.000,0.000,19.0
2010-01-28,01:48:00,1.554,0.224,243.180,6.400,0.000,0.000,19.0
2010-01-28,01:49:00,1.544,0.222,244.110,6.400,0.000,1.000,19.0
2010-01-28,01:50:00,1.620,0.304,243.450,6.800,0.000,1.000,19.0
2010-01-28,01:51:00,1.608,0.336,243.710,6.600,0.000,1.000,18.0
2010-01-28,01:52:00,1.516,0.192,242.550,6.200,0.000,2.000,19.0
2010-01-28,01:53:00,1.456,0.102,243.890,6.000,0.000,1.000,19.0
2010-01-28,01:54:00,1.478,0.110,244.320,6.000,0.000,2.000,19.0
2010-01-28,01:55:00,1.452,0.100,243.560,5.800,0.000,2.000,19.0
2010-01-28,01:56:00,1.470,0.106,243.320,6.000,0.000,1.000,19.0
2010-01-28,01:57:00,1.446,0.098,242.860,5.800,0.000,2.000,18.0
2010-01-28,01:58:00,1.478,0.110,244.210,6.000,0.000,1.000,19.0
2010-01-28,01:59:00,1.458,0.102,244.010,6.000,0.000,2.000,19.0
2010-01-28,02:00:00,1.460,0.104,244.250,6.000,0.000,1.000,19.0
2010-01-28,02:01:00,1.452,0.100,243.540,5.800,0.000,2.000,19.0
2010-01-28,02:02:00,1.454,0.102,243.610,6.000,0.000,1.000,19.0
2010-01-28,02:03:00,1.452,0.100,243.510,5.800,0.000,2.000,19.0
2010-01-28,02:04:00,1.452,0.100,243.530,5.800,0.000,1.000,19.0
2010-01-28,02:05:00,1.458,0.102,244.100,6.000,0.000,1.000,19.0
2010-01-28,02:06:00,1.460,0.102,244.230,6.000,0.000,2.000,19.0
2010-01-28,02:07:00,1.462,0.104,244.450,6.000,0.000,1.000,18.0
2010-01-28,02:08:00,1.460,0.104,244.560,6.000,0.000,2.000,19.0
2010-01-28,02:09:00,1.466,0.108,245.170,6.000,0.000,1.000,20.0
2010-01-28,02:10:00,1.466,0.106,245.280,6.000,0.000,1.000,19.0
2010-01-28,02:11:00,1.466,0.108,245.390,6.000,0.000,2.000,19.0
2010-01-28,02:12:00,1.456,0.104,244.640,5.800,0.000,1.000,19.0
2010-01-28,02:13:00,1.450,0.104,244.170,5.800,0.000,2.000,19.0
2010-01-28,02:14:00,1.448,0.102,244.010,5.800,0.000,1.000,19.0
2010-01-28,02:15:00,1.438,0.100,243.180,5.800,0.000,1.000,19.0
2010-01-28,02:16:00,1.436,0.100,243.050,5.800,0.000,1.000,18.0
2010-01-28,02:17:00,1.442,0.102,243.530,5.800,0.000,2.000,19.0
2010-01-28,02:18:00,1.444,0.102,243.830,5.800,0.000,1.000,19.0
2010-01-28,02:19:00,1.450,0.104,244.330,5.800,0.000,1.000,19.0
2010-01-28,02:20:00,1.460,0.108,245.370,5.800,0.000,2.000,19.0
2010-01-28,02:21:00,1.446,0.104,244.190,5.800,0.000,1.000,19.0
2010-01-28,02:22:00,1.488,0.140,244.390,6.000,0.000,1.000,19.0
2010-01-28,02:23:00,1.550,0.240,243.610,6.400,0.000,1.000,19.0
2010-01-28,02:24:00,1.548,0.242,243.800,6.400,0.000,2.000,19.0
2010-01-28,02:25:00,1.532,0.236,242.580,6.400,0.000,1.000,18.0
2010-01-28,02:26:00,1.540,0.240,243.320,6.400,0.000,1.000,19.0
2010-01-28,02:27:00,1.538,0.240,243.420,6.400,0.000,1.000,19.0
2010-01-28,02:28:00,1.542,0.242,243.780,6.400,0.000,2.000,19.0
2010-01-28,02:29:00,1.552,0.246,244.830,6.400,0.000,1.000,19.0
2010-01-28,02:30:00,1.554,0.248,245.190,6.400,0.000,1.000,19.0
2010-01-28,02:31:00,1.558,0.250,245.660,6.400,0.000,1.000,19.0
2010-01-28,02:32:00,1.550,0.246,244.890,6.400,0.000,2.000,19.0
2010-01-28,02:33:00,1.550,0.248,245.130,6.400,0.000,1.000,19.0
2010-01-28,02:34:00,1.534,0.240,243.730,6.200,0.000,1.000,19.0
2010-01-28,02:35:00,1.536,0.242,243.990,6.200,0.000,1.000,19.0
2010-01-28,02:36:00,1.536,0.242,244.060,6.200,0.000,1.000,19.0
2010-01-28,02:37:00,1.538,0.242,244.240,6.200,0.000,2.000,19.0
2010-01-28,02:38:00,1.458,0.118,244.540,6.000,0.000,1.000,19.0
2010-01-28,02:39:00,1.478,0.124,244.440,6.000,0.000,1.000,19.0
2010-01-28,02:40:00,1.536,0.216,245.650,6.200,0.000,1.000,19.0
2010-01-28,02:41:00,1.524,0.212,244.670,6.200,0.000,2.000,19.0
2010-01-28,02:42:00,1.522,0.212,244.470,6.200,0.000,1.000,19.0
2010-01-28,02:43:00,1.514,0.208,243.830,6.200,0.000,1.000,19.0
2010-01-28,02:44:00,1.516,0.210,244.050,6.200,0.000,1.000,19.0
2010-01-28,02:45:00,1.508,0.208,243.530,6.200,0.000,1.000,19.0
2010-01-28,02:46:00,1.504,0.206,243.280,6.200,0.000,2.000,19.0
2010-01-28,02:47:00,1.510,0.210,243.850,6.200,0.000,1.000,19.0
2010-01-28,02:48:00,1.508,0.206,243.870,6.200,0.000,1.000,18.0
2010-01-28,02:49:00,1.450,0.106,244.790,5.800,0.000,1.000,19.0
2010-01-28,02:50:00,1.442,0.102,243.970,5.800,0.000,1.000,19.0
2010-01-28,02:51:00,1.450,0.106,244.780,5.800,0.000,2.000,19.0
2010-01-28,02:52:00,1.446,0.104,244.410,5.800,0.000,1.000,19.0
2010-01-28,02:53:00,1.446,0.104,244.410,5.800,0.000,1.000,19.0
2010-01-28,02:54:00,1.440,0.102,243.800,5.800,0.000,1.000,19.0
2010-01-28,02:55:00,1.444,0.104,244.250,5.800,0.000,1.000,19.0
2010-01-28,02:56:00,1.442,0.102,244.070,5.800,0.000,2.000,19.0
2010-01-28,02:57:00,1.446,0.104,244.490,5.800,0.000,1.000,19.0
2010-01-28,02:58:00,1.000,0.112,245.330,4.600,0.000,1.000,13.0
2010-01-28,02:59:00,0.348,0.120,245.930,1.400,0.000,1.000,1.0
2010-01-28,03:00:00,0.350,0.122,246.560,1.400,0.000,2.000,0.0
2010-01-28,03:01:00,0.348,0.120,245.980,1.400,0.000,1.000,1.0
2010-01-28,03:02:00,0.348,0.118,245.310,1.400,0.000,1.000,1.0
2010-01-28,03:03:00,0.346,0.116,244.740,1.400,0.000,1.000,0.0
2010-01-28,03:04:00,0.346,0.118,245.380,1.400,0.000,1.000,1.0
2010-01-28,03:05:00,0.346,0.116,245.110,1.400,0.000,2.000,1.0
2010-01-28,03:06:00,0.348,0.120,245.700,1.400,0.000,1.000,0.0
2010-01-28,03:07:00,0.348,0.118,245.700,1.400,0.000,1.000,1.0
2010-01-28,03:08:00,0.348,0.120,246.100,1.400,0.000,1.000,1.0
2010-01-28,03:09:00,0.438,0.220,246.980,2.000,0.000,1.000,1.0
2010-01-28,03:10:00,0.462,0.270,247.290,2.200,0.000,2.000,0.0
2010-01-28,03:11:00,0.458,0.268,247.030,2.000,0.000,1.000,1.0
2010-01-28,03:12:00,0.454,0.260,245.640,2.000,0.000,1.000,1.0
2010-01-28,03:13:00,0.454,0.262,246.080,2.000,0.000,1.000,0.0
2010-01-28,03:14:00,0.452,0.264,246.250,2.000,0.000,1.000,1.0
2010-01-28,03:15:00,0.452,0.266,246.630,2.000,0.000,2.000,1.0
2010-01-28,03:16:00,0.452,0.270,247.090,2.000,0.000,1.000,0.0
2010-01-28,03:17:00,0.450,0.266,246.510,2.000,0.000,1.000,1.0
2010-01-28,03:18:00,0.448,0.266,246.550,2.000,0.000,1.000,1.0
2010-01-28,03:19:00,0.444,0.258,245.090,2.000,0.000,1.000,0.0
2010-01-28,03:20:00,0.446,0.264,246.070,2.000,0.000,2.000,1.0
2010-01-28,03:21:00,0.442,0.260,245.220,2.000,0.000,1.000,1.0
2010-01-28,03:22:00,0.442,0.260,245.450,2.000,0.000,1.000,0.0
2010-01-28,03:23:00,0.388,0.160,245.300,1.600,0.000,0.000,1.0
2010-01-28,03:24:00,0.320,0.054,246.110,1.400,0.000,0.000,1.0
2010-01-28,03:25:00,0.280,0.000,246.390,1.200,0.000,0.000,0.0
2010-01-28,03:26:00,0.280,0.000,246.000,1.200,0.000,0.000,1.0
2010-01-28,03:27:00,0.282,0.000,246.810,1.200,0.000,0.000,1.0
2010-01-28,03:28:00,0.282,0.000,246.870,1.200,0.000,0.000,1.0
2010-01-28,03:29:00,0.284,0.000,247.550,1.200,0.000,0.000,0.0
2010-01-28,03:30:00,0.282,0.000,246.900,1.200,0.000,0.000,1.0
2010-01-28,03:31:00,0.282,0.000,246.860,1.200,0.000,0.000,1.0
2010-01-28,03:32:00,0.278,0.000,245.340,1.200,0.000,0.000,0.0
2010-01-28,03:33:00,0.278,0.000,245.510,1.200,0.000,0.000,1.0
2010-01-28,03:34:00,0.276,0.000,244.720,1.200,0.000,0.000,1.0
2010-01-28,03:35:00,0.278,0.000,245.190,1.200,0.000,0.000,0.0
2010-01-28,03:36:00,0.280,0.000,245.720,1.200,0.000,0.000,1.0
2010-01-28,03:37:00,0.282,0.000,247.080,1.200,0.000,0.000,1.0
2010-01-28,03:38:00,0.332,0.000,246.790,1.400,0.000,0.000,0.0
2010-01-28,03:39:00,0.358,0.108,247.820,1.400,0.000,0.000,1.0
2010-01-28,03:40:00,0.358,0.106,247.230,1.400,0.000,0.000,1.0
2010-01-28,03:41:00,0.358,0.106,247.040,1.400,0.000,0.000,0.0
2010-01-28,03:42:00,0.358,0.106,247.230,1.400,0.000,0.000,1.0
2010-01-28,03:43:00,0.358,0.106,247.180,1.400,0.000,0.000,1.0
2010-01-28,03:44:00,0.356,0.106,247.160,1.400,0.000,0.000,0.0
2010-01-28,03:45:00,0.354,0.106,247.050,1.400,0.000,0.000,1.0
2010-01-28,03:46:00,0.356,0.108,247.870,1.400,0.000,0.000,1.0
2010-01-28,03:47:00,0.322,0.056,247.500,1.400,0.000,0.000,1.0
2010-01-28,03:48:00,0.284,0.000,248.140,1.200,0.000,0.000,0.0
2010-01-28,03:49:00,0.284,0.000,247.450,1.200,0.000,0.000,1.0
2010-01-28,03:50:00,0.284,0.000,247.890,1.200,0.000,0.000,1.0
2010-01-28,03:51:00,0.282,0.000,247.340,1.200,0.000,0.000,0.0
2010-01-28,03:52:00,0.284,0.000,247.800,1.200,0.000,0.000,1.0
2010-01-28,03:53:00,0.284,0.000,247.790,1.200,0.000,0.000,1.0
2010-01-28,03:54:00,0.284,0.000,247.920,1.200,0.000,0.000,0.0
2010-01-28,03:55:00,0.318,0.000,248.480,1.400,0.000,0.000,1.0
2010-01-28,03:56:00,0.396,0.142,247.720,1.600,0.000,0.000,1.0
2010-01-28,03:57:00,0.396,0.144,248.290,1.600,0.000,0.000,1.0
2010-01-28,03:58:00,0.392,0.142,247.810,1.600,0.000,0.000,0.0
2010-01-28,03:59:00,0.392,0.142,247.790,1.600,0.000,0.000,1.0
2010-01-28,04:00:00,0.390,0.142,247.660,1.600,0.000,0.000,1.0
2010-01-28,04:01:00,0.390,0.146,248.480,1.600,0.000,0.000,0.0
2010-01-28,04:02:00,0.388,0.142,247.710,1.600,0.000,0.000,1.0
2010-01-28,04:03:00,0.386,0.142,247.690,1.600,0.000,0.000,1.0
2010-01-28,04:04:00,0.384,0.140,246.990,1.600,0.000,0.000,0.0
2010-01-28,04:05:00,0.380,0.134,245.860,1.600,0.000,0.000,1.0
2010-01-28,04:06:00,0.380,0.136,246.110,1.600,0.000,0.000,1.0
2010-01-28,04:07:00,0.376,0.132,245.050,1.600,0.000,0.000,0.0
2010-01-28,04:08:00,0.378,0.136,246.140,1.600,0.000,0.000,1.0
2010-01-28,04:09:00,0.378,0.136,246.280,1.600,0.000,0.000,1.0
2010-01-28,04:10:00,0.368,0.124,246.670,1.600,0.000,0.000,0.0
2010-01-28,04:11:00,0.280,0.000,245.830,1.200,0.000,0.000,1.0
2010-01-28,04:12:00,0.280,0.000,245.720,1.200,0.000,0.000,1.0
2010-01-28,04:13:00,0.278,0.000,244.410,1.200,0.000,0.000,0.0
2010-01-28,04:14:00,0.278,0.000,245.140,1.200,0.000,0.000,1.0
2010-01-28,04:15:00,0.278,0.000,244.730,1.200,0.000,0.000,1.0
2010-01-28,04:16:00,0.280,0.000,245.720,1.200,0.000,0.000,1.0
2010-01-28,04:17:00,0.282,0.000,246.400,1.200,0.000,0.000,0.0
2010-01-28,04:18:00,0.280,0.000,246.000,1.200,0.000,0.000,1.0
2010-01-28,04:19:00,0.282,0.000,246.860,1.200,0.000,0.000,1.0
2010-01-28,04:20:00,0.282,0.000,246.450,1.200,0.000,0.000,0.0
2010-01-28,04:21:00,0.280,0.000,246.140,1.200,0.000,0.000,1.0
2010-01-28,04:22:00,0.280,0.000,245.630,1.200,0.000,0.000,1.0
2010-01-28,04:23:00,0.280,0.000,246.020,1.200,0.000,0.000,0.0
2010-01-28,04:24:00,0.280,0.000,245.400,1.200,0.000,0.000,1.0
2010-01-28,04:25:00,0.282,0.000,247.060,1.200,0.000,0.000,1.0
2010-01-28,04:26:00,0.284,0.000,247.610,1.200,0.000,0.000,0.0
2010-01-28,04:27:00,0.284,0.000,247.750,1.200,0.000,0.000,1.0
2010-01-28,04:28:00,0.284,0.000,247.070,1.200,0.000,0.000,1.0
2010-01-28,04:29:00,0.282,0.000,246.780,1.200,0.000,0.000,0.0
2010-01-28,04:30:00,0.282,0.000,246.730,1.200,0.000,0.000,1.0
2010-01-28,04:31:00,0.282,0.000,246.370,1.200,0.000,0.000,1.0
2010-01-28,04:32:00,0.282,0.000,246.830,1.200,0.000,0.000,0.0
2010-01-28,04:33:00,0.282,0.000,246.910,1.200,0.000,0.000,1.0
2010-01-28,04:34:00,0.284,0.000,247.680,1.200,0.000,0.000,1.0
2010-01-28,04:35:00,0.280,0.000,246.020,1.200,0.000,0.000,1.0
2010-01-28,04:36:00,0.282,0.000,246.820,1.200,0.000,0.000,0.0
2010-01-28,04:37:00,0.306,0.000,245.830,1.400,0.000,0.000,1.0
2010-01-28,04:38:00,0.356,0.104,246.660,1.400,0.000,0.000,1.0
2010-01-28,04:39:00,0.354,0.102,246.030,1.400,0.000,0.000,0.0
2010-01-28,04:40:00,0.356,0.102,246.120,1.400,0.000,0.000,1.0
2010-01-28,04:41:00,0.354,0.102,245.810,1.400,0.000,0.000,1.0
2010-01-28,04:42:00,0.374,0.112,246.900,1.600,0.000,0.000,0.0
2010-01-28,04:43:00,0.468,0.248,246.840,2.000,0.000,0.000,1.0
2010-01-28,04:44:00,0.466,0.248,246.830,2.000,0.000,0.000,1.0
2010-01-28,04:45:00,0.462,0.248,246.650,2.000,0.000,0.000,0.0
2010-01-28,04:46:00,0.438,0.214,246.370,2.000,0.000,0.000,1.0
2010-01-28,04:47:00,0.386,0.136,246.500,1.600,0.000,0.000,1.0
2010-01-28,04:48:00,0.384,0.134,245.730,1.600,0.000,0.000,0.0
2010-01-28,04:49:00,0.384,0.136,246.390,1.600,0.000,0.000,1.0
2010-01-28,04:50:00,0.382,0.134,245.990,1.600,0.000,0.000,1.0
2010-01-28,04:51:00,0.380,0.136,246.180,1.600,0.000,0.000,1.0
2010-01-28,04:52:00,0.378,0.132,245.590,1.600,0.000,0.000,0.0
2010-01-28,04:53:00,0.378,0.134,245.870,1.600,0.000,0.000,1.0
2010-01-28,04:54:00,0.376,0.134,245.590,1.600,0.000,0.000,1.0
2010-01-28,04:55:00,0.376,0.136,246.060,1.600,0.000,0.000,0.0
2010-01-28,04:56:00,0.374,0.134,245.430,1.600,0.000,0.000,1.0
2010-01-28,04:57:00,0.374,0.132,244.960,1.600,0.000,0.000,1.0
2010-01-28,04:58:00,0.282,0.000,245.690,1.200,0.000,0.000,0.0
2010-01-28,04:59:00,0.278,0.000,244.700,1.200,0.000,0.000,1.0
2010-01-28,05:00:00,0.280,0.000,245.690,1.200,0.000,0.000,1.0
2010-01-28,05:01:00,0.278,0.000,244.690,1.200,0.000,0.000,0.0
2010-01-28,05:02:00,0.278,0.000,245.560,1.200,0.000,0.000,1.0
2010-01-28,05:03:00,0.278,0.000,245.290,1.200,0.000,0.000,1.0
2010-01-28,05:04:00,0.280,0.000,245.680,1.200,0.000,0.000,0.0
2010-01-28,05:05:00,0.280,0.000,245.630,1.200,0.000,0.000,1.0
2010-01-28,05:06:00,0.280,0.000,245.670,1.200,0.000,0.000,1.0
2010-01-28,05:07:00,0.280,0.000,246.070,1.200,0.000,0.000,0.0
2010-01-28,05:08:00,0.278,0.000,245.150,1.200,0.000,0.000,1.0
2010-01-28,05:09:00,0.280,0.000,245.850,1.200,0.000,0.000,1.0
2010-01-28,05:10:00,0.278,0.000,245.250,1.200,0.000,0.000,0.0
2010-01-28,05:11:00,0.278,0.000,245.470,1.200,0.000,0.000,1.0
2010-01-28,05:12:00,0.278,0.000,244.780,1.200,0.000,0.000,1.0
2010-01-28,05:13:00,0.280,0.000,246.260,1.200,0.000,0.000,0.0
2010-01-28,05:14:00,0.282,0.000,246.700,1.200,0.000,0.000,1.0
2010-01-28,05:15:00,0.282,0.000,246.700,1.200,0.000,0.000,1.0
2010-01-28,05:16:00,0.282,0.000,246.550,1.200,0.000,0.000,1.0
2010-01-28,05:17:00,0.280,0.000,246.090,1.200,0.000,0.000,0.0
2010-01-28,05:18:00,0.280,0.000,245.790,1.200,0.000,0.000,1.0
2010-01-28,05:19:00,0.280,0.000,246.480,1.200,0.000,0.000,1.0
2010-01-28,05:20:00,0.284,0.000,248.150,1.200,0.000,0.000,0.0
2010-01-28,05:21:00,0.284,0.000,248.250,1.200,0.000,0.000,1.0
2010-01-28,05:22:00,0.288,0.000,249.530,1.200,0.000,0.000,1.0
2010-01-28,05:23:00,0.286,0.000,248.560,1.200,0.000,0.000,0.0
2010-01-28,05:24:00,0.284,0.000,248.150,1.200,0.000,0.000,1.0
2010-01-28,05:25:00,0.284,0.000,247.630,1.200,0.000,0.000,1.0
2010-01-28,05:26:00,0.284,0.000,247.980,1.200,0.000,0.000,0.0
2010-01-28,05:27:00,0.282,0.000,246.660,1.200,0.000,0.000,1.0
2010-01-28,05:28:00,0.282,0.000,247.220,1.200,0.000,0.000,1.0
2010-01-28,05:29:00,0.284,0.000,247.450,1.200,0.000,0.000,1.0
2010-01-28,05:30:00,0.370,0.092,248.310,1.600,0.000,0.000,0.0
2010-01-28,05:31:00,0.396,0.142,247.710,1.600,0.000,0.000,1.0
2010-01-28,05:32:00,0.394,0.144,247.990,1.600,0.000,0.000,1.0
2010-01-28,05:33:00,0.394,0.146,248.760,1.600,0.000,0.000,0.0
2010-01-28,05:34:00,0.392,0.146,248.680,1.600,0.000,0.000,1.0
2010-01-28,05:35:00,0.392,0.150,249.240,1.600,0.000,0.000,1.0
2010-01-28,05:36:00,0.390,0.146,248.600,1.600,0.000,0.000,0.0
2010-01-28,05:37:00,0.390,0.148,248.900,1.600,0.000,0.000,1.0
2010-01-28,05:38:00,0.388,0.146,248.560,1.600,0.000,0.000,1.0
2010-01-28,05:39:00,0.442,0.204,247.870,2.000,0.000,0.000,1.0
2010-01-28,05:40:00,0.458,0.252,247.390,2.000,0.000,0.000,0.0
2010-01-28,05:41:00,0.458,0.254,247.940,2.000,0.000,0.000,1.0
2010-01-28,05:42:00,0.458,0.256,248.200,2.000,0.000,0.000,1.0
2010-01-28,05:43:00,0.456,0.254,247.970,2.000,0.000,0.000,0.0
2010-01-28,05:44:00,0.454,0.252,247.270,2.000,0.000,0.000,1.0
2010-01-28,05:45:00,0.378,0.138,245.360,1.600,0.000,0.000,1.0
2010-01-28,05:46:00,0.352,0.100,245.460,1.400,0.000,0.000,0.0
2010-01-28,05:47:00,0.348,0.098,244.480,1.400,0.000,0.000,1.0
2010-01-28,05:48:00,0.312,0.000,245.370,1.200,0.000,0.000,1.0
2010-01-28,05:49:00,0.278,0.000,245.110,1.200,0.000,0.000,0.0
2010-01-28,05:50:00,0.280,0.000,246.040,1.200,0.000,0.000,1.0
2010-01-28,05:51:00,0.282,0.000,245.690,1.200,0.000,0.000,1.0
2010-01-28,05:52:00,0.288,0.000,246.160,1.200,0.000,0.000,0.0
2010-01-28,05:53:00,0.288,0.000,246.160,1.200,0.000,0.000,1.0
2010-01-28,05:54:00,0.290,0.000,246.940,1.200,0.000,0.000,1.0
2010-01-28,05:55:00,0.288,0.000,246.660,1.200,0.000,0.000,0.0
2010-01-28,05:56:00,0.288,0.000,246.300,1.200,0.000,0.000,1.0
2010-01-28,05:57:00,0.286,0.000,246.100,1.200,0.000,0.000,1.0
2010-01-28,05:58:00,0.284,0.000,245.440,1.200,0.000,0.000,1.0
2010-01-28,05:59:00,0.284,0.000,245.300,1.200,0.000,0.000,0.0
2010-01-28,06:00:00,0.284,0.000,244.850,1.200,0.000,0.000,1.0
2010-01-28,06:01:00,0.284,0.000,245.670,1.200,0.000,0.000,1.0
2010-01-28,06:02:00,0.284,0.000,244.990,1.200,0.000,0.000,0.0
2010-01-28,06:03:00,0.284,0.000,245.880,1.200,0.000,0.000,1.0
2010-01-28,06:04:00,0.284,0.000,245.710,1.200,0.000,0.000,1.0
2010-01-28,06:05:00,0.284,0.000,245.100,1.200,0.000,0.000,0.0
2010-01-28,06:06:00,0.284,0.000,245.510,1.200,0.000,0.000,1.0
2010-01-28,06:07:00,0.282,0.000,244.670,1.200,0.000,0.000,1.0
2010-01-28,06:08:00,0.284,0.000,245.630,1.200,0.000,0.000,0.0
2010-01-28,06:09:00,0.282,0.000,245.110,1.200,0.000,0.000,1.0
2010-01-28,06:10:00,0.284,0.000,245.450,1.200,0.000,0.000,1.0
2010-01-28,06:11:00,0.282,0.000,244.920,1.200,0.000,0.000,0.0
2010-01-28,06:12:00,0.282,0.000,244.920,1.200,0.000,0.000,1.0
2010-01-28,06:13:00,0.282,0.000,245.230,1.200,0.000,0.000,1.0
2010-01-28,06:14:00,0.284,0.000,245.460,1.200,0.000,0.000,0.0
2010-01-28,06:15:00,0.282,0.000,245.210,1.200,0.000,0.000,1.0
2010-01-28,06:16:00,0.282,0.000,245.460,1.200,0.000,0.000,1.0
2010-01-28,06:17:00,0.352,0.062,245.350,1.600,0.000,0.000,0.0
2010-01-28,06:18:00,0.396,0.134,245.910,1.600,0.000,0.000,1.0
2010-01-28,06:19:00,0.394,0.136,246.500,1.600,0.000,0.000,1.0
2010-01-28,06:20:00,0.388,0.130,245.030,1.600,0.000,0.000,0.0
2010-01-28,06:21:00,0.392,0.138,246.550,1.600,0.000,0.000,1.0
2010-01-28,06:22:00,0.386,0.130,244.800,1.600,0.000,0.000,1.0
2010-01-28,06:23:00,0.384,0.130,244.810,1.600,0.000,0.000,0.0
2010-01-28,06:24:00,0.380,0.126,244.000,1.600,0.000,0.000,1.0
2010-01-28,06:25:00,0.380,0.126,244.020,1.600,0.000,0.000,1.0
2010-01-28,06:26:00,0.378,0.126,243.620,1.600,0.000,0.000,1.0
2010-01-28,06:27:00,0.394,0.146,243.990,1.600,0.000,0.000,0.0
2010-01-28,06:28:00,0.478,0.162,243.880,2.000,0.000,0.000,1.0
2010-01-28,06:29:00,0.554,0.164,243.290,2.400,0.000,0.000,1.0
2010-01-28,06:30:00,0.686,0.162,243.610,2.800,0.000,0.000,0.0
2010-01-28,06:31:00,0.686,0.164,243.780,2.800,0.000,0.000,1.0
2010-01-28,06:32:00,0.722,0.108,244.610,3.000,0.000,0.000,1.0
2010-01-28,06:33:00,0.726,0.048,245.170,3.000,0.000,0.000,0.0
2010-01-28,06:34:00,0.714,0.050,245.570,2.800,0.000,0.000,1.0
2010-01-28,06:35:00,0.712,0.050,245.230,2.800,0.000,0.000,1.0
2010-01-28,06:36:00,0.718,0.052,246.350,2.800,0.000,0.000,0.0
2010-01-28,06:37:00,0.858,0.000,245.190,3.400,0.000,0.000,1.0
2010-01-28,06:38:00,0.844,0.000,245.630,3.400,0.000,0.000,1.0
2010-01-28,06:39:00,0.836,0.000,244.520,3.400,0.000,0.000,0.0
2010-01-28,06:40:00,0.830,0.000,243.530,3.400,0.000,0.000,1.0
2010-01-28,06:41:00,0.902,0.062,243.620,3.800,0.000,0.000,1.0
2010-01-28,06:42:00,1.198,0.102,242.110,5.200,0.000,0.000,0.0
2010-01-28,06:43:00,2.316,0.100,242.240,10.000,0.000,0.000,1.0
2010-01-28,06:44:00,2.034,0.116,242.330,8.800,0.000,0.000,1.0
2010-01-28,06:45:00,2.390,0.120,241.940,10.200,0.000,0.000,0.0
2010-01-28,06:46:00,2.470,0.128,240.860,10.600,0.000,0.000,1.0
2010-01-28,06:47:00,2.668,0.086,240.880,11.400,0.000,0.000,1.0
2010-01-28,06:48:00,3.054,0.116,239.810,13.200,0.000,0.000,0.0
2010-01-28,06:49:00,3.392,0.244,239.820,14.800,0.000,0.000,1.0
2010-01-28,06:50:00,2.704,0.144,240.070,12.000,0.000,0.000,1.0
2010-01-28,06:51:00,1.592,0.150,242.330,7.200,0.000,0.000,0.0
2010-01-28,06:52:00,1.312,0.068,241.390,5.400,0.000,0.000,1.0
2010-01-28,06:53:00,1.874,0.000,240.170,8.200,0.000,0.000,1.0
2010-01-28,06:54:00,1.464,0.000,241.460,6.400,0.000,0.000,0.0
2010-01-28,06:55:00,1.260,0.000,240.710,5.200,0.000,0.000,1.0
2010-01-28,06:56:00,1.174,0.000,241.420,4.800,0.000,0.000,0.0
2010-01-28,06:57:00,1.144,0.000,240.830,4.800,0.000,0.000,1.0
2010-01-28,06:58:00,1.226,0.000,240.350,5.000,0.000,0.000,1.0
2010-01-28,06:59:00,1.412,0.064,239.870,6.000,0.000,0.000,0.0
2010-01-28,07:00:00,1.892,0.100,239.300,7.800,0.000,0.000,1.0
2010-01-28,07:01:00,1.900,0.100,239.360,8.000,0.000,0.000,1.0
2010-01-28,07:02:00,1.768,0.104,239.970,7.400,0.000,0.000,0.0
2010-01-28,07:03:00,1.264,0.116,241.700,5.200,0.000,0.000,1.0
2010-01-28,07:04:00,1.644,0.116,241.980,7.200,0.000,0.000,6.0
2010-01-28,07:05:00,2.384,0.108,241.480,9.800,0.000,0.000,19.0
2010-01-28,07:06:00,2.344,0.108,241.680,9.600,0.000,0.000,19.0
2010-01-28,07:07:00,2.368,0.112,242.780,9.800,0.000,0.000,19.0
2010-01-28,07:08:00,2.340,0.108,241.340,9.600,0.000,0.000,19.0
2010-01-28,07:09:00,2.334,0.104,240.700,9.600,0.000,0.000,18.0
2010-01-28,07:10:00,2.294,0.102,240.080,9.400,0.000,0.000,19.0
2010-01-28,07:11:00,2.300,0.102,239.840,9.600,0.000,0.000,18.0
2010-01-28,07:12:00,2.270,0.102,239.500,9.400,0.000,0.000,19.0
2010-01-28,07:13:00,2.434,0.102,240.310,10.000,0.000,0.000,18.0
2010-01-28,07:14:00,2.570,0.102,239.960,10.600,0.000,0.000,18.0
2010-01-28,07:15:00,2.700,0.064,238.230,11.200,0.000,0.000,18.0
2010-01-28,07:16:00,2.664,0.064,238.210,11.200,1.000,0.000,18.0
2010-01-28,07:17:00,4.012,0.000,237.570,17.200,26.000,0.000,18.0
2010-01-28,07:18:00,4.530,0.000,237.600,19.000,38.000,0.000,18.0
2010-01-28,07:19:00,4.524,0.000,237.500,19.000,38.000,0.000,18.0
2010-01-28,07:20:00,4.504,0.000,237.110,19.000,37.000,0.000,18.0
2010-01-28,07:21:00,4.572,0.000,236.970,19.200,37.000,0.000,18.0
2010-01-28,07:22:00,4.588,0.000,237.910,19.200,38.000,0.000,18.0
2010-01-28,07:23:00,4.550,0.000,236.900,19.200,37.000,0.000,18.0
2010-01-28,07:24:00,4.550,0.000,236.910,19.200,37.000,0.000,18.0
2010-01-28,07:25:00,4.518,0.000,236.210,19.000,37.000,0.000,18.0
2010-01-28,07:26:00,4.408,0.000,236.140,18.600,37.000,0.000,17.0
2010-01-28,07:27:00,4.432,0.000,236.430,18.600,37.000,0.000,18.0
2010-01-28,07:28:00,4.466,0.000,237.150,18.800,38.000,0.000,18.0
2010-01-28,07:29:00,3.190,0.108,239.570,14.000,15.000,0.000,18.0
2010-01-28,07:30:00,2.376,0.146,239.930,9.800,1.000,0.000,19.0
2010-01-28,07:31:00,2.422,0.140,240.240,10.000,1.000,0.000,18.0
2010-01-28,07:32:00,2.488,0.218,239.330,10.400,0.000,0.000,22.0
2010-01-28,07:33:00,2.870,0.242,238.220,12.000,0.000,0.000,27.0
2010-01-28,07:34:00,2.936,0.250,237.700,12.400,1.000,0.000,27.0
2010-01-28,07:35:00,3.384,0.246,237.310,14.600,5.000,0.000,27.0
2010-01-28,07:36:00,5.166,0.226,237.060,21.800,37.000,0.000,27.0
2010-01-28,07:37:00,4.880,0.186,237.230,20.600,37.000,0.000,26.0
2010-01-28,07:38:00,2.428,0.116,239.750,10.000,4.000,0.000,19.0
2010-01-28,07:39:00,2.454,0.098,239.230,10.200,0.000,0.000,18.0
2010-01-28,07:40:00,2.730,0.000,240.500,11.600,6.000,0.000,18.0
2010-01-28,07:41:00,3.922,0.000,238.350,16.400,37.000,0.000,18.0
2010-01-28,07:42:00,3.916,0.000,239.580,16.200,38.000,0.000,19.0
2010-01-28,07:43:00,3.934,0.000,239.090,16.400,38.000,0.000,18.0
2010-01-28,07:44:00,3.938,0.000,239.070,16.400,38.000,0.000,18.0
2010-01-28,07:45:00,3.950,0.000,238.390,16.400,37.000,0.000,18.0
2010-01-28,07:46:00,4.026,0.100,238.600,16.800,38.000,0.000,18.0
2010-01-28,07:47:00,3.988,0.096,237.450,16.800,37.000,0.000,18.0
2010-01-28,07:48:00,4.014,0.100,238.470,16.800,37.000,0.000,18.0
2010-01-28,07:49:00,4.012,0.100,238.540,16.800,38.000,0.000,18.0
2010-01-28,07:50:00,3.206,0.110,239.340,14.000,27.000,0.000,18.0
2010-01-28,07:51:00,1.816,0.150,241.160,7.400,0.000,0.000,19.0
2010-01-28,07:52:00,1.736,0.122,240.330,7.200,0.000,0.000,18.0
2010-01-28,07:53:00,1.764,0.144,241.040,7.200,1.000,0.000,19.0
2010-01-28,07:54:00,2.114,0.130,240.420,8.800,0.000,0.000,18.0
2010-01-28,07:55:00,2.566,0.098,239.310,10.600,0.000,0.000,18.0
2010-01-28,07:56:00,2.220,0.098,238.570,9.400,0.000,0.000,19.0
2010-01-28,07:57:00,1.790,0.114,241.570,7.400,0.000,0.000,18.0
2010-01-28,07:58:00,1.814,0.118,242.970,7.400,0.000,0.000,19.0
2010-01-28,07:59:00,1.818,0.120,243.330,7.400,0.000,0.000,19.0
2010-01-28,08:00:00,1.808,0.116,242.560,7.400,0.000,0.000,18.0
2010-01-28,08:01:00,1.798,0.114,241.970,7.400,0.000,0.000,19.0
2010-01-28,08:02:00,1.632,0.000,242.470,6.600,0.000,0.000,19.0
2010-01-28,08:03:00,1.708,0.000,242.280,7.000,0.000,0.000,18.0
2010-01-28,08:04:00,1.732,0.000,243.360,7.000,0.000,0.000,19.0
2010-01-28,08:05:00,1.710,0.000,241.740,7.000,0.000,0.000,19.0
2010-01-28,08:06:00,1.730,0.000,243.320,7.000,0.000,0.000,19.0
2010-01-28,08:07:00,1.716,0.000,242.210,7.000,0.000,0.000,18.0
2010-01-28,08:08:00,1.710,0.000,242.160,7.000,0.000,0.000,19.0
2010-01-28,08:09:00,1.678,0.000,239.960,7.000,0.000,0.000,18.0
2010-01-28,08:10:00,1.696,0.000,240.860,7.000,0.000,0.000,19.0
2010-01-28,08:11:00,1.706,0.000,241.540,7.000,0.000,0.000,18.0
2010-01-28,08:12:00,2.000,0.000,241.960,8.200,0.000,0.000,19.0
2010-01-28,08:13:00,2.016,0.000,242.450,8.200,0.000,0.000,18.0
2010-01-28,08:14:00,2.028,0.000,242.080,8.200,0.000,0.000,19.0
2010-01-28,08:15:00,2.060,0.000,242.300,8.400,0.000,0.000,19.0
2010-01-28,08:16:00,2.054,0.000,241.610,8.400,0.000,0.000,18.0
2010-01-28,08:17:00,2.088,0.000,241.930,8.600,0.000,0.000,19.0
2010-01-28,08:18:00,1.870,0.218,242.060,7.600,0.000,1.000,19.0
2010-01-28,08:19:00,1.872,0.220,242.490,7.600,0.000,2.000,18.0
2010-01-28,08:20:00,1.892,0.220,242.720,7.800,0.000,1.000,19.0
2010-01-28,08:21:00,2.044,0.218,243.220,8.400,0.000,2.000,19.0
2010-01-28,08:22:00,2.038,0.216,242.690,8.400,0.000,1.000,18.0
2010-01-28,08:23:00,2.044,0.216,242.830,8.400,0.000,1.000,19.0
2010-01-28,08:24:00,2.792,0.208,241.920,11.800,0.000,2.000,19.0
2010-01-28,08:25:00,3.338,0.204,241.240,13.800,0.000,1.000,18.0
2010-01-28,08:26:00,3.326,0.202,240.970,13.800,0.000,2.000,19.0
2010-01-28,08:27:00,2.258,0.214,242.450,9.400,0.000,1.000,18.0
2010-01-28,08:28:00,2.042,0.220,243.270,8.400,0.000,1.000,19.0
2010-01-28,08:29:00,2.022,0.194,242.580,8.200,0.000,2.000,19.0
2010-01-28,08:30:00,1.980,0.112,243.230,8.000,0.000,1.000,19.0
2010-01-28,08:31:00,1.978,0.112,243.090,8.000,0.000,2.000,19.0
2010-01-28,08:32:00,2.072,0.218,243.010,8.600,0.000,1.000,18.0
2010-01-28,08:33:00,2.072,0.248,242.730,8.600,0.000,2.000,19.0
2010-01-28,08:34:00,2.080,0.252,243.490,8.600,0.000,1.000,19.0
2010-01-28,08:35:00,2.080,0.250,243.200,8.600,0.000,1.000,19.0
2010-01-28,08:36:00,2.080,0.252,243.360,8.600,0.000,2.000,18.0
2010-01-28,08:37:00,2.072,0.250,242.990,8.600,0.000,1.000,19.0
2010-01-28,08:38:00,2.078,0.252,243.430,8.600,0.000,2.000,19.0
2010-01-28,08:39:00,2.068,0.252,243.370,8.400,0.000,1.000,19.0
2010-01-28,08:40:00,2.080,0.256,244.430,8.400,0.000,1.000,19.0
2010-01-28,08:41:00,2.070,0.252,243.420,8.400,0.000,2.000,19.0
2010-01-28,08:42:00,2.062,0.248,242.850,8.400,0.000,1.000,18.0
2010-01-28,08:43:00,2.074,0.254,243.890,8.400,0.000,1.000,19.0
2010-01-28,08:44:00,2.078,0.256,244.130,8.400,0.000,2.000,19.0
2010-01-28,08:45:00,2.082,0.258,244.740,8.400,0.000,1.000,19.0
2010-01-28,08:46:00,2.084,0.260,245.080,8.400,0.000,1.000,19.0
2010-01-28,08:47:00,2.096,0.264,245.800,8.600,0.000,1.000,20.0
2010-01-28,08:48:00,2.088,0.256,245.320,8.400,0.000,2.000,19.0
2010-01-28,08:49:00,2.004,0.120,245.590,8.000,0.000,1.000,19.0
2010-01-28,08:50:00,1.986,0.116,244.430,8.000,0.000,1.000,19.0
2010-01-28,08:51:00,1.984,0.114,244.330,8.000,0.000,1.000,19.0
2010-01-28,08:52:00,1.972,0.114,243.980,8.000,0.000,2.000,19.0
2010-01-28,08:53:00,1.964,0.112,243.450,8.000,0.000,1.000,19.0
2010-01-28,08:54:00,1.938,0.114,243.960,7.800,0.000,1.000,18.0
2010-01-28,08:55:00,1.584,0.118,243.660,6.400,0.000,1.000,19.0
2010-01-28,08:56:00,1.450,0.122,244.160,5.800,0.000,2.000,19.0
2010-01-28,08:57:00,1.466,0.118,242.980,6.000,0.000,1.000,19.0
2010-01-28,08:58:00,1.438,0.120,243.810,5.800,0.000,1.000,19.0
2010-01-28,08:59:00,1.434,0.120,243.380,5.800,0.000,1.000,19.0
2010-01-28,09:00:00,1.436,0.118,243.040,5.800,0.000,2.000,18.0
2010-01-28,09:01:00,1.442,0.120,243.530,5.800,0.000,1.000,19.0
2010-01-28,09:02:00,1.448,0.122,244.110,5.800,0.000,1.000,19.0
2010-01-28,09:03:00,1.432,0.118,242.850,5.800,0.000,1.000,19.0
2010-01-28,09:04:00,1.426,0.116,242.710,5.800,0.000,1.000,19.0
2010-01-28,09:05:00,1.430,0.118,243.240,5.800,0.000,2.000,19.0
2010-01-28,09:06:00,1.416,0.112,241.550,5.800,0.000,1.000,18.0
2010-01-28,09:07:00,1.420,0.114,241.750,5.800,0.000,1.000,19.0
2010-01-28,09:08:00,1.418,0.112,241.510,5.800,0.000,1.000,18.0
2010-01-28,09:09:00,1.428,0.116,242.460,5.800,0.000,1.000,19.0
2010-01-28,09:10:00,1.418,0.114,241.780,5.800,0.000,2.000,18.0
2010-01-28,09:11:00,1.414,0.114,241.840,5.800,0.000,1.000,19.0
2010-01-28,09:12:00,1.448,0.144,240.950,6.000,0.000,1.000,19.0
2010-01-28,09:13:00,1.496,0.218,241.670,6.200,0.000,1.000,18.0
2010-01-28,09:14:00,1.482,0.214,240.530,6.200,0.000,2.000,18.0
2010-01-28,09:15:00,1.490,0.216,241.200,6.200,0.000,1.000,19.0
2010-01-28,09:16:00,1.488,0.218,241.490,6.200,0.000,1.000,19.0
2010-01-28,09:17:00,1.482,0.218,241.360,6.200,0.000,1.000,18.0
2010-01-28,09:18:00,1.524,0.242,242.230,6.400,0.000,1.000,19.0
2010-01-28,09:19:00,1.626,0.366,243.810,6.800,0.000,2.000,19.0
2010-01-28,09:20:00,1.618,0.366,243.430,6.800,0.000,1.000,18.0
2010-01-28,09:21:00,1.590,0.352,241.380,6.600,0.000,1.000,19.0
2010-01-28,09:22:00,1.588,0.354,241.760,6.600,0.000,1.000,19.0
2010-01-28,09:23:00,1.570,0.336,241.630,6.600,0.000,1.000,18.0
2010-01-28,09:24:00,1.524,0.254,242.370,6.200,0.000,2.000,19.0
2010-01-28,09:25:00,1.528,0.254,242.540,6.400,0.000,1.000,18.0
2010-01-28,09:26:00,1.522,0.252,242.110,6.200,0.000,1.000,19.0
2010-01-28,09:27:00,1.508,0.248,241.030,6.200,0.000,1.000,19.0
2010-01-28,09:28:00,1.500,0.246,240.850,6.200,0.000,1.000,18.0
2010-01-28,09:29:00,1.494,0.244,240.580,6.200,0.000,1.000,18.0
2010-01-28,09:30:00,1.506,0.248,241.040,6.200,0.000,2.000,19.0
2010-01-28,09:31:00,1.514,0.252,241.870,6.200,0.000,1.000,18.0
2010-01-28,09:32:00,1.514,0.252,241.930,6.200,0.000,1.000,19.0
2010-01-28,09:33:00,1.518,0.254,242.330,6.200,0.000,1.000,19.0
2010-01-28,09:34:00,1.502,0.248,241.560,6.200,0.000,1.000,18.0
2010-01-28,09:35:00,1.492,0.224,242.370,6.200,0.000,2.000,19.0
2010-01-28,09:36:00,1.418,0.114,241.660,5.800,0.000,1.000,18.0
2010-01-28,09:37:00,1.426,0.116,242.290,5.800,0.000,1.000,19.0
2010-01-28,09:38:00,1.422,0.114,241.930,5.800,0.000,1.000,19.0
2010-01-28,09:39:00,1.416,0.114,241.540,5.800,0.000,1.000,18.0
2010-01-28,09:40:00,1.416,0.114,242.070,5.800,0.000,2.000,19.0
2010-01-28,09:41:00,1.422,0.116,242.580,5.800,0.000,1.000,19.0
2010-01-28,09:42:00,1.418,0.114,241.670,5.800,0.000,1.000,18.0
2010-01-28,09:43:00,1.418,0.114,241.610,5.800,0.000,1.000,19.0
2010-01-28,09:44:00,1.414,0.112,241.280,5.800,0.000,1.000,18.0
2010-01-28,09:45:00,1.416,0.114,241.590,5.800,0.000,1.000,19.0
2010-01-28,09:46:00,1.428,0.120,243.200,5.800,0.000,2.000,19.0
2010-01-28,09:47:00,1.432,0.120,243.350,5.800,0.000,1.000,18.0
2010-01-28,09:48:00,1.432,0.118,242.830,5.800,0.000,1.000,19.0
2010-01-28,09:49:00,1.424,0.116,242.180,5.800,0.000,1.000,19.0
2010-01-28,09:50:00,1.432,0.118,242.980,5.800,0.000,1.000,19.0
2010-01-28,09:51:00,1.412,0.114,241.370,5.800,0.000,2.000,18.0
2010-01-28,09:52:00,1.392,0.092,240.990,5.800,0.000,1.000,19.0
2010-01-28,09:53:00,1.346,0.000,241.570,5.400,0.000,0.000,18.0
2010-01-28,09:54:00,1.350,0.000,241.440,5.600,0.000,0.000,19.0
2010-01-28,09:55:00,1.342,0.000,240.680,5.400,0.000,0.000,18.0
2010-01-28,09:56:00,1.342,0.000,240.870,5.400,0.000,0.000,18.0
2010-01-28,09:57:00,1.336,0.000,240.380,5.400,0.000,0.000,19.0
2010-01-28,09:58:00,1.342,0.000,241.480,5.400,0.000,0.000,18.0
2010-01-28,09:59:00,1.340,0.000,241.260,5.400,0.000,0.000,19.0
2010-01-28,10:00:00,1.348,0.000,241.260,5.600,0.000,0.000,18.0
2010-01-28,10:01:00,1.356,0.000,241.940,5.600,0.000,0.000,19.0
2010-01-28,10:02:00,1.368,0.000,243.090,5.600,0.000,0.000,19.0
2010-01-28,10:03:00,1.368,0.000,243.230,5.600,0.000,0.000,19.0
2010-01-28,10:04:00,1.356,0.000,242.560,5.600,0.000,0.000,18.0
2010-01-28,10:05:00,1.430,0.054,243.140,5.800,0.000,0.000,19.0
2010-01-28,10:06:00,1.554,0.234,241.940,6.400,0.000,0.000,19.0
2010-01-28,10:07:00,1.540,0.234,242.230,6.400,0.000,0.000,18.0
2010-01-28,10:08:00,1.548,0.238,243.040,6.400,0.000,0.000,19.0
2010-01-28,10:09:00,1.542,0.238,242.790,6.400,0.000,0.000,19.0
2010-01-28,10:10:00,1.524,0.232,241.910,6.200,0.000,0.000,18.0
2010-01-28,10:11:00,1.524,0.234,242.120,6.200,0.000,0.000,19.0
2010-01-28,10:12:00,1.542,0.238,243.200,6.400,0.000,0.000,19.0
2010-01-28,10:13:00,1.534,0.238,242.810,6.400,0.000,0.000,19.0
2010-01-28,10:14:00,1.534,0.238,242.820,6.400,0.000,0.000,18.0
2010-01-28,10:15:00,1.530,0.238,242.910,6.200,0.000,0.000,19.0
2010-01-28,10:16:00,1.544,0.246,244.710,6.400,0.000,0.000,19.0
2010-01-28,10:17:00,1.524,0.222,244.150,6.200,0.000,0.000,19.0
2010-01-28,10:18:00,1.478,0.138,244.430,6.000,0.000,0.000,19.0
2010-01-28,10:19:00,1.482,0.140,244.860,6.000,0.000,0.000,19.0
2010-01-28,10:20:00,1.502,0.148,246.660,6.000,0.000,0.000,19.0
2010-01-28,10:21:00,1.484,0.140,245.130,6.000,0.000,0.000,19.0
2010-01-28,10:22:00,1.462,0.106,245.950,5.800,0.000,0.000,20.0
2010-01-28,10:23:00,1.386,0.000,245.200,5.600,0.000,0.000,19.0
2010-01-28,10:24:00,1.386,0.000,244.700,5.600,0.000,0.000,19.0
2010-01-28,10:25:00,1.384,0.000,244.500,5.600,0.000,0.000,19.0
2010-01-28,10:26:00,1.382,0.000,244.860,5.600,0.000,0.000,19.0
2010-01-28,10:27:00,1.398,0.000,246.330,5.600,0.000,0.000,19.0
2010-01-28,10:28:00,1.394,0.000,245.950,5.600,0.000,0.000,19.0
2010-01-28,10:29:00,1.398,0.000,246.350,5.600,0.000,0.000,19.0
2010-01-28,10:30:00,1.396,0.000,245.700,5.600,0.000,0.000,20.0
2010-01-28,10:31:00,1.396,0.000,245.720,5.600,0.000,0.000,19.0
2010-01-28,10:32:00,1.390,0.000,245.070,5.600,0.000,0.000,19.0
2010-01-28,10:33:00,1.400,0.000,246.080,5.600,0.000,0.000,19.0
2010-01-28,10:34:00,1.410,0.000,246.880,5.600,0.000,0.000,19.0
2010-01-28,10:35:00,1.406,0.000,246.550,5.600,0.000,0.000,20.0
2010-01-28,10:36:00,1.400,0.000,246.000,5.600,0.000,0.000,19.0
2010-01-28,10:37:00,1.392,0.000,245.870,5.600,0.000,0.000,19.0
2010-01-28,10:38:00,1.388,0.000,245.640,5.600,0.000,0.000,19.0
2010-01-28,10:39:00,1.386,0.000,245.470,5.600,0.000,0.000,19.0
2010-01-28,10:40:00,1.396,0.000,246.260,5.600,0.000,0.000,20.0
2010-01-28,10:41:00,1.392,0.000,245.860,5.600,0.000,0.000,19.0
2010-01-28,10:42:00,1.392,0.000,246.010,5.600,0.000,0.000,19.0
2010-01-28,10:43:00,1.380,0.000,244.950,5.600,0.000,0.000,19.0
2010-01-28,10:44:00,1.384,0.000,245.110,5.600,0.000,0.000,19.0
2010-01-28,10:45:00,1.388,0.000,245.040,5.600,0.000,0.000,19.0
2010-01-28,10:46:00,1.392,0.000,245.270,5.600,0.000,0.000,19.0
2010-01-28,10:47:00,1.382,0.000,244.410,5.600,0.000,0.000,19.0
2010-01-28,10:48:00,1.392,0.000,245.340,5.600,0.000,0.000,19.0
2010-01-28,10:49:00,1.396,0.000,245.630,5.600,0.000,0.000,20.0
2010-01-28,10:50:00,1.388,0.000,244.940,5.600,0.000,0.000,19.0
2010-01-28,10:51:00,1.388,0.000,244.840,5.600,0.000,0.000,19.0
2010-01-28,10:52:00,1.456,0.082,244.600,6.000,0.000,0.000,19.0
2010-01-28,10:53:00,1.498,0.142,245.570,6.000,0.000,0.000,19.0
2010-01-28,10:54:00,1.488,0.140,244.930,6.000,0.000,0.000,19.0
2010-01-28,10:55:00,1.504,0.146,246.470,6.000,0.000,0.000,19.0
2010-01-28,10:56:00,1.492,0.142,245.510,6.000,0.000,0.000,19.0
2010-01-28,10:57:00,1.502,0.146,246.470,6.000,0.000,0.000,20.0
2010-01-28,10:58:00,1.490,0.142,245.630,6.000,0.000,0.000,19.0
2010-01-28,10:59:00,1.490,0.144,245.760,6.000,0.000,0.000,19.0
2010-01-28,11:00:00,1.488,0.140,244.980,6.000,0.000,0.000,19.0
2010-01-28,11:01:00,1.576,0.248,244.570,6.400,0.000,0.000,19.0
2010-01-28,11:02:00,1.552,0.244,244.280,6.400,0.000,0.000,19.0
2010-01-28,11:03:00,1.566,0.252,245.510,6.400,0.000,0.000,19.0
2010-01-28,11:04:00,1.564,0.250,245.430,6.400,0.000,0.000,19.0
2010-01-28,11:05:00,1.554,0.248,245.010,6.400,0.000,0.000,19.0
2010-01-28,11:06:00,1.558,0.252,245.670,6.400,0.000,0.000,20.0
2010-01-28,11:07:00,1.540,0.244,244.210,6.400,0.000,0.000,18.0
2010-01-28,11:08:00,1.542,0.246,244.590,6.400,0.000,0.000,19.0
2010-01-28,11:09:00,1.476,0.164,243.480,6.000,0.000,0.000,19.0
2010-01-28,11:10:00,1.446,0.104,244.520,5.800,0.000,0.000,19.0
2010-01-28,11:11:00,1.442,0.104,244.190,5.800,0.000,0.000,19.0
2010-01-28,11:12:00,1.436,0.088,244.760,5.800,0.000,0.000,19.0
2010-01-28,11:13:00,1.374,0.000,244.420,5.600,0.000,0.000,19.0
2010-01-28,11:14:00,1.374,0.000,244.380,5.600,0.000,0.000,19.0
2010-01-28,11:15:00,1.364,0.000,243.500,5.600,0.000,0.000,19.0
2010-01-28,11:16:00,1.372,0.000,244.150,5.600,0.000,0.000,19.0
2010-01-28,11:17:00,1.372,0.000,244.160,5.600,0.000,0.000,19.0
2010-01-28,11:18:00,1.376,0.000,244.520,5.600,0.000,0.000,19.0
2010-01-28,11:19:00,1.384,0.000,245.230,5.600,0.000,0.000,19.0
2010-01-28,11:20:00,1.392,0.000,246.010,5.600,0.000,0.000,19.0
2010-01-28,11:21:00,1.402,0.000,246.860,5.600,0.000,0.000,20.0
2010-01-28,11:22:00,1.394,0.000,246.080,5.600,0.000,0.000,19.0
2010-01-28,11:23:00,1.390,0.000,245.810,5.600,0.000,0.000,19.0
2010-01-28,11:24:00,1.396,0.000,245.620,5.600,0.000,0.000,19.0
2010-01-28,11:25:00,1.406,0.000,246.610,5.600,0.000,0.000,19.0
2010-01-28,11:26:00,1.410,0.000,246.860,5.600,0.000,0.000,20.0
2010-01-28,11:27:00,1.406,0.000,246.830,5.600,0.000,0.000,19.0
2010-01-28,11:28:00,1.392,0.000,246.020,5.600,0.000,0.000,19.0
2010-01-28,11:29:00,1.386,0.000,245.480,5.600,0.000,0.000,19.0
2010-01-28,11:30:00,1.388,0.000,245.610,5.600,0.000,0.000,20.0
2010-01-28,11:31:00,1.386,0.000,245.490,5.600,0.000,0.000,19.0
2010-01-28,11:32:00,1.384,0.000,245.300,5.600,0.000,0.000,19.0
2010-01-28,11:33:00,1.388,0.000,245.540,5.600,0.000,0.000,19.0
2010-01-28,11:34:00,1.392,0.000,246.000,5.600,0.000,0.000,19.0
2010-01-28,11:35:00,1.378,0.000,244.660,5.600,0.000,0.000,19.0
2010-01-28,11:36:00,1.382,0.000,245.020,5.600,0.000,0.000,19.0
2010-01-28,11:37:00,1.374,0.000,244.280,5.600,0.000,0.000,19.0
2010-01-28,11:38:00,1.398,0.000,244.790,5.600,0.000,0.000,19.0
2010-01-28,11:39:00,1.492,0.138,244.470,6.000,0.000,0.000,19.0
2010-01-28,11:40:00,1.504,0.142,245.490,6.000,0.000,0.000,19.0
2010-01-28,11:41:00,1.498,0.142,245.350,6.000,0.000,0.000,20.0
2010-01-28,11:42:00,1.506,0.144,246.060,6.000,0.000,0.000,19.0
2010-01-28,11:43:00,1.496,0.142,245.440,6.000,0.000,0.000,19.0
2010-01-28,11:44:00,1.494,0.142,245.390,6.000,0.000,0.000,19.0
2010-01-28,11:45:00,1.486,0.142,245.250,6.000,0.000,0.000,19.0
2010-01-28,11:46:00,1.478,0.140,244.820,6.000,0.000,0.000,19.0
2010-01-28,11:47:00,1.480,0.140,245.030,6.000,0.000,0.000,19.0
2010-01-28,11:48:00,1.468,0.136,244.150,6.000,0.000,0.000,19.0
2010-01-28,11:49:00,1.468,0.136,244.130,6.000,0.000,0.000,19.0
2010-01-28,11:50:00,1.472,0.138,244.560,6.000,0.000,0.000,19.0
2010-01-28,11:51:00,1.474,0.140,244.830,6.000,0.000,0.000,19.0
2010-01-28,11:52:00,1.468,0.138,244.320,6.000,0.000,0.000,19.0
2010-01-28,11:53:00,1.460,0.136,243.650,6.000,0.000,0.000,19.0
2010-01-28,11:54:00,1.436,0.126,240.980,6.000,0.000,0.000,18.0
2010-01-28,11:55:00,1.426,0.106,241.240,5.800,0.000,0.000,19.0
2010-01-28,11:56:00,1.368,0.000,239.760,5.600,0.000,0.000,18.0
2010-01-28,11:57:00,1.416,0.094,240.670,5.800,0.000,0.000,19.0
2010-01-28,11:58:00,1.418,0.096,240.960,5.800,0.000,0.000,18.0
2010-01-28,11:59:00,1.422,0.096,241.350,5.800,0.000,0.000,19.0
2010-01-28,12:00:00,1.412,0.094,240.540,5.800,0.000,0.000,18.0
2010-01-28,12:01:00,1.416,0.094,240.900,5.800,0.000,0.000,18.0
2010-01-28,12:02:00,1.418,0.096,241.230,5.800,0.000,0.000,19.0
2010-01-28,12:03:00,1.402,0.092,240.160,5.800,0.000,0.000,18.0
2010-01-28,12:04:00,1.406,0.094,240.970,5.800,0.000,0.000,19.0
2010-01-28,12:05:00,1.402,0.092,240.600,5.800,0.000,0.000,18.0
2010-01-28,12:06:00,1.416,0.098,241.960,5.800,0.000,0.000,19.0
2010-01-28,12:07:00,1.402,0.094,240.720,5.800,0.000,0.000,18.0
2010-01-28,12:08:00,1.348,0.000,241.710,5.400,0.000,0.000,19.0
2010-01-28,12:09:00,1.344,0.000,241.040,5.600,0.000,0.000,18.0
2010-01-28,12:10:00,1.366,0.000,242.890,5.600,0.000,0.000,19.0
2010-01-28,12:11:00,1.366,0.000,242.890,5.600,0.000,0.000,19.0
2010-01-28,12:12:00,1.366,0.000,242.920,5.600,0.000,0.000,18.0
2010-01-28,12:13:00,1.360,0.000,242.380,5.600,0.000,0.000,19.0
2010-01-28,12:14:00,1.358,0.000,242.340,5.600,0.000,0.000,19.0
2010-01-28,12:15:00,1.354,0.000,241.920,5.600,0.000,0.000,18.0
2010-01-28,12:16:00,1.358,0.000,242.270,5.600,0.000,0.000,19.0
2010-01-28,12:17:00,1.368,0.000,243.110,5.600,0.000,0.000,19.0
2010-01-28,12:18:00,1.364,0.000,242.830,5.600,0.000,0.000,18.0
2010-01-28,12:19:00,1.366,0.000,242.950,5.600,0.000,0.000,19.0
2010-01-28,12:20:00,1.356,0.000,242.590,5.600,0.000,0.000,19.0
2010-01-28,12:21:00,1.362,0.000,243.280,5.600,0.000,0.000,19.0
2010-01-28,12:22:00,1.354,0.000,242.610,5.600,0.000,0.000,18.0
2010-01-28,12:23:00,1.362,0.000,243.290,5.600,0.000,0.000,19.0
2010-01-28,12:24:00,1.368,0.000,243.120,5.600,0.000,0.000,19.0
2010-01-28,12:25:00,1.454,0.090,242.950,6.000,0.000,0.000,19.0
2010-01-28,12:26:00,1.480,0.134,243.530,6.000,0.000,0.000,19.0
2010-01-28,12:27:00,1.476,0.134,243.510,6.000,0.000,0.000,18.0
2010-01-28,12:28:00,1.472,0.132,243.260,6.000,0.000,0.000,19.0
2010-01-28,12:29:00,1.476,0.134,243.750,6.000,0.000,0.000,19.0
2010-01-28,12:30:00,1.464,0.130,242.760,6.000,0.000,0.000,19.0
2010-01-28,12:31:00,1.462,0.130,242.700,6.000,0.000,0.000,18.0
2010-01-28,12:32:00,1.460,0.130,242.600,6.000,0.000,0.000,19.0
2010-01-28,12:33:00,1.464,0.132,243.040,6.000,0.000,0.000,19.0
2010-01-28,12:34:00,1.456,0.132,242.790,6.000,0.000,0.000,19.0
2010-01-28,12:35:00,1.456,0.132,243.150,6.000,0.000,0.000,18.0
2010-01-28,12:36:00,1.176,0.136,243.520,5.200,0.000,0.000,16.0
2010-01-28,12:37:00,0.366,0.146,243.650,1.600,0.000,0.000,1.0
2010-01-28,12:38:00,0.366,0.146,243.830,1.600,0.000,0.000,0.0
2010-01-28,12:39:00,0.370,0.140,242.350,1.600,0.000,0.000,1.0
2010-01-28,12:40:00,0.372,0.144,243.220,1.600,0.000,0.000,1.0
2010-01-28,12:41:00,0.370,0.142,242.880,1.600,0.000,0.000,0.0
2010-01-28,12:42:00,0.294,0.000,243.650,1.200,0.000,0.000,1.0
2010-01-28,12:43:00,0.276,0.000,243.290,1.200,0.000,0.000,1.0
2010-01-28,12:44:00,0.278,0.000,243.610,1.200,0.000,0.000,0.0
2010-01-28,12:45:00,0.274,0.000,242.180,1.000,0.000,0.000,1.0
2010-01-28,12:46:00,0.272,0.000,241.750,1.000,0.000,0.000,1.0
2010-01-28,12:47:00,0.264,0.000,240.890,1.000,0.000,0.000,0.0
2010-01-28,12:48:00,0.268,0.000,242.530,1.000,0.000,0.000,1.0
2010-01-28,12:49:00,0.268,0.000,242.650,1.000,0.000,0.000,1.0
2010-01-28,12:50:00,0.270,0.000,243.160,1.000,0.000,0.000,0.0
2010-01-28,12:51:00,0.270,0.000,243.280,1.000,0.000,0.000,1.0
2010-01-28,12:52:00,0.308,0.000,242.290,1.400,0.000,0.000,1.0
2010-01-28,12:53:00,0.346,0.112,242.810,1.400,0.000,0.000,0.0
2010-01-28,12:54:00,0.354,0.114,243.440,1.400,0.000,0.000,1.0
2010-01-28,12:55:00,0.356,0.116,244.050,1.400,0.000,0.000,1.0
2010-01-28,12:56:00,0.354,0.116,244.090,1.400,0.000,0.000,0.0
2010-01-28,12:57:00,0.354,0.118,244.630,1.400,0.000,0.000,1.0
2010-01-28,12:58:00,0.350,0.116,243.990,1.400,0.000,0.000,1.0
2010-01-28,12:59:00,0.344,0.116,244.160,1.400,0.000,0.000,0.0
2010-01-28,13:00:00,0.342,0.114,243.770,1.400,0.000,0.000,1.0
2010-01-28,13:01:00,0.344,0.116,244.340,1.400,0.000,0.000,1.0
2010-01-28,13:02:00,0.342,0.116,244.150,1.400,0.000,0.000,0.0
2010-01-28,13:03:00,0.344,0.118,244.880,1.400,0.000,0.000,1.0
2010-01-28,13:04:00,0.284,0.000,245.110,1.200,0.000,0.000,1.0
2010-01-28,13:05:00,0.274,0.000,244.920,1.000,0.000,0.000,0.0
2010-01-28,13:06:00,0.272,0.000,244.110,1.000,0.000,0.000,1.0
2010-01-28,13:07:00,0.268,0.000,242.190,1.000,0.000,0.000,1.0
2010-01-28,13:08:00,0.272,0.000,244.130,1.000,0.000,0.000,0.0
2010-01-28,13:09:00,0.274,0.000,245.400,1.000,0.000,0.000,1.0
2010-01-28,13:10:00,0.278,0.000,246.430,1.000,0.000,0.000,1.0
2010-01-28,13:11:00,0.326,0.062,245.490,1.400,0.000,0.000,0.0
2010-01-28,13:12:00,0.388,0.154,245.500,1.600,0.000,0.000,1.0
2010-01-28,13:13:00,0.382,0.150,244.550,1.600,0.000,0.000,1.0
2010-01-28,13:14:00,0.382,0.152,245.250,1.600,0.000,0.000,0.0
2010-01-28,13:15:00,0.378,0.150,244.560,1.600,0.000,0.000,1.0
2010-01-28,13:16:00,0.380,0.154,245.390,1.600,0.000,0.000,1.0
2010-01-28,13:17:00,0.378,0.152,244.980,1.600,0.000,0.000,0.0
2010-01-28,13:18:00,0.378,0.154,245.850,1.600,0.000,0.000,1.0
2010-01-28,13:19:00,0.378,0.156,246.340,1.600,0.000,0.000,1.0
2010-01-28,13:20:00,0.378,0.158,246.470,1.600,0.000,0.000,0.0
2010-01-28,13:21:00,0.378,0.158,246.690,1.600,0.000,0.000,1.0
2010-01-28,13:22:00,0.376,0.158,246.460,1.600,0.000,0.000,1.0
2010-01-28,13:23:00,0.374,0.156,246.040,1.600,0.000,0.000,0.0
2010-01-28,13:24:00,0.374,0.152,245.260,1.600,0.000,0.000,1.0
2010-01-28,13:25:00,0.380,0.154,245.470,1.600,0.000,0.000,1.0
2010-01-28,13:26:00,0.378,0.154,245.280,1.600,0.000,0.000,0.0
2010-01-28,13:27:00,0.370,0.152,245.250,1.600,0.000,0.000,1.0
2010-01-28,13:28:00,0.350,0.122,244.950,1.400,0.000,0.000,1.0
2010-01-28,13:29:00,0.276,0.000,245.680,1.000,0.000,0.000,1.0
2010-01-28,13:30:00,0.276,0.000,245.240,1.000,0.000,0.000,0.0
2010-01-28,13:31:00,0.276,0.000,245.560,1.000,0.000,0.000,1.0
2010-01-28,13:32:00,0.274,0.000,245.000,1.000,0.000,0.000,1.0
2010-01-28,13:33:00,0.276,0.000,245.180,1.000,0.000,0.000,0.0
2010-01-28,13:34:00,0.274,0.000,244.580,1.000,0.000,0.000,1.0
2010-01-28,13:35:00,0.278,0.000,246.170,1.000,0.000,0.000,1.0
2010-01-28,13:36:00,0.276,0.000,245.810,1.000,0.000,0.000,0.0
2010-01-28,13:37:00,0.278,0.000,246.210,1.000,0.000,0.000,1.0
2010-01-28,13:38:00,0.278,0.000,246.150,1.200,0.000,0.000,1.0
2010-01-28,13:39:00,0.280,0.000,246.460,1.200,0.000,0.000,0.0
2010-01-28,13:40:00,0.288,0.000,247.160,1.200,0.000,0.000,1.0
2010-01-28,13:41:00,0.288,0.000,247.250,1.200,0.000,0.000,1.0
2010-01-28,13:42:00,0.286,0.000,246.880,1.200,0.000,0.000,0.0
2010-01-28,13:43:00,0.284,0.000,246.480,1.200,0.000,0.000,1.0
2010-01-28,13:44:00,0.278,0.000,246.220,1.000,0.000,0.000,1.0
2010-01-28,13:45:00,0.276,0.000,245.620,1.000,0.000,0.000,0.0
2010-01-28,13:46:00,0.276,0.000,245.360,1.000,0.000,0.000,1.0
2010-01-28,13:47:00,0.276,0.000,245.370,1.000,0.000,0.000,1.0
2010-01-28,13:48:00,0.296,0.000,245.300,1.400,0.000,0.000,0.0
2010-01-28,13:49:00,0.352,0.116,244.400,1.400,0.000,0.000,1.0
2010-01-28,13:50:00,0.352,0.118,244.870,1.400,0.000,0.000,1.0
2010-01-28,13:51:00,0.350,0.114,243.990,1.400,0.000,0.000,0.0
2010-01-28,13:52:00,0.350,0.116,244.300,1.400,0.000,0.000,1.0
2010-01-28,13:53:00,0.348,0.116,244.170,1.400,0.000,0.000,1.0
2010-01-28,13:54:00,0.352,0.118,245.040,1.400,0.000,0.000,0.0
2010-01-28,13:55:00,0.354,0.116,244.170,1.400,0.000,0.000,1.0
2010-01-28,13:56:00,0.352,0.118,244.380,1.400,0.000,0.000,1.0
2010-01-28,13:57:00,0.350,0.114,243.220,1.400,0.000,0.000,0.0
2010-01-28,13:58:00,0.442,0.216,244.180,2.000,0.000,0.000,1.0
2010-01-28,13:59:00,0.438,0.220,244.810,2.000,0.000,0.000,1.0
2010-01-28,14:00:00,0.386,0.148,243.860,1.600,0.000,0.000,0.0
2010-01-28,14:01:00,0.386,0.148,244.100,1.600,0.000,0.000,1.0
2010-01-28,14:02:00,0.380,0.142,242.680,1.600,0.000,0.000,1.0
2010-01-28,14:03:00,0.378,0.140,242.370,1.600,0.000,0.000,0.0
2010-01-28,14:04:00,0.368,0.136,241.170,1.600,0.000,0.000,1.0
2010-01-28,14:05:00,0.368,0.138,241.980,1.600,0.000,0.000,1.0
2010-01-28,14:06:00,0.364,0.134,240.900,1.600,0.000,0.000,0.0
2010-01-28,14:07:00,0.366,0.136,241.640,1.600,0.000,0.000,1.0
2010-01-28,14:08:00,0.362,0.132,240.070,1.600,0.000,0.000,1.0
2010-01-28,14:09:00,0.374,0.150,244.740,1.600,0.000,0.000,0.0
2010-01-28,14:10:00,0.378,0.150,244.390,1.600,0.000,0.000,1.0
2010-01-28,14:11:00,0.378,0.152,245.210,1.600,0.000,0.000,1.0
2010-01-28,14:12:00,0.378,0.154,245.500,1.600,0.000,0.000,0.0
2010-01-28,14:13:00,0.380,0.158,246.540,1.600,0.000,0.000,1.0
2010-01-28,14:14:00,0.380,0.156,246.000,1.600,0.000,0.000,1.0
2010-01-28,14:15:00,0.322,0.072,246.030,1.400,0.000,0.000,1.0
2010-01-28,14:16:00,0.284,0.000,246.150,1.200,0.000,0.000,0.0
2010-01-28,14:17:00,0.288,0.000,247.640,1.200,0.000,0.000,1.0
2010-01-28,14:18:00,0.288,0.000,247.720,1.200,0.000,0.000,1.0
2010-01-28,14:19:00,0.290,0.000,248.790,1.200,0.000,0.000,0.0
2010-01-28,14:20:00,0.290,0.000,248.440,1.200,0.000,0.000,1.0
2010-01-28,14:21:00,0.284,0.000,247.810,1.200,0.000,0.000,1.0
2010-01-28,14:22:00,0.280,0.000,247.460,1.200,0.000,0.000,0.0
2010-01-28,14:23:00,0.280,0.000,247.470,1.200,0.000,0.000,1.0
2010-01-28,14:24:00,0.280,0.000,247.090,1.200,0.000,0.000,1.0
2010-01-28,14:25:00,0.286,0.000,247.290,1.200,0.000,0.000,0.0
2010-01-28,14:26:00,0.288,0.000,247.640,1.200,0.000,0.000,1.0
2010-01-28,14:27:00,0.284,0.000,245.760,1.200,0.000,0.000,1.0
2010-01-28,14:28:00,0.284,0.000,246.130,1.200,0.000,0.000,0.0
2010-01-28,14:29:00,0.282,0.000,245.390,1.200,0.000,0.000,1.0
2010-01-28,14:30:00,0.282,0.000,245.860,1.200,0.000,0.000,1.0
2010-01-28,14:31:00,0.282,0.000,245.050,1.200,0.000,0.000,1.0
2010-01-28,14:32:00,0.284,0.000,246.250,1.200,0.000,0.000,0.0
2010-01-28,14:33:00,0.282,0.000,245.450,1.200,0.000,0.000,1.0
2010-01-28,14:34:00,0.282,0.000,245.750,1.200,0.000,0.000,1.0
2010-01-28,14:35:00,0.280,0.000,245.030,1.200,0.000,0.000,0.0
2010-01-28,14:36:00,0.278,0.000,245.970,1.200,0.000,0.000,1.0
2010-01-28,14:37:00,0.276,0.000,245.990,1.000,0.000,0.000,1.0
2010-01-28,14:38:00,0.276,0.000,245.700,1.000,0.000,0.000,0.0
2010-01-28,14:39:00,0.276,0.000,245.330,1.000,0.000,0.000,1.0
2010-01-28,14:40:00,0.284,0.000,246.050,1.200,0.000,0.000,1.0
2010-01-28,14:41:00,0.282,0.000,245.440,1.200,0.000,0.000,0.0
2010-01-28,14:42:00,0.282,0.000,245.690,1.200,0.000,0.000,1.0
2010-01-28,14:43:00,0.340,0.070,244.940,1.600,0.000,0.000,1.0
2010-01-28,14:44:00,0.358,0.120,245.130,1.400,0.000,0.000,0.0
2010-01-28,14:45:00,0.456,0.226,244.730,2.000,0.000,0.000,1.0
2010-01-28,14:46:00,0.466,0.256,244.410,2.200,0.000,0.000,1.0
2010-01-28,14:47:00,0.462,0.254,244.030,2.000,0.000,0.000,0.0
2010-01-28,14:48:00,0.464,0.262,245.610,2.200,0.000,0.000,1.0
2010-01-28,14:49:00,0.458,0.262,245.470,2.000,0.000,0.000,1.0
2010-01-28,14:50:00,0.452,0.262,245.900,2.000,0.000,0.000,0.0
2010-01-28,14:51:00,0.448,0.262,245.560,2.000,0.000,0.000,1.0
2010-01-28,14:52:00,0.446,0.260,245.240,2.000,0.000,0.000,1.0
2010-01-28,14:53:00,0.444,0.258,244.950,2.000,0.000,0.000,0.0
2010-01-28,14:54:00,0.486,0.296,244.430,2.400,0.000,0.000,1.0
2010-01-28,14:55:00,0.462,0.284,245.530,2.200,0.000,1.000,1.0
2010-01-28,14:56:00,0.462,0.286,246.020,2.200,0.000,2.000,0.0
2010-01-28,14:57:00,0.464,0.292,247.060,2.200,0.000,1.000,1.0
2010-01-28,14:58:00,0.464,0.294,247.410,2.200,0.000,1.000,1.0
2010-01-28,14:59:00,0.462,0.292,247.140,2.200,0.000,2.000,1.0
2010-01-28,15:00:00,0.462,0.292,247.190,2.200,0.000,1.000,0.0
2010-01-28,15:01:00,0.458,0.292,247.370,2.200,0.000,2.000,1.0
2010-01-28,15:02:00,0.414,0.226,247.240,1.800,0.000,1.000,1.0
2010-01-28,15:03:00,0.364,0.150,248.190,1.600,0.000,2.000,0.0
2010-01-28,15:04:00,0.366,0.152,248.660,1.600,0.000,1.000,1.0
2010-01-28,15:05:00,0.362,0.148,247.520,1.600,0.000,1.000,1.0
2010-01-28,15:06:00,0.362,0.146,247.230,1.600,0.000,2.000,0.0
2010-01-28,15:07:00,0.364,0.148,247.930,1.600,0.000,1.000,1.0
2010-01-28,15:08:00,0.364,0.150,248.070,1.600,0.000,2.000,1.0
2010-01-28,15:09:00,0.364,0.150,248.100,1.600,0.000,1.000,0.0
2010-01-28,15:10:00,0.366,0.154,249.100,1.600,0.000,2.000,1.0
2010-01-28,15:11:00,0.366,0.152,248.480,1.600,0.000,1.000,1.0
2010-01-28,15:12:00,0.362,0.146,247.120,1.600,0.000,2.000,1.0
2010-01-28,15:13:00,0.360,0.144,246.670,1.600,0.000,1.000,0.0
2010-01-28,15:14:00,0.490,0.204,246.820,2.400,0.000,1.000,2.0
2010-01-28,15:15:00,0.892,0.360,245.730,3.800,0.000,2.000,10.0
2010-01-28,15:16:00,0.920,0.366,246.280,4.000,0.000,1.000,10.0
2010-01-28,15:17:00,0.946,0.366,246.500,4.000,0.000,1.000,11.0
2010-01-28,15:18:00,0.552,0.220,247.450,2.600,0.000,2.000,4.0
2010-01-28,15:19:00,0.354,0.144,246.650,1.600,0.000,1.000,1.0
2010-01-28,15:20:00,0.354,0.144,246.830,1.600,0.000,1.000,1.0
2010-01-28,15:21:00,0.352,0.144,246.290,1.400,0.000,2.000,1.0
2010-01-28,15:22:00,0.354,0.146,247.220,1.600,0.000,1.000,0.0
2010-01-28,15:23:00,0.352,0.144,246.550,1.400,0.000,1.000,1.0
2010-01-28,15:24:00,0.352,0.146,247.110,1.400,0.000,2.000,1.0
2010-01-28,15:25:00,0.350,0.142,246.140,1.400,0.000,1.000,0.0
2010-01-28,15:26:00,0.352,0.144,246.650,1.400,0.000,1.000,1.0
2010-01-28,15:27:00,0.350,0.142,246.210,1.400,0.000,2.000,1.0
2010-01-28,15:28:00,0.352,0.144,246.610,1.400,0.000,1.000,0.0
2010-01-28,15:29:00,0.350,0.142,246.340,1.400,0.000,1.000,1.0
2010-01-28,15:30:00,0.350,0.142,246.410,1.400,0.000,1.000,1.0
2010-01-28,15:31:00,0.348,0.140,245.920,1.400,0.000,2.000,0.0
2010-01-28,15:32:00,0.458,0.266,246.110,2.200,0.000,1.000,1.0
2010-01-28,15:33:00,0.464,0.286,246.470,2.200,0.000,1.000,1.0
2010-01-28,15:34:00,0.462,0.282,245.630,2.200,0.000,1.000,0.0
2010-01-28,15:35:00,0.458,0.284,245.960,2.200,0.000,2.000,1.0
2010-01-28,15:36:00,0.454,0.286,246.370,2.200,0.000,1.000,1.0
2010-01-28,15:37:00,0.464,0.292,247.040,2.200,0.000,1.000,0.0
2010-01-28,15:38:00,0.536,0.398,246.400,2.600,0.000,1.000,1.0
2010-01-28,15:39:00,0.528,0.404,247.500,2.600,0.000,1.000,1.0
2010-01-28,15:40:00,0.526,0.402,247.170,2.600,0.000,2.000,0.0
2010-01-28,15:41:00,0.526,0.406,247.700,2.600,0.000,1.000,1.0
2010-01-28,15:42:00,0.524,0.404,247.400,2.600,0.000,1.000,1.0
2010-01-28,15:43:00,0.524,0.408,248.150,2.600,0.000,1.000,1.0
2010-01-28,15:44:00,0.520,0.404,247.510,2.600,0.000,2.000,0.0
2010-01-28,15:45:00,0.520,0.404,247.580,2.600,0.000,1.000,1.0
2010-01-28,15:46:00,0.520,0.406,247.910,2.600,0.000,1.000,1.0
2010-01-28,15:47:00,0.518,0.406,247.720,2.600,0.000,1.000,0.0
2010-01-28,15:48:00,0.522,0.406,247.850,2.600,0.000,2.000,1.0
2010-01-28,15:49:00,0.424,0.250,248.080,2.000,0.000,1.000,1.0
2010-01-28,15:50:00,0.360,0.150,248.120,1.600,0.000,1.000,0.0
2010-01-28,15:51:00,0.356,0.144,246.800,1.600,0.000,1.000,1.0
2010-01-28,15:52:00,0.354,0.148,247.630,1.400,0.000,2.000,1.0
2010-01-28,15:53:00,0.350,0.146,247.190,1.400,0.000,1.000,0.0
2010-01-28,15:54:00,0.350,0.146,247.210,1.400,0.000,1.000,1.0
2010-01-28,15:55:00,0.348,0.142,246.250,1.400,0.000,1.000,1.0
2010-01-28,15:56:00,0.350,0.144,246.890,1.400,0.000,1.000,0.0
2010-01-28,15:57:00,0.348,0.144,246.670,1.400,0.000,2.000,1.0
2010-01-28,15:58:00,0.398,0.146,247.340,1.600,0.000,1.000,1.0
2010-01-28,15:59:00,0.366,0.148,247.830,1.600,0.000,1.000,1.0
2010-01-28,16:00:00,0.618,0.144,247.950,2.600,0.000,1.000,0.0
2010-01-28,16:01:00,0.672,0.144,248.080,2.800,0.000,2.000,1.0
2010-01-28,16:02:00,0.668,0.142,247.670,2.600,0.000,1.000,1.0
2010-01-28,16:03:00,0.674,0.142,247.840,2.800,0.000,1.000,0.0
2010-01-28,16:04:00,0.674,0.140,247.270,2.800,0.000,1.000,1.0
2010-01-28,16:05:00,0.676,0.142,247.780,2.800,0.000,1.000,1.0
2010-01-28,16:06:00,0.674,0.142,247.460,2.800,0.000,2.000,0.0
2010-01-28,16:07:00,0.674,0.142,247.500,2.800,0.000,1.000,1.0
2010-01-28,16:08:00,0.678,0.146,248.090,2.800,0.000,1.000,1.0
2010-01-28,16:09:00,0.680,0.148,248.830,2.800,0.000,1.000,0.0
2010-01-28,16:10:00,0.676,0.144,247.940,2.800,0.000,1.000,1.0
2010-01-28,16:11:00,0.676,0.144,248.110,2.800,0.000,2.000,1.0
2010-01-28,16:12:00,0.662,0.138,246.560,2.600,0.000,1.000,1.0
2010-01-28,16:13:00,0.668,0.142,247.790,2.600,0.000,1.000,0.0
2010-01-28,16:14:00,0.668,0.142,247.840,2.600,0.000,1.000,1.0
2010-01-28,16:15:00,0.676,0.150,249.570,2.800,0.000,1.000,1.0
2010-01-28,16:16:00,0.668,0.142,247.840,2.600,0.000,2.000,0.0
2010-01-28,16:17:00,0.672,0.146,248.650,2.600,0.000,1.000,1.0
2010-01-28,16:18:00,0.726,0.194,248.580,3.000,0.000,1.000,1.0
2010-01-28,16:19:00,0.788,0.290,248.100,3.400,0.000,1.000,0.0
2010-01-28,16:20:00,0.780,0.286,247.420,3.200,0.000,1.000,1.0
2010-01-28,16:21:00,0.784,0.292,248.360,3.200,0.000,2.000,1.0
2010-01-28,16:22:00,0.778,0.288,247.810,3.200,0.000,1.000,0.0
2010-01-28,16:23:00,0.772,0.282,246.670,3.200,0.000,1.000,1.0
2010-01-28,16:24:00,0.770,0.280,246.500,3.200,0.000,1.000,1.0
2010-01-28,16:25:00,0.768,0.280,246.510,3.200,0.000,1.000,1.0
2010-01-28,16:26:00,0.768,0.282,246.770,3.200,0.000,2.000,0.0
2010-01-28,16:27:00,0.766,0.282,246.700,3.200,0.000,1.000,1.0
2010-01-28,16:28:00,0.766,0.284,247.270,3.200,0.000,1.000,1.0
2010-01-28,16:29:00,0.758,0.282,246.810,3.200,0.000,1.000,0.0
2010-01-28,16:30:00,0.762,0.288,247.860,3.200,0.000,1.000,1.0
2010-01-28,16:31:00,0.760,0.286,247.450,3.200,0.000,2.000,1.0
2010-01-28,16:32:00,0.746,0.288,247.730,3.200,0.000,1.000,0.0
2010-01-28,16:33:00,0.658,0.292,247.800,2.800,0.000,1.000,1.0
2010-01-28,16:34:00,0.864,0.360,247.220,3.800,0.000,1.000,1.0
2010-01-28,16:35:00,0.774,0.222,246.690,3.200,0.000,0.000,0.0
2010-01-28,16:36:00,0.708,0.122,246.980,2.800,0.000,0.000,1.0
2010-01-28,16:37:00,0.744,0.122,247.040,3.000,0.000,0.000,1.0
2010-01-28,16:38:00,0.822,0.120,247.200,3.200,0.000,0.000,0.0
2010-01-28,16:39:00,0.824,0.124,247.850,3.200,0.000,0.000,1.0
2010-01-28,16:40:00,0.826,0.126,248.420,3.200,0.000,0.000,1.0
2010-01-28,16:41:00,0.826,0.126,248.460,3.200,0.000,0.000,1.0
2010-01-28,16:42:00,0.820,0.122,247.710,3.200,0.000,0.000,0.0
2010-01-28,16:43:00,0.822,0.124,248.190,3.200,0.000,0.000,1.0
2010-01-28,16:44:00,0.818,0.126,248.740,3.200,0.000,0.000,1.0
2010-01-28,16:45:00,0.790,0.078,249.480,3.200,0.000,0.000,0.0
2010-01-28,16:46:00,0.746,0.000,248.510,3.000,0.000,0.000,1.0
2010-01-28,16:47:00,0.750,0.000,249.200,3.000,0.000,0.000,1.0
2010-01-28,16:48:00,0.750,0.000,248.690,3.000,0.000,0.000,0.0
2010-01-28,16:49:00,0.758,0.000,249.390,3.000,0.000,0.000,1.0
2010-01-28,16:50:00,0.766,0.000,248.590,3.000,0.000,0.000,1.0
2010-01-28,16:51:00,0.768,0.000,249.130,3.000,0.000,0.000,1.0
2010-01-28,16:52:00,0.762,0.000,248.250,3.000,0.000,0.000,0.0
2010-01-28,16:53:00,0.550,0.000,247.910,2.200,0.000,0.000,1.0
2010-01-28,16:54:00,0.410,0.000,247.050,1.600,0.000,0.000,1.0
2010-01-28,16:55:00,0.410,0.000,246.730,1.600,0.000,0.000,0.0
2010-01-28,16:56:00,0.410,0.000,246.820,1.600,0.000,0.000,1.0
2010-01-28,16:57:00,0.404,0.000,246.620,1.600,0.000,0.000,1.0
2010-01-28,16:58:00,0.402,0.000,246.950,1.600,0.000,0.000,0.0
2010-01-28,16:59:00,0.402,0.000,246.960,1.600,0.000,0.000,1.0
2010-01-28,17:00:00,0.464,0.000,247.130,2.000,0.000,0.000,1.0
2010-01-28,17:01:00,0.740,0.000,245.150,3.000,0.000,0.000,0.0
2010-01-28,17:02:00,0.738,0.000,245.170,3.000,0.000,0.000,1.0
2010-01-28,17:03:00,0.736,0.000,245.150,3.000,0.000,0.000,1.0
2010-01-28,17:04:00,0.736,0.000,245.050,3.000,0.000,0.000,0.0
2010-01-28,17:05:00,0.840,0.118,246.580,3.400,0.000,0.000,1.0
2010-01-28,17:06:00,0.854,0.152,246.750,3.400,0.000,0.000,1.0
2010-01-28,17:07:00,0.834,0.140,243.910,3.400,0.000,0.000,0.0
2010-01-28,17:08:00,0.832,0.140,243.730,3.400,0.000,0.000,1.0
2010-01-28,17:09:00,0.834,0.138,243.320,3.400,0.000,0.000,1.0
2010-01-28,17:10:00,0.836,0.140,244.130,3.400,0.000,0.000,1.0
2010-01-28,17:11:00,0.832,0.138,243.790,3.400,0.000,0.000,0.0
2010-01-28,17:12:00,0.828,0.136,242.990,3.400,0.000,0.000,1.0
2010-01-28,17:13:00,0.814,0.128,240.850,3.400,0.000,0.000,0.0
2010-01-28,17:14:00,0.810,0.124,240.100,3.400,0.000,0.000,1.0
2010-01-28,17:15:00,0.806,0.124,239.700,3.400,0.000,0.000,1.0
2010-01-28,17:16:00,0.806,0.124,240.000,3.400,0.000,0.000,0.0
2010-01-28,17:17:00,0.808,0.126,240.250,3.400,0.000,0.000,1.0
2010-01-28,17:18:00,0.808,0.130,241.110,3.400,0.000,0.000,1.0
2010-01-28,17:19:00,0.808,0.130,241.070,3.400,0.000,0.000,0.0
2010-01-28,17:20:00,0.806,0.126,240.490,3.400,0.000,0.000,1.0
2010-01-28,17:21:00,0.812,0.132,241.710,3.400,0.000,0.000,1.0
2010-01-28,17:22:00,0.748,0.054,240.880,3.000,0.000,0.000,0.0
2010-01-28,17:23:00,0.712,0.000,241.860,2.800,0.000,0.000,1.0
2010-01-28,17:24:00,0.714,0.000,242.370,2.800,0.000,0.000,1.0
2010-01-28,17:25:00,0.718,0.000,243.110,2.800,0.000,0.000,0.0
2010-01-28,17:26:00,0.714,0.000,242.340,2.800,0.000,0.000,1.0
2010-01-28,17:27:00,0.712,0.000,241.730,2.800,0.000,0.000,1.0
2010-01-28,17:28:00,0.708,0.000,241.190,2.800,0.000,0.000,0.0
2010-01-28,17:29:00,0.718,0.000,243.110,2.800,0.000,0.000,1.0
2010-01-28,17:30:00,0.792,0.082,242.590,3.200,0.000,0.000,1.0
2010-01-28,17:31:00,0.798,0.110,243.950,3.200,0.000,0.000,0.0
2010-01-28,17:32:00,0.796,0.106,243.230,3.200,0.000,0.000,1.0
2010-01-28,17:33:00,0.726,0.108,243.360,3.000,0.000,0.000,1.0
2010-01-28,17:34:00,0.982,0.098,241.470,4.200,0.000,0.000,0.0
2010-01-28,17:35:00,1.254,0.096,241.810,5.200,0.000,0.000,1.0
2010-01-28,17:36:00,1.424,0.092,241.510,5.800,0.000,0.000,1.0
2010-01-28,17:37:00,1.568,0.090,241.850,6.400,0.000,0.000,0.0
2010-01-28,17:38:00,1.684,0.232,241.000,7.000,0.000,0.000,1.0
2010-01-28,17:39:00,1.764,0.294,241.430,7.400,0.000,0.000,1.0
2010-01-28,17:40:00,1.762,0.284,241.060,7.400,0.000,0.000,0.0
2010-01-28,17:41:00,1.786,0.290,242.860,7.400,0.000,0.000,1.0
2010-01-28,17:42:00,1.778,0.284,241.960,7.400,0.000,0.000,1.0
2010-01-28,17:43:00,2.014,0.282,241.810,8.400,0.000,0.000,0.0
2010-01-28,17:44:00,2.070,0.280,241.530,8.600,0.000,0.000,1.0
2010-01-28,17:45:00,2.142,0.282,241.670,8.800,0.000,0.000,1.0
2010-01-28,17:46:00,2.156,0.274,240.350,9.000,0.000,0.000,0.0
2010-01-28,17:47:00,2.104,0.178,241.400,8.600,0.000,0.000,1.0
2010-01-28,17:48:00,1.822,0.178,240.970,7.600,0.000,0.000,1.0
2010-01-28,17:49:00,1.700,0.182,241.320,7.000,0.000,0.000,0.0
2010-01-28,17:50:00,1.708,0.186,242.060,7.000,0.000,0.000,1.0
2010-01-28,17:51:00,1.746,0.218,242.220,7.200,0.000,0.000,1.0
2010-01-28,17:52:00,1.810,0.320,241.540,7.600,0.000,0.000,0.0
2010-01-28,17:53:00,1.618,0.164,241.500,6.600,0.000,0.000,1.0
2010-01-28,17:54:00,1.570,0.118,241.250,6.400,0.000,0.000,1.0
2010-01-28,17:55:00,1.576,0.120,241.800,6.400,0.000,0.000,0.0
2010-01-28,17:56:00,1.570,0.120,241.500,6.400,0.000,0.000,1.0
2010-01-28,17:57:00,1.590,0.118,241.030,6.600,0.000,0.000,0.0
2010-01-28,17:58:00,1.936,0.136,241.560,8.000,0.000,0.000,1.0
2010-01-28,17:59:00,1.924,0.134,240.430,8.000,0.000,0.000,1.0
2010-01-28,18:00:00,1.918,0.134,240.420,8.000,0.000,0.000,0.0
2010-01-28,18:01:00,1.898,0.128,238.970,7.800,0.000,0.000,1.0
2010-01-28,18:02:00,1.898,0.128,239.050,7.800,0.000,0.000,1.0
2010-01-28,18:03:00,1.894,0.128,238.750,7.800,0.000,0.000,0.0
2010-01-28,18:04:00,1.900,0.130,239.280,7.800,0.000,0.000,1.0
2010-01-28,18:05:00,1.896,0.128,239.040,7.800,0.000,0.000,1.0
2010-01-28,18:06:00,1.898,0.128,239.200,7.800,0.000,0.000,0.0
2010-01-28,18:07:00,1.902,0.130,239.530,7.800,0.000,0.000,1.0
2010-01-28,18:08:00,1.898,0.130,239.200,7.800,0.000,0.000,1.0
2010-01-28,18:09:00,1.798,0.000,238.210,7.400,0.000,0.000,0.0
2010-01-28,18:10:00,1.808,0.000,239.160,7.400,0.000,0.000,1.0
2010-01-28,18:11:00,1.804,0.000,238.850,7.400,0.000,0.000,1.0
2010-01-28,18:12:00,1.790,0.000,237.840,7.400,0.000,0.000,0.0
2010-01-28,18:13:00,1.802,0.000,238.790,7.400,0.000,0.000,1.0
2010-01-28,18:14:00,1.812,0.000,239.500,7.400,0.000,0.000,1.0
2010-01-28,18:15:00,1.812,0.000,239.570,7.400,0.000,0.000,0.0
2010-01-28,18:16:00,1.804,0.000,238.730,7.400,0.000,0.000,1.0
2010-01-28,18:17:00,1.816,0.000,239.260,7.600,0.000,0.000,0.0
2010-01-28,18:18:00,1.824,0.000,240.030,7.600,0.000,0.000,1.0
2010-01-28,18:19:00,1.816,0.000,239.460,7.600,0.000,0.000,1.0
2010-01-28,18:20:00,1.808,0.000,239.230,7.400,0.000,0.000,0.0
2010-01-28,18:21:00,1.824,0.000,240.550,7.600,0.000,0.000,1.0
2010-01-28,18:22:00,1.862,0.000,241.150,7.600,0.000,0.000,1.0
2010-01-28,18:23:00,1.918,0.102,240.110,8.000,0.000,0.000,0.0
2010-01-28,18:24:00,1.908,0.104,241.330,7.800,0.000,0.000,1.0
2010-01-28,18:25:00,1.548,0.086,241.720,6.400,0.000,0.000,1.0
2010-01-28,18:26:00,1.532,0.082,240.540,6.400,0.000,0.000,0.0
2010-01-28,18:27:00,1.662,0.080,240.680,6.800,0.000,0.000,1.0
2010-01-28,18:28:00,1.888,0.078,240.700,7.800,0.000,0.000,1.0
2010-01-28,18:29:00,1.928,0.078,240.710,8.000,0.000,0.000,0.0
2010-01-28,18:30:00,1.854,0.072,238.300,7.800,0.000,0.000,1.0
2010-01-28,18:31:00,1.866,0.076,239.530,7.800,0.000,0.000,1.0
2010-01-28,18:32:00,1.868,0.076,239.360,7.800,0.000,0.000,0.0
2010-01-28,18:33:00,1.872,0.076,239.820,7.800,0.000,0.000,1.0
2010-01-28,18:34:00,1.860,0.074,238.790,7.800,0.000,0.000,1.0
2010-01-28,18:35:00,1.862,0.052,240.460,7.600,0.000,0.000,0.0
2010-01-28,18:36:00,1.810,0.000,240.260,7.400,0.000,0.000,1.0
2010-01-28,18:37:00,2.104,0.054,239.010,8.800,0.000,0.000,0.0
2010-01-28,18:38:00,3.982,0.066,234.700,17.400,0.000,0.000,1.0
2010-01-28,18:39:00,4.598,0.078,236.360,19.400,0.000,0.000,1.0
2010-01-28,18:40:00,1.996,0.102,239.210,8.600,0.000,0.000,0.0
2010-01-28,18:41:00,1.890,0.102,239.130,7.800,0.000,0.000,1.0
2010-01-28,18:42:00,1.878,0.096,236.980,7.800,0.000,0.000,1.0
2010-01-28,18:43:00,1.908,0.102,239.230,8.000,0.000,0.000,0.0
2010-01-28,18:44:00,3.072,0.332,235.490,13.600,0.000,0.000,1.0
2010-01-28,18:45:00,3.432,0.356,235.660,14.800,0.000,0.000,1.0
2010-01-28,18:46:00,2.186,0.144,237.390,9.600,0.000,0.000,0.0
2010-01-28,18:47:00,3.364,0.346,236.790,14.400,0.000,0.000,1.0
2010-01-28,18:48:00,3.592,0.512,236.930,15.400,0.000,0.000,0.0
2010-01-28,18:49:00,3.426,0.458,237.230,14.800,0.000,0.000,1.0
2010-01-28,18:50:00,2.294,0.336,239.120,9.800,0.000,0.000,1.0
2010-01-28,18:51:00,1.930,0.110,240.070,8.000,0.000,0.000,0.0
2010-01-28,18:52:00,1.896,0.106,239.900,7.800,0.000,0.000,1.0
2010-01-28,18:53:00,1.908,0.108,240.550,7.800,0.000,0.000,1.0
2010-01-28,18:54:00,1.908,0.110,241.000,7.800,0.000,0.000,0.0
2010-01-28,18:55:00,1.870,0.060,241.120,7.600,0.000,0.000,1.0
2010-01-28,18:56:00,1.812,0.000,240.990,7.400,0.000,0.000,1.0
2010-01-28,18:57:00,1.808,0.000,240.740,7.400,0.000,0.000,0.0
2010-01-28,18:58:00,1.820,0.000,241.670,7.400,0.000,0.000,1.0
2010-01-28,18:59:00,1.818,0.000,241.620,7.400,0.000,0.000,1.0
2010-01-28,19:00:00,1.822,0.000,241.100,7.400,0.000,0.000,0.0
2010-01-28,19:01:00,1.816,0.000,240.780,7.400,0.000,0.000,1.0
2010-01-28,19:02:00,1.820,0.000,241.190,7.400,0.000,0.000,1.0
2010-01-28,19:03:00,1.808,0.000,240.170,7.400,0.000,0.000,0.0
2010-01-28,19:04:00,1.806,0.000,240.060,7.400,0.000,0.000,1.0
2010-01-28,19:05:00,1.888,0.068,239.520,7.800,0.000,0.000,1.0
2010-01-28,19:06:00,1.878,0.074,239.880,7.800,0.000,0.000,0.0
2010-01-28,19:07:00,1.900,0.072,239.900,7.800,0.000,0.000,1.0
2010-01-28,19:08:00,1.872,0.074,239.900,7.800,0.000,0.000,1.0
2010-01-28,19:09:00,1.594,0.078,239.850,6.600,0.000,0.000,0.0
2010-01-28,19:10:00,1.642,0.076,240.570,6.800,0.000,0.000,1.0
2010-01-28,19:11:00,1.718,0.074,240.570,7.000,0.000,0.000,1.0
2010-01-28,19:12:00,1.622,0.076,240.790,6.600,0.000,0.000,0.0
2010-01-28,19:13:00,1.550,0.074,240.140,6.400,0.000,0.000,1.0
2010-01-28,19:14:00,1.598,0.074,240.210,6.600,0.000,0.000,0.0
2010-01-28,19:15:00,1.526,0.072,239.070,6.400,0.000,0.000,1.0
2010-01-28,19:16:00,1.530,0.074,239.280,6.400,0.000,0.000,1.0
2010-01-28,19:17:00,1.528,0.072,238.590,6.400,0.000,0.000,0.0
2010-01-28,19:18:00,1.538,0.074,239.630,6.400,0.000,0.000,1.0
2010-01-28,19:19:00,1.522,0.070,238.190,6.400,0.000,0.000,1.0
2010-01-28,19:20:00,1.490,0.000,239.140,6.200,0.000,0.000,0.0
2010-01-28,19:21:00,1.456,0.000,238.930,6.000,0.000,0.000,1.0
2010-01-28,19:22:00,1.508,0.000,239.490,6.200,0.000,0.000,1.0
2010-01-28,19:23:00,1.456,0.000,238.840,6.000,0.000,0.000,0.0
2010-01-28,19:24:00,1.492,0.000,239.370,6.200,0.000,0.000,1.0
2010-01-28,19:25:00,1.570,0.104,239.320,6.400,0.000,0.000,1.0
2010-01-28,19:26:00,1.628,0.108,240.980,6.600,0.000,0.000,0.0
2010-01-28,19:27:00,1.622,0.102,239.500,6.800,0.000,0.000,1.0
2010-01-28,19:28:00,1.564,0.104,239.380,6.400,0.000,0.000,1.0
2010-01-28,19:29:00,1.554,0.100,238.520,6.400,0.000,0.000,0.0
2010-01-28,19:30:00,1.566,0.106,239.870,6.400,0.000,0.000,1.0
2010-01-28,19:31:00,1.566,0.106,239.830,6.400,0.000,0.000,0.0
2010-01-28,19:32:00,1.596,0.108,240.490,6.600,0.000,0.000,1.0
2010-01-28,19:33:00,1.738,0.102,239.670,7.200,0.000,0.000,1.0
2010-01-28,19:34:00,1.596,0.106,239.590,6.600,0.000,0.000,0.0
2010-01-28,19:35:00,1.546,0.104,238.530,6.400,0.000,0.000,1.0
2010-01-28,19:36:00,2.024,0.100,238.840,8.600,0.000,0.000,1.0
2010-01-28,19:37:00,2.362,0.072,237.500,9.800,0.000,0.000,0.0
2010-01-28,19:38:00,2.424,0.070,238.650,10.000,0.000,0.000,1.0
2010-01-28,19:39:00,2.502,0.070,238.620,10.400,0.000,0.000,1.0
2010-01-28,19:40:00,3.604,0.064,238.570,15.000,0.000,0.000,17.0
2010-01-28,19:41:00,3.572,0.060,237.410,15.000,0.000,0.000,19.0
2010-01-28,19:42:00,3.496,0.000,237.970,14.600,0.000,0.000,18.0
2010-01-28,19:43:00,3.490,0.066,239.380,14.600,0.000,0.000,19.0
2010-01-28,19:44:00,3.496,0.064,239.890,14.400,0.000,0.000,18.0
2010-01-28,19:45:00,3.464,0.066,238.860,14.400,0.000,0.000,18.0
2010-01-28,19:46:00,3.474,0.066,239.290,14.400,0.000,0.000,18.0
2010-01-28,19:47:00,3.362,0.066,238.240,14.000,0.000,0.000,19.0
2010-01-28,19:48:00,3.426,0.066,238.730,14.200,0.000,0.000,18.0
2010-01-28,19:49:00,3.892,0.074,238.210,16.200,0.000,0.000,25.0
2010-01-28,19:50:00,4.092,0.196,238.930,17.000,0.000,0.000,27.0
2010-01-28,19:51:00,4.080,0.198,237.880,17.000,0.000,0.000,27.0
2010-01-28,19:52:00,4.194,0.202,238.360,17.600,0.000,0.000,28.0
2010-01-28,19:53:00,4.190,0.198,237.970,17.600,0.000,0.000,28.0
2010-01-28,19:54:00,3.654,0.064,239.200,15.200,0.000,0.000,20.0
2010-01-28,19:55:00,3.520,0.000,238.270,14.600,0.000,0.000,18.0
2010-01-28,19:56:00,3.528,0.000,238.810,14.600,0.000,0.000,18.0
2010-01-28,19:57:00,3.464,0.000,238.620,14.400,0.000,0.000,19.0
2010-01-28,19:58:00,3.446,0.000,240.020,14.200,0.000,0.000,18.0
2010-01-28,19:59:00,3.616,0.000,240.860,15.000,0.000,0.000,18.0
2010-01-28,20:00:00,3.598,0.000,241.780,14.800,0.000,0.000,19.0
2010-01-28,20:01:00,3.562,0.000,240.260,14.800,0.000,0.000,18.0
2010-01-28,20:02:00,3.558,0.000,239.680,14.800,0.000,0.000,18.0
2010-01-28,20:03:00,3.548,0.000,239.510,14.800,0.000,0.000,19.0
2010-01-28,20:04:00,3.538,0.000,239.460,14.600,0.000,0.000,18.0
2010-01-28,20:05:00,3.522,0.000,238.890,14.600,0.000,0.000,18.0
2010-01-28,20:06:00,3.562,0.000,239.490,14.800,0.000,0.000,18.0
2010-01-28,20:07:00,3.712,0.136,239.340,15.400,0.000,0.000,19.0
2010-01-28,20:08:00,3.730,0.128,240.100,15.400,0.000,0.000,18.0
2010-01-28,20:09:00,3.702,0.120,239.110,15.400,0.000,0.000,18.0
2010-01-28,20:10:00,3.698,0.112,238.500,15.400,0.000,0.000,18.0
2010-01-28,20:11:00,3.858,0.186,238.010,16.200,0.000,0.000,18.0
2010-01-28,20:12:00,3.802,0.230,238.350,15.800,0.000,0.000,18.0
2010-01-28,20:13:00,3.148,0.260,238.620,13.200,0.000,0.000,18.0
2010-01-28,20:14:00,2.878,0.268,238.870,12.000,0.000,0.000,19.0
2010-01-28,20:15:00,2.802,0.264,238.150,11.800,0.000,0.000,18.0
2010-01-28,20:16:00,3.152,0.360,238.830,13.600,0.000,0.000,18.0
2010-01-28,20:17:00,3.894,0.496,238.040,16.800,0.000,0.000,18.0
2010-01-28,20:18:00,2.848,0.270,240.630,11.800,0.000,0.000,18.0
2010-01-28,20:19:00,2.846,0.268,240.540,11.800,0.000,0.000,19.0
2010-01-28,20:20:00,2.846,0.268,240.680,11.800,0.000,0.000,18.0
2010-01-28,20:21:00,2.840,0.266,240.450,11.800,0.000,0.000,18.0
2010-01-28,20:22:00,2.846,0.266,240.740,11.800,0.000,0.000,19.0
2010-01-28,20:23:00,2.820,0.262,239.610,11.800,0.000,0.000,18.0
2010-01-28,20:24:00,2.842,0.264,240.670,11.800,0.000,0.000,18.0
2010-01-28,20:25:00,2.836,0.262,240.340,11.800,0.000,0.000,19.0
2010-01-28,20:26:00,2.814,0.258,239.340,11.800,0.000,0.000,18.0
2010-01-28,20:27:00,2.782,0.252,237.840,11.600,0.000,0.000,18.0
2010-01-28,20:28:00,2.798,0.248,238.850,11.600,0.000,0.000,18.0
2010-01-28,20:29:00,2.706,0.124,238.590,11.200,0.000,0.000,18.0
2010-01-28,20:30:00,2.758,0.128,241.080,11.400,0.000,0.000,19.0
2010-01-28,20:31:00,2.744,0.128,240.330,11.400,0.000,0.000,18.0
2010-01-28,20:32:00,2.770,0.128,241.360,11.400,0.000,0.000,19.0
2010-01-28,20:33:00,2.774,0.130,241.550,11.400,0.000,0.000,18.0
2010-01-28,20:34:00,2.790,0.132,242.340,11.400,0.000,0.000,19.0
2010-01-28,20:35:00,2.770,0.128,241.400,11.400,0.000,0.000,18.0
2010-01-28,20:36:00,2.788,0.130,242.280,11.400,0.000,0.000,19.0
2010-01-28,20:37:00,2.750,0.126,240.690,11.400,0.000,0.000,18.0
2010-01-28,20:38:00,2.732,0.124,239.880,11.400,0.000,0.000,19.0
2010-01-28,20:39:00,2.718,0.124,239.270,11.200,0.000,0.000,18.0
2010-01-28,20:40:00,2.762,0.122,239.620,11.400,0.000,0.000,18.0
2010-01-28,20:41:00,2.770,0.122,239.160,11.600,0.000,0.000,18.0
2010-01-28,20:42:00,3.362,0.266,238.690,14.600,0.000,0.000,18.0
2010-01-28,20:43:00,2.584,0.074,240.080,10.600,0.000,0.000,19.0
2010-01-28,20:44:00,2.570,0.072,239.370,10.600,0.000,0.000,18.0
2010-01-28,20:45:00,2.542,0.068,237.800,10.600,0.000,0.000,18.0
2010-01-28,20:46:00,2.582,0.108,237.440,10.800,0.000,0.000,18.0
2010-01-28,20:47:00,2.664,0.200,238.410,11.200,0.000,0.000,18.0
2010-01-28,20:48:00,2.668,0.202,238.850,11.200,0.000,0.000,18.0
2010-01-28,20:49:00,2.666,0.202,238.900,11.200,0.000,0.000,18.0
2010-01-28,20:50:00,2.682,0.206,239.840,11.200,0.000,0.000,18.0
2010-01-28,20:51:00,2.672,0.206,239.490,11.200,0.000,0.000,19.0
2010-01-28,20:52:00,2.692,0.216,238.850,11.200,0.000,0.000,18.0
2010-01-28,20:53:00,3.186,0.362,237.690,13.400,0.000,0.000,27.0
2010-01-28,20:54:00,3.244,0.382,239.760,13.600,0.000,0.000,28.0
2010-01-28,20:55:00,3.338,0.384,240.060,14.000,0.000,0.000,28.0
2010-01-28,20:56:00,3.802,0.394,240.080,15.800,0.000,0.000,28.0
2010-01-28,20:57:00,3.800,0.298,237.420,16.000,0.000,0.000,28.0
2010-01-28,20:58:00,3.174,0.148,238.380,13.400,0.000,0.000,21.0
2010-01-28,20:59:00,3.046,0.118,238.860,12.600,0.000,0.000,18.0
2010-01-28,21:00:00,3.010,0.118,239.080,12.600,0.000,0.000,18.0
2010-01-28,21:01:00,2.844,0.102,239.470,11.800,0.000,0.000,18.0
2010-01-28,21:02:00,3.392,0.098,239.140,14.400,0.000,0.000,18.0
2010-01-28,21:03:00,3.392,0.112,239.180,14.400,0.000,0.000,18.0
2010-01-28,21:04:00,3.280,0.108,239.400,13.800,0.000,0.000,19.0
2010-01-28,21:05:00,3.418,0.000,239.130,14.400,0.000,0.000,18.0
2010-01-28,21:06:00,2.906,0.000,240.090,12.200,0.000,0.000,18.0
2010-01-28,21:07:00,2.808,0.000,240.390,11.600,0.000,0.000,18.0
2010-01-28,21:08:00,2.806,0.000,240.420,11.600,0.000,0.000,19.0
2010-01-28,21:09:00,2.796,0.000,240.120,11.600,0.000,0.000,18.0
2010-01-28,21:10:00,2.806,0.000,240.680,11.600,0.000,0.000,19.0
2010-01-28,21:11:00,2.802,0.000,240.360,11.600,0.000,0.000,18.0
2010-01-28,21:12:00,2.796,0.000,240.090,11.600,0.000,0.000,18.0
2010-01-28,21:13:00,2.804,0.000,240.560,11.600,0.000,0.000,19.0
2010-01-28,21:14:00,2.816,0.000,241.060,11.600,0.000,0.000,18.0
2010-01-28,21:15:00,2.784,0.000,239.500,11.600,0.000,0.000,18.0
2010-01-28,21:16:00,2.750,0.000,237.660,11.400,0.000,0.000,18.0
2010-01-28,21:17:00,2.818,0.000,236.740,11.800,0.000,0.000,18.0
2010-01-28,21:18:00,3.290,0.048,236.920,13.800,0.000,0.000,18.0
2010-01-28,21:19:00,2.858,0.000,237.220,12.000,0.000,0.000,18.0
2010-01-28,21:20:00,2.886,0.000,237.930,12.000,0.000,0.000,18.0
2010-01-28,21:21:00,2.902,0.000,236.670,12.200,0.000,0.000,18.0
2010-01-28,21:22:00,2.742,0.000,236.940,11.400,0.000,0.000,18.0
2010-01-28,21:23:00,2.596,0.000,236.750,10.800,0.000,0.000,17.0
2010-01-28,21:24:00,2.560,0.000,237.310,10.800,1.000,0.000,18.0
2010-01-28,21:25:00,2.558,0.000,237.600,10.600,1.000,0.000,18.0
2010-01-28,21:26:00,2.560,0.000,237.920,10.600,1.000,0.000,18.0
2010-01-28,21:27:00,2.550,0.000,237.590,10.600,1.000,0.000,18.0
2010-01-28,21:28:00,2.608,0.000,238.180,10.800,1.000,0.000,18.0
2010-01-28,21:29:00,2.698,0.072,237.760,11.200,2.000,1.000,18.0
2010-01-28,21:30:00,2.650,0.092,238.250,11.000,1.000,1.000,18.0
2010-01-28,21:31:00,2.746,0.132,237.530,11.600,1.000,1.000,18.0
2010-01-28,21:32:00,2.590,0.194,238.140,10.800,1.000,2.000,18.0
2010-01-28,21:33:00,2.384,0.224,237.970,10.000,1.000,1.000,18.0
2010-01-28,21:34:00,2.490,0.328,238.670,10.400,2.000,1.000,18.0
2010-01-28,21:35:00,2.388,0.326,238.160,10.000,1.000,2.000,18.0
2010-01-28,21:36:00,2.322,0.336,238.850,9.800,1.000,1.000,19.0
2010-01-28,21:37:00,2.300,0.328,238.330,9.600,1.000,2.000,18.0
2010-01-28,21:38:00,2.292,0.326,238.220,9.600,2.000,1.000,18.0
2010-01-28,21:39:00,2.288,0.326,238.300,9.600,1.000,1.000,18.0
2010-01-28,21:40:00,2.304,0.332,239.200,9.600,1.000,2.000,18.0
2010-01-28,21:41:00,2.298,0.332,239.260,9.600,1.000,1.000,18.0
2010-01-28,21:42:00,2.300,0.376,240.290,9.600,1.000,1.000,18.0
2010-01-28,21:43:00,2.286,0.352,239.680,9.600,1.000,2.000,19.0
2010-01-28,21:44:00,2.322,0.348,240.580,9.600,1.000,1.000,18.0
2010-01-28,21:45:00,4.312,0.302,237.910,18.200,33.000,2.000,18.0
2010-01-28,21:46:00,4.422,0.212,238.310,18.400,38.000,1.000,18.0
2010-01-28,21:47:00,4.400,0.210,237.620,18.400,37.000,1.000,18.0
2010-01-28,21:48:00,4.410,0.212,238.130,18.400,38.000,2.000,18.0
2010-01-28,21:49:00,4.376,0.208,237.200,18.400,37.000,1.000,18.0
2010-01-28,21:50:00,4.376,0.208,237.300,18.400,37.000,1.000,18.0
2010-01-28,21:51:00,4.256,0.086,236.260,18.000,37.000,2.000,18.0
2010-01-28,21:52:00,4.244,0.078,236.290,17.800,37.000,1.000,17.0
2010-01-28,21:53:00,4.210,0.076,235.320,17.800,37.000,1.000,18.0
2010-01-28,21:54:00,4.236,0.078,236.260,17.800,37.000,1.000,18.0
2010-01-28,21:55:00,4.246,0.078,236.630,17.800,37.000,2.000,18.0
2010-01-28,21:56:00,4.260,0.080,237.180,17.800,37.000,1.000,18.0
2010-01-28,21:57:00,4.222,0.080,237.010,17.800,37.000,1.000,17.0
2010-01-28,21:58:00,2.134,0.102,239.750,8.800,4.000,1.000,19.0
2010-01-28,21:59:00,2.122,0.100,239.280,8.800,1.000,2.000,18.0
2010-01-28,22:00:00,2.144,0.102,240.400,8.800,1.000,1.000,18.0
2010-01-28,22:01:00,2.134,0.102,239.840,8.800,1.000,1.000,19.0
2010-01-28,22:02:00,2.134,0.100,239.330,8.800,1.000,1.000,18.0
2010-01-28,22:03:00,2.130,0.100,239.260,8.800,1.000,1.000,18.0
2010-01-28,22:04:00,2.138,0.100,239.630,8.800,2.000,2.000,18.0
2010-01-28,22:05:00,2.140,0.102,239.930,8.800,1.000,1.000,18.0
2010-01-28,22:06:00,2.150,0.104,240.520,8.800,1.000,1.000,19.0
2010-01-28,22:07:00,2.148,0.104,240.480,8.800,1.000,1.000,18.0
2010-01-28,22:08:00,2.150,0.104,240.710,8.800,2.000,1.000,19.0
2010-01-28,22:09:00,2.142,0.102,240.490,8.800,1.000,2.000,18.0
2010-01-28,22:10:00,2.146,0.104,240.770,8.800,1.000,1.000,18.0
2010-01-28,22:11:00,2.130,0.100,239.720,8.800,1.000,1.000,19.0
2010-01-28,22:12:00,2.162,0.098,239.480,9.000,1.000,1.000,18.0
2010-01-28,22:13:00,2.296,0.094,238.200,9.600,2.000,1.000,18.0
2010-01-28,22:14:00,2.620,0.110,239.050,10.800,1.000,1.000,18.0
2010-01-28,22:15:00,2.292,0.098,239.760,9.400,1.000,2.000,18.0
2010-01-28,22:16:00,2.282,0.096,238.850,9.400,1.000,1.000,19.0
2010-01-28,22:17:00,2.352,0.092,237.960,9.800,1.000,1.000,18.0
2010-01-28,22:18:00,2.452,0.094,238.700,10.200,2.000,1.000,18.0
2010-01-28,22:19:00,2.638,0.108,238.250,11.000,1.000,1.000,18.0
2010-01-28,22:20:00,3.094,0.218,238.740,13.000,1.000,1.000,18.0
2010-01-28,22:21:00,3.092,0.218,238.480,13.000,1.000,1.000,18.0
2010-01-28,22:22:00,3.180,0.258,237.330,13.400,1.000,2.000,18.0
2010-01-28,22:23:00,3.194,0.302,237.330,13.400,2.000,1.000,18.0
2010-01-28,22:24:00,3.186,0.300,237.160,13.400,1.000,1.000,18.0
2010-01-28,22:25:00,3.174,0.298,236.590,13.400,1.000,1.000,18.0
2010-01-28,22:26:00,3.152,0.294,235.780,13.400,1.000,1.000,17.0
2010-01-28,22:27:00,3.308,0.296,236.840,14.000,2.000,1.000,18.0
2010-01-28,22:28:00,3.218,0.296,236.440,13.600,1.000,2.000,18.0
2010-01-28,22:29:00,2.802,0.322,237.320,11.800,1.000,1.000,18.0
2010-01-28,22:30:00,2.968,0.314,236.610,12.600,1.000,1.000,18.0
2010-01-28,22:31:00,2.874,0.318,238.870,12.000,1.000,1.000,18.0
2010-01-28,22:32:00,2.874,0.314,238.330,12.000,2.000,1.000,18.0
2010-01-28,22:33:00,2.890,0.318,239.050,12.000,1.000,1.000,18.0
2010-01-28,22:34:00,2.958,0.314,238.700,12.400,1.000,1.000,18.0
2010-01-28,22:35:00,3.062,0.316,239.440,12.800,1.000,2.000,18.0
2010-01-28,22:36:00,3.034,0.312,238.610,12.600,1.000,1.000,18.0
2010-01-28,22:37:00,2.972,0.194,239.800,12.400,2.000,1.000,19.0
2010-01-28,22:38:00,2.790,0.190,239.910,11.600,1.000,1.000,18.0
2010-01-28,22:39:00,2.694,0.194,240.680,11.200,1.000,1.000,18.0
2010-01-28,22:40:00,2.802,0.226,241.430,11.600,1.000,1.000,19.0
2010-01-28,22:41:00,2.434,0.198,241.910,10.000,2.000,2.000,18.0
2010-01-28,22:42:00,2.296,0.108,241.350,9.400,1.000,1.000,19.0
2010-01-28,22:43:00,2.308,0.110,242.060,9.400,1.000,1.000,19.0
2010-01-28,22:44:00,2.294,0.110,241.740,9.400,1.000,1.000,18.0
2010-01-28,22:45:00,2.320,0.104,241.970,9.600,2.000,1.000,19.0
2010-01-28,22:46:00,2.340,0.102,242.030,9.600,1.000,1.000,18.0
2010-01-28,22:47:00,2.338,0.100,241.790,9.600,1.000,1.000,19.0
2010-01-28,22:48:00,2.534,0.092,241.280,10.400,1.000,2.000,18.0
2010-01-28,22:49:00,2.278,0.144,241.930,9.400,1.000,1.000,19.0
2010-01-28,22:50:00,2.262,0.140,242.330,9.200,1.000,1.000,19.0
2010-01-28,22:51:00,2.244,0.138,242.180,9.200,1.000,1.000,18.0
2010-01-28,22:52:00,2.300,0.124,242.480,9.400,1.000,1.000,19.0
2010-01-28,22:53:00,2.296,0.120,242.400,9.400,1.000,1.000,19.0
2010-01-28,22:54:00,2.288,0.116,242.420,9.400,2.000,1.000,18.0
2010-01-28,22:55:00,2.288,0.116,243.090,9.400,1.000,2.000,19.0
2010-01-28,22:56:00,2.298,0.114,243.270,9.400,1.000,1.000,19.0
2010-01-28,22:57:00,2.294,0.118,243.740,9.400,1.000,1.000,19.0
2010-01-28,22:58:00,2.298,0.116,243.960,9.400,2.000,1.000,19.0
2010-01-28,22:59:00,2.286,0.130,244.180,9.200,1.000,1.000,19.0
2010-01-28,23:00:00,2.264,0.148,243.590,9.200,0.000,1.000,18.0
2010-01-28,23:01:00,2.258,0.152,244.060,9.200,1.000,1.000,19.0
2010-01-28,23:02:00,2.278,0.128,243.700,9.200,1.000,2.000,19.0
2010-01-28,23:03:00,3.306,0.110,242.870,14.400,15.000,1.000,19.0
2010-01-28,23:04:00,4.524,0.094,242.010,18.600,39.000,1.000,19.0
2010-01-28,23:05:00,4.586,0.132,242.790,18.800,39.000,1.000,18.0
2010-01-28,23:06:00,4.622,0.230,241.800,19.000,39.000,1.000,19.0
2010-01-28,23:07:00,4.584,0.224,240.800,19.000,38.000,1.000,18.0
2010-01-28,23:08:00,4.520,0.120,240.730,18.600,38.000,1.000,19.0
2010-01-28,23:09:00,4.538,0.108,241.710,18.600,38.000,0.000,18.0
2010-01-28,23:10:00,4.532,0.106,241.460,18.600,39.000,0.000,19.0
2010-01-28,23:11:00,4.540,0.106,241.400,18.800,38.000,0.000,18.0
2010-01-28,23:12:00,4.530,0.106,241.320,18.600,38.000,0.000,19.0
2010-01-28,23:13:00,4.548,0.108,242.040,18.800,39.000,0.000,18.0
2010-01-28,23:14:00,4.532,0.108,241.560,18.600,38.000,0.000,19.0
2010-01-28,23:15:00,4.342,0.112,242.150,17.800,39.000,0.000,19.0
2010-01-28,23:16:00,4.210,0.114,240.920,17.400,38.000,0.000,18.0
2010-01-28,23:17:00,3.268,0.168,242.130,14.200,23.000,0.000,19.0
2010-01-28,23:18:00,2.062,0.240,242.970,8.400,0.000,0.000,18.0
2010-01-28,23:19:00,1.866,0.254,244.960,7.600,0.000,0.000,19.0
2010-01-28,23:20:00,1.800,0.260,244.750,7.400,0.000,0.000,19.0
2010-01-28,23:21:00,1.780,0.280,241.920,7.400,1.000,0.000,19.0
2010-01-28,23:22:00,1.734,0.214,241.310,7.200,0.000,0.000,19.0
2010-01-28,23:23:00,1.662,0.106,241.760,6.800,0.000,0.000,18.0
2010-01-28,23:24:00,1.700,0.104,241.620,7.000,0.000,0.000,19.0
2010-01-28,23:25:00,1.614,0.106,242.170,6.600,0.000,0.000,18.0
2010-01-28,23:26:00,1.590,0.104,241.220,6.600,0.000,0.000,19.0
2010-01-28,23:27:00,1.592,0.132,243.370,6.400,0.000,0.000,19.0
2010-01-28,23:28:00,1.558,0.120,242.960,6.400,0.000,0.000,18.0
2010-01-28,23:29:00,1.590,0.106,243.500,6.400,0.000,0.000,19.0
2010-01-28,23:30:00,1.714,0.100,242.430,7.000,0.000,0.000,19.0
2010-01-28,23:31:00,1.984,0.076,243.140,8.200,0.000,0.000,19.0
2010-01-28,23:32:00,1.988,0.000,242.200,8.200,0.000,0.000,18.0
2010-01-28,23:33:00,2.046,0.000,243.240,8.400,0.000,0.000,19.0
2010-01-28,23:34:00,2.096,0.000,243.080,8.600,0.000,0.000,19.0
2010-01-28,23:35:00,2.094,0.000,243.780,8.600,0.000,0.000,19.0
2010-01-28,23:36:00,2.086,0.000,243.350,8.600,0.000,0.000,19.0
2010-01-28,23:37:00,2.040,0.000,242.820,8.400,0.000,0.000,18.0
2010-01-28,23:38:00,2.054,0.000,241.870,8.400,0.000,0.000,19.0
2010-01-28,23:39:00,1.994,0.000,242.660,8.200,0.000,0.000,19.0
2010-01-28,23:40:00,1.866,0.000,242.250,7.600,0.000,0.000,18.0
2010-01-28,23:41:00,1.496,0.000,243.470,6.200,0.000,0.000,19.0
2010-01-28,23:42:00,1.480,0.000,242.450,6.000,0.000,0.000,19.0
2010-01-28,23:43:00,1.474,0.000,241.820,6.000,0.000,0.000,18.0
2010-01-28,23:44:00,1.460,0.000,240.650,6.000,0.000,0.000,19.0
2010-01-28,23:45:00,1.452,0.000,241.160,6.000,0.000,0.000,18.0
2010-01-28,23:46:00,1.476,0.046,240.630,6.000,0.000,0.000,19.0
2010-01-28,23:47:00,1.426,0.000,241.600,5.800,0.000,0.000,18.0
2010-01-28,23:48:00,1.424,0.000,241.390,5.800,0.000,0.000,19.0
2010-01-28,23:49:00,1.430,0.000,242.230,5.800,0.000,0.000,18.0
2010-01-28,23:50:00,1.422,0.000,241.480,5.800,0.000,0.000,19.0
2010-01-28,23:51:00,1.516,0.062,241.840,6.200,0.000,0.000,18.0
2010-01-28,23:52:00,1.570,0.134,242.000,6.400,0.000,0.000,19.0
2010-01-28,23:53:00,1.536,0.094,242.470,6.200,0.000,0.000,19.0
2010-01-28,23:54:00,1.518,0.090,241.060,6.200,0.000,0.000,18.0
2010-01-28,23:55:00,1.520,0.090,241.250,6.200,0.000,0.000,19.0
2010-01-28,23:56:00,1.510,0.088,240.580,6.200,0.000,0.000,18.0
2010-01-28,23:57:00,1.510,0.088,240.620,6.200,0.000,0.000,18.0
2010-01-28,23:58:00,1.504,0.088,240.330,6.200,0.000,0.000,19.0
2010-01-28,23:59:00,1.516,0.092,241.450,6.200,0.000,0.000,18.0
