Date,Time,Global_active_power,Global_reactive_power,Voltage,Global_intensity,Sub_metering_1,Sub_metering_2,Sub_metering_3
2008-01-24,00:00:00,0.238,0.000,243.960,1.000,0.000,0.000,0.0
2008-01-24,00:01:00,0.236,0.000,242.910,1.000,0.000,0.000,0.0
2008-01-24,00:02:00,0.236,0.000,242.470,1.000,0.000,0.000,0.0
2008-01-24,00:03:00,0.236,0.000,242.230,1.000,0.000,0.000,0.0
2008-01-24,00:04:00,0.238,0.000,243.170,1.000,0.000,0.000,0.0
2008-01-24,00:05:00,0.238,0.000,243.450,1.000,0.000,0.000,0.0
2008-01-24,00:06:00,0.238,0.000,243.930,1.000,0.000,0.000,0.0
2008-01-24,00:07:00,0.240,0.000,244.060,1.000,0.000,0.000,0.0
2008-01-24,00:08:00,0.240,0.000,244.760,1.000,0.000,0.000,0.0
2008-01-24,00:09:00,0.240,0.000,244.930,1.000,0.000,0.000,0.0
2008-01-24,00:10:00,0.240,0.000,245.090,1.000,0.000,0.000,0.0
2008-01-24,00:11:00,0.242,0.000,245.770,1.000,0.000,0.000,0.0
2008-01-24,00:12:00,0.242,0.000,245.590,1.000,0.000,0.000,0.0
2008-01-24,00:13:00,0.240,0.000,245.040,1.000,0.000,0.000,0.0
2008-01-24,00:14:00,0.240,0.000,244.380,1.000,0.000,0.000,0.0
2008-01-24,00:15:00,0.238,0.000,243.940,1.000,0.000,0.000,0.0
2008-01-24,00:16:00,0.240,0.000,244.190,1.000,0.000,0.000,0.0
2008-01-24,00:17:00,0.238,0.000,243.860,1.000,0.000,0.000,0.0
2008-01-24,00:18:00,0.238,0.000,243.380,1.000,0.000,0.000,0.0
2008-01-24,00:19:00,0.238,0.000,243.730,1.000,0.000,0.000,0.0
2008-01-24,00:20:00,0.240,0.000,244.270,1.000,0.000,0.000,0.0
2008-01-24,00:21:00,0.240,0.000,244.950,1.000,0.000,0.000,0.0
2008-01-24,00:22:00,0.240,0.000,244.420,1.000,0.000,0.000,0.0
2008-01-24,00:23:00,0.240,0.000,244.780,1.000,0.000,0.000,0.0
2008-01-24,00:24:00,0.240,0.000,244.440,1.000,0.000,0.000,0.0
2008-01-24,00:25:00,0.238,0.000,243.720,1.000,0.000,0.000,0.0
2008-01-24,00:26:00,0.272,0.000,243.790,1.200,0.000,0.000,0.0
2008-01-24,00:27:00,0.352,0.122,244.130,1.400,0.000,0.000,0.0
2008-01-24,00:28:00,0.350,0.122,244.500,1.400,0.000,0.000,0.0
2008-01-24,00:29:00,0.346,0.120,243.600,1.400,0.000,0.000,0.0
2008-01-24,00:30:00,0.400,0.170,243.710,1.800,0.000,0.000,0.0
2008-01-24,00:31:00,0.420,0.226,243.950,1.800,0.000,0.000,0.0
2008-01-24,00:32:00,0.420,0.228,244.090,1.800,0.000,0.000,0.0
2008-01-24,00:33:00,0.418,0.226,243.790,1.800,0.000,0.000,0.0
2008-01-24,00:34:00,0.418,0.228,244.200,1.800,0.000,0.000,0.0
2008-01-24,00:35:00,0.420,0.226,243.980,1.800,0.000,0.000,0.0
2008-01-24,00:36:00,0.406,0.204,244.160,1.800,0.000,0.000,0.0
2008-01-24,00:37:00,0.394,0.202,243.910,1.800,0.000,0.000,0.0
2008-01-24,00:38:00,0.392,0.204,244.250,1.800,0.000,0.000,0.0
2008-01-24,00:39:00,0.390,0.202,243.800,1.800,0.000,0.000,0.0
2008-01-24,00:40:00,0.360,0.160,243.260,1.600,0.000,0.000,0.0
2008-01-24,00:41:00,0.310,0.086,243.630,1.200,0.000,0.000,0.0
2008-01-24,00:42:00,0.222,0.000,243.910,1.000,0.000,0.000,0.0
2008-01-24,00:43:00,0.222,0.000,244.190,1.000,0.000,0.000,0.0
2008-01-24,00:44:00,0.222,0.000,243.830,1.000,0.000,0.000,0.0
2008-01-24,00:45:00,0.222,0.000,244.710,1.000,0.000,0.000,0.0
2008-01-24,00:46:00,0.224,0.000,245.240,1.000,0.000,0.000,0.0
2008-01-24,00:47:00,0.222,0.000,244.930,1.000,0.000,0.000,0.0
2008-01-24,00:48:00,0.222,0.000,243.910,1.000,0.000,0.000,0.0
2008-01-24,00:49:00,0.222,0.000,244.080,1.000,0.000,0.000,0.0
2008-01-24,00:50:00,0.222,0.000,244.620,1.000,0.000,0.000,0.0
2008-01-24,00:51:00,0.222,0.000,244.500,1.000,0.000,0.000,0.0
2008-01-24,00:52:00,0.222,0.000,243.910,1.000,0.000,0.000,0.0
2008-01-24,00:53:00,0.222,0.000,244.680,1.000,0.000,0.000,0.0
2008-01-24,00:54:00,0.224,0.000,245.210,1.000,0.000,0.000,0.0
2008-01-24,00:55:00,0.224,0.000,245.900,1.000,0.000,0.000,0.0
2008-01-24,00:56:00,0.224,0.000,245.360,1.000,0.000,0.000,0.0
2008-01-24,00:57:00,0.222,0.000,244.780,1.000,0.000,0.000,0.0
2008-01-24,00:58:00,0.222,0.000,244.880,1.000,0.000,0.000,0.0
2008-01-24,00:59:00,0.222,0.000,244.140,1.000,0.000,0.000,0.0
2008-01-24,01:00:00,0.220,0.000,243.630,1.000,0.000,0.000,0.0
2008-01-24,01:01:00,0.222,0.000,243.880,1.000,0.000,0.000,0.0
2008-01-24,01:02:00,0.222,0.000,244.510,1.000,0.000,0.000,0.0
2008-01-24,01:03:00,0.222,0.000,244.040,1.000,0.000,0.000,0.0
2008-01-24,01:04:00,0.220,0.000,243.710,1.000,0.000,0.000,0.0
2008-01-24,01:05:00,0.222,0.000,243.930,1.000,0.000,0.000,0.0
2008-01-24,01:06:00,0.222,0.000,244.180,1.000,0.000,0.000,0.0
2008-01-24,01:07:00,0.220,0.000,242.710,1.000,0.000,0.000,0.0
2008-01-24,01:08:00,0.218,0.000,242.410,1.000,0.000,0.000,0.0
2008-01-24,01:09:00,0.220,0.000,243.250,1.000,0.000,0.000,0.0
2008-01-24,01:10:00,0.220,0.000,243.910,1.000,0.000,0.000,0.0
2008-01-24,01:11:00,0.286,0.000,244.540,1.200,0.000,0.000,0.0
2008-01-24,01:12:00,0.336,0.100,244.660,1.400,0.000,0.000,0.0
2008-01-24,01:13:00,0.332,0.100,244.880,1.400,0.000,0.000,0.0
2008-01-24,01:14:00,0.360,0.118,244.840,1.600,0.000,0.000,0.0
2008-01-24,01:15:00,0.406,0.206,244.650,1.800,0.000,0.000,0.0
2008-01-24,01:16:00,0.406,0.210,245.620,1.800,0.000,0.000,0.0
2008-01-24,01:17:00,0.406,0.210,245.620,1.800,0.000,0.000,0.0
2008-01-24,01:18:00,0.402,0.204,244.410,1.800,0.000,0.000,0.0
2008-01-24,01:19:00,0.400,0.204,244.220,1.800,0.000,0.000,0.0
2008-01-24,01:20:00,0.398,0.206,244.280,1.800,0.000,0.000,0.0
2008-01-24,01:21:00,0.396,0.208,244.930,1.800,0.000,0.000,0.0
2008-01-24,01:22:00,0.392,0.204,243.840,1.800,0.000,0.000,0.0
2008-01-24,01:23:00,0.390,0.204,244.110,1.800,0.000,0.000,0.0
2008-01-24,01:24:00,0.372,0.178,245.020,1.600,0.000,0.000,0.0
2008-01-24,01:25:00,0.320,0.100,245.000,1.400,0.000,0.000,0.0
2008-01-24,01:26:00,0.258,0.000,244.350,1.000,0.000,0.000,0.0
2008-01-24,01:27:00,0.222,0.000,244.120,1.000,0.000,0.000,0.0
2008-01-24,01:28:00,0.222,0.000,244.550,1.000,0.000,0.000,0.0
2008-01-24,01:29:00,0.222,0.000,243.810,1.000,0.000,0.000,0.0
2008-01-24,01:30:00,0.220,0.000,242.960,1.000,0.000,0.000,0.0
2008-01-24,01:31:00,0.220,0.000,243.640,1.000,0.000,0.000,0.0
2008-01-24,01:32:00,0.222,0.000,244.080,1.000,0.000,0.000,0.0
2008-01-24,01:33:00,0.222,0.000,244.080,1.000,0.000,0.000,0.0
2008-01-24,01:34:00,0.222,0.000,244.030,1.000,0.000,0.000,0.0
2008-01-24,01:35:00,0.222,0.000,244.330,1.000,0.000,0.000,0.0
2008-01-24,01:36:00,0.222,0.000,244.240,1.000,0.000,0.000,0.0
2008-01-24,01:37:00,0.222,0.000,243.870,1.000,0.000,0.000,0.0
2008-01-24,01:38:00,0.220,0.000,242.900,1.000,0.000,0.000,0.0
2008-01-24,01:39:00,0.220,0.000,243.290,1.000,0.000,0.000,0.0
2008-01-24,01:40:00,0.220,0.000,242.750,1.000,0.000,0.000,0.0
2008-01-24,01:41:00,0.218,0.000,241.510,0.800,0.000,0.000,0.0
2008-01-24,01:42:00,0.218,0.000,241.180,0.800,0.000,0.000,0.0
2008-01-24,01:43:00,0.218,0.000,241.370,0.800,0.000,0.000,0.0
2008-01-24,01:44:00,0.216,0.000,240.870,0.800,0.000,0.000,0.0
2008-01-24,01:45:00,0.216,0.000,240.930,0.800,0.000,0.000,0.0
2008-01-24,01:46:00,0.216,0.000,240.560,0.800,0.000,0.000,0.0
2008-01-24,01:47:00,0.216,0.000,240.570,0.800,0.000,0.000,0.0
2008-01-24,01:48:00,0.216,0.046,240.070,0.800,0.000,0.000,0.0
2008-01-24,01:49:00,0.216,0.046,239.630,0.800,0.000,0.000,0.0
2008-01-24,01:50:00,0.216,0.046,239.740,0.800,0.000,0.000,0.0
2008-01-24,01:51:00,0.216,0.046,240.050,0.800,0.000,0.000,0.0
2008-01-24,01:52:00,0.216,0.000,240.100,0.800,0.000,0.000,0.0
2008-01-24,01:53:00,0.216,0.000,240.180,0.800,0.000,0.000,0.0
2008-01-24,01:54:00,0.218,0.000,241.550,1.000,0.000,0.000,0.0
2008-01-24,01:55:00,0.218,0.000,242.120,1.000,0.000,0.000,0.0
2008-01-24,01:56:00,0.302,0.000,241.540,1.400,0.000,0.000,0.0
2008-01-24,01:57:00,0.328,0.086,240.230,1.400,0.000,0.000,0.0
2008-01-24,01:58:00,0.328,0.092,241.790,1.400,0.000,0.000,0.0
2008-01-24,01:59:00,0.400,0.172,243.290,1.800,0.000,0.000,0.0
2008-01-24,02:00:00,0.404,0.202,243.500,1.800,0.000,0.000,0.0
2008-01-24,02:01:00,0.404,0.202,243.190,1.800,0.000,0.000,0.0
2008-01-24,02:02:00,0.404,0.204,243.650,1.800,0.000,0.000,0.0
2008-01-24,02:03:00,0.402,0.206,244.110,1.800,0.000,0.000,0.0
2008-01-24,02:04:00,0.396,0.202,243.240,1.800,0.000,0.000,0.0
2008-01-24,02:05:00,0.394,0.200,242.910,1.800,0.000,0.000,0.0
2008-01-24,02:06:00,0.392,0.202,243.400,1.800,0.000,0.000,0.0
2008-01-24,02:07:00,0.392,0.204,243.790,1.800,0.000,0.000,0.0
2008-01-24,02:08:00,0.372,0.178,243.620,1.600,0.000,0.000,0.0
2008-01-24,02:09:00,0.318,0.096,243.550,1.400,0.000,0.000,0.0
2008-01-24,02:10:00,0.316,0.094,243.030,1.400,0.000,0.000,0.0
2008-01-24,02:11:00,0.224,0.000,243.920,1.000,0.000,0.000,0.0
2008-01-24,02:12:00,0.222,0.000,243.750,1.000,0.000,0.000,0.0
2008-01-24,02:13:00,0.222,0.000,243.980,1.000,0.000,0.000,0.0
2008-01-24,02:14:00,0.222,0.000,244.530,1.000,0.000,0.000,0.0
2008-01-24,02:15:00,0.222,0.000,244.600,1.000,0.000,0.000,0.0
2008-01-24,02:16:00,0.222,0.000,244.170,1.000,0.000,0.000,0.0
2008-01-24,02:17:00,0.224,0.000,244.670,1.000,0.000,0.000,0.0
2008-01-24,02:18:00,0.224,0.000,244.990,1.000,0.000,0.000,0.0
2008-01-24,02:19:00,0.224,0.000,244.710,1.000,0.000,0.000,0.0
2008-01-24,02:20:00,0.222,0.000,244.540,1.000,0.000,0.000,0.0
2008-01-24,02:21:00,0.224,0.000,245.330,1.000,0.000,0.000,0.0
2008-01-24,02:22:00,0.226,0.000,245.940,1.000,0.000,0.000,0.0
2008-01-24,02:23:00,0.262,0.000,245.030,1.200,0.000,0.000,0.0
2008-01-24,02:24:00,0.306,0.088,245.150,1.200,0.000,1.000,0.0
2008-01-24,02:25:00,0.308,0.086,244.520,1.200,0.000,1.000,0.0
2008-01-24,02:26:00,0.304,0.084,243.330,1.200,0.000,1.000,0.0
2008-01-24,02:27:00,0.302,0.080,242.230,1.200,0.000,2.000,0.0
2008-01-24,02:28:00,0.304,0.082,242.900,1.200,0.000,1.000,0.0
2008-01-24,02:29:00,0.306,0.084,243.740,1.200,0.000,2.000,0.0
2008-01-24,02:30:00,0.306,0.084,243.490,1.200,0.000,1.000,0.0
2008-01-24,02:31:00,0.306,0.084,243.850,1.200,0.000,1.000,0.0
2008-01-24,02:32:00,0.306,0.086,244.100,1.200,0.000,2.000,0.0
2008-01-24,02:33:00,0.308,0.086,244.550,1.200,0.000,1.000,0.0
2008-01-24,02:34:00,0.306,0.084,244.010,1.200,0.000,2.000,0.0
2008-01-24,02:35:00,0.306,0.084,243.950,1.200,0.000,1.000,0.0
2008-01-24,02:36:00,0.306,0.084,244.200,1.200,0.000,1.000,0.0
2008-01-24,02:37:00,0.306,0.084,244.060,1.200,0.000,2.000,0.0
2008-01-24,02:38:00,0.304,0.086,244.270,1.200,0.000,1.000,0.0
2008-01-24,02:39:00,0.304,0.086,244.700,1.200,0.000,1.000,0.0
2008-01-24,02:40:00,0.306,0.088,245.460,1.200,0.000,2.000,0.0
2008-01-24,02:41:00,0.382,0.174,245.710,1.800,0.000,1.000,0.0
2008-01-24,02:42:00,0.414,0.230,245.350,1.800,0.000,1.000,0.0
2008-01-24,02:43:00,0.462,0.280,245.680,2.200,0.000,2.000,0.0
2008-01-24,02:44:00,0.484,0.338,245.250,2.400,0.000,1.000,0.0
2008-01-24,02:45:00,0.484,0.340,245.550,2.400,0.000,1.000,0.0
2008-01-24,02:46:00,0.480,0.336,244.990,2.400,0.000,1.000,0.0
2008-01-24,02:47:00,0.478,0.334,244.850,2.400,0.000,2.000,0.0
2008-01-24,02:48:00,0.474,0.332,244.470,2.200,0.000,1.000,0.0
2008-01-24,02:49:00,0.468,0.326,243.470,2.200,0.000,1.000,0.0
2008-01-24,02:50:00,0.464,0.324,242.840,2.200,0.000,1.000,0.0
2008-01-24,02:51:00,0.462,0.320,242.390,2.200,0.000,2.000,0.0
2008-01-24,02:52:00,0.448,0.304,242.220,2.200,0.000,1.000,0.0
2008-01-24,02:53:00,0.388,0.212,241.800,1.800,0.000,1.000,0.0
2008-01-24,02:54:00,0.388,0.216,242.340,1.800,0.000,1.000,0.0
2008-01-24,02:55:00,0.314,0.094,243.600,1.400,0.000,0.000,0.0
2008-01-24,02:56:00,0.224,0.000,245.020,1.000,0.000,0.000,0.0
2008-01-24,02:57:00,0.224,0.000,245.040,1.000,0.000,0.000,0.0
2008-01-24,02:58:00,0.224,0.000,244.870,1.000,0.000,0.000,0.0
2008-01-24,02:59:00,0.224,0.000,245.010,1.000,0.000,0.000,0.0
2008-01-24,03:00:00,0.224,0.000,245.320,1.000,0.000,0.000,0.0
2008-01-24,03:01:00,0.222,0.000,244.460,1.000,0.000,0.000,0.0
2008-01-24,03:02:00,0.222,0.000,243.700,1.000,0.000,0.000,0.0
2008-01-24,03:03:00,0.222,0.000,243.840,1.000,0.000,0.000,0.0
2008-01-24,03:04:00,0.222,0.000,243.840,1.000,0.000,0.000,0.0
2008-01-24,03:05:00,0.222,0.000,243.600,1.000,0.000,0.000,0.0
2008-01-24,03:06:00,0.220,0.000,242.610,1.000,0.000,0.000,0.0
2008-01-24,03:07:00,0.220,0.000,243.220,1.000,0.000,0.000,0.0
2008-01-24,03:08:00,0.220,0.000,243.150,1.000,0.000,0.000,0.0
2008-01-24,03:09:00,0.222,0.000,243.700,1.000,0.000,0.000,0.0
2008-01-24,03:10:00,0.222,0.000,244.080,1.000,0.000,0.000,0.0
2008-01-24,03:11:00,0.222,0.000,244.130,1.000,0.000,0.000,0.0
2008-01-24,03:12:00,0.220,0.000,243.210,1.000,0.000,0.000,0.0
2008-01-24,03:13:00,0.220,0.000,242.570,1.000,0.000,0.000,0.0
2008-01-24,03:14:00,0.220,0.000,242.910,1.000,0.000,0.000,0.0
2008-01-24,03:15:00,0.220,0.000,243.180,1.000,0.000,0.000,0.0
2008-01-24,03:16:00,0.222,0.000,243.570,1.000,0.000,0.000,0.0
2008-01-24,03:17:00,0.222,0.000,243.370,1.000,0.000,0.000,0.0
2008-01-24,03:18:00,0.220,0.000,243.180,1.000,0.000,0.000,0.0
2008-01-24,03:19:00,0.220,0.000,243.370,1.000,0.000,0.000,0.0
2008-01-24,03:20:00,0.222,0.000,243.470,1.000,0.000,0.000,0.0
2008-01-24,03:21:00,0.222,0.000,243.950,1.000,0.000,0.000,0.0
2008-01-24,03:22:00,0.222,0.000,244.200,1.000,0.000,0.000,0.0
2008-01-24,03:23:00,0.222,0.000,243.960,1.000,0.000,0.000,0.0
2008-01-24,03:24:00,0.222,0.000,243.890,1.000,0.000,0.000,0.0
2008-01-24,03:25:00,0.222,0.000,243.840,1.000,0.000,0.000,0.0
2008-01-24,03:26:00,0.294,0.000,244.120,1.400,0.000,0.000,0.0
2008-01-24,03:27:00,0.334,0.094,242.960,1.400,0.000,0.000,0.0
2008-01-24,03:28:00,0.422,0.198,242.700,2.000,0.000,0.000,0.0
2008-01-24,03:29:00,0.404,0.200,243.210,1.800,0.000,0.000,0.0
2008-01-24,03:30:00,0.406,0.202,243.770,1.800,0.000,0.000,0.0
2008-01-24,03:31:00,0.402,0.198,242.440,1.800,0.000,0.000,0.0
2008-01-24,03:32:00,0.396,0.194,241.530,1.800,0.000,0.000,0.0
2008-01-24,03:33:00,0.394,0.196,241.810,1.800,0.000,0.000,0.0
2008-01-24,03:34:00,0.394,0.198,242.390,1.800,0.000,0.000,0.0
2008-01-24,03:35:00,0.390,0.196,242.240,1.800,0.000,0.000,0.0
2008-01-24,03:36:00,0.390,0.198,242.500,1.800,0.000,0.000,0.0
2008-01-24,03:37:00,0.328,0.108,243.600,1.400,0.000,0.000,0.0
2008-01-24,03:38:00,0.320,0.096,243.490,1.400,0.000,0.000,0.0
2008-01-24,03:39:00,0.318,0.098,243.710,1.400,0.000,0.000,0.0
2008-01-24,03:40:00,0.312,0.088,243.180,1.200,0.000,0.000,0.0
2008-01-24,03:41:00,0.222,0.000,243.520,1.000,0.000,0.000,0.0
2008-01-24,03:42:00,0.222,0.000,243.490,1.000,0.000,0.000,0.0
2008-01-24,03:43:00,0.220,0.000,243.120,1.000,0.000,0.000,0.0
2008-01-24,03:44:00,0.220,0.000,243.070,1.000,0.000,0.000,0.0
2008-01-24,03:45:00,0.220,0.000,243.180,1.000,0.000,0.000,0.0
2008-01-24,03:46:00,0.222,0.000,243.320,1.000,0.000,0.000,0.0
2008-01-24,03:47:00,0.220,0.000,242.380,1.000,0.000,0.000,0.0
2008-01-24,03:48:00,0.220,0.000,242.950,1.000,0.000,0.000,0.0
2008-01-24,03:49:00,0.220,0.000,243.060,1.000,0.000,0.000,0.0
2008-01-24,03:50:00,0.222,0.000,243.990,1.000,0.000,0.000,0.0
2008-01-24,03:51:00,0.224,0.000,244.420,1.000,0.000,0.000,0.0
2008-01-24,03:52:00,0.222,0.000,243.880,1.000,0.000,0.000,0.0
2008-01-24,03:53:00,0.222,0.000,243.350,1.000,0.000,0.000,0.0
2008-01-24,03:54:00,0.220,0.000,243.100,1.000,0.000,0.000,0.0
2008-01-24,03:55:00,0.220,0.000,242.960,1.000,0.000,0.000,0.0
2008-01-24,03:56:00,0.222,0.000,243.540,1.000,0.000,0.000,0.0
2008-01-24,03:57:00,0.220,0.000,243.200,1.000,0.000,0.000,0.0
2008-01-24,03:58:00,0.222,0.000,243.440,1.000,0.000,0.000,0.0
2008-01-24,03:59:00,0.222,0.000,243.820,1.000,0.000,0.000,0.0
2008-01-24,04:00:00,0.224,0.000,244.850,1.000,0.000,0.000,0.0
2008-01-24,04:01:00,0.224,0.000,244.290,1.000,0.000,0.000,0.0
2008-01-24,04:02:00,0.222,0.000,243.620,1.000,0.000,0.000,0.0
2008-01-24,04:03:00,0.222,0.000,243.490,1.000,0.000,0.000,0.0
2008-01-24,04:04:00,0.222,0.000,243.000,1.000,0.000,0.000,0.0
2008-01-24,04:05:00,0.220,0.000,242.330,1.000,0.000,0.000,0.0
2008-01-24,04:06:00,0.220,0.000,242.320,1.000,0.000,0.000,0.0
2008-01-24,04:07:00,0.220,0.000,242.880,1.000,0.000,0.000,0.0
2008-01-24,04:08:00,0.222,0.000,243.640,1.000,0.000,0.000,0.0
2008-01-24,04:09:00,0.222,0.000,243.310,1.000,0.000,0.000,0.0
2008-01-24,04:10:00,0.222,0.000,242.960,1.000,0.000,0.000,0.0
2008-01-24,04:11:00,0.290,0.000,242.960,1.400,0.000,0.000,0.0
2008-01-24,04:12:00,0.380,0.134,243.000,1.800,0.000,0.000,0.0
2008-01-24,04:13:00,0.406,0.200,242.810,1.800,0.000,0.000,0.0
2008-01-24,04:14:00,0.404,0.198,242.650,1.800,0.000,0.000,0.0
2008-01-24,04:15:00,0.404,0.200,243.130,1.800,0.000,0.000,0.0
2008-01-24,04:16:00,0.402,0.200,243.140,1.800,0.000,0.000,0.0
2008-01-24,04:17:00,0.398,0.198,242.410,1.800,0.000,0.000,0.0
2008-01-24,04:18:00,0.396,0.200,242.800,1.800,0.000,0.000,0.0
2008-01-24,04:19:00,0.394,0.198,242.520,1.800,0.000,0.000,0.0
2008-01-24,04:20:00,0.392,0.198,242.380,1.800,0.000,0.000,0.0
2008-01-24,04:21:00,0.370,0.166,241.380,1.600,0.000,0.000,0.0
2008-01-24,04:22:00,0.318,0.092,241.890,1.400,0.000,0.000,0.0
2008-01-24,04:23:00,0.318,0.092,242.370,1.400,0.000,0.000,0.0
2008-01-24,04:24:00,0.336,0.094,242.740,1.400,0.000,0.000,0.0
2008-01-24,04:25:00,0.322,0.070,242.110,1.400,0.000,0.000,0.0
2008-01-24,04:26:00,0.228,0.000,242.440,1.000,0.000,0.000,0.0
2008-01-24,04:27:00,0.220,0.000,242.680,1.000,0.000,0.000,0.0
2008-01-24,04:28:00,0.220,0.000,242.550,1.000,0.000,0.000,0.0
2008-01-24,04:29:00,0.220,0.000,242.480,1.000,0.000,0.000,0.0
2008-01-24,04:30:00,0.222,0.000,242.970,1.000,0.000,0.000,0.0
2008-01-24,04:31:00,0.222,0.000,243.720,1.000,0.000,0.000,0.0
2008-01-24,04:32:00,0.222,0.000,243.230,1.000,0.000,0.000,0.0
2008-01-24,04:33:00,0.220,0.000,242.860,1.000,0.000,0.000,0.0
2008-01-24,04:34:00,0.220,0.000,242.920,1.000,0.000,0.000,0.0
2008-01-24,04:35:00,0.220,0.000,242.790,1.000,0.000,0.000,0.0
2008-01-24,04:36:00,0.220,0.000,242.490,1.000,0.000,0.000,0.0
2008-01-24,04:37:00,0.220,0.000,242.620,1.000,0.000,0.000,0.0
2008-01-24,04:38:00,0.222,0.000,243.620,1.000,0.000,0.000,0.0
2008-01-24,04:39:00,0.222,0.000,243.530,1.000,0.000,0.000,0.0
2008-01-24,04:40:00,0.220,0.000,242.030,1.000,0.000,0.000,0.0
2008-01-24,04:41:00,0.218,0.000,241.810,1.000,0.000,0.000,0.0
2008-01-24,04:42:00,0.220,0.000,242.520,1.000,0.000,0.000,0.0
2008-01-24,04:43:00,0.220,0.000,242.130,1.000,0.000,0.000,0.0
2008-01-24,04:44:00,0.218,0.000,241.530,0.800,0.000,0.000,0.0
2008-01-24,04:45:00,0.218,0.000,241.350,0.800,0.000,0.000,0.0
2008-01-24,04:46:00,0.220,0.000,242.310,1.000,0.000,0.000,0.0
2008-01-24,04:47:00,0.220,0.000,242.420,1.000,0.000,0.000,0.0
2008-01-24,04:48:00,0.220,0.000,242.410,1.000,0.000,0.000,0.0
2008-01-24,04:49:00,0.220,0.000,242.140,1.000,0.000,0.000,0.0
2008-01-24,04:50:00,0.220,0.000,243.000,1.000,0.000,0.000,0.0
2008-01-24,04:51:00,0.222,0.000,243.460,1.000,0.000,0.000,0.0
2008-01-24,04:52:00,0.220,0.000,243.060,1.000,0.000,0.000,0.0
2008-01-24,04:53:00,0.220,0.000,242.830,1.000,0.000,0.000,0.0
2008-01-24,04:54:00,0.220,0.000,242.360,1.000,0.000,0.000,0.0
2008-01-24,04:55:00,0.218,0.000,241.900,1.000,0.000,0.000,0.0
2008-01-24,04:56:00,0.218,0.000,240.870,1.000,0.000,0.000,0.0
2008-01-24,04:57:00,0.342,0.088,240.730,1.400,0.000,0.000,0.0
2008-01-24,04:58:00,0.422,0.194,241.540,2.000,0.000,0.000,0.0
2008-01-24,04:59:00,0.402,0.194,241.610,1.800,0.000,0.000,0.0
2008-01-24,05:00:00,0.402,0.194,241.380,1.800,0.000,0.000,0.0
2008-01-24,05:01:00,0.398,0.190,240.740,1.800,0.000,0.000,0.0
2008-01-24,05:02:00,0.396,0.192,241.140,1.800,0.000,0.000,0.0
2008-01-24,05:03:00,0.394,0.192,240.830,1.800,0.000,0.000,0.0
2008-01-24,05:04:00,0.390,0.192,240.740,1.800,0.000,0.000,0.0
2008-01-24,05:05:00,0.390,0.194,241.340,1.800,0.000,0.000,0.0
2008-01-24,05:06:00,0.388,0.192,241.190,1.800,0.000,0.000,0.0
2008-01-24,05:07:00,0.318,0.092,240.910,1.400,0.000,0.000,0.0
2008-01-24,05:08:00,0.316,0.088,240.490,1.400,0.000,0.000,0.0
2008-01-24,05:09:00,0.316,0.088,240.900,1.400,0.000,0.000,0.0
2008-01-24,05:10:00,0.316,0.090,241.340,1.400,0.000,0.000,0.0
2008-01-24,05:11:00,0.240,0.000,240.770,1.000,0.000,0.000,0.0
2008-01-24,05:12:00,0.220,0.000,241.790,1.000,0.000,0.000,0.0
2008-01-24,05:13:00,0.220,0.000,241.770,1.000,0.000,0.000,0.0
2008-01-24,05:14:00,0.220,0.000,241.890,1.000,0.000,0.000,0.0
2008-01-24,05:15:00,0.220,0.000,241.490,1.000,0.000,0.000,0.0
2008-01-24,05:16:00,0.222,0.000,243.000,1.000,0.000,0.000,0.0
2008-01-24,05:17:00,0.222,0.000,243.140,1.000,0.000,0.000,0.0
2008-01-24,05:18:00,0.222,0.000,243.220,1.000,0.000,0.000,0.0
2008-01-24,05:19:00,0.222,0.000,242.710,1.000,0.000,0.000,0.0
2008-01-24,05:20:00,0.220,0.000,242.610,1.000,0.000,0.000,0.0
2008-01-24,05:21:00,0.222,0.000,242.980,1.000,0.000,0.000,0.0
2008-01-24,05:22:00,0.254,0.000,243.000,1.200,0.000,0.000,0.0
2008-01-24,05:23:00,0.302,0.080,242.000,1.200,0.000,1.000,0.0
2008-01-24,05:24:00,0.306,0.080,242.200,1.200,0.000,1.000,0.0
2008-01-24,05:25:00,0.302,0.080,242.040,1.200,0.000,2.000,0.0
2008-01-24,05:26:00,0.304,0.082,243.030,1.200,0.000,1.000,0.0
2008-01-24,05:27:00,0.304,0.082,242.920,1.200,0.000,1.000,0.0
2008-01-24,05:28:00,0.306,0.084,243.380,1.200,0.000,2.000,0.0
2008-01-24,05:29:00,0.306,0.086,244.090,1.200,0.000,1.000,0.0
2008-01-24,05:30:00,0.306,0.084,243.630,1.200,0.000,2.000,0.0
2008-01-24,05:31:00,0.496,0.078,242.640,2.600,0.000,1.000,2.0
2008-01-24,05:32:00,1.426,0.066,241.480,5.800,0.000,1.000,18.0
2008-01-24,05:33:00,1.410,0.066,241.410,5.800,0.000,2.000,19.0
2008-01-24,05:34:00,1.390,0.066,240.820,5.600,0.000,1.000,18.0
2008-01-24,05:35:00,1.372,0.062,239.840,5.600,0.000,2.000,18.0
2008-01-24,05:36:00,1.368,0.062,239.980,5.600,0.000,1.000,18.0
2008-01-24,05:37:00,1.368,0.064,240.170,5.600,0.000,1.000,17.0
2008-01-24,05:38:00,1.362,0.062,239.910,5.600,0.000,2.000,18.0
2008-01-24,05:39:00,1.360,0.062,239.940,5.600,0.000,1.000,18.0
2008-01-24,05:40:00,1.364,0.064,240.470,5.600,0.000,1.000,18.0
2008-01-24,05:41:00,1.360,0.062,240.190,5.600,0.000,1.000,17.0
2008-01-24,05:42:00,1.450,0.166,239.600,6.000,0.000,2.000,18.0
2008-01-24,05:43:00,1.482,0.208,239.100,6.200,0.000,1.000,17.0
2008-01-24,05:44:00,1.528,0.296,239.380,6.400,0.000,1.000,18.0
2008-01-24,05:45:00,1.522,0.294,239.070,6.400,0.000,1.000,18.0
2008-01-24,05:46:00,1.524,0.296,239.220,6.400,0.000,2.000,17.0
2008-01-24,05:47:00,1.520,0.294,239.130,6.400,0.000,1.000,18.0
2008-01-24,05:48:00,1.516,0.294,239.100,6.400,0.000,1.000,17.0
2008-01-24,05:49:00,1.516,0.296,239.350,6.400,0.000,1.000,18.0
2008-01-24,05:50:00,1.510,0.294,238.970,6.400,0.000,2.000,17.0
2008-01-24,05:51:00,1.512,0.296,239.370,6.400,0.000,1.000,18.0
2008-01-24,05:52:00,1.508,0.290,239.710,6.400,0.000,1.000,18.0
2008-01-24,05:53:00,1.428,0.176,239.210,6.000,0.000,1.000,17.0
2008-01-24,05:54:00,1.364,0.072,238.860,5.600,0.000,0.000,18.0
2008-01-24,05:55:00,1.360,0.072,238.660,5.600,0.000,0.000,17.0
2008-01-24,05:56:00,1.324,0.000,240.770,5.400,0.000,0.000,18.0
2008-01-24,05:57:00,1.294,0.054,241.350,5.200,0.000,0.000,18.0
2008-01-24,05:58:00,1.296,0.054,241.210,5.400,0.000,0.000,18.0
2008-01-24,05:59:00,1.304,0.052,241.570,5.400,0.000,0.000,18.0
2008-01-24,06:00:00,1.308,0.052,241.910,5.400,0.000,0.000,17.0
2008-01-24,06:01:00,1.304,0.052,241.560,5.400,0.000,0.000,18.0
2008-01-24,06:02:00,1.294,0.054,240.640,5.400,0.000,0.000,18.0
2008-01-24,06:03:00,1.292,0.054,240.500,5.200,0.000,0.000,18.0
2008-01-24,06:04:00,1.290,0.054,240.300,5.200,0.000,0.000,18.0
2008-01-24,06:05:00,1.286,0.054,240.070,5.200,0.000,0.000,17.0
2008-01-24,06:06:00,1.282,0.056,239.600,5.200,0.000,0.000,18.0
2008-01-24,06:07:00,1.282,0.056,239.660,5.200,0.000,0.000,18.0
2008-01-24,06:08:00,0.502,0.046,241.270,2.800,0.000,0.000,5.0
2008-01-24,06:09:00,0.224,0.000,241.630,1.000,0.000,0.000,0.0
2008-01-24,06:10:00,0.226,0.000,242.600,1.000,0.000,0.000,0.0
2008-01-24,06:11:00,0.226,0.000,242.950,1.000,0.000,0.000,0.0
2008-01-24,06:12:00,0.226,0.000,242.660,1.000,0.000,0.000,0.0
2008-01-24,06:13:00,0.222,0.000,240.270,1.000,0.000,0.000,0.0
2008-01-24,06:14:00,0.222,0.000,240.520,1.000,0.000,0.000,0.0
2008-01-24,06:15:00,0.222,0.000,240.720,1.000,0.000,0.000,0.0
2008-01-24,06:16:00,0.222,0.000,241.080,1.000,0.000,0.000,0.0
2008-01-24,06:17:00,0.222,0.000,240.800,1.000,0.000,0.000,0.0
2008-01-24,06:18:00,0.224,0.000,241.660,1.000,0.000,0.000,0.0
2008-01-24,06:19:00,0.224,0.000,242.470,1.000,0.000,0.000,0.0
2008-01-24,06:20:00,0.224,0.000,242.470,1.000,0.000,0.000,0.0
2008-01-24,06:21:00,0.224,0.000,242.140,1.000,0.000,0.000,0.0
2008-01-24,06:22:00,0.224,0.000,242.800,1.000,0.000,0.000,0.0
2008-01-24,06:23:00,0.300,0.000,242.650,1.200,0.000,0.000,0.0
2008-01-24,06:24:00,0.398,0.046,242.330,1.600,0.000,0.000,0.0
2008-01-24,06:25:00,2.870,0.070,238.750,14.400,0.000,0.000,0.0
2008-01-24,06:26:00,3.946,0.066,237.360,16.800,0.000,0.000,0.0
2008-01-24,06:27:00,3.554,0.000,237.820,15.000,0.000,0.000,0.0
2008-01-24,06:28:00,0.860,0.076,239.810,3.600,0.000,0.000,0.0
2008-01-24,06:29:00,0.894,0.090,239.480,3.800,0.000,0.000,0.0
2008-01-24,06:30:00,1.342,0.204,239.540,6.200,0.000,0.000,0.0
2008-01-24,06:31:00,1.132,0.188,241.510,5.000,0.000,0.000,0.0
2008-01-24,06:32:00,1.688,0.212,240.150,7.600,0.000,0.000,0.0
2008-01-24,06:33:00,0.846,0.184,240.940,3.800,0.000,0.000,0.0
2008-01-24,06:34:00,0.702,0.188,241.580,3.000,0.000,0.000,0.0
2008-01-24,06:35:00,0.702,0.192,242.400,3.000,0.000,0.000,0.0
2008-01-24,06:36:00,0.740,0.192,242.440,3.200,0.000,0.000,0.0
2008-01-24,06:37:00,0.754,0.188,241.600,3.200,0.000,0.000,0.0
2008-01-24,06:38:00,0.768,0.196,243.250,3.400,0.000,0.000,0.0
2008-01-24,06:39:00,0.752,0.170,243.530,3.200,0.000,0.000,0.0
2008-01-24,06:40:00,0.688,0.086,242.650,3.000,0.000,0.000,0.0
2008-01-24,06:41:00,0.686,0.088,242.650,3.000,0.000,0.000,0.0
2008-01-24,06:42:00,0.630,0.000,243.400,2.800,0.000,0.000,0.0
2008-01-24,06:43:00,0.602,0.048,243.270,2.600,0.000,0.000,0.0
2008-01-24,06:44:00,0.594,0.048,243.060,2.600,0.000,0.000,0.0
2008-01-24,06:45:00,0.604,0.050,242.120,2.600,0.000,0.000,0.0
2008-01-24,06:46:00,0.586,0.048,242.460,2.400,0.000,0.000,0.0
2008-01-24,06:47:00,0.600,0.048,242.410,2.600,0.000,0.000,0.0
2008-01-24,06:48:00,0.590,0.050,242.050,2.600,0.000,0.000,0.0
2008-01-24,06:49:00,0.600,0.050,241.280,2.600,0.000,0.000,0.0
2008-01-24,06:50:00,0.584,0.048,242.000,2.400,0.000,0.000,0.0
2008-01-24,06:51:00,0.604,0.048,241.800,2.600,0.000,0.000,0.0
2008-01-24,06:52:00,0.570,0.046,242.950,2.400,0.000,0.000,0.0
2008-01-24,06:53:00,0.600,0.000,244.100,2.600,0.000,0.000,0.0
2008-01-24,06:54:00,0.590,0.000,244.160,2.400,0.000,0.000,0.0
2008-01-24,06:55:00,0.592,0.046,243.720,2.400,0.000,0.000,0.0
2008-01-24,06:56:00,0.596,0.048,242.890,2.600,0.000,0.000,0.0
2008-01-24,06:57:00,0.582,0.048,243.320,2.400,0.000,0.000,0.0
2008-01-24,06:58:00,0.586,0.050,242.400,2.400,0.000,0.000,0.0
2008-01-24,06:59:00,0.592,0.050,242.610,2.600,0.000,0.000,0.0
2008-01-24,07:00:00,0.584,0.050,241.710,2.400,0.000,0.000,0.0
2008-01-24,07:01:00,0.592,0.052,241.370,2.600,0.000,0.000,0.0
2008-01-24,07:02:00,0.654,0.056,239.960,2.800,0.000,0.000,0.0
2008-01-24,07:03:00,0.756,0.058,239.400,3.200,0.000,0.000,0.0
2008-01-24,07:04:00,0.710,0.056,239.840,3.000,0.000,0.000,0.0
2008-01-24,07:05:00,0.580,0.054,239.530,2.400,0.000,0.000,0.0
2008-01-24,07:06:00,0.582,0.054,239.360,2.600,0.000,0.000,0.0
2008-01-24,07:07:00,0.584,0.052,238.380,2.600,0.000,0.000,0.0
2008-01-24,07:08:00,0.588,0.052,238.150,2.600,0.000,0.000,0.0
2008-01-24,07:09:00,0.584,0.050,239.340,2.400,0.000,0.000,0.0
2008-01-24,07:10:00,0.608,0.050,239.720,2.600,0.000,0.000,0.0
2008-01-24,07:11:00,0.582,0.050,238.940,2.600,0.000,0.000,0.0
2008-01-24,07:12:00,0.784,0.000,240.100,3.400,0.000,0.000,0.0
2008-01-24,07:13:00,0.698,0.078,240.350,3.000,0.000,0.000,0.0
2008-01-24,07:14:00,0.680,0.082,239.670,2.800,0.000,0.000,0.0
2008-01-24,07:15:00,0.776,0.160,239.080,3.400,0.000,0.000,0.0
2008-01-24,07:16:00,0.778,0.184,239.650,3.400,0.000,0.000,0.0
2008-01-24,07:17:00,0.776,0.182,239.370,3.400,0.000,0.000,0.0
2008-01-24,07:18:00,0.776,0.184,239.840,3.400,0.000,0.000,0.0
2008-01-24,07:19:00,0.760,0.184,239.600,3.200,0.000,0.000,0.0
2008-01-24,07:20:00,0.820,0.186,240.210,3.600,0.000,0.000,0.0
2008-01-24,07:21:00,1.588,0.182,239.490,6.600,0.000,0.000,0.0
2008-01-24,07:22:00,1.654,0.180,238.990,7.000,0.000,0.000,0.0
2008-01-24,07:23:00,1.128,0.182,239.080,5.000,0.000,0.000,0.0
2008-01-24,07:24:00,0.678,0.186,239.450,3.000,0.000,0.000,0.0
2008-01-24,07:25:00,0.624,0.110,239.630,2.600,0.000,0.000,0.0
2008-01-24,07:26:00,0.596,0.084,239.570,2.400,0.000,0.000,0.0
2008-01-24,07:27:00,0.598,0.078,238.160,2.600,0.000,0.000,0.0
2008-01-24,07:28:00,0.508,0.048,238.350,2.200,0.000,0.000,0.0
2008-01-24,07:29:00,0.504,0.048,238.500,2.200,0.000,0.000,0.0
2008-01-24,07:30:00,0.504,0.050,237.790,2.200,0.000,0.000,0.0
2008-01-24,07:31:00,0.502,0.050,237.970,2.200,0.000,0.000,0.0
2008-01-24,07:32:00,1.322,0.000,237.870,6.400,0.000,0.000,0.0
2008-01-24,07:33:00,2.206,0.000,236.320,9.200,0.000,0.000,0.0
2008-01-24,07:34:00,2.326,0.000,236.730,9.800,0.000,0.000,0.0
2008-01-24,07:35:00,2.328,0.000,236.740,9.800,0.000,0.000,0.0
2008-01-24,07:36:00,2.410,0.000,236.980,10.200,0.000,0.000,0.0
2008-01-24,07:37:00,2.396,0.000,236.800,10.000,0.000,0.000,0.0
2008-01-24,07:38:00,2.410,0.000,236.800,10.200,0.000,0.000,0.0
2008-01-24,07:39:00,2.400,0.000,236.850,10.000,0.000,0.000,0.0
2008-01-24,07:40:00,2.458,0.000,236.990,10.400,0.000,0.000,0.0
2008-01-24,07:41:00,2.454,0.000,236.390,10.400,0.000,0.000,0.0
2008-01-24,07:42:00,2.428,0.000,236.380,10.200,0.000,0.000,0.0
2008-01-24,07:43:00,2.432,0.000,236.920,10.200,0.000,0.000,0.0
2008-01-24,07:44:00,2.438,0.000,236.800,10.200,0.000,0.000,0.0
2008-01-24,07:45:00,2.450,0.000,237.250,10.200,0.000,0.000,0.0
2008-01-24,07:46:00,2.442,0.000,237.180,10.200,0.000,0.000,0.0
2008-01-24,07:47:00,2.460,0.000,236.980,10.400,0.000,0.000,0.0
2008-01-24,07:48:00,2.468,0.000,237.140,10.400,0.000,0.000,0.0
2008-01-24,07:49:00,2.470,0.000,236.990,10.400,0.000,0.000,0.0
2008-01-24,07:50:00,2.444,0.000,236.600,10.400,0.000,0.000,0.0
2008-01-24,07:51:00,3.166,0.000,236.550,13.400,0.000,0.000,11.0
2008-01-24,07:52:00,3.482,0.000,236.310,14.600,0.000,0.000,17.0
2008-01-24,07:53:00,3.450,0.000,235.810,14.600,0.000,0.000,18.0
2008-01-24,07:54:00,3.400,0.000,234.550,14.400,0.000,0.000,17.0
2008-01-24,07:55:00,4.184,0.000,233.350,18.000,0.000,0.000,17.0
2008-01-24,07:56:00,3.464,0.048,234.070,15.400,0.000,0.000,17.0
2008-01-24,07:57:00,1.980,0.046,236.510,8.400,0.000,0.000,17.0
2008-01-24,07:58:00,2.076,0.066,235.700,8.800,0.000,0.000,17.0
2008-01-24,07:59:00,2.108,0.096,235.430,9.000,0.000,0.000,17.0
2008-01-24,08:00:00,2.240,0.176,235.620,9.600,0.000,0.000,18.0
2008-01-24,08:01:00,2.150,0.180,236.390,9.200,0.000,0.000,17.0
2008-01-24,08:02:00,2.424,0.182,235.010,10.400,0.000,0.000,17.0
2008-01-24,08:03:00,2.864,0.230,235.940,12.200,0.000,0.000,17.0
2008-01-24,08:04:00,2.600,0.174,236.690,11.000,0.000,0.000,17.0
2008-01-24,08:05:00,3.256,0.172,236.080,14.000,0.000,0.000,17.0
2008-01-24,08:06:00,3.578,0.174,236.280,15.200,0.000,0.000,17.0
2008-01-24,08:07:00,3.566,0.174,236.070,15.000,0.000,0.000,17.0
2008-01-24,08:08:00,3.478,0.176,236.180,14.800,0.000,0.000,18.0
2008-01-24,08:09:00,3.430,0.172,235.900,14.400,0.000,0.000,17.0
2008-01-24,08:10:00,3.288,0.164,233.330,14.200,0.000,0.000,16.0
2008-01-24,08:11:00,2.390,0.140,234.550,10.200,0.000,0.000,17.0
2008-01-24,08:12:00,2.284,0.072,234.780,9.600,0.000,0.000,17.0
2008-01-24,08:13:00,2.206,0.000,234.280,9.400,0.000,0.000,17.0
2008-01-24,08:14:00,2.200,0.050,236.670,9.200,0.000,0.000,17.0
2008-01-24,08:15:00,2.256,0.050,237.410,9.400,0.000,0.000,18.0
2008-01-24,08:16:00,2.256,0.050,237.440,9.400,0.000,0.000,17.0
2008-01-24,08:17:00,2.226,0.050,236.950,9.400,0.000,0.000,17.0
2008-01-24,08:18:00,2.268,0.050,237.140,9.600,0.000,0.000,17.0
2008-01-24,08:19:00,2.254,0.048,238.220,9.400,0.000,0.000,18.0
2008-01-24,08:20:00,2.260,0.050,237.330,9.400,0.000,0.000,17.0
2008-01-24,08:21:00,2.284,0.000,236.590,9.600,0.000,0.000,17.0
2008-01-24,08:22:00,2.316,0.064,236.120,9.800,0.000,0.000,17.0
2008-01-24,08:23:00,2.328,0.068,237.820,9.800,0.000,2.000,18.0
2008-01-24,08:24:00,2.546,0.070,237.070,11.000,0.000,1.000,17.0
2008-01-24,08:25:00,3.600,0.078,235.790,15.200,0.000,2.000,17.0
2008-01-24,08:26:00,3.594,0.076,235.470,15.200,0.000,1.000,17.0
2008-01-24,08:27:00,3.616,0.078,236.310,15.200,0.000,1.000,17.0
2008-01-24,08:28:00,3.578,0.080,236.940,15.000,0.000,2.000,17.0
2008-01-24,08:29:00,3.526,0.082,236.840,14.800,0.000,1.000,18.0
2008-01-24,08:30:00,2.322,0.072,237.930,9.800,0.000,1.000,17.0
2008-01-24,08:31:00,2.246,0.072,238.950,9.400,0.000,2.000,18.0
2008-01-24,08:32:00,2.250,0.072,238.570,9.400,0.000,1.000,17.0
2008-01-24,08:33:00,2.224,0.068,237.160,9.400,0.000,2.000,17.0
2008-01-24,08:34:00,2.226,0.070,237.370,9.400,0.000,1.000,18.0
2008-01-24,08:35:00,2.176,0.070,237.240,9.200,0.000,1.000,17.0
2008-01-24,08:36:00,2.136,0.076,236.730,9.000,0.000,2.000,17.0
2008-01-24,08:37:00,2.124,0.074,235.990,9.000,0.000,1.000,17.0
2008-01-24,08:38:00,2.144,0.076,236.690,9.000,0.000,1.000,17.0
2008-01-24,08:39:00,2.160,0.082,238.840,9.000,0.000,2.000,18.0
2008-01-24,08:40:00,1.880,0.074,239.340,7.800,0.000,1.000,17.0
2008-01-24,08:41:00,1.692,0.072,239.540,7.000,0.000,1.000,18.0
2008-01-24,08:42:00,1.950,0.124,239.980,8.200,0.000,1.000,18.0
2008-01-24,08:43:00,2.262,0.214,239.300,9.400,0.000,2.000,17.0
2008-01-24,08:44:00,2.376,0.318,239.590,10.000,0.000,1.000,18.0
2008-01-24,08:45:00,2.340,0.316,239.180,9.800,0.000,1.000,17.0
2008-01-24,08:46:00,2.346,0.314,238.980,9.800,0.000,1.000,18.0
2008-01-24,08:47:00,2.334,0.312,238.330,9.800,0.000,2.000,17.0
2008-01-24,08:48:00,2.302,0.308,237.490,9.600,0.000,1.000,18.0
2008-01-24,08:49:00,2.316,0.306,237.150,9.800,0.000,1.000,17.0
2008-01-24,08:50:00,2.308,0.308,237.490,9.800,0.000,1.000,17.0
2008-01-24,08:51:00,2.314,0.310,238.050,9.800,0.000,1.000,18.0
2008-01-24,08:52:00,2.316,0.310,238.020,9.800,0.000,1.000,17.0
2008-01-24,08:53:00,2.258,0.244,237.430,9.400,0.000,1.000,17.0
2008-01-24,08:54:00,2.220,0.188,237.170,9.400,0.000,0.000,18.0
2008-01-24,08:55:00,2.204,0.146,237.340,9.200,0.000,0.000,17.0
2008-01-24,08:56:00,2.166,0.088,237.340,9.000,0.000,0.000,17.0
2008-01-24,08:57:00,2.126,0.086,236.280,9.000,0.000,0.000,17.0
2008-01-24,08:58:00,2.082,0.000,236.690,8.800,0.000,0.000,18.0
2008-01-24,08:59:00,2.064,0.000,237.450,8.600,0.000,0.000,17.0
2008-01-24,09:00:00,2.066,0.000,236.990,8.600,0.000,0.000,17.0
2008-01-24,09:01:00,1.750,0.046,237.360,7.400,0.000,0.000,17.0
2008-01-24,09:02:00,1.572,0.048,238.330,6.600,0.000,0.000,18.0
2008-01-24,09:03:00,1.572,0.048,238.410,6.600,0.000,0.000,17.0
2008-01-24,09:04:00,1.570,0.048,238.220,6.600,0.000,0.000,18.0
2008-01-24,09:05:00,1.604,0.050,237.640,6.800,0.000,0.000,17.0
2008-01-24,09:06:00,1.610,0.048,238.130,6.800,0.000,0.000,17.0
2008-01-24,09:07:00,1.600,0.048,237.740,6.600,0.000,0.000,18.0
2008-01-24,09:08:00,1.592,0.048,237.640,6.600,0.000,0.000,17.0
2008-01-24,09:09:00,1.318,0.000,238.370,5.400,0.000,0.000,18.0
2008-01-24,09:10:00,1.336,0.000,238.980,5.600,0.000,0.000,17.0
2008-01-24,09:11:00,1.324,0.000,238.730,5.600,0.000,0.000,18.0
2008-01-24,09:12:00,1.312,0.000,237.770,5.400,0.000,0.000,17.0
2008-01-24,09:13:00,1.310,0.046,236.460,5.600,0.000,0.000,17.0
2008-01-24,09:14:00,1.314,0.046,236.860,5.600,0.000,0.000,17.0
2008-01-24,09:15:00,1.332,0.000,240.740,5.400,0.000,0.000,18.0
2008-01-24,09:16:00,1.346,0.000,239.870,5.600,0.000,0.000,18.0
2008-01-24,09:17:00,1.340,0.000,240.300,5.600,0.000,0.000,17.0
2008-01-24,09:18:00,1.342,0.000,239.990,5.600,0.000,0.000,18.0
2008-01-24,09:19:00,1.356,0.000,240.200,5.600,0.000,0.000,18.0
2008-01-24,09:20:00,1.342,0.000,240.110,5.600,0.000,0.000,18.0
2008-01-24,09:21:00,1.358,0.000,241.150,5.600,0.000,0.000,17.0
2008-01-24,09:22:00,1.350,0.000,241.450,5.600,0.000,0.000,18.0
2008-01-24,09:23:00,1.350,0.000,241.280,5.600,0.000,0.000,18.0
2008-01-24,09:24:00,1.348,0.000,240.490,5.600,0.000,0.000,18.0
2008-01-24,09:25:00,1.340,0.000,240.510,5.600,0.000,0.000,18.0
2008-01-24,09:26:00,1.346,0.000,241.040,5.600,0.000,0.000,17.0
2008-01-24,09:27:00,1.430,0.000,241.160,6.000,0.000,0.000,18.0
2008-01-24,09:28:00,1.526,0.170,240.180,6.400,0.000,0.000,18.0
2008-01-24,09:29:00,1.532,0.196,240.860,6.400,0.000,0.000,18.0
2008-01-24,09:30:00,1.528,0.198,241.230,6.400,0.000,0.000,18.0
2008-01-24,09:31:00,1.526,0.198,241.160,6.400,0.000,0.000,17.0
2008-01-24,09:32:00,1.532,0.200,241.500,6.400,0.000,0.000,18.0
2008-01-24,09:33:00,1.544,0.200,241.680,6.400,0.000,0.000,18.0
2008-01-24,09:34:00,1.530,0.200,241.360,6.400,0.000,0.000,18.0
2008-01-24,09:35:00,1.524,0.198,241.010,6.400,0.000,0.000,18.0
2008-01-24,09:36:00,1.520,0.198,241.030,6.400,0.000,0.000,18.0
2008-01-24,09:37:00,1.512,0.196,240.490,6.200,0.000,0.000,17.0
2008-01-24,09:38:00,1.508,0.194,240.530,6.200,0.000,0.000,18.0
2008-01-24,09:39:00,1.446,0.124,239.160,6.000,0.000,0.000,18.0
2008-01-24,09:40:00,1.420,0.086,239.070,6.000,0.000,0.000,17.0
2008-01-24,09:41:00,1.462,0.088,239.430,6.000,0.000,0.000,18.0
2008-01-24,09:42:00,1.422,0.080,238.680,6.000,0.000,0.000,17.0
2008-01-24,09:43:00,1.320,0.000,238.610,5.400,0.000,0.000,18.0
2008-01-24,09:44:00,1.322,0.000,238.850,5.600,0.000,0.000,17.0
2008-01-24,09:45:00,1.340,0.000,239.480,5.600,0.000,0.000,18.0
2008-01-24,09:46:00,1.324,0.000,239.010,5.600,0.000,0.000,17.0
2008-01-24,09:47:00,1.320,0.000,238.500,5.400,0.000,0.000,18.0
2008-01-24,09:48:00,1.340,0.000,238.850,5.600,0.000,0.000,17.0
2008-01-24,09:49:00,1.332,0.000,239.140,5.600,0.000,0.000,18.0
2008-01-24,09:50:00,1.330,0.000,238.810,5.600,0.000,0.000,17.0
2008-01-24,09:51:00,1.344,0.000,239.080,5.600,0.000,0.000,18.0
2008-01-24,09:52:00,1.332,0.000,239.120,5.600,0.000,0.000,18.0
2008-01-24,09:53:00,1.332,0.000,239.120,5.600,0.000,0.000,17.0
2008-01-24,09:54:00,1.346,0.000,239.480,5.600,0.000,0.000,18.0
2008-01-24,09:55:00,1.332,0.000,239.230,5.600,0.000,0.000,17.0
2008-01-24,09:56:00,1.336,0.000,239.810,5.600,0.000,0.000,18.0
2008-01-24,09:57:00,1.344,0.000,239.930,5.600,0.000,0.000,18.0
2008-01-24,09:58:00,1.328,0.000,239.520,5.600,0.000,0.000,17.0
2008-01-24,09:59:00,1.332,0.000,238.740,5.600,0.000,0.000,18.0
2008-01-24,10:00:00,1.324,0.000,239.110,5.600,0.000,0.000,17.0
2008-01-24,10:01:00,1.322,0.000,238.900,5.600,0.000,0.000,18.0
2008-01-24,10:02:00,1.320,0.000,238.490,5.600,0.000,0.000,17.0
2008-01-24,10:03:00,1.344,0.000,239.280,5.600,0.000,0.000,18.0
2008-01-24,10:04:00,1.330,0.000,238.860,5.600,0.000,0.000,17.0
2008-01-24,10:05:00,1.334,0.000,239.220,5.600,0.000,0.000,18.0
2008-01-24,10:06:00,1.354,0.000,239.640,5.600,0.000,0.000,17.0
2008-01-24,10:07:00,1.330,0.000,238.910,5.600,0.000,0.000,18.0
2008-01-24,10:08:00,1.326,0.000,239.190,5.400,0.000,0.000,17.0
2008-01-24,10:09:00,1.338,0.000,238.660,5.600,0.000,0.000,18.0
2008-01-24,10:10:00,1.326,0.000,238.550,5.600,0.000,0.000,17.0
2008-01-24,10:11:00,1.326,0.000,238.520,5.600,0.000,0.000,18.0
2008-01-24,10:12:00,1.492,0.106,239.370,6.200,0.000,0.000,17.0
2008-01-24,10:13:00,1.516,0.190,239.130,6.400,0.000,0.000,18.0
2008-01-24,10:14:00,1.508,0.188,239.080,6.400,0.000,0.000,17.0
2008-01-24,10:15:00,1.516,0.188,239.020,6.400,0.000,0.000,18.0
2008-01-24,10:16:00,1.502,0.188,238.960,6.200,0.000,0.000,18.0
2008-01-24,10:17:00,1.506,0.190,239.610,6.200,0.000,0.000,17.0
2008-01-24,10:18:00,1.508,0.186,238.510,6.400,0.000,0.000,18.0
2008-01-24,10:19:00,1.502,0.190,239.140,6.200,0.000,0.000,17.0
2008-01-24,10:20:00,1.496,0.186,238.680,6.200,0.000,0.000,18.0
2008-01-24,10:21:00,1.498,0.184,237.970,6.400,0.000,0.000,17.0
2008-01-24,10:22:00,1.478,0.182,237.450,6.200,0.000,0.000,17.0
2008-01-24,10:23:00,1.420,0.094,237.610,6.000,0.000,0.000,18.0
2008-01-24,10:24:00,1.426,0.084,238.110,6.000,0.000,0.000,17.0
2008-01-24,10:25:00,1.414,0.084,238.040,6.000,0.000,0.000,17.0
2008-01-24,10:26:00,1.414,0.084,238.120,6.000,0.000,0.000,18.0
2008-01-24,10:27:00,1.432,0.084,238.880,6.000,0.000,0.000,17.0
2008-01-24,10:28:00,1.336,0.000,239.580,5.600,0.000,0.000,18.0
2008-01-24,10:29:00,1.328,0.000,239.340,5.600,0.000,0.000,17.0
2008-01-24,10:30:00,1.338,0.000,239.180,5.600,0.000,0.000,18.0
2008-01-24,10:31:00,1.340,0.000,239.450,5.600,0.000,0.000,18.0
2008-01-24,10:32:00,1.318,0.000,239.600,5.400,0.000,0.000,17.0
2008-01-24,10:33:00,1.346,0.000,239.520,5.600,0.000,0.000,18.0
2008-01-24,10:34:00,1.342,0.000,239.150,5.600,0.000,0.000,17.0
2008-01-24,10:35:00,1.322,0.000,239.330,5.400,0.000,0.000,18.0
2008-01-24,10:36:00,1.350,0.000,239.720,5.600,0.000,0.000,18.0
2008-01-24,10:37:00,1.344,0.000,239.310,5.600,0.000,0.000,17.0
2008-01-24,10:38:00,1.326,0.000,239.790,5.400,0.000,0.000,18.0
2008-01-24,10:39:00,1.364,0.000,240.060,5.600,0.000,0.000,17.0
2008-01-24,10:40:00,1.324,0.000,239.520,5.400,0.000,0.000,18.0
2008-01-24,10:41:00,1.340,0.000,239.180,5.600,0.000,0.000,18.0
2008-01-24,10:42:00,1.328,0.000,238.330,5.600,0.000,0.000,17.0
2008-01-24,10:43:00,1.308,0.000,238.610,5.400,0.000,0.000,17.0
2008-01-24,10:44:00,1.330,0.000,238.720,5.600,0.000,0.000,18.0
2008-01-24,10:45:00,1.334,0.000,239.160,5.600,0.000,0.000,17.0
2008-01-24,10:46:00,1.308,0.000,238.690,5.400,0.000,0.000,18.0
2008-01-24,10:47:00,1.334,0.000,239.280,5.600,0.000,0.000,18.0
2008-01-24,10:48:00,1.334,0.000,239.490,5.600,0.000,0.000,17.0
2008-01-24,10:49:00,1.336,0.000,239.020,5.600,0.000,0.000,18.0
2008-01-24,10:50:00,1.332,0.000,238.740,5.600,0.000,0.000,17.0
2008-01-24,10:51:00,1.334,0.000,238.810,5.600,0.000,0.000,18.0
2008-01-24,10:52:00,1.338,0.000,239.570,5.600,0.000,0.000,17.0
2008-01-24,10:53:00,1.328,0.000,239.080,5.600,0.000,0.000,18.0
2008-01-24,10:54:00,1.322,0.000,238.920,5.600,0.000,0.000,17.0
2008-01-24,10:55:00,1.324,0.000,239.090,5.600,0.000,0.000,18.0
2008-01-24,10:56:00,1.390,0.000,239.010,5.800,0.000,0.000,17.0
2008-01-24,10:57:00,1.408,0.058,238.980,5.800,0.000,0.000,18.0
2008-01-24,10:58:00,1.398,0.058,238.920,5.800,0.000,0.000,17.0
2008-01-24,10:59:00,1.394,0.058,238.750,5.800,0.000,0.000,18.0
2008-01-24,11:00:00,1.490,0.158,238.430,6.200,0.000,0.000,17.0
2008-01-24,11:01:00,1.508,0.186,238.130,6.400,0.000,0.000,18.0
2008-01-24,11:02:00,1.486,0.184,237.670,6.200,0.000,0.000,17.0
2008-01-24,11:03:00,1.508,0.186,238.220,6.400,0.000,0.000,17.0
2008-01-24,11:04:00,1.492,0.186,237.960,6.200,0.000,0.000,18.0
2008-01-24,11:05:00,1.492,0.182,237.500,6.400,0.000,0.000,17.0
2008-01-24,11:06:00,1.470,0.184,237.790,6.200,0.000,0.000,17.0
2008-01-24,11:07:00,1.440,0.112,237.710,6.000,0.000,0.000,18.0
2008-01-24,11:08:00,1.406,0.082,237.610,5.800,0.000,0.000,17.0
2008-01-24,11:09:00,1.408,0.082,237.800,5.800,0.000,0.000,17.0
2008-01-24,11:10:00,1.426,0.086,238.620,6.000,0.000,0.000,18.0
2008-01-24,11:11:00,1.420,0.088,239.130,6.000,0.000,0.000,17.0
2008-01-24,11:12:00,1.428,0.086,238.870,6.000,0.000,0.000,18.0
2008-01-24,11:13:00,1.426,0.086,238.810,6.000,0.000,0.000,17.0
2008-01-24,11:14:00,1.398,0.084,238.380,5.800,0.000,0.000,18.0
2008-01-24,11:15:00,1.426,0.086,238.920,6.000,0.000,0.000,17.0
2008-01-24,11:16:00,1.346,0.000,238.930,5.600,0.000,0.000,18.0
2008-01-24,11:17:00,1.312,0.000,238.000,5.400,0.000,0.000,17.0
2008-01-24,11:18:00,1.312,0.000,237.840,5.400,0.000,0.000,18.0
2008-01-24,11:19:00,1.342,0.000,238.530,5.600,0.000,0.000,17.0
2008-01-24,11:20:00,1.312,0.000,238.940,5.400,0.000,0.000,18.0
2008-01-24,11:21:00,1.334,0.000,238.950,5.600,0.000,0.000,17.0
2008-01-24,11:22:00,1.414,0.066,237.940,6.000,0.000,0.000,17.0
2008-01-24,11:23:00,1.396,0.076,239.110,5.800,0.000,2.000,18.0
2008-01-24,11:24:00,1.404,0.074,238.980,5.800,0.000,1.000,18.0
2008-01-24,11:25:00,1.400,0.072,237.560,5.800,0.000,1.000,17.0
2008-01-24,11:26:00,1.404,0.072,238.080,5.800,0.000,2.000,17.0
2008-01-24,11:27:00,1.396,0.074,238.140,5.800,0.000,1.000,18.0
2008-01-24,11:28:00,1.396,0.074,238.110,5.800,0.000,1.000,17.0
2008-01-24,11:29:00,1.406,0.076,239.170,5.800,0.000,2.000,18.0
2008-01-24,11:30:00,1.428,0.080,240.050,6.000,0.000,1.000,17.0
2008-01-24,11:31:00,1.406,0.078,239.880,5.800,0.000,2.000,18.0
2008-01-24,11:32:00,1.418,0.076,239.190,6.000,0.000,1.000,17.0
2008-01-24,11:33:00,0.914,0.082,239.530,4.400,0.000,1.000,11.0
2008-01-24,11:34:00,0.354,0.090,240.640,1.600,0.000,2.000,0.0
2008-01-24,11:35:00,0.366,0.092,240.970,1.800,0.000,1.000,0.0
2008-01-24,11:36:00,0.354,0.090,240.770,1.600,0.000,1.000,0.0
2008-01-24,11:37:00,0.352,0.090,240.590,1.600,0.000,2.000,0.0
2008-01-24,11:38:00,0.362,0.090,240.380,1.800,0.000,1.000,0.0
2008-01-24,11:39:00,0.348,0.088,239.690,1.600,0.000,1.000,0.0
2008-01-24,11:40:00,0.386,0.120,239.300,1.800,0.000,2.000,0.0
2008-01-24,11:41:00,0.420,0.186,238.760,2.000,0.000,1.000,0.0
2008-01-24,11:42:00,0.432,0.190,239.360,2.000,0.000,1.000,0.0
2008-01-24,11:43:00,0.432,0.190,239.500,2.000,0.000,1.000,0.0
2008-01-24,11:44:00,0.430,0.204,239.490,2.000,0.000,2.000,0.0
2008-01-24,11:45:00,0.552,0.324,239.830,2.800,0.000,1.000,0.0
2008-01-24,11:46:00,0.514,0.324,240.130,2.400,0.000,1.000,0.0
2008-01-24,11:47:00,0.532,0.324,239.690,2.600,0.000,1.000,0.0
2008-01-24,11:48:00,0.528,0.322,239.280,2.600,0.000,2.000,0.0
2008-01-24,11:49:00,0.502,0.322,239.290,2.400,0.000,1.000,0.0
2008-01-24,11:50:00,0.512,0.322,239.730,2.600,0.000,1.000,0.0
2008-01-24,11:51:00,0.472,0.248,240.110,2.400,0.000,1.000,0.0
2008-01-24,11:52:00,0.442,0.222,240.200,2.200,0.000,1.000,0.0
2008-01-24,11:53:00,0.402,0.138,240.630,2.000,0.000,1.000,0.0
2008-01-24,11:54:00,0.370,0.104,240.760,1.600,0.000,0.000,0.0
2008-01-24,11:55:00,0.380,0.104,241.050,1.800,0.000,0.000,0.0
2008-01-24,11:56:00,0.360,0.106,241.660,1.600,0.000,0.000,0.0
2008-01-24,11:57:00,0.390,0.104,240.840,1.800,0.000,0.000,0.0
2008-01-24,11:58:00,0.358,0.108,241.650,1.600,0.000,0.000,0.0
2008-01-24,11:59:00,0.380,0.106,241.230,1.800,0.000,0.000,0.0
2008-01-24,12:00:00,0.326,0.000,241.280,1.600,0.000,0.000,0.0
2008-01-24,12:01:00,0.268,0.000,241.350,1.200,0.000,0.000,0.0
2008-01-24,12:02:00,0.286,0.000,241.210,1.400,0.000,0.000,0.0
2008-01-24,12:03:00,0.286,0.000,241.260,1.400,0.000,0.000,0.0
2008-01-24,12:04:00,0.284,0.000,241.110,1.400,0.000,0.000,0.0
2008-01-24,12:05:00,0.280,0.000,241.690,1.400,0.000,0.000,0.0
2008-01-24,12:06:00,0.280,0.000,241.790,1.400,0.000,0.000,0.0
2008-01-24,12:07:00,0.278,0.000,241.220,1.400,0.000,0.000,0.0
2008-01-24,12:08:00,0.260,0.000,241.140,1.200,0.000,0.000,0.0
2008-01-24,12:09:00,0.286,0.000,241.900,1.400,0.000,0.000,0.0
2008-01-24,12:10:00,0.280,0.000,241.770,1.400,0.000,0.000,0.0
2008-01-24,12:11:00,0.276,0.000,242.870,1.200,0.000,0.000,0.0
2008-01-24,12:12:00,0.280,0.000,241.770,1.400,0.000,0.000,0.0
2008-01-24,12:13:00,0.274,0.000,242.040,1.200,0.000,0.000,0.0
2008-01-24,12:14:00,0.278,0.000,242.420,1.400,0.000,0.000,0.0
2008-01-24,12:15:00,0.284,0.000,242.530,1.400,0.000,0.000,0.0
2008-01-24,12:16:00,0.292,0.000,241.410,1.400,0.000,0.000,0.0
2008-01-24,12:17:00,0.284,0.000,242.060,1.400,0.000,0.000,0.0
2008-01-24,12:18:00,0.284,0.000,241.970,1.400,0.000,0.000,0.0
2008-01-24,12:19:00,0.282,0.000,241.870,1.400,0.000,0.000,0.0
2008-01-24,12:20:00,0.282,0.000,241.700,1.400,0.000,0.000,0.0
2008-01-24,12:21:00,0.284,0.000,242.650,1.400,0.000,0.000,0.0
2008-01-24,12:22:00,0.282,0.000,242.620,1.400,0.000,0.000,0.0
2008-01-24,12:23:00,0.282,0.000,241.710,1.400,0.000,0.000,0.0
2008-01-24,12:24:00,0.378,0.070,241.250,1.800,0.000,0.000,0.0
2008-01-24,12:25:00,0.352,0.076,241.720,1.600,0.000,0.000,0.0
2008-01-24,12:26:00,0.350,0.074,241.390,1.600,0.000,0.000,0.0
2008-01-24,12:27:00,0.350,0.074,240.750,1.600,0.000,0.000,0.0
2008-01-24,12:28:00,0.348,0.076,241.230,1.600,0.000,0.000,0.0
2008-01-24,12:29:00,0.380,0.100,241.670,1.800,0.000,0.000,0.0
2008-01-24,12:30:00,0.478,0.212,242.010,2.200,0.000,0.000,0.0
2008-01-24,12:31:00,0.462,0.212,242.140,2.200,0.000,0.000,0.0
2008-01-24,12:32:00,0.458,0.210,241.590,2.200,0.000,0.000,0.0
2008-01-24,12:33:00,0.468,0.212,242.110,2.200,0.000,0.000,0.0
2008-01-24,12:34:00,0.396,0.124,242.070,1.800,0.000,0.000,0.0
2008-01-24,12:35:00,0.384,0.108,242.080,1.800,0.000,0.000,0.0
2008-01-24,12:36:00,0.384,0.110,242.900,1.800,0.000,0.000,0.0
2008-01-24,12:37:00,0.394,0.112,243.190,1.800,0.000,0.000,0.0
2008-01-24,12:38:00,0.382,0.112,243.470,1.800,0.000,0.000,0.0
2008-01-24,12:39:00,0.380,0.114,243.600,1.800,0.000,0.000,0.0
2008-01-24,12:40:00,0.386,0.112,243.300,1.800,0.000,0.000,0.0
2008-01-24,12:41:00,0.374,0.114,243.860,1.600,0.000,0.000,0.0
2008-01-24,12:42:00,0.372,0.112,243.650,1.600,0.000,0.000,0.0
2008-01-24,12:43:00,0.370,0.108,242.420,1.600,0.000,0.000,0.0
2008-01-24,12:44:00,0.382,0.112,243.390,1.800,0.000,0.000,0.0
2008-01-24,12:45:00,0.314,0.000,244.080,1.400,0.000,0.000,0.0
2008-01-24,12:46:00,0.284,0.000,244.050,1.400,0.000,0.000,0.0
2008-01-24,12:47:00,0.282,0.000,242.990,1.400,0.000,0.000,0.0
2008-01-24,12:48:00,0.294,0.000,243.930,1.400,0.000,0.000,0.0
2008-01-24,12:49:00,0.284,0.000,244.180,1.400,0.000,0.000,0.0
2008-01-24,12:50:00,0.284,0.000,243.940,1.400,0.000,0.000,0.0
2008-01-24,12:51:00,0.282,0.000,243.330,1.400,0.000,0.000,0.0
2008-01-24,12:52:00,0.298,0.000,245.040,1.400,0.000,0.000,0.0
2008-01-24,12:53:00,0.284,0.000,244.940,1.400,0.000,0.000,0.0
2008-01-24,12:54:00,0.278,0.000,245.060,1.200,0.000,0.000,0.0
2008-01-24,12:55:00,0.282,0.000,245.330,1.400,0.000,0.000,0.0
2008-01-24,12:56:00,0.282,0.000,245.340,1.400,0.000,0.000,0.0
2008-01-24,12:57:00,0.280,0.000,244.910,1.400,0.000,0.000,0.0
2008-01-24,12:58:00,0.278,0.000,244.710,1.200,0.000,0.000,0.0
2008-01-24,12:59:00,0.278,0.000,243.630,1.400,0.000,0.000,0.0
2008-01-24,13:00:00,0.296,0.000,243.880,1.400,0.000,0.000,0.0
2008-01-24,13:01:00,0.284,0.000,243.480,1.400,0.000,0.000,0.0
2008-01-24,13:02:00,0.280,0.000,242.320,1.400,0.000,0.000,0.0
2008-01-24,13:03:00,0.282,0.000,242.930,1.400,0.000,0.000,0.0
2008-01-24,13:04:00,0.294,0.000,243.010,1.400,0.000,0.000,0.0
2008-01-24,13:05:00,0.282,0.000,243.000,1.400,0.000,0.000,0.0
2008-01-24,13:06:00,0.274,0.000,242.590,1.200,0.000,0.000,0.0
2008-01-24,13:07:00,0.346,0.048,243.330,1.600,0.000,0.000,0.0
2008-01-24,13:08:00,0.376,0.080,243.490,1.800,0.000,0.000,0.0
2008-01-24,13:09:00,0.340,0.080,243.550,1.400,0.000,0.000,0.0
2008-01-24,13:10:00,0.350,0.076,242.090,1.600,0.000,0.000,0.0
2008-01-24,13:11:00,0.362,0.076,242.430,1.600,0.000,0.000,0.0
2008-01-24,13:12:00,0.350,0.078,242.860,1.600,0.000,0.000,0.0
2008-01-24,13:13:00,0.362,0.080,243.310,1.600,0.000,0.000,0.0
2008-01-24,13:14:00,0.390,0.132,243.770,1.800,0.000,0.000,0.0
2008-01-24,13:15:00,0.480,0.224,244.700,2.200,0.000,0.000,0.0
2008-01-24,13:16:00,0.464,0.222,244.490,2.200,0.000,0.000,0.0
2008-01-24,13:17:00,0.444,0.194,243.650,2.000,0.000,0.000,0.0
2008-01-24,13:18:00,0.382,0.112,243.540,1.800,0.000,0.000,0.0
2008-01-24,13:19:00,0.392,0.110,243.320,1.800,0.000,0.000,0.0
2008-01-24,13:20:00,0.378,0.110,243.270,1.800,0.000,0.000,0.0
2008-01-24,13:21:00,0.376,0.108,242.620,1.600,0.000,0.000,0.0
2008-01-24,13:22:00,0.390,0.114,244.330,1.800,0.000,0.000,0.0
2008-01-24,13:23:00,0.378,0.116,244.790,1.600,0.000,0.000,0.0
2008-01-24,13:24:00,0.376,0.116,244.500,1.600,0.000,0.000,0.0
2008-01-24,13:25:00,0.388,0.114,244.050,1.800,0.000,0.000,0.0
2008-01-24,13:26:00,0.372,0.112,243.540,1.600,0.000,0.000,0.0
2008-01-24,13:27:00,0.372,0.110,242.940,1.600,0.000,0.000,0.0
2008-01-24,13:28:00,0.370,0.110,242.730,1.600,0.000,0.000,0.0
2008-01-24,13:29:00,0.378,0.108,242.240,1.800,0.000,0.000,0.0
2008-01-24,13:30:00,0.298,0.000,241.740,1.400,0.000,0.000,0.0
2008-01-24,13:31:00,0.274,0.000,241.630,1.200,0.000,0.000,0.0
2008-01-24,13:32:00,0.280,0.000,241.390,1.400,0.000,0.000,0.0
2008-01-24,13:33:00,0.278,0.000,241.380,1.400,0.000,0.000,0.0
2008-01-24,13:34:00,0.280,0.000,242.100,1.400,0.000,0.000,0.0
2008-01-24,13:35:00,0.276,0.000,243.060,1.200,0.000,0.000,0.0
2008-01-24,13:36:00,0.280,0.000,242.620,1.400,0.000,0.000,0.0
2008-01-24,13:37:00,0.280,0.000,243.130,1.400,0.000,0.000,0.0
2008-01-24,13:38:00,0.278,0.000,242.580,1.400,0.000,0.000,0.0
2008-01-24,13:39:00,0.278,0.000,243.270,1.400,0.000,0.000,0.0
2008-01-24,13:40:00,0.278,0.000,243.040,1.200,0.000,0.000,0.0
2008-01-24,13:41:00,0.288,0.000,242.490,1.400,0.000,0.000,0.0
2008-01-24,13:42:00,0.276,0.000,242.960,1.200,0.000,0.000,0.0
2008-01-24,13:43:00,0.276,0.000,242.760,1.200,0.000,0.000,0.0
2008-01-24,13:44:00,0.276,0.000,242.200,1.200,0.000,0.000,0.0
2008-01-24,13:45:00,0.286,0.000,241.910,1.400,0.000,0.000,0.0
2008-01-24,13:46:00,0.276,0.000,242.350,1.200,0.000,0.000,0.0
2008-01-24,13:47:00,0.288,0.000,242.350,1.400,0.000,0.000,0.0
2008-01-24,13:48:00,0.264,0.000,242.410,1.200,0.000,0.000,0.0
2008-01-24,13:49:00,0.300,0.000,242.250,1.600,0.000,0.000,0.0
2008-01-24,13:50:00,0.292,0.000,242.530,1.400,0.000,0.000,0.0
2008-01-24,13:51:00,0.352,0.076,242.120,1.600,0.000,0.000,0.0
2008-01-24,13:52:00,0.366,0.078,242.620,1.800,0.000,0.000,0.0
2008-01-24,13:53:00,0.352,0.074,241.230,1.600,0.000,0.000,0.0
2008-01-24,13:54:00,0.352,0.076,242.310,1.600,0.000,0.000,0.0
2008-01-24,13:55:00,0.352,0.076,242.310,1.600,0.000,0.000,0.0
2008-01-24,13:56:00,0.370,0.074,241.720,1.800,0.000,0.000,0.0
2008-01-24,13:57:00,0.336,0.078,242.570,1.400,0.000,0.000,0.0
2008-01-24,13:58:00,0.350,0.082,243.790,1.600,0.000,0.000,0.0
2008-01-24,13:59:00,0.422,0.146,245.250,2.000,0.000,0.000,0.0
2008-01-24,14:00:00,0.468,0.222,244.150,2.200,0.000,0.000,0.0
2008-01-24,14:01:00,0.382,0.124,244.140,1.600,0.000,0.000,0.0
2008-01-24,14:02:00,0.392,0.112,243.570,1.800,0.000,0.000,0.0
2008-01-24,14:03:00,0.390,0.114,244.110,1.800,0.000,0.000,0.0
2008-01-24,14:04:00,0.388,0.114,244.280,1.800,0.000,0.000,0.0
2008-01-24,14:05:00,0.384,0.114,244.170,1.800,0.000,0.000,0.0
2008-01-24,14:06:00,0.382,0.116,244.620,1.800,0.000,0.000,0.0
2008-01-24,14:07:00,0.380,0.114,244.270,1.800,0.000,0.000,0.0
2008-01-24,14:08:00,0.390,0.116,244.510,1.800,0.000,0.000,0.0
2008-01-24,14:09:00,0.376,0.110,243.220,1.600,0.000,0.000,0.0
2008-01-24,14:10:00,0.378,0.114,244.470,1.600,0.000,0.000,0.0
2008-01-24,14:11:00,0.374,0.112,243.680,1.600,0.000,0.000,0.0
2008-01-24,14:12:00,0.386,0.112,243.730,1.800,0.000,0.000,0.0
2008-01-24,14:13:00,0.392,0.116,244.670,1.800,0.000,0.000,0.0
2008-01-24,14:14:00,0.370,0.114,244.470,1.600,0.000,0.000,0.0
2008-01-24,14:15:00,0.306,0.000,245.140,1.400,0.000,0.000,0.0
2008-01-24,14:16:00,0.280,0.000,245.490,1.200,0.000,0.000,0.0
2008-01-24,14:17:00,0.280,0.000,245.860,1.200,0.000,0.000,0.0
2008-01-24,14:18:00,0.356,0.052,244.930,1.800,0.000,0.000,0.0
2008-01-24,14:19:00,0.364,0.104,244.670,1.600,0.000,1.000,0.0
2008-01-24,14:20:00,0.364,0.104,245.180,1.600,0.000,1.000,0.0
2008-01-24,14:21:00,0.376,0.108,245.870,1.800,0.000,2.000,0.0
2008-01-24,14:22:00,0.352,0.104,244.870,1.600,0.000,1.000,0.0
2008-01-24,14:23:00,0.374,0.102,244.540,1.800,0.000,1.000,0.0
2008-01-24,14:24:00,0.364,0.104,244.980,1.600,0.000,2.000,0.0
2008-01-24,14:25:00,0.364,0.104,244.820,1.600,0.000,1.000,0.0
2008-01-24,14:26:00,0.374,0.102,244.430,1.800,0.000,2.000,0.0
2008-01-24,14:27:00,0.372,0.104,244.630,1.800,0.000,1.000,0.0
2008-01-24,14:28:00,0.358,0.106,245.350,1.600,0.000,1.000,0.0
2008-01-24,14:29:00,0.372,0.108,245.820,1.600,0.000,2.000,0.0
2008-01-24,14:30:00,0.376,0.104,244.760,1.800,0.000,1.000,0.0
2008-01-24,14:31:00,0.380,0.104,244.480,1.800,0.000,2.000,0.0
2008-01-24,14:32:00,0.358,0.102,243.990,1.600,0.000,1.000,0.0
2008-01-24,14:33:00,0.380,0.102,244.030,1.800,0.000,1.000,0.0
2008-01-24,14:34:00,0.384,0.104,243.360,1.800,0.000,2.000,0.0
2008-01-24,14:35:00,0.440,0.208,244.110,2.000,0.000,1.000,0.0
2008-01-24,14:36:00,0.432,0.210,244.970,2.000,0.000,1.000,0.0
2008-01-24,14:37:00,0.444,0.210,244.950,2.200,0.000,2.000,0.0
2008-01-24,14:38:00,0.432,0.212,245.140,2.000,0.000,1.000,0.0
2008-01-24,14:39:00,0.432,0.214,245.790,2.000,0.000,1.000,0.0
2008-01-24,14:40:00,0.432,0.214,245.890,2.000,0.000,1.000,0.0
2008-01-24,14:41:00,0.440,0.214,245.600,2.200,0.000,2.000,0.0
2008-01-24,14:42:00,0.426,0.214,245.690,2.000,0.000,1.000,0.0
2008-01-24,14:43:00,0.432,0.220,246.870,2.000,0.000,1.000,0.0
2008-01-24,14:44:00,0.506,0.296,246.680,2.400,0.000,1.000,0.0
2008-01-24,14:45:00,0.494,0.264,246.280,2.400,0.000,2.000,0.0
2008-01-24,14:46:00,0.468,0.248,245.730,2.200,0.000,1.000,0.0
2008-01-24,14:47:00,0.468,0.252,246.220,2.200,0.000,1.000,0.0
2008-01-24,14:48:00,0.464,0.246,245.040,2.200,0.000,1.000,0.0
2008-01-24,14:49:00,0.470,0.236,243.270,2.200,0.000,1.000,0.0
2008-01-24,14:50:00,0.412,0.158,243.550,1.800,0.000,1.000,0.0
2008-01-24,14:51:00,0.384,0.112,243.840,1.800,0.000,0.000,0.0
2008-01-24,14:52:00,0.392,0.112,243.590,1.800,0.000,0.000,0.0
2008-01-24,14:53:00,0.376,0.112,243.410,1.600,0.000,0.000,0.0
2008-01-24,14:54:00,0.384,0.110,243.320,1.800,0.000,0.000,0.0
2008-01-24,14:55:00,0.364,0.114,243.940,1.600,0.000,0.000,0.0
2008-01-24,14:56:00,0.384,0.112,243.660,1.800,0.000,0.000,0.0
2008-01-24,14:57:00,0.384,0.114,244.160,1.800,0.000,0.000,0.0
2008-01-24,14:58:00,0.380,0.116,244.700,1.800,0.000,0.000,0.0
2008-01-24,14:59:00,0.376,0.096,244.860,1.800,0.000,0.000,0.0
2008-01-24,15:00:00,0.274,0.000,244.850,1.200,0.000,0.000,0.0
2008-01-24,15:01:00,0.294,0.000,245.160,1.400,0.000,0.000,0.0
2008-01-24,15:02:00,0.284,0.000,244.460,1.400,0.000,0.000,0.0
2008-01-24,15:03:00,0.292,0.000,245.450,1.400,0.000,0.000,0.0
2008-01-24,15:04:00,0.290,0.000,244.300,1.400,0.000,0.000,0.0
2008-01-24,15:05:00,0.284,0.000,243.950,1.400,0.000,0.000,0.0
2008-01-24,15:06:00,0.290,0.000,245.000,1.400,0.000,0.000,0.0
2008-01-24,15:07:00,0.288,0.000,244.820,1.400,0.000,0.000,0.0
2008-01-24,15:08:00,0.276,0.000,243.800,1.200,0.000,0.000,0.0
2008-01-24,15:09:00,0.280,0.000,244.400,1.400,0.000,0.000,0.0
2008-01-24,15:10:00,0.278,0.000,244.370,1.400,0.000,0.000,0.0
2008-01-24,15:11:00,0.278,0.000,244.130,1.400,0.000,0.000,0.0
2008-01-24,15:12:00,0.288,0.000,243.360,1.400,0.000,0.000,0.0
2008-01-24,15:13:00,0.280,0.000,243.510,1.200,0.000,0.000,0.0
2008-01-24,15:14:00,0.284,0.000,244.390,1.400,0.000,0.000,0.0
2008-01-24,15:15:00,0.284,0.000,244.700,1.400,0.000,0.000,0.0
2008-01-24,15:16:00,0.296,0.000,244.070,1.400,0.000,0.000,0.0
2008-01-24,15:17:00,0.286,0.000,244.900,1.400,0.000,0.000,0.0
2008-01-24,15:18:00,0.284,0.000,244.950,1.400,0.000,0.000,0.0
2008-01-24,15:19:00,0.364,0.064,243.830,1.800,0.000,0.000,0.0
2008-01-24,15:20:00,0.382,0.080,243.870,1.800,0.000,0.000,0.0
2008-01-24,15:21:00,0.344,0.082,244.330,1.400,0.000,0.000,0.0
2008-01-24,15:22:00,0.354,0.082,244.140,1.600,0.000,0.000,0.0
2008-01-24,15:23:00,0.366,0.082,244.240,1.800,0.000,0.000,0.0
2008-01-24,15:24:00,0.356,0.088,246.300,1.600,0.000,0.000,0.0
2008-01-24,15:25:00,0.368,0.092,247.370,1.800,0.000,0.000,0.0
2008-01-24,15:26:00,0.342,0.088,245.790,1.400,0.000,0.000,0.0
2008-01-24,15:27:00,0.366,0.090,246.390,1.600,0.000,0.000,0.0
2008-01-24,15:28:00,0.364,0.086,245.630,1.600,0.000,0.000,0.0
2008-01-24,15:29:00,0.406,0.138,246.450,1.800,0.000,0.000,0.0
2008-01-24,15:30:00,0.408,0.120,245.850,1.800,0.000,0.000,0.0
2008-01-24,15:31:00,0.402,0.118,245.220,1.800,0.000,0.000,0.0
2008-01-24,15:32:00,0.396,0.118,245.380,1.800,0.000,0.000,0.0
2008-01-24,15:33:00,0.386,0.118,245.250,1.800,0.000,0.000,0.0
2008-01-24,15:34:00,0.388,0.120,246.060,1.800,0.000,0.000,0.0
2008-01-24,15:35:00,0.384,0.116,244.800,1.800,0.000,0.000,0.0
2008-01-24,15:36:00,0.380,0.116,244.710,1.800,0.000,0.000,0.0
2008-01-24,15:37:00,0.380,0.118,245.530,1.800,0.000,0.000,0.0
2008-01-24,15:38:00,0.376,0.112,243.580,1.600,0.000,0.000,0.0
2008-01-24,15:39:00,0.388,0.114,244.450,1.800,0.000,0.000,0.0
2008-01-24,15:40:00,0.378,0.118,245.160,1.600,0.000,0.000,0.0
2008-01-24,15:41:00,0.444,0.118,245.710,2.000,0.000,0.000,0.0
2008-01-24,15:42:00,0.464,0.114,245.590,2.200,0.000,0.000,0.0
2008-01-24,15:43:00,0.552,0.108,245.130,2.600,0.000,0.000,0.0
2008-01-24,15:44:00,0.528,0.092,246.040,2.400,0.000,0.000,0.0
2008-01-24,15:45:00,0.484,0.000,246.040,2.400,0.000,0.000,0.0
2008-01-24,15:46:00,0.460,0.000,245.540,2.200,0.000,0.000,0.0
2008-01-24,15:47:00,0.492,0.000,245.000,2.400,0.000,0.000,0.0
2008-01-24,15:48:00,0.458,0.000,245.150,2.200,0.000,0.000,0.0
2008-01-24,15:49:00,0.470,0.000,245.590,2.200,0.000,0.000,0.0
2008-01-24,15:50:00,0.468,0.000,245.730,2.200,0.000,0.000,0.0
2008-01-24,15:51:00,0.488,0.000,245.840,2.400,0.000,0.000,0.0
2008-01-24,15:52:00,0.458,0.000,245.170,2.200,0.000,0.000,0.0
2008-01-24,15:53:00,0.480,0.000,243.330,2.400,0.000,0.000,0.0
2008-01-24,15:54:00,0.448,0.000,242.970,2.200,0.000,0.000,0.0
2008-01-24,15:55:00,0.466,0.000,242.860,2.400,0.000,0.000,0.0
2008-01-24,15:56:00,0.452,0.000,243.750,2.200,0.000,0.000,0.0
2008-01-24,15:57:00,0.450,0.000,244.150,2.200,0.000,0.000,0.0
2008-01-24,15:58:00,0.458,0.000,243.350,2.200,0.000,0.000,0.0
2008-01-24,15:59:00,0.446,0.000,243.030,2.200,0.000,0.000,0.0
2008-01-24,16:00:00,0.460,0.000,243.910,2.200,0.000,0.000,0.0
2008-01-24,16:01:00,0.438,0.000,243.850,2.200,0.000,0.000,0.0
2008-01-24,16:02:00,0.488,0.000,242.940,2.400,0.000,0.000,0.0
2008-01-24,16:03:00,0.524,0.070,243.280,2.400,0.000,0.000,0.0
2008-01-24,16:04:00,0.534,0.072,243.410,2.600,0.000,0.000,0.0
2008-01-24,16:05:00,0.514,0.070,243.190,2.400,0.000,0.000,0.0
2008-01-24,16:06:00,0.540,0.070,243.360,2.600,0.000,0.000,0.0
2008-01-24,16:07:00,0.538,0.074,243.950,2.600,0.000,0.000,0.0
2008-01-24,16:08:00,0.512,0.076,244.610,2.400,0.000,0.000,0.0
2008-01-24,16:09:00,0.534,0.078,244.720,2.600,0.000,0.000,0.0
2008-01-24,16:10:00,0.522,0.078,244.670,2.400,0.000,0.000,0.0
2008-01-24,16:11:00,0.522,0.078,244.980,2.400,0.000,0.000,0.0
2008-01-24,16:12:00,0.530,0.076,244.530,2.600,0.000,0.000,0.0
2008-01-24,16:13:00,0.456,0.000,243.400,2.200,0.000,0.000,0.0
2008-01-24,16:14:00,0.570,0.100,243.320,2.600,0.000,0.000,0.0
2008-01-24,16:15:00,0.570,0.106,244.440,2.600,0.000,0.000,0.0
2008-01-24,16:16:00,0.560,0.110,244.980,2.600,0.000,0.000,0.0
2008-01-24,16:17:00,0.564,0.106,244.060,2.600,0.000,0.000,0.0
2008-01-24,16:18:00,0.558,0.104,243.290,2.600,0.000,0.000,0.0
2008-01-24,16:19:00,0.542,0.104,243.610,2.400,0.000,0.000,0.0
2008-01-24,16:20:00,0.568,0.106,243.840,2.800,0.000,0.000,0.0
2008-01-24,16:21:00,0.552,0.104,243.540,2.600,0.000,0.000,0.0
2008-01-24,16:22:00,0.564,0.106,244.070,2.600,0.000,0.000,0.0
2008-01-24,16:23:00,0.478,0.110,244.350,2.200,0.000,0.000,0.0
2008-01-24,16:24:00,0.474,0.108,243.900,2.200,0.000,0.000,0.0
2008-01-24,16:25:00,0.484,0.106,243.370,2.200,0.000,0.000,0.0
2008-01-24,16:26:00,0.474,0.108,243.970,2.200,0.000,0.000,0.0
2008-01-24,16:27:00,0.474,0.110,244.230,2.200,0.000,0.000,0.0
2008-01-24,16:28:00,0.472,0.108,243.850,2.200,0.000,0.000,0.0
2008-01-24,16:29:00,0.440,0.000,244.490,2.200,0.000,0.000,0.0
2008-01-24,16:30:00,0.380,0.000,245.350,1.800,0.000,0.000,0.0
2008-01-24,16:31:00,0.380,0.000,245.660,1.800,0.000,0.000,0.0
2008-01-24,16:32:00,0.380,0.000,244.870,1.800,0.000,0.000,0.0
2008-01-24,16:33:00,0.388,0.000,244.240,1.800,0.000,0.000,0.0
2008-01-24,16:34:00,0.378,0.000,244.070,1.800,0.000,0.000,0.0
2008-01-24,16:35:00,0.386,0.000,243.940,1.800,0.000,0.000,0.0
2008-01-24,16:36:00,0.382,0.000,243.490,1.800,0.000,0.000,0.0
2008-01-24,16:37:00,0.380,0.000,243.170,1.800,0.000,0.000,0.0
2008-01-24,16:38:00,0.378,0.000,243.160,1.800,0.000,0.000,0.0
2008-01-24,16:39:00,0.378,0.000,242.760,1.800,0.000,0.000,0.0
2008-01-24,16:40:00,0.376,0.000,242.710,1.800,0.000,0.000,0.0
2008-01-24,16:41:00,0.388,0.000,242.460,2.000,0.000,0.000,0.0
2008-01-24,16:42:00,0.376,0.000,242.680,1.800,0.000,0.000,0.0
2008-01-24,16:43:00,0.380,0.000,242.490,1.800,0.000,0.000,0.0
2008-01-24,16:44:00,0.382,0.000,241.590,1.800,0.000,0.000,0.0
2008-01-24,16:45:00,0.392,0.000,241.350,2.000,0.000,0.000,0.0
2008-01-24,16:46:00,0.436,0.000,241.360,2.200,0.000,0.000,0.0
2008-01-24,16:47:00,0.456,0.068,241.540,2.200,0.000,0.000,0.0
2008-01-24,16:48:00,0.468,0.070,241.750,2.200,0.000,0.000,0.0
2008-01-24,16:49:00,0.458,0.072,242.250,2.200,0.000,0.000,0.0
2008-01-24,16:50:00,0.458,0.070,242.340,2.200,0.000,0.000,0.0
2008-01-24,16:51:00,0.458,0.068,242.020,2.200,0.000,0.000,0.0
2008-01-24,16:52:00,0.470,0.068,242.160,2.200,0.000,0.000,0.0
2008-01-24,16:53:00,0.458,0.072,243.100,2.200,0.000,0.000,0.0
2008-01-24,16:54:00,0.458,0.072,243.290,2.200,0.000,0.000,0.0
2008-01-24,16:55:00,0.464,0.072,243.130,2.200,0.000,0.000,0.0
2008-01-24,16:56:00,0.406,0.000,242.010,2.000,0.000,0.000,0.0
2008-01-24,16:57:00,0.364,0.000,242.910,1.600,0.000,0.000,0.0
2008-01-24,16:58:00,0.390,0.000,242.270,2.000,0.000,0.000,0.0
2008-01-24,16:59:00,0.498,0.090,241.510,2.400,0.000,0.000,0.0
2008-01-24,17:00:00,0.488,0.094,240.930,2.200,0.000,0.000,0.0
2008-01-24,17:01:00,0.496,0.094,240.860,2.400,0.000,0.000,0.0
2008-01-24,17:02:00,0.484,0.092,240.030,2.200,0.000,0.000,0.0
2008-01-24,17:03:00,0.480,0.094,240.340,2.200,0.000,0.000,0.0
2008-01-24,17:04:00,0.478,0.088,239.360,2.200,0.000,0.000,0.0
2008-01-24,17:05:00,0.490,0.090,239.990,2.400,0.000,0.000,0.0
2008-01-24,17:06:00,0.488,0.090,240.080,2.200,0.000,0.000,0.0
2008-01-24,17:07:00,0.460,0.086,238.550,2.000,0.000,0.000,0.0
2008-01-24,17:08:00,0.486,0.086,238.480,2.400,0.000,0.000,0.0
2008-01-24,17:09:00,0.454,0.088,239.250,2.000,0.000,0.000,0.0
2008-01-24,17:10:00,0.476,0.088,239.390,2.200,0.000,0.000,0.0
2008-01-24,17:11:00,0.460,0.088,238.940,2.200,0.000,0.000,0.0
2008-01-24,17:12:00,0.468,0.088,238.860,2.200,0.000,0.000,0.0
2008-01-24,17:13:00,0.472,0.088,239.110,2.200,0.000,0.000,0.0
2008-01-24,17:14:00,0.426,0.000,239.550,2.000,0.000,0.000,0.0
2008-01-24,17:15:00,0.476,0.086,240.110,2.200,0.000,0.000,0.0
2008-01-24,17:16:00,0.460,0.082,240.150,2.200,0.000,1.000,0.0
2008-01-24,17:17:00,0.468,0.076,239.160,2.200,0.000,2.000,0.0
2008-01-24,17:18:00,0.458,0.076,238.970,2.200,0.000,1.000,0.0
2008-01-24,17:19:00,0.456,0.076,238.720,2.200,0.000,2.000,0.0
2008-01-24,17:20:00,0.470,0.078,239.070,2.200,0.000,1.000,0.0
2008-01-24,17:21:00,0.472,0.082,240.240,2.200,0.000,1.000,0.0
2008-01-24,17:22:00,0.446,0.080,239.830,2.000,0.000,2.000,0.0
2008-01-24,17:23:00,0.462,0.078,239.070,2.200,0.000,1.000,0.0
2008-01-24,17:24:00,0.458,0.074,238.480,2.200,0.000,2.000,0.0
2008-01-24,17:25:00,0.440,0.078,239.140,2.000,0.000,1.000,0.0
2008-01-24,17:26:00,0.460,0.074,238.500,2.200,0.000,1.000,0.0
2008-01-24,17:27:00,0.452,0.076,238.280,2.200,0.000,2.000,0.0
2008-01-24,17:28:00,0.602,0.074,238.570,2.800,0.000,1.000,0.0
2008-01-24,17:29:00,0.608,0.112,238.430,2.800,0.000,1.000,0.0
2008-01-24,17:30:00,1.226,0.170,236.610,5.400,0.000,2.000,0.0
2008-01-24,17:31:00,1.536,0.166,235.600,6.600,0.000,1.000,0.0
2008-01-24,17:32:00,1.228,0.172,236.610,5.200,0.000,1.000,0.0
2008-01-24,17:33:00,1.232,0.172,237.120,5.200,0.000,2.000,0.0
2008-01-24,17:34:00,1.232,0.176,237.890,5.200,0.000,1.000,0.0
2008-01-24,17:35:00,1.228,0.176,237.800,5.200,0.000,1.000,0.0
2008-01-24,17:36:00,1.224,0.176,238.060,5.200,0.000,1.000,0.0
2008-01-24,17:37:00,1.220,0.176,237.800,5.200,0.000,2.000,0.0
2008-01-24,17:38:00,1.218,0.176,237.700,5.200,0.000,1.000,0.0
2008-01-24,17:39:00,1.192,0.140,237.560,5.000,0.000,1.000,0.0
2008-01-24,17:40:00,1.152,0.076,238.440,4.800,0.000,1.000,0.0
2008-01-24,17:41:00,1.154,0.078,238.580,4.800,0.000,1.000,0.0
2008-01-24,17:42:00,1.150,0.076,238.180,4.800,0.000,2.000,0.0
2008-01-24,17:43:00,1.152,0.076,237.910,4.800,0.000,1.000,0.0
2008-01-24,17:44:00,1.258,0.182,238.340,5.400,0.000,1.000,0.0
2008-01-24,17:45:00,1.262,0.204,237.740,5.400,0.000,1.000,0.0
2008-01-24,17:46:00,1.250,0.200,236.610,5.400,0.000,1.000,0.0
2008-01-24,17:47:00,1.188,0.100,236.800,5.000,0.000,1.000,0.0
2008-01-24,17:48:00,1.220,0.080,235.750,5.200,0.000,0.000,0.0
2008-01-24,17:49:00,1.222,0.074,234.200,5.400,0.000,0.000,0.0
2008-01-24,17:50:00,1.220,0.076,234.560,5.200,0.000,0.000,0.0
2008-01-24,17:51:00,1.216,0.074,234.050,5.200,0.000,0.000,0.0
2008-01-24,17:52:00,1.230,0.076,234.860,5.400,0.000,0.000,0.0
2008-01-24,17:53:00,1.232,0.074,234.990,5.400,0.000,0.000,0.0
2008-01-24,17:54:00,1.208,0.074,234.250,5.200,0.000,0.000,0.0
2008-01-24,17:55:00,1.208,0.076,234.780,5.200,0.000,0.000,0.0
2008-01-24,17:56:00,1.728,0.084,234.520,7.400,0.000,0.000,0.0
2008-01-24,17:57:00,1.646,0.082,234.700,7.200,0.000,0.000,0.0
2008-01-24,17:58:00,1.540,0.078,233.510,6.800,0.000,0.000,0.0
2008-01-24,17:59:00,1.684,0.000,233.590,7.200,0.000,0.000,0.0
2008-01-24,18:00:00,1.620,0.000,233.690,7.000,0.000,0.000,0.0
2008-01-24,18:01:00,1.154,0.050,233.570,5.000,0.000,0.000,0.0
2008-01-24,18:02:00,1.294,0.000,236.370,5.600,0.000,0.000,0.0
2008-01-24,18:03:00,1.634,0.000,236.440,7.000,0.000,0.000,0.0
2008-01-24,18:04:00,2.218,0.056,237.060,9.600,0.000,0.000,8.0
2008-01-24,18:05:00,2.852,0.000,236.310,12.000,0.000,0.000,18.0
2008-01-24,18:06:00,2.810,0.000,236.140,12.000,0.000,0.000,18.0
2008-01-24,18:07:00,2.850,0.046,233.910,12.200,0.000,0.000,17.0
2008-01-24,18:08:00,2.846,0.000,234.740,12.200,0.000,0.000,17.0
2008-01-24,18:09:00,2.676,0.000,235.370,11.400,0.000,0.000,17.0
2008-01-24,18:10:00,2.696,0.000,235.470,11.400,0.000,0.000,17.0
2008-01-24,18:11:00,2.996,0.000,234.630,12.800,0.000,0.000,17.0
2008-01-24,18:12:00,3.236,0.054,235.920,13.800,0.000,0.000,17.0
2008-01-24,18:13:00,3.076,0.056,235.880,13.000,0.000,0.000,17.0
2008-01-24,18:14:00,3.040,0.052,233.990,13.000,0.000,0.000,17.0
2008-01-24,18:15:00,3.046,0.052,234.370,13.000,0.000,0.000,17.0
2008-01-24,18:16:00,3.058,0.054,235.010,13.000,0.000,0.000,17.0
2008-01-24,18:17:00,3.044,0.054,234.630,13.000,0.000,0.000,17.0
2008-01-24,18:18:00,3.036,0.056,234.980,12.800,0.000,0.000,17.0
2008-01-24,18:19:00,3.016,0.054,234.170,12.800,0.000,0.000,17.0
2008-01-24,18:20:00,3.032,0.054,234.960,12.800,0.000,0.000,17.0
2008-01-24,18:21:00,3.048,0.058,235.720,13.000,0.000,0.000,17.0
2008-01-24,18:22:00,3.008,0.000,234.450,12.800,0.000,0.000,17.0
2008-01-24,18:23:00,2.958,0.000,234.510,12.600,0.000,0.000,17.0
2008-01-24,18:24:00,2.958,0.000,234.800,12.600,0.000,0.000,16.0
2008-01-24,18:25:00,2.972,0.000,235.380,12.600,0.000,0.000,17.0
2008-01-24,18:26:00,2.966,0.000,235.090,12.600,0.000,0.000,17.0
2008-01-24,18:27:00,2.960,0.000,234.740,12.600,0.000,0.000,17.0
2008-01-24,18:28:00,2.970,0.000,235.150,12.600,0.000,0.000,17.0
2008-01-24,18:29:00,3.088,0.088,234.990,13.200,0.000,0.000,17.0
2008-01-24,18:30:00,3.064,0.084,234.730,13.000,0.000,0.000,17.0
2008-01-24,18:31:00,3.040,0.080,233.510,13.000,0.000,0.000,17.0
2008-01-24,18:32:00,3.046,0.082,233.970,13.000,0.000,0.000,17.0
2008-01-24,18:33:00,3.012,0.078,233.050,13.000,0.000,0.000,16.0
2008-01-24,18:34:00,3.398,0.070,231.350,14.800,0.000,0.000,17.0
2008-01-24,18:35:00,3.316,0.064,229.110,14.600,0.000,0.000,16.0
2008-01-24,18:36:00,3.216,0.072,231.430,14.000,0.000,0.000,16.0
2008-01-24,18:37:00,3.264,0.076,232.170,14.000,0.000,0.000,17.0
2008-01-24,18:38:00,3.264,0.076,232.360,14.000,0.000,0.000,17.0
2008-01-24,18:39:00,3.288,0.078,233.380,14.200,0.000,0.000,16.0
2008-01-24,18:40:00,3.286,0.078,233.210,14.200,0.000,0.000,17.0
2008-01-24,18:41:00,3.282,0.078,233.130,14.000,0.000,0.000,17.0
2008-01-24,18:42:00,3.274,0.076,232.600,14.000,0.000,0.000,16.0
2008-01-24,18:43:00,3.266,0.074,232.040,14.000,0.000,0.000,17.0
2008-01-24,18:44:00,3.126,0.000,232.800,13.600,0.000,0.000,13.0
2008-01-24,18:45:00,2.500,0.000,234.130,10.800,0.000,0.000,0.0
2008-01-24,18:46:00,2.494,0.000,233.960,10.800,0.000,0.000,0.0
2008-01-24,18:47:00,2.474,0.000,232.680,10.600,0.000,0.000,0.0
2008-01-24,18:48:00,2.474,0.000,232.520,10.600,0.000,0.000,0.0
2008-01-24,18:49:00,2.430,0.000,232.940,10.600,0.000,0.000,0.0
2008-01-24,18:50:00,2.454,0.000,231.870,10.600,0.000,0.000,0.0
2008-01-24,18:51:00,2.472,0.000,232.850,10.600,0.000,0.000,0.0
2008-01-24,18:52:00,2.462,0.000,232.250,10.600,0.000,0.000,0.0
2008-01-24,18:53:00,2.466,0.000,232.240,10.600,0.000,0.000,0.0
2008-01-24,18:54:00,2.476,0.000,232.870,10.600,0.000,0.000,0.0
2008-01-24,18:55:00,2.486,0.000,232.440,10.800,0.000,0.000,0.0
2008-01-24,18:56:00,2.554,0.064,233.600,11.000,0.000,0.000,0.0
2008-01-24,18:57:00,2.556,0.064,234.030,11.000,0.000,0.000,0.0
2008-01-24,18:58:00,2.566,0.066,234.370,11.000,0.000,0.000,0.0
2008-01-24,18:59:00,2.566,0.066,234.120,11.000,0.000,0.000,0.0
2008-01-24,19:00:00,2.576,0.068,234.940,11.000,0.000,0.000,0.0
2008-01-24,19:01:00,2.576,0.068,235.290,11.000,0.000,0.000,0.0
2008-01-24,19:02:00,2.568,0.068,235.260,11.000,0.000,0.000,0.0
2008-01-24,19:03:00,2.556,0.066,234.390,11.000,0.000,0.000,0.0
2008-01-24,19:04:00,2.572,0.068,235.470,11.000,0.000,0.000,0.0
2008-01-24,19:05:00,2.570,0.064,235.890,11.000,0.000,0.000,0.0
2008-01-24,19:06:00,2.520,0.000,236.680,10.600,0.000,0.000,0.0
2008-01-24,19:07:00,2.468,0.000,236.730,10.400,0.000,0.000,0.0
2008-01-24,19:08:00,2.444,0.000,236.110,10.400,0.000,0.000,0.0
2008-01-24,19:09:00,2.456,0.000,236.490,10.400,0.000,0.000,0.0
2008-01-24,19:10:00,2.450,0.000,235.910,10.400,0.000,0.000,0.0
2008-01-24,19:11:00,2.200,0.046,235.240,9.400,0.000,0.000,0.0
2008-01-24,19:12:00,2.226,0.050,235.040,9.400,0.000,0.000,0.0
2008-01-24,19:13:00,2.256,0.000,234.860,9.600,0.000,0.000,0.0
2008-01-24,19:14:00,2.334,0.074,234.940,10.000,0.000,0.000,0.0
2008-01-24,19:15:00,2.322,0.072,234.300,9.800,0.000,0.000,0.0
2008-01-24,19:16:00,2.300,0.068,232.920,9.800,0.000,0.000,0.0
2008-01-24,19:17:00,2.318,0.072,234.200,9.800,0.000,0.000,0.0
2008-01-24,19:18:00,2.322,0.072,234.580,9.800,0.000,0.000,0.0
2008-01-24,19:19:00,2.320,0.074,234.650,9.800,0.000,0.000,0.0
2008-01-24,19:20:00,2.370,0.074,235.090,10.000,0.000,0.000,0.0
2008-01-24,19:21:00,3.032,0.066,234.450,13.600,0.000,0.000,0.0
2008-01-24,19:22:00,5.256,0.080,231.800,22.600,0.000,0.000,0.0
2008-01-24,19:23:00,4.998,0.090,232.890,21.400,0.000,0.000,0.0
2008-01-24,19:24:00,4.952,0.090,232.790,21.200,0.000,0.000,0.0
2008-01-24,19:25:00,3.130,0.106,235.220,14.200,0.000,0.000,0.0
2008-01-24,19:26:00,2.354,0.118,237.330,10.000,0.000,0.000,0.0
2008-01-24,19:27:00,2.496,0.154,236.050,10.600,0.000,0.000,0.0
2008-01-24,19:28:00,2.848,0.308,235.640,12.000,0.000,0.000,0.0
2008-01-24,19:29:00,2.806,0.194,236.580,11.800,0.000,0.000,0.0
2008-01-24,19:30:00,2.764,0.168,236.730,11.600,0.000,0.000,0.0
2008-01-24,19:31:00,2.766,0.160,236.960,11.600,0.000,0.000,0.0
2008-01-24,19:32:00,2.750,0.124,237.230,11.600,0.000,0.000,0.0
2008-01-24,19:33:00,2.768,0.122,238.340,11.600,0.000,0.000,0.0
2008-01-24,19:34:00,2.776,0.120,238.730,11.600,0.000,0.000,0.0
2008-01-24,19:35:00,2.376,0.190,238.770,10.000,0.000,0.000,0.0
2008-01-24,19:36:00,2.106,0.218,239.340,8.800,0.000,0.000,0.0
2008-01-24,19:37:00,1.782,0.224,240.810,7.400,0.000,0.000,0.0
2008-01-24,19:38:00,1.780,0.224,240.830,7.400,0.000,0.000,0.0
2008-01-24,19:39:00,1.774,0.220,239.950,7.400,0.000,0.000,0.0
2008-01-24,19:40:00,1.766,0.216,239.330,7.400,0.000,0.000,0.0
2008-01-24,19:41:00,1.762,0.216,239.050,7.400,0.000,0.000,0.0
2008-01-24,19:42:00,1.756,0.214,238.470,7.400,0.000,0.000,0.0
2008-01-24,19:43:00,1.752,0.214,238.550,7.400,0.000,0.000,0.0
2008-01-24,19:44:00,1.746,0.212,238.100,7.400,0.000,0.000,0.0
2008-01-24,19:45:00,1.758,0.214,239.600,7.400,0.000,0.000,0.0
2008-01-24,19:46:00,1.750,0.212,239.290,7.400,0.000,0.000,0.0
2008-01-24,19:47:00,1.590,0.102,239.300,6.600,0.000,0.000,0.0
2008-01-24,19:48:00,1.474,0.000,240.410,6.200,0.000,0.000,0.0
2008-01-24,19:49:00,1.462,0.000,240.420,6.000,0.000,0.000,0.0
2008-01-24,19:50:00,1.460,0.000,240.280,6.000,0.000,0.000,0.0
2008-01-24,19:51:00,1.452,0.046,239.170,6.000,0.000,0.000,0.0
2008-01-24,19:52:00,1.452,0.046,239.260,6.000,0.000,0.000,0.0
2008-01-24,19:53:00,1.454,0.048,239.390,6.000,0.000,0.000,0.0
2008-01-24,19:54:00,1.458,0.048,239.220,6.200,0.000,0.000,0.0
2008-01-24,19:55:00,1.454,0.048,238.620,6.200,0.000,0.000,0.0
2008-01-24,19:56:00,1.450,0.048,238.110,6.200,0.000,0.000,0.0
2008-01-24,19:57:00,1.446,0.048,237.710,6.200,0.000,0.000,0.0
2008-01-24,19:58:00,1.500,0.000,238.260,6.400,0.000,0.000,0.0
2008-01-24,19:59:00,1.546,0.078,237.470,6.600,0.000,0.000,0.0
2008-01-24,20:00:00,1.586,0.076,237.090,6.800,0.000,0.000,0.0
2008-01-24,20:01:00,1.582,0.078,238.240,6.600,0.000,0.000,0.0
2008-01-24,20:02:00,1.550,0.080,238.520,6.600,0.000,0.000,0.0
2008-01-24,20:03:00,1.546,0.080,238.340,6.600,0.000,0.000,0.0
2008-01-24,20:04:00,1.556,0.084,239.630,6.600,0.000,0.000,0.0
2008-01-24,20:05:00,1.552,0.080,239.350,6.600,0.000,0.000,0.0
2008-01-24,20:06:00,1.906,0.078,239.370,8.000,0.000,0.000,0.0
2008-01-24,20:07:00,2.118,0.070,238.610,8.800,0.000,0.000,0.0
2008-01-24,20:08:00,2.288,0.070,237.400,9.600,0.000,0.000,0.0
2008-01-24,20:09:00,2.418,0.076,238.520,10.200,0.000,0.000,0.0
2008-01-24,20:10:00,2.416,0.076,238.570,10.200,0.000,0.000,0.0
2008-01-24,20:11:00,3.282,0.070,237.600,13.800,0.000,0.000,13.0
2008-01-24,20:12:00,4.304,0.142,236.190,18.400,0.000,0.000,18.0
2008-01-24,20:13:00,4.542,0.224,236.150,19.400,1.000,0.000,17.0
2008-01-24,20:14:00,4.266,0.104,234.590,18.400,2.000,2.000,17.0
2008-01-24,20:15:00,3.468,0.060,234.200,14.800,1.000,1.000,17.0
2008-01-24,20:16:00,3.580,0.060,234.780,15.200,1.000,1.000,17.0
2008-01-24,20:17:00,3.548,0.094,236.180,15.000,1.000,2.000,18.0
2008-01-24,20:18:00,3.502,0.156,234.040,15.000,2.000,1.000,17.0
2008-01-24,20:19:00,3.494,0.154,233.580,15.000,1.000,1.000,16.0
2008-01-24,20:20:00,3.488,0.152,233.460,15.000,1.000,2.000,17.0
2008-01-24,20:21:00,3.704,0.154,232.990,16.000,1.000,1.000,17.0
2008-01-24,20:22:00,4.050,0.164,232.090,17.400,1.000,1.000,16.0
2008-01-24,20:23:00,3.808,0.152,232.610,16.400,1.000,2.000,17.0
2008-01-24,20:24:00,3.810,0.154,233.040,16.400,2.000,1.000,17.0
2008-01-24,20:25:00,3.810,0.154,233.110,16.400,1.000,2.000,16.0
2008-01-24,20:26:00,3.790,0.148,232.560,16.200,1.000,1.000,17.0
2008-01-24,20:27:00,3.800,0.152,232.970,16.200,1.000,1.000,17.0
2008-01-24,20:28:00,3.778,0.154,233.670,16.200,1.000,1.000,17.0
2008-01-24,20:29:00,3.808,0.116,232.160,16.400,2.000,2.000,16.0
2008-01-24,20:30:00,3.634,0.068,232.970,15.600,1.000,1.000,17.0
2008-01-24,20:31:00,3.672,0.092,233.440,15.800,0.000,1.000,16.0
2008-01-24,20:32:00,3.326,0.078,234.520,14.200,2.000,2.000,17.0
2008-01-24,20:33:00,4.172,0.066,234.030,18.400,11.000,1.000,17.0
2008-01-24,20:34:00,5.494,0.046,231.500,23.600,37.000,1.000,17.0
2008-01-24,20:35:00,5.526,0.000,231.110,23.800,35.000,1.000,16.0
2008-01-24,20:36:00,5.540,0.046,231.110,24.000,36.000,1.000,16.0
2008-01-24,20:37:00,5.426,0.046,231.770,23.400,36.000,2.000,17.0
2008-01-24,20:38:00,5.452,0.000,231.830,23.400,36.000,1.000,17.0
2008-01-24,20:39:00,5.378,0.000,231.890,23.200,36.000,1.000,16.0
2008-01-24,20:40:00,5.328,0.050,232.160,22.800,36.000,1.000,17.0
2008-01-24,20:41:00,5.168,0.000,231.900,22.200,36.000,1.000,16.0
2008-01-24,20:42:00,5.154,0.000,231.430,22.200,36.000,2.000,17.0
2008-01-24,20:43:00,5.178,0.000,231.790,22.200,36.000,0.000,16.0
2008-01-24,20:44:00,5.214,0.054,232.180,22.400,36.000,0.000,17.0
2008-01-24,20:45:00,5.184,0.054,231.690,22.400,36.000,0.000,16.0
2008-01-24,20:46:00,5.016,0.052,230.900,21.800,35.000,0.000,16.0
2008-01-24,20:47:00,3.146,0.070,234.100,13.400,1.000,0.000,17.0
2008-01-24,20:48:00,3.158,0.072,234.910,13.400,1.000,0.000,17.0
2008-01-24,20:49:00,3.154,0.070,234.700,13.400,2.000,0.000,17.0
2008-01-24,20:50:00,3.144,0.072,234.520,13.400,1.000,0.000,17.0
2008-01-24,20:51:00,3.146,0.072,234.400,13.400,1.000,0.000,17.0
2008-01-24,20:52:00,3.152,0.074,234.850,13.400,1.000,0.000,17.0
2008-01-24,20:53:00,3.150,0.072,234.720,13.400,1.000,0.000,17.0
2008-01-24,20:54:00,2.976,0.070,234.580,12.800,2.000,0.000,15.0
2008-01-24,20:55:00,2.154,0.082,236.130,9.200,1.000,0.000,0.0
2008-01-24,20:56:00,2.156,0.084,236.660,9.200,1.000,0.000,0.0
2008-01-24,20:57:00,2.150,0.082,236.290,9.200,1.000,0.000,0.0
2008-01-24,20:58:00,2.148,0.078,236.550,9.000,1.000,0.000,0.0
2008-01-24,20:59:00,2.056,0.000,236.060,8.800,2.000,0.000,0.0
2008-01-24,21:00:00,2.070,0.000,237.350,8.800,1.000,0.000,0.0
2008-01-24,21:01:00,2.116,0.000,236.390,9.000,1.000,0.000,0.0
2008-01-24,21:02:00,2.110,0.050,235.330,9.000,1.000,0.000,0.0
2008-01-24,21:03:00,2.114,0.048,235.430,9.000,1.000,0.000,0.0
2008-01-24,21:04:00,2.130,0.052,236.610,9.000,2.000,0.000,0.0
2008-01-24,21:05:00,2.132,0.054,236.890,9.000,1.000,0.000,0.0
2008-01-24,21:06:00,2.138,0.056,237.560,9.000,1.000,0.000,0.0
2008-01-24,21:07:00,2.142,0.056,237.760,9.000,1.000,0.000,0.0
2008-01-24,21:08:00,2.142,0.056,237.840,9.000,1.000,0.000,0.0
2008-01-24,21:09:00,2.134,0.056,237.160,9.000,2.000,0.000,0.0
2008-01-24,21:10:00,2.114,0.054,235.490,9.000,1.000,0.000,0.0
2008-01-24,21:11:00,2.114,0.054,235.880,9.000,1.000,0.000,0.0
2008-01-24,21:12:00,2.078,0.000,236.310,8.800,1.000,0.000,0.0
2008-01-24,21:13:00,2.046,0.000,235.630,8.600,1.000,0.000,0.0
2008-01-24,21:14:00,2.046,0.000,235.630,8.600,2.000,0.000,0.0
2008-01-24,21:15:00,2.062,0.000,237.070,8.600,1.000,0.000,0.0
2008-01-24,21:16:00,2.060,0.000,236.820,8.800,1.000,0.000,0.0
2008-01-24,21:17:00,2.054,0.000,236.730,8.600,1.000,0.000,0.0
2008-01-24,21:18:00,2.050,0.000,236.460,8.600,1.000,0.000,0.0
2008-01-24,21:19:00,2.046,0.000,236.540,8.600,2.000,0.000,0.0
2008-01-24,21:20:00,2.054,0.000,236.940,8.600,1.000,0.000,0.0
2008-01-24,21:21:00,2.044,0.000,236.460,8.600,1.000,0.000,0.0
2008-01-24,21:22:00,2.042,0.000,236.000,8.600,1.000,0.000,0.0
2008-01-24,21:23:00,2.054,0.000,237.200,8.600,1.000,0.000,0.0
2008-01-24,21:24:00,2.076,0.000,238.350,8.800,2.000,0.000,0.0
2008-01-24,21:25:00,2.080,0.000,238.790,8.800,1.000,0.000,0.0
2008-01-24,21:26:00,2.082,0.000,238.900,8.800,1.000,0.000,0.0
2008-01-24,21:27:00,2.088,0.000,239.480,8.800,1.000,0.000,0.0
2008-01-24,21:28:00,2.096,0.000,239.850,8.800,1.000,0.000,0.0
2008-01-24,21:29:00,2.180,0.056,239.380,9.200,2.000,0.000,0.0
2008-01-24,21:30:00,2.200,0.096,239.510,9.200,1.000,0.000,0.0
2008-01-24,21:31:00,2.200,0.098,240.020,9.200,1.000,0.000,0.0
2008-01-24,21:32:00,2.184,0.094,239.120,9.200,1.000,0.000,0.0
2008-01-24,21:33:00,2.170,0.090,238.290,9.200,1.000,0.000,0.0
2008-01-24,21:34:00,2.156,0.088,237.120,9.000,2.000,0.000,0.0
2008-01-24,21:35:00,2.158,0.088,237.450,9.000,1.000,0.000,0.0
2008-01-24,21:36:00,2.160,0.090,237.750,9.000,1.000,0.000,0.0
2008-01-24,21:37:00,2.156,0.090,237.570,9.000,1.000,0.000,0.0
2008-01-24,21:38:00,2.142,0.126,237.520,9.000,1.000,0.000,0.0
2008-01-24,21:39:00,2.138,0.120,237.920,9.000,1.000,0.000,0.0
2008-01-24,21:40:00,2.100,0.116,237.310,8.800,0.000,0.000,0.0
2008-01-24,21:41:00,2.132,0.096,235.570,9.000,2.000,0.000,0.0
2008-01-24,21:42:00,2.118,0.088,234.760,9.000,1.000,0.000,0.0
2008-01-24,21:43:00,2.118,0.086,234.980,9.000,1.000,0.000,0.0
2008-01-24,21:44:00,2.122,0.080,236.050,9.000,2.000,0.000,0.0
2008-01-24,21:45:00,2.050,0.000,236.450,8.600,1.000,0.000,0.0
2008-01-24,21:46:00,2.054,0.060,237.470,8.600,1.000,0.000,0.0
2008-01-24,21:47:00,2.076,0.064,238.900,8.600,1.000,0.000,0.0
2008-01-24,21:48:00,2.054,0.078,239.110,8.600,1.000,0.000,0.0
2008-01-24,21:49:00,1.930,0.096,238.900,8.000,1.000,0.000,0.0
2008-01-24,21:50:00,1.870,0.104,239.240,7.800,0.000,0.000,0.0
2008-01-24,21:51:00,1.898,0.080,239.130,8.000,1.000,0.000,0.0
2008-01-24,21:52:00,2.984,0.062,237.770,13.400,17.000,0.000,0.0
2008-01-24,21:53:00,3.860,0.048,235.990,16.400,38.000,0.000,0.0
2008-01-24,21:54:00,3.860,0.048,235.880,16.400,37.000,0.000,0.0
2008-01-24,21:55:00,3.748,0.050,235.720,15.800,37.000,0.000,0.0
2008-01-24,21:56:00,3.632,0.000,236.020,15.400,37.000,0.000,0.0
2008-01-24,21:57:00,3.572,0.048,234.870,15.200,36.000,0.000,0.0
2008-01-24,21:58:00,3.548,0.000,234.200,15.200,37.000,0.000,0.0
2008-01-24,21:59:00,3.490,0.000,234.640,14.800,37.000,0.000,0.0
2008-01-24,22:00:00,3.500,0.000,234.960,14.800,36.000,0.000,0.0
2008-01-24,22:01:00,3.512,0.000,235.540,14.800,37.000,0.000,0.0
2008-01-24,22:02:00,3.434,0.000,235.420,14.600,37.000,0.000,0.0
2008-01-24,22:03:00,3.410,0.000,236.150,14.400,37.000,0.000,0.0
2008-01-24,22:04:00,3.406,0.060,236.660,14.400,37.000,0.000,0.0
2008-01-24,22:05:00,3.410,0.060,237.000,14.400,37.000,0.000,0.0
2008-01-24,22:06:00,3.024,0.056,237.230,13.200,33.000,0.000,0.0
2008-01-24,22:07:00,1.208,0.048,239.770,5.000,0.000,0.000,0.0
2008-01-24,22:08:00,1.204,0.050,240.000,5.000,0.000,0.000,0.0
2008-01-24,22:09:00,1.208,0.048,240.560,5.000,0.000,0.000,0.0
2008-01-24,22:10:00,1.226,0.000,240.290,5.200,0.000,0.000,0.0
2008-01-24,22:11:00,1.224,0.000,240.890,5.200,0.000,0.000,0.0
2008-01-24,22:12:00,1.210,0.000,240.520,5.000,0.000,0.000,0.0
2008-01-24,22:13:00,1.210,0.046,240.950,5.000,0.000,0.000,0.0
2008-01-24,22:14:00,1.330,0.086,240.790,5.600,0.000,0.000,0.0
2008-01-24,22:15:00,1.320,0.086,241.130,5.400,0.000,0.000,0.0
2008-01-24,22:16:00,1.322,0.090,241.920,5.400,0.000,0.000,0.0
2008-01-24,22:17:00,1.360,0.126,242.220,5.600,0.000,0.000,0.0
2008-01-24,22:18:00,1.334,0.100,242.880,5.600,0.000,0.000,0.0
2008-01-24,22:19:00,1.324,0.090,242.690,5.400,0.000,0.000,0.0
2008-01-24,22:20:00,1.326,0.088,242.950,5.400,0.000,0.000,0.0
2008-01-24,22:21:00,1.316,0.084,241.760,5.400,0.000,0.000,0.0
2008-01-24,22:22:00,1.318,0.088,242.200,5.400,0.000,0.000,0.0
2008-01-24,22:23:00,1.322,0.088,242.860,5.400,0.000,0.000,0.0
2008-01-24,22:24:00,1.322,0.090,242.940,5.400,0.000,0.000,0.0
2008-01-24,22:25:00,1.322,0.092,243.210,5.400,0.000,0.000,0.0
2008-01-24,22:26:00,1.324,0.092,243.470,5.400,0.000,0.000,0.0
2008-01-24,22:27:00,1.318,0.090,242.950,5.400,0.000,0.000,0.0
2008-01-24,22:28:00,1.318,0.090,242.990,5.400,0.000,0.000,0.0
2008-01-24,22:29:00,1.340,0.096,242.730,5.600,0.000,0.000,0.0
2008-01-24,22:30:00,1.306,0.060,243.730,5.400,0.000,0.000,0.0
2008-01-24,22:31:00,1.306,0.062,243.890,5.400,0.000,0.000,0.0
2008-01-24,22:32:00,1.306,0.062,243.920,5.400,0.000,0.000,0.0
2008-01-24,22:33:00,1.302,0.062,243.540,5.400,0.000,0.000,0.0
2008-01-24,22:34:00,1.310,0.064,244.530,5.400,0.000,0.000,0.0
2008-01-24,22:35:00,1.310,0.066,244.820,5.400,0.000,0.000,0.0
2008-01-24,22:36:00,1.308,0.066,244.730,5.400,0.000,0.000,0.0
2008-01-24,22:37:00,1.312,0.068,245.440,5.400,0.000,0.000,0.0
2008-01-24,22:38:00,1.308,0.068,245.030,5.400,0.000,0.000,0.0
2008-01-24,22:39:00,1.434,0.056,244.550,5.800,0.000,0.000,0.0
2008-01-24,22:40:00,1.436,0.000,243.990,6.000,0.000,0.000,0.0
2008-01-24,22:41:00,1.268,0.000,243.770,5.200,0.000,0.000,0.0
2008-01-24,22:42:00,1.282,0.000,243.810,5.200,0.000,0.000,0.0
2008-01-24,22:43:00,1.288,0.000,244.030,5.400,0.000,0.000,0.0
2008-01-24,22:44:00,1.248,0.000,244.510,5.200,0.000,0.000,0.0
2008-01-24,22:45:00,1.244,0.000,244.990,5.200,0.000,0.000,0.0
2008-01-24,22:46:00,1.248,0.000,245.620,5.200,0.000,0.000,0.0
2008-01-24,22:47:00,1.248,0.000,245.670,5.200,0.000,0.000,0.0
2008-01-24,22:48:00,1.248,0.000,245.830,5.200,0.000,0.000,0.0
2008-01-24,22:49:00,1.248,0.000,245.690,5.200,0.000,0.000,0.0
2008-01-24,22:50:00,1.248,0.000,245.600,5.200,0.000,0.000,0.0
2008-01-24,22:51:00,1.242,0.000,244.970,5.000,0.000,0.000,0.0
2008-01-24,22:52:00,1.240,0.000,244.660,5.000,0.000,0.000,0.0
2008-01-24,22:53:00,1.246,0.000,245.240,5.200,0.000,0.000,0.0
2008-01-24,22:54:00,1.246,0.000,245.810,5.000,0.000,0.000,0.0
2008-01-24,22:55:00,1.236,0.000,244.510,5.000,0.000,0.000,0.0
2008-01-24,22:56:00,1.236,0.000,244.530,5.000,0.000,0.000,0.0
2008-01-24,22:57:00,1.238,0.000,244.850,5.000,0.000,0.000,0.0
2008-01-24,22:58:00,1.234,0.000,244.190,5.000,0.000,0.000,0.0
2008-01-24,22:59:00,1.354,0.098,244.060,5.600,0.000,0.000,0.0
2008-01-24,23:00:00,1.348,0.104,245.160,5.600,0.000,0.000,0.0
2008-01-24,23:01:00,1.350,0.104,245.440,5.600,0.000,0.000,0.0
2008-01-24,23:02:00,1.344,0.100,244.750,5.600,0.000,0.000,0.0
2008-01-24,23:03:00,1.338,0.100,244.420,5.600,0.000,0.000,0.0
2008-01-24,23:04:00,1.342,0.102,245.060,5.400,0.000,0.000,0.0
2008-01-24,23:05:00,1.342,0.102,245.250,5.400,0.000,0.000,0.0
2008-01-24,23:06:00,1.338,0.100,245.080,5.400,0.000,0.000,0.0
2008-01-24,23:07:00,1.360,0.122,243.950,5.600,0.000,0.000,0.0
2008-01-24,23:08:00,1.412,0.226,244.270,5.800,0.000,0.000,0.0
2008-01-24,23:09:00,1.416,0.228,244.810,5.800,0.000,2.000,0.0
2008-01-24,23:10:00,1.406,0.224,243.920,5.800,0.000,1.000,0.0
2008-01-24,23:11:00,1.410,0.224,244.110,5.800,0.000,2.000,0.0
2008-01-24,23:12:00,1.448,0.254,244.220,6.000,0.000,1.000,0.0
2008-01-24,23:13:00,1.488,0.330,244.290,6.200,0.000,1.000,0.0
2008-01-24,23:14:00,1.422,0.236,244.220,6.000,0.000,2.000,0.0
2008-01-24,23:15:00,1.388,0.190,243.920,5.800,0.000,1.000,0.0
2008-01-24,23:16:00,1.398,0.194,245.040,5.800,0.000,2.000,0.0
2008-01-24,23:17:00,1.398,0.194,245.150,5.800,0.000,1.000,0.0
2008-01-24,23:18:00,1.394,0.196,244.970,5.800,0.000,1.000,0.0
2008-01-24,23:19:00,1.388,0.192,244.460,5.800,0.000,2.000,0.0
2008-01-24,23:20:00,1.388,0.192,244.570,5.800,0.000,1.000,0.0
2008-01-24,23:21:00,1.382,0.192,244.220,5.800,0.000,1.000,0.0
2008-01-24,23:22:00,1.378,0.190,243.840,5.800,0.000,2.000,0.0
2008-01-24,23:23:00,1.314,0.088,244.420,5.400,0.000,1.000,0.0
2008-01-24,23:24:00,1.314,0.088,244.830,5.400,0.000,2.000,0.0
2008-01-24,23:25:00,1.312,0.086,244.510,5.400,0.000,1.000,0.0
2008-01-24,23:26:00,1.312,0.084,244.390,5.400,0.000,1.000,0.0
2008-01-24,23:27:00,1.308,0.086,244.030,5.400,0.000,1.000,0.0
2008-01-24,23:28:00,1.306,0.084,243.970,5.400,0.000,2.000,0.0
2008-01-24,23:29:00,1.298,0.080,242.760,5.400,0.000,1.000,0.0
2008-01-24,23:30:00,1.292,0.078,241.850,5.400,0.000,1.000,0.0
2008-01-24,23:31:00,1.296,0.082,242.700,5.400,0.000,1.000,0.0
2008-01-24,23:32:00,1.298,0.082,243.330,5.400,0.000,2.000,0.0
2008-01-24,23:33:00,1.296,0.082,242.940,5.400,0.000,1.000,0.0
2008-01-24,23:34:00,1.298,0.082,243.200,5.400,0.000,1.000,0.0
2008-01-24,23:35:00,1.300,0.082,243.690,5.400,0.000,1.000,0.0
2008-01-24,23:36:00,1.300,0.082,243.530,5.400,0.000,2.000,0.0
2008-01-24,23:37:00,1.298,0.080,243.190,5.400,0.000,1.000,0.0
2008-01-24,23:38:00,1.266,0.000,242.730,5.200,0.000,1.000,0.0
2008-01-24,23:39:00,1.234,0.000,243.880,5.000,0.000,0.000,0.0
2008-01-24,23:40:00,1.238,0.000,244.520,5.000,0.000,0.000,0.0
2008-01-24,23:41:00,1.232,0.000,244.240,5.000,0.000,0.000,0.0
2008-01-24,23:42:00,1.228,0.000,243.680,5.000,0.000,0.000,0.0
2008-01-24,23:43:00,1.260,0.000,244.090,5.200,0.000,0.000,0.0
2008-01-24,23:44:00,1.346,0.100,244.700,5.600,0.000,0.000,0.0
2008-01-24,23:45:00,1.342,0.100,244.310,5.600,0.000,0.000,0.0
2008-01-24,23:46:00,1.342,0.100,244.650,5.600,0.000,0.000,0.0
2008-01-24,23:47:00,1.342,0.100,244.770,5.600,0.000,0.000,0.0
2008-01-24,23:48:00,1.344,0.102,245.270,5.600,0.000,0.000,0.0
2008-01-24,23:49:00,1.340,0.102,244.900,5.400,0.000,0.000,0.0
2008-01-24,23:50:00,1.336,0.100,244.310,5.400,0.000,0.000,0.0
2008-01-24,23:51:00,1.336,0.100,244.440,5.400,0.000,0.000,0.0
2008-01-24,23:52:00,1.338,0.102,244.960,5.400,0.000,0.000,0.0
2008-01-24,23:53:00,1.336,0.102,244.850,5.400,0.000,0.000,0.0
2008-01-24,23:54:00,1.338,0.102,245.300,5.400,0.000,0.000,0.0
2008-01-24,23:55:00,1.340,0.104,245.610,5.400,0.000,0.000,0.0
2008-01-24,23:56:00,1.384,0.144,245.560,5.800,0.000,0.000,0.0
2008-01-24,23:57:00,1.400,0.208,243.960,5.800,0.000,0.000,0.0
2008-01-24,23:58:00,1.384,0.190,243.320,5.800,0.000,0.000,0.0
2008-01-24,23:59:00,1.302,0.066,243.530,5.400,0.000,0.000,0.0
