Date,Time,Global_active_power,Global_reactive_power,Voltage,Global_intensity,Sub_metering_1,Sub_metering_2,Sub_metering_3
2008-01-07,00:00:00,0.242,0.050,241.600,1.000,0.000,0.000,0.0
2008-01-07,00:01:00,0.242,0.050,241.290,1.000,0.000,0.000,0.0
2008-01-07,00:02:00,0.242,0.050,241.220,1.000,0.000,0.000,0.0
2008-01-07,00:03:00,0.354,0.054,241.230,1.400,0.000,0.000,0.0
2008-01-07,00:04:00,0.356,0.054,240.990,1.400,0.000,0.000,0.0
2008-01-07,00:05:00,0.358,0.054,240.560,1.400,0.000,0.000,0.0
2008-01-07,00:06:00,0.262,0.050,241.080,1.000,0.000,0.000,0.0
2008-01-07,00:07:00,0.244,0.050,241.340,1.000,0.000,0.000,0.0
2008-01-07,00:08:00,0.244,0.050,241.340,1.000,0.000,0.000,0.0
2008-01-07,00:09:00,0.242,0.050,241.250,1.000,0.000,0.000,0.0
2008-01-07,00:10:00,0.244,0.050,241.680,1.000,0.000,0.000,0.0
2008-01-07,00:11:00,0.244,0.048,242.160,1.000,0.000,0.000,0.0
2008-01-07,00:12:00,0.340,0.050,241.740,1.400,0.000,0.000,0.0
2008-01-07,00:13:00,0.356,0.084,242.360,1.400,0.000,0.000,0.0
2008-01-07,00:14:00,0.352,0.086,242.730,1.400,0.000,0.000,0.0
2008-01-07,00:15:00,0.352,0.084,242.670,1.400,0.000,0.000,0.0
2008-01-07,00:16:00,0.350,0.086,242.580,1.400,0.000,0.000,0.0
2008-01-07,00:17:00,0.348,0.086,242.420,1.400,0.000,0.000,0.0
2008-01-07,00:18:00,0.344,0.082,241.230,1.400,0.000,0.000,0.0
2008-01-07,00:19:00,0.338,0.076,239.020,1.400,0.000,0.000,0.0
2008-01-07,00:20:00,0.338,0.078,239.660,1.400,0.000,0.000,0.0
2008-01-07,00:21:00,0.392,0.134,239.810,1.800,0.000,0.000,0.0
2008-01-07,00:22:00,0.418,0.198,239.640,1.800,0.000,0.000,0.0
2008-01-07,00:23:00,0.418,0.198,239.810,1.800,0.000,2.000,0.0
2008-01-07,00:24:00,0.416,0.200,240.050,1.800,0.000,1.000,0.0
2008-01-07,00:25:00,0.416,0.198,239.600,1.800,0.000,1.000,0.0
2008-01-07,00:26:00,0.416,0.198,239.680,1.800,0.000,2.000,0.0
2008-01-07,00:27:00,0.502,0.290,239.340,2.400,0.000,1.000,0.0
2008-01-07,00:28:00,0.426,0.204,238.520,2.000,0.000,2.000,0.0
2008-01-07,00:29:00,0.398,0.166,238.980,1.800,0.000,1.000,0.0
2008-01-07,00:30:00,0.398,0.166,239.450,1.800,0.000,2.000,0.0
2008-01-07,00:31:00,0.396,0.166,239.070,1.800,0.000,1.000,0.0
2008-01-07,00:32:00,0.392,0.166,239.100,1.800,0.000,1.000,0.0
2008-01-07,00:33:00,0.392,0.166,239.640,1.800,0.000,2.000,0.0
2008-01-07,00:34:00,0.390,0.168,239.920,1.800,0.000,1.000,0.0
2008-01-07,00:35:00,0.390,0.168,239.900,1.800,0.000,1.000,0.0
2008-01-07,00:36:00,0.388,0.170,240.690,1.800,0.000,2.000,0.0
2008-01-07,00:37:00,0.386,0.168,241.090,1.600,0.000,1.000,0.0
2008-01-07,00:38:00,0.320,0.070,241.380,1.400,0.000,1.000,0.0
2008-01-07,00:39:00,0.318,0.068,241.120,1.400,0.000,2.000,0.0
2008-01-07,00:40:00,0.318,0.068,241.090,1.400,0.000,1.000,0.0
2008-01-07,00:41:00,0.318,0.068,241.420,1.200,0.000,1.000,0.0
2008-01-07,00:42:00,0.316,0.068,240.550,1.200,0.000,1.000,0.0
2008-01-07,00:43:00,0.278,0.000,240.430,1.200,0.000,1.000,0.0
2008-01-07,00:44:00,0.240,0.052,240.740,1.000,0.000,0.000,0.0
2008-01-07,00:45:00,0.240,0.052,240.870,1.000,0.000,0.000,0.0
2008-01-07,00:46:00,0.240,0.052,240.820,1.000,0.000,0.000,0.0
2008-01-07,00:47:00,0.240,0.052,240.390,1.000,0.000,0.000,0.0
2008-01-07,00:48:00,0.240,0.052,240.390,1.000,0.000,0.000,0.0
2008-01-07,00:49:00,0.240,0.052,240.630,1.000,0.000,0.000,0.0
2008-01-07,00:50:00,0.240,0.052,240.730,1.000,0.000,0.000,0.0
2008-01-07,00:51:00,0.240,0.050,241.240,1.000,0.000,0.000,0.0
2008-01-07,00:52:00,0.242,0.050,241.540,1.000,0.000,0.000,0.0
2008-01-07,00:53:00,0.240,0.050,241.460,1.000,0.000,0.000,0.0
2008-01-07,00:54:00,0.242,0.050,241.450,1.000,0.000,0.000,0.0
2008-01-07,00:55:00,0.242,0.050,241.560,1.000,0.000,0.000,0.0
2008-01-07,00:56:00,0.244,0.050,241.900,1.000,0.000,0.000,0.0
2008-01-07,00:57:00,0.338,0.046,241.240,1.400,0.000,0.000,0.0
2008-01-07,00:58:00,0.354,0.082,241.600,1.400,0.000,0.000,0.0
2008-01-07,00:59:00,0.350,0.080,241.210,1.400,0.000,0.000,0.0
2008-01-07,01:00:00,0.348,0.080,240.730,1.400,0.000,0.000,0.0
2008-01-07,01:01:00,0.346,0.080,241.150,1.400,0.000,0.000,0.0
2008-01-07,01:02:00,0.346,0.080,240.950,1.400,0.000,0.000,0.0
2008-01-07,01:03:00,0.344,0.080,240.740,1.400,0.000,0.000,0.0
2008-01-07,01:04:00,0.344,0.080,241.230,1.400,0.000,0.000,0.0
2008-01-07,01:05:00,0.342,0.080,241.450,1.400,0.000,0.000,0.0
2008-01-07,01:06:00,0.342,0.080,241.060,1.400,0.000,0.000,0.0
2008-01-07,01:07:00,0.338,0.078,240.450,1.400,0.000,0.000,0.0
2008-01-07,01:08:00,0.366,0.094,240.450,1.600,0.000,0.000,0.0
2008-01-07,01:09:00,0.416,0.182,240.560,1.800,0.000,0.000,0.0
2008-01-07,01:10:00,0.414,0.182,240.700,1.800,0.000,0.000,0.0
2008-01-07,01:11:00,0.416,0.184,241.260,1.800,0.000,0.000,0.0
2008-01-07,01:12:00,0.414,0.182,240.700,1.800,0.000,0.000,0.0
2008-01-07,01:13:00,0.324,0.060,240.720,1.400,0.000,0.000,0.0
2008-01-07,01:14:00,0.318,0.052,241.750,1.200,0.000,0.000,0.0
2008-01-07,01:15:00,0.316,0.052,241.620,1.200,0.000,0.000,0.0
2008-01-07,01:16:00,0.314,0.050,241.180,1.200,0.000,0.000,0.0
2008-01-07,01:17:00,0.316,0.052,241.800,1.200,0.000,0.000,0.0
2008-01-07,01:18:00,0.316,0.052,242.010,1.200,0.000,0.000,0.0
2008-01-07,01:19:00,0.278,0.000,242.130,1.200,0.000,0.000,0.0
2008-01-07,01:20:00,0.244,0.050,242.210,1.000,0.000,0.000,0.0
2008-01-07,01:21:00,0.246,0.048,242.970,1.000,0.000,0.000,0.0
2008-01-07,01:22:00,0.244,0.050,242.190,1.000,0.000,0.000,0.0
2008-01-07,01:23:00,0.244,0.050,242.020,1.000,0.000,0.000,0.0
2008-01-07,01:24:00,0.244,0.050,242.400,1.000,0.000,0.000,0.0
2008-01-07,01:25:00,0.244,0.050,241.880,1.000,0.000,0.000,0.0
2008-01-07,01:26:00,0.242,0.052,240.520,1.000,0.000,0.000,0.0
2008-01-07,01:27:00,0.240,0.052,240.390,1.000,0.000,0.000,0.0
2008-01-07,01:28:00,0.240,0.052,240.600,1.000,0.000,0.000,0.0
2008-01-07,01:29:00,0.242,0.052,240.770,1.000,0.000,0.000,0.0
2008-01-07,01:30:00,0.242,0.052,241.030,1.000,0.000,0.000,0.0
2008-01-07,01:31:00,0.242,0.050,241.580,1.000,0.000,0.000,0.0
2008-01-07,01:32:00,0.244,0.050,242.330,1.000,0.000,0.000,0.0
2008-01-07,01:33:00,0.242,0.050,241.770,1.000,0.000,0.000,0.0
2008-01-07,01:34:00,0.242,0.052,241.180,1.000,0.000,0.000,0.0
2008-01-07,01:35:00,0.242,0.050,241.590,1.000,0.000,0.000,0.0
2008-01-07,01:36:00,0.242,0.052,241.550,1.000,0.000,0.000,0.0
2008-01-07,01:37:00,0.240,0.052,241.440,1.000,0.000,0.000,0.0
2008-01-07,01:38:00,0.242,0.050,241.960,1.000,0.000,0.000,0.0
2008-01-07,01:39:00,0.242,0.050,241.990,1.000,0.000,0.000,0.0
2008-01-07,01:40:00,0.242,0.050,241.910,1.000,0.000,0.000,0.0
2008-01-07,01:41:00,0.242,0.052,241.440,1.000,0.000,0.000,0.0
2008-01-07,01:42:00,0.330,0.000,241.930,1.400,0.000,0.000,0.0
2008-01-07,01:43:00,0.354,0.082,242.100,1.400,0.000,0.000,0.0
2008-01-07,01:44:00,0.350,0.084,242.060,1.400,0.000,0.000,0.0
2008-01-07,01:45:00,0.350,0.084,242.420,1.400,0.000,0.000,0.0
2008-01-07,01:46:00,0.348,0.084,242.560,1.400,0.000,0.000,0.0
2008-01-07,01:47:00,0.348,0.086,243.040,1.400,0.000,0.000,0.0
2008-01-07,01:48:00,0.346,0.084,242.480,1.400,0.000,0.000,0.0
2008-01-07,01:49:00,0.344,0.084,242.050,1.400,0.000,0.000,0.0
2008-01-07,01:50:00,0.370,0.100,242.410,1.600,0.000,0.000,0.0
2008-01-07,01:51:00,0.420,0.188,242.240,1.800,0.000,0.000,0.0
2008-01-07,01:52:00,0.416,0.186,241.560,1.800,0.000,0.000,0.0
2008-01-07,01:53:00,0.414,0.184,240.980,1.800,0.000,0.000,0.0
2008-01-07,01:54:00,0.412,0.182,240.920,1.800,0.000,0.000,0.0
2008-01-07,01:55:00,0.412,0.184,241.120,1.800,0.000,0.000,0.0
2008-01-07,01:56:00,0.410,0.184,241.380,1.800,0.000,0.000,0.0
2008-01-07,01:57:00,0.406,0.182,241.720,1.800,0.000,0.000,0.0
2008-01-07,01:58:00,0.316,0.054,242.450,1.200,0.000,0.000,0.0
2008-01-07,01:59:00,0.320,0.060,244.800,1.200,0.000,0.000,0.0
2008-01-07,02:00:00,0.318,0.060,244.630,1.200,0.000,0.000,0.0
2008-01-07,02:01:00,0.262,0.000,244.520,1.000,0.000,0.000,0.0
2008-01-07,02:02:00,0.246,0.046,244.300,1.000,0.000,0.000,0.0
2008-01-07,02:03:00,0.246,0.046,244.440,1.000,0.000,0.000,0.0
2008-01-07,02:04:00,0.248,0.046,244.680,1.000,0.000,0.000,0.0
2008-01-07,02:05:00,0.246,0.046,244.230,1.000,0.000,0.000,0.0
2008-01-07,02:06:00,0.246,0.046,244.340,1.000,0.000,0.000,0.0
2008-01-07,02:07:00,0.246,0.046,244.650,1.000,0.000,0.000,0.0
2008-01-07,02:08:00,0.246,0.048,243.530,1.000,0.000,0.000,0.0
2008-01-07,02:09:00,0.246,0.046,243.760,1.000,0.000,0.000,0.0
2008-01-07,02:10:00,0.246,0.046,243.980,1.000,0.000,0.000,0.0
2008-01-07,02:11:00,0.246,0.046,244.100,1.000,0.000,0.000,0.0
2008-01-07,02:12:00,0.246,0.046,244.130,1.000,0.000,0.000,0.0
2008-01-07,02:13:00,0.248,0.046,244.250,1.000,0.000,0.000,0.0
2008-01-07,02:14:00,0.252,0.046,244.840,1.000,0.000,0.000,0.0
2008-01-07,02:15:00,0.250,0.046,244.750,1.000,0.000,0.000,0.0
2008-01-07,02:16:00,0.250,0.046,244.280,1.000,0.000,0.000,0.0
2008-01-07,02:17:00,0.250,0.048,243.740,1.000,0.000,0.000,0.0
2008-01-07,02:18:00,0.250,0.048,244.120,1.000,0.000,0.000,0.0
2008-01-07,02:19:00,0.248,0.048,243.550,1.000,0.000,0.000,0.0
2008-01-07,02:20:00,0.248,0.050,242.680,1.000,0.000,0.000,0.0
2008-01-07,02:21:00,0.248,0.048,243.070,1.000,0.000,0.000,0.0
2008-01-07,02:22:00,0.248,0.048,243.470,1.000,0.000,0.000,0.0
2008-01-07,02:23:00,0.248,0.046,243.900,1.000,0.000,0.000,0.0
2008-01-07,02:24:00,0.250,0.000,245.110,1.000,0.000,0.000,0.0
2008-01-07,02:25:00,0.252,0.000,245.680,1.000,0.000,0.000,0.0
2008-01-07,02:26:00,0.250,0.046,244.640,1.000,0.000,0.000,0.0
2008-01-07,02:27:00,0.288,0.000,244.040,1.200,0.000,0.000,0.0
2008-01-07,02:28:00,0.362,0.090,244.240,1.400,0.000,0.000,0.0
2008-01-07,02:29:00,0.360,0.092,244.730,1.400,0.000,0.000,0.0
2008-01-07,02:30:00,0.358,0.092,244.920,1.400,0.000,0.000,0.0
2008-01-07,02:31:00,0.358,0.092,244.860,1.400,0.000,0.000,0.0
2008-01-07,02:32:00,0.354,0.092,245.260,1.400,0.000,0.000,0.0
2008-01-07,02:33:00,0.422,0.166,245.260,2.000,0.000,0.000,0.0
2008-01-07,02:34:00,0.428,0.198,244.770,1.800,0.000,0.000,0.0
2008-01-07,02:35:00,0.426,0.194,243.990,1.800,0.000,0.000,0.0
2008-01-07,02:36:00,0.424,0.196,244.100,1.800,0.000,0.000,0.0
2008-01-07,02:37:00,0.424,0.198,244.340,1.800,0.000,0.000,0.0
2008-01-07,02:38:00,0.420,0.196,244.350,1.800,0.000,0.000,0.0
2008-01-07,02:39:00,0.436,0.204,244.320,2.000,0.000,0.000,0.0
2008-01-07,02:40:00,0.502,0.326,244.860,2.400,0.000,0.000,0.0
2008-01-07,02:41:00,0.502,0.326,244.870,2.400,0.000,2.000,0.0
2008-01-07,02:42:00,0.496,0.324,244.420,2.400,0.000,1.000,0.0
2008-01-07,02:43:00,0.390,0.164,244.470,1.800,0.000,2.000,0.0
2008-01-07,02:44:00,0.334,0.080,244.740,1.400,0.000,1.000,0.0
2008-01-07,02:45:00,0.334,0.078,244.460,1.400,0.000,1.000,0.0
2008-01-07,02:46:00,0.332,0.076,243.530,1.400,0.000,2.000,0.0
2008-01-07,02:47:00,0.332,0.076,243.420,1.400,0.000,1.000,0.0
2008-01-07,02:48:00,0.332,0.076,243.780,1.400,0.000,2.000,0.0
2008-01-07,02:49:00,0.332,0.076,243.660,1.400,0.000,1.000,0.0
2008-01-07,02:50:00,0.332,0.076,243.720,1.400,0.000,1.000,0.0
2008-01-07,02:51:00,0.332,0.078,244.370,1.400,0.000,2.000,0.0
2008-01-07,02:52:00,0.332,0.078,244.850,1.400,0.000,1.000,0.0
2008-01-07,02:53:00,0.330,0.076,243.840,1.400,0.000,2.000,0.0
2008-01-07,02:54:00,0.326,0.076,243.520,1.400,0.000,1.000,0.0
2008-01-07,02:55:00,0.326,0.078,244.260,1.400,0.000,1.000,0.0
2008-01-07,02:56:00,0.326,0.078,244.470,1.400,0.000,2.000,0.0
2008-01-07,02:57:00,0.326,0.078,244.510,1.400,0.000,1.000,0.0
2008-01-07,02:58:00,0.324,0.078,244.460,1.400,0.000,1.000,0.0
2008-01-07,02:59:00,0.324,0.076,243.990,1.400,0.000,1.000,0.0
2008-01-07,03:00:00,0.322,0.076,243.800,1.400,0.000,2.000,0.0
2008-01-07,03:01:00,0.312,0.060,243.600,1.200,0.000,1.000,0.0
2008-01-07,03:02:00,0.246,0.046,244.030,1.000,0.000,0.000,0.0
2008-01-07,03:03:00,0.246,0.048,243.890,1.000,0.000,0.000,0.0
2008-01-07,03:04:00,0.246,0.048,243.780,1.000,0.000,0.000,0.0
2008-01-07,03:05:00,0.246,0.046,244.170,1.000,0.000,0.000,0.0
2008-01-07,03:06:00,0.246,0.046,244.250,1.000,0.000,0.000,0.0
2008-01-07,03:07:00,0.246,0.048,243.760,1.000,0.000,0.000,0.0
2008-01-07,03:08:00,0.246,0.048,243.480,1.000,0.000,0.000,0.0
2008-01-07,03:09:00,0.246,0.046,244.100,1.000,0.000,0.000,0.0
2008-01-07,03:10:00,0.246,0.046,244.280,1.000,0.000,0.000,0.0
2008-01-07,03:11:00,0.246,0.046,244.260,1.000,0.000,0.000,0.0
2008-01-07,03:12:00,0.246,0.048,243.440,1.000,0.000,0.000,0.0
2008-01-07,03:13:00,0.326,0.000,242.970,1.400,0.000,0.000,0.0
2008-01-07,03:14:00,0.356,0.084,242.710,1.400,0.000,0.000,0.0
2008-01-07,03:15:00,0.368,0.088,242.520,1.600,0.000,0.000,0.0
2008-01-07,03:16:00,0.430,0.190,242.680,1.800,0.000,0.000,0.0
2008-01-07,03:17:00,0.426,0.192,242.900,1.800,0.000,0.000,0.0
2008-01-07,03:18:00,0.428,0.194,243.420,1.800,0.000,0.000,0.0
2008-01-07,03:19:00,0.426,0.194,243.370,1.800,0.000,0.000,0.0
2008-01-07,03:20:00,0.424,0.194,243.420,1.800,0.000,0.000,0.0
2008-01-07,03:21:00,0.420,0.192,243.050,1.800,0.000,0.000,0.0
2008-01-07,03:22:00,0.418,0.190,242.760,1.800,0.000,0.000,0.0
2008-01-07,03:23:00,0.416,0.192,243.280,1.800,0.000,0.000,0.0
2008-01-07,03:24:00,0.416,0.192,243.510,1.800,0.000,0.000,0.0
2008-01-07,03:25:00,0.392,0.158,243.630,1.600,0.000,0.000,0.0
2008-01-07,03:26:00,0.344,0.086,243.170,1.400,0.000,0.000,0.0
2008-01-07,03:27:00,0.342,0.088,243.460,1.400,0.000,0.000,0.0
2008-01-07,03:28:00,0.316,0.050,244.220,1.400,0.000,0.000,0.0
2008-01-07,03:29:00,0.248,0.046,243.940,1.000,0.000,0.000,0.0
2008-01-07,03:30:00,0.248,0.048,243.120,1.000,0.000,0.000,0.0
2008-01-07,03:31:00,0.248,0.048,242.790,1.000,0.000,0.000,0.0
2008-01-07,03:32:00,0.248,0.048,243.220,1.000,0.000,0.000,0.0
2008-01-07,03:33:00,0.248,0.048,243.480,1.000,0.000,0.000,0.0
2008-01-07,03:34:00,0.248,0.048,243.690,1.000,0.000,0.000,0.0
2008-01-07,03:35:00,0.250,0.046,244.110,1.000,0.000,0.000,0.0
2008-01-07,03:36:00,0.250,0.046,245.010,1.000,0.000,0.000,0.0
2008-01-07,03:37:00,0.250,0.046,244.760,1.000,0.000,0.000,0.0
2008-01-07,03:38:00,0.248,0.048,244.070,1.000,0.000,0.000,0.0
2008-01-07,03:39:00,0.246,0.048,243.490,1.000,0.000,0.000,0.0
2008-01-07,03:40:00,0.246,0.048,243.240,1.000,0.000,0.000,0.0
2008-01-07,03:41:00,0.246,0.048,243.240,1.000,0.000,0.000,0.0
2008-01-07,03:42:00,0.246,0.048,243.610,1.000,0.000,0.000,0.0
2008-01-07,03:43:00,0.246,0.050,242.930,1.000,0.000,0.000,0.0
2008-01-07,03:44:00,0.246,0.048,243.370,1.000,0.000,0.000,0.0
2008-01-07,03:45:00,0.250,0.046,245.150,1.000,0.000,0.000,0.0
2008-01-07,03:46:00,0.250,0.046,245.070,1.000,0.000,0.000,0.0
2008-01-07,03:47:00,0.248,0.046,244.470,1.000,0.000,0.000,0.0
2008-01-07,03:48:00,0.246,0.048,243.760,1.000,0.000,0.000,0.0
2008-01-07,03:49:00,0.248,0.046,244.120,1.000,0.000,0.000,0.0
2008-01-07,03:50:00,0.246,0.048,243.530,1.000,0.000,0.000,0.0
2008-01-07,03:51:00,0.248,0.048,243.620,1.000,0.000,0.000,0.0
2008-01-07,03:52:00,0.246,0.048,243.280,1.000,0.000,0.000,0.0
2008-01-07,03:53:00,0.246,0.048,243.810,1.000,0.000,0.000,0.0
2008-01-07,03:54:00,0.246,0.048,243.370,1.000,0.000,0.000,0.0
2008-01-07,03:55:00,0.244,0.050,242.650,1.000,0.000,0.000,0.0
2008-01-07,03:56:00,0.244,0.050,242.470,1.000,0.000,0.000,0.0
2008-01-07,03:57:00,0.244,0.050,242.270,1.000,0.000,0.000,0.0
2008-01-07,03:58:00,0.320,0.000,242.150,1.600,0.000,0.000,0.0
2008-01-07,03:59:00,0.436,0.188,242.110,2.000,0.000,0.000,0.0
2008-01-07,04:00:00,0.430,0.190,242.520,1.800,0.000,0.000,0.0
2008-01-07,04:01:00,0.430,0.190,242.650,1.800,0.000,0.000,0.0
2008-01-07,04:02:00,0.428,0.188,242.380,1.800,0.000,0.000,0.0
2008-01-07,04:03:00,0.424,0.188,242.450,1.800,0.000,0.000,0.0
2008-01-07,04:04:00,0.422,0.190,242.540,1.800,0.000,0.000,0.0
2008-01-07,04:05:00,0.420,0.188,242.400,1.800,0.000,0.000,0.0
2008-01-07,04:06:00,0.416,0.188,242.070,1.800,0.000,0.000,0.0
2008-01-07,04:07:00,0.392,0.152,241.520,1.800,0.000,0.000,0.0
2008-01-07,04:08:00,0.344,0.082,241.900,1.400,0.000,0.000,0.0
2008-01-07,04:09:00,0.342,0.082,241.470,1.400,0.000,0.000,0.0
2008-01-07,04:10:00,0.340,0.080,241.220,1.400,0.000,0.000,0.0
2008-01-07,04:11:00,0.340,0.082,241.710,1.400,0.000,0.000,0.0
2008-01-07,04:12:00,0.340,0.084,242.340,1.400,0.000,0.000,0.0
2008-01-07,04:13:00,0.340,0.086,242.720,1.400,0.000,0.000,0.0
2008-01-07,04:14:00,0.256,0.000,243.410,1.000,0.000,0.000,0.0
2008-01-07,04:15:00,0.246,0.048,243.570,1.000,0.000,0.000,0.0
2008-01-07,04:16:00,0.246,0.048,243.300,1.000,0.000,0.000,0.0
2008-01-07,04:17:00,0.244,0.050,242.440,1.000,0.000,0.000,0.0
2008-01-07,04:18:00,0.242,0.052,241.630,1.000,0.000,0.000,0.0
2008-01-07,04:19:00,0.242,0.052,241.430,1.000,0.000,0.000,0.0
2008-01-07,04:20:00,0.242,0.052,241.080,1.000,0.000,0.000,0.0
2008-01-07,04:21:00,0.242,0.052,241.370,1.000,0.000,0.000,0.0
2008-01-07,04:22:00,0.244,0.050,241.600,1.000,0.000,0.000,0.0
2008-01-07,04:23:00,0.244,0.050,241.580,1.000,0.000,0.000,0.0
2008-01-07,04:24:00,0.262,0.050,241.630,1.200,0.000,0.000,0.0
2008-01-07,04:25:00,0.266,0.050,241.430,1.200,0.000,0.000,0.0
2008-01-07,04:26:00,0.254,0.052,241.210,1.000,0.000,0.000,0.0
2008-01-07,04:27:00,0.244,0.052,241.390,1.000,0.000,0.000,0.0
2008-01-07,04:28:00,0.244,0.052,240.880,1.000,0.000,0.000,0.0
2008-01-07,04:29:00,0.244,0.052,241.390,1.000,0.000,0.000,0.0
2008-01-07,04:30:00,0.244,0.050,241.730,1.000,0.000,0.000,0.0
2008-01-07,04:31:00,0.244,0.050,242.410,1.000,0.000,0.000,0.0
2008-01-07,04:32:00,0.244,0.050,241.650,1.000,0.000,0.000,0.0
2008-01-07,04:33:00,0.244,0.050,242.120,1.000,0.000,0.000,0.0
2008-01-07,04:34:00,0.242,0.050,241.290,1.000,0.000,0.000,0.0
2008-01-07,04:35:00,0.356,0.054,240.790,1.600,0.000,0.000,0.0
2008-01-07,04:36:00,0.328,0.054,240.670,1.400,0.000,0.000,0.0
2008-01-07,04:37:00,0.242,0.050,241.380,1.000,0.000,0.000,0.0
2008-01-07,04:38:00,0.244,0.050,241.940,1.000,0.000,0.000,0.0
2008-01-07,04:39:00,0.244,0.050,242.100,1.000,0.000,0.000,0.0
2008-01-07,04:40:00,0.288,0.000,242.820,1.400,0.000,0.000,0.0
2008-01-07,04:41:00,0.322,0.056,243.370,1.200,0.000,0.000,0.0
2008-01-07,04:42:00,0.322,0.056,243.060,1.200,0.000,0.000,0.0
2008-01-07,04:43:00,0.320,0.054,242.450,1.200,0.000,0.000,0.0
2008-01-07,04:44:00,0.366,0.096,242.630,1.600,0.000,0.000,0.0
2008-01-07,04:45:00,0.430,0.190,242.700,1.800,0.000,0.000,0.0
2008-01-07,04:46:00,0.426,0.190,242.490,1.800,0.000,0.000,0.0
2008-01-07,04:47:00,0.424,0.190,242.610,1.800,0.000,0.000,0.0
2008-01-07,04:48:00,0.422,0.190,242.480,1.800,0.000,0.000,0.0
2008-01-07,04:49:00,0.388,0.138,242.300,1.600,0.000,0.000,0.0
2008-01-07,04:50:00,0.348,0.084,242.280,1.400,0.000,0.000,0.0
2008-01-07,04:51:00,0.486,0.082,242.030,2.400,0.000,0.000,0.0
2008-01-07,04:52:00,1.462,0.070,240.750,6.000,0.000,0.000,19.0
2008-01-07,04:53:00,1.446,0.070,240.640,6.000,0.000,0.000,18.0
2008-01-07,04:54:00,1.428,0.068,240.510,5.800,0.000,0.000,18.0
2008-01-07,04:55:00,1.424,0.070,240.900,5.800,0.000,0.000,18.0
2008-01-07,04:56:00,1.420,0.070,241.100,5.800,0.000,0.000,18.0
2008-01-07,04:57:00,1.408,0.068,240.260,5.800,0.000,0.000,18.0
2008-01-07,04:58:00,1.396,0.066,239.430,5.800,0.000,0.000,18.0
2008-01-07,04:59:00,1.378,0.000,240.480,5.600,0.000,0.000,17.0
2008-01-07,05:00:00,1.404,0.054,240.200,5.800,0.000,0.000,18.0
2008-01-07,05:01:00,1.390,0.056,239.820,5.800,0.000,1.000,18.0
2008-01-07,05:02:00,1.396,0.058,240.750,5.800,0.000,2.000,18.0
2008-01-07,05:03:00,1.402,0.060,241.290,5.800,0.000,1.000,17.0
2008-01-07,05:04:00,1.402,0.060,241.370,5.800,0.000,2.000,18.0
2008-01-07,05:05:00,1.402,0.060,241.290,5.800,0.000,1.000,18.0
2008-01-07,05:06:00,1.400,0.058,241.000,5.800,0.000,1.000,18.0
2008-01-07,05:07:00,1.396,0.056,240.710,5.800,0.000,2.000,18.0
2008-01-07,05:08:00,1.392,0.056,240.480,5.800,0.000,1.000,18.0
2008-01-07,05:09:00,1.392,0.056,240.480,5.800,0.000,2.000,17.0
2008-01-07,05:10:00,1.396,0.058,240.830,5.800,0.000,1.000,18.0
2008-01-07,05:11:00,1.398,0.058,241.040,5.800,0.000,1.000,18.0
2008-01-07,05:12:00,1.394,0.058,240.760,5.800,0.000,2.000,18.0
2008-01-07,05:13:00,1.396,0.058,241.150,5.800,0.000,1.000,17.0
2008-01-07,05:14:00,1.388,0.056,240.420,5.600,0.000,1.000,18.0
2008-01-07,05:15:00,1.388,0.056,240.560,5.600,0.000,2.000,18.0
2008-01-07,05:16:00,1.390,0.058,240.770,5.600,0.000,1.000,18.0
2008-01-07,05:17:00,1.396,0.058,241.500,5.800,0.000,1.000,18.0
2008-01-07,05:18:00,1.402,0.060,242.170,5.800,0.000,2.000,18.0
2008-01-07,05:19:00,1.400,0.060,242.060,5.800,0.000,1.000,18.0
2008-01-07,05:20:00,1.396,0.058,241.580,5.800,0.000,1.000,17.0
2008-01-07,05:21:00,1.388,0.048,241.640,5.600,0.000,1.000,18.0
2008-01-07,05:22:00,0.504,0.000,241.960,2.800,0.000,0.000,5.0
2008-01-07,05:23:00,0.318,0.050,241.280,1.200,0.000,0.000,0.0
2008-01-07,05:24:00,0.318,0.050,241.170,1.200,0.000,0.000,0.0
2008-01-07,05:25:00,0.320,0.052,241.960,1.400,0.000,0.000,0.0
2008-01-07,05:26:00,0.324,0.054,242.280,1.400,0.000,0.000,0.0
2008-01-07,05:27:00,0.322,0.056,242.900,1.400,0.000,0.000,0.0
2008-01-07,05:28:00,0.320,0.056,242.910,1.200,0.000,0.000,0.0
2008-01-07,05:29:00,0.316,0.052,241.980,1.200,0.000,0.000,0.0
2008-01-07,05:30:00,0.404,0.144,241.800,1.800,0.000,0.000,0.0
2008-01-07,05:31:00,0.386,0.128,242.250,1.600,0.000,0.000,0.0
2008-01-07,05:32:00,0.354,0.084,242.420,1.400,0.000,0.000,0.0
2008-01-07,05:33:00,0.352,0.082,241.900,1.400,0.000,0.000,0.0
2008-01-07,05:34:00,0.350,0.084,242.150,1.400,0.000,0.000,0.0
2008-01-07,05:35:00,0.350,0.086,242.590,1.400,0.000,0.000,0.0
2008-01-07,05:36:00,0.350,0.086,242.740,1.400,0.000,0.000,0.0
2008-01-07,05:37:00,0.346,0.084,241.910,1.400,0.000,0.000,0.0
2008-01-07,05:38:00,0.344,0.082,241.610,1.400,0.000,0.000,0.0
2008-01-07,05:39:00,0.344,0.082,241.840,1.400,0.000,0.000,0.0
2008-01-07,05:40:00,0.342,0.082,241.190,1.400,0.000,0.000,0.0
2008-01-07,05:41:00,0.340,0.080,241.120,1.400,0.000,0.000,0.0
2008-01-07,05:42:00,0.340,0.082,241.250,1.400,0.000,0.000,0.0
2008-01-07,05:43:00,0.338,0.082,241.190,1.400,0.000,0.000,0.0
2008-01-07,05:44:00,0.336,0.080,240.690,1.400,0.000,0.000,0.0
2008-01-07,05:45:00,0.270,0.000,241.490,1.200,0.000,0.000,0.0
2008-01-07,05:46:00,0.244,0.050,242.280,1.000,0.000,0.000,0.0
2008-01-07,05:47:00,0.244,0.050,242.360,1.000,0.000,0.000,0.0
2008-01-07,05:48:00,0.242,0.050,241.880,1.000,0.000,0.000,0.0
2008-01-07,05:49:00,0.242,0.050,242.170,1.000,0.000,0.000,0.0
2008-01-07,05:50:00,0.242,0.050,241.900,1.000,0.000,0.000,0.0
2008-01-07,05:51:00,0.242,0.050,241.630,1.000,0.000,0.000,0.0
2008-01-07,05:52:00,0.240,0.052,241.040,1.000,0.000,0.000,0.0
2008-01-07,05:53:00,0.242,0.052,241.580,1.000,0.000,0.000,0.0
2008-01-07,05:54:00,0.242,0.050,241.510,1.000,0.000,0.000,0.0
2008-01-07,05:55:00,0.242,0.050,241.680,1.000,0.000,0.000,0.0
2008-01-07,05:56:00,0.244,0.048,242.760,1.000,0.000,0.000,0.0
2008-01-07,05:57:00,0.244,0.050,242.850,1.000,0.000,0.000,0.0
2008-01-07,05:58:00,0.246,0.050,242.420,1.000,0.000,0.000,0.0
2008-01-07,05:59:00,0.252,0.050,242.430,1.000,0.000,0.000,0.0
2008-01-07,06:00:00,0.250,0.050,242.290,1.000,0.000,0.000,0.0
2008-01-07,06:01:00,0.252,0.050,242.670,1.000,0.000,0.000,0.0
2008-01-07,06:02:00,0.252,0.048,243.460,1.000,0.000,0.000,0.0
2008-01-07,06:03:00,0.252,0.048,243.090,1.000,0.000,0.000,0.0
2008-01-07,06:04:00,0.276,0.000,242.790,1.200,0.000,0.000,0.0
2008-01-07,06:05:00,0.332,0.056,243.050,1.400,0.000,0.000,0.0
2008-01-07,06:06:00,0.330,0.056,243.100,1.400,0.000,0.000,0.0
2008-01-07,06:07:00,0.328,0.054,242.300,1.400,0.000,0.000,0.0
2008-01-07,06:08:00,0.326,0.052,241.460,1.400,0.000,0.000,0.0
2008-01-07,06:09:00,0.326,0.054,241.990,1.400,0.000,0.000,0.0
2008-01-07,06:10:00,0.324,0.056,242.480,1.400,0.000,0.000,0.0
2008-01-07,06:11:00,0.324,0.056,242.830,1.400,0.000,0.000,0.0
2008-01-07,06:12:00,0.324,0.060,243.710,1.400,0.000,0.000,0.0
2008-01-07,06:13:00,0.292,0.000,244.200,1.200,0.000,0.000,0.0
2008-01-07,06:14:00,0.252,0.046,243.930,1.000,0.000,0.000,0.0
2008-01-07,06:15:00,0.254,0.046,244.470,1.000,0.000,0.000,0.0
2008-01-07,06:16:00,0.332,0.000,244.290,1.400,0.000,0.000,0.0
2008-01-07,06:17:00,0.364,0.086,243.440,1.400,0.000,0.000,0.0
2008-01-07,06:18:00,0.360,0.086,242.830,1.400,0.000,0.000,0.0
2008-01-07,06:19:00,0.360,0.088,243.530,1.400,0.000,0.000,0.0
2008-01-07,06:20:00,0.358,0.088,243.310,1.400,0.000,0.000,0.0
2008-01-07,06:21:00,0.356,0.088,243.370,1.400,0.000,0.000,0.0
2008-01-07,06:22:00,0.354,0.088,243.530,1.400,0.000,0.000,0.0
2008-01-07,06:23:00,0.354,0.088,243.760,1.400,0.000,0.000,0.0
2008-01-07,06:24:00,0.354,0.090,243.930,1.400,0.000,0.000,0.0
2008-01-07,06:25:00,0.352,0.090,244.150,1.400,0.000,0.000,0.0
2008-01-07,06:26:00,0.352,0.090,244.190,1.400,0.000,0.000,0.0
2008-01-07,06:27:00,0.350,0.090,243.920,1.400,0.000,0.000,0.0
2008-01-07,06:28:00,0.348,0.086,242.980,1.400,0.000,0.000,0.0
2008-01-07,06:29:00,0.344,0.084,242.230,1.400,0.000,0.000,0.0
2008-01-07,06:30:00,0.346,0.084,242.160,1.400,0.000,0.000,0.0
2008-01-07,06:31:00,0.280,0.000,241.930,1.200,0.000,0.000,0.0
2008-01-07,06:32:00,0.250,0.050,241.590,1.000,0.000,0.000,0.0
2008-01-07,06:33:00,0.248,0.052,241.300,1.000,0.000,0.000,0.0
2008-01-07,06:34:00,0.248,0.052,240.820,1.000,0.000,0.000,0.0
2008-01-07,06:35:00,0.248,0.052,240.910,1.000,0.000,0.000,0.0
2008-01-07,06:36:00,0.250,0.052,242.030,1.000,0.000,0.000,0.0
2008-01-07,06:37:00,0.252,0.050,243.050,1.000,0.000,0.000,0.0
2008-01-07,06:38:00,0.252,0.048,243.810,1.000,0.000,0.000,0.0
2008-01-07,06:39:00,0.252,0.048,243.610,1.000,0.000,0.000,0.0
2008-01-07,06:40:00,0.252,0.050,243.300,1.000,0.000,0.000,0.0
2008-01-07,06:41:00,0.268,0.000,243.820,1.000,0.000,0.000,0.0
2008-01-07,06:42:00,0.314,0.000,244.270,1.200,0.000,0.000,0.0
2008-01-07,06:43:00,0.456,0.000,243.020,1.800,0.000,0.000,0.0
2008-01-07,06:44:00,0.454,0.000,242.700,1.800,0.000,0.000,0.0
2008-01-07,06:45:00,0.452,0.000,242.380,1.800,0.000,0.000,0.0
2008-01-07,06:46:00,1.100,0.000,242.070,6.800,0.000,0.000,0.0
2008-01-07,06:47:00,4.622,0.000,239.310,19.400,0.000,0.000,0.0
2008-01-07,06:48:00,3.830,0.052,239.560,16.000,0.000,0.000,0.0
2008-01-07,06:49:00,3.436,0.056,240.050,14.800,0.000,0.000,0.0
2008-01-07,06:50:00,1.970,0.064,241.250,8.200,0.000,0.000,0.0
2008-01-07,06:51:00,1.966,0.064,240.900,8.000,0.000,0.000,0.0
2008-01-07,06:52:00,1.766,0.064,240.700,7.400,0.000,0.000,0.0
2008-01-07,06:53:00,1.240,0.076,241.170,5.400,0.000,0.000,0.0
2008-01-07,06:54:00,2.690,0.108,239.520,11.600,0.000,0.000,0.0
2008-01-07,06:55:00,2.246,0.084,239.950,9.800,0.000,0.000,0.0
2008-01-07,06:56:00,0.944,0.076,242.470,4.000,0.000,0.000,0.0
2008-01-07,06:57:00,0.764,0.080,242.360,3.200,0.000,0.000,0.0
2008-01-07,06:58:00,1.656,0.076,241.100,7.000,0.000,0.000,13.0
2008-01-07,06:59:00,1.876,0.076,240.250,7.800,0.000,0.000,18.0
2008-01-07,07:00:00,1.868,0.072,239.520,7.800,0.000,0.000,18.0
2008-01-07,07:01:00,1.866,0.080,238.880,7.800,0.000,0.000,18.0
2008-01-07,07:02:00,1.946,0.202,238.750,8.200,0.000,0.000,18.0
2008-01-07,07:03:00,1.960,0.206,239.940,8.200,0.000,0.000,17.0
2008-01-07,07:04:00,1.922,0.140,241.010,8.000,0.000,0.000,18.0
2008-01-07,07:05:00,1.906,0.108,241.310,7.800,0.000,0.000,18.0
2008-01-07,07:06:00,1.894,0.110,241.500,7.800,0.000,0.000,18.0
2008-01-07,07:07:00,1.896,0.108,241.210,7.800,0.000,0.000,18.0
2008-01-07,07:08:00,1.894,0.106,240.610,7.800,0.000,0.000,18.0
2008-01-07,07:09:00,1.940,0.104,240.150,8.000,0.000,0.000,17.0
2008-01-07,07:10:00,1.914,0.104,240.000,8.000,0.000,0.000,18.0
2008-01-07,07:11:00,1.868,0.104,239.500,7.800,0.000,0.000,18.0
2008-01-07,07:12:00,1.950,0.104,239.270,8.200,0.000,0.000,17.0
2008-01-07,07:13:00,2.130,0.100,238.680,8.800,0.000,0.000,18.0
2008-01-07,07:14:00,2.048,0.100,239.620,8.600,0.000,0.000,17.0
2008-01-07,07:15:00,1.770,0.104,239.790,7.400,0.000,0.000,18.0
2008-01-07,07:16:00,1.740,0.102,238.670,7.200,0.000,0.000,18.0
2008-01-07,07:17:00,1.694,0.000,238.530,7.000,0.000,0.000,17.0
2008-01-07,07:18:00,1.670,0.000,238.960,7.000,0.000,0.000,18.0
2008-01-07,07:19:00,1.710,0.000,238.150,7.200,0.000,0.000,17.0
2008-01-07,07:20:00,2.654,0.000,237.710,11.400,0.000,0.000,17.0
2008-01-07,07:21:00,1.892,0.000,238.800,7.800,0.000,0.000,18.0
2008-01-07,07:22:00,1.982,0.080,239.020,8.200,0.000,0.000,17.0
2008-01-07,07:23:00,1.922,0.088,238.960,8.000,0.000,2.000,18.0
2008-01-07,07:24:00,1.896,0.088,238.400,7.800,0.000,1.000,17.0
2008-01-07,07:25:00,1.884,0.086,237.780,7.800,0.000,2.000,18.0
2008-01-07,07:26:00,1.880,0.086,237.590,7.800,0.000,1.000,17.0
2008-01-07,07:27:00,1.900,0.088,238.250,8.000,0.000,1.000,17.0
2008-01-07,07:28:00,1.904,0.088,238.280,8.000,0.000,2.000,18.0
2008-01-07,07:29:00,1.934,0.114,238.610,8.000,0.000,1.000,17.0
2008-01-07,07:30:00,1.976,0.190,238.560,8.200,0.000,1.000,18.0
2008-01-07,07:31:00,2.002,0.190,238.470,8.400,0.000,2.000,17.0
2008-01-07,07:32:00,2.094,0.186,238.100,8.800,0.000,1.000,18.0
2008-01-07,07:33:00,2.234,0.186,238.300,9.400,0.000,2.000,17.0
2008-01-07,07:34:00,2.614,0.188,237.660,11.000,0.000,1.000,17.0
2008-01-07,07:35:00,2.758,0.192,237.170,11.600,0.000,1.000,18.0
2008-01-07,07:36:00,2.882,0.190,236.450,12.200,0.000,2.000,17.0
2008-01-07,07:37:00,2.864,0.184,236.770,12.000,0.000,1.000,17.0
2008-01-07,07:38:00,2.874,0.150,235.680,12.200,0.000,1.000,17.0
2008-01-07,07:39:00,2.174,0.148,235.190,9.400,0.000,1.000,17.0
2008-01-07,07:40:00,2.148,0.146,235.260,9.200,0.000,2.000,17.0
2008-01-07,07:41:00,2.440,0.140,234.680,10.400,0.000,1.000,17.0
2008-01-07,07:42:00,2.572,0.136,233.710,11.000,0.000,1.000,17.0
2008-01-07,07:43:00,2.588,0.144,235.190,11.000,0.000,1.000,17.0
2008-01-07,07:44:00,2.540,0.000,237.320,10.600,0.000,1.000,17.0
2008-01-07,07:45:00,2.716,0.058,237.440,11.400,0.000,0.000,17.0
2008-01-07,07:46:00,3.486,0.000,238.010,14.600,0.000,0.000,18.0
2008-01-07,07:47:00,3.728,0.080,237.200,15.600,0.000,0.000,17.0
2008-01-07,07:48:00,3.776,0.076,236.220,16.000,0.000,0.000,17.0
2008-01-07,07:49:00,3.798,0.074,235.370,16.000,0.000,0.000,17.0
2008-01-07,07:50:00,3.824,0.074,235.720,16.200,0.000,0.000,17.0
2008-01-07,07:51:00,3.818,0.076,236.170,16.200,0.000,0.000,17.0
2008-01-07,07:52:00,3.842,0.072,235.960,16.200,0.000,0.000,17.0
2008-01-07,07:53:00,3.924,0.072,235.650,16.600,0.000,0.000,17.0
2008-01-07,07:54:00,3.900,0.072,235.690,16.400,0.000,0.000,18.0
2008-01-07,07:55:00,4.310,0.082,234.460,18.600,0.000,0.000,16.0
2008-01-07,07:56:00,4.888,0.090,234.390,20.800,0.000,0.000,17.0
2008-01-07,07:57:00,4.684,0.092,234.970,19.800,0.000,0.000,17.0
2008-01-07,07:58:00,5.438,0.090,235.900,23.200,0.000,0.000,17.0
2008-01-07,07:59:00,5.864,0.086,234.940,24.800,0.000,0.000,17.0
2008-01-07,08:00:00,4.594,0.088,236.640,20.000,0.000,0.000,17.0
2008-01-07,08:01:00,3.260,0.084,237.140,13.600,0.000,0.000,18.0
2008-01-07,08:02:00,3.174,0.048,236.300,13.400,0.000,0.000,17.0
2008-01-07,08:03:00,2.764,0.000,237.050,11.600,0.000,0.000,17.0
2008-01-07,08:04:00,2.868,0.000,237.120,12.000,0.000,0.000,17.0
2008-01-07,08:05:00,2.650,0.000,237.600,11.200,0.000,0.000,18.0
2008-01-07,08:06:00,2.716,0.056,238.700,11.400,0.000,0.000,17.0
2008-01-07,08:07:00,2.748,0.000,239.840,11.400,0.000,0.000,18.0
2008-01-07,08:08:00,2.924,0.070,237.950,12.200,1.000,0.000,17.0
2008-01-07,08:09:00,3.294,0.128,236.770,14.000,1.000,0.000,17.0
2008-01-07,08:10:00,2.996,0.058,238.130,12.600,1.000,0.000,18.0
2008-01-07,08:11:00,2.744,0.058,238.610,11.400,1.000,0.000,17.0
2008-01-07,08:12:00,2.798,0.146,237.720,11.800,1.000,0.000,18.0
2008-01-07,08:13:00,2.482,0.154,238.510,10.400,1.000,0.000,17.0
2008-01-07,08:14:00,2.226,0.258,239.430,9.400,2.000,0.000,18.0
2008-01-07,08:15:00,2.514,0.240,238.740,10.800,1.000,0.000,17.0
2008-01-07,08:16:00,2.118,0.240,239.110,8.800,1.000,0.000,18.0
2008-01-07,08:17:00,1.948,0.130,238.190,8.200,1.000,0.000,17.0
2008-01-07,08:18:00,2.150,0.054,237.970,9.000,1.000,0.000,17.0
2008-01-07,08:19:00,2.226,0.052,237.390,9.200,2.000,0.000,18.0
2008-01-07,08:20:00,2.228,0.052,237.740,9.200,1.000,0.000,17.0
2008-01-07,08:21:00,4.228,0.000,234.730,18.000,33.000,0.000,17.0
2008-01-07,08:22:00,4.138,0.000,235.190,17.600,37.000,0.000,17.0
2008-01-07,08:23:00,3.920,0.000,236.150,16.600,37.000,0.000,17.0
2008-01-07,08:24:00,3.846,0.000,235.440,16.200,37.000,0.000,17.0
2008-01-07,08:25:00,3.792,0.060,235.190,16.000,37.000,0.000,17.0
2008-01-07,08:26:00,4.088,0.056,235.070,17.400,37.000,0.000,17.0
2008-01-07,08:27:00,4.486,0.050,235.270,19.000,37.000,0.000,17.0
2008-01-07,08:28:00,4.680,0.000,235.390,19.800,37.000,0.000,17.0
2008-01-07,08:29:00,4.420,0.000,236.100,18.600,37.000,0.000,17.0
2008-01-07,08:30:00,4.656,0.062,235.870,19.800,37.000,0.000,17.0
2008-01-07,08:31:00,4.850,0.064,236.000,20.400,37.000,0.000,17.0
2008-01-07,08:32:00,4.974,0.060,235.450,21.000,37.000,0.000,17.0
2008-01-07,08:33:00,4.894,0.058,235.640,20.800,37.000,0.000,17.0
2008-01-07,08:34:00,2.836,0.074,237.240,12.000,2.000,0.000,18.0
2008-01-07,08:35:00,2.728,0.076,237.550,11.400,2.000,0.000,17.0
2008-01-07,08:36:00,2.172,0.096,238.730,9.000,1.000,0.000,18.0
2008-01-07,08:37:00,2.226,0.094,239.150,9.200,1.000,0.000,17.0
2008-01-07,08:38:00,2.312,0.092,238.730,9.800,1.000,0.000,18.0
2008-01-07,08:39:00,4.378,0.076,236.810,18.400,37.000,0.000,17.0
2008-01-07,08:40:00,4.380,0.076,236.910,18.400,37.000,0.000,17.0
2008-01-07,08:41:00,4.388,0.078,237.390,18.400,37.000,0.000,17.0
2008-01-07,08:42:00,4.420,0.080,238.350,18.400,38.000,0.000,18.0
2008-01-07,08:43:00,2.566,0.098,240.430,11.200,9.000,0.000,17.0
2008-01-07,08:44:00,1.648,0.100,240.710,7.000,1.000,0.000,18.0
2008-01-07,08:45:00,1.452,0.100,240.880,6.000,2.000,0.000,18.0
2008-01-07,08:46:00,1.460,0.102,241.540,6.000,1.000,0.000,18.0
2008-01-07,08:47:00,1.452,0.098,240.910,6.000,1.000,0.000,18.0
2008-01-07,08:48:00,1.374,0.000,241.250,5.600,1.000,0.000,18.0
2008-01-07,08:49:00,1.364,0.000,241.370,5.600,1.000,0.000,17.0
2008-01-07,08:50:00,1.428,0.000,240.920,5.800,2.000,0.000,18.0
2008-01-07,08:51:00,1.442,0.070,241.650,5.800,1.000,0.000,18.0
2008-01-07,08:52:00,1.446,0.072,241.880,6.000,1.000,0.000,18.0
2008-01-07,08:53:00,1.442,0.070,241.610,5.800,1.000,0.000,18.0
2008-01-07,08:54:00,1.446,0.072,242.050,5.800,2.000,0.000,18.0
2008-01-07,08:55:00,1.438,0.070,241.330,5.800,1.000,0.000,18.0
2008-01-07,08:56:00,1.422,0.066,239.980,5.800,1.000,0.000,18.0
2008-01-07,08:57:00,1.434,0.068,241.110,5.800,1.000,0.000,17.0
2008-01-07,08:58:00,1.432,0.070,241.220,5.800,2.000,0.000,18.0
2008-01-07,08:59:00,1.442,0.072,242.060,5.800,1.000,0.000,18.0
2008-01-07,09:00:00,1.442,0.072,242.210,5.800,1.000,0.000,18.0
2008-01-07,09:01:00,1.442,0.072,241.980,5.800,1.000,0.000,18.0
2008-01-07,09:02:00,1.444,0.074,242.480,5.800,2.000,0.000,18.0
2008-01-07,09:03:00,1.442,0.074,242.330,5.800,1.000,0.000,18.0
2008-01-07,09:04:00,1.382,0.000,242.360,5.600,1.000,0.000,18.0
2008-01-07,09:05:00,1.382,0.000,242.220,5.600,1.000,0.000,18.0
2008-01-07,09:06:00,1.372,0.000,242.150,5.600,2.000,0.000,18.0
2008-01-07,09:07:00,1.370,0.000,241.760,5.600,1.000,0.000,18.0
2008-01-07,09:08:00,1.372,0.000,242.140,5.600,1.000,0.000,18.0
2008-01-07,09:09:00,1.382,0.000,242.630,5.600,1.000,0.000,18.0
2008-01-07,09:10:00,1.382,0.000,242.380,5.600,2.000,0.000,18.0
2008-01-07,09:11:00,1.382,0.000,242.290,5.600,1.000,0.000,18.0
2008-01-07,09:12:00,1.372,0.000,241.420,5.600,1.000,0.000,18.0
2008-01-07,09:13:00,1.376,0.000,241.690,5.600,1.000,0.000,18.0
2008-01-07,09:14:00,1.366,0.000,241.580,5.600,2.000,0.000,18.0
2008-01-07,09:15:00,1.336,0.000,241.290,5.400,0.000,0.000,18.0
2008-01-07,09:16:00,1.334,0.000,241.320,5.400,1.000,0.000,18.0
2008-01-07,09:17:00,1.464,0.082,241.380,6.000,1.000,0.000,17.0
2008-01-07,09:18:00,1.474,0.106,240.760,6.000,2.000,0.000,18.0
2008-01-07,09:19:00,1.462,0.102,240.890,6.000,1.000,0.000,18.0
2008-01-07,09:20:00,1.470,0.102,241.650,6.000,1.000,0.000,18.0
2008-01-07,09:21:00,1.478,0.106,242.810,6.000,1.000,0.000,18.0
2008-01-07,09:22:00,1.472,0.104,242.070,6.000,1.000,0.000,18.0
2008-01-07,09:23:00,1.466,0.104,241.910,6.000,2.000,0.000,18.0
2008-01-07,09:24:00,1.472,0.132,241.990,6.000,1.000,0.000,18.0
2008-01-07,09:25:00,1.438,0.130,241.820,5.800,0.000,0.000,18.0
2008-01-07,09:26:00,1.470,0.112,241.400,6.000,2.000,0.000,18.0
2008-01-07,09:27:00,1.470,0.108,241.120,6.000,1.000,0.000,17.0
2008-01-07,09:28:00,1.472,0.106,242.240,6.000,1.000,0.000,19.0
2008-01-07,09:29:00,1.468,0.104,241.870,6.000,1.000,0.000,17.0
2008-01-07,09:30:00,1.456,0.102,241.000,6.000,1.000,0.000,18.0
2008-01-07,09:31:00,1.514,0.166,240.150,6.200,2.000,0.000,18.0
2008-01-07,09:32:00,1.518,0.200,239.990,6.200,1.000,0.000,18.0
2008-01-07,09:33:00,1.440,0.130,239.860,6.000,1.000,0.000,17.0
2008-01-07,09:34:00,1.384,0.086,239.250,5.800,0.000,0.000,18.0
2008-01-07,09:35:00,1.640,0.078,240.860,7.200,3.000,0.000,18.0
2008-01-07,09:36:00,3.628,0.050,239.060,15.000,38.000,0.000,17.0
2008-01-07,09:37:00,3.630,0.050,239.380,15.000,38.000,0.000,18.0
2008-01-07,09:38:00,3.628,0.050,239.330,15.000,38.000,0.000,17.0
2008-01-07,09:39:00,3.626,0.052,239.310,15.000,38.000,0.000,18.0
2008-01-07,09:40:00,3.624,0.052,239.060,15.000,38.000,0.000,17.0
2008-01-07,09:41:00,3.616,0.052,238.960,15.000,38.000,0.000,18.0
2008-01-07,09:42:00,3.618,0.052,239.010,15.000,38.000,0.000,17.0
2008-01-07,09:43:00,3.606,0.050,238.700,15.000,37.000,0.000,18.0
2008-01-07,09:44:00,3.556,0.000,238.270,14.800,38.000,0.000,17.0
2008-01-07,09:45:00,3.630,0.072,238.420,15.200,38.000,0.000,18.0
2008-01-07,09:46:00,3.600,0.068,238.200,15.000,37.000,1.000,17.0
2008-01-07,09:47:00,3.622,0.070,238.920,15.000,38.000,2.000,18.0
2008-01-07,09:48:00,3.624,0.070,239.140,15.000,38.000,1.000,17.0
2008-01-07,09:49:00,3.606,0.068,238.540,15.000,37.000,1.000,18.0
2008-01-07,09:50:00,3.488,0.070,238.490,14.600,38.000,2.000,17.0
2008-01-07,09:51:00,1.384,0.082,240.790,5.600,0.000,1.000,18.0
2008-01-07,09:52:00,1.364,0.078,240.160,5.600,0.000,2.000,18.0
2008-01-07,09:53:00,1.366,0.078,240.380,5.600,0.000,1.000,17.0
2008-01-07,09:54:00,1.370,0.088,239.860,5.600,0.000,1.000,18.0
2008-01-07,09:55:00,1.392,0.114,240.200,5.800,1.000,2.000,18.0
2008-01-07,09:56:00,1.376,0.084,240.120,5.600,0.000,1.000,17.0
2008-01-07,09:57:00,1.376,0.080,240.920,5.600,0.000,1.000,18.0
2008-01-07,09:58:00,1.374,0.078,240.760,5.600,0.000,2.000,18.0
2008-01-07,09:59:00,1.378,0.080,241.160,5.600,0.000,1.000,18.0
2008-01-07,10:00:00,1.384,0.082,241.860,5.600,0.000,1.000,18.0
2008-01-07,10:01:00,1.384,0.082,242.040,5.600,0.000,2.000,18.0
2008-01-07,10:02:00,1.420,0.124,241.120,5.800,0.000,1.000,18.0
2008-01-07,10:03:00,1.472,0.212,240.680,6.000,0.000,1.000,17.0
2008-01-07,10:04:00,1.488,0.228,241.720,6.200,0.000,2.000,18.0
2008-01-07,10:05:00,1.514,0.262,241.720,6.200,0.000,1.000,18.0
2008-01-07,10:06:00,1.430,0.150,241.020,5.800,0.000,1.000,18.0
2008-01-07,10:07:00,1.402,0.094,241.790,5.800,0.000,0.000,18.0
2008-01-07,10:08:00,1.388,0.090,240.620,5.800,0.000,0.000,18.0
2008-01-07,10:09:00,1.394,0.092,241.140,5.800,0.000,0.000,18.0
2008-01-07,10:10:00,1.404,0.094,241.700,5.800,0.000,0.000,17.0
2008-01-07,10:11:00,1.400,0.094,241.470,5.800,0.000,0.000,18.0
2008-01-07,10:12:00,1.462,0.164,240.980,6.000,0.000,0.000,18.0
2008-01-07,10:13:00,1.466,0.194,240.860,6.000,0.000,0.000,18.0
2008-01-07,10:14:00,1.466,0.196,241.130,6.000,0.000,0.000,18.0
2008-01-07,10:15:00,1.468,0.198,241.840,6.000,0.000,0.000,18.0
2008-01-07,10:16:00,1.462,0.196,241.430,6.000,0.000,0.000,18.0
2008-01-07,10:17:00,1.480,0.204,243.060,6.000,0.000,0.000,18.0
2008-01-07,10:18:00,1.454,0.164,243.510,6.000,0.000,0.000,18.0
2008-01-07,10:19:00,1.386,0.068,243.410,5.600,0.000,0.000,18.0
2008-01-07,10:20:00,1.380,0.066,242.930,5.600,0.000,0.000,18.0
2008-01-07,10:21:00,1.382,0.066,243.120,5.600,0.000,0.000,18.0
2008-01-07,10:22:00,1.370,0.064,242.090,5.600,0.000,0.000,18.0
2008-01-07,10:23:00,1.374,0.064,242.500,5.600,0.000,0.000,18.0
2008-01-07,10:24:00,1.380,0.066,242.970,5.600,0.000,0.000,18.0
2008-01-07,10:25:00,1.344,0.000,242.680,5.400,0.000,0.000,18.0
2008-01-07,10:26:00,1.310,0.000,242.840,5.400,0.000,0.000,18.0
2008-01-07,10:27:00,1.308,0.000,242.610,5.400,0.000,0.000,18.0
2008-01-07,10:28:00,1.314,0.000,243.220,5.400,0.000,0.000,19.0
2008-01-07,10:29:00,1.314,0.000,243.280,5.400,0.000,0.000,18.0
2008-01-07,10:30:00,1.306,0.000,242.620,5.400,0.000,0.000,18.0
2008-01-07,10:31:00,1.304,0.000,242.320,5.400,0.000,0.000,18.0
2008-01-07,10:32:00,1.300,0.000,241.960,5.200,0.000,0.000,18.0
2008-01-07,10:33:00,1.306,0.000,242.630,5.400,0.000,0.000,18.0
2008-01-07,10:34:00,1.304,0.000,242.430,5.400,0.000,0.000,18.0
2008-01-07,10:35:00,1.314,0.000,243.320,5.400,0.000,0.000,18.0
2008-01-07,10:36:00,1.310,0.000,242.920,5.400,0.000,0.000,18.0
2008-01-07,10:37:00,1.294,0.000,241.410,5.200,0.000,0.000,18.0
2008-01-07,10:38:00,1.294,0.000,241.320,5.200,0.000,0.000,18.0
2008-01-07,10:39:00,1.300,0.000,242.070,5.200,0.000,0.000,18.0
2008-01-07,10:40:00,1.310,0.000,242.860,5.400,0.000,0.000,18.0
2008-01-07,10:41:00,1.306,0.000,242.560,5.400,0.000,0.000,18.0
2008-01-07,10:42:00,1.298,0.000,241.810,5.200,0.000,0.000,18.0
2008-01-07,10:43:00,1.310,0.000,242.920,5.400,0.000,0.000,18.0
2008-01-07,10:44:00,1.316,0.000,243.580,5.400,0.000,0.000,18.0
2008-01-07,10:45:00,1.320,0.000,243.820,5.400,0.000,0.000,18.0
2008-01-07,10:46:00,1.320,0.000,243.890,5.400,0.000,0.000,19.0
2008-01-07,10:47:00,1.338,0.000,242.340,5.400,0.000,0.000,18.0
2008-01-07,10:48:00,1.416,0.096,242.450,5.800,0.000,0.000,18.0
2008-01-07,10:49:00,1.410,0.094,242.160,5.800,0.000,0.000,18.0
2008-01-07,10:50:00,1.406,0.094,242.070,5.800,0.000,0.000,17.0
2008-01-07,10:51:00,1.406,0.094,242.170,5.800,0.000,0.000,18.0
2008-01-07,10:52:00,1.400,0.092,241.650,5.800,0.000,0.000,18.0
2008-01-07,10:53:00,1.398,0.092,241.680,5.800,0.000,0.000,18.0
2008-01-07,10:54:00,1.482,0.190,241.270,6.200,0.000,0.000,18.0
2008-01-07,10:55:00,1.472,0.198,241.760,6.000,0.000,0.000,18.0
2008-01-07,10:56:00,1.462,0.194,240.780,6.000,0.000,0.000,18.0
2008-01-07,10:57:00,1.464,0.196,241.130,6.000,0.000,0.000,18.0
2008-01-07,10:58:00,1.472,0.200,242.240,6.000,0.000,0.000,18.0
2008-01-07,10:59:00,1.462,0.196,241.410,6.000,0.000,0.000,18.0
2008-01-07,11:00:00,1.464,0.198,241.770,6.000,0.000,0.000,17.0
2008-01-07,11:01:00,1.472,0.202,242.770,6.000,0.000,0.000,19.0
2008-01-07,11:02:00,1.476,0.204,243.180,6.000,0.000,0.000,18.0
2008-01-07,11:03:00,1.470,0.194,243.290,6.000,0.000,0.000,18.0
2008-01-07,11:04:00,1.380,0.066,243.010,5.600,0.000,0.000,18.0
2008-01-07,11:05:00,1.378,0.066,242.900,5.600,0.000,0.000,18.0
2008-01-07,11:06:00,1.364,0.046,242.880,5.600,0.000,0.000,18.0
2008-01-07,11:07:00,1.302,0.000,242.180,5.400,0.000,0.000,18.0
2008-01-07,11:08:00,1.310,0.000,242.920,5.400,0.000,0.000,18.0
2008-01-07,11:09:00,1.308,0.000,242.650,5.400,0.000,0.000,18.0
2008-01-07,11:10:00,1.310,0.000,242.930,5.400,0.000,0.000,18.0
2008-01-07,11:11:00,1.320,0.000,243.760,5.400,0.000,0.000,19.0
2008-01-07,11:12:00,1.322,0.000,243.980,5.400,0.000,0.000,18.0
2008-01-07,11:13:00,1.316,0.000,243.520,5.400,0.000,0.000,18.0
2008-01-07,11:14:00,1.306,0.000,242.600,5.400,0.000,0.000,18.0
2008-01-07,11:15:00,1.304,0.000,242.340,5.400,0.000,0.000,18.0
2008-01-07,11:16:00,1.312,0.000,242.980,5.400,0.000,0.000,18.0
2008-01-07,11:17:00,1.318,0.000,243.670,5.400,0.000,0.000,18.0
2008-01-07,11:18:00,1.310,0.000,242.940,5.400,0.000,0.000,18.0
2008-01-07,11:19:00,1.316,0.000,243.470,5.400,0.000,0.000,19.0
2008-01-07,11:20:00,1.318,0.000,243.680,5.400,0.000,0.000,18.0
2008-01-07,11:21:00,1.312,0.000,243.150,5.400,0.000,0.000,18.0
2008-01-07,11:22:00,1.308,0.000,242.650,5.400,0.000,0.000,18.0
2008-01-07,11:23:00,1.302,0.000,242.140,5.400,0.000,0.000,18.0
2008-01-07,11:24:00,1.294,0.000,241.310,5.200,0.000,0.000,18.0
2008-01-07,11:25:00,1.296,0.000,241.440,5.200,0.000,0.000,18.0
2008-01-07,11:26:00,1.300,0.000,241.900,5.200,0.000,0.000,18.0
2008-01-07,11:27:00,1.294,0.000,241.290,5.200,0.000,0.000,17.0
2008-01-07,11:28:00,1.300,0.000,242.000,5.400,0.000,0.000,18.0
2008-01-07,11:29:00,1.294,0.000,241.350,5.200,0.000,0.000,18.0
2008-01-07,11:30:00,1.294,0.000,241.310,5.200,0.000,0.000,18.0
2008-01-07,11:31:00,1.294,0.000,241.390,5.200,0.000,0.000,18.0
2008-01-07,11:32:00,1.318,0.000,240.820,5.400,0.000,0.000,18.0
2008-01-07,11:33:00,1.402,0.092,241.160,5.800,0.000,0.000,18.0
2008-01-07,11:34:00,1.402,0.092,241.310,5.800,0.000,0.000,17.0
2008-01-07,11:35:00,1.400,0.094,241.280,5.800,0.000,0.000,18.0
2008-01-07,11:36:00,1.490,0.192,241.760,6.200,0.000,0.000,18.0
2008-01-07,11:37:00,1.474,0.198,241.570,6.000,0.000,0.000,18.0
2008-01-07,11:38:00,1.478,0.200,241.990,6.000,0.000,0.000,18.0
2008-01-07,11:39:00,1.482,0.202,242.520,6.000,0.000,0.000,18.0
2008-01-07,11:40:00,1.468,0.198,241.470,6.000,0.000,0.000,18.0
2008-01-07,11:41:00,1.468,0.198,241.670,6.000,0.000,0.000,18.0
2008-01-07,11:42:00,1.474,0.202,242.390,6.000,0.000,0.000,18.0
2008-01-07,11:43:00,1.468,0.200,242.110,6.000,0.000,0.000,18.0
2008-01-07,11:44:00,1.472,0.202,242.590,6.000,0.000,0.000,18.0
2008-01-07,11:45:00,1.462,0.200,241.870,6.000,0.000,0.000,18.0
2008-01-07,11:46:00,1.470,0.202,242.520,6.000,0.000,0.000,18.0
2008-01-07,11:47:00,1.464,0.202,242.140,6.000,0.000,0.000,18.0
2008-01-07,11:48:00,1.390,0.094,241.800,5.600,0.000,0.000,18.0
2008-01-07,11:49:00,1.304,0.000,242.370,5.400,0.000,0.000,18.0
2008-01-07,11:50:00,1.300,0.000,241.910,5.200,0.000,0.000,18.0
2008-01-07,11:51:00,1.310,0.000,242.750,5.400,0.000,0.000,18.0
2008-01-07,11:52:00,1.304,0.000,242.280,5.400,0.000,0.000,18.0
2008-01-07,11:53:00,1.292,0.000,241.140,5.200,0.000,0.000,18.0
2008-01-07,11:54:00,1.304,0.000,242.320,5.400,0.000,0.000,18.0
2008-01-07,11:55:00,1.304,0.000,242.180,5.400,0.000,0.000,18.0
2008-01-07,11:56:00,1.292,0.000,241.140,5.200,0.000,0.000,17.0
2008-01-07,11:57:00,1.300,0.000,241.900,5.400,0.000,0.000,18.0
2008-01-07,11:58:00,1.312,0.000,242.900,5.400,0.000,0.000,19.0
2008-01-07,11:59:00,1.308,0.000,242.720,5.400,0.000,0.000,18.0
2008-01-07,12:00:00,1.312,0.000,242.950,5.400,0.000,0.000,18.0
2008-01-07,12:01:00,1.312,0.000,243.030,5.400,0.000,0.000,18.0
2008-01-07,12:02:00,1.308,0.000,242.610,5.400,0.000,0.000,18.0
2008-01-07,12:03:00,1.300,0.000,241.840,5.200,0.000,0.000,18.0
2008-01-07,12:04:00,1.300,0.000,241.830,5.200,0.000,0.000,18.0
2008-01-07,12:05:00,1.300,0.000,241.810,5.200,0.000,0.000,18.0
2008-01-07,12:06:00,1.294,0.000,241.290,5.200,0.000,0.000,17.0
2008-01-07,12:07:00,1.296,0.000,241.410,5.200,0.000,0.000,18.0
2008-01-07,12:08:00,1.328,0.000,242.030,5.400,0.000,0.000,18.0
2008-01-07,12:09:00,1.382,0.084,241.870,5.600,0.000,0.000,18.0
2008-01-07,12:10:00,1.392,0.086,242.660,5.600,0.000,1.000,18.0
2008-01-07,12:11:00,1.394,0.086,243.100,5.600,0.000,2.000,18.0
2008-01-07,12:12:00,1.382,0.082,241.770,5.600,0.000,1.000,18.0
2008-01-07,12:13:00,1.384,0.084,242.040,5.600,0.000,2.000,18.0
2008-01-07,12:14:00,1.386,0.084,242.230,5.600,0.000,1.000,18.0
2008-01-07,12:15:00,1.384,0.084,241.980,5.600,0.000,1.000,18.0
2008-01-07,12:16:00,1.388,0.084,242.420,5.600,0.000,2.000,18.0
2008-01-07,12:17:00,1.420,0.100,243.000,5.800,0.000,1.000,18.0
2008-01-07,12:18:00,1.570,0.318,240.900,6.600,0.000,2.000,18.0
2008-01-07,12:19:00,1.556,0.318,240.950,6.600,0.000,1.000,18.0
2008-01-07,12:20:00,1.554,0.318,241.050,6.400,0.000,1.000,18.0
2008-01-07,12:21:00,1.542,0.314,240.250,6.400,0.000,2.000,18.0
2008-01-07,12:22:00,1.532,0.310,239.630,6.400,0.000,1.000,17.0
2008-01-07,12:23:00,1.538,0.314,240.420,6.400,0.000,1.000,18.0
2008-01-07,12:24:00,1.532,0.314,240.240,6.400,0.000,2.000,18.0
2008-01-07,12:25:00,1.528,0.314,240.150,6.400,0.000,1.000,17.0
2008-01-07,12:26:00,1.538,0.318,241.240,6.400,0.000,1.000,18.0
2008-01-07,12:27:00,1.526,0.314,240.540,6.400,0.000,2.000,18.0
2008-01-07,12:28:00,1.526,0.316,240.710,6.400,0.000,1.000,18.0
2008-01-07,12:29:00,1.470,0.238,240.340,6.200,0.000,1.000,17.0
2008-01-07,12:30:00,1.404,0.126,240.770,5.800,0.000,1.000,18.0
2008-01-07,12:31:00,1.388,0.094,241.230,5.600,0.000,0.000,18.0
2008-01-07,12:32:00,1.392,0.094,241.640,5.600,0.000,0.000,18.0
2008-01-07,12:33:00,1.382,0.086,241.280,5.600,0.000,0.000,18.0
2008-01-07,12:34:00,1.294,0.000,241.160,5.200,0.000,0.000,18.0
2008-01-07,12:35:00,1.284,0.000,240.300,5.200,0.000,0.000,17.0
2008-01-07,12:36:00,1.292,0.000,240.980,5.200,0.000,0.000,18.0
2008-01-07,12:37:00,1.296,0.000,241.460,5.200,0.000,0.000,18.0
2008-01-07,12:38:00,1.292,0.000,240.980,5.200,0.000,0.000,18.0
2008-01-07,12:39:00,1.296,0.000,241.500,5.200,0.000,0.000,18.0
2008-01-07,12:40:00,1.298,0.000,241.750,5.200,0.000,0.000,18.0
2008-01-07,12:41:00,1.294,0.000,241.310,5.200,0.000,0.000,17.0
2008-01-07,12:42:00,1.296,0.000,241.440,5.200,0.000,0.000,18.0
2008-01-07,12:43:00,1.296,0.000,241.490,5.200,0.000,0.000,18.0
2008-01-07,12:44:00,1.292,0.000,241.080,5.200,0.000,0.000,18.0
2008-01-07,12:45:00,1.290,0.000,240.960,5.200,0.000,0.000,18.0
2008-01-07,12:46:00,1.296,0.000,241.380,5.200,0.000,0.000,18.0
2008-01-07,12:47:00,1.290,0.000,240.790,5.200,0.000,0.000,17.0
2008-01-07,12:48:00,1.294,0.000,241.200,5.200,0.000,0.000,18.0
2008-01-07,12:49:00,1.292,0.000,241.020,5.200,0.000,0.000,18.0
2008-01-07,12:50:00,1.294,0.000,241.210,5.200,0.000,0.000,18.0
2008-01-07,12:51:00,1.294,0.000,241.160,5.200,0.000,0.000,18.0
2008-01-07,12:52:00,1.292,0.000,241.080,5.200,0.000,0.000,18.0
2008-01-07,12:53:00,1.296,0.000,241.470,5.200,0.000,0.000,17.0
2008-01-07,12:54:00,1.296,0.000,241.470,5.200,0.000,0.000,18.0
2008-01-07,12:55:00,1.298,0.000,241.570,5.200,0.000,0.000,18.0
2008-01-07,12:56:00,1.298,0.000,241.710,5.200,0.000,0.000,18.0
2008-01-07,12:57:00,1.296,0.000,241.450,5.200,0.000,0.000,18.0
2008-01-07,12:58:00,1.294,0.000,241.330,5.200,0.000,0.000,18.0
2008-01-07,12:59:00,1.332,0.000,241.080,5.400,0.000,0.000,18.0
2008-01-07,13:00:00,1.360,0.062,240.440,5.600,0.000,0.000,17.0
2008-01-07,13:01:00,1.354,0.060,239.790,5.600,0.000,0.000,18.0
2008-01-07,13:02:00,1.356,0.060,240.120,5.600,0.000,0.000,18.0
2008-01-07,13:03:00,1.428,0.132,240.380,6.000,0.000,0.000,17.0
2008-01-07,13:04:00,1.464,0.192,240.070,6.000,0.000,0.000,18.0
2008-01-07,13:05:00,1.468,0.196,240.840,6.000,0.000,0.000,18.0
2008-01-07,13:06:00,1.458,0.194,240.180,6.000,0.000,0.000,18.0
2008-01-07,13:07:00,1.444,0.188,239.070,6.000,0.000,0.000,17.0
2008-01-07,13:08:00,1.450,0.192,239.780,6.000,0.000,0.000,18.0
2008-01-07,13:09:00,1.452,0.194,240.260,6.000,0.000,0.000,18.0
2008-01-07,13:10:00,1.406,0.130,240.020,5.800,0.000,0.000,17.0
2008-01-07,13:11:00,1.380,0.090,240.330,5.600,0.000,0.000,18.0
2008-01-07,13:12:00,0.320,0.108,242.260,1.400,0.000,0.000,1.0
2008-01-07,13:13:00,0.320,0.108,242.270,1.400,0.000,0.000,0.0
2008-01-07,13:14:00,0.318,0.106,241.850,1.400,0.000,0.000,0.0
2008-01-07,13:15:00,0.318,0.106,242.120,1.400,0.000,0.000,0.0
2008-01-07,13:16:00,0.316,0.106,241.940,1.400,0.000,0.000,0.0
2008-01-07,13:17:00,0.316,0.106,242.200,1.400,0.000,0.000,0.0
2008-01-07,13:18:00,0.316,0.108,242.680,1.400,0.000,0.000,0.0
2008-01-07,13:19:00,0.272,0.000,242.380,1.200,0.000,0.000,0.0
2008-01-07,13:20:00,0.222,0.000,242.820,0.800,0.000,0.000,0.0
2008-01-07,13:21:00,0.222,0.000,242.600,0.800,0.000,0.000,0.0
2008-01-07,13:22:00,0.220,0.000,241.990,0.800,0.000,0.000,0.0
2008-01-07,13:23:00,0.220,0.000,241.860,0.800,0.000,0.000,0.0
2008-01-07,13:24:00,0.220,0.000,241.740,0.800,0.000,0.000,0.0
2008-01-07,13:25:00,0.220,0.000,241.260,0.800,0.000,0.000,0.0
2008-01-07,13:26:00,0.220,0.000,241.620,0.800,0.000,0.000,0.0
2008-01-07,13:27:00,0.222,0.000,241.920,0.800,0.000,0.000,0.0
2008-01-07,13:28:00,0.220,0.000,241.630,0.800,0.000,0.000,0.0
2008-01-07,13:29:00,0.220,0.000,242.140,0.800,0.000,0.000,0.0
2008-01-07,13:30:00,0.220,0.000,241.800,0.800,0.000,0.000,0.0
2008-01-07,13:31:00,0.222,0.000,242.300,0.800,0.000,0.000,0.0
2008-01-07,13:32:00,0.222,0.000,242.310,0.800,0.000,0.000,0.0
2008-01-07,13:33:00,0.222,0.000,242.490,0.800,0.000,0.000,0.0
2008-01-07,13:34:00,0.222,0.000,242.450,0.800,0.000,0.000,0.0
2008-01-07,13:35:00,0.222,0.000,242.850,0.800,0.000,0.000,0.0
2008-01-07,13:36:00,0.222,0.000,242.640,0.800,0.000,0.000,0.0
2008-01-07,13:37:00,0.222,0.000,242.370,0.800,0.000,0.000,0.0
2008-01-07,13:38:00,0.220,0.000,242.050,0.800,0.000,0.000,0.0
2008-01-07,13:39:00,0.222,0.000,242.570,0.800,0.000,0.000,0.0
2008-01-07,13:40:00,0.222,0.000,242.930,0.800,0.000,0.000,0.0
2008-01-07,13:41:00,0.294,0.048,242.770,1.400,0.000,0.000,0.0
2008-01-07,13:42:00,0.300,0.080,243.460,1.200,0.000,0.000,0.0
2008-01-07,13:43:00,0.298,0.076,242.580,1.200,0.000,0.000,0.0
2008-01-07,13:44:00,0.296,0.074,241.180,1.200,0.000,0.000,0.0
2008-01-07,13:45:00,0.296,0.076,242.140,1.200,0.000,0.000,0.0
2008-01-07,13:46:00,0.294,0.074,241.640,1.200,0.000,0.000,0.0
2008-01-07,13:47:00,0.292,0.072,240.910,1.200,0.000,0.000,0.0
2008-01-07,13:48:00,0.316,0.090,242.410,1.400,0.000,0.000,0.0
2008-01-07,13:49:00,0.404,0.212,242.620,1.800,0.000,0.000,0.0
2008-01-07,13:50:00,0.404,0.216,243.350,1.800,0.000,0.000,0.0
2008-01-07,13:51:00,0.370,0.168,243.290,1.600,0.000,0.000,0.0
2008-01-07,13:52:00,0.328,0.108,242.940,1.400,0.000,0.000,0.0
2008-01-07,13:53:00,0.326,0.108,242.610,1.400,0.000,0.000,0.0
2008-01-07,13:54:00,0.324,0.108,242.600,1.400,0.000,0.000,0.0
2008-01-07,13:55:00,0.324,0.108,242.610,1.400,0.000,0.000,0.0
2008-01-07,13:56:00,0.322,0.108,242.640,1.400,0.000,0.000,0.0
2008-01-07,13:57:00,0.322,0.108,242.740,1.400,0.000,0.000,0.0
2008-01-07,13:58:00,0.324,0.112,243.810,1.400,0.000,0.000,0.0
2008-01-07,13:59:00,0.324,0.118,245.390,1.400,0.000,0.000,0.0
2008-01-07,14:00:00,0.324,0.118,245.090,1.400,0.000,0.000,0.0
2008-01-07,14:01:00,0.322,0.116,244.550,1.400,0.000,0.000,0.0
2008-01-07,14:02:00,0.320,0.114,244.000,1.400,0.000,0.000,0.0
2008-01-07,14:03:00,0.322,0.118,245.060,1.400,0.000,0.000,0.0
2008-01-07,14:04:00,0.288,0.068,244.350,1.200,0.000,0.000,0.0
2008-01-07,14:05:00,0.224,0.000,244.020,1.000,0.000,0.000,0.0
2008-01-07,14:06:00,0.224,0.000,243.990,1.000,0.000,0.000,0.0
2008-01-07,14:07:00,0.222,0.000,243.000,1.000,0.000,0.000,0.0
2008-01-07,14:08:00,0.222,0.000,242.920,1.000,0.000,0.000,0.0
2008-01-07,14:09:00,0.224,0.000,243.380,1.000,0.000,0.000,0.0
2008-01-07,14:10:00,0.230,0.000,243.610,1.000,0.000,0.000,0.0
2008-01-07,14:11:00,0.230,0.000,243.730,1.000,0.000,0.000,0.0
2008-01-07,14:12:00,0.230,0.000,243.440,1.000,0.000,0.000,0.0
2008-01-07,14:13:00,0.224,0.000,243.920,1.000,0.000,0.000,0.0
2008-01-07,14:14:00,0.222,0.000,243.560,0.800,0.000,0.000,0.0
2008-01-07,14:15:00,0.224,0.000,244.260,1.000,0.000,0.000,0.0
2008-01-07,14:16:00,0.226,0.000,244.850,1.000,0.000,0.000,0.0
2008-01-07,14:17:00,0.224,0.000,244.690,1.000,0.000,0.000,0.0
2008-01-07,14:18:00,0.226,0.000,245.260,1.000,0.000,0.000,0.0
2008-01-07,14:19:00,0.226,0.000,244.980,1.000,0.000,0.000,0.0
2008-01-07,14:20:00,0.224,0.000,244.510,1.000,0.000,0.000,0.0
2008-01-07,14:21:00,0.226,0.000,244.890,1.000,0.000,0.000,0.0
2008-01-07,14:22:00,0.226,0.000,244.930,1.000,0.000,0.000,0.0
2008-01-07,14:23:00,0.316,0.078,245.030,1.400,0.000,0.000,0.0
2008-01-07,14:24:00,0.304,0.084,244.940,1.200,0.000,0.000,0.0
2008-01-07,14:25:00,0.312,0.086,245.170,1.200,0.000,0.000,0.0
2008-01-07,14:26:00,0.310,0.086,244.960,1.200,0.000,0.000,0.0
2008-01-07,14:27:00,0.308,0.084,244.650,1.200,0.000,0.000,0.0
2008-01-07,14:28:00,0.306,0.084,244.470,1.200,0.000,0.000,0.0
2008-01-07,14:29:00,0.304,0.084,244.230,1.200,0.000,0.000,0.0
2008-01-07,14:30:00,0.296,0.084,244.500,1.200,0.000,0.000,0.0
2008-01-07,14:31:00,0.296,0.084,244.570,1.200,0.000,0.000,0.0
2008-01-07,14:32:00,0.392,0.210,244.300,1.800,0.000,0.000,0.0
2008-01-07,14:33:00,0.320,0.118,245.070,1.400,0.000,1.000,0.0
2008-01-07,14:34:00,0.410,0.216,244.710,2.000,0.000,2.000,0.0
2008-01-07,14:35:00,0.420,0.242,244.580,2.000,0.000,1.000,0.0
2008-01-07,14:36:00,0.418,0.244,245.060,2.000,0.000,1.000,0.0
2008-01-07,14:37:00,0.416,0.246,245.080,2.000,0.000,2.000,0.0
2008-01-07,14:38:00,0.416,0.246,245.330,2.000,0.000,1.000,0.0
2008-01-07,14:39:00,0.416,0.248,245.530,2.000,0.000,2.000,0.0
2008-01-07,14:40:00,0.422,0.252,246.230,2.000,0.000,1.000,0.0
2008-01-07,14:41:00,0.420,0.250,245.910,2.000,0.000,1.000,0.0
2008-01-07,14:42:00,0.416,0.244,244.720,2.000,0.000,2.000,0.0
2008-01-07,14:43:00,0.416,0.246,245.130,2.000,0.000,1.000,0.0
2008-01-07,14:44:00,0.412,0.242,244.360,1.800,0.000,2.000,0.0
2008-01-07,14:45:00,0.408,0.246,245.330,1.800,0.000,1.000,0.0
2008-01-07,14:46:00,0.404,0.246,245.390,1.800,0.000,1.000,0.0
2008-01-07,14:47:00,0.402,0.248,245.730,1.800,0.000,2.000,0.0
2008-01-07,14:48:00,0.402,0.250,246.120,1.800,0.000,1.000,0.0
2008-01-07,14:49:00,0.394,0.240,245.580,1.800,0.000,1.000,0.0
2008-01-07,14:50:00,0.304,0.106,245.740,1.200,0.000,2.000,0.0
2008-01-07,14:51:00,0.302,0.104,245.210,1.200,0.000,1.000,0.0
2008-01-07,14:52:00,0.302,0.102,244.860,1.200,0.000,1.000,0.0
2008-01-07,14:53:00,0.262,0.000,245.040,1.000,0.000,1.000,0.0
2008-01-07,14:54:00,0.226,0.000,245.180,1.000,0.000,0.000,0.0
2008-01-07,14:55:00,0.232,0.000,244.980,1.000,0.000,0.000,0.0
2008-01-07,14:56:00,0.230,0.000,244.460,1.000,0.000,0.000,0.0
2008-01-07,14:57:00,0.232,0.000,244.850,1.000,0.000,0.000,0.0
2008-01-07,14:58:00,0.230,0.000,244.260,1.000,0.000,0.000,0.0
2008-01-07,14:59:00,0.226,0.000,244.320,1.000,0.000,0.000,0.0
2008-01-07,15:00:00,0.224,0.000,244.710,1.000,0.000,0.000,0.0
2008-01-07,15:01:00,0.224,0.000,244.600,1.000,0.000,0.000,0.0
2008-01-07,15:02:00,0.226,0.000,245.960,1.000,0.000,0.000,0.0
2008-01-07,15:03:00,0.226,0.000,245.320,1.000,0.000,0.000,0.0
2008-01-07,15:04:00,0.272,0.000,244.350,1.200,0.000,0.000,0.0
2008-01-07,15:05:00,0.300,0.082,244.060,1.200,0.000,0.000,0.0
2008-01-07,15:06:00,0.300,0.080,243.440,1.200,0.000,0.000,0.0
2008-01-07,15:07:00,0.298,0.076,242.430,1.200,0.000,0.000,0.0
2008-01-07,15:08:00,0.298,0.078,242.820,1.200,0.000,0.000,0.0
2008-01-07,15:09:00,0.296,0.076,241.980,1.200,0.000,0.000,0.0
2008-01-07,15:10:00,0.300,0.076,242.250,1.200,0.000,0.000,0.0
2008-01-07,15:11:00,0.298,0.074,241.000,1.200,0.000,0.000,0.0
2008-01-07,15:12:00,0.296,0.074,241.430,1.200,0.000,0.000,0.0
2008-01-07,15:13:00,0.290,0.074,241.550,1.200,0.000,0.000,0.0
2008-01-07,15:14:00,0.282,0.064,240.950,1.200,0.000,0.000,0.0
2008-01-07,15:15:00,0.218,0.000,240.800,0.800,0.000,0.000,0.0
2008-01-07,15:16:00,0.218,0.000,241.610,0.800,0.000,0.000,0.0
2008-01-07,15:17:00,0.218,0.000,241.620,0.800,0.000,0.000,0.0
2008-01-07,15:18:00,0.218,0.000,241.380,0.800,0.000,0.000,0.0
2008-01-07,15:19:00,0.296,0.048,242.120,1.400,0.000,0.000,0.0
2008-01-07,15:20:00,0.330,0.104,241.750,1.400,0.000,0.000,0.0
2008-01-07,15:21:00,0.328,0.104,241.990,1.400,0.000,0.000,0.0
2008-01-07,15:22:00,0.326,0.104,241.780,1.400,0.000,0.000,0.0
2008-01-07,15:23:00,0.324,0.104,241.470,1.400,0.000,0.000,0.0
2008-01-07,15:24:00,0.324,0.104,241.550,1.400,0.000,0.000,0.0
2008-01-07,15:25:00,0.328,0.104,241.380,1.400,0.000,0.000,0.0
2008-01-07,15:26:00,0.324,0.102,241.320,1.400,0.000,0.000,0.0
2008-01-07,15:27:00,0.320,0.104,241.680,1.400,0.000,0.000,0.0
2008-01-07,15:28:00,0.320,0.108,242.600,1.400,0.000,0.000,0.0
2008-01-07,15:29:00,0.318,0.106,242.180,1.400,0.000,0.000,0.0
2008-01-07,15:30:00,0.316,0.104,241.660,1.400,0.000,0.000,0.0
2008-01-07,15:31:00,0.318,0.108,242.560,1.400,0.000,0.000,0.0
2008-01-07,15:32:00,0.316,0.108,242.660,1.400,0.000,0.000,0.0
2008-01-07,15:33:00,0.318,0.110,243.160,1.400,0.000,0.000,0.0
2008-01-07,15:34:00,0.316,0.108,242.630,1.400,0.000,0.000,0.0
2008-01-07,15:35:00,0.244,0.000,243.260,1.000,0.000,0.000,0.0
2008-01-07,15:36:00,0.222,0.000,242.960,0.800,0.000,0.000,0.0
2008-01-07,15:37:00,0.220,0.000,241.570,0.800,0.000,0.000,0.0
2008-01-07,15:38:00,0.220,0.000,241.570,0.800,0.000,0.000,0.0
2008-01-07,15:39:00,0.220,0.000,241.450,0.800,0.000,0.000,0.0
2008-01-07,15:40:00,0.222,0.000,242.710,0.800,0.000,0.000,0.0
2008-01-07,15:41:00,0.220,0.000,242.540,0.800,0.000,0.000,0.0
2008-01-07,15:42:00,0.222,0.000,243.200,0.800,0.000,0.000,0.0
2008-01-07,15:43:00,0.220,0.000,241.980,0.800,0.000,0.000,0.0
2008-01-07,15:44:00,0.220,0.000,241.590,0.800,0.000,0.000,0.0
2008-01-07,15:45:00,0.218,0.000,241.240,0.800,0.000,0.000,0.0
2008-01-07,15:46:00,0.236,0.000,242.180,1.200,0.000,0.000,0.0
2008-01-07,15:47:00,0.302,0.078,243.220,1.200,0.000,0.000,0.0
2008-01-07,15:48:00,0.298,0.078,242.810,1.200,0.000,0.000,0.0
2008-01-07,15:49:00,0.298,0.076,242.450,1.200,0.000,0.000,0.0
2008-01-07,15:50:00,0.296,0.074,241.530,1.200,0.000,0.000,0.0
2008-01-07,15:51:00,0.296,0.076,242.040,1.200,0.000,0.000,0.0
2008-01-07,15:52:00,0.294,0.074,241.580,1.200,0.000,0.000,0.0
2008-01-07,15:53:00,0.292,0.072,241.310,1.200,0.000,0.000,0.0
2008-01-07,15:54:00,0.292,0.072,241.330,1.200,0.000,0.000,0.0
2008-01-07,15:55:00,0.296,0.072,240.570,1.200,0.000,0.000,0.0
2008-01-07,15:56:00,0.296,0.072,240.830,1.200,0.000,0.000,0.0
2008-01-07,15:57:00,0.242,0.000,240.370,1.000,0.000,0.000,0.0
2008-01-07,15:58:00,0.218,0.000,240.960,0.800,0.000,0.000,0.0
2008-01-07,15:59:00,0.218,0.000,240.250,0.800,0.000,0.000,0.0
2008-01-07,16:00:00,0.218,0.000,240.970,0.800,0.000,0.000,0.0
2008-01-07,16:01:00,0.220,0.000,241.400,0.800,0.000,0.000,0.0
2008-01-07,16:02:00,0.220,0.000,241.780,0.800,0.000,0.000,0.0
2008-01-07,16:03:00,0.220,0.000,241.900,0.800,0.000,0.000,0.0
2008-01-07,16:04:00,0.298,0.048,241.300,1.400,0.000,0.000,0.0
2008-01-07,16:05:00,0.332,0.104,241.830,1.400,0.000,0.000,0.0
2008-01-07,16:06:00,0.326,0.100,240.720,1.400,0.000,0.000,0.0
2008-01-07,16:07:00,0.326,0.104,241.720,1.400,0.000,0.000,0.0
2008-01-07,16:08:00,0.326,0.104,241.960,1.400,0.000,0.000,0.0
2008-01-07,16:09:00,0.326,0.106,242.570,1.400,0.000,0.000,0.0
2008-01-07,16:10:00,0.332,0.108,242.840,1.400,0.000,0.000,0.0
2008-01-07,16:11:00,0.330,0.110,243.230,1.400,0.000,0.000,0.0
2008-01-07,16:12:00,0.330,0.112,244.030,1.400,0.000,0.000,0.0
2008-01-07,16:13:00,0.328,0.110,243.210,1.400,0.000,0.000,0.0
2008-01-07,16:14:00,0.326,0.108,242.930,1.400,0.000,0.000,0.0
2008-01-07,16:15:00,0.322,0.108,242.520,1.400,0.000,0.000,0.0
2008-01-07,16:16:00,0.318,0.110,243.460,1.400,0.000,0.000,0.0
2008-01-07,16:17:00,0.318,0.108,243.070,1.400,0.000,0.000,0.0
2008-01-07,16:18:00,0.316,0.110,243.150,1.400,0.000,0.000,0.0
2008-01-07,16:19:00,0.318,0.110,243.580,1.400,0.000,0.000,0.0
2008-01-07,16:20:00,0.242,0.000,243.660,1.000,0.000,0.000,0.0
2008-01-07,16:21:00,0.224,0.000,244.350,0.800,0.000,0.000,0.0
2008-01-07,16:22:00,0.222,0.000,243.720,0.800,0.000,0.000,0.0
2008-01-07,16:23:00,0.222,0.000,243.590,0.800,0.000,0.000,0.0
2008-01-07,16:24:00,0.222,0.000,242.650,0.800,0.000,0.000,0.0
2008-01-07,16:25:00,0.228,0.000,242.270,1.000,0.000,0.000,0.0
2008-01-07,16:26:00,0.226,0.000,241.600,1.000,0.000,0.000,0.0
2008-01-07,16:27:00,0.226,0.000,241.370,1.000,0.000,0.000,0.0
2008-01-07,16:28:00,0.226,0.000,241.750,1.000,0.000,0.000,0.0
2008-01-07,16:29:00,0.310,0.062,240.860,1.400,0.000,0.000,0.0
2008-01-07,16:30:00,0.302,0.076,242.110,1.200,0.000,0.000,0.0
2008-01-07,16:31:00,0.304,0.076,242.080,1.200,0.000,0.000,0.0
2008-01-07,16:32:00,0.304,0.076,241.890,1.200,0.000,0.000,0.0
2008-01-07,16:33:00,0.298,0.074,241.120,1.200,0.000,0.000,0.0
2008-01-07,16:34:00,0.292,0.074,241.210,1.200,0.000,0.000,0.0
2008-01-07,16:35:00,0.292,0.074,241.380,1.200,0.000,0.000,0.0
2008-01-07,16:36:00,0.290,0.074,241.270,1.200,0.000,0.000,0.0
2008-01-07,16:37:00,0.290,0.074,241.020,1.200,0.000,0.000,0.0
2008-01-07,16:38:00,0.288,0.072,240.910,1.200,0.000,0.000,0.0
2008-01-07,16:39:00,0.242,0.000,241.250,1.000,0.000,0.000,0.0
2008-01-07,16:40:00,0.224,0.000,240.580,1.000,0.000,0.000,0.0
2008-01-07,16:41:00,0.224,0.000,240.550,1.000,0.000,0.000,0.0
2008-01-07,16:42:00,0.224,0.000,240.680,1.000,0.000,0.000,0.0
2008-01-07,16:43:00,0.224,0.000,241.180,1.000,0.000,0.000,0.0
2008-01-07,16:44:00,0.224,0.000,240.980,1.000,0.000,0.000,0.0
2008-01-07,16:45:00,0.222,0.000,240.240,1.000,0.000,0.000,0.0
2008-01-07,16:46:00,0.224,0.000,241.220,1.000,0.000,0.000,0.0
2008-01-07,16:47:00,0.224,0.000,241.000,1.000,0.000,0.000,0.0
2008-01-07,16:48:00,0.224,0.000,241.390,1.000,0.000,0.000,0.0
2008-01-07,16:49:00,0.252,0.000,241.440,1.200,0.000,0.000,0.0
2008-01-07,16:50:00,0.330,0.106,241.910,1.400,0.000,0.000,0.0
2008-01-07,16:51:00,0.328,0.104,241.700,1.400,0.000,0.000,0.0
2008-01-07,16:52:00,0.328,0.110,243.220,1.400,0.000,0.000,0.0
2008-01-07,16:53:00,0.326,0.106,242.090,1.400,0.000,0.000,0.0
2008-01-07,16:54:00,0.326,0.108,242.540,1.400,0.000,0.000,0.0
2008-01-07,16:55:00,0.378,0.156,242.210,1.800,0.000,0.000,0.0
2008-01-07,16:56:00,0.408,0.224,240.740,1.800,0.000,1.000,0.0
2008-01-07,16:57:00,0.408,0.228,241.540,1.800,0.000,1.000,0.0
2008-01-07,16:58:00,0.404,0.222,240.580,1.800,0.000,1.000,0.0
2008-01-07,16:59:00,0.404,0.220,240.160,1.800,0.000,2.000,0.0
2008-01-07,17:00:00,0.400,0.216,238.910,1.800,0.000,1.000,0.0
2008-01-07,17:01:00,0.400,0.218,239.360,1.800,0.000,1.000,0.0
2008-01-07,17:02:00,0.400,0.216,239.040,1.800,0.000,2.000,0.0
2008-01-07,17:03:00,0.394,0.218,239.290,1.800,0.000,1.000,0.0
2008-01-07,17:04:00,0.394,0.220,239.850,1.800,0.000,2.000,0.0
2008-01-07,17:05:00,0.348,0.156,239.360,1.600,0.000,1.000,0.0
2008-01-07,17:06:00,0.298,0.088,239.680,1.200,0.000,1.000,0.0
2008-01-07,17:07:00,0.296,0.084,238.720,1.200,0.000,2.000,0.0
2008-01-07,17:08:00,0.296,0.086,239.290,1.200,0.000,1.000,0.0
2008-01-07,17:09:00,0.296,0.086,239.270,1.200,0.000,2.000,0.0
2008-01-07,17:10:00,0.300,0.084,238.720,1.200,0.000,1.000,0.0
2008-01-07,17:11:00,0.340,0.116,238.550,1.600,0.000,1.000,0.0
2008-01-07,17:12:00,0.374,0.186,238.740,1.600,0.000,2.000,0.0
2008-01-07,17:13:00,0.374,0.188,238.970,1.600,0.000,1.000,0.0
2008-01-07,17:14:00,0.370,0.184,237.850,1.600,0.000,1.000,0.0
2008-01-07,17:15:00,0.368,0.184,238.060,1.600,0.000,1.000,0.0
2008-01-07,17:16:00,0.360,0.182,237.610,1.600,0.000,2.000,0.0
2008-01-07,17:17:00,0.286,0.066,237.130,1.200,0.000,0.000,0.0
2008-01-07,17:18:00,0.284,0.064,237.630,1.200,0.000,0.000,0.0
2008-01-07,17:19:00,0.282,0.064,237.430,1.200,0.000,0.000,0.0
2008-01-07,17:20:00,0.284,0.066,238.060,1.200,0.000,0.000,0.0
2008-01-07,17:21:00,0.282,0.064,237.440,1.200,0.000,0.000,0.0
2008-01-07,17:22:00,0.230,0.000,236.830,1.000,0.000,0.000,0.0
2008-01-07,17:23:00,0.212,0.000,238.380,0.800,0.000,0.000,0.0
2008-01-07,17:24:00,0.214,0.000,238.250,0.800,0.000,0.000,0.0
2008-01-07,17:25:00,0.220,0.000,238.160,1.000,0.000,0.000,0.0
2008-01-07,17:26:00,0.220,0.000,238.310,1.000,0.000,0.000,0.0
2008-01-07,17:27:00,0.214,0.000,238.600,0.800,0.000,0.000,0.0
2008-01-07,17:28:00,0.214,0.000,238.870,0.800,0.000,0.000,0.0
2008-01-07,17:29:00,0.272,0.000,238.780,1.200,0.000,0.000,0.0
2008-01-07,17:30:00,0.730,0.000,239.550,3.600,0.000,0.000,0.0
2008-01-07,17:31:00,1.088,0.000,238.780,5.200,0.000,0.000,0.0
2008-01-07,17:32:00,0.646,0.000,238.960,3.000,0.000,0.000,0.0
2008-01-07,17:33:00,0.568,0.000,238.490,2.400,0.000,0.000,0.0
2008-01-07,17:34:00,0.650,0.000,238.000,3.000,0.000,0.000,0.0
2008-01-07,17:35:00,0.830,0.088,238.580,4.000,0.000,0.000,0.0
2008-01-07,17:36:00,0.710,0.088,238.170,3.200,0.000,0.000,0.0
2008-01-07,17:37:00,0.554,0.090,238.110,2.400,0.000,0.000,0.0
2008-01-07,17:38:00,0.586,0.088,237.820,2.400,0.000,0.000,0.0
2008-01-07,17:39:00,0.664,0.088,238.120,2.800,0.000,0.000,0.0
2008-01-07,17:40:00,0.666,0.090,239.160,2.800,0.000,0.000,0.0
2008-01-07,17:41:00,0.664,0.090,238.750,2.800,0.000,0.000,0.0
2008-01-07,17:42:00,0.664,0.090,239.210,2.800,0.000,0.000,0.0
2008-01-07,17:43:00,0.660,0.088,238.400,2.800,0.000,0.000,0.0
2008-01-07,17:44:00,0.660,0.090,238.980,2.800,0.000,0.000,0.0
2008-01-07,17:45:00,0.660,0.090,239.170,2.800,0.000,0.000,0.0
2008-01-07,17:46:00,0.656,0.088,238.330,2.800,0.000,0.000,0.0
2008-01-07,17:47:00,0.658,0.088,238.680,2.800,0.000,0.000,0.0
2008-01-07,17:48:00,0.654,0.086,238.000,2.800,0.000,0.000,0.0
2008-01-07,17:49:00,0.654,0.088,238.340,2.800,0.000,0.000,0.0
2008-01-07,17:50:00,0.644,0.050,237.820,2.800,0.000,0.000,0.0
2008-01-07,17:51:00,0.636,0.056,237.520,2.600,0.000,0.000,0.0
2008-01-07,17:52:00,0.636,0.058,237.820,2.600,0.000,0.000,0.0
2008-01-07,17:53:00,0.638,0.060,238.540,2.600,0.000,0.000,0.0
2008-01-07,17:54:00,0.638,0.058,238.410,2.600,0.000,0.000,0.0
2008-01-07,17:55:00,0.636,0.058,238.170,2.600,0.000,0.000,0.0
2008-01-07,17:56:00,0.634,0.058,238.070,2.600,0.000,0.000,0.0
2008-01-07,17:57:00,0.634,0.058,238.520,2.600,0.000,0.000,0.0
2008-01-07,17:58:00,0.634,0.060,238.830,2.600,0.000,0.000,0.0
2008-01-07,17:59:00,0.632,0.058,238.300,2.600,0.000,0.000,0.0
2008-01-07,18:00:00,0.632,0.058,238.240,2.600,0.000,0.000,0.0
2008-01-07,18:01:00,0.628,0.056,237.430,2.600,0.000,0.000,0.0
2008-01-07,18:02:00,0.566,0.000,238.170,2.400,0.000,0.000,0.0
2008-01-07,18:03:00,0.562,0.000,238.220,2.400,0.000,0.000,0.0
2008-01-07,18:04:00,0.566,0.000,238.950,2.400,0.000,0.000,0.0
2008-01-07,18:05:00,0.566,0.000,238.780,2.400,0.000,0.000,0.0
2008-01-07,18:06:00,0.566,0.000,238.840,2.400,0.000,0.000,0.0
2008-01-07,18:07:00,0.568,0.000,239.450,2.400,0.000,0.000,0.0
2008-01-07,18:08:00,0.562,0.000,237.880,2.400,0.000,0.000,0.0
2008-01-07,18:09:00,0.562,0.000,238.030,2.400,0.000,0.000,0.0
2008-01-07,18:10:00,0.558,0.000,237.050,2.200,0.000,0.000,0.0
2008-01-07,18:11:00,0.558,0.000,237.180,2.200,0.000,0.000,0.0
2008-01-07,18:12:00,0.558,0.000,237.000,2.200,0.000,0.000,0.0
2008-01-07,18:13:00,0.558,0.000,236.780,2.200,0.000,0.000,0.0
2008-01-07,18:14:00,0.558,0.000,237.100,2.200,0.000,0.000,0.0
2008-01-07,18:15:00,0.558,0.000,237.090,2.200,0.000,0.000,0.0
2008-01-07,18:16:00,0.560,0.000,237.360,2.400,0.000,0.000,0.0
2008-01-07,18:17:00,0.560,0.000,237.440,2.400,0.000,0.000,0.0
2008-01-07,18:18:00,0.562,0.000,237.810,2.400,0.000,0.000,0.0
2008-01-07,18:19:00,0.580,0.000,237.720,2.400,0.000,0.000,0.0
2008-01-07,18:20:00,0.674,0.088,238.430,2.800,0.000,0.000,0.0
2008-01-07,18:21:00,0.670,0.086,237.960,2.800,0.000,0.000,0.0
2008-01-07,18:22:00,0.664,0.084,237.290,2.800,0.000,0.000,0.0
2008-01-07,18:23:00,0.670,0.086,237.150,2.800,0.000,0.000,0.0
2008-01-07,18:24:00,0.666,0.084,236.950,2.800,0.000,0.000,0.0
2008-01-07,18:25:00,0.656,0.080,236.150,2.800,0.000,0.000,0.0
2008-01-07,18:26:00,0.656,0.082,236.550,2.800,0.000,0.000,0.0
2008-01-07,18:27:00,0.658,0.086,237.570,2.800,0.000,0.000,0.0
2008-01-07,18:28:00,1.056,0.092,237.160,4.400,0.000,0.000,0.0
2008-01-07,18:29:00,0.654,0.084,237.040,2.800,0.000,0.000,0.0
2008-01-07,18:30:00,0.652,0.082,236.530,2.800,0.000,0.000,0.0
2008-01-07,18:31:00,0.872,0.084,235.710,3.800,0.000,0.000,0.0
2008-01-07,18:32:00,0.914,0.090,237.460,4.000,0.000,0.000,0.0
2008-01-07,18:33:00,0.648,0.082,235.990,2.600,0.000,0.000,0.0
2008-01-07,18:34:00,0.700,0.128,236.890,3.000,0.000,0.000,0.0
2008-01-07,18:35:00,0.708,0.156,236.930,3.000,0.000,0.000,0.0
2008-01-07,18:36:00,0.634,0.056,236.990,2.600,0.000,0.000,0.0
2008-01-07,18:37:00,0.642,0.060,238.900,2.600,0.000,0.000,0.0
2008-01-07,18:38:00,0.646,0.060,238.400,2.600,0.000,0.000,0.0
2008-01-07,18:39:00,0.642,0.058,238.190,2.600,0.000,0.000,0.0
2008-01-07,18:40:00,0.636,0.058,237.220,2.600,0.000,0.000,0.0
2008-01-07,18:41:00,0.642,0.060,238.660,2.600,0.000,0.000,0.0
2008-01-07,18:42:00,0.640,0.068,237.690,2.600,0.000,0.000,0.0
2008-01-07,18:43:00,0.722,0.258,236.790,3.200,0.000,0.000,0.0
2008-01-07,18:44:00,0.776,0.250,237.870,3.400,0.000,0.000,0.0
2008-01-07,18:45:00,1.698,0.096,237.390,7.200,0.000,0.000,0.0
2008-01-07,18:46:00,1.338,0.000,238.230,5.600,0.000,0.000,0.0
2008-01-07,18:47:00,1.424,0.000,237.440,6.000,0.000,0.000,0.0
2008-01-07,18:48:00,1.910,0.000,237.500,8.000,0.000,0.000,0.0
2008-01-07,18:49:00,2.104,0.000,236.250,8.800,0.000,0.000,0.0
2008-01-07,18:50:00,2.106,0.000,236.490,8.800,0.000,0.000,0.0
2008-01-07,18:51:00,2.010,0.000,237.120,8.400,0.000,0.000,0.0
2008-01-07,18:52:00,1.782,0.000,236.040,7.400,0.000,0.000,0.0
2008-01-07,18:53:00,1.796,0.000,236.750,7.600,0.000,0.000,0.0
2008-01-07,18:54:00,1.800,0.000,236.920,7.600,0.000,0.000,0.0
2008-01-07,18:55:00,1.792,0.000,236.490,7.600,0.000,0.000,0.0
2008-01-07,18:56:00,1.788,0.000,236.150,7.400,0.000,0.000,0.0
2008-01-07,18:57:00,1.790,0.000,236.220,7.400,0.000,0.000,0.0
2008-01-07,18:58:00,1.778,0.000,235.340,7.400,0.000,0.000,0.0
2008-01-07,18:59:00,1.776,0.000,235.230,7.400,0.000,0.000,0.0
2008-01-07,19:00:00,1.798,0.000,237.160,7.600,0.000,0.000,0.0
2008-01-07,19:01:00,1.782,0.000,236.240,7.400,0.000,0.000,0.0
2008-01-07,19:02:00,1.790,0.000,236.910,7.400,0.000,0.000,0.0
2008-01-07,19:03:00,1.786,0.000,236.640,7.400,0.000,0.000,0.0
2008-01-07,19:04:00,1.782,0.000,236.200,7.400,0.000,0.000,0.0
2008-01-07,19:05:00,1.892,0.088,235.890,8.000,0.000,0.000,0.0
2008-01-07,19:06:00,1.882,0.094,235.730,8.000,0.000,0.000,0.0
2008-01-07,19:07:00,1.884,0.096,236.070,8.000,0.000,0.000,0.0
2008-01-07,19:08:00,1.884,0.094,235.690,8.000,0.000,0.000,0.0
2008-01-07,19:09:00,2.094,0.158,236.680,8.800,0.000,0.000,0.0
2008-01-07,19:10:00,2.464,0.286,236.970,10.400,0.000,0.000,0.0
2008-01-07,19:11:00,2.436,0.276,236.040,10.400,0.000,0.000,0.0
2008-01-07,19:12:00,2.444,0.274,236.700,10.400,0.000,0.000,0.0
2008-01-07,19:13:00,2.424,0.264,235.700,10.200,0.000,0.000,0.0
2008-01-07,19:14:00,2.438,0.282,235.330,10.400,0.000,0.000,0.0
2008-01-07,19:15:00,1.802,0.356,236.080,7.800,0.000,0.000,0.0
2008-01-07,19:16:00,1.654,0.352,236.610,7.000,0.000,0.000,0.0
2008-01-07,19:17:00,1.640,0.346,235.670,7.000,0.000,0.000,0.0
2008-01-07,19:18:00,1.640,0.344,235.720,7.000,0.000,0.000,0.0
2008-01-07,19:19:00,1.670,0.366,235.860,7.200,0.000,0.000,0.0
2008-01-07,19:20:00,1.688,0.432,234.750,7.400,0.000,0.000,0.0
2008-01-07,19:21:00,1.628,0.332,236.180,7.000,0.000,1.000,0.0
2008-01-07,19:22:00,1.618,0.330,235.580,7.000,0.000,2.000,0.0
2008-01-07,19:23:00,1.628,0.330,235.870,7.000,0.000,1.000,0.0
2008-01-07,19:24:00,1.612,0.324,234.450,7.000,0.000,2.000,0.0
2008-01-07,19:25:00,1.624,0.326,235.180,7.000,0.000,1.000,0.0
2008-01-07,19:26:00,1.624,0.326,235.490,7.000,0.000,1.000,0.0
2008-01-07,19:27:00,1.622,0.328,235.930,7.000,0.000,2.000,0.0
2008-01-07,19:28:00,1.622,0.328,236.090,7.000,0.000,1.000,0.0
2008-01-07,19:29:00,1.582,0.300,236.260,6.800,0.000,2.000,0.0
2008-01-07,19:30:00,1.402,0.172,237.000,5.800,0.000,1.000,0.0
2008-01-07,19:31:00,1.332,0.074,236.310,5.600,0.000,1.000,0.0
2008-01-07,19:32:00,1.334,0.074,236.700,5.600,0.000,2.000,0.0
2008-01-07,19:33:00,1.334,0.074,236.670,5.600,0.000,1.000,0.0
2008-01-07,19:34:00,1.332,0.074,236.710,5.600,0.000,1.000,0.0
2008-01-07,19:35:00,1.336,0.074,237.330,5.600,0.000,2.000,0.0
2008-01-07,19:36:00,1.330,0.074,236.540,5.600,0.000,1.000,0.0
2008-01-07,19:37:00,1.330,0.074,236.820,5.600,0.000,1.000,0.0
2008-01-07,19:38:00,1.326,0.072,236.360,5.600,0.000,1.000,0.0
2008-01-07,19:39:00,1.332,0.074,237.140,5.600,0.000,2.000,0.0
2008-01-07,19:40:00,1.332,0.074,237.100,5.600,0.000,1.000,0.0
2008-01-07,19:41:00,1.282,0.000,236.560,5.400,0.000,1.000,0.0
2008-01-07,19:42:00,1.254,0.000,236.800,5.200,0.000,0.000,0.0
2008-01-07,19:43:00,1.248,0.000,235.960,5.200,0.000,0.000,0.0
2008-01-07,19:44:00,1.256,0.000,236.500,5.200,0.000,0.000,0.0
2008-01-07,19:45:00,1.418,0.000,236.150,6.000,0.000,0.000,0.0
2008-01-07,19:46:00,1.894,0.000,236.510,8.000,0.000,0.000,0.0
2008-01-07,19:47:00,1.858,0.000,235.720,7.800,0.000,0.000,0.0
2008-01-07,19:48:00,1.856,0.000,235.680,7.800,0.000,0.000,0.0
2008-01-07,19:49:00,1.866,0.000,236.410,7.800,0.000,0.000,0.0
2008-01-07,19:50:00,2.110,0.086,235.780,9.000,0.000,0.000,0.0
2008-01-07,19:51:00,3.012,0.082,234.430,12.800,0.000,0.000,18.0
2008-01-07,19:52:00,3.012,0.080,233.830,12.800,0.000,0.000,17.0
2008-01-07,19:53:00,2.988,0.084,234.800,12.600,0.000,0.000,17.0
2008-01-07,19:54:00,3.256,0.082,235.610,13.800,0.000,0.000,18.0
2008-01-07,19:55:00,3.976,0.086,235.450,17.000,0.000,0.000,17.0
2008-01-07,19:56:00,3.846,0.112,235.570,16.400,0.000,0.000,17.0
2008-01-07,19:57:00,3.828,0.098,233.570,16.600,0.000,0.000,17.0
2008-01-07,19:58:00,3.346,0.108,234.770,14.200,0.000,0.000,17.0
2008-01-07,19:59:00,3.842,0.278,233.760,16.600,0.000,0.000,17.0
2008-01-07,20:00:00,3.838,0.350,233.940,16.600,0.000,0.000,16.0
2008-01-07,20:01:00,3.664,0.346,233.600,15.800,0.000,0.000,17.0
2008-01-07,20:02:00,3.588,0.358,235.210,15.200,0.000,0.000,17.0
2008-01-07,20:03:00,3.954,0.354,235.250,17.000,0.000,0.000,17.0
2008-01-07,20:04:00,3.566,0.342,235.220,15.200,0.000,0.000,17.0
2008-01-07,20:05:00,3.578,0.340,235.420,15.200,0.000,0.000,17.0
2008-01-07,20:06:00,3.472,0.232,235.190,14.800,0.000,0.000,17.0
2008-01-07,20:07:00,3.504,0.216,237.050,14.800,0.000,0.000,18.0
2008-01-07,20:08:00,3.432,0.186,235.640,14.600,0.000,0.000,17.0
2008-01-07,20:09:00,2.950,0.060,236.960,12.400,0.000,0.000,17.0
2008-01-07,20:10:00,2.992,0.064,238.510,12.400,0.000,0.000,17.0
2008-01-07,20:11:00,2.956,0.062,237.340,12.400,0.000,0.000,18.0
2008-01-07,20:12:00,2.944,0.060,236.760,12.400,0.000,0.000,17.0
2008-01-07,20:13:00,2.950,0.060,236.570,12.400,0.000,0.000,17.0
2008-01-07,20:14:00,2.910,0.000,236.340,12.200,0.000,0.000,17.0
2008-01-07,20:15:00,3.246,0.000,235.300,13.800,0.000,0.000,17.0
2008-01-07,20:16:00,3.386,0.000,236.520,14.200,0.000,0.000,17.0
2008-01-07,20:17:00,4.118,0.110,235.120,17.800,0.000,0.000,17.0
2008-01-07,20:18:00,3.766,0.000,235.360,16.200,0.000,0.000,17.0
2008-01-07,20:19:00,3.370,0.000,236.320,14.200,0.000,0.000,17.0
2008-01-07,20:20:00,3.346,0.000,236.310,14.000,0.000,0.000,18.0
2008-01-07,20:21:00,3.346,0.000,236.350,14.000,0.000,0.000,17.0
2008-01-07,20:22:00,3.308,0.000,234.790,14.000,0.000,0.000,17.0
2008-01-07,20:23:00,3.306,0.046,234.630,14.000,0.000,0.000,17.0
2008-01-07,20:24:00,3.110,0.000,233.190,13.200,0.000,0.000,16.0
2008-01-07,20:25:00,2.980,0.000,234.010,12.600,0.000,0.000,17.0
2008-01-07,20:26:00,3.360,0.048,233.920,14.200,0.000,0.000,17.0
2008-01-07,20:27:00,3.292,0.046,234.080,14.000,0.000,0.000,17.0
2008-01-07,20:28:00,3.404,0.050,234.460,14.600,0.000,0.000,17.0
2008-01-07,20:29:00,3.684,0.064,233.250,15.800,0.000,0.000,16.0
2008-01-07,20:30:00,3.756,0.000,234.450,16.000,0.000,0.000,17.0
2008-01-07,20:31:00,3.712,0.060,233.690,15.800,0.000,0.000,17.0
2008-01-07,20:32:00,3.738,0.062,234.930,15.800,0.000,0.000,17.0
2008-01-07,20:33:00,3.744,0.062,235.010,15.800,0.000,0.000,17.0
2008-01-07,20:34:00,3.710,0.068,237.500,15.600,0.000,0.000,17.0
2008-01-07,20:35:00,3.300,0.060,238.360,13.800,0.000,0.000,18.0
2008-01-07,20:36:00,3.454,0.068,237.890,14.400,0.000,0.000,17.0
2008-01-07,20:37:00,3.554,0.160,238.270,14.800,0.000,0.000,17.0
2008-01-07,20:38:00,3.530,0.158,237.520,14.800,0.000,0.000,18.0
2008-01-07,20:39:00,3.570,0.158,237.410,15.000,0.000,0.000,17.0
2008-01-07,20:40:00,3.576,0.156,237.120,15.000,0.000,0.000,17.0
2008-01-07,20:41:00,3.662,0.154,236.980,15.400,0.000,0.000,18.0
2008-01-07,20:42:00,3.518,0.160,237.560,14.800,0.000,0.000,17.0
2008-01-07,20:43:00,3.510,0.158,237.190,14.800,0.000,0.000,17.0
2008-01-07,20:44:00,3.480,0.156,237.050,14.600,0.000,0.000,17.0
2008-01-07,20:45:00,3.718,0.146,235.910,15.800,0.000,0.000,17.0
2008-01-07,20:46:00,3.374,0.128,235.560,14.400,0.000,0.000,17.0
2008-01-07,20:47:00,3.366,0.000,234.690,14.400,0.000,0.000,17.0
2008-01-07,20:48:00,3.266,0.000,234.780,13.800,0.000,0.000,17.0
2008-01-07,20:49:00,3.148,0.000,233.450,13.400,0.000,0.000,17.0
2008-01-07,20:50:00,3.102,0.054,233.710,13.200,0.000,0.000,17.0
2008-01-07,20:51:00,3.116,0.072,235.010,13.200,0.000,0.000,17.0
2008-01-07,20:52:00,3.104,0.072,234.380,13.200,0.000,0.000,17.0
2008-01-07,20:53:00,3.542,0.062,234.810,15.000,0.000,0.000,17.0
2008-01-07,20:54:00,3.216,0.074,234.580,13.600,0.000,0.000,16.0
2008-01-07,20:55:00,3.198,0.074,235.020,13.600,0.000,0.000,17.0
2008-01-07,20:56:00,3.198,0.074,235.620,13.600,0.000,0.000,17.0
2008-01-07,20:57:00,3.180,0.074,235.020,13.400,0.000,0.000,17.0
2008-01-07,20:58:00,3.164,0.074,234.360,13.400,0.000,0.000,17.0
2008-01-07,20:59:00,3.130,0.074,232.880,13.400,0.000,0.000,17.0
2008-01-07,21:00:00,3.156,0.074,234.150,13.400,0.000,0.000,17.0
2008-01-07,21:01:00,3.174,0.074,234.650,13.400,0.000,0.000,17.0
2008-01-07,21:02:00,3.178,0.072,235.040,13.400,0.000,0.000,17.0
2008-01-07,21:03:00,3.186,0.072,235.340,13.600,0.000,0.000,17.0
2008-01-07,21:04:00,3.160,0.074,234.030,13.400,0.000,0.000,16.0
2008-01-07,21:05:00,3.194,0.074,235.550,13.600,0.000,0.000,18.0
2008-01-07,21:06:00,3.192,0.074,235.430,13.600,0.000,0.000,17.0
2008-01-07,21:07:00,3.214,0.074,236.350,13.600,0.000,0.000,17.0
2008-01-07,21:08:00,3.206,0.074,235.830,13.600,0.000,0.000,17.0
2008-01-07,21:09:00,2.602,0.068,237.170,11.200,0.000,0.000,8.0
2008-01-07,21:10:00,2.372,0.066,237.010,10.000,0.000,0.000,0.0
2008-01-07,21:11:00,2.294,0.068,236.750,9.600,0.000,0.000,0.0
2008-01-07,21:12:00,2.298,0.066,237.300,9.600,0.000,0.000,0.0
2008-01-07,21:13:00,2.290,0.068,236.640,9.600,0.000,0.000,0.0
2008-01-07,21:14:00,2.282,0.068,236.650,9.600,0.000,0.000,0.0
2008-01-07,21:15:00,2.760,0.000,236.330,11.800,0.000,0.000,0.0
2008-01-07,21:16:00,2.898,0.070,236.600,12.200,0.000,0.000,0.0
2008-01-07,21:17:00,2.894,0.070,237.150,12.200,0.000,0.000,0.0
2008-01-07,21:18:00,2.330,0.060,237.430,9.800,0.000,0.000,0.0
2008-01-07,21:19:00,2.318,0.136,238.330,9.800,0.000,0.000,0.0
2008-01-07,21:20:00,2.316,0.160,237.980,9.800,0.000,0.000,0.0
2008-01-07,21:21:00,2.322,0.162,238.480,9.800,0.000,0.000,0.0
2008-01-07,21:22:00,2.312,0.160,237.730,9.800,0.000,0.000,0.0
2008-01-07,21:23:00,2.314,0.160,237.690,9.800,0.000,0.000,0.0
2008-01-07,21:24:00,2.306,0.158,237.460,9.800,0.000,0.000,0.0
2008-01-07,21:25:00,2.296,0.158,236.990,9.600,0.000,0.000,0.0
2008-01-07,21:26:00,2.300,0.160,237.420,9.600,0.000,0.000,0.0
2008-01-07,21:27:00,2.300,0.162,237.530,9.600,0.000,0.000,0.0
2008-01-07,21:28:00,2.324,0.164,238.270,9.800,0.000,0.000,0.0
2008-01-07,21:29:00,2.364,0.164,238.040,10.000,0.000,0.000,0.0
2008-01-07,21:30:00,2.364,0.158,238.710,10.000,0.000,0.000,0.0
2008-01-07,21:31:00,2.210,0.058,239.070,9.200,0.000,0.000,0.0
2008-01-07,21:32:00,2.220,0.062,239.740,9.200,0.000,0.000,0.0
2008-01-07,21:33:00,2.230,0.062,239.870,9.200,0.000,0.000,0.0
2008-01-07,21:34:00,2.304,0.062,240.140,9.600,0.000,0.000,0.0
2008-01-07,21:35:00,2.312,0.060,240.590,9.600,0.000,0.000,0.0
2008-01-07,21:36:00,2.298,0.062,239.770,9.600,0.000,0.000,0.0
2008-01-07,21:37:00,2.324,0.066,237.720,9.800,0.000,0.000,0.0
2008-01-07,21:38:00,2.080,0.064,236.910,8.800,0.000,0.000,0.0
2008-01-07,21:39:00,1.952,0.060,238.200,8.200,0.000,0.000,0.0
2008-01-07,21:40:00,1.940,0.060,238.600,8.200,0.000,0.000,0.0
2008-01-07,21:41:00,1.946,0.058,238.910,8.200,0.000,0.000,0.0
2008-01-07,21:42:00,2.032,0.000,239.350,8.600,0.000,0.000,0.0
2008-01-07,21:43:00,2.030,0.060,238.890,8.400,0.000,1.000,0.0
2008-01-07,21:44:00,2.030,0.060,239.130,8.400,0.000,1.000,0.0
2008-01-07,21:45:00,2.020,0.058,238.170,8.400,0.000,2.000,0.0
2008-01-07,21:46:00,2.018,0.056,238.490,8.400,0.000,1.000,0.0
2008-01-07,21:47:00,2.012,0.056,238.020,8.400,0.000,1.000,0.0
2008-01-07,21:48:00,2.022,0.058,238.810,8.400,0.000,2.000,0.0
2008-01-07,21:49:00,2.024,0.058,239.000,8.400,0.000,1.000,0.0
2008-01-07,21:50:00,2.026,0.058,239.150,8.400,0.000,1.000,0.0
2008-01-07,21:51:00,2.024,0.058,238.930,8.400,0.000,2.000,0.0
2008-01-07,21:52:00,2.016,0.056,238.100,8.400,0.000,1.000,0.0
2008-01-07,21:53:00,2.024,0.058,238.430,8.400,0.000,2.000,0.0
2008-01-07,21:54:00,2.026,0.058,238.390,8.400,0.000,1.000,0.0
2008-01-07,21:55:00,2.014,0.060,239.010,8.400,0.000,1.000,0.0
2008-01-07,21:56:00,1.648,0.066,239.040,7.000,0.000,2.000,0.0
2008-01-07,21:57:00,1.800,0.218,237.990,7.600,0.000,1.000,0.0
2008-01-07,21:58:00,1.620,0.082,237.860,6.800,0.000,1.000,0.0
2008-01-07,21:59:00,1.638,0.118,237.400,6.800,0.000,2.000,0.0
2008-01-07,22:00:00,1.700,0.200,238.220,7.200,0.000,1.000,0.0
2008-01-07,22:01:00,1.778,0.286,238.330,7.400,0.000,1.000,0.0
2008-01-07,22:02:00,1.800,0.302,238.730,7.600,0.000,1.000,0.0
2008-01-07,22:03:00,1.796,0.306,239.350,7.600,0.000,2.000,0.0
2008-01-07,22:04:00,1.710,0.202,239.180,7.200,0.000,0.000,0.0
2008-01-07,22:05:00,1.702,0.186,239.580,7.000,0.000,0.000,0.0
2008-01-07,22:06:00,1.840,0.184,238.900,7.600,0.000,0.000,0.0
2008-01-07,22:07:00,1.724,0.188,239.360,7.200,0.000,0.000,0.0
2008-01-07,22:08:00,1.690,0.186,238.520,7.000,0.000,0.000,0.0
2008-01-07,22:09:00,1.696,0.188,239.240,7.000,0.000,0.000,0.0
2008-01-07,22:10:00,1.746,0.210,239.100,7.200,0.000,0.000,0.0
2008-01-07,22:11:00,2.122,0.194,239.210,8.800,0.000,0.000,0.0
2008-01-07,22:12:00,2.196,0.192,239.420,9.200,0.000,0.000,0.0
2008-01-07,22:13:00,2.382,0.106,237.680,10.000,0.000,0.000,0.0
2008-01-07,22:14:00,1.898,0.098,238.720,7.800,0.000,0.000,0.0
2008-01-07,22:15:00,1.758,0.000,239.550,7.200,0.000,0.000,0.0
2008-01-07,22:16:00,1.786,0.000,240.150,7.400,0.000,0.000,0.0
2008-01-07,22:17:00,1.590,0.000,240.300,6.800,0.000,0.000,0.0
2008-01-07,22:18:00,0.974,0.000,240.900,4.000,0.000,0.000,0.0
2008-01-07,22:19:00,0.976,0.000,241.030,4.000,0.000,0.000,0.0
2008-01-07,22:20:00,1.282,0.000,241.350,5.600,0.000,0.000,3.0
2008-01-07,22:21:00,2.088,0.000,240.550,8.600,0.000,0.000,18.0
2008-01-07,22:22:00,2.066,0.000,240.010,8.600,0.000,0.000,19.0
2008-01-07,22:23:00,2.060,0.000,240.460,8.400,0.000,0.000,18.0
2008-01-07,22:24:00,2.050,0.000,240.320,8.400,0.000,0.000,18.0
2008-01-07,22:25:00,2.102,0.000,241.620,8.600,0.000,0.000,18.0
2008-01-07,22:26:00,2.180,0.000,241.900,9.000,0.000,0.000,18.0
2008-01-07,22:27:00,2.052,0.000,240.980,8.400,0.000,0.000,17.0
2008-01-07,22:28:00,2.078,0.000,240.810,8.600,0.000,0.000,18.0
2008-01-07,22:29:00,2.568,0.000,239.610,10.800,0.000,0.000,18.0
2008-01-07,22:30:00,2.930,0.000,239.530,12.200,0.000,0.000,18.0
2008-01-07,22:31:00,1.532,0.000,239.980,6.400,0.000,0.000,17.0
2008-01-07,22:32:00,1.520,0.000,240.370,6.200,0.000,0.000,18.0
2008-01-07,22:33:00,1.514,0.000,239.880,6.200,0.000,0.000,18.0
2008-01-07,22:34:00,1.658,0.000,239.180,6.800,0.000,0.000,17.0
2008-01-07,22:35:00,1.678,0.000,239.460,7.000,0.000,0.000,18.0
2008-01-07,22:36:00,1.638,0.000,239.160,6.800,0.000,0.000,17.0
2008-01-07,22:37:00,1.522,0.000,240.460,6.200,0.000,0.000,18.0
2008-01-07,22:38:00,1.570,0.000,239.850,6.400,0.000,0.000,18.0
2008-01-07,22:39:00,1.544,0.108,241.250,6.400,0.000,0.000,18.0
2008-01-07,22:40:00,1.524,0.106,240.780,6.200,0.000,0.000,17.0
2008-01-07,22:41:00,1.580,0.154,241.510,6.600,0.000,0.000,18.0
2008-01-07,22:42:00,1.602,0.212,241.240,6.600,0.000,0.000,18.0
2008-01-07,22:43:00,1.598,0.210,241.140,6.600,0.000,0.000,18.0
2008-01-07,22:44:00,1.604,0.212,241.670,6.600,0.000,0.000,18.0
2008-01-07,22:45:00,1.596,0.212,241.280,6.600,0.000,0.000,18.0
2008-01-07,22:46:00,1.596,0.212,241.440,6.600,0.000,0.000,18.0
2008-01-07,22:47:00,1.588,0.210,240.930,6.600,0.000,0.000,17.0
2008-01-07,22:48:00,1.600,0.214,242.140,6.600,0.000,0.000,18.0
2008-01-07,22:49:00,1.596,0.214,242.070,6.600,0.000,0.000,18.0
2008-01-07,22:50:00,1.596,0.216,242.110,6.600,0.000,0.000,18.0
2008-01-07,22:51:00,1.602,0.218,242.790,6.600,0.000,0.000,18.0
2008-01-07,22:52:00,1.554,0.152,242.180,6.400,0.000,0.000,18.0
2008-01-07,22:53:00,1.532,0.112,242.660,6.200,0.000,0.000,19.0
2008-01-07,22:54:00,1.526,0.096,243.250,6.200,0.000,0.000,18.0
2008-01-07,22:55:00,1.452,0.000,243.910,5.800,0.000,0.000,18.0
2008-01-07,22:56:00,1.442,0.000,242.960,5.800,0.000,0.000,18.0
2008-01-07,22:57:00,1.438,0.000,242.680,5.800,0.000,0.000,18.0
2008-01-07,22:58:00,1.420,0.000,242.060,5.800,0.000,0.000,18.0
2008-01-07,22:59:00,1.348,0.050,242.400,5.400,0.000,0.000,18.0
2008-01-07,23:00:00,1.354,0.050,243.000,5.400,0.000,0.000,18.0
2008-01-07,23:01:00,1.350,0.050,242.640,5.400,0.000,0.000,18.0
2008-01-07,23:02:00,1.350,0.050,242.720,5.400,0.000,0.000,18.0
2008-01-07,23:03:00,1.348,0.052,242.360,5.400,0.000,0.000,18.0
2008-01-07,23:04:00,1.356,0.050,243.160,5.600,0.000,0.000,18.0
2008-01-07,23:05:00,1.352,0.050,242.870,5.400,0.000,0.000,18.0
2008-01-07,23:06:00,1.352,0.050,242.810,5.400,0.000,0.000,19.0
2008-01-07,23:07:00,1.356,0.050,243.230,5.600,0.000,0.000,18.0
2008-01-07,23:08:00,1.346,0.052,242.290,5.400,0.000,0.000,18.0
2008-01-07,23:09:00,1.354,0.050,242.950,5.400,0.000,0.000,18.0
2008-01-07,23:10:00,1.352,0.050,242.880,5.400,0.000,0.000,18.0
2008-01-07,23:11:00,1.362,0.050,243.710,5.600,0.000,0.000,18.0
2008-01-07,23:12:00,1.362,0.050,243.750,5.600,0.000,0.000,18.0
2008-01-07,23:13:00,1.368,0.050,244.270,5.600,0.000,0.000,19.0
2008-01-07,23:14:00,1.364,0.050,243.930,5.600,0.000,0.000,18.0
2008-01-07,23:15:00,1.358,0.050,243.440,5.600,0.000,0.000,18.0
2008-01-07,23:16:00,1.350,0.052,242.670,5.400,0.000,0.000,18.0
2008-01-07,23:17:00,1.346,0.052,242.240,5.400,0.000,0.000,18.0
2008-01-07,23:18:00,1.348,0.052,242.350,5.400,0.000,0.000,18.0
2008-01-07,23:19:00,1.340,0.054,241.640,5.400,0.000,0.000,18.0
2008-01-07,23:20:00,1.338,0.054,241.410,5.400,0.000,0.000,18.0
2008-01-07,23:21:00,1.304,0.052,241.740,5.400,0.000,0.000,18.0
2008-01-07,23:22:00,1.302,0.052,242.220,5.400,0.000,0.000,18.0
2008-01-07,23:23:00,1.402,0.050,242.760,5.800,0.000,0.000,18.0
2008-01-07,23:24:00,1.416,0.084,242.790,5.800,0.000,0.000,18.0
2008-01-07,23:25:00,1.470,0.112,243.310,6.000,0.000,0.000,18.0
2008-01-07,23:26:00,1.534,0.190,243.050,6.200,0.000,0.000,18.0
2008-01-07,23:27:00,1.528,0.188,242.690,6.200,0.000,0.000,18.0
2008-01-07,23:28:00,1.526,0.188,242.590,6.200,0.000,0.000,18.0
2008-01-07,23:29:00,1.520,0.186,242.090,6.200,0.000,0.000,18.0
2008-01-07,23:30:00,1.528,0.190,242.980,6.200,0.000,0.000,18.0
2008-01-07,23:31:00,1.512,0.184,241.810,6.200,0.000,0.000,18.0
2008-01-07,23:32:00,1.512,0.186,242.050,6.200,0.000,0.000,18.0
2008-01-07,23:33:00,1.514,0.188,242.450,6.200,0.000,0.000,18.0
2008-01-07,23:34:00,1.514,0.188,242.500,6.200,0.000,0.000,18.0
2008-01-07,23:35:00,1.496,0.164,242.310,6.200,0.000,0.000,18.0
2008-01-07,23:36:00,1.442,0.082,242.430,5.800,0.000,0.000,18.0
2008-01-07,23:37:00,1.446,0.084,242.680,5.800,0.000,0.000,18.0
2008-01-07,23:38:00,1.424,0.056,242.180,5.800,0.000,0.000,18.0
2008-01-07,23:39:00,1.362,0.052,243.320,5.600,0.000,0.000,18.0
2008-01-07,23:40:00,1.350,0.052,242.350,5.600,0.000,0.000,18.0
2008-01-07,23:41:00,1.356,0.052,242.860,5.600,0.000,0.000,19.0
2008-01-07,23:42:00,1.352,0.052,242.510,5.600,0.000,0.000,18.0
2008-01-07,23:43:00,1.338,0.054,241.090,5.400,0.000,0.000,17.0
2008-01-07,23:44:00,1.348,0.052,242.060,5.400,0.000,0.000,18.0
2008-01-07,23:45:00,1.344,0.054,241.580,5.400,0.000,0.000,18.0
2008-01-07,23:46:00,1.350,0.052,242.160,5.400,0.000,0.000,18.0
2008-01-07,23:47:00,1.344,0.054,241.640,5.400,0.000,0.000,18.0
2008-01-07,23:48:00,1.350,0.052,242.190,5.600,0.000,0.000,18.0
2008-01-07,23:49:00,1.350,0.052,242.280,5.600,0.000,0.000,18.0
2008-01-07,23:50:00,1.356,0.052,242.780,5.600,0.000,0.000,18.0
2008-01-07,23:51:00,1.352,0.052,242.350,5.600,0.000,0.000,18.0
2008-01-07,23:52:00,1.354,0.052,242.650,5.600,0.000,0.000,18.0
2008-01-07,23:53:00,1.362,0.052,243.270,5.600,0.000,0.000,18.0
2008-01-07,23:54:00,1.368,0.050,243.830,5.600,0.000,0.000,19.0
2008-01-07,23:55:00,1.416,0.052,244.110,5.800,0.000,0.000,18.0
2008-01-07,23:56:00,1.434,0.052,243.640,5.800,0.000,0.000,18.0
2008-01-07,23:57:00,1.356,0.048,244.580,5.400,0.000,0.000,18.0
2008-01-07,23:58:00,1.330,0.048,244.600,5.400,0.000,0.000,19.0
2008-01-07,23:59:00,1.348,0.050,244.310,5.400,0.000,0.000,18.0
