Date,Time,Global_active_power,Global_reactive_power,Voltage,Global_intensity,Sub_metering_1,Sub_metering_2,Sub_metering_3
2008-11-27,00:00:00,0.294,0.052,246.170,1.200,0.000,0.000,0.0
2008-11-27,00:01:00,0.292,0.052,245.600,1.200,0.000,0.000,0.0
2008-11-27,00:02:00,0.290,0.050,245.320,1.200,0.000,0.000,0.0
2008-11-27,00:03:00,0.344,0.106,244.940,1.600,0.000,0.000,0.0
2008-11-27,00:04:00,0.396,0.188,244.460,1.800,0.000,0.000,0.0
2008-11-27,00:05:00,0.390,0.184,243.870,1.800,0.000,0.000,0.0
2008-11-27,00:06:00,0.388,0.184,243.800,1.800,0.000,0.000,0.0
2008-11-27,00:07:00,0.388,0.186,244.040,1.800,0.000,0.000,0.0
2008-11-27,00:08:00,0.386,0.186,244.210,1.600,0.000,0.000,0.0
2008-11-27,00:09:00,0.386,0.188,244.710,1.600,0.000,0.000,0.0
2008-11-27,00:10:00,0.362,0.154,245.200,1.600,0.000,0.000,0.0
2008-11-27,00:11:00,0.314,0.082,244.920,1.200,0.000,0.000,0.0
2008-11-27,00:12:00,0.394,0.076,243.350,2.400,0.000,0.000,0.0
2008-11-27,00:13:00,2.046,0.058,242.880,8.400,0.000,0.000,0.0
2008-11-27,00:14:00,1.886,0.060,243.120,7.600,0.000,0.000,0.0
2008-11-27,00:15:00,1.866,0.060,243.040,7.600,0.000,0.000,0.0
2008-11-27,00:16:00,1.852,0.058,242.530,7.600,0.000,0.000,0.0
2008-11-27,00:17:00,1.534,0.064,243.240,6.400,0.000,0.000,0.0
2008-11-27,00:18:00,1.366,0.066,243.450,5.600,0.000,0.000,0.0
2008-11-27,00:19:00,1.446,0.156,243.510,6.000,0.000,0.000,0.0
2008-11-27,00:20:00,1.460,0.194,243.930,6.000,0.000,1.000,0.0
2008-11-27,00:21:00,0.596,0.206,244.740,3.000,0.000,1.000,0.0
2008-11-27,00:22:00,0.390,0.206,244.310,1.800,0.000,2.000,0.0
2008-11-27,00:23:00,0.330,0.114,244.460,1.400,0.000,1.000,0.0
2008-11-27,00:24:00,0.298,0.068,244.570,1.200,0.000,2.000,0.0
2008-11-27,00:25:00,0.300,0.068,244.650,1.200,0.000,1.000,0.0
2008-11-27,00:26:00,0.298,0.068,244.590,1.200,0.000,1.000,0.0
2008-11-27,00:27:00,0.300,0.070,245.290,1.200,0.000,2.000,0.0
2008-11-27,00:28:00,0.298,0.070,245.190,1.200,0.000,1.000,0.0
2008-11-27,00:29:00,0.298,0.068,244.810,1.200,0.000,2.000,0.0
2008-11-27,00:30:00,0.298,0.070,245.390,1.200,0.000,1.000,0.0
2008-11-27,00:31:00,0.298,0.070,245.110,1.200,0.000,1.000,0.0
2008-11-27,00:32:00,0.296,0.068,244.940,1.200,0.000,2.000,0.0
2008-11-27,00:33:00,0.296,0.068,245.010,1.200,0.000,1.000,0.0
2008-11-27,00:34:00,1.120,0.060,244.660,6.000,0.000,2.000,0.0
2008-11-27,00:35:00,1.922,0.048,243.620,7.800,0.000,1.000,0.0
2008-11-27,00:36:00,1.866,0.050,243.950,7.600,0.000,1.000,0.0
2008-11-27,00:37:00,1.858,0.050,244.220,7.600,0.000,1.000,0.0
2008-11-27,00:38:00,1.758,0.050,243.710,7.200,0.000,2.000,0.0
2008-11-27,00:39:00,1.344,0.056,244.190,5.400,0.000,1.000,0.0
2008-11-27,00:40:00,1.352,0.054,243.830,5.400,0.000,1.000,0.0
2008-11-27,00:41:00,1.356,0.054,243.780,5.400,0.000,2.000,0.0
2008-11-27,00:42:00,1.316,0.000,243.760,5.400,0.000,0.000,0.0
2008-11-27,00:43:00,0.578,0.060,244.430,3.000,0.000,0.000,0.0
2008-11-27,00:44:00,0.262,0.000,244.710,1.200,0.000,0.000,0.0
2008-11-27,00:45:00,0.290,0.050,245.130,1.200,0.000,0.000,0.0
2008-11-27,00:46:00,0.290,0.052,245.430,1.200,0.000,0.000,0.0
2008-11-27,00:47:00,0.292,0.054,246.310,1.200,0.000,0.000,0.0
2008-11-27,00:48:00,0.292,0.054,246.170,1.200,0.000,0.000,0.0
2008-11-27,00:49:00,0.290,0.054,246.160,1.200,0.000,0.000,0.0
2008-11-27,00:50:00,0.290,0.054,246.700,1.200,0.000,0.000,0.0
2008-11-27,00:51:00,0.288,0.054,246.790,1.200,0.000,0.000,0.0
2008-11-27,00:52:00,0.288,0.054,246.810,1.200,0.000,0.000,0.0
2008-11-27,00:53:00,0.286,0.054,246.600,1.200,0.000,0.000,0.0
2008-11-27,00:54:00,0.390,0.166,244.650,1.800,0.000,0.000,0.0
2008-11-27,00:55:00,0.364,0.144,243.930,1.600,0.000,0.000,0.0
2008-11-27,00:56:00,0.730,0.076,243.800,4.400,0.000,0.000,0.0
2008-11-27,00:57:00,1.978,0.058,242.170,8.000,0.000,0.000,0.0
2008-11-27,00:58:00,1.878,0.060,242.390,7.600,0.000,0.000,0.0
2008-11-27,00:59:00,1.870,0.062,242.980,7.600,0.000,0.000,0.0
2008-11-27,01:00:00,1.860,0.062,242.680,7.600,0.000,0.000,0.0
2008-11-27,01:01:00,1.452,0.066,243.170,6.000,0.000,0.000,0.0
2008-11-27,01:02:00,1.380,0.070,244.250,5.600,0.000,0.000,0.0
2008-11-27,01:03:00,1.380,0.068,243.930,5.600,0.000,0.000,0.0
2008-11-27,01:04:00,1.384,0.070,244.320,5.600,0.000,0.000,0.0
2008-11-27,01:05:00,0.746,0.078,244.890,3.600,0.000,0.000,0.0
2008-11-27,01:06:00,0.310,0.084,245.150,1.200,0.000,0.000,0.0
2008-11-27,01:07:00,0.310,0.084,245.430,1.200,0.000,0.000,0.0
2008-11-27,01:08:00,0.310,0.086,245.700,1.200,0.000,0.000,0.0
2008-11-27,01:09:00,0.310,0.084,245.590,1.200,0.000,0.000,0.0
2008-11-27,01:10:00,0.308,0.082,244.760,1.200,0.000,0.000,0.0
2008-11-27,01:11:00,0.308,0.080,244.520,1.200,0.000,0.000,0.0
2008-11-27,01:12:00,0.268,0.000,244.600,1.200,0.000,0.000,0.0
2008-11-27,01:13:00,0.210,0.060,242.680,0.800,0.000,0.000,0.0
2008-11-27,01:14:00,0.208,0.062,241.280,0.800,0.000,0.000,0.0
2008-11-27,01:15:00,0.206,0.062,240.950,0.800,0.000,0.000,0.0
2008-11-27,01:16:00,0.208,0.062,241.590,0.800,0.000,0.000,0.0
2008-11-27,01:17:00,0.208,0.060,241.700,0.800,0.000,0.000,0.0
2008-11-27,01:18:00,0.250,0.060,241.750,1.600,0.000,0.000,0.0
2008-11-27,01:19:00,1.922,0.078,239.950,8.000,0.000,0.000,0.0
2008-11-27,01:20:00,1.768,0.076,241.150,7.200,0.000,0.000,0.0
2008-11-27,01:21:00,1.748,0.076,241.270,7.200,0.000,0.000,0.0
2008-11-27,01:22:00,1.738,0.076,240.760,7.200,0.000,0.000,0.0
2008-11-27,01:23:00,1.458,0.074,241.110,6.000,0.000,0.000,0.0
2008-11-27,01:24:00,1.250,0.072,241.250,5.200,0.000,0.000,0.0
2008-11-27,01:25:00,1.256,0.072,241.020,5.200,0.000,0.000,0.0
2008-11-27,01:26:00,1.156,0.072,241.250,4.800,0.000,0.000,0.0
2008-11-27,01:27:00,0.208,0.060,242.400,0.800,0.000,0.000,0.0
2008-11-27,01:28:00,0.210,0.060,242.760,0.800,0.000,0.000,0.0
2008-11-27,01:29:00,0.208,0.060,242.350,0.800,0.000,0.000,0.0
2008-11-27,01:30:00,0.210,0.060,242.660,0.800,0.000,0.000,0.0
2008-11-27,01:31:00,0.264,0.000,242.710,1.200,0.000,0.000,0.0
2008-11-27,01:32:00,0.286,0.000,242.780,1.200,0.000,0.000,0.0
2008-11-27,01:33:00,0.286,0.000,242.040,1.200,0.000,0.000,0.0
2008-11-27,01:34:00,0.286,0.000,242.210,1.200,0.000,0.000,0.0
2008-11-27,01:35:00,0.286,0.000,242.820,1.200,0.000,0.000,0.0
2008-11-27,01:36:00,0.286,0.046,243.130,1.200,0.000,0.000,0.0
2008-11-27,01:37:00,0.284,0.046,243.470,1.200,0.000,0.000,0.0
2008-11-27,01:38:00,0.284,0.048,243.870,1.200,0.000,0.000,0.0
2008-11-27,01:39:00,0.282,0.046,243.770,1.200,0.000,0.000,0.0
2008-11-27,01:40:00,1.596,0.000,242.200,7.400,0.000,0.000,0.0
2008-11-27,01:41:00,1.856,0.000,241.710,7.600,0.000,0.000,0.0
2008-11-27,01:42:00,1.766,0.068,242.030,7.200,0.000,0.000,0.0
2008-11-27,01:43:00,1.760,0.076,242.490,7.200,0.000,0.000,0.0
2008-11-27,01:44:00,1.608,0.000,242.030,6.600,0.000,0.000,0.0
2008-11-27,01:45:00,1.370,0.064,242.570,5.600,0.000,0.000,0.0
2008-11-27,01:46:00,1.368,0.062,241.810,5.600,0.000,0.000,0.0
2008-11-27,01:47:00,1.368,0.062,241.720,5.600,0.000,0.000,0.0
2008-11-27,01:48:00,0.726,0.070,242.260,3.600,0.000,0.000,0.0
2008-11-27,01:49:00,0.314,0.076,242.920,1.200,0.000,0.000,0.0
2008-11-27,01:50:00,0.314,0.076,242.740,1.200,0.000,0.000,0.0
2008-11-27,01:51:00,0.312,0.076,242.810,1.200,0.000,0.000,0.0
2008-11-27,01:52:00,0.312,0.076,243.210,1.200,0.000,0.000,0.0
2008-11-27,01:53:00,0.312,0.078,243.420,1.200,0.000,0.000,0.0
2008-11-27,01:54:00,0.312,0.080,243.810,1.200,0.000,0.000,0.0
2008-11-27,01:55:00,0.310,0.080,243.660,1.200,0.000,0.000,0.0
2008-11-27,01:56:00,0.310,0.082,244.660,1.200,0.000,0.000,0.0
2008-11-27,01:57:00,0.312,0.086,245.770,1.200,0.000,0.000,0.0
2008-11-27,01:58:00,0.312,0.086,245.570,1.200,0.000,0.000,0.0
2008-11-27,01:59:00,0.310,0.086,245.460,1.200,0.000,0.000,0.0
2008-11-27,02:00:00,0.310,0.084,245.100,1.200,0.000,0.000,0.0
2008-11-27,02:01:00,0.794,0.076,244.290,4.800,0.000,0.000,0.0
2008-11-27,02:02:00,1.944,0.000,242.830,8.000,0.000,0.000,0.0
2008-11-27,02:03:00,1.778,0.074,242.680,7.200,0.000,0.000,0.0
2008-11-27,02:04:00,1.780,0.072,243.820,7.200,0.000,0.000,0.0
2008-11-27,02:05:00,1.786,0.072,244.720,7.200,0.000,0.000,0.0
2008-11-27,02:06:00,1.356,0.068,245.300,5.600,0.000,0.000,0.0
2008-11-27,02:07:00,1.292,0.066,245.430,5.200,0.000,0.000,0.0
2008-11-27,02:08:00,1.294,0.066,245.250,5.200,0.000,0.000,0.0
2008-11-27,02:09:00,1.300,0.066,245.780,5.200,0.000,0.000,0.0
2008-11-27,02:10:00,0.306,0.054,246.430,1.800,0.000,0.000,0.0
2008-11-27,02:11:00,0.216,0.054,246.270,0.800,0.000,0.000,0.0
2008-11-27,02:12:00,0.216,0.054,246.450,0.800,0.000,0.000,0.0
2008-11-27,02:13:00,0.216,0.054,246.350,0.800,0.000,0.000,0.0
2008-11-27,02:14:00,0.214,0.054,246.170,0.800,0.000,0.000,0.0
2008-11-27,02:15:00,0.214,0.054,246.150,0.800,0.000,0.000,0.0
2008-11-27,02:16:00,0.216,0.054,246.470,0.800,0.000,0.000,0.0
2008-11-27,02:17:00,0.214,0.054,245.790,0.800,0.000,0.000,0.0
2008-11-27,02:18:00,0.274,0.000,246.050,1.200,0.000,0.000,0.0
2008-11-27,02:19:00,0.292,0.054,246.440,1.200,0.000,0.000,0.0
2008-11-27,02:20:00,0.294,0.054,246.510,1.200,0.000,0.000,0.0
2008-11-27,02:21:00,0.294,0.054,246.610,1.200,0.000,0.000,0.0
2008-11-27,02:22:00,0.294,0.054,246.810,1.200,0.000,0.000,0.0
2008-11-27,02:23:00,0.922,0.046,246.100,5.200,0.000,0.000,0.0
2008-11-27,02:24:00,1.956,0.000,245.100,7.800,0.000,0.000,0.0
2008-11-27,02:25:00,1.872,0.000,244.710,7.600,0.000,0.000,0.0
2008-11-27,02:26:00,1.852,0.000,244.230,7.600,0.000,0.000,0.0
2008-11-27,02:27:00,1.830,0.000,243.880,7.400,0.000,0.000,0.0
2008-11-27,02:28:00,1.304,0.000,244.610,5.200,0.000,0.000,0.0
2008-11-27,02:29:00,1.290,0.068,244.980,5.200,0.000,0.000,0.0
2008-11-27,02:30:00,1.292,0.068,244.960,5.200,0.000,0.000,0.0
2008-11-27,02:31:00,1.288,0.068,244.400,5.200,0.000,0.000,0.0
2008-11-27,02:32:00,1.296,0.068,245.130,5.200,0.000,0.000,0.0
2008-11-27,02:33:00,1.298,0.068,245.390,5.200,0.000,0.000,0.0
2008-11-27,02:34:00,0.354,0.056,246.200,2.000,0.000,0.000,0.0
2008-11-27,02:35:00,0.216,0.052,246.960,0.800,0.000,0.000,0.0
2008-11-27,02:36:00,0.350,0.088,246.710,1.800,0.000,0.000,0.0
2008-11-27,02:37:00,0.412,0.214,245.980,1.800,0.000,1.000,0.0
2008-11-27,02:38:00,0.408,0.216,246.240,1.800,0.000,1.000,0.0
2008-11-27,02:39:00,0.408,0.218,246.700,1.800,0.000,2.000,0.0
2008-11-27,02:40:00,0.406,0.214,245.910,1.800,0.000,1.000,0.0
2008-11-27,02:41:00,0.404,0.210,245.000,1.800,0.000,2.000,0.0
2008-11-27,02:42:00,0.402,0.208,244.620,1.800,0.000,1.000,0.0
2008-11-27,02:43:00,0.402,0.210,245.150,1.800,0.000,1.000,0.0
2008-11-27,02:44:00,0.402,0.214,245.870,1.800,0.000,2.000,0.0
2008-11-27,02:45:00,0.398,0.208,244.740,1.800,0.000,1.000,0.0
2008-11-27,02:46:00,0.396,0.208,244.500,1.800,0.000,2.000,0.0
2008-11-27,02:47:00,0.394,0.204,243.960,1.800,0.000,1.000,0.0
2008-11-27,02:48:00,1.400,0.188,242.080,6.800,0.000,1.000,0.0
2008-11-27,02:49:00,1.988,0.182,242.250,8.200,0.000,2.000,0.0
2008-11-27,02:50:00,1.932,0.180,241.680,8.000,0.000,1.000,0.0
2008-11-27,02:51:00,1.918,0.180,241.350,7.800,0.000,2.000,0.0
2008-11-27,02:52:00,1.852,0.182,241.690,7.600,0.000,1.000,0.0
2008-11-27,02:53:00,1.418,0.186,242.110,5.800,0.000,1.000,0.0
2008-11-27,02:54:00,1.348,0.064,241.940,5.600,0.000,1.000,0.0
2008-11-27,02:55:00,1.342,0.050,242.060,5.400,0.000,2.000,0.0
2008-11-27,02:56:00,1.338,0.048,241.590,5.400,0.000,1.000,0.0
2008-11-27,02:57:00,1.332,0.048,241.100,5.400,0.000,1.000,0.0
2008-11-27,02:58:00,1.328,0.046,240.550,5.400,0.000,2.000,0.0
2008-11-27,02:59:00,0.560,0.052,241.440,3.000,0.000,1.000,0.0
2008-11-27,03:00:00,0.210,0.060,242.290,0.800,0.000,0.000,0.0
2008-11-27,03:01:00,0.210,0.060,242.410,0.800,0.000,0.000,0.0
2008-11-27,03:02:00,0.210,0.060,242.530,0.800,0.000,0.000,0.0
2008-11-27,03:03:00,0.210,0.060,242.440,0.800,0.000,0.000,0.0
2008-11-27,03:04:00,0.210,0.060,242.650,0.800,0.000,0.000,0.0
2008-11-27,03:05:00,0.208,0.060,242.150,0.800,0.000,0.000,0.0
2008-11-27,03:06:00,0.292,0.000,241.670,1.400,0.000,0.000,0.0
2008-11-27,03:07:00,0.286,0.000,241.780,1.200,0.000,0.000,0.0
2008-11-27,03:08:00,0.286,0.000,241.750,1.200,0.000,0.000,0.0
2008-11-27,03:09:00,0.288,0.000,242.510,1.200,0.000,0.000,0.0
2008-11-27,03:10:00,0.286,0.000,242.480,1.200,0.000,0.000,0.0
2008-11-27,03:11:00,0.284,0.000,242.590,1.200,0.000,0.000,0.0
2008-11-27,03:12:00,0.282,0.000,242.570,1.200,0.000,0.000,0.0
2008-11-27,03:13:00,1.172,0.000,241.920,6.200,0.000,0.000,0.0
2008-11-27,03:14:00,1.880,0.000,241.360,7.800,0.000,0.000,0.0
2008-11-27,03:15:00,1.812,0.000,241.420,7.400,0.000,0.000,0.0
2008-11-27,03:16:00,1.750,0.076,241.590,7.200,0.000,0.000,0.0
2008-11-27,03:17:00,1.710,0.076,241.270,7.000,0.000,0.000,0.0
2008-11-27,03:18:00,1.248,0.072,242.100,5.000,0.000,0.000,0.0
2008-11-27,03:19:00,1.260,0.072,241.680,5.200,0.000,0.000,0.0
2008-11-27,03:20:00,1.266,0.072,241.920,5.200,0.000,0.000,0.0
2008-11-27,03:21:00,0.218,0.058,242.860,1.000,0.000,0.000,0.0
2008-11-27,03:22:00,0.210,0.060,242.910,0.800,0.000,0.000,0.0
2008-11-27,03:23:00,0.210,0.060,242.620,0.800,0.000,0.000,0.0
2008-11-27,03:24:00,0.210,0.060,242.470,0.800,0.000,0.000,0.0
2008-11-27,03:25:00,0.210,0.060,242.240,0.800,0.000,0.000,0.0
2008-11-27,03:26:00,0.210,0.060,242.160,0.800,0.000,0.000,0.0
2008-11-27,03:27:00,0.210,0.058,242.720,0.800,0.000,0.000,0.0
2008-11-27,03:28:00,0.328,0.066,242.480,1.400,0.000,0.000,0.0
2008-11-27,03:29:00,0.320,0.074,242.070,1.400,0.000,0.000,0.0
2008-11-27,03:30:00,0.318,0.074,242.270,1.200,0.000,0.000,0.0
2008-11-27,03:31:00,0.318,0.076,242.840,1.200,0.000,0.000,0.0
2008-11-27,03:32:00,0.316,0.074,242.620,1.200,0.000,0.000,0.0
2008-11-27,03:33:00,0.314,0.072,241.940,1.200,0.000,0.000,0.0
2008-11-27,03:34:00,1.438,0.058,240.480,7.000,0.000,0.000,0.0
2008-11-27,03:35:00,1.878,0.054,240.110,7.800,0.000,0.000,0.0
2008-11-27,03:36:00,1.844,0.054,240.540,7.600,0.000,0.000,0.0
2008-11-27,03:37:00,1.834,0.054,240.510,7.600,0.000,0.000,0.0
2008-11-27,03:38:00,1.712,0.054,239.880,7.200,0.000,0.000,0.0
2008-11-27,03:39:00,1.332,0.058,240.370,5.400,0.000,0.000,0.0
2008-11-27,03:40:00,1.344,0.058,240.220,5.600,0.000,0.000,0.0
2008-11-27,03:41:00,1.344,0.058,240.250,5.600,0.000,0.000,0.0
2008-11-27,03:42:00,1.342,0.058,240.030,5.600,0.000,0.000,0.0
2008-11-27,03:43:00,1.344,0.058,240.200,5.600,0.000,0.000,0.0
2008-11-27,03:44:00,1.208,0.060,240.770,5.200,0.000,0.000,0.0
2008-11-27,03:45:00,0.242,0.000,243.060,1.000,0.000,0.000,0.0
2008-11-27,03:46:00,0.210,0.058,242.800,0.800,0.000,0.000,0.0
2008-11-27,03:47:00,0.208,0.060,241.970,0.800,0.000,0.000,0.0
2008-11-27,03:48:00,0.208,0.060,241.860,0.800,0.000,0.000,0.0
2008-11-27,03:49:00,0.208,0.062,240.940,0.800,0.000,0.000,0.0
2008-11-27,03:50:00,0.208,0.062,241.260,0.800,0.000,0.000,0.0
2008-11-27,03:51:00,0.208,0.060,241.200,0.800,0.000,0.000,0.0
2008-11-27,03:52:00,0.208,0.062,241.070,0.800,0.000,0.000,0.0
2008-11-27,03:53:00,0.208,0.062,241.250,0.800,0.000,0.000,0.0
2008-11-27,03:54:00,0.274,0.000,241.260,1.200,0.000,0.000,0.0
2008-11-27,03:55:00,0.284,0.000,241.200,1.200,0.000,0.000,0.0
2008-11-27,03:56:00,0.286,0.000,241.390,1.200,0.000,0.000,0.0
2008-11-27,03:57:00,0.286,0.000,241.310,1.200,0.000,0.000,0.0
2008-11-27,03:58:00,0.524,0.000,241.220,3.400,0.000,0.000,0.0
2008-11-27,03:59:00,1.948,0.000,239.960,8.000,0.000,0.000,0.0
2008-11-27,04:00:00,1.822,0.000,240.090,7.600,0.000,0.000,0.0
2008-11-27,04:01:00,1.804,0.000,240.140,7.400,0.000,0.000,0.0
2008-11-27,04:02:00,1.798,0.000,240.020,7.400,0.000,0.000,0.0
2008-11-27,04:03:00,1.438,0.000,240.590,6.000,0.000,0.000,0.0
2008-11-27,04:04:00,1.244,0.074,240.160,5.200,0.000,0.000,0.0
2008-11-27,04:05:00,1.026,0.070,241.110,4.600,0.000,0.000,0.0
2008-11-27,04:06:00,0.210,0.060,241.750,0.800,0.000,0.000,0.0
2008-11-27,04:07:00,0.210,0.060,241.770,0.800,0.000,0.000,0.0
2008-11-27,04:08:00,0.210,0.060,241.940,0.800,0.000,0.000,0.0
2008-11-27,04:09:00,0.210,0.060,242.200,0.800,0.000,0.000,0.0
2008-11-27,04:10:00,0.210,0.060,241.990,0.800,0.000,0.000,0.0
2008-11-27,04:11:00,0.210,0.060,241.920,0.800,0.000,0.000,0.0
2008-11-27,04:12:00,0.210,0.060,241.980,0.800,0.000,0.000,0.0
2008-11-27,04:13:00,0.210,0.060,241.950,0.800,0.000,0.000,0.0
2008-11-27,04:14:00,0.210,0.060,242.490,0.800,0.000,0.000,0.0
2008-11-27,04:15:00,0.210,0.060,242.720,0.800,0.000,0.000,0.0
2008-11-27,04:16:00,0.210,0.060,242.590,0.800,0.000,0.000,0.0
2008-11-27,04:17:00,0.210,0.060,242.390,0.800,0.000,0.000,0.0
2008-11-27,04:18:00,0.848,0.066,241.400,5.000,0.000,0.000,0.0
2008-11-27,04:19:00,1.864,0.000,240.070,7.800,0.000,0.000,0.0
2008-11-27,04:20:00,1.858,0.054,240.240,7.600,0.000,0.000,0.0
2008-11-27,04:21:00,1.844,0.054,240.120,7.600,0.000,0.000,0.0
2008-11-27,04:22:00,1.852,0.054,239.850,7.600,0.000,0.000,0.0
2008-11-27,04:23:00,1.360,0.060,240.090,5.600,0.000,0.000,0.0
2008-11-27,04:24:00,1.352,0.058,240.430,5.600,0.000,0.000,0.0
2008-11-27,04:25:00,1.360,0.060,240.920,5.600,0.000,0.000,0.0
2008-11-27,04:26:00,1.352,0.058,240.170,5.600,0.000,0.000,0.0
2008-11-27,04:27:00,1.362,0.060,241.360,5.600,0.000,0.000,0.0
2008-11-27,04:28:00,1.364,0.062,241.770,5.600,0.000,0.000,0.0
2008-11-27,04:29:00,0.754,0.070,242.500,3.800,0.000,0.000,0.0
2008-11-27,04:30:00,0.312,0.078,243.640,1.200,0.000,0.000,0.0
2008-11-27,04:31:00,0.310,0.080,243.740,1.200,0.000,0.000,0.0
2008-11-27,04:32:00,0.310,0.078,243.550,1.200,0.000,0.000,0.0
2008-11-27,04:33:00,0.310,0.080,243.720,1.200,0.000,0.000,0.0
2008-11-27,04:34:00,0.308,0.080,243.690,1.200,0.000,0.000,0.0
2008-11-27,04:35:00,0.308,0.080,243.750,1.200,0.000,0.000,0.0
2008-11-27,04:36:00,0.272,0.000,244.120,1.200,0.000,0.000,0.0
2008-11-27,04:37:00,0.214,0.056,244.820,0.800,0.000,0.000,0.0
2008-11-27,04:38:00,0.212,0.058,243.620,0.800,0.000,0.000,0.0
2008-11-27,04:39:00,0.210,0.058,243.240,0.800,0.000,0.000,0.0
2008-11-27,04:40:00,0.210,0.060,242.360,0.800,0.000,0.000,0.0
2008-11-27,04:41:00,0.208,0.060,241.790,0.800,0.000,0.000,0.0
2008-11-27,04:42:00,0.208,0.060,241.860,0.800,0.000,0.000,0.0
2008-11-27,04:43:00,1.138,0.000,240.780,6.000,0.000,0.000,0.0
2008-11-27,04:44:00,1.870,0.000,239.970,7.800,0.000,0.000,0.0
2008-11-27,04:45:00,1.826,0.000,240.670,7.600,0.000,0.000,0.0
2008-11-27,04:46:00,1.820,0.000,240.990,7.400,0.000,0.000,0.0
2008-11-27,04:47:00,1.744,0.000,241.180,7.200,0.000,0.000,0.0
2008-11-27,04:48:00,1.320,0.000,241.630,5.400,0.000,0.000,0.0
2008-11-27,04:49:00,1.322,0.000,240.450,5.400,0.000,0.000,0.0
2008-11-27,04:50:00,1.322,0.000,240.210,5.400,0.000,0.000,0.0
2008-11-27,04:51:00,1.320,0.000,240.060,5.400,0.000,0.000,0.0
2008-11-27,04:52:00,1.286,0.000,240.190,5.200,0.000,0.000,0.0
2008-11-27,04:53:00,0.360,0.064,241.020,2.000,0.000,0.000,0.0
2008-11-27,04:54:00,0.210,0.064,240.550,0.800,0.000,0.000,0.0
2008-11-27,04:55:00,0.210,0.064,240.670,0.800,0.000,0.000,0.0
2008-11-27,04:56:00,0.282,0.000,240.730,1.400,0.000,0.000,0.0
2008-11-27,04:57:00,0.296,0.058,240.730,1.200,0.000,1.000,0.0
2008-11-27,04:58:00,0.292,0.056,240.260,1.200,0.000,1.000,0.0
2008-11-27,04:59:00,0.294,0.056,240.300,1.200,0.000,2.000,0.0
2008-11-27,05:00:00,0.296,0.056,240.740,1.200,0.000,1.000,0.0
2008-11-27,05:01:00,0.296,0.058,241.300,1.200,0.000,1.000,0.0
2008-11-27,05:02:00,0.296,0.058,241.300,1.200,0.000,2.000,0.0
2008-11-27,05:03:00,0.296,0.056,240.990,1.200,0.000,1.000,0.0
2008-11-27,05:04:00,0.296,0.058,241.020,1.200,0.000,2.000,0.0
2008-11-27,05:05:00,0.296,0.056,240.830,1.200,0.000,1.000,0.0
2008-11-27,05:06:00,0.624,0.052,239.950,4.000,0.000,2.000,0.0
2008-11-27,05:07:00,1.922,0.000,238.410,8.000,0.000,1.000,0.0
2008-11-27,05:08:00,1.806,0.000,237.940,7.600,0.000,1.000,0.0
2008-11-27,05:09:00,1.800,0.000,238.610,7.400,0.000,2.000,0.0
2008-11-27,05:10:00,1.800,0.000,239.170,7.400,0.000,1.000,0.0
2008-11-27,05:11:00,1.450,0.074,239.740,6.000,0.000,1.000,0.0
2008-11-27,05:12:00,1.438,0.178,240.450,6.000,0.000,2.000,0.0
2008-11-27,05:13:00,1.438,0.178,240.450,6.000,0.000,1.000,0.0
2008-11-27,05:14:00,1.442,0.180,240.940,6.000,0.000,1.000,0.0
2008-11-27,05:15:00,1.450,0.184,242.090,6.000,0.000,1.000,0.0
2008-11-27,05:16:00,1.448,0.186,242.100,6.000,0.000,2.000,0.0
2008-11-27,05:17:00,0.696,0.194,242.500,3.600,0.000,1.000,0.0
2008-11-27,05:18:00,0.390,0.198,242.800,1.800,0.000,1.000,0.0
2008-11-27,05:19:00,0.340,0.116,242.510,1.400,0.000,1.000,0.0
2008-11-27,05:20:00,0.314,0.076,242.850,1.200,0.000,0.000,0.0
2008-11-27,05:21:00,0.312,0.074,242.580,1.200,0.000,0.000,0.0
2008-11-27,05:22:00,0.310,0.072,242.010,1.200,0.000,0.000,0.0
2008-11-27,05:23:00,0.310,0.072,241.680,1.200,0.000,0.000,0.0
2008-11-27,05:24:00,0.308,0.070,241.140,1.200,0.000,0.000,0.0
2008-11-27,05:25:00,0.308,0.070,241.150,1.200,0.000,0.000,0.0
2008-11-27,05:26:00,0.306,0.070,240.950,1.200,0.000,0.000,0.0
2008-11-27,05:27:00,0.306,0.070,240.990,1.200,0.000,0.000,0.0
2008-11-27,05:28:00,0.258,0.000,240.760,1.000,0.000,0.000,0.0
2008-11-27,05:29:00,0.210,0.062,241.400,0.800,0.000,0.000,0.0
2008-11-27,05:30:00,0.210,0.062,241.650,0.800,0.000,0.000,0.0
2008-11-27,05:31:00,1.572,0.076,240.100,7.200,0.000,0.000,0.0
2008-11-27,05:32:00,1.766,0.080,239.780,7.200,0.000,0.000,0.0
2008-11-27,05:33:00,1.820,0.000,239.260,7.600,0.000,0.000,0.0
2008-11-27,05:34:00,1.800,0.000,239.530,7.400,0.000,0.000,0.0
2008-11-27,05:35:00,1.642,0.000,240.250,6.800,0.000,0.000,0.0
2008-11-27,05:36:00,1.322,0.000,240.320,5.400,0.000,0.000,0.0
2008-11-27,05:37:00,1.328,0.000,239.870,5.400,0.000,0.000,0.0
2008-11-27,05:38:00,1.256,0.000,239.880,5.200,0.000,0.000,0.0
2008-11-27,05:39:00,0.290,0.000,241.270,1.200,0.000,0.000,0.0
2008-11-27,05:40:00,0.290,0.000,241.840,1.200,0.000,0.000,0.0
2008-11-27,05:41:00,0.284,0.000,241.970,1.200,0.000,0.000,0.0
2008-11-27,05:42:00,0.232,0.000,241.940,1.000,0.000,0.000,0.0
2008-11-27,05:43:00,0.212,0.060,242.410,0.800,0.000,0.000,0.0
2008-11-27,05:44:00,0.212,0.060,242.280,0.800,0.000,0.000,0.0
2008-11-27,05:45:00,0.212,0.060,242.610,0.800,0.000,0.000,0.0
2008-11-27,05:46:00,0.212,0.060,242.890,0.800,0.000,0.000,0.0
2008-11-27,05:47:00,0.212,0.060,242.820,0.800,0.000,0.000,0.0
2008-11-27,05:48:00,0.212,0.060,242.570,0.800,0.000,0.000,0.0
2008-11-27,05:49:00,0.212,0.060,242.940,0.800,0.000,0.000,0.0
2008-11-27,05:50:00,0.216,0.060,242.820,1.000,0.000,0.000,0.0
2008-11-27,05:51:00,0.220,0.060,242.770,1.000,0.000,0.000,0.0
2008-11-27,05:52:00,1.856,0.080,240.250,7.800,0.000,0.000,0.0
2008-11-27,05:53:00,1.764,0.078,239.930,7.200,0.000,0.000,0.0
2008-11-27,05:54:00,1.748,0.078,240.420,7.200,0.000,0.000,0.0
2008-11-27,05:55:00,1.740,0.078,240.230,7.200,0.000,0.000,0.0
2008-11-27,05:56:00,1.468,0.076,240.490,6.200,0.000,0.000,0.0
2008-11-27,05:57:00,1.258,0.074,241.100,5.200,0.000,0.000,0.0
2008-11-27,05:58:00,1.256,0.076,240.050,5.200,0.000,0.000,0.0
2008-11-27,05:59:00,0.548,0.068,240.530,3.000,0.000,0.000,0.0
2008-11-27,06:00:00,0.218,0.060,243.530,1.000,0.000,0.000,0.0
2008-11-27,06:01:00,0.218,0.060,243.590,1.000,0.000,0.000,0.0
2008-11-27,06:02:00,0.220,0.056,243.280,1.000,0.000,0.000,0.0
2008-11-27,06:03:00,0.308,0.000,243.190,1.400,0.000,0.000,0.0
2008-11-27,06:04:00,0.360,0.110,242.780,1.400,0.000,0.000,0.0
2008-11-27,06:05:00,0.358,0.112,243.400,1.400,0.000,0.000,0.0
2008-11-27,06:06:00,0.358,0.112,243.760,1.400,0.000,0.000,0.0
2008-11-27,06:07:00,0.356,0.112,243.590,1.400,0.000,0.000,0.0
2008-11-27,06:08:00,0.354,0.110,242.740,1.400,0.000,0.000,0.0
2008-11-27,06:09:00,0.354,0.112,243.360,1.400,0.000,0.000,0.0
2008-11-27,06:10:00,1.236,0.102,242.510,5.400,0.000,0.000,12.0
2008-11-27,06:11:00,1.482,0.102,243.220,6.000,0.000,0.000,19.0
2008-11-27,06:12:00,2.852,0.092,243.000,12.000,0.000,0.000,18.0
2008-11-27,06:13:00,3.042,0.090,243.120,12.400,0.000,0.000,19.0
2008-11-27,06:14:00,2.998,0.088,242.770,12.200,0.000,0.000,18.0
2008-11-27,06:15:00,2.996,0.090,243.180,12.200,0.000,0.000,18.0
2008-11-27,06:16:00,2.770,0.092,243.450,11.400,0.000,0.000,18.0
2008-11-27,06:17:00,2.498,0.094,243.570,10.200,0.000,0.000,19.0
2008-11-27,06:18:00,2.510,0.096,243.790,10.200,0.000,0.000,18.0
2008-11-27,06:19:00,2.380,0.100,244.620,9.800,0.000,0.000,18.0
2008-11-27,06:20:00,1.424,0.000,246.110,5.800,0.000,0.000,19.0
2008-11-27,06:21:00,1.368,0.000,245.480,5.400,0.000,0.000,18.0
2008-11-27,06:22:00,1.364,0.000,245.130,5.400,0.000,0.000,19.0
2008-11-27,06:23:00,1.402,0.000,244.390,5.600,0.000,0.000,18.0
2008-11-27,06:24:00,1.424,0.072,243.940,5.800,0.000,0.000,18.0
2008-11-27,06:25:00,1.428,0.072,244.210,5.800,0.000,0.000,19.0
2008-11-27,06:26:00,1.432,0.074,244.790,5.800,0.000,0.000,18.0
2008-11-27,06:27:00,1.432,0.074,244.750,5.800,0.000,0.000,18.0
2008-11-27,06:28:00,1.434,0.074,244.980,5.800,0.000,0.000,19.0
2008-11-27,06:29:00,1.434,0.076,245.120,5.800,0.000,0.000,18.0
2008-11-27,06:30:00,1.430,0.074,244.950,5.800,0.000,0.000,19.0
2008-11-27,06:31:00,1.430,0.076,245.510,5.800,0.000,0.000,18.0
2008-11-27,06:32:00,1.426,0.074,245.330,5.800,0.000,0.000,19.0
2008-11-27,06:33:00,2.934,0.000,243.710,12.200,0.000,0.000,18.0
2008-11-27,06:34:00,2.934,0.046,243.860,12.000,0.000,0.000,18.0
2008-11-27,06:35:00,2.914,0.046,243.800,11.800,0.000,0.000,18.0
2008-11-27,06:36:00,2.930,0.000,244.790,11.800,0.000,0.000,19.0
2008-11-27,06:37:00,2.632,0.000,244.690,10.800,0.000,0.000,18.0
2008-11-27,06:38:00,2.408,0.000,244.080,9.800,0.000,0.000,18.0
2008-11-27,06:39:00,2.398,0.000,243.210,9.800,0.000,0.000,18.0
2008-11-27,06:40:00,2.392,0.000,242.790,9.800,0.000,0.000,18.0
2008-11-27,06:41:00,2.138,0.000,243.360,9.000,0.000,0.000,19.0
2008-11-27,06:42:00,1.352,0.000,244.230,5.400,0.000,0.000,18.0
2008-11-27,06:43:00,1.212,0.000,243.980,5.000,0.000,0.000,17.0
2008-11-27,06:44:00,0.360,0.000,245.260,1.400,0.000,0.000,0.0
2008-11-27,06:45:00,0.732,0.000,244.160,3.600,0.000,0.000,5.0
2008-11-27,06:46:00,1.450,0.000,243.210,5.800,0.000,0.000,18.0
2008-11-27,06:47:00,1.432,0.000,243.050,5.800,0.000,0.000,18.0
2008-11-27,06:48:00,1.504,0.000,242.890,6.200,0.000,0.000,19.0
2008-11-27,06:49:00,3.910,0.078,241.390,17.200,0.000,0.000,17.0
2008-11-27,06:50:00,4.978,0.086,240.030,20.800,0.000,0.000,18.0
2008-11-27,06:51:00,6.186,0.080,238.060,26.200,0.000,0.000,18.0
2008-11-27,06:52:00,5.816,0.092,238.060,24.800,0.000,0.000,17.0
2008-11-27,06:53:00,4.394,0.086,239.490,18.200,0.000,0.000,18.0
2008-11-27,06:54:00,4.388,0.084,239.600,18.200,0.000,0.000,17.0
2008-11-27,06:55:00,4.050,0.000,241.390,17.000,0.000,0.000,18.0
2008-11-27,06:56:00,3.752,0.056,242.410,15.400,0.000,0.000,18.0
2008-11-27,06:57:00,4.170,0.082,241.680,17.400,0.000,0.000,18.0
2008-11-27,06:58:00,4.854,0.086,240.780,20.400,0.000,0.000,18.0
2008-11-27,06:59:00,5.176,0.074,240.430,21.800,0.000,0.000,17.0
2008-11-27,07:00:00,3.048,0.060,242.320,12.600,0.000,0.000,18.0
2008-11-27,07:01:00,3.282,0.096,242.310,13.600,0.000,0.000,18.0
2008-11-27,07:02:00,3.412,0.108,241.950,14.000,0.000,0.000,18.0
2008-11-27,07:03:00,2.862,0.110,241.900,12.000,0.000,0.000,18.0
2008-11-27,07:04:00,2.534,0.114,242.310,10.400,0.000,0.000,18.0
2008-11-27,07:05:00,2.528,0.112,241.860,10.400,0.000,0.000,18.0
2008-11-27,07:06:00,2.456,0.112,241.470,10.200,0.000,0.000,18.0
2008-11-27,07:07:00,2.242,0.114,241.460,9.200,0.000,0.000,18.0
2008-11-27,07:08:00,2.234,0.116,241.830,9.200,0.000,0.000,18.0
2008-11-27,07:09:00,2.284,0.174,241.610,9.400,0.000,0.000,18.0
2008-11-27,07:10:00,2.290,0.216,240.550,9.600,0.000,0.000,18.0
2008-11-27,07:11:00,2.304,0.218,241.220,9.600,0.000,0.000,17.0
2008-11-27,07:12:00,2.306,0.222,241.890,9.600,0.000,0.000,18.0
2008-11-27,07:13:00,2.248,0.108,242.830,9.200,0.000,0.000,19.0
2008-11-27,07:14:00,2.220,0.088,242.540,9.000,0.000,0.000,18.0
2008-11-27,07:15:00,2.236,0.088,243.210,9.200,0.000,0.000,18.0
2008-11-27,07:16:00,3.254,0.132,242.830,14.000,0.000,0.000,18.0
2008-11-27,07:17:00,3.906,0.202,242.140,16.000,0.000,0.000,18.0
2008-11-27,07:18:00,3.846,0.200,241.590,15.800,0.000,2.000,18.0
2008-11-27,07:19:00,3.844,0.200,241.920,15.800,0.000,1.000,18.0
2008-11-27,07:20:00,3.762,0.118,240.690,15.600,0.000,2.000,17.0
2008-11-27,07:21:00,3.608,0.092,241.410,14.800,0.000,1.000,18.0
2008-11-27,07:22:00,3.620,0.092,241.340,15.000,0.000,1.000,18.0
2008-11-27,07:23:00,3.636,0.094,241.860,15.000,0.000,2.000,18.0
2008-11-27,07:24:00,3.652,0.094,242.200,15.000,0.000,1.000,18.0
2008-11-27,07:25:00,3.668,0.096,242.790,15.000,0.000,2.000,18.0
2008-11-27,07:26:00,2.860,0.102,243.490,11.800,0.000,1.000,18.0
2008-11-27,07:27:00,2.602,0.104,243.370,10.600,0.000,1.000,18.0
2008-11-27,07:28:00,2.600,0.104,243.180,10.600,0.000,2.000,19.0
2008-11-27,07:29:00,2.598,0.104,242.920,10.600,0.000,1.000,18.0
2008-11-27,07:30:00,2.582,0.102,242.150,10.600,0.000,2.000,18.0
2008-11-27,07:31:00,2.556,0.098,240.430,10.600,0.000,1.000,17.0
2008-11-27,07:32:00,2.534,0.096,239.780,10.600,0.000,1.000,18.0
2008-11-27,07:33:00,2.528,0.096,239.830,10.400,0.000,2.000,18.0
2008-11-27,07:34:00,2.522,0.094,239.370,10.400,0.000,1.000,17.0
2008-11-27,07:35:00,2.554,0.090,238.180,10.600,0.000,1.000,18.0
2008-11-27,07:36:00,3.130,0.094,236.610,13.600,0.000,1.000,17.0
2008-11-27,07:37:00,3.998,0.100,236.320,16.800,0.000,2.000,17.0
2008-11-27,07:38:00,4.006,0.102,236.980,16.800,0.000,1.000,17.0
2008-11-27,07:39:00,4.110,0.064,236.820,17.400,0.000,1.000,17.0
2008-11-27,07:40:00,5.512,0.000,235.170,23.400,0.000,0.000,17.0
2008-11-27,07:41:00,5.396,0.000,235.680,22.800,0.000,0.000,18.0
2008-11-27,07:42:00,5.366,0.000,236.470,22.600,0.000,0.000,17.0
2008-11-27,07:43:00,5.330,0.000,237.320,22.400,0.000,0.000,17.0
2008-11-27,07:44:00,5.078,0.000,237.260,21.400,0.000,0.000,17.0
2008-11-27,07:45:00,4.850,0.000,237.420,20.400,0.000,0.000,18.0
2008-11-27,07:46:00,4.760,0.000,237.040,20.000,0.000,0.000,17.0
2008-11-27,07:47:00,4.780,0.000,237.030,20.000,0.000,0.000,17.0
2008-11-27,07:48:00,4.656,0.076,237.090,19.600,0.000,0.000,17.0
2008-11-27,07:49:00,4.178,0.080,237.440,17.600,0.000,0.000,18.0
2008-11-27,07:50:00,3.494,0.086,238.390,14.600,0.000,0.000,17.0
2008-11-27,07:51:00,3.404,0.086,238.550,14.200,0.000,0.000,17.0
2008-11-27,07:52:00,2.688,0.098,239.360,11.400,0.000,0.000,18.0
2008-11-27,07:53:00,2.402,0.094,239.040,10.000,0.000,0.000,18.0
2008-11-27,07:54:00,2.424,0.086,237.660,10.200,0.000,0.000,17.0
2008-11-27,07:55:00,2.584,0.122,237.710,11.000,0.000,0.000,17.0
2008-11-27,07:56:00,2.380,0.054,239.210,9.800,0.000,0.000,18.0
2008-11-27,07:57:00,2.392,0.100,239.590,10.000,0.000,0.000,17.0
2008-11-27,07:58:00,2.434,0.374,239.310,10.200,0.000,0.000,18.0
2008-11-27,07:59:00,2.328,0.382,238.920,9.800,0.000,0.000,18.0
2008-11-27,08:00:00,2.014,0.268,239.300,8.600,0.000,0.000,17.0
2008-11-27,08:01:00,1.732,0.156,239.910,7.200,0.000,0.000,18.0
2008-11-27,08:02:00,1.720,0.154,239.220,7.200,0.000,0.000,17.0
2008-11-27,08:03:00,3.326,0.132,236.180,14.000,0.000,0.000,17.0
2008-11-27,08:04:00,3.192,0.136,236.770,13.400,0.000,0.000,18.0
2008-11-27,08:05:00,3.162,0.134,236.380,13.200,0.000,0.000,17.0
2008-11-27,08:06:00,2.932,0.000,237.540,12.200,0.000,0.000,17.0
2008-11-27,08:07:00,2.590,0.000,238.110,10.800,0.000,0.000,18.0
2008-11-27,08:08:00,2.350,0.000,238.210,9.800,0.000,0.000,17.0
2008-11-27,08:09:00,2.378,0.000,238.260,9.800,0.000,0.000,17.0
2008-11-27,08:10:00,2.306,0.054,238.720,9.600,0.000,0.000,18.0
2008-11-27,08:11:00,2.280,0.084,238.240,9.400,0.000,0.000,17.0
2008-11-27,08:12:00,1.808,0.080,237.560,7.800,0.000,0.000,18.0
2008-11-27,08:13:00,1.252,0.076,237.870,5.200,0.000,0.000,17.0
2008-11-27,08:14:00,1.248,0.076,237.560,5.200,0.000,0.000,17.0
2008-11-27,08:15:00,1.250,0.076,238.210,5.200,0.000,0.000,18.0
2008-11-27,08:16:00,1.256,0.076,238.860,5.200,0.000,0.000,17.0
2008-11-27,08:17:00,1.302,0.076,238.070,5.400,0.000,0.000,18.0
2008-11-27,08:18:00,1.352,0.078,237.340,5.600,0.000,0.000,17.0
2008-11-27,08:19:00,1.432,0.078,238.260,6.000,0.000,0.000,17.0
2008-11-27,08:20:00,1.364,0.076,238.560,5.600,0.000,0.000,18.0
2008-11-27,08:21:00,1.350,0.078,237.930,5.600,0.000,0.000,17.0
2008-11-27,08:22:00,1.350,0.078,237.950,5.600,0.000,0.000,17.0
2008-11-27,08:23:00,1.362,0.076,238.950,5.600,0.000,0.000,18.0
2008-11-27,08:24:00,1.374,0.076,239.370,5.600,0.000,0.000,18.0
2008-11-27,08:25:00,1.376,0.076,239.640,5.600,0.000,0.000,17.0
2008-11-27,08:26:00,2.842,0.086,239.490,12.000,0.000,0.000,18.0
2008-11-27,08:27:00,2.892,0.088,238.520,12.000,0.000,0.000,17.0
2008-11-27,08:28:00,2.864,0.088,238.370,12.000,0.000,0.000,18.0
2008-11-27,08:29:00,3.012,0.086,237.410,12.600,0.000,0.000,17.0
2008-11-27,08:30:00,2.952,0.084,236.840,12.400,0.000,0.000,17.0
2008-11-27,08:31:00,2.662,0.082,236.980,11.200,0.000,0.000,17.0
2008-11-27,08:32:00,2.686,0.082,237.670,11.200,0.000,0.000,18.0
2008-11-27,08:33:00,2.694,0.082,238.350,11.200,0.000,0.000,17.0
2008-11-27,08:34:00,2.708,0.080,238.960,11.200,0.000,0.000,18.0
2008-11-27,08:35:00,2.318,0.084,238.560,9.600,0.000,0.000,17.0
2008-11-27,08:36:00,1.360,0.076,239.330,5.600,0.000,0.000,18.0
2008-11-27,08:37:00,1.272,0.074,239.660,5.200,0.000,0.000,17.0
2008-11-27,08:38:00,1.268,0.074,239.460,5.200,0.000,0.000,18.0
2008-11-27,08:39:00,1.262,0.074,239.470,5.200,0.000,0.000,18.0
2008-11-27,08:40:00,1.308,0.000,239.100,5.400,0.000,0.000,17.0
2008-11-27,08:41:00,1.370,0.056,239.170,5.600,0.000,0.000,18.0
2008-11-27,08:42:00,1.380,0.058,239.880,5.600,0.000,0.000,17.0
2008-11-27,08:43:00,1.376,0.056,239.530,5.600,0.000,0.000,18.0
2008-11-27,08:44:00,1.370,0.054,238.770,5.600,0.000,0.000,17.0
2008-11-27,08:45:00,1.366,0.056,239.490,5.600,0.000,0.000,18.0
2008-11-27,08:46:00,1.372,0.054,238.610,5.600,0.000,0.000,18.0
2008-11-27,08:47:00,1.428,0.130,238.810,6.000,0.000,0.000,17.0
2008-11-27,08:48:00,2.088,0.324,237.040,9.600,0.000,0.000,17.0
2008-11-27,08:49:00,2.580,0.204,236.130,11.400,0.000,0.000,17.0
2008-11-27,08:50:00,2.972,0.140,236.960,12.400,0.000,0.000,18.0
2008-11-27,08:51:00,2.934,0.142,238.230,12.200,0.000,0.000,17.0
2008-11-27,08:52:00,2.916,0.142,238.010,12.200,0.000,0.000,17.0
2008-11-27,08:53:00,2.888,0.138,236.910,12.200,0.000,0.000,18.0
2008-11-27,08:54:00,2.422,0.140,236.250,10.200,0.000,0.000,17.0
2008-11-27,08:55:00,2.502,0.144,237.060,10.600,0.000,0.000,17.0
2008-11-27,08:56:00,2.472,0.144,237.500,10.400,0.000,0.000,17.0
2008-11-27,08:57:00,2.436,0.146,238.030,10.200,0.000,0.000,18.0
2008-11-27,08:58:00,1.798,0.150,238.020,7.800,0.000,0.000,17.0
2008-11-27,08:59:00,1.510,0.152,238.390,6.200,0.000,0.000,18.0
2008-11-27,09:00:00,1.474,0.084,237.800,6.200,0.000,0.000,17.0
2008-11-27,09:01:00,1.448,0.050,237.650,6.000,0.000,0.000,17.0
2008-11-27,09:02:00,1.326,0.000,238.220,5.600,0.000,0.000,18.0
2008-11-27,09:03:00,1.250,0.076,238.310,5.200,0.000,0.000,17.0
2008-11-27,09:04:00,1.246,0.076,237.870,5.200,0.000,0.000,17.0
2008-11-27,09:05:00,1.276,0.074,240.440,5.200,0.000,0.000,18.0
2008-11-27,09:06:00,1.288,0.072,241.230,5.200,0.000,0.000,18.0
2008-11-27,09:07:00,1.322,0.072,241.220,5.400,0.000,0.000,18.0
2008-11-27,09:08:00,1.564,0.078,240.040,6.400,0.000,0.000,18.0
2008-11-27,09:09:00,1.456,0.076,240.050,6.000,0.000,0.000,17.0
2008-11-27,09:10:00,1.268,0.074,240.090,5.200,0.000,0.000,18.0
2008-11-27,09:11:00,1.802,0.080,238.720,8.400,0.000,0.000,17.0
2008-11-27,09:12:00,2.856,0.086,238.300,12.000,0.000,0.000,18.0
2008-11-27,09:13:00,2.772,0.086,238.180,11.600,0.000,0.000,17.0
2008-11-27,09:14:00,2.750,0.086,237.830,11.400,0.000,0.000,18.0
2008-11-27,09:15:00,2.756,0.086,238.520,11.400,0.000,0.000,17.0
2008-11-27,09:16:00,2.320,0.084,238.780,9.600,0.000,0.000,18.0
2008-11-27,09:17:00,2.288,0.084,239.070,9.400,0.000,0.000,17.0
2008-11-27,09:18:00,2.326,0.080,240.620,9.600,0.000,0.000,18.0
2008-11-27,09:19:00,1.778,0.076,241.640,7.600,0.000,0.000,18.0
2008-11-27,09:20:00,1.292,0.072,241.650,5.200,0.000,0.000,18.0
2008-11-27,09:21:00,1.270,0.074,240.170,5.200,0.000,0.000,17.0
2008-11-27,09:22:00,1.276,0.074,240.830,5.200,0.000,0.000,18.0
2008-11-27,09:23:00,1.276,0.074,240.950,5.200,0.000,0.000,18.0
2008-11-27,09:24:00,1.278,0.072,240.410,5.200,0.000,0.000,18.0
2008-11-27,09:25:00,1.286,0.072,241.080,5.200,0.000,0.000,18.0
2008-11-27,09:26:00,1.290,0.070,241.630,5.200,0.000,0.000,17.0
2008-11-27,09:27:00,1.274,0.074,240.540,5.200,0.000,0.000,18.0
2008-11-27,09:28:00,1.268,0.074,240.080,5.200,0.000,0.000,18.0
2008-11-27,09:29:00,1.266,0.074,239.880,5.200,0.000,0.000,18.0
2008-11-27,09:30:00,1.266,0.074,239.380,5.200,0.000,0.000,17.0
2008-11-27,09:31:00,1.278,0.074,240.350,5.200,0.000,0.000,18.0
2008-11-27,09:32:00,1.646,0.076,239.890,7.600,0.000,0.000,17.0
2008-11-27,09:33:00,2.864,0.088,237.680,12.000,0.000,0.000,18.0
2008-11-27,09:34:00,2.746,0.088,237.110,11.400,0.000,0.000,17.0
2008-11-27,09:35:00,2.800,0.054,238.600,11.600,0.000,0.000,18.0
2008-11-27,09:36:00,2.902,0.082,238.050,12.200,0.000,0.000,17.0
2008-11-27,09:37:00,2.650,0.242,239.140,11.000,0.000,0.000,17.0
2008-11-27,09:38:00,2.568,0.274,239.840,10.600,0.000,1.000,18.0
2008-11-27,09:39:00,2.574,0.276,240.210,10.600,0.000,1.000,18.0
2008-11-27,09:40:00,2.576,0.276,240.700,10.600,0.000,2.000,18.0
2008-11-27,09:41:00,1.972,0.282,240.720,8.400,0.000,1.000,17.0
2008-11-27,09:42:00,1.538,0.290,241.570,6.400,0.000,2.000,18.0
2008-11-27,09:43:00,1.542,0.290,241.420,6.400,0.000,1.000,18.0
2008-11-27,09:44:00,1.544,0.292,241.810,6.400,0.000,1.000,18.0
2008-11-27,09:45:00,1.548,0.294,242.310,6.400,0.000,2.000,18.0
2008-11-27,09:46:00,1.536,0.292,242.110,6.400,0.000,1.000,18.0
2008-11-27,09:47:00,1.528,0.288,241.440,6.400,0.000,2.000,18.0
2008-11-27,09:48:00,1.508,0.264,241.200,6.200,0.000,1.000,18.0
2008-11-27,09:49:00,1.456,0.182,240.620,6.000,0.000,1.000,18.0
2008-11-27,09:50:00,1.456,0.182,240.760,6.000,0.000,2.000,17.0
2008-11-27,09:51:00,1.460,0.184,241.230,6.000,0.000,1.000,18.0
2008-11-27,09:52:00,1.440,0.178,240.140,6.000,0.000,1.000,18.0
2008-11-27,09:53:00,1.438,0.178,240.240,6.000,0.000,2.000,18.0
2008-11-27,09:54:00,1.440,0.072,240.500,6.200,0.000,1.000,17.0
2008-11-27,09:55:00,3.018,0.000,238.390,12.600,0.000,1.000,18.0
2008-11-27,09:56:00,2.856,0.000,238.330,11.800,0.000,2.000,17.0
2008-11-27,09:57:00,2.852,0.000,239.090,11.800,0.000,1.000,18.0
2008-11-27,09:58:00,2.844,0.000,239.230,11.800,0.000,1.000,17.0
2008-11-27,09:59:00,2.560,0.000,240.080,10.600,0.000,1.000,18.0
2008-11-27,10:00:00,2.326,0.048,240.340,9.600,0.000,1.000,18.0
2008-11-27,10:01:00,2.322,0.082,240.490,9.600,0.000,0.000,17.0
2008-11-27,10:02:00,1.286,0.074,240.650,5.200,0.000,0.000,18.0
2008-11-27,10:03:00,1.282,0.074,240.580,5.200,0.000,0.000,18.0
2008-11-27,10:04:00,1.266,0.074,239.690,5.200,0.000,0.000,18.0
2008-11-27,10:05:00,1.266,0.074,239.870,5.200,0.000,0.000,17.0
2008-11-27,10:06:00,1.264,0.074,239.570,5.200,0.000,0.000,18.0
2008-11-27,10:07:00,1.270,0.074,239.720,5.200,0.000,0.000,17.0
2008-11-27,10:08:00,1.266,0.074,239.180,5.200,0.000,0.000,18.0
2008-11-27,10:09:00,1.272,0.074,239.820,5.200,0.000,0.000,18.0
2008-11-27,10:10:00,1.272,0.074,240.210,5.200,0.000,0.000,17.0
2008-11-27,10:11:00,1.266,0.074,239.910,5.200,0.000,0.000,18.0
2008-11-27,10:12:00,1.264,0.074,239.570,5.200,0.000,0.000,18.0
2008-11-27,10:13:00,1.270,0.074,239.810,5.200,0.000,0.000,17.0
2008-11-27,10:14:00,1.284,0.072,240.870,5.200,0.000,0.000,18.0
2008-11-27,10:15:00,2.216,0.080,239.910,10.000,0.000,0.000,18.0
2008-11-27,10:16:00,2.812,0.088,238.150,11.800,0.000,0.000,17.0
2008-11-27,10:17:00,2.778,0.086,239.050,11.600,0.000,0.000,18.0
2008-11-27,10:18:00,2.756,0.088,238.440,11.400,0.000,0.000,17.0
2008-11-27,10:19:00,2.748,0.088,238.380,11.400,0.000,0.000,17.0
2008-11-27,10:20:00,2.268,0.084,238.460,9.400,0.000,0.000,18.0
2008-11-27,10:21:00,2.266,0.084,237.340,9.400,0.000,0.000,17.0
2008-11-27,10:22:00,2.262,0.084,237.150,9.400,0.000,0.000,17.0
2008-11-27,10:23:00,2.270,0.084,237.650,9.400,0.000,0.000,18.0
2008-11-27,10:24:00,1.340,0.076,238.580,5.600,0.000,0.000,17.0
2008-11-27,10:25:00,1.310,0.000,239.160,5.400,0.000,0.000,18.0
2008-11-27,10:26:00,1.348,0.000,239.810,5.600,0.000,0.000,17.0
2008-11-27,10:27:00,1.398,0.076,239.660,5.800,0.000,0.000,18.0
2008-11-27,10:28:00,1.448,0.156,239.040,6.000,0.000,0.000,18.0
2008-11-27,10:29:00,1.440,0.158,239.220,6.000,0.000,0.000,17.0
2008-11-27,10:30:00,1.446,0.160,239.930,6.000,0.000,0.000,18.0
2008-11-27,10:31:00,1.444,0.160,240.030,6.000,0.000,0.000,17.0
2008-11-27,10:32:00,1.434,0.156,238.850,6.000,0.000,0.000,18.0
2008-11-27,10:33:00,1.436,0.156,239.140,6.000,0.000,0.000,17.0
2008-11-27,10:34:00,1.428,0.154,238.530,6.000,0.000,0.000,18.0
2008-11-27,10:35:00,1.416,0.154,238.130,6.000,0.000,0.000,17.0
2008-11-27,10:36:00,1.422,0.156,238.990,6.000,0.000,0.000,18.0
2008-11-27,10:37:00,2.132,0.152,239.320,9.600,0.000,0.000,17.0
2008-11-27,10:38:00,2.924,0.000,238.190,12.200,0.000,0.000,18.0
2008-11-27,10:39:00,2.858,0.000,238.270,12.000,0.000,0.000,17.0
2008-11-27,10:40:00,2.854,0.000,238.620,11.800,0.000,0.000,18.0
2008-11-27,10:41:00,2.864,0.000,238.880,12.000,0.000,0.000,17.0
2008-11-27,10:42:00,2.386,0.048,239.530,9.800,0.000,0.000,18.0
2008-11-27,10:43:00,2.382,0.048,239.230,9.800,0.000,0.000,17.0
2008-11-27,10:44:00,2.390,0.048,239.440,9.800,0.000,0.000,18.0
2008-11-27,10:45:00,1.480,0.058,240.800,6.200,0.000,0.000,18.0
2008-11-27,10:46:00,1.332,0.000,240.850,5.400,0.000,0.000,17.0
2008-11-27,10:47:00,1.274,0.074,240.590,5.200,0.000,0.000,18.0
2008-11-27,10:48:00,1.284,0.072,241.690,5.200,0.000,0.000,18.0
2008-11-27,10:49:00,1.286,0.072,241.860,5.200,0.000,0.000,18.0
2008-11-27,10:50:00,1.294,0.072,242.640,5.200,0.000,0.000,18.0
2008-11-27,10:51:00,1.296,0.072,242.710,5.200,0.000,0.000,18.0
2008-11-27,10:52:00,1.306,0.070,243.830,5.200,0.000,0.000,18.0
2008-11-27,10:53:00,1.302,0.070,243.340,5.200,0.000,0.000,19.0
2008-11-27,10:54:00,1.298,0.072,243.020,5.200,0.000,0.000,18.0
2008-11-27,10:55:00,1.300,0.070,243.100,5.200,0.000,0.000,18.0
2008-11-27,10:56:00,1.298,0.070,242.950,5.200,0.000,0.000,18.0
2008-11-27,10:57:00,1.294,0.072,242.610,5.200,0.000,0.000,18.0
2008-11-27,10:58:00,2.300,0.080,241.340,10.200,0.000,0.000,18.0
2008-11-27,10:59:00,2.832,0.086,239.530,11.800,0.000,0.000,17.0
2008-11-27,11:00:00,2.788,0.086,239.600,11.600,0.000,0.000,18.0
2008-11-27,11:01:00,2.762,0.086,238.790,11.400,0.000,0.000,18.0
2008-11-27,11:02:00,2.634,0.086,239.210,11.000,0.000,0.000,17.0
2008-11-27,11:03:00,2.284,0.082,239.390,9.400,0.000,0.000,18.0
2008-11-27,11:04:00,2.296,0.082,239.330,9.600,0.000,0.000,17.0
2008-11-27,11:05:00,1.334,0.074,240.570,5.600,0.000,0.000,18.0
2008-11-27,11:06:00,1.280,0.074,241.240,5.200,0.000,0.000,18.0
2008-11-27,11:07:00,1.270,0.074,240.260,5.200,0.000,0.000,18.0
2008-11-27,11:08:00,1.272,0.074,240.370,5.200,0.000,0.000,17.0
2008-11-27,11:09:00,1.274,0.074,240.560,5.200,0.000,0.000,18.0
2008-11-27,11:10:00,1.286,0.072,241.750,5.200,0.000,0.000,18.0
2008-11-27,11:11:00,1.300,0.072,243.010,5.200,0.000,0.000,18.0
2008-11-27,11:12:00,1.298,0.072,242.960,5.200,0.000,0.000,18.0
2008-11-27,11:13:00,1.284,0.072,241.570,5.200,0.000,0.000,18.0
2008-11-27,11:14:00,1.280,0.074,241.130,5.200,0.000,0.000,18.0
2008-11-27,11:15:00,1.346,0.000,240.380,5.600,0.000,0.000,18.0
2008-11-27,11:16:00,1.352,0.000,240.900,5.600,0.000,0.000,17.0
2008-11-27,11:17:00,1.354,0.000,240.880,5.600,0.000,0.000,18.0
2008-11-27,11:18:00,2.468,0.000,240.160,10.800,0.000,0.000,18.0
2008-11-27,11:19:00,2.912,0.000,239.080,12.200,0.000,0.000,17.0
2008-11-27,11:20:00,2.928,0.140,237.690,12.200,0.000,0.000,18.0
2008-11-27,11:21:00,2.902,0.140,236.960,12.200,0.000,0.000,17.0
2008-11-27,11:22:00,2.764,0.142,237.420,11.600,0.000,0.000,17.0
2008-11-27,11:23:00,2.438,0.146,238.320,10.200,0.000,0.000,18.0
2008-11-27,11:24:00,2.438,0.144,237.800,10.200,0.000,0.000,17.0
2008-11-27,11:25:00,2.440,0.144,237.900,10.200,0.000,0.000,17.0
2008-11-27,11:26:00,2.054,0.148,237.690,8.800,0.000,0.000,18.0
2008-11-27,11:27:00,1.378,0.088,238.910,5.800,0.000,0.000,17.0
2008-11-27,11:28:00,1.364,0.056,239.710,5.600,0.000,0.000,18.0
2008-11-27,11:29:00,1.374,0.060,240.760,5.600,0.000,0.000,18.0
2008-11-27,11:30:00,1.372,0.060,240.610,5.600,0.000,0.000,17.0
2008-11-27,11:31:00,1.374,0.060,240.840,5.600,0.000,0.000,18.0
2008-11-27,11:32:00,1.368,0.058,240.360,5.600,0.000,0.000,18.0
2008-11-27,11:33:00,1.370,0.060,240.650,5.600,0.000,0.000,18.0
2008-11-27,11:34:00,1.376,0.060,241.320,5.600,0.000,0.000,17.0
2008-11-27,11:35:00,1.374,0.060,241.080,5.600,0.000,0.000,18.0
2008-11-27,11:36:00,1.364,0.058,240.260,5.600,0.000,0.000,18.0
2008-11-27,11:37:00,1.376,0.062,241.370,5.600,0.000,0.000,18.0
2008-11-27,11:38:00,1.358,0.000,241.450,5.600,0.000,0.000,18.0
2008-11-27,11:39:00,1.268,0.072,239.840,5.200,0.000,0.000,17.0
2008-11-27,11:40:00,2.880,0.086,237.340,12.200,0.000,0.000,18.0
2008-11-27,11:41:00,2.762,0.086,237.390,11.600,0.000,0.000,17.0
2008-11-27,11:42:00,2.738,0.086,237.310,11.400,0.000,0.000,17.0
2008-11-27,11:43:00,2.698,0.088,235.690,11.400,0.000,0.000,17.0
2008-11-27,11:44:00,2.480,0.084,236.750,10.400,0.000,0.000,18.0
2008-11-27,11:45:00,2.258,0.084,237.470,9.400,0.000,0.000,17.0
2008-11-27,11:46:00,2.266,0.084,237.570,9.400,0.000,0.000,17.0
2008-11-27,11:47:00,1.560,0.076,238.470,6.800,0.000,0.000,18.0
2008-11-27,11:48:00,1.260,0.074,239.170,5.200,0.000,0.000,17.0
2008-11-27,11:49:00,1.262,0.074,239.160,5.200,0.000,0.000,18.0
2008-11-27,11:50:00,1.264,0.074,239.380,5.200,0.000,0.000,17.0
2008-11-27,11:51:00,1.268,0.074,239.760,5.200,0.000,0.000,18.0
2008-11-27,11:52:00,1.258,0.074,238.800,5.200,0.000,0.000,17.0
2008-11-27,11:53:00,1.268,0.074,239.850,5.200,0.000,0.000,18.0
2008-11-27,11:54:00,1.252,0.074,238.370,5.200,0.000,0.000,17.0
2008-11-27,11:55:00,1.266,0.072,239.680,5.200,0.000,0.000,18.0
2008-11-27,11:56:00,1.274,0.072,240.360,5.200,0.000,0.000,18.0
2008-11-27,11:57:00,1.304,0.058,240.970,5.400,0.000,0.000,18.0
2008-11-27,11:58:00,1.348,0.046,239.700,5.600,0.000,0.000,17.0
2008-11-27,11:59:00,1.346,0.046,239.350,5.600,0.000,1.000,18.0
2008-11-27,12:00:00,1.884,0.000,239.730,8.600,0.000,2.000,17.0
2008-11-27,12:01:00,2.934,0.000,238.310,12.200,0.000,1.000,18.0
2008-11-27,12:02:00,2.822,0.000,236.940,11.800,0.000,2.000,17.0
2008-11-27,12:03:00,2.856,0.000,239.040,11.800,0.000,1.000,18.0
2008-11-27,12:04:00,2.922,0.112,238.990,12.200,0.000,1.000,17.0
2008-11-27,12:05:00,2.486,0.138,238.660,10.400,0.000,2.000,18.0
2008-11-27,12:06:00,2.424,0.136,237.900,10.200,0.000,1.000,17.0
2008-11-27,12:07:00,2.436,0.136,238.330,10.200,0.000,2.000,17.0
2008-11-27,12:08:00,1.498,0.144,238.510,6.400,0.000,1.000,18.0
2008-11-27,12:09:00,1.394,0.142,237.140,5.800,0.000,1.000,17.0
2008-11-27,12:10:00,1.416,0.148,239.440,5.800,0.000,2.000,18.0
2008-11-27,12:11:00,1.414,0.148,239.410,5.800,0.000,1.000,17.0
2008-11-27,12:12:00,1.492,0.226,239.630,6.200,0.000,1.000,18.0
2008-11-27,12:13:00,1.506,0.274,238.200,6.400,0.000,2.000,17.0
2008-11-27,12:14:00,1.522,0.282,240.180,6.400,0.000,1.000,18.0
2008-11-27,12:15:00,1.486,0.238,239.650,6.200,0.000,1.000,18.0
2008-11-27,12:16:00,1.432,0.174,238.400,6.000,0.000,2.000,17.0
2008-11-27,12:17:00,1.442,0.178,239.540,6.000,0.000,1.000,18.0
2008-11-27,12:18:00,1.448,0.180,240.380,6.000,0.000,1.000,17.0
2008-11-27,12:19:00,1.444,0.180,240.170,6.000,0.000,1.000,18.0
2008-11-27,12:20:00,1.436,0.176,239.500,6.000,0.000,2.000,18.0
2008-11-27,12:21:00,2.778,0.056,237.760,12.000,0.000,0.000,17.0
2008-11-27,12:22:00,2.896,0.000,238.860,12.000,0.000,0.000,17.0
2008-11-27,12:23:00,2.870,0.000,239.010,12.000,0.000,0.000,18.0
2008-11-27,12:24:00,2.856,0.000,238.700,11.800,0.000,0.000,17.0
2008-11-27,12:25:00,2.650,0.048,239.530,11.000,0.000,0.000,18.0
2008-11-27,12:26:00,2.390,0.050,239.830,9.800,0.000,0.000,18.0
2008-11-27,12:27:00,2.364,0.048,239.030,9.800,0.000,0.000,17.0
2008-11-27,12:28:00,1.364,0.060,240.170,5.600,0.000,0.000,18.0
2008-11-27,12:29:00,1.386,0.064,242.200,5.600,0.000,0.000,18.0
2008-11-27,12:30:00,1.382,0.064,242.020,5.600,0.000,0.000,18.0
2008-11-27,12:31:00,1.304,0.062,242.830,5.200,0.000,0.000,18.0
2008-11-27,12:32:00,1.288,0.070,241.710,5.200,0.000,0.000,18.0
2008-11-27,12:33:00,1.272,0.072,240.290,5.200,0.000,0.000,18.0
2008-11-27,12:34:00,1.284,0.072,241.510,5.200,0.000,0.000,17.0
2008-11-27,12:35:00,1.288,0.072,241.840,5.200,0.000,0.000,18.0
2008-11-27,12:36:00,1.286,0.072,241.610,5.200,0.000,0.000,18.0
2008-11-27,12:37:00,1.280,0.072,241.050,5.200,0.000,0.000,18.0
2008-11-27,12:38:00,1.278,0.072,240.860,5.200,0.000,0.000,18.0
2008-11-27,12:39:00,1.294,0.070,242.380,5.200,0.000,0.000,18.0
2008-11-27,12:40:00,1.288,0.072,241.830,5.200,0.000,0.000,18.0
2008-11-27,12:41:00,2.198,0.080,240.480,9.800,0.000,0.000,18.0
2008-11-27,12:42:00,2.838,0.086,239.370,11.800,0.000,0.000,17.0
2008-11-27,12:43:00,2.764,0.086,238.320,11.600,0.000,0.000,18.0
2008-11-27,12:44:00,2.762,0.086,238.630,11.400,0.000,0.000,17.0
2008-11-27,12:45:00,2.750,0.086,238.530,11.400,0.000,0.000,17.0
2008-11-27,12:46:00,2.276,0.082,239.200,9.400,0.000,0.000,18.0
2008-11-27,12:47:00,2.300,0.080,239.540,9.600,0.000,0.000,18.0
2008-11-27,12:48:00,1.368,0.072,241.050,5.800,0.000,0.000,17.0
2008-11-27,12:49:00,1.288,0.070,241.800,5.200,0.000,0.000,18.0
2008-11-27,12:50:00,1.294,0.070,242.440,5.200,0.000,0.000,18.0
2008-11-27,12:51:00,1.300,0.070,242.610,5.200,0.000,0.000,18.0
2008-11-27,12:52:00,1.366,0.000,242.080,5.600,0.000,0.000,18.0
2008-11-27,12:53:00,1.370,0.000,241.820,5.600,0.000,0.000,18.0
2008-11-27,12:54:00,1.366,0.000,241.510,5.600,0.000,0.000,18.0
2008-11-27,12:55:00,1.370,0.000,241.960,5.600,0.000,0.000,18.0
2008-11-27,12:56:00,1.366,0.000,241.600,5.600,0.000,0.000,18.0
2008-11-27,12:57:00,1.368,0.000,241.870,5.600,0.000,0.000,18.0
2008-11-27,12:58:00,1.368,0.000,242.140,5.600,0.000,0.000,18.0
2008-11-27,12:59:00,1.364,0.000,241.740,5.600,0.000,0.000,18.0
2008-11-27,13:00:00,1.570,0.000,240.940,7.000,0.000,0.000,18.0
2008-11-27,13:01:00,3.002,0.000,239.350,12.400,0.000,0.000,17.0
2008-11-27,13:02:00,2.884,0.000,240.010,12.000,0.000,0.000,18.0
2008-11-27,13:03:00,2.822,0.052,240.190,11.600,0.000,0.000,18.0
2008-11-27,13:04:00,2.894,0.000,240.880,12.000,0.000,0.000,17.0
2008-11-27,13:05:00,2.548,0.052,240.870,10.600,0.000,0.000,18.0
2008-11-27,13:06:00,2.422,0.052,240.440,10.000,0.000,0.000,18.0
2008-11-27,13:07:00,2.424,0.052,240.320,10.000,0.000,0.000,18.0
2008-11-27,13:08:00,1.566,0.060,240.930,6.600,0.000,0.000,17.0
2008-11-27,13:09:00,1.382,0.060,240.470,5.600,0.000,0.000,18.0
2008-11-27,13:10:00,1.384,0.060,240.890,5.600,0.000,0.000,18.0
2008-11-27,13:11:00,1.392,0.062,241.710,5.600,0.000,0.000,18.0
2008-11-27,13:12:00,1.400,0.066,242.640,5.600,0.000,0.000,18.0
2008-11-27,13:13:00,1.398,0.064,242.470,5.600,0.000,0.000,18.0
2008-11-27,13:14:00,1.394,0.064,242.210,5.600,0.000,0.000,18.0
2008-11-27,13:15:00,1.390,0.064,241.940,5.600,0.000,0.000,18.0
2008-11-27,13:16:00,1.396,0.064,242.530,5.600,0.000,0.000,18.0
2008-11-27,13:17:00,1.396,0.064,242.750,5.600,0.000,0.000,18.0
2008-11-27,13:18:00,1.392,0.064,242.400,5.600,0.000,0.000,18.0
2008-11-27,13:19:00,1.396,0.064,242.730,5.600,0.000,0.000,18.0
2008-11-27,13:20:00,1.390,0.062,242.230,5.600,0.000,0.000,18.0
2008-11-27,13:21:00,2.446,0.052,240.810,10.800,0.000,0.000,18.0
2008-11-27,13:22:00,2.906,0.000,239.450,12.000,0.000,0.000,17.0
2008-11-27,13:23:00,2.792,0.086,239.820,11.600,0.000,0.000,18.0
2008-11-27,13:24:00,2.790,0.086,240.150,11.600,0.000,0.000,18.0
2008-11-27,13:25:00,2.672,0.084,240.460,11.000,0.000,0.000,17.0
2008-11-27,13:26:00,2.306,0.082,240.650,9.600,0.000,0.000,18.0
2008-11-27,13:27:00,2.316,0.082,240.560,9.600,0.000,0.000,18.0
2008-11-27,13:28:00,2.314,0.082,240.330,9.600,0.000,0.000,18.0
2008-11-27,13:29:00,1.776,0.076,240.750,7.600,0.000,0.000,17.0
2008-11-27,13:30:00,1.286,0.072,241.250,5.200,0.000,0.000,18.0
2008-11-27,13:31:00,1.284,0.072,241.020,5.200,0.000,0.000,18.0
2008-11-27,13:32:00,1.286,0.072,241.110,5.200,0.000,0.000,18.0
2008-11-27,13:33:00,1.286,0.072,241.160,5.200,0.000,0.000,18.0
2008-11-27,13:34:00,1.282,0.074,240.870,5.200,0.000,0.000,18.0
2008-11-27,13:35:00,1.288,0.072,241.360,5.200,0.000,0.000,17.0
2008-11-27,13:36:00,1.288,0.072,241.510,5.200,0.000,0.000,18.0
2008-11-27,13:37:00,1.288,0.072,242.070,5.200,0.000,0.000,18.0
2008-11-27,13:38:00,1.282,0.072,241.470,5.200,0.000,0.000,18.0
2008-11-27,13:39:00,1.276,0.074,240.880,5.200,0.000,0.000,18.0
2008-11-27,13:40:00,1.318,0.000,240.750,5.400,0.000,0.000,18.0
2008-11-27,13:41:00,1.340,0.000,239.970,5.600,0.000,0.000,17.0
2008-11-27,13:42:00,1.340,0.000,239.830,5.600,0.000,0.000,18.0
2008-11-27,13:43:00,2.716,0.000,238.750,11.600,0.000,0.000,17.0
2008-11-27,13:44:00,2.886,0.000,239.330,12.000,0.000,0.000,18.0
2008-11-27,13:45:00,2.878,0.000,240.260,11.800,0.000,0.000,18.0
2008-11-27,13:46:00,2.866,0.000,240.120,11.800,0.000,0.000,17.0
2008-11-27,13:47:00,2.662,0.000,240.110,11.000,0.000,0.000,18.0
2008-11-27,13:48:00,2.366,0.000,239.660,9.800,0.000,0.000,18.0
2008-11-27,13:49:00,2.366,0.000,239.250,9.800,0.000,0.000,17.0
2008-11-27,13:50:00,2.114,0.000,239.610,9.000,0.000,0.000,18.0
2008-11-27,13:51:00,1.344,0.000,240.980,5.600,0.000,0.000,18.0
2008-11-27,13:52:00,1.292,0.046,240.700,5.200,0.000,0.000,17.0
2008-11-27,13:53:00,1.268,0.074,240.190,5.200,0.000,0.000,18.0
2008-11-27,13:54:00,1.266,0.074,239.920,5.200,0.000,0.000,18.0
2008-11-27,13:55:00,1.264,0.074,239.570,5.200,0.000,0.000,17.0
2008-11-27,13:56:00,1.380,0.000,240.700,5.600,0.000,0.000,18.0
2008-11-27,13:57:00,1.388,0.060,241.110,5.600,0.000,0.000,18.0
2008-11-27,13:58:00,1.382,0.060,240.980,5.600,0.000,0.000,18.0
2008-11-27,13:59:00,1.386,0.060,241.010,5.600,0.000,0.000,18.0
2008-11-27,14:00:00,1.388,0.060,241.010,5.600,0.000,0.000,17.0
2008-11-27,14:01:00,1.390,0.062,241.380,5.600,0.000,0.000,18.0
2008-11-27,14:02:00,1.384,0.060,240.940,5.600,0.000,0.000,18.0
2008-11-27,14:03:00,1.382,0.060,240.930,5.600,0.000,0.000,18.0
2008-11-27,14:04:00,2.820,0.046,239.580,12.000,0.000,0.000,17.0
2008-11-27,14:05:00,2.894,0.000,239.010,12.000,0.000,0.000,18.0
2008-11-27,14:06:00,2.878,0.046,239.510,12.000,0.000,0.000,18.0
2008-11-27,14:07:00,2.880,0.046,239.930,12.000,0.000,0.000,17.0
2008-11-27,14:08:00,2.706,0.054,242.220,11.200,0.000,0.000,18.0
2008-11-27,14:09:00,2.430,0.054,242.210,10.000,0.000,0.000,18.0
2008-11-27,14:10:00,2.424,0.052,241.450,10.000,0.000,0.000,18.0
2008-11-27,14:11:00,2.146,0.058,242.520,9.000,0.000,0.000,18.0
2008-11-27,14:12:00,1.388,0.064,242.680,5.600,0.000,0.000,18.0
2008-11-27,14:13:00,1.402,0.068,244.080,5.600,0.000,0.000,18.0
2008-11-27,14:14:00,1.410,0.068,244.640,5.600,0.000,0.000,19.0
2008-11-27,14:15:00,1.328,0.066,245.230,5.400,0.000,0.000,18.0
2008-11-27,14:16:00,1.318,0.068,244.300,5.400,0.000,0.000,18.0
2008-11-27,14:17:00,1.316,0.068,244.450,5.400,0.000,0.000,19.0
2008-11-27,14:18:00,1.378,0.000,243.610,5.600,0.000,0.000,18.0
2008-11-27,14:19:00,1.388,0.054,243.700,5.600,0.000,1.000,18.0
2008-11-27,14:20:00,1.384,0.054,243.530,5.600,0.000,1.000,18.0
2008-11-27,14:21:00,1.386,0.054,243.490,5.600,0.000,2.000,18.0
2008-11-27,14:22:00,1.384,0.052,243.340,5.600,0.000,1.000,19.0
2008-11-27,14:23:00,1.380,0.052,242.800,5.600,0.000,2.000,18.0
2008-11-27,14:24:00,1.386,0.054,243.500,5.600,0.000,1.000,18.0
2008-11-27,14:25:00,2.670,0.000,243.210,11.400,0.000,1.000,18.0
2008-11-27,14:26:00,3.000,0.000,244.160,12.200,0.000,2.000,18.0
2008-11-27,14:27:00,2.956,0.000,243.800,12.000,0.000,1.000,18.0
2008-11-27,14:28:00,2.944,0.000,243.610,12.000,0.000,2.000,19.0
2008-11-27,14:29:00,2.798,0.100,243.450,11.400,0.000,1.000,18.0
2008-11-27,14:30:00,2.502,0.150,242.540,10.200,0.000,1.000,18.0
2008-11-27,14:31:00,2.520,0.150,242.980,10.200,0.000,2.000,18.0
2008-11-27,14:32:00,2.470,0.152,243.270,10.200,0.000,1.000,18.0
2008-11-27,14:33:00,1.466,0.164,244.310,6.000,0.000,1.000,18.0
2008-11-27,14:34:00,1.468,0.164,244.740,6.000,0.000,2.000,19.0
2008-11-27,14:35:00,1.464,0.164,244.560,6.000,0.000,1.000,18.0
2008-11-27,14:36:00,1.452,0.160,243.700,6.000,0.000,1.000,18.0
2008-11-27,14:37:00,1.450,0.160,243.710,6.000,0.000,2.000,18.0
2008-11-27,14:38:00,1.446,0.160,243.400,5.800,0.000,1.000,19.0
2008-11-27,14:39:00,1.448,0.160,243.650,5.800,0.000,1.000,18.0
2008-11-27,14:40:00,1.452,0.162,244.050,6.000,0.000,1.000,18.0
2008-11-27,14:41:00,1.386,0.000,245.020,5.600,0.000,1.000,18.0
2008-11-27,14:42:00,1.310,0.070,244.050,5.200,0.000,0.000,19.0
2008-11-27,14:43:00,1.286,0.070,241.860,5.200,0.000,0.000,18.0
2008-11-27,14:44:00,1.294,0.070,242.200,5.200,0.000,0.000,18.0
2008-11-27,14:45:00,1.292,0.070,241.600,5.200,0.000,0.000,17.0
2008-11-27,14:46:00,1.678,0.074,240.690,7.600,0.000,0.000,18.0
2008-11-27,14:47:00,2.912,0.084,239.860,12.000,0.000,0.000,18.0
2008-11-27,14:48:00,2.890,0.000,240.570,12.000,0.000,0.000,18.0
2008-11-27,14:49:00,2.906,0.048,240.340,12.000,0.000,0.000,17.0
2008-11-27,14:50:00,2.896,0.048,240.250,12.000,0.000,0.000,18.0
2008-11-27,14:51:00,2.504,0.052,240.690,10.400,0.000,0.000,18.0
2008-11-27,14:52:00,2.430,0.054,241.290,10.000,0.000,0.000,18.0
2008-11-27,14:53:00,2.438,0.054,241.590,10.000,0.000,0.000,18.0
2008-11-27,14:54:00,1.894,0.060,242.210,8.000,0.000,0.000,18.0
2008-11-27,14:55:00,1.400,0.066,243.070,5.600,0.000,0.000,18.0
2008-11-27,14:56:00,1.396,0.066,242.840,5.600,0.000,0.000,18.0
2008-11-27,14:57:00,1.392,0.066,242.610,5.600,0.000,0.000,18.0
2008-11-27,14:58:00,1.394,0.066,242.830,5.600,0.000,0.000,18.0
2008-11-27,14:59:00,1.390,0.064,242.170,5.600,0.000,0.000,18.0
2008-11-27,15:00:00,1.394,0.064,242.320,5.600,0.000,0.000,18.0
2008-11-27,15:01:00,1.400,0.066,242.950,5.600,0.000,0.000,18.0
2008-11-27,15:02:00,1.396,0.066,242.620,5.600,0.000,0.000,18.0
2008-11-27,15:03:00,1.382,0.062,241.410,5.600,0.000,0.000,18.0
2008-11-27,15:04:00,1.380,0.062,241.210,5.600,0.000,0.000,18.0
2008-11-27,15:05:00,1.380,0.062,241.350,5.600,0.000,0.000,18.0
2008-11-27,15:06:00,1.384,0.064,241.740,5.600,0.000,0.000,17.0
2008-11-27,15:07:00,1.314,0.000,242.220,5.400,0.000,0.000,18.0
2008-11-27,15:08:00,2.940,0.084,239.700,12.200,0.000,0.000,18.0
2008-11-27,15:09:00,2.796,0.084,239.190,11.600,0.000,0.000,18.0
2008-11-27,15:10:00,2.772,0.084,239.000,11.600,0.000,0.000,17.0
2008-11-27,15:11:00,2.776,0.084,239.440,11.600,0.000,0.000,18.0
2008-11-27,15:12:00,2.488,0.082,239.670,10.400,0.000,0.000,17.0
2008-11-27,15:13:00,2.314,0.080,240.690,9.600,0.000,0.000,18.0
2008-11-27,15:14:00,2.346,0.078,241.950,9.600,0.000,0.000,18.0
2008-11-27,15:15:00,2.356,0.078,242.210,9.600,0.000,0.000,18.0
2008-11-27,15:16:00,1.860,0.074,242.800,7.800,0.000,0.000,18.0
2008-11-27,15:17:00,1.358,0.000,242.790,5.600,0.000,0.000,18.0
2008-11-27,15:18:00,1.366,0.000,241.740,5.600,0.000,0.000,18.0
2008-11-27,15:19:00,1.366,0.000,241.680,5.600,0.000,0.000,18.0
2008-11-27,15:20:00,1.366,0.000,241.750,5.600,0.000,0.000,18.0
2008-11-27,15:21:00,1.362,0.000,241.480,5.600,0.000,0.000,18.0
2008-11-27,15:22:00,1.364,0.000,241.640,5.600,0.000,0.000,18.0
2008-11-27,15:23:00,1.352,0.000,240.770,5.600,0.000,0.000,17.0
2008-11-27,15:24:00,1.344,0.000,240.480,5.600,0.000,0.000,18.0
2008-11-27,15:25:00,1.346,0.000,241.090,5.600,0.000,0.000,18.0
2008-11-27,15:26:00,0.440,0.000,242.150,2.400,0.000,0.000,4.0
2008-11-27,15:27:00,0.278,0.046,242.830,1.200,0.000,0.000,0.0
2008-11-27,15:28:00,0.278,0.046,242.970,1.200,0.000,0.000,0.0
2008-11-27,15:29:00,0.220,0.000,242.880,1.000,0.000,0.000,0.0
2008-11-27,15:30:00,1.522,0.072,241.360,7.000,0.000,0.000,0.0
2008-11-27,15:31:00,1.772,0.076,240.130,7.400,0.000,0.000,0.0
2008-11-27,15:32:00,1.738,0.076,239.780,7.200,0.000,0.000,0.0
2008-11-27,15:33:00,1.720,0.078,239.020,7.200,0.000,0.000,0.0
2008-11-27,15:34:00,1.534,0.076,238.950,6.400,0.000,0.000,0.0
2008-11-27,15:35:00,1.240,0.074,239.940,5.000,0.000,0.000,0.0
2008-11-27,15:36:00,1.254,0.072,240.420,5.200,0.000,0.000,0.0
2008-11-27,15:37:00,1.252,0.074,239.910,5.200,0.000,0.000,0.0
2008-11-27,15:38:00,0.936,0.070,240.330,4.400,0.000,0.000,0.0
2008-11-27,15:39:00,0.204,0.060,241.660,0.800,0.000,0.000,0.0
2008-11-27,15:40:00,0.204,0.060,241.530,0.800,0.000,0.000,0.0
2008-11-27,15:41:00,0.316,0.056,242.010,1.400,0.000,0.000,0.0
2008-11-27,15:42:00,0.316,0.076,242.410,1.200,0.000,0.000,0.0
2008-11-27,15:43:00,0.318,0.080,244.060,1.200,0.000,0.000,0.0
2008-11-27,15:44:00,0.320,0.080,243.830,1.400,0.000,0.000,0.0
2008-11-27,15:45:00,0.322,0.078,243.540,1.400,0.000,0.000,0.0
2008-11-27,15:46:00,0.318,0.074,242.280,1.400,0.000,0.000,0.0
2008-11-27,15:47:00,0.316,0.076,242.780,1.200,0.000,0.000,0.0
2008-11-27,15:48:00,0.314,0.078,243.440,1.200,0.000,0.000,0.0
2008-11-27,15:49:00,0.310,0.080,243.900,1.200,0.000,0.000,0.0
2008-11-27,15:50:00,0.308,0.078,243.690,1.200,0.000,0.000,0.0
2008-11-27,15:51:00,0.310,0.078,243.370,1.200,0.000,0.000,0.0
2008-11-27,15:52:00,1.228,0.066,242.180,6.400,0.000,0.000,0.0
2008-11-27,15:53:00,1.892,0.054,240.740,7.800,0.000,0.000,0.0
2008-11-27,15:54:00,1.838,0.054,240.650,7.600,0.000,0.000,0.0
2008-11-27,15:55:00,1.832,0.054,240.930,7.600,0.000,0.000,0.0
2008-11-27,15:56:00,1.756,0.054,240.660,7.200,0.000,0.000,0.0
2008-11-27,15:57:00,1.322,0.058,240.300,5.400,0.000,0.000,0.0
2008-11-27,15:58:00,1.330,0.056,239.540,5.400,0.000,0.000,0.0
2008-11-27,15:59:00,1.342,0.058,240.010,5.600,0.000,0.000,0.0
2008-11-27,16:00:00,0.662,0.000,241.480,3.400,0.000,0.000,0.0
2008-11-27,16:01:00,0.214,0.058,242.590,0.800,0.000,0.000,0.0
2008-11-27,16:02:00,0.214,0.058,242.750,0.800,0.000,0.000,0.0
2008-11-27,16:03:00,0.212,0.060,242.400,0.800,0.000,0.000,0.0
2008-11-27,16:04:00,0.212,0.060,242.260,0.800,0.000,0.000,0.0
2008-11-27,16:05:00,0.244,0.000,242.020,1.200,0.000,0.000,0.0
2008-11-27,16:06:00,0.284,0.000,242.760,1.200,0.000,0.000,0.0
2008-11-27,16:07:00,0.284,0.000,242.440,1.200,0.000,0.000,0.0
2008-11-27,16:08:00,0.282,0.000,242.140,1.200,0.000,0.000,0.0
2008-11-27,16:09:00,0.282,0.000,242.610,1.200,0.000,0.000,0.0
2008-11-27,16:10:00,0.280,0.000,241.860,1.200,0.000,0.000,0.0
2008-11-27,16:11:00,0.278,0.000,240.950,1.200,0.000,0.000,0.0
2008-11-27,16:12:00,0.276,0.000,240.800,1.200,0.000,0.000,0.0
2008-11-27,16:13:00,0.276,0.000,240.600,1.200,0.000,0.000,0.0
2008-11-27,16:14:00,1.720,0.000,239.020,7.600,0.000,0.000,0.0
2008-11-27,16:15:00,1.832,0.000,239.870,7.600,0.000,0.000,0.0
2008-11-27,16:16:00,1.804,0.000,239.750,7.400,0.000,0.000,0.0
2008-11-27,16:17:00,1.802,0.000,240.220,7.400,0.000,0.000,0.0
2008-11-27,16:18:00,1.496,0.066,239.910,6.200,0.000,0.000,0.0
2008-11-27,16:19:00,1.228,0.074,239.220,5.000,0.000,0.000,0.0
2008-11-27,16:20:00,1.234,0.074,239.050,5.000,0.000,0.000,0.0
2008-11-27,16:21:00,1.246,0.072,240.000,5.200,0.000,0.000,0.0
2008-11-27,16:22:00,0.970,0.068,240.820,4.400,0.000,0.000,0.0
2008-11-27,16:23:00,0.206,0.060,242.290,0.800,0.000,0.000,0.0
2008-11-27,16:24:00,0.206,0.058,242.380,0.800,0.000,0.000,0.0
2008-11-27,16:25:00,0.206,0.060,242.060,0.800,0.000,0.000,0.0
2008-11-27,16:26:00,0.206,0.060,241.630,0.800,0.000,0.000,0.0
2008-11-27,16:27:00,0.206,0.060,242.150,0.800,0.000,0.000,0.0
2008-11-27,16:28:00,0.206,0.058,242.360,0.800,0.000,0.000,0.0
2008-11-27,16:29:00,0.210,0.058,242.730,0.800,0.000,0.000,0.0
2008-11-27,16:30:00,0.214,0.058,243.070,0.800,0.000,0.000,0.0
2008-11-27,16:31:00,0.212,0.058,242.730,0.800,0.000,0.000,0.0
2008-11-27,16:32:00,0.204,0.060,241.360,0.800,0.000,0.000,0.0
2008-11-27,16:33:00,0.242,0.000,241.130,1.200,0.000,0.000,0.0
2008-11-27,16:34:00,0.318,0.074,242.060,1.400,0.000,0.000,0.0
2008-11-27,16:35:00,0.316,0.076,242.350,1.200,0.000,0.000,0.0
2008-11-27,16:36:00,0.706,0.070,242.170,4.400,0.000,0.000,0.0
2008-11-27,16:37:00,1.964,0.056,241.070,8.000,0.000,0.000,0.0
2008-11-27,16:38:00,1.898,0.092,241.040,7.800,0.000,0.000,0.0
2008-11-27,16:39:00,1.926,0.180,241.250,8.000,0.000,1.000,0.0
2008-11-27,16:40:00,1.928,0.182,241.760,8.000,0.000,1.000,0.0
2008-11-27,16:41:00,1.476,0.186,241.470,6.200,0.000,2.000,0.0
2008-11-27,16:42:00,1.442,0.188,242.180,6.000,0.000,1.000,0.0
2008-11-27,16:43:00,1.444,0.188,242.100,6.000,0.000,2.000,0.0
2008-11-27,16:44:00,0.886,0.196,242.730,4.200,0.000,1.000,0.0
2008-11-27,16:45:00,0.390,0.202,242.800,1.800,0.000,1.000,0.0
2008-11-27,16:46:00,0.390,0.202,243.060,1.800,0.000,2.000,0.0
2008-11-27,16:47:00,0.390,0.206,243.820,1.800,0.000,1.000,0.0
2008-11-27,16:48:00,0.390,0.208,244.180,1.800,0.000,2.000,0.0
2008-11-27,16:49:00,0.388,0.204,243.500,1.800,0.000,1.000,0.0
2008-11-27,16:50:00,0.388,0.204,243.350,1.800,0.000,1.000,0.0
2008-11-27,16:51:00,0.386,0.202,242.880,1.800,0.000,2.000,0.0
2008-11-27,16:52:00,0.360,0.168,243.640,1.600,0.000,1.000,0.0
2008-11-27,16:53:00,0.290,0.066,243.280,1.200,0.000,1.000,0.0
2008-11-27,16:54:00,0.320,0.084,243.440,1.400,0.000,2.000,0.0
2008-11-27,16:55:00,0.364,0.168,242.790,1.600,0.000,1.000,0.0
2008-11-27,16:56:00,0.362,0.170,242.900,1.600,0.000,1.000,0.0
2008-11-27,16:57:00,0.360,0.168,242.590,1.600,0.000,2.000,0.0
2008-11-27,16:58:00,1.704,0.150,241.030,7.800,0.000,1.000,0.0
2008-11-27,16:59:00,1.912,0.144,239.890,8.000,0.000,1.000,0.0
2008-11-27,17:00:00,1.864,0.140,238.480,7.800,0.000,1.000,0.0
2008-11-27,17:01:00,1.864,0.142,239.170,7.800,0.000,2.000,0.0
2008-11-27,17:02:00,1.616,0.000,240.030,6.800,0.000,0.000,0.0
2008-11-27,17:03:00,1.304,0.000,240.100,5.400,0.000,0.000,0.0
2008-11-27,17:04:00,1.312,0.000,239.850,5.400,0.000,0.000,0.0
2008-11-27,17:05:00,1.306,0.000,239.210,5.400,0.000,0.000,0.0
2008-11-27,17:06:00,1.304,0.000,239.460,5.400,0.000,0.000,0.0
2008-11-27,17:07:00,0.540,0.064,241.120,3.000,0.000,0.000,0.0
2008-11-27,17:08:00,0.204,0.062,240.540,0.800,0.000,0.000,0.0
2008-11-27,17:09:00,0.204,0.062,240.230,0.800,0.000,0.000,0.0
2008-11-27,17:10:00,0.204,0.062,240.810,0.800,0.000,0.000,0.0
2008-11-27,17:11:00,0.206,0.062,241.170,0.800,0.000,0.000,0.0
2008-11-27,17:12:00,0.204,0.062,240.480,0.800,0.000,0.000,0.0
2008-11-27,17:13:00,0.204,0.062,240.860,0.800,0.000,0.000,0.0
2008-11-27,17:14:00,0.210,0.060,241.270,0.800,0.000,0.000,0.0
2008-11-27,17:15:00,0.216,0.058,243.090,0.800,0.000,0.000,0.0
2008-11-27,17:16:00,0.214,0.058,242.840,0.800,0.000,0.000,0.0
2008-11-27,17:17:00,0.214,0.060,242.340,0.800,0.000,0.000,0.0
2008-11-27,17:18:00,0.214,0.060,242.390,0.800,0.000,0.000,0.0
2008-11-27,17:19:00,0.212,0.060,242.210,0.800,0.000,0.000,0.0
2008-11-27,17:20:00,0.212,0.062,241.350,0.800,0.000,0.000,0.0
2008-11-27,17:21:00,1.386,0.072,240.990,6.800,0.000,0.000,0.0
2008-11-27,17:22:00,1.786,0.078,241.020,7.400,0.000,0.000,0.0
2008-11-27,17:23:00,1.752,0.078,241.350,7.200,0.000,0.000,0.0
2008-11-27,17:24:00,1.742,0.078,241.270,7.200,0.000,0.000,0.0
2008-11-27,17:25:00,1.584,0.076,240.550,6.600,0.000,0.000,0.0
2008-11-27,17:26:00,1.336,0.000,240.230,5.600,0.000,0.000,0.0
2008-11-27,17:27:00,1.354,0.056,240.080,5.600,0.000,0.000,0.0
2008-11-27,17:28:00,1.356,0.058,240.530,5.600,0.000,0.000,0.0
2008-11-27,17:29:00,1.362,0.058,240.850,5.600,0.000,0.000,0.0
2008-11-27,17:30:00,0.552,0.072,242.000,2.800,0.000,0.000,0.0
2008-11-27,17:31:00,0.318,0.074,242.220,1.400,0.000,0.000,0.0
2008-11-27,17:32:00,0.316,0.074,241.860,1.200,0.000,0.000,0.0
2008-11-27,17:33:00,0.314,0.072,241.490,1.200,0.000,0.000,0.0
2008-11-27,17:34:00,0.312,0.072,241.450,1.200,0.000,0.000,0.0
2008-11-27,17:35:00,0.314,0.074,242.160,1.200,0.000,0.000,0.0
2008-11-27,17:36:00,0.312,0.076,242.670,1.200,0.000,0.000,0.0
2008-11-27,17:37:00,0.312,0.076,243.020,1.200,0.000,0.000,0.0
2008-11-27,17:38:00,0.310,0.074,242.040,1.200,0.000,0.000,0.0
2008-11-27,17:39:00,0.308,0.074,241.830,1.200,0.000,0.000,0.0
2008-11-27,17:40:00,0.306,0.070,240.570,1.200,0.000,0.000,0.0
2008-11-27,17:41:00,0.306,0.070,240.410,1.200,0.000,0.000,0.0
2008-11-27,17:42:00,0.304,0.070,240.560,1.200,0.000,0.000,0.0
2008-11-27,17:43:00,0.334,0.086,241.100,1.600,0.000,0.000,0.0
2008-11-27,17:44:00,1.666,0.136,239.570,7.600,0.000,0.000,0.0
2008-11-27,17:45:00,1.836,0.000,239.160,7.600,0.000,0.000,0.0
2008-11-27,17:46:00,1.816,0.000,240.210,7.400,0.000,0.000,0.0
2008-11-27,17:47:00,1.810,0.000,240.220,7.400,0.000,0.000,0.0
2008-11-27,17:48:00,1.580,0.000,240.690,6.600,0.000,0.000,0.0
2008-11-27,17:49:00,1.314,0.000,240.830,5.400,0.000,0.000,0.0
2008-11-27,17:50:00,1.318,0.000,240.490,5.400,0.000,0.000,0.0
2008-11-27,17:51:00,1.322,0.000,240.770,5.400,0.000,0.000,0.0
2008-11-27,17:52:00,1.238,0.000,240.700,5.200,0.000,0.000,0.0
2008-11-27,17:53:00,0.276,0.000,242.170,1.200,0.000,0.000,0.0
2008-11-27,17:54:00,0.276,0.000,241.950,1.200,0.000,0.000,0.0
2008-11-27,17:55:00,0.276,0.000,242.070,1.200,0.000,0.000,0.0
2008-11-27,17:56:00,0.216,0.000,242.620,1.000,0.000,0.000,0.0
2008-11-27,17:57:00,0.212,0.060,242.540,0.800,0.000,0.000,0.0
2008-11-27,17:58:00,0.214,0.058,243.230,0.800,0.000,0.000,0.0
2008-11-27,17:59:00,0.214,0.060,243.210,0.800,0.000,0.000,0.0
2008-11-27,18:00:00,0.214,0.060,243.150,0.800,0.000,0.000,0.0
2008-11-27,18:01:00,0.214,0.060,243.250,0.800,0.000,0.000,0.0
2008-11-27,18:02:00,0.214,0.060,243.130,0.800,0.000,0.000,0.0
2008-11-27,18:03:00,0.210,0.060,242.610,0.800,0.000,0.000,0.0
2008-11-27,18:04:00,0.206,0.060,243.230,0.800,0.000,0.000,0.0
2008-11-27,18:05:00,0.206,0.060,243.150,0.800,0.000,0.000,0.0
2008-11-27,18:06:00,0.368,0.062,242.750,2.800,0.000,0.000,0.0
2008-11-27,18:07:00,1.910,0.078,241.510,7.800,0.000,0.000,0.0
2008-11-27,18:08:00,1.768,0.078,241.680,7.200,0.000,0.000,0.0
2008-11-27,18:09:00,1.758,0.076,242.270,7.200,0.000,0.000,0.0
2008-11-27,18:10:00,1.746,0.076,241.860,7.200,0.000,0.000,0.0
2008-11-27,18:11:00,1.340,0.074,241.170,5.600,0.000,0.000,0.0
2008-11-27,18:12:00,1.262,0.072,241.840,5.200,0.000,0.000,0.0
2008-11-27,18:13:00,1.274,0.072,242.460,5.200,0.000,0.000,0.0
2008-11-27,18:14:00,1.274,0.070,242.530,5.200,0.000,0.000,0.0
2008-11-27,18:15:00,0.744,0.064,243.030,3.600,0.000,0.000,0.0
2008-11-27,18:16:00,0.214,0.058,243.210,0.800,0.000,0.000,0.0
2008-11-27,18:17:00,0.214,0.058,243.550,0.800,0.000,0.000,0.0
2008-11-27,18:18:00,0.244,0.000,242.870,1.200,0.000,0.000,0.0
2008-11-27,18:19:00,0.352,0.072,241.920,1.400,0.000,0.000,0.0
2008-11-27,18:20:00,0.448,0.068,241.730,2.000,0.000,0.000,0.0
2008-11-27,18:21:00,1.228,0.070,241.750,5.000,0.000,0.000,0.0
2008-11-27,18:22:00,1.340,0.066,241.430,5.400,0.000,0.000,0.0
2008-11-27,18:23:00,0.964,0.070,241.590,4.200,0.000,0.000,0.0
2008-11-27,18:24:00,0.772,0.064,241.570,3.200,0.000,0.000,0.0
2008-11-27,18:25:00,0.956,0.082,241.970,4.000,0.000,0.000,0.0
2008-11-27,18:26:00,0.772,0.066,242.440,3.200,0.000,0.000,0.0
2008-11-27,18:27:00,0.778,0.068,242.490,3.200,0.000,0.000,0.0
2008-11-27,18:28:00,0.778,0.068,242.420,3.200,0.000,0.000,0.0
2008-11-27,18:29:00,1.550,0.060,242.070,7.400,0.000,0.000,0.0
2008-11-27,18:30:00,2.380,0.052,241.380,9.800,0.000,0.000,0.0
2008-11-27,18:31:00,2.374,0.050,241.140,9.800,0.000,0.000,0.0
2008-11-27,18:32:00,2.398,0.104,240.150,10.000,0.000,0.000,0.0
2008-11-27,18:33:00,2.370,0.158,239.530,9.800,0.000,0.000,0.0
2008-11-27,18:34:00,1.924,0.162,240.130,8.000,0.000,0.000,0.0
2008-11-27,18:35:00,1.940,0.162,240.150,8.000,0.000,0.000,0.0
2008-11-27,18:36:00,1.928,0.158,239.090,8.000,0.000,0.000,0.0
2008-11-27,18:37:00,1.902,0.118,239.250,7.800,0.000,0.000,0.0
2008-11-27,18:38:00,1.328,0.000,239.770,5.800,0.000,0.000,0.0
2008-11-27,18:39:00,0.806,0.000,241.060,3.200,0.000,0.000,0.0
2008-11-27,18:40:00,0.802,0.000,240.450,3.200,0.000,0.000,0.0
2008-11-27,18:41:00,0.800,0.000,240.320,3.200,0.000,0.000,0.0
2008-11-27,18:42:00,0.804,0.000,240.630,3.200,0.000,0.000,0.0
2008-11-27,18:43:00,0.806,0.000,240.920,3.200,0.000,0.000,0.0
2008-11-27,18:44:00,0.802,0.000,240.470,3.200,0.000,0.000,0.0
2008-11-27,18:45:00,0.730,0.062,240.660,3.000,0.000,0.000,0.0
2008-11-27,18:46:00,0.728,0.062,240.450,3.000,0.000,0.000,0.0
2008-11-27,18:47:00,0.730,0.062,240.920,3.000,0.000,0.000,0.0
2008-11-27,18:48:00,0.730,0.062,240.780,3.000,0.000,0.000,0.0
2008-11-27,18:49:00,0.728,0.062,240.270,3.000,0.000,0.000,0.0
2008-11-27,18:50:00,0.730,0.062,240.710,3.000,0.000,0.000,0.0
2008-11-27,18:51:00,0.730,0.062,240.610,3.000,0.000,0.000,0.0
2008-11-27,18:52:00,1.428,0.070,239.380,7.000,0.000,0.000,0.0
2008-11-27,18:53:00,2.300,0.078,238.290,9.600,0.000,0.000,0.0
2008-11-27,18:54:00,2.238,0.076,238.510,9.400,0.000,0.000,0.0
2008-11-27,18:55:00,2.230,0.076,238.680,9.200,0.000,0.000,0.0
2008-11-27,18:56:00,2.012,0.074,238.520,8.400,0.000,0.000,0.0
2008-11-27,18:57:00,1.748,0.072,238.980,7.200,0.000,0.000,0.0
2008-11-27,18:58:00,3.686,0.000,236.320,16.000,28.000,0.000,0.0
2008-11-27,18:59:00,3.972,0.070,235.440,16.800,37.000,1.000,0.0
2008-11-27,19:00:00,3.542,0.074,236.070,15.000,37.000,1.000,0.0
2008-11-27,19:01:00,2.984,0.078,237.070,12.400,37.000,1.000,0.0
2008-11-27,19:02:00,2.998,0.080,237.420,12.600,38.000,2.000,0.0
2008-11-27,19:03:00,2.996,0.078,237.430,12.600,38.000,1.000,0.0
2008-11-27,19:04:00,3.036,0.082,238.870,12.600,38.000,2.000,0.0
2008-11-27,19:05:00,3.042,0.084,239.300,12.600,38.000,1.000,0.0
2008-11-27,19:06:00,1.216,0.098,240.270,6.200,11.000,1.000,0.0
2008-11-27,19:07:00,0.978,0.264,240.840,4.200,1.000,2.000,0.0
2008-11-27,19:08:00,1.232,0.290,240.220,5.800,0.000,1.000,0.0
2008-11-27,19:09:00,3.244,0.264,237.960,13.600,38.000,2.000,0.0
2008-11-27,19:10:00,1.752,0.278,239.110,8.600,16.000,1.000,0.0
2008-11-27,19:11:00,1.196,0.560,240.270,5.400,1.000,1.000,0.0
2008-11-27,19:12:00,1.318,0.454,240.800,5.800,0.000,2.000,0.0
2008-11-27,19:13:00,1.964,0.442,239.730,9.000,3.000,1.000,0.0
2008-11-27,19:14:00,5.522,0.358,235.560,23.800,37.000,1.000,0.0
2008-11-27,19:15:00,4.048,0.376,237.880,17.400,12.000,2.000,0.0
2008-11-27,19:16:00,3.506,0.376,237.910,14.800,1.000,1.000,0.0
2008-11-27,19:17:00,3.412,0.408,238.670,14.400,0.000,1.000,0.0
2008-11-27,19:18:00,3.168,0.484,239.110,13.400,1.000,1.000,0.0
2008-11-27,19:19:00,4.718,0.468,237.420,20.200,29.000,2.000,0.0
2008-11-27,19:20:00,3.840,0.476,238.440,16.800,22.000,1.000,0.0
2008-11-27,19:21:00,2.780,0.460,238.790,11.800,0.000,1.000,0.0
2008-11-27,19:22:00,2.904,0.386,238.160,12.200,1.000,0.000,0.0
2008-11-27,19:23:00,2.280,0.414,239.400,9.600,0.000,0.000,0.0
2008-11-27,19:24:00,3.092,0.406,238.310,13.800,12.000,0.000,0.0
2008-11-27,19:25:00,4.470,0.396,237.910,18.800,38.000,0.000,0.0
2008-11-27,19:26:00,2.274,0.416,240.080,9.600,4.000,0.000,0.0
2008-11-27,19:27:00,2.068,0.400,241.650,8.600,0.000,0.000,0.0
2008-11-27,19:28:00,1.932,0.378,241.820,8.200,1.000,0.000,1.0
2008-11-27,19:29:00,2.772,0.368,240.620,11.600,0.000,0.000,18.0
2008-11-27,19:30:00,4.100,0.262,238.830,17.600,21.000,0.000,19.0
2008-11-27,19:31:00,5.304,0.176,237.840,22.600,38.000,0.000,17.0
2008-11-27,19:32:00,7.412,0.138,234.840,31.600,36.000,0.000,17.0
2008-11-27,19:33:00,7.468,0.184,234.560,31.800,37.000,0.000,17.0
2008-11-27,19:34:00,5.366,0.200,237.060,22.800,38.000,0.000,18.0
2008-11-27,19:35:00,5.160,0.204,237.860,21.600,38.000,0.000,17.0
2008-11-27,19:36:00,4.990,0.204,237.700,21.000,39.000,0.000,18.0
2008-11-27,19:37:00,7.118,0.188,234.650,30.600,37.000,0.000,17.0
2008-11-27,19:38:00,6.428,0.198,235.200,27.200,38.000,0.000,17.0
2008-11-27,19:39:00,6.272,0.190,235.110,26.600,37.000,0.000,17.0
2008-11-27,19:40:00,6.290,0.192,235.630,26.600,38.000,0.000,17.0
2008-11-27,19:41:00,6.946,0.382,234.840,29.600,37.000,0.000,17.0
2008-11-27,19:42:00,5.512,0.500,236.950,23.600,8.000,0.000,17.0
2008-11-27,19:43:00,5.242,0.480,237.800,22.200,2.000,0.000,17.0
2008-11-27,19:44:00,4.262,0.332,238.620,18.200,1.000,0.000,18.0
2008-11-27,19:45:00,4.602,0.364,237.670,19.600,1.000,0.000,17.0
2008-11-27,19:46:00,3.782,0.326,240.020,15.800,1.000,0.000,18.0
2008-11-27,19:47:00,3.158,0.324,240.350,13.400,1.000,0.000,17.0
2008-11-27,19:48:00,2.700,0.230,240.750,11.200,1.000,0.000,18.0
2008-11-27,19:49:00,2.642,0.144,240.490,11.000,1.000,0.000,18.0
2008-11-27,19:50:00,3.552,0.114,238.460,15.600,13.000,0.000,17.0
2008-11-27,19:51:00,4.790,0.100,236.760,20.200,38.000,0.000,18.0
2008-11-27,19:52:00,4.788,0.140,236.290,20.200,38.000,0.000,17.0
2008-11-27,19:53:00,2.720,0.256,239.800,11.400,4.000,0.000,17.0
2008-11-27,19:54:00,2.702,0.254,239.090,11.200,1.000,0.000,18.0
2008-11-27,19:55:00,2.612,0.224,239.820,10.800,1.000,0.000,17.0
2008-11-27,19:56:00,4.274,0.312,237.970,18.400,25.000,0.000,18.0
2008-11-27,19:57:00,4.882,0.306,237.750,20.400,38.000,0.000,17.0
2008-11-27,19:58:00,4.756,0.310,238.630,20.000,38.000,0.000,18.0
2008-11-27,19:59:00,2.748,0.358,241.250,11.400,2.000,0.000,17.0
2008-11-27,20:00:00,2.744,0.364,240.800,11.400,1.000,0.000,18.0
2008-11-27,20:01:00,4.408,0.350,239.520,18.400,1.000,0.000,18.0
2008-11-27,20:02:00,5.486,0.336,238.240,23.400,19.000,0.000,17.0
2008-11-27,20:03:00,6.372,0.326,237.350,26.800,38.000,0.000,18.0
2008-11-27,20:04:00,6.402,0.328,237.920,26.800,39.000,0.000,17.0
2008-11-27,20:05:00,5.764,0.336,238.640,24.400,35.000,0.000,17.0
2008-11-27,20:06:00,3.744,0.354,240.520,15.600,1.000,0.000,18.0
2008-11-27,20:07:00,3.954,0.336,239.000,16.800,2.000,0.000,18.0
2008-11-27,20:08:00,4.486,0.232,237.120,19.400,17.000,0.000,17.0
2008-11-27,20:09:00,4.312,0.182,236.640,18.200,0.000,0.000,17.0
2008-11-27,20:10:00,3.406,0.186,236.890,14.400,0.000,0.000,17.0
2008-11-27,20:11:00,3.194,0.190,236.670,13.400,0.000,0.000,18.0
2008-11-27,20:12:00,3.234,0.224,237.030,13.600,0.000,0.000,17.0
2008-11-27,20:13:00,3.290,0.246,237.090,13.800,2.000,0.000,17.0
2008-11-27,20:14:00,3.262,0.194,237.480,13.600,2.000,0.000,17.0
2008-11-27,20:15:00,2.740,0.066,238.710,11.600,1.000,0.000,18.0
2008-11-27,20:16:00,2.594,0.114,238.820,10.800,2.000,0.000,17.0
2008-11-27,20:17:00,2.592,0.118,238.530,10.800,1.000,0.000,18.0
2008-11-27,20:18:00,2.926,0.110,238.810,12.200,2.000,0.000,17.0
2008-11-27,20:19:00,3.014,0.110,239.080,12.600,2.000,0.000,18.0
2008-11-27,20:20:00,2.946,0.114,239.730,12.200,1.000,0.000,17.0
2008-11-27,20:21:00,2.986,0.118,241.210,12.400,2.000,0.000,18.0
2008-11-27,20:22:00,2.948,0.090,240.960,12.200,1.000,0.000,18.0
2008-11-27,20:23:00,2.834,0.088,241.400,11.800,2.000,0.000,18.0
2008-11-27,20:24:00,4.238,0.080,239.720,17.800,1.000,0.000,18.0
2008-11-27,20:25:00,4.348,0.076,239.170,18.200,1.000,0.000,17.0
2008-11-27,20:26:00,4.306,0.074,238.890,18.000,1.000,0.000,18.0
2008-11-27,20:27:00,4.318,0.076,239.240,18.000,2.000,0.000,17.0
2008-11-27,20:28:00,4.154,0.078,239.820,17.400,1.000,0.000,18.0
2008-11-27,20:29:00,3.854,0.080,240.270,16.000,1.000,0.000,17.0
2008-11-27,20:30:00,3.850,0.092,239.750,16.000,1.000,0.000,18.0
2008-11-27,20:31:00,3.044,0.120,240.730,12.800,1.000,0.000,18.0
2008-11-27,20:32:00,2.830,0.100,240.830,11.800,1.000,0.000,18.0
2008-11-27,20:33:00,3.490,0.088,239.980,15.200,10.000,0.000,17.0
2008-11-27,20:34:00,5.034,0.072,239.360,21.000,38.000,0.000,18.0
2008-11-27,20:35:00,5.054,0.072,239.970,21.000,38.000,0.000,18.0
2008-11-27,20:36:00,5.040,0.072,239.530,21.000,39.000,0.000,17.0
2008-11-27,20:37:00,5.008,0.072,238.920,21.000,38.000,0.000,18.0
2008-11-27,20:38:00,5.006,0.072,238.990,20.800,38.000,0.000,17.0
2008-11-27,20:39:00,4.998,0.070,238.700,20.800,38.000,0.000,18.0
2008-11-27,20:40:00,4.966,0.068,237.980,20.800,37.000,0.000,17.0
2008-11-27,20:41:00,4.976,0.068,238.690,20.800,38.000,0.000,17.0
2008-11-27,20:42:00,5.036,0.070,239.730,21.000,38.000,0.000,18.0
2008-11-27,20:43:00,5.040,0.074,240.020,21.000,38.000,0.000,18.0
2008-11-27,20:44:00,5.056,0.074,240.230,21.000,38.000,0.000,17.0
2008-11-27,20:45:00,5.062,0.046,241.030,21.000,39.000,0.000,18.0
2008-11-27,20:46:00,4.260,0.000,241.880,18.200,29.000,0.000,18.0
2008-11-27,20:47:00,2.836,0.000,242.400,11.600,1.000,0.000,18.0
2008-11-27,20:48:00,2.914,0.130,242.360,12.000,1.000,0.000,18.0
2008-11-27,20:49:00,2.904,0.124,242.730,12.000,2.000,0.000,18.0
2008-11-27,20:50:00,2.908,0.128,243.190,12.000,1.000,0.000,18.0
2008-11-27,20:51:00,2.896,0.124,242.710,12.000,1.000,0.000,18.0
2008-11-27,20:52:00,2.884,0.122,242.270,11.800,1.000,0.000,18.0
2008-11-27,20:53:00,2.886,0.124,242.350,11.800,2.000,0.000,18.0
2008-11-27,20:54:00,2.820,0.120,240.930,11.600,1.000,0.000,18.0
2008-11-27,20:55:00,2.560,0.120,240.420,10.600,1.000,0.000,18.0
2008-11-27,20:56:00,3.232,0.118,240.200,13.600,1.000,0.000,18.0
2008-11-27,20:57:00,3.590,0.120,240.310,14.800,1.000,0.000,17.0
2008-11-27,20:58:00,3.586,0.118,240.480,14.800,2.000,0.000,18.0
2008-11-27,20:59:00,3.418,0.086,240.930,14.200,1.000,0.000,18.0
2008-11-27,21:00:00,3.440,0.072,240.440,14.200,1.000,0.000,18.0
2008-11-27,21:01:00,3.456,0.074,241.020,14.400,1.000,0.000,17.0
2008-11-27,21:02:00,3.436,0.072,240.510,14.200,2.000,0.000,18.0
2008-11-27,21:03:00,3.442,0.074,240.620,14.200,1.000,0.000,18.0
2008-11-27,21:04:00,3.448,0.074,240.920,14.200,1.000,0.000,18.0
2008-11-27,21:05:00,3.456,0.076,241.380,14.200,1.000,0.000,18.0
2008-11-27,21:06:00,3.458,0.078,241.510,14.200,1.000,0.000,17.0
2008-11-27,21:07:00,3.460,0.078,241.550,14.200,2.000,0.000,18.0
2008-11-27,21:08:00,3.468,0.078,242.030,14.400,1.000,0.000,18.0
2008-11-27,21:09:00,3.418,0.000,242.170,14.000,1.000,0.000,18.0
2008-11-27,21:10:00,3.384,0.054,242.490,14.000,1.000,0.000,18.0
2008-11-27,21:11:00,3.372,0.056,241.970,14.000,2.000,0.000,18.0
2008-11-27,21:12:00,3.374,0.056,242.070,14.000,1.000,0.000,18.0
2008-11-27,21:13:00,3.372,0.054,242.140,13.800,1.000,0.000,18.0
2008-11-27,21:14:00,3.422,0.000,242.260,14.200,1.000,0.000,18.0
2008-11-27,21:15:00,3.452,0.046,242.180,14.200,2.000,0.000,18.0
2008-11-27,21:16:00,3.454,0.048,242.250,14.200,1.000,0.000,18.0
2008-11-27,21:17:00,3.452,0.048,242.200,14.200,1.000,0.000,18.0
2008-11-27,21:18:00,2.840,0.182,243.460,11.800,1.000,0.000,8.0
2008-11-27,21:19:00,2.450,0.180,242.450,10.200,2.000,2.000,0.0
2008-11-27,21:20:00,2.428,0.176,241.310,10.000,1.000,1.000,0.0
2008-11-27,21:21:00,2.422,0.172,240.700,10.000,1.000,1.000,0.0
2008-11-27,21:22:00,2.410,0.170,239.840,10.000,2.000,2.000,0.0
2008-11-27,21:23:00,2.420,0.172,240.710,10.000,1.000,1.000,0.0
2008-11-27,21:24:00,2.420,0.174,240.750,10.000,1.000,2.000,0.0
2008-11-27,21:25:00,2.420,0.176,240.790,10.000,1.000,1.000,0.0
2008-11-27,21:26:00,2.422,0.174,240.740,10.000,2.000,1.000,0.0
2008-11-27,21:27:00,2.410,0.172,240.110,10.000,1.000,2.000,0.0
2008-11-27,21:28:00,2.412,0.170,239.910,10.000,1.000,1.000,0.0
2008-11-27,21:29:00,2.414,0.172,240.700,10.000,1.000,2.000,0.0
2008-11-27,21:30:00,2.424,0.176,241.130,10.000,1.000,1.000,0.0
2008-11-27,21:31:00,2.370,0.088,241.670,9.800,2.000,1.000,0.0
2008-11-27,21:32:00,2.358,0.072,241.450,9.800,1.000,2.000,0.0
2008-11-27,21:33:00,2.346,0.070,240.980,9.800,1.000,1.000,0.0
2008-11-27,21:34:00,2.352,0.070,241.140,9.800,1.000,1.000,0.0
2008-11-27,21:35:00,2.356,0.072,241.770,9.800,1.000,2.000,0.0
2008-11-27,21:36:00,2.368,0.072,242.480,9.800,2.000,1.000,0.0
2008-11-27,21:37:00,2.368,0.072,242.390,9.800,1.000,1.000,0.0
2008-11-27,21:38:00,2.398,0.078,241.050,10.000,1.000,1.000,0.0
2008-11-27,21:39:00,2.610,0.104,240.560,10.800,1.000,2.000,0.0
2008-11-27,21:40:00,2.320,0.108,240.490,9.600,1.000,1.000,0.0
2008-11-27,21:41:00,2.318,0.124,240.430,9.600,0.000,0.000,0.0
2008-11-27,21:42:00,2.080,0.122,240.800,8.800,0.000,0.000,0.0
2008-11-27,21:43:00,2.128,0.132,240.440,8.800,1.000,0.000,0.0
2008-11-27,21:44:00,2.448,0.124,239.830,10.400,2.000,0.000,0.0
2008-11-27,21:45:00,2.134,0.126,241.200,8.800,1.000,0.000,0.0
2008-11-27,21:46:00,2.128,0.128,241.440,8.800,1.000,0.000,0.0
2008-11-27,21:47:00,2.114,0.132,241.480,8.800,1.000,0.000,0.0
2008-11-27,21:48:00,1.994,0.122,241.100,8.400,1.000,0.000,0.0
2008-11-27,21:49:00,1.850,0.110,240.620,7.600,2.000,0.000,0.0
2008-11-27,21:50:00,1.912,0.126,240.580,8.000,0.000,0.000,0.0
2008-11-27,21:51:00,1.834,0.138,241.470,7.600,1.000,0.000,0.0
2008-11-27,21:52:00,1.898,0.122,241.390,8.000,1.000,0.000,0.0
2008-11-27,21:53:00,4.026,0.094,239.780,16.800,36.000,0.000,0.0
2008-11-27,21:54:00,3.928,0.098,240.310,16.200,38.000,0.000,0.0
2008-11-27,21:55:00,3.492,0.104,241.260,14.400,39.000,0.000,0.0
2008-11-27,21:56:00,3.170,0.098,241.630,13.000,38.000,0.000,0.0
2008-11-27,21:57:00,3.200,0.094,241.420,13.200,39.000,0.000,0.0
2008-11-27,21:58:00,3.186,0.092,240.910,13.200,38.000,0.000,0.0
2008-11-27,21:59:00,3.232,0.090,240.250,13.400,38.000,0.000,0.0
2008-11-27,22:00:00,3.308,0.164,239.320,13.800,38.000,0.000,0.0
2008-11-27,22:01:00,3.008,0.160,239.190,12.600,38.000,0.000,0.0
2008-11-27,22:02:00,2.898,0.072,238.960,12.000,38.000,0.000,0.0
2008-11-27,22:03:00,2.868,0.090,238.870,12.000,38.000,0.000,0.0
2008-11-27,22:04:00,2.870,0.090,239.240,12.000,37.000,0.000,0.0
2008-11-27,22:05:00,2.874,0.092,239.610,12.000,38.000,0.000,0.0
2008-11-27,22:06:00,2.874,0.090,239.560,12.000,38.000,0.000,0.0
2008-11-27,22:07:00,2.708,0.092,240.590,11.400,38.000,0.000,0.0
2008-11-27,22:08:00,0.626,0.106,242.940,2.600,0.000,0.000,0.0
2008-11-27,22:09:00,0.614,0.104,242.920,2.600,0.000,0.000,0.0
2008-11-27,22:10:00,0.616,0.104,243.070,2.600,0.000,0.000,0.0
2008-11-27,22:11:00,0.630,0.132,242.840,2.600,1.000,0.000,0.0
2008-11-27,22:12:00,0.616,0.132,242.800,2.600,0.000,0.000,0.0
2008-11-27,22:13:00,0.608,0.110,243.150,2.600,0.000,0.000,0.0
2008-11-27,22:14:00,0.570,0.110,243.820,2.400,0.000,0.000,0.0
2008-11-27,22:15:00,0.504,0.000,244.010,2.000,0.000,0.000,0.0
2008-11-27,22:16:00,0.496,0.000,243.520,2.000,0.000,0.000,0.0
2008-11-27,22:17:00,0.500,0.000,244.280,2.000,0.000,0.000,0.0
2008-11-27,22:18:00,0.518,0.000,245.020,2.000,0.000,0.000,0.0
2008-11-27,22:19:00,0.502,0.000,244.590,2.000,0.000,0.000,0.0
2008-11-27,22:20:00,0.564,0.000,244.300,2.200,0.000,0.000,0.0
2008-11-27,22:21:00,0.578,0.000,244.360,2.400,0.000,0.000,0.0
2008-11-27,22:22:00,0.436,0.000,244.160,1.800,0.000,0.000,0.0
2008-11-27,22:23:00,0.378,0.000,243.840,1.600,0.000,0.000,0.0
2008-11-27,22:24:00,0.400,0.000,243.400,1.600,0.000,0.000,0.0
2008-11-27,22:25:00,0.354,0.000,243.190,1.400,0.000,0.000,0.0
2008-11-27,22:26:00,0.312,0.000,243.480,1.200,0.000,0.000,0.0
2008-11-27,22:27:00,0.296,0.000,243.560,1.200,0.000,0.000,0.0
2008-11-27,22:28:00,0.296,0.000,244.510,1.200,0.000,0.000,0.0
2008-11-27,22:29:00,0.294,0.000,245.420,1.200,0.000,0.000,0.0
2008-11-27,22:30:00,0.298,0.000,245.650,1.200,0.000,0.000,0.0
2008-11-27,22:31:00,0.300,0.000,245.240,1.200,0.000,0.000,0.0
2008-11-27,22:32:00,0.298,0.000,245.760,1.200,0.000,0.000,0.0
2008-11-27,22:33:00,0.298,0.000,245.460,1.200,0.000,0.000,0.0
2008-11-27,22:34:00,0.304,0.000,245.170,1.400,0.000,0.000,0.0
2008-11-27,22:35:00,0.400,0.122,245.320,1.600,0.000,0.000,0.0
2008-11-27,22:36:00,0.402,0.126,246.350,1.600,0.000,0.000,0.0
2008-11-27,22:37:00,0.400,0.128,246.750,1.600,0.000,0.000,0.0
2008-11-27,22:38:00,0.402,0.126,246.510,1.600,0.000,0.000,0.0
2008-11-27,22:39:00,0.496,0.120,245.820,2.000,0.000,0.000,0.0
2008-11-27,22:40:00,0.534,0.120,245.260,2.200,0.000,0.000,0.0
2008-11-27,22:41:00,0.392,0.122,244.980,1.600,0.000,0.000,0.0
2008-11-27,22:42:00,0.430,0.170,245.110,1.800,0.000,0.000,0.0
2008-11-27,22:43:00,0.390,0.122,244.900,1.600,0.000,0.000,0.0
2008-11-27,22:44:00,0.388,0.118,244.730,1.600,0.000,0.000,0.0
2008-11-27,22:45:00,0.384,0.120,244.880,1.600,0.000,0.000,0.0
2008-11-27,22:46:00,0.382,0.118,244.400,1.600,0.000,0.000,0.0
2008-11-27,22:47:00,0.412,0.140,244.540,1.800,0.000,0.000,0.0
2008-11-27,22:48:00,0.458,0.224,244.440,2.000,0.000,0.000,0.0
2008-11-27,22:49:00,0.458,0.228,245.010,2.000,0.000,0.000,0.0
2008-11-27,22:50:00,0.450,0.220,245.390,2.000,0.000,0.000,0.0
2008-11-27,22:51:00,1.326,0.188,244.680,5.800,0.000,0.000,12.0
2008-11-27,22:52:00,1.600,0.182,243.850,6.600,0.000,0.000,19.0
2008-11-27,22:53:00,1.584,0.184,244.040,6.400,0.000,0.000,19.0
2008-11-27,22:54:00,1.562,0.084,243.530,6.400,0.000,0.000,18.0
2008-11-27,22:55:00,1.452,0.000,243.170,6.000,0.000,0.000,18.0
2008-11-27,22:56:00,1.456,0.046,243.840,5.800,0.000,0.000,19.0
2008-11-27,22:57:00,1.456,0.048,244.390,5.800,0.000,0.000,18.0
2008-11-27,22:58:00,1.456,0.048,244.510,5.800,0.000,0.000,18.0
2008-11-27,22:59:00,1.476,0.048,245.270,6.000,0.000,0.000,19.0
2008-11-27,23:00:00,1.456,0.056,245.470,5.800,0.000,0.000,18.0
2008-11-27,23:01:00,1.424,0.000,245.490,5.800,0.000,0.000,19.0
2008-11-27,23:02:00,1.386,0.050,245.280,5.600,0.000,0.000,18.0
2008-11-27,23:03:00,1.378,0.050,244.810,5.600,0.000,0.000,19.0
2008-11-27,23:04:00,1.378,0.050,244.810,5.600,0.000,0.000,18.0
2008-11-27,23:05:00,1.370,0.052,244.050,5.600,0.000,0.000,18.0
2008-11-27,23:06:00,1.358,0.050,244.830,5.400,0.000,0.000,19.0
2008-11-27,23:07:00,1.340,0.048,245.750,5.400,0.000,0.000,18.0
2008-11-27,23:08:00,1.344,0.046,246.220,5.400,0.000,0.000,19.0
2008-11-27,23:09:00,1.346,0.046,246.390,5.400,0.000,0.000,18.0
2008-11-27,23:10:00,1.360,0.052,246.280,5.400,0.000,0.000,19.0
2008-11-27,23:11:00,1.372,0.054,246.320,5.600,0.000,0.000,19.0
2008-11-27,23:12:00,1.374,0.054,246.610,5.600,0.000,0.000,18.0
2008-11-27,23:13:00,1.374,0.054,246.730,5.600,0.000,0.000,19.0
2008-11-27,23:14:00,1.366,0.054,246.050,5.400,0.000,0.000,18.0
2008-11-27,23:15:00,1.368,0.054,246.260,5.400,0.000,0.000,19.0
2008-11-27,23:16:00,1.364,0.054,246.060,5.400,0.000,0.000,18.0
2008-11-27,23:17:00,1.362,0.056,245.820,5.400,0.000,0.000,19.0
2008-11-27,23:18:00,1.372,0.054,246.880,5.400,0.000,0.000,19.0
2008-11-27,23:19:00,1.344,0.058,244.340,5.400,0.000,0.000,18.0
2008-11-27,23:20:00,1.342,0.058,244.180,5.400,0.000,0.000,18.0
2008-11-27,23:21:00,1.342,0.058,244.280,5.400,0.000,0.000,18.0
2008-11-27,23:22:00,1.340,0.058,244.090,5.400,0.000,0.000,19.0
2008-11-27,23:23:00,1.338,0.058,243.990,5.400,0.000,0.000,18.0
2008-11-27,23:24:00,1.330,0.060,243.210,5.400,0.000,0.000,18.0
2008-11-27,23:25:00,1.334,0.058,243.380,5.400,0.000,0.000,18.0
2008-11-27,23:26:00,1.344,0.060,243.370,5.400,0.000,0.000,18.0
2008-11-27,23:27:00,1.348,0.060,243.670,5.400,0.000,0.000,19.0
2008-11-27,23:28:00,0.524,0.000,245.010,2.800,0.000,0.000,5.0
2008-11-27,23:29:00,0.366,0.090,245.080,1.600,0.000,0.000,0.0
2008-11-27,23:30:00,0.364,0.092,245.520,1.600,0.000,0.000,0.0
2008-11-27,23:31:00,0.362,0.094,246.280,1.600,0.000,0.000,0.0
2008-11-27,23:32:00,0.358,0.096,246.660,1.400,0.000,0.000,0.0
2008-11-27,23:33:00,0.358,0.096,246.690,1.400,0.000,0.000,0.0
2008-11-27,23:34:00,0.358,0.098,246.830,1.400,0.000,0.000,0.0
2008-11-27,23:35:00,0.418,0.162,247.100,2.000,0.000,0.000,0.0
2008-11-27,23:36:00,0.432,0.206,246.760,2.000,0.000,0.000,0.0
2008-11-27,23:37:00,0.430,0.202,245.830,2.000,0.000,0.000,0.0
2008-11-27,23:38:00,0.472,0.248,245.420,2.200,0.000,0.000,0.0
2008-11-27,23:39:00,0.508,0.332,246.100,2.400,0.000,1.000,0.0
2008-11-27,23:40:00,0.502,0.330,245.410,2.400,0.000,2.000,0.0
2008-11-27,23:41:00,0.486,0.324,244.360,2.400,0.000,1.000,0.0
2008-11-27,23:42:00,0.486,0.326,244.540,2.400,0.000,1.000,0.0
2008-11-27,23:43:00,0.484,0.322,244.100,2.400,0.000,2.000,0.0
2008-11-27,23:44:00,0.484,0.322,243.750,2.400,0.000,1.000,0.0
2008-11-27,23:45:00,0.484,0.326,244.470,2.400,0.000,2.000,0.0
2008-11-27,23:46:00,0.482,0.324,244.230,2.400,0.000,1.000,0.0
2008-11-27,23:47:00,0.480,0.320,243.590,2.400,0.000,1.000,0.0
2008-11-27,23:48:00,0.354,0.132,243.660,1.600,0.000,2.000,0.0
2008-11-27,23:49:00,0.316,0.078,243.830,1.400,0.000,1.000,0.0
2008-11-27,23:50:00,0.316,0.078,243.920,1.400,0.000,2.000,0.0
2008-11-27,23:51:00,0.314,0.078,243.970,1.400,0.000,1.000,0.0
2008-11-27,23:52:00,0.316,0.078,244.310,1.400,0.000,1.000,0.0
2008-11-27,23:53:00,0.318,0.082,245.560,1.400,0.000,2.000,0.0
2008-11-27,23:54:00,0.316,0.082,245.050,1.400,0.000,1.000,0.0
2008-11-27,23:55:00,0.314,0.082,244.950,1.400,0.000,1.000,0.0
2008-11-27,23:56:00,0.314,0.084,245.570,1.400,0.000,2.000,0.0
2008-11-27,23:57:00,0.312,0.082,244.940,1.400,0.000,1.000,0.0
2008-11-27,23:58:00,0.312,0.080,244.540,1.200,0.000,1.000,0.0
2008-11-27,23:59:00,0.312,0.080,244.980,1.200,0.000,1.000,0.0
