Date,Time,Global_active_power,Global_reactive_power,Voltage,Global_intensity,Sub_metering_1,Sub_metering_2,Sub_metering_3
2009-09-27,00:00:00,0.446,0.000,241.500,1.800,0.000,0.000,1.0
2009-09-27,00:01:00,0.388,0.000,241.420,1.600,0.000,0.000,0.0
2009-09-27,00:02:00,0.388,0.000,241.550,1.600,0.000,0.000,1.0
2009-09-27,00:03:00,0.458,0.090,241.760,2.000,0.000,0.000,1.0
2009-09-27,00:04:00,0.340,0.098,241.890,1.400,0.000,0.000,0.0
2009-09-27,00:05:00,0.292,0.086,241.670,1.200,0.000,0.000,1.0
2009-09-27,00:06:00,0.290,0.086,241.770,1.200,0.000,0.000,1.0
2009-09-27,00:07:00,0.488,0.152,241.510,2.400,0.000,0.000,3.0
2009-09-27,00:08:00,0.970,0.384,241.520,4.200,0.000,0.000,12.0
2009-09-27,00:09:00,1.006,0.414,241.480,4.400,0.000,0.000,11.0
2009-09-27,00:10:00,1.026,0.412,241.310,4.600,0.000,0.000,12.0
2009-09-27,00:11:00,1.030,0.406,240.930,4.600,0.000,0.000,12.0
2009-09-27,00:12:00,0.370,0.258,241.490,1.800,0.000,0.000,2.0
2009-09-27,00:13:00,0.334,0.250,241.530,1.600,0.000,0.000,1.0
2009-09-27,00:14:00,0.334,0.250,241.420,1.600,0.000,0.000,0.0
2009-09-27,00:15:00,0.332,0.250,241.430,1.600,0.000,0.000,1.0
2009-09-27,00:16:00,0.332,0.250,241.580,1.600,0.000,0.000,1.0
2009-09-27,00:17:00,0.332,0.250,241.420,1.600,0.000,0.000,0.0
2009-09-27,00:18:00,0.332,0.250,241.340,1.600,0.000,0.000,1.0
2009-09-27,00:19:00,0.330,0.252,241.550,1.600,0.000,0.000,1.0
2009-09-27,00:20:00,0.354,0.236,241.860,1.600,0.000,0.000,0.0
2009-09-27,00:21:00,0.312,0.212,241.960,1.600,0.000,0.000,1.0
2009-09-27,00:22:00,0.230,0.120,242.090,1.000,0.000,0.000,1.0
2009-09-27,00:23:00,0.216,0.102,242.070,1.000,0.000,0.000,0.0
2009-09-27,00:24:00,0.134,0.000,241.860,0.600,0.000,0.000,1.0
2009-09-27,00:25:00,0.134,0.000,241.740,0.600,0.000,0.000,1.0
2009-09-27,00:26:00,0.134,0.000,242.140,0.600,0.000,0.000,0.0
2009-09-27,00:27:00,0.134,0.000,242.020,0.600,0.000,0.000,1.0
2009-09-27,00:28:00,0.134,0.000,242.000,0.600,0.000,0.000,1.0
2009-09-27,00:29:00,0.134,0.000,242.270,0.600,0.000,0.000,0.0
2009-09-27,00:30:00,0.134,0.000,242.400,0.600,0.000,0.000,1.0
2009-09-27,00:31:00,0.134,0.000,242.160,0.600,0.000,0.000,1.0
2009-09-27,00:32:00,0.134,0.000,242.130,0.600,0.000,0.000,0.0
2009-09-27,00:33:00,0.134,0.000,241.800,0.600,0.000,0.000,1.0
2009-09-27,00:34:00,0.134,0.000,242.020,0.600,0.000,0.000,1.0
2009-09-27,00:35:00,0.134,0.000,242.200,0.600,0.000,0.000,0.0
2009-09-27,00:36:00,0.200,0.054,242.570,1.000,0.000,0.000,1.0
2009-09-27,00:37:00,0.298,0.176,242.340,1.600,0.000,0.000,1.0
2009-09-27,00:38:00,0.326,0.244,242.170,1.600,0.000,1.000,0.0
2009-09-27,00:39:00,0.322,0.244,242.280,1.600,0.000,2.000,1.0
2009-09-27,00:40:00,0.322,0.246,242.740,1.600,0.000,1.000,1.0
2009-09-27,00:41:00,0.322,0.248,243.060,1.600,0.000,2.000,0.0
2009-09-27,00:42:00,0.318,0.246,242.460,1.600,0.000,1.000,1.0
2009-09-27,00:43:00,0.316,0.244,242.120,1.600,0.000,2.000,1.0
2009-09-27,00:44:00,0.314,0.242,241.930,1.600,0.000,1.000,0.0
2009-09-27,00:45:00,0.314,0.244,242.320,1.600,0.000,2.000,1.0
2009-09-27,00:46:00,0.314,0.242,241.500,1.600,0.000,1.000,1.0
2009-09-27,00:47:00,0.312,0.240,241.340,1.600,0.000,1.000,0.0
2009-09-27,00:48:00,0.312,0.242,241.450,1.600,0.000,2.000,1.0
2009-09-27,00:49:00,0.322,0.246,241.750,1.600,0.000,1.000,0.0
2009-09-27,00:50:00,0.392,0.344,241.210,2.000,0.000,2.000,1.0
2009-09-27,00:51:00,0.326,0.260,241.190,1.600,0.000,1.000,1.0
2009-09-27,00:52:00,0.288,0.210,241.360,1.400,0.000,1.000,0.0
2009-09-27,00:53:00,0.286,0.210,241.440,1.400,0.000,2.000,1.0
2009-09-27,00:54:00,0.286,0.212,241.970,1.400,0.000,1.000,1.0
2009-09-27,00:55:00,0.284,0.214,242.440,1.400,0.000,1.000,0.0
2009-09-27,00:56:00,0.282,0.214,242.360,1.400,0.000,1.000,1.0
2009-09-27,00:57:00,0.280,0.212,242.050,1.400,0.000,2.000,1.0
2009-09-27,00:58:00,0.278,0.214,242.450,1.400,0.000,1.000,0.0
2009-09-27,00:59:00,0.278,0.214,242.730,1.400,0.000,1.000,1.0
2009-09-27,01:00:00,0.278,0.216,242.930,1.400,0.000,1.000,1.0
2009-09-27,01:01:00,0.276,0.214,242.820,1.400,0.000,2.000,0.0
2009-09-27,01:02:00,0.276,0.214,242.640,1.400,0.000,1.000,1.0
2009-09-27,01:03:00,0.276,0.214,242.890,1.400,0.000,1.000,1.0
2009-09-27,01:04:00,0.396,0.352,242.280,2.200,0.000,1.000,0.0
2009-09-27,01:05:00,0.332,0.274,242.470,1.800,0.000,2.000,1.0
2009-09-27,01:06:00,0.308,0.244,242.550,1.600,0.000,1.000,1.0
2009-09-27,01:07:00,0.306,0.244,242.490,1.600,0.000,1.000,0.0
2009-09-27,01:08:00,0.304,0.246,242.780,1.600,0.000,1.000,1.0
2009-09-27,01:09:00,0.302,0.244,242.410,1.600,0.000,1.000,1.0
2009-09-27,01:10:00,0.302,0.246,242.760,1.600,0.000,2.000,0.0
2009-09-27,01:11:00,0.302,0.250,243.620,1.600,0.000,1.000,1.0
2009-09-27,01:12:00,0.302,0.250,243.770,1.600,0.000,1.000,1.0
2009-09-27,01:13:00,0.302,0.248,243.530,1.600,0.000,1.000,0.0
2009-09-27,01:14:00,0.302,0.248,243.530,1.600,0.000,1.000,1.0
2009-09-27,01:15:00,0.300,0.244,242.490,1.600,0.000,2.000,1.0
2009-09-27,01:16:00,0.298,0.244,242.200,1.600,0.000,1.000,0.0
2009-09-27,01:17:00,0.298,0.244,242.350,1.600,0.000,1.000,1.0
2009-09-27,01:18:00,0.298,0.246,242.700,1.600,0.000,1.000,1.0
2009-09-27,01:19:00,0.440,0.236,242.770,2.400,0.000,1.000,3.0
2009-09-27,01:20:00,0.844,0.278,242.460,3.600,0.000,2.000,11.0
2009-09-27,01:21:00,0.810,0.176,242.290,3.400,0.000,0.000,12.0
2009-09-27,01:22:00,0.822,0.150,242.140,3.400,0.000,0.000,12.0
2009-09-27,01:23:00,0.832,0.152,242.400,3.400,0.000,0.000,12.0
2009-09-27,01:24:00,0.142,0.000,243.980,0.600,0.000,0.000,2.0
2009-09-27,01:25:00,0.134,0.000,244.310,0.600,0.000,0.000,0.0
2009-09-27,01:26:00,0.134,0.000,243.970,0.600,0.000,0.000,1.0
2009-09-27,01:27:00,0.134,0.000,244.000,0.600,0.000,0.000,1.0
2009-09-27,01:28:00,0.134,0.000,244.140,0.600,0.000,0.000,0.0
2009-09-27,01:29:00,0.132,0.000,243.400,0.600,0.000,0.000,1.0
2009-09-27,01:30:00,0.132,0.000,243.350,0.600,0.000,0.000,1.0
2009-09-27,01:31:00,0.134,0.000,243.720,0.600,0.000,0.000,0.0
2009-09-27,01:32:00,0.186,0.000,243.790,1.000,0.000,0.000,1.0
2009-09-27,01:33:00,0.290,0.168,243.700,1.400,0.000,0.000,1.0
2009-09-27,01:34:00,0.314,0.230,243.720,1.600,0.000,0.000,0.0
2009-09-27,01:35:00,0.310,0.228,243.450,1.600,0.000,0.000,1.0
2009-09-27,01:36:00,0.308,0.228,243.440,1.600,0.000,0.000,1.0
2009-09-27,01:37:00,0.306,0.230,243.760,1.400,0.000,0.000,0.0
2009-09-27,01:38:00,0.302,0.230,243.600,1.400,0.000,0.000,1.0
2009-09-27,01:39:00,0.300,0.228,243.410,1.400,0.000,0.000,1.0
2009-09-27,01:40:00,0.300,0.230,243.660,1.400,0.000,0.000,0.0
2009-09-27,01:41:00,0.298,0.230,243.610,1.400,0.000,0.000,1.0
2009-09-27,01:42:00,0.298,0.230,243.460,1.400,0.000,0.000,1.0
2009-09-27,01:43:00,0.298,0.232,243.990,1.400,0.000,0.000,0.0
2009-09-27,01:44:00,0.298,0.232,244.400,1.400,0.000,0.000,1.0
2009-09-27,01:45:00,0.298,0.234,244.480,1.400,0.000,0.000,1.0
2009-09-27,01:46:00,0.296,0.232,244.280,1.400,0.000,0.000,0.0
2009-09-27,01:47:00,0.256,0.174,244.200,1.200,0.000,0.000,1.0
2009-09-27,01:48:00,0.202,0.094,243.910,0.800,0.000,0.000,1.0
2009-09-27,01:49:00,0.184,0.066,243.970,0.800,0.000,0.000,0.0
2009-09-27,01:50:00,0.132,0.000,244.150,0.600,0.000,0.000,1.0
2009-09-27,01:51:00,0.132,0.000,243.620,0.600,0.000,0.000,1.0
2009-09-27,01:52:00,0.132,0.000,243.080,0.600,0.000,0.000,0.0
2009-09-27,01:53:00,0.132,0.000,242.790,0.600,0.000,0.000,1.0
2009-09-27,01:54:00,0.130,0.000,242.130,0.600,0.000,0.000,1.0
2009-09-27,01:55:00,0.130,0.000,241.900,0.600,0.000,0.000,0.0
2009-09-27,01:56:00,0.130,0.000,241.940,0.600,0.000,0.000,1.0
2009-09-27,01:57:00,0.130,0.000,242.120,0.600,0.000,0.000,1.0
2009-09-27,01:58:00,0.130,0.000,242.010,0.600,0.000,0.000,0.0
2009-09-27,01:59:00,0.130,0.000,241.860,0.600,0.000,0.000,1.0
2009-09-27,02:00:00,0.148,0.000,241.700,0.800,0.000,0.000,0.0
2009-09-27,02:01:00,0.240,0.118,241.280,1.000,0.000,0.000,1.0
2009-09-27,02:02:00,0.236,0.118,241.470,1.000,0.000,0.000,1.0
2009-09-27,02:03:00,0.234,0.120,241.850,1.000,0.000,0.000,0.0
2009-09-27,02:04:00,0.232,0.120,241.850,1.000,0.000,0.000,1.0
2009-09-27,02:05:00,0.230,0.120,241.880,1.000,0.000,0.000,1.0
2009-09-27,02:06:00,0.228,0.120,242.040,1.000,0.000,0.000,0.0
2009-09-27,02:07:00,0.228,0.120,242.070,1.000,0.000,0.000,1.0
2009-09-27,02:08:00,0.228,0.120,242.150,1.000,0.000,0.000,1.0
2009-09-27,02:09:00,0.228,0.122,242.570,1.000,0.000,0.000,0.0
2009-09-27,02:10:00,0.228,0.122,242.500,1.000,0.000,0.000,1.0
2009-09-27,02:11:00,0.228,0.120,242.040,1.000,0.000,0.000,1.0
2009-09-27,02:12:00,0.228,0.120,242.060,1.000,0.000,0.000,0.0
2009-09-27,02:13:00,0.228,0.120,242.130,1.000,0.000,0.000,1.0
2009-09-27,02:14:00,0.228,0.120,242.090,1.000,0.000,0.000,1.0
2009-09-27,02:15:00,0.228,0.122,242.830,1.000,0.000,0.000,0.0
2009-09-27,02:16:00,0.172,0.000,243.440,0.800,0.000,0.000,1.0
2009-09-27,02:17:00,0.134,0.000,244.280,0.600,0.000,0.000,1.0
2009-09-27,02:18:00,0.172,0.000,244.500,1.000,0.000,0.000,0.0
2009-09-27,02:19:00,0.214,0.094,244.340,0.800,0.000,0.000,1.0
2009-09-27,02:20:00,0.210,0.092,243.110,0.800,0.000,0.000,1.0
2009-09-27,02:21:00,0.210,0.090,242.660,0.800,0.000,0.000,0.0
2009-09-27,02:22:00,0.210,0.092,243.040,0.800,0.000,0.000,1.0
2009-09-27,02:23:00,0.208,0.092,243.110,0.800,0.000,0.000,1.0
2009-09-27,02:24:00,0.206,0.092,243.180,0.800,0.000,0.000,0.0
2009-09-27,02:25:00,0.206,0.092,243.080,0.800,0.000,0.000,1.0
2009-09-27,02:26:00,0.204,0.090,242.760,0.800,0.000,0.000,1.0
2009-09-27,02:27:00,0.204,0.090,242.350,0.800,0.000,0.000,0.0
2009-09-27,02:28:00,0.202,0.090,242.280,0.800,0.000,0.000,1.0
2009-09-27,02:29:00,0.202,0.090,242.600,0.800,0.000,0.000,1.0
2009-09-27,02:30:00,0.266,0.156,242.560,1.400,0.000,0.000,0.0
2009-09-27,02:31:00,0.310,0.226,242.840,1.600,0.000,0.000,1.0
2009-09-27,02:32:00,0.290,0.204,242.830,1.400,0.000,0.000,1.0
2009-09-27,02:33:00,0.838,0.282,242.080,3.600,0.000,0.000,10.0
2009-09-27,02:34:00,0.880,0.288,242.120,3.800,0.000,0.000,11.0
2009-09-27,02:35:00,0.912,0.288,242.320,3.800,0.000,0.000,12.0
2009-09-27,02:36:00,0.922,0.290,242.620,4.000,0.000,0.000,13.0
2009-09-27,02:37:00,0.650,0.224,242.870,3.200,0.000,0.000,8.0
2009-09-27,02:38:00,0.230,0.124,243.510,1.000,0.000,0.000,0.0
2009-09-27,02:39:00,0.230,0.124,243.040,1.000,0.000,0.000,1.0
2009-09-27,02:40:00,0.228,0.122,242.920,1.000,0.000,0.000,1.0
2009-09-27,02:41:00,0.228,0.122,242.780,1.000,0.000,0.000,0.0
2009-09-27,02:42:00,0.228,0.122,242.920,1.000,0.000,0.000,1.0
2009-09-27,02:43:00,0.228,0.122,242.800,1.000,0.000,0.000,1.0
2009-09-27,02:44:00,0.226,0.120,242.370,1.000,0.000,0.000,0.0
2009-09-27,02:45:00,0.226,0.122,242.490,1.000,0.000,0.000,1.0
2009-09-27,02:46:00,0.184,0.060,242.510,0.800,0.000,0.000,1.0
2009-09-27,02:47:00,0.132,0.000,242.990,0.600,0.000,0.000,0.0
2009-09-27,02:48:00,0.134,0.000,243.780,0.600,0.000,0.000,1.0
2009-09-27,02:49:00,0.132,0.000,243.770,0.600,0.000,0.000,1.0
2009-09-27,02:50:00,0.132,0.000,243.920,0.600,0.000,0.000,0.0
2009-09-27,02:51:00,0.132,0.000,243.970,0.600,0.000,0.000,1.0
2009-09-27,02:52:00,0.132,0.000,243.650,0.600,0.000,0.000,1.0
2009-09-27,02:53:00,0.132,0.000,243.980,0.600,0.000,0.000,0.0
2009-09-27,02:54:00,0.132,0.000,244.020,0.600,0.000,0.000,1.0
2009-09-27,02:55:00,0.132,0.000,244.040,0.600,0.000,0.000,1.0
2009-09-27,02:56:00,0.132,0.000,243.840,0.600,0.000,0.000,0.0
2009-09-27,02:57:00,0.212,0.078,243.730,1.000,0.000,0.000,1.0
2009-09-27,02:58:00,0.222,0.112,243.530,1.000,0.000,1.000,1.0
2009-09-27,02:59:00,0.222,0.112,243.720,1.000,0.000,2.000,0.0
2009-09-27,03:00:00,0.224,0.114,243.920,1.000,0.000,1.000,1.0
2009-09-27,03:01:00,0.376,0.276,242.710,2.000,0.000,2.000,1.0
2009-09-27,03:02:00,0.402,0.350,242.760,2.200,0.000,1.000,0.0
2009-09-27,03:03:00,0.396,0.350,242.670,2.200,0.000,2.000,1.0
2009-09-27,03:04:00,0.394,0.350,242.670,2.000,0.000,1.000,1.0
2009-09-27,03:05:00,0.390,0.350,242.570,2.000,0.000,2.000,0.0
2009-09-27,03:06:00,0.388,0.354,243.270,2.000,0.000,1.000,1.0
2009-09-27,03:07:00,0.386,0.358,243.950,2.000,0.000,1.000,1.0
2009-09-27,03:08:00,0.384,0.358,243.950,2.000,0.000,2.000,0.0
2009-09-27,03:09:00,0.382,0.356,243.830,2.000,0.000,1.000,1.0
2009-09-27,03:10:00,0.380,0.356,243.950,2.000,0.000,2.000,1.0
2009-09-27,03:11:00,0.378,0.356,243.780,2.000,0.000,1.000,0.0
2009-09-27,03:12:00,0.376,0.354,243.500,2.000,0.000,1.000,1.0
2009-09-27,03:13:00,0.374,0.356,243.840,2.000,0.000,2.000,1.0
2009-09-27,03:14:00,0.374,0.358,244.110,2.000,0.000,1.000,0.0
2009-09-27,03:15:00,0.372,0.354,243.530,2.000,0.000,1.000,1.0
2009-09-27,03:16:00,0.324,0.282,243.500,1.600,0.000,2.000,1.0
2009-09-27,03:17:00,0.298,0.242,243.390,1.600,0.000,1.000,0.0
2009-09-27,03:18:00,0.210,0.112,243.860,1.000,0.000,1.000,1.0
2009-09-27,03:19:00,0.210,0.112,243.920,1.000,0.000,1.000,1.0
2009-09-27,03:20:00,0.210,0.112,244.020,1.000,0.000,2.000,0.0
2009-09-27,03:21:00,0.210,0.112,244.070,1.000,0.000,1.000,1.0
2009-09-27,03:22:00,0.208,0.112,243.960,1.000,0.000,1.000,1.0
2009-09-27,03:23:00,0.208,0.112,243.950,1.000,0.000,1.000,0.0
2009-09-27,03:24:00,0.208,0.112,243.660,1.000,0.000,2.000,1.0
2009-09-27,03:25:00,0.208,0.110,243.710,0.800,0.000,1.000,1.0
2009-09-27,03:26:00,0.208,0.112,244.150,0.800,0.000,1.000,0.0
2009-09-27,03:27:00,0.208,0.112,244.190,0.800,0.000,1.000,1.0
2009-09-27,03:28:00,0.208,0.112,244.010,0.800,0.000,1.000,1.0
2009-09-27,03:29:00,0.208,0.112,244.290,1.000,0.000,2.000,0.0
2009-09-27,03:30:00,0.210,0.112,244.120,1.000,0.000,1.000,1.0
2009-09-27,03:31:00,0.210,0.112,244.120,1.000,0.000,1.000,1.0
2009-09-27,03:32:00,0.210,0.112,244.070,1.000,0.000,1.000,0.0
2009-09-27,03:33:00,0.304,0.216,243.760,1.600,0.000,1.000,1.0
2009-09-27,03:34:00,0.314,0.248,243.440,1.600,0.000,2.000,1.0
2009-09-27,03:35:00,0.310,0.250,244.100,1.600,0.000,1.000,0.0
2009-09-27,03:36:00,0.308,0.250,244.020,1.600,0.000,1.000,1.0
2009-09-27,03:37:00,0.306,0.250,243.890,1.600,0.000,1.000,1.0
2009-09-27,03:38:00,0.306,0.252,244.290,1.600,0.000,1.000,0.0
2009-09-27,03:39:00,0.304,0.252,244.340,1.600,0.000,2.000,1.0
2009-09-27,03:40:00,0.304,0.252,244.210,1.600,0.000,1.000,1.0
2009-09-27,03:41:00,0.254,0.168,244.550,1.200,0.000,0.000,0.0
2009-09-27,03:42:00,0.232,0.128,244.500,1.000,0.000,0.000,1.0
2009-09-27,03:43:00,0.230,0.126,244.110,1.000,0.000,0.000,1.0
2009-09-27,03:44:00,0.230,0.128,244.400,1.000,0.000,0.000,0.0
2009-09-27,03:45:00,0.304,0.206,243.950,1.600,0.000,0.000,1.0
2009-09-27,03:46:00,0.304,0.228,243.090,1.400,0.000,0.000,1.0
2009-09-27,03:47:00,0.304,0.228,243.000,1.400,0.000,0.000,0.0
2009-09-27,03:48:00,0.304,0.230,243.660,1.400,0.000,0.000,1.0
2009-09-27,03:49:00,0.302,0.230,243.480,1.400,0.000,0.000,1.0
2009-09-27,03:50:00,0.410,0.262,243.200,2.200,0.000,0.000,2.0
2009-09-27,03:51:00,0.846,0.272,242.990,3.600,0.000,0.000,11.0
2009-09-27,03:52:00,0.860,0.264,242.750,3.600,0.000,0.000,12.0
2009-09-27,03:53:00,0.888,0.262,242.780,3.800,0.000,0.000,12.0
2009-09-27,03:54:00,0.898,0.262,242.890,3.800,0.000,0.000,12.0
2009-09-27,03:55:00,0.488,0.164,243.650,2.600,0.000,0.000,6.0
2009-09-27,03:56:00,0.204,0.094,243.530,0.800,0.000,0.000,0.0
2009-09-27,03:57:00,0.204,0.094,243.820,0.800,0.000,0.000,1.0
2009-09-27,03:58:00,0.202,0.092,244.050,0.800,0.000,0.000,1.0
2009-09-27,03:59:00,0.134,0.000,243.990,0.600,0.000,0.000,0.0
2009-09-27,04:00:00,0.134,0.000,244.170,0.600,0.000,0.000,1.0
2009-09-27,04:01:00,0.134,0.000,244.670,0.600,0.000,0.000,1.0
2009-09-27,04:02:00,0.134,0.000,244.560,0.600,0.000,0.000,0.0
2009-09-27,04:03:00,0.134,0.000,244.660,0.600,0.000,0.000,1.0
2009-09-27,04:04:00,0.134,0.000,244.970,0.600,0.000,0.000,1.0
2009-09-27,04:05:00,0.136,0.000,245.030,0.600,0.000,0.000,1.0
2009-09-27,04:06:00,0.136,0.000,244.900,0.600,0.000,0.000,0.0
2009-09-27,04:07:00,0.232,0.098,244.920,1.200,0.000,0.000,1.0
2009-09-27,04:08:00,0.244,0.126,244.280,1.000,0.000,0.000,1.0
2009-09-27,04:09:00,0.238,0.126,244.160,1.000,0.000,0.000,0.0
2009-09-27,04:10:00,0.236,0.128,244.780,1.000,0.000,0.000,1.0
2009-09-27,04:11:00,0.234,0.128,244.780,1.000,0.000,0.000,1.0
2009-09-27,04:12:00,0.232,0.128,244.760,1.000,0.000,0.000,0.0
2009-09-27,04:13:00,0.232,0.126,244.550,1.000,0.000,0.000,1.0
2009-09-27,04:14:00,0.230,0.126,244.380,1.000,0.000,0.000,1.0
2009-09-27,04:15:00,0.230,0.124,243.770,1.000,0.000,0.000,0.0
2009-09-27,04:16:00,0.230,0.124,244.000,1.000,0.000,0.000,1.0
2009-09-27,04:17:00,0.230,0.124,243.840,1.000,0.000,0.000,1.0
2009-09-27,04:18:00,0.230,0.124,244.030,1.000,0.000,0.000,0.0
2009-09-27,04:19:00,0.228,0.124,243.930,1.000,0.000,0.000,1.0
2009-09-27,04:20:00,0.228,0.124,243.650,1.000,0.000,0.000,1.0
2009-09-27,04:21:00,0.226,0.122,243.220,1.000,0.000,0.000,0.0
2009-09-27,04:22:00,0.226,0.122,242.870,1.000,0.000,0.000,1.0
2009-09-27,04:23:00,0.226,0.124,243.430,1.000,0.000,0.000,1.0
2009-09-27,04:24:00,0.226,0.124,243.430,1.000,0.000,0.000,0.0
2009-09-27,04:25:00,0.226,0.124,243.430,1.000,0.000,0.000,1.0
2009-09-27,04:26:00,0.226,0.122,243.400,1.000,0.000,0.000,1.0
2009-09-27,04:27:00,0.204,0.092,243.260,1.000,0.000,0.000,0.0
2009-09-27,04:28:00,0.204,0.060,242.590,1.000,0.000,0.000,1.0
2009-09-27,04:29:00,0.210,0.092,243.030,0.800,0.000,0.000,1.0
2009-09-27,04:30:00,0.210,0.092,243.170,0.800,0.000,0.000,0.0
2009-09-27,04:31:00,0.210,0.092,243.390,0.800,0.000,0.000,1.0
2009-09-27,04:32:00,0.208,0.092,243.430,0.800,0.000,0.000,1.0
2009-09-27,04:33:00,0.206,0.092,243.540,0.800,0.000,0.000,0.0
2009-09-27,04:34:00,0.204,0.092,242.910,0.800,0.000,0.000,1.0
2009-09-27,04:35:00,0.204,0.092,243.060,0.800,0.000,0.000,1.0
2009-09-27,04:36:00,0.204,0.092,243.360,0.800,0.000,0.000,0.0
2009-09-27,04:37:00,0.202,0.092,243.210,0.800,0.000,0.000,1.0
2009-09-27,04:38:00,0.202,0.092,243.110,0.800,0.000,0.000,0.0
2009-09-27,04:39:00,0.202,0.092,243.270,0.800,0.000,0.000,1.0
2009-09-27,04:40:00,0.202,0.094,243.790,0.800,0.000,0.000,1.0
2009-09-27,04:41:00,0.168,0.000,243.450,0.600,0.000,0.000,0.0
2009-09-27,04:42:00,0.132,0.000,243.590,0.600,0.000,0.000,1.0
2009-09-27,04:43:00,0.132,0.000,243.760,0.600,0.000,0.000,1.0
2009-09-27,04:44:00,0.132,0.000,244.210,0.600,0.000,0.000,0.0
2009-09-27,04:45:00,0.182,0.000,244.190,0.800,0.000,0.000,1.0
2009-09-27,04:46:00,0.242,0.124,243.760,1.000,0.000,0.000,1.0
2009-09-27,04:47:00,0.238,0.124,243.590,1.000,0.000,0.000,0.0
2009-09-27,04:48:00,0.236,0.124,243.520,1.000,0.000,0.000,1.0
2009-09-27,04:49:00,0.236,0.124,243.470,1.000,0.000,0.000,1.0
2009-09-27,04:50:00,0.234,0.124,243.380,1.000,0.000,0.000,0.0
2009-09-27,04:51:00,0.232,0.124,243.330,1.000,0.000,0.000,1.0
2009-09-27,04:52:00,0.232,0.126,244.070,1.000,0.000,0.000,1.0
2009-09-27,04:53:00,0.232,0.124,243.880,1.000,0.000,0.000,0.0
2009-09-27,04:54:00,0.230,0.124,243.450,1.000,0.000,0.000,1.0
2009-09-27,04:55:00,0.230,0.126,244.070,1.000,0.000,0.000,1.0
2009-09-27,04:56:00,0.230,0.126,244.190,1.000,0.000,0.000,0.0
2009-09-27,04:57:00,0.230,0.124,243.870,1.000,0.000,0.000,1.0
2009-09-27,04:58:00,0.230,0.124,243.840,1.000,0.000,0.000,1.0
2009-09-27,04:59:00,0.230,0.126,244.260,1.000,0.000,0.000,0.0
2009-09-27,05:00:00,0.228,0.126,244.060,1.000,0.000,0.000,1.0
2009-09-27,05:01:00,0.228,0.126,244.050,1.000,0.000,0.000,1.0
2009-09-27,05:02:00,0.228,0.126,243.950,1.000,0.000,0.000,0.0
2009-09-27,05:03:00,0.228,0.126,244.080,1.000,0.000,0.000,1.0
2009-09-27,05:04:00,0.226,0.126,243.900,1.000,0.000,0.000,1.0
2009-09-27,05:05:00,0.228,0.126,244.080,1.000,0.000,0.000,0.0
2009-09-27,05:06:00,0.228,0.126,244.440,1.000,0.000,0.000,1.0
2009-09-27,05:07:00,0.186,0.066,244.290,0.800,0.000,0.000,1.0
2009-09-27,05:08:00,0.134,0.000,244.850,0.600,0.000,0.000,0.0
2009-09-27,05:09:00,0.280,0.000,244.100,1.600,0.000,0.000,3.0
2009-09-27,05:10:00,0.768,0.156,242.360,3.200,0.000,0.000,11.0
2009-09-27,05:11:00,0.878,0.254,242.050,3.800,0.000,0.000,12.0
2009-09-27,05:12:00,0.890,0.252,241.720,3.800,0.000,0.000,12.0
2009-09-27,05:13:00,0.900,0.252,241.680,3.800,0.000,0.000,12.0
2009-09-27,05:14:00,0.254,0.102,242.520,1.200,0.000,0.000,2.0
2009-09-27,05:15:00,0.208,0.090,242.640,0.800,0.000,0.000,1.0
2009-09-27,05:16:00,0.206,0.090,242.280,0.800,0.000,0.000,0.0
2009-09-27,05:17:00,0.206,0.092,242.770,0.800,0.000,0.000,1.0
2009-09-27,05:18:00,0.308,0.216,242.810,1.600,0.000,1.000,1.0
2009-09-27,05:19:00,0.290,0.214,242.540,1.400,0.000,1.000,0.0
2009-09-27,05:20:00,0.290,0.214,242.510,1.400,0.000,2.000,1.0
2009-09-27,05:21:00,0.290,0.216,242.730,1.400,0.000,1.000,1.0
2009-09-27,05:22:00,0.290,0.216,242.890,1.400,0.000,2.000,0.0
2009-09-27,05:23:00,0.284,0.208,242.820,1.400,0.000,1.000,1.0
2009-09-27,05:24:00,0.220,0.110,242.850,1.000,0.000,1.000,1.0
2009-09-27,05:25:00,0.220,0.110,242.740,1.000,0.000,2.000,0.0
2009-09-27,05:26:00,0.262,0.148,241.790,1.400,0.000,1.000,1.0
2009-09-27,05:27:00,0.326,0.244,242.340,1.600,0.000,2.000,1.0
2009-09-27,05:28:00,0.322,0.246,242.620,1.600,0.000,1.000,0.0
2009-09-27,05:29:00,0.318,0.244,242.520,1.600,0.000,2.000,1.0
2009-09-27,05:30:00,0.316,0.244,242.510,1.600,0.000,1.000,1.0
2009-09-27,05:31:00,0.312,0.244,242.490,1.600,0.000,1.000,0.0
2009-09-27,05:32:00,0.310,0.244,242.150,1.600,0.000,2.000,1.0
2009-09-27,05:33:00,0.308,0.246,242.670,1.600,0.000,1.000,1.0
2009-09-27,05:34:00,0.306,0.246,242.800,1.600,0.000,1.000,0.0
2009-09-27,05:35:00,0.306,0.246,242.760,1.600,0.000,2.000,1.0
2009-09-27,05:36:00,0.306,0.248,243.130,1.600,0.000,1.000,1.0
2009-09-27,05:37:00,0.304,0.246,242.760,1.600,0.000,1.000,0.0
2009-09-27,05:38:00,0.502,0.242,242.250,2.800,0.000,1.000,3.0
2009-09-27,05:39:00,1.416,0.226,240.730,5.800,0.000,2.000,20.0
2009-09-27,05:40:00,1.402,0.226,240.940,5.800,0.000,1.000,19.0
2009-09-27,05:41:00,1.390,0.228,241.220,5.800,0.000,1.000,19.0
2009-09-27,05:42:00,1.382,0.228,241.450,5.800,0.000,1.000,18.0
2009-09-27,05:43:00,1.386,0.232,242.360,5.800,0.000,2.000,19.0
2009-09-27,05:44:00,1.386,0.232,242.690,5.800,0.000,1.000,19.0
2009-09-27,05:45:00,1.378,0.230,242.110,5.600,0.000,1.000,18.0
2009-09-27,05:46:00,1.374,0.230,241.860,5.600,0.000,1.000,19.0
2009-09-27,05:47:00,1.306,0.124,242.370,5.400,0.000,2.000,19.0
2009-09-27,05:48:00,1.286,0.096,242.240,5.200,0.000,1.000,18.0
2009-09-27,05:49:00,1.286,0.096,242.310,5.200,0.000,1.000,19.0
2009-09-27,05:50:00,1.286,0.096,242.270,5.200,0.000,1.000,19.0
2009-09-27,05:51:00,1.284,0.094,242.040,5.200,0.000,1.000,18.0
2009-09-27,05:52:00,1.278,0.094,241.570,5.200,0.000,2.000,19.0
2009-09-27,05:53:00,1.322,0.130,241.780,5.400,0.000,1.000,18.0
2009-09-27,05:54:00,1.356,0.200,241.920,5.600,0.000,1.000,19.0
2009-09-27,05:55:00,1.364,0.202,242.730,5.600,0.000,1.000,19.0
2009-09-27,05:56:00,1.362,0.202,242.500,5.600,0.000,1.000,18.0
2009-09-27,05:57:00,1.360,0.200,242.410,5.600,0.000,2.000,19.0
2009-09-27,05:58:00,1.356,0.200,242.290,5.600,0.000,1.000,18.0
2009-09-27,05:59:00,1.358,0.202,242.640,5.600,0.000,1.000,19.0
2009-09-27,06:00:00,1.360,0.202,242.890,5.600,0.000,1.000,19.0
2009-09-27,06:01:00,1.310,0.116,242.920,5.400,0.000,1.000,19.0
2009-09-27,06:02:00,1.286,0.080,242.760,5.200,0.000,0.000,18.0
2009-09-27,06:03:00,1.286,0.080,242.740,5.200,0.000,0.000,19.0
2009-09-27,06:04:00,1.282,0.078,242.460,5.200,0.000,0.000,19.0
2009-09-27,06:05:00,1.288,0.080,243.080,5.200,0.000,0.000,18.0
2009-09-27,06:06:00,1.280,0.000,243.660,5.200,0.000,0.000,19.0
2009-09-27,06:07:00,1.340,0.114,244.120,5.400,0.000,0.000,19.0
2009-09-27,06:08:00,1.340,0.114,244.290,5.400,0.000,0.000,19.0
2009-09-27,06:09:00,1.328,0.112,243.370,5.400,0.000,0.000,19.0
2009-09-27,06:10:00,1.316,0.110,242.520,5.400,0.000,0.000,18.0
2009-09-27,06:11:00,1.304,0.106,241.500,5.400,0.000,0.000,19.0
2009-09-27,06:12:00,1.232,0.108,241.990,5.200,0.000,0.000,18.0
2009-09-27,06:13:00,0.230,0.124,243.110,1.000,0.000,0.000,1.0
2009-09-27,06:14:00,0.230,0.124,243.080,1.000,0.000,0.000,0.0
2009-09-27,06:15:00,0.230,0.122,242.940,1.000,0.000,0.000,1.0
2009-09-27,06:16:00,0.230,0.122,243.060,1.000,0.000,0.000,1.0
2009-09-27,06:17:00,0.228,0.122,242.580,1.000,0.000,0.000,0.0
2009-09-27,06:18:00,0.228,0.122,242.800,1.000,0.000,0.000,1.0
2009-09-27,06:19:00,0.228,0.124,243.210,1.000,0.000,0.000,0.0
2009-09-27,06:20:00,0.228,0.122,243.110,1.000,0.000,0.000,1.0
2009-09-27,06:21:00,0.228,0.124,243.200,1.000,0.000,0.000,1.0
2009-09-27,06:22:00,0.228,0.124,243.330,1.000,0.000,0.000,0.0
2009-09-27,06:23:00,0.228,0.124,243.020,1.000,0.000,0.000,1.0
2009-09-27,06:24:00,0.226,0.122,242.890,1.000,0.000,0.000,1.0
2009-09-27,06:25:00,0.226,0.124,243.240,1.000,0.000,0.000,0.0
2009-09-27,06:26:00,0.226,0.124,243.210,1.000,0.000,0.000,1.0
2009-09-27,06:27:00,0.552,0.184,243.090,2.600,0.000,0.000,6.0
2009-09-27,06:28:00,0.774,0.160,243.010,3.200,0.000,0.000,12.0
2009-09-27,06:29:00,0.802,0.158,243.000,3.400,0.000,0.000,11.0
2009-09-27,06:30:00,0.824,0.160,243.170,3.400,0.000,0.000,12.0
2009-09-27,06:31:00,0.572,0.096,243.770,2.800,0.000,0.000,9.0
2009-09-27,06:32:00,0.134,0.000,244.080,0.600,0.000,0.000,1.0
2009-09-27,06:33:00,0.134,0.000,243.910,0.600,0.000,0.000,0.0
2009-09-27,06:34:00,0.134,0.000,243.760,0.600,0.000,0.000,1.0
2009-09-27,06:35:00,0.134,0.000,243.470,0.600,0.000,0.000,1.0
2009-09-27,06:36:00,0.210,0.070,243.020,1.000,0.000,0.000,0.0
2009-09-27,06:37:00,0.210,0.092,242.890,0.800,0.000,0.000,1.0
2009-09-27,06:38:00,0.212,0.092,243.260,0.800,0.000,0.000,1.0
2009-09-27,06:39:00,0.210,0.092,243.220,0.800,0.000,0.000,0.0
2009-09-27,06:40:00,0.210,0.092,243.470,0.800,0.000,0.000,1.0
2009-09-27,06:41:00,0.208,0.092,243.430,0.800,0.000,0.000,1.0
2009-09-27,06:42:00,0.206,0.092,243.200,0.800,0.000,0.000,0.0
2009-09-27,06:43:00,0.204,0.092,242.690,0.800,0.000,0.000,1.0
2009-09-27,06:44:00,0.204,0.092,243.380,0.800,0.000,0.000,1.0
2009-09-27,06:45:00,0.204,0.092,243.380,0.800,0.000,0.000,0.0
2009-09-27,06:46:00,0.204,0.092,242.920,0.800,0.000,0.000,1.0
2009-09-27,06:47:00,0.202,0.092,242.900,0.800,0.000,0.000,1.0
2009-09-27,06:48:00,0.238,0.112,242.850,1.200,0.000,0.000,0.0
2009-09-27,06:49:00,0.240,0.120,242.140,1.000,0.000,0.000,1.0
2009-09-27,06:50:00,0.236,0.120,242.080,1.000,0.000,0.000,1.0
2009-09-27,06:51:00,0.234,0.122,242.800,1.000,0.000,0.000,0.0
2009-09-27,06:52:00,0.234,0.122,242.870,1.000,0.000,0.000,1.0
2009-09-27,06:53:00,0.230,0.122,242.810,1.000,0.000,0.000,1.0
2009-09-27,06:54:00,0.230,0.122,242.800,1.000,0.000,0.000,0.0
2009-09-27,06:55:00,0.228,0.122,242.620,1.000,0.000,0.000,1.0
2009-09-27,06:56:00,0.228,0.120,242.170,1.000,0.000,0.000,0.0
2009-09-27,06:57:00,0.228,0.120,242.410,1.000,0.000,0.000,1.0
2009-09-27,06:58:00,0.228,0.122,242.640,1.000,0.000,0.000,1.0
2009-09-27,06:59:00,0.226,0.122,242.830,1.000,0.000,0.000,0.0
2009-09-27,07:00:00,0.226,0.122,242.710,1.000,0.000,0.000,1.0
2009-09-27,07:01:00,0.226,0.122,242.440,1.000,0.000,0.000,1.0
2009-09-27,07:02:00,0.224,0.120,242.070,1.000,0.000,0.000,0.0
2009-09-27,07:03:00,0.224,0.120,242.070,1.000,0.000,0.000,1.0
2009-09-27,07:04:00,0.224,0.122,242.370,1.000,0.000,0.000,1.0
2009-09-27,07:05:00,0.224,0.120,242.300,1.000,0.000,0.000,0.0
2009-09-27,07:06:00,0.224,0.122,242.590,1.000,0.000,0.000,1.0
2009-09-27,07:07:00,0.224,0.122,242.380,1.000,0.000,0.000,1.0
2009-09-27,07:08:00,0.140,0.000,242.260,0.600,0.000,0.000,0.0
2009-09-27,07:09:00,0.130,0.000,242.310,0.600,0.000,0.000,1.0
2009-09-27,07:10:00,0.132,0.000,243.020,0.600,0.000,0.000,1.0
2009-09-27,07:11:00,0.132,0.000,242.820,0.600,0.000,0.000,0.0
2009-09-27,07:12:00,0.132,0.000,243.030,0.600,0.000,0.000,1.0
2009-09-27,07:13:00,0.132,0.000,242.730,0.600,0.000,0.000,1.0
2009-09-27,07:14:00,0.132,0.000,242.810,0.600,0.000,0.000,0.0
2009-09-27,07:15:00,0.130,0.000,242.370,0.600,0.000,0.000,1.0
2009-09-27,07:16:00,0.132,0.000,242.990,0.600,0.000,0.000,1.0
2009-09-27,07:17:00,0.134,0.000,244.340,0.600,0.000,0.000,0.0
2009-09-27,07:18:00,0.162,0.000,243.650,0.800,0.000,0.000,1.0
2009-09-27,07:19:00,0.210,0.092,243.230,0.800,0.000,0.000,1.0
2009-09-27,07:20:00,0.208,0.092,243.040,0.800,0.000,0.000,0.0
2009-09-27,07:21:00,0.210,0.092,242.790,0.800,0.000,0.000,1.0
2009-09-27,07:22:00,0.208,0.092,242.570,0.800,0.000,0.000,1.0
2009-09-27,07:23:00,0.208,0.094,243.580,0.800,0.000,0.000,0.0
2009-09-27,07:24:00,0.206,0.094,243.640,0.800,0.000,0.000,1.0
2009-09-27,07:25:00,0.204,0.094,243.730,0.800,0.000,0.000,1.0
2009-09-27,07:26:00,0.204,0.094,243.670,0.800,0.000,0.000,0.0
2009-09-27,07:27:00,0.204,0.092,242.870,0.800,0.000,0.000,1.0
2009-09-27,07:28:00,0.204,0.092,243.080,0.800,0.000,0.000,1.0
2009-09-27,07:29:00,0.324,0.230,243.580,1.600,0.000,0.000,0.0
2009-09-27,07:30:00,0.304,0.220,243.920,1.400,0.000,0.000,1.0
2009-09-27,07:31:00,0.238,0.126,243.860,1.000,0.000,0.000,1.0
2009-09-27,07:32:00,0.236,0.124,243.330,1.000,0.000,0.000,0.0
2009-09-27,07:33:00,0.234,0.124,243.170,1.000,0.000,0.000,1.0
2009-09-27,07:34:00,0.232,0.122,242.830,1.000,0.000,0.000,1.0
2009-09-27,07:35:00,0.230,0.122,242.770,1.000,0.000,0.000,0.0
2009-09-27,07:36:00,0.230,0.124,243.150,1.000,0.000,0.000,1.0
2009-09-27,07:37:00,0.230,0.122,242.620,1.000,0.000,0.000,1.0
2009-09-27,07:38:00,0.326,0.240,243.020,1.800,0.000,0.000,0.0
2009-09-27,07:39:00,0.316,0.250,243.430,1.600,0.000,1.000,1.0
2009-09-27,07:40:00,0.314,0.250,243.290,1.600,0.000,2.000,1.0
2009-09-27,07:41:00,0.316,0.250,243.100,1.600,0.000,1.000,0.0
2009-09-27,07:42:00,0.314,0.250,243.170,1.600,0.000,2.000,1.0
2009-09-27,07:43:00,0.314,0.248,242.900,1.600,0.000,1.000,1.0
2009-09-27,07:44:00,0.468,0.294,242.970,2.600,0.000,2.000,2.0
2009-09-27,07:45:00,0.944,0.416,242.330,4.200,0.000,1.000,12.0
2009-09-27,07:46:00,0.962,0.412,241.950,4.200,0.000,1.000,11.0
2009-09-27,07:47:00,0.904,0.280,242.070,3.800,0.000,2.000,12.0
2009-09-27,07:48:00,0.910,0.276,242.250,3.800,0.000,1.000,12.0
2009-09-27,07:49:00,0.334,0.140,243.280,1.800,0.000,2.000,4.0
2009-09-27,07:50:00,0.220,0.112,243.180,1.000,0.000,1.000,0.0
2009-09-27,07:51:00,0.218,0.112,243.440,1.000,0.000,1.000,1.0
2009-09-27,07:52:00,0.216,0.112,243.510,1.000,0.000,2.000,1.0
2009-09-27,07:53:00,0.216,0.110,242.930,1.000,0.000,1.000,0.0
2009-09-27,07:54:00,0.214,0.110,242.630,1.000,0.000,2.000,1.0
2009-09-27,07:55:00,0.214,0.110,242.980,1.000,0.000,1.000,0.0
2009-09-27,07:56:00,0.212,0.110,243.040,1.000,0.000,1.000,1.0
2009-09-27,07:57:00,0.212,0.112,243.060,1.000,0.000,1.000,1.0
2009-09-27,07:58:00,0.212,0.110,243.000,1.000,0.000,2.000,0.0
2009-09-27,07:59:00,0.210,0.112,243.050,1.000,0.000,1.000,1.0
2009-09-27,08:00:00,0.210,0.112,243.250,1.000,0.000,1.000,1.0
2009-09-27,08:01:00,0.268,0.170,243.510,1.400,0.000,1.000,0.0
2009-09-27,08:02:00,0.284,0.218,243.440,1.400,0.000,2.000,1.0
2009-09-27,08:03:00,0.284,0.216,243.130,1.400,0.000,1.000,1.0
2009-09-27,08:04:00,0.284,0.220,244.040,1.400,0.000,1.000,0.0
2009-09-27,08:05:00,0.282,0.218,243.360,1.400,0.000,1.000,1.0
2009-09-27,08:06:00,0.280,0.218,243.750,1.400,0.000,2.000,1.0
2009-09-27,08:07:00,0.334,0.278,243.870,1.800,0.000,1.000,0.0
2009-09-27,08:08:00,0.386,0.358,243.800,2.000,0.000,1.000,1.0
2009-09-27,08:09:00,0.378,0.352,242.870,2.000,0.000,1.000,1.0
2009-09-27,08:10:00,0.376,0.356,243.410,2.000,0.000,1.000,0.0
2009-09-27,08:11:00,0.374,0.354,243.100,2.000,0.000,2.000,1.0
2009-09-27,08:12:00,0.370,0.352,242.450,2.000,0.000,1.000,1.0
2009-09-27,08:13:00,0.344,0.314,242.830,1.800,0.000,1.000,0.0
2009-09-27,08:14:00,0.300,0.248,243.040,1.600,0.000,1.000,1.0
2009-09-27,08:15:00,0.300,0.248,243.170,1.600,0.000,1.000,1.0
2009-09-27,08:16:00,0.302,0.252,244.180,1.600,0.000,2.000,0.0
2009-09-27,08:17:00,0.300,0.252,244.000,1.600,0.000,1.000,1.0
2009-09-27,08:18:00,0.300,0.252,243.970,1.600,0.000,1.000,1.0
2009-09-27,08:19:00,0.300,0.250,243.540,1.600,0.000,1.000,0.0
2009-09-27,08:20:00,0.298,0.250,243.640,1.600,0.000,1.000,1.0
2009-09-27,08:21:00,0.238,0.146,244.360,1.000,0.000,1.000,1.0
2009-09-27,08:22:00,0.228,0.130,244.800,1.000,0.000,0.000,0.0
2009-09-27,08:23:00,0.228,0.130,244.920,1.000,0.000,0.000,1.0
2009-09-27,08:24:00,0.228,0.130,244.950,1.000,0.000,0.000,1.0
2009-09-27,08:25:00,0.156,0.000,244.350,0.600,0.000,0.000,0.0
2009-09-27,08:26:00,0.132,0.000,243.720,0.600,0.000,0.000,1.0
2009-09-27,08:27:00,0.132,0.000,243.760,0.600,0.000,0.000,1.0
2009-09-27,08:28:00,0.132,0.000,244.140,0.600,0.000,0.000,0.0
2009-09-27,08:29:00,0.132,0.000,243.640,0.600,0.000,0.000,1.0
2009-09-27,08:30:00,0.132,0.000,243.820,0.600,0.000,0.000,1.0
2009-09-27,08:31:00,0.132,0.000,243.920,0.600,0.000,0.000,0.0
2009-09-27,08:32:00,0.132,0.000,243.710,0.600,0.000,0.000,1.0
2009-09-27,08:33:00,0.132,0.000,243.260,0.600,0.000,0.000,1.0
2009-09-27,08:34:00,0.132,0.000,242.930,0.600,0.000,0.000,0.0
2009-09-27,08:35:00,0.132,0.000,243.010,0.600,0.000,0.000,1.0
2009-09-27,08:36:00,0.132,0.000,243.510,0.600,0.000,0.000,1.0
2009-09-27,08:37:00,0.132,0.000,244.080,0.600,0.000,0.000,0.0
2009-09-27,08:38:00,0.132,0.000,243.510,0.600,0.000,0.000,1.0
2009-09-27,08:39:00,0.132,0.000,244.130,0.600,0.000,0.000,1.0
2009-09-27,08:40:00,0.134,0.000,244.840,0.600,0.000,0.000,0.0
2009-09-27,08:41:00,0.134,0.000,245.360,0.600,0.000,0.000,1.0
2009-09-27,08:42:00,0.132,0.000,244.700,0.600,0.000,0.000,1.0
2009-09-27,08:43:00,0.132,0.000,244.320,0.600,0.000,0.000,1.0
2009-09-27,08:44:00,0.284,0.000,244.610,1.400,0.000,0.000,0.0
2009-09-27,08:45:00,0.576,0.162,244.540,2.400,0.000,0.000,1.0
2009-09-27,08:46:00,0.614,0.228,244.620,2.600,0.000,0.000,1.0
2009-09-27,08:47:00,0.608,0.226,243.870,2.600,0.000,0.000,0.0
2009-09-27,08:48:00,0.614,0.226,243.850,2.600,0.000,0.000,1.0
2009-09-27,08:49:00,0.600,0.226,243.490,2.600,0.000,0.000,1.0
2009-09-27,08:50:00,0.598,0.226,243.740,2.600,0.000,0.000,0.0
2009-09-27,08:51:00,0.590,0.224,243.020,2.600,0.000,0.000,1.0
2009-09-27,08:52:00,0.558,0.226,243.030,2.400,0.000,0.000,1.0
2009-09-27,08:53:00,0.572,0.226,243.040,2.400,0.000,0.000,0.0
2009-09-27,08:54:00,0.570,0.226,243.150,2.400,0.000,0.000,1.0
2009-09-27,08:55:00,0.436,0.212,242.650,2.000,0.000,0.000,0.0
2009-09-27,08:56:00,0.568,0.184,241.790,2.400,0.000,0.000,1.0
2009-09-27,08:57:00,0.600,0.184,242.000,2.600,0.000,0.000,1.0
2009-09-27,08:58:00,1.296,0.182,240.380,6.000,0.000,0.000,0.0
2009-09-27,08:59:00,0.868,0.194,240.700,4.400,0.000,0.000,1.0
2009-09-27,09:00:00,0.568,0.186,242.080,2.600,0.000,0.000,1.0
2009-09-27,09:01:00,0.532,0.186,242.230,2.400,0.000,0.000,0.0
2009-09-27,09:02:00,0.564,0.190,242.520,2.600,0.000,0.000,1.0
2009-09-27,09:03:00,1.166,0.190,240.820,5.600,0.000,0.000,1.0
2009-09-27,09:04:00,1.196,0.094,240.890,5.600,0.000,0.000,0.0
2009-09-27,09:05:00,1.342,0.194,242.150,6.200,0.000,0.000,9.0
2009-09-27,09:06:00,1.476,0.240,241.430,6.600,0.000,0.000,11.0
2009-09-27,09:07:00,1.734,0.240,240.780,7.800,0.000,0.000,12.0
2009-09-27,09:08:00,1.800,0.230,240.740,8.000,0.000,0.000,12.0
2009-09-27,09:09:00,0.844,0.138,241.700,3.800,0.000,0.000,7.0
2009-09-27,09:10:00,0.498,0.046,241.360,2.000,0.000,0.000,1.0
2009-09-27,09:11:00,0.510,0.000,241.120,2.200,0.000,0.000,1.0
2009-09-27,09:12:00,0.456,0.000,241.630,2.000,0.000,0.000,0.0
2009-09-27,09:13:00,0.434,0.054,242.090,1.800,0.000,0.000,1.0
2009-09-27,09:14:00,0.430,0.056,241.080,1.800,0.000,0.000,1.0
2009-09-27,09:15:00,0.432,0.056,240.880,1.800,0.000,0.000,0.0
2009-09-27,09:16:00,0.436,0.058,241.150,1.800,0.000,0.000,1.0
2009-09-27,09:17:00,0.434,0.056,240.900,1.800,0.000,0.000,1.0
2009-09-27,09:18:00,0.434,0.058,241.050,1.800,0.000,0.000,0.0
2009-09-27,09:19:00,0.436,0.058,241.150,1.800,0.000,0.000,1.0
2009-09-27,09:20:00,0.440,0.058,241.610,1.800,0.000,0.000,1.0
2009-09-27,09:21:00,0.450,0.060,241.400,1.800,0.000,0.000,0.0
2009-09-27,09:22:00,0.446,0.060,240.870,1.800,0.000,0.000,1.0
2009-09-27,09:23:00,0.444,0.060,241.000,1.800,0.000,0.000,1.0
2009-09-27,09:24:00,0.516,0.000,241.450,2.200,0.000,0.000,0.0
2009-09-27,09:25:00,0.558,0.072,241.640,2.400,0.000,0.000,1.0
2009-09-27,09:26:00,0.562,0.070,241.990,2.400,0.000,0.000,1.0
2009-09-27,09:27:00,0.560,0.072,242.420,2.400,0.000,0.000,0.0
2009-09-27,09:28:00,0.560,0.070,241.760,2.400,0.000,0.000,1.0
2009-09-27,09:29:00,0.556,0.068,240.900,2.400,0.000,0.000,0.0
2009-09-27,09:30:00,0.556,0.070,241.050,2.400,0.000,0.000,1.0
2009-09-27,09:31:00,0.554,0.072,241.570,2.400,0.000,0.000,1.0
2009-09-27,09:32:00,0.550,0.070,241.360,2.200,0.000,0.000,0.0
2009-09-27,09:33:00,0.556,0.072,241.530,2.400,0.000,0.000,1.0
2009-09-27,09:34:00,0.554,0.072,241.100,2.400,0.000,0.000,1.0
2009-09-27,09:35:00,0.530,0.068,240.560,2.200,0.000,0.000,0.0
2009-09-27,09:36:00,0.500,0.066,239.970,2.000,0.000,0.000,1.0
2009-09-27,09:37:00,0.504,0.068,240.380,2.000,0.000,0.000,1.0
2009-09-27,09:38:00,0.482,0.078,241.380,2.000,0.000,0.000,0.0
2009-09-27,09:39:00,0.402,0.112,241.550,1.600,0.000,0.000,1.0
2009-09-27,09:40:00,0.434,0.112,241.780,1.800,0.000,0.000,1.0
2009-09-27,09:41:00,0.466,0.110,241.440,2.000,0.000,0.000,0.0
2009-09-27,09:42:00,0.374,0.076,240.700,1.600,0.000,0.000,1.0
2009-09-27,09:43:00,0.290,0.000,240.880,1.200,0.000,0.000,1.0
2009-09-27,09:44:00,0.290,0.000,240.790,1.200,0.000,0.000,0.0
2009-09-27,09:45:00,0.340,0.000,240.460,1.400,0.000,0.000,1.0
2009-09-27,09:46:00,0.364,0.084,240.240,1.400,0.000,0.000,1.0
2009-09-27,09:47:00,0.364,0.084,240.030,1.400,0.000,0.000,0.0
2009-09-27,09:48:00,0.364,0.084,240.160,1.400,0.000,0.000,1.0
2009-09-27,09:49:00,0.362,0.084,240.100,1.400,0.000,0.000,0.0
2009-09-27,09:50:00,0.360,0.084,240.330,1.400,0.000,0.000,1.0
2009-09-27,09:51:00,0.360,0.086,241.020,1.400,0.000,0.000,1.0
2009-09-27,09:52:00,0.360,0.086,241.020,1.400,0.000,0.000,0.0
2009-09-27,09:53:00,0.360,0.086,240.940,1.400,0.000,0.000,1.0
2009-09-27,09:54:00,0.358,0.084,240.640,1.400,0.000,0.000,1.0
2009-09-27,09:55:00,0.356,0.082,239.820,1.400,0.000,0.000,0.0
2009-09-27,09:56:00,0.366,0.084,240.180,1.400,0.000,0.000,1.0
2009-09-27,09:57:00,0.418,0.082,239.370,1.800,0.000,0.000,1.0
2009-09-27,09:58:00,0.494,0.172,238.430,2.200,0.000,0.000,0.0
2009-09-27,09:59:00,0.620,0.272,238.020,3.000,0.000,1.000,1.0
2009-09-27,10:00:00,0.388,0.200,238.170,1.800,0.000,2.000,1.0
2009-09-27,10:01:00,0.342,0.202,238.610,1.600,0.000,1.000,0.0
2009-09-27,10:02:00,0.326,0.178,237.930,1.400,0.000,1.000,1.0
2009-09-27,10:03:00,0.320,0.104,238.730,1.400,0.000,2.000,1.0
2009-09-27,10:04:00,0.552,0.218,237.980,2.600,0.000,2.000,0.0
2009-09-27,10:05:00,2.364,0.188,234.960,10.600,0.000,31.000,1.0
2009-09-27,10:06:00,2.266,0.188,235.440,10.200,0.000,32.000,0.0
2009-09-27,10:07:00,2.664,0.184,235.260,11.200,0.000,38.000,1.0
2009-09-27,10:08:00,2.746,0.176,234.510,11.600,0.000,38.000,1.0
2009-09-27,10:09:00,2.666,0.176,234.150,11.400,0.000,37.000,0.0
2009-09-27,10:10:00,2.612,0.182,234.840,11.000,0.000,38.000,1.0
2009-09-27,10:11:00,2.178,0.190,235.740,9.800,0.000,33.000,0.0
2009-09-27,10:12:00,0.908,0.204,237.430,5.400,0.000,9.000,1.0
2009-09-27,10:13:00,2.460,0.184,235.440,10.800,0.000,36.000,1.0
2009-09-27,10:14:00,0.514,0.240,238.200,2.400,0.000,2.000,0.0
2009-09-27,10:15:00,0.512,0.258,238.700,2.400,0.000,2.000,1.0
2009-09-27,10:16:00,0.496,0.246,238.250,2.200,0.000,2.000,1.0
2009-09-27,10:17:00,0.516,0.220,238.340,2.200,0.000,2.000,0.0
2009-09-27,10:18:00,0.540,0.216,238.670,2.400,0.000,2.000,1.0
2009-09-27,10:19:00,0.540,0.218,238.980,2.400,0.000,3.000,1.0
2009-09-27,10:20:00,0.530,0.234,239.130,2.400,0.000,2.000,0.0
2009-09-27,10:21:00,0.524,0.260,238.460,2.400,0.000,3.000,1.0
2009-09-27,10:22:00,0.514,0.260,238.040,2.400,0.000,2.000,0.0
2009-09-27,10:23:00,0.404,0.112,238.410,1.800,0.000,1.000,1.0
2009-09-27,10:24:00,0.410,0.096,238.920,1.600,0.000,2.000,1.0
2009-09-27,10:25:00,0.678,0.146,238.880,3.200,0.000,2.000,4.0
2009-09-27,10:26:00,1.052,0.224,237.470,4.400,0.000,2.000,11.0
2009-09-27,10:27:00,1.080,0.222,237.270,4.600,0.000,3.000,11.0
2009-09-27,10:28:00,1.158,0.280,239.310,5.000,0.000,2.000,12.0
2009-09-27,10:29:00,1.606,0.378,239.220,6.800,0.000,11.000,12.0
2009-09-27,10:30:00,0.672,0.170,240.290,2.800,0.000,6.000,1.0
2009-09-27,10:31:00,0.670,0.166,239.270,2.800,0.000,6.000,1.0
2009-09-27,10:32:00,0.666,0.164,238.530,2.800,0.000,6.000,1.0
2009-09-27,10:33:00,0.778,0.142,238.880,3.800,0.000,4.000,5.0
2009-09-27,10:34:00,1.512,0.120,238.380,6.400,0.000,1.000,18.0
2009-09-27,10:35:00,1.594,0.188,238.790,6.600,0.000,1.000,19.0
2009-09-27,10:36:00,1.620,0.186,238.180,6.800,0.000,1.000,18.0
2009-09-27,10:37:00,1.614,0.186,238.350,6.800,0.000,1.000,19.0
2009-09-27,10:38:00,1.512,0.190,238.740,6.200,0.000,2.000,18.0
2009-09-27,10:39:00,1.496,0.190,238.690,6.200,0.000,1.000,18.0
2009-09-27,10:40:00,1.486,0.188,238.020,6.200,0.000,1.000,18.0
2009-09-27,10:41:00,1.484,0.188,238.070,6.200,0.000,1.000,18.0
2009-09-27,10:42:00,1.442,0.100,239.250,6.000,0.000,1.000,18.0
2009-09-27,10:43:00,1.424,0.072,239.180,5.800,0.000,0.000,19.0
2009-09-27,10:44:00,1.354,0.072,238.770,5.600,0.000,0.000,18.0
2009-09-27,10:45:00,1.430,0.204,238.820,6.000,0.000,0.000,18.0
2009-09-27,10:46:00,1.414,0.202,238.840,5.800,0.000,0.000,18.0
2009-09-27,10:47:00,1.392,0.178,238.780,5.800,0.000,0.000,18.0
2009-09-27,10:48:00,1.342,0.102,238.900,5.600,0.000,0.000,18.0
2009-09-27,10:49:00,1.352,0.104,239.940,5.600,0.000,0.000,18.0
2009-09-27,10:50:00,1.366,0.108,241.470,5.600,0.000,0.000,19.0
2009-09-27,10:51:00,1.488,0.106,241.530,6.200,0.000,0.000,18.0
2009-09-27,10:52:00,1.660,0.104,241.540,6.800,0.000,0.000,19.0
2009-09-27,10:53:00,1.666,0.106,241.410,6.800,0.000,0.000,18.0
2009-09-27,10:54:00,1.640,0.094,240.660,6.800,0.000,0.000,19.0
2009-09-27,10:55:00,1.412,0.090,241.090,5.800,0.000,0.000,18.0
2009-09-27,10:56:00,3.472,0.080,238.580,14.600,0.000,34.000,18.0
2009-09-27,10:57:00,3.638,0.072,237.310,15.200,0.000,38.000,18.0
2009-09-27,10:58:00,3.624,0.072,237.440,15.200,0.000,37.000,18.0
2009-09-27,10:59:00,3.600,0.074,237.620,15.000,0.000,38.000,18.0
2009-09-27,11:00:00,3.624,0.076,238.520,15.200,0.000,38.000,18.0
2009-09-27,11:01:00,3.626,0.074,238.380,15.200,0.000,38.000,18.0
2009-09-27,11:02:00,3.770,0.228,237.450,15.800,0.000,38.000,18.0
2009-09-27,11:03:00,3.786,0.246,236.430,16.000,0.000,38.000,18.0
2009-09-27,11:04:00,3.808,0.190,236.310,16.000,0.000,37.000,17.0
2009-09-27,11:05:00,2.746,0.128,238.680,12.400,0.000,22.000,19.0
2009-09-27,11:06:00,1.764,0.136,239.340,7.600,0.000,2.000,18.0
2009-09-27,11:07:00,3.324,0.126,238.220,14.400,0.000,31.000,18.0
2009-09-27,11:08:00,1.592,0.190,240.520,6.600,0.000,1.000,18.0
2009-09-27,11:09:00,1.504,0.000,240.170,6.200,0.000,1.000,18.0
2009-09-27,11:10:00,1.636,0.000,240.530,6.800,0.000,1.000,19.0
2009-09-27,11:11:00,1.520,0.000,239.900,6.200,0.000,1.000,18.0
2009-09-27,11:12:00,1.480,0.000,238.230,6.200,0.000,2.000,18.0
2009-09-27,11:13:00,1.344,0.000,237.510,5.600,0.000,2.000,18.0
2009-09-27,11:14:00,1.316,0.000,237.630,5.400,0.000,1.000,18.0
2009-09-27,11:15:00,1.292,0.000,237.520,5.400,0.000,1.000,18.0
2009-09-27,11:16:00,1.292,0.000,237.720,5.400,0.000,1.000,18.0
2009-09-27,11:17:00,1.266,0.000,238.060,5.200,0.000,1.000,18.0
2009-09-27,11:18:00,1.306,0.000,237.970,5.400,0.000,1.000,18.0
2009-09-27,11:19:00,1.350,0.000,237.940,5.600,0.000,1.000,18.0
2009-09-27,11:20:00,1.414,0.066,238.220,5.800,0.000,2.000,18.0
2009-09-27,11:21:00,1.398,0.068,236.970,5.800,0.000,2.000,17.0
2009-09-27,11:22:00,1.364,0.100,237.380,5.600,0.000,1.000,18.0
2009-09-27,11:23:00,1.364,0.100,238.580,5.600,0.000,1.000,18.0
2009-09-27,11:24:00,1.932,0.228,238.210,8.200,0.000,10.000,18.0
2009-09-27,11:25:00,1.772,0.176,238.050,7.400,0.000,8.000,18.0
2009-09-27,11:26:00,1.720,0.190,238.270,7.200,0.000,6.000,18.0
2009-09-27,11:27:00,1.778,0.284,238.380,7.400,0.000,6.000,18.0
2009-09-27,11:28:00,0.848,0.274,240.000,4.400,0.000,3.000,7.0
2009-09-27,11:29:00,0.370,0.222,240.540,1.800,0.000,0.000,0.0
2009-09-27,11:30:00,0.360,0.218,240.140,1.600,0.000,0.000,1.0
2009-09-27,11:31:00,0.356,0.218,240.010,1.600,0.000,0.000,1.0
2009-09-27,11:32:00,0.356,0.218,240.090,1.600,0.000,0.000,0.0
2009-09-27,11:33:00,0.788,0.256,239.070,3.600,0.000,0.000,9.0
2009-09-27,11:34:00,0.922,0.266,239.270,4.000,0.000,0.000,11.0
2009-09-27,11:35:00,0.952,0.262,239.010,4.000,0.000,0.000,12.0
2009-09-27,11:36:00,0.968,0.264,239.310,4.200,0.000,0.000,12.0
2009-09-27,11:37:00,0.584,0.178,239.130,2.800,0.000,0.000,6.0
2009-09-27,11:38:00,0.284,0.116,240.050,1.200,0.000,0.000,1.0
2009-09-27,11:39:00,0.284,0.116,240.130,1.200,0.000,0.000,0.0
2009-09-27,11:40:00,0.282,0.114,239.790,1.200,0.000,0.000,1.0
2009-09-27,11:41:00,0.282,0.114,239.910,1.200,0.000,0.000,1.0
2009-09-27,11:42:00,0.282,0.116,239.970,1.200,0.000,0.000,0.0
2009-09-27,11:43:00,0.282,0.114,239.930,1.200,0.000,0.000,1.0
2009-09-27,11:44:00,0.282,0.114,239.490,1.200,0.000,0.000,1.0
2009-09-27,11:45:00,0.282,0.114,239.750,1.200,0.000,0.000,0.0
2009-09-27,11:46:00,0.274,0.104,239.980,1.200,0.000,0.000,1.0
2009-09-27,11:47:00,0.190,0.000,239.920,0.800,0.000,0.000,0.0
2009-09-27,11:48:00,0.190,0.000,240.040,0.800,0.000,0.000,1.0
2009-09-27,11:49:00,0.190,0.000,239.810,0.800,0.000,0.000,1.0
2009-09-27,11:50:00,0.190,0.000,239.220,0.800,0.000,0.000,0.0
2009-09-27,11:51:00,0.190,0.000,239.930,0.800,0.000,0.000,1.0
2009-09-27,11:52:00,0.188,0.000,239.120,0.800,0.000,0.000,1.0
2009-09-27,11:53:00,0.188,0.000,238.600,0.800,0.000,0.000,0.0
2009-09-27,11:54:00,0.186,0.000,237.850,0.800,0.000,0.000,1.0
2009-09-27,11:55:00,0.188,0.000,237.930,0.800,0.000,0.000,1.0
2009-09-27,11:56:00,0.188,0.000,237.970,0.800,0.000,0.000,0.0
2009-09-27,11:57:00,0.188,0.000,238.320,0.800,0.000,0.000,1.0
2009-09-27,11:58:00,0.190,0.000,239.690,0.800,0.000,0.000,1.0
2009-09-27,11:59:00,0.190,0.000,239.590,0.800,0.000,0.000,0.0
2009-09-27,12:00:00,0.188,0.000,238.230,0.800,0.000,0.000,1.0
2009-09-27,12:01:00,0.188,0.000,237.990,0.800,0.000,0.000,0.0
2009-09-27,12:02:00,0.188,0.000,237.960,0.800,0.000,0.000,1.0
2009-09-27,12:03:00,0.186,0.000,237.350,0.800,0.000,0.000,1.0
2009-09-27,12:04:00,0.186,0.000,237.410,0.800,0.000,0.000,0.0
2009-09-27,12:05:00,0.256,0.050,237.500,1.200,0.000,0.000,1.0
2009-09-27,12:06:00,0.264,0.084,238.380,1.000,0.000,0.000,1.0
2009-09-27,12:07:00,0.264,0.082,237.670,1.000,0.000,0.000,0.0
2009-09-27,12:08:00,0.262,0.080,236.620,1.000,0.000,0.000,1.0
2009-09-27,12:09:00,0.342,0.162,237.150,1.600,0.000,0.000,0.0
2009-09-27,12:10:00,0.366,0.208,236.970,1.600,0.000,0.000,1.0
2009-09-27,12:11:00,0.360,0.210,237.330,1.600,0.000,0.000,1.0
2009-09-27,12:12:00,0.380,0.210,237.500,1.800,0.000,0.000,0.0
2009-09-27,12:13:00,0.536,0.202,236.790,2.400,0.000,0.000,1.0
2009-09-27,12:14:00,0.532,0.202,236.500,2.400,0.000,0.000,1.0
2009-09-27,12:15:00,0.424,0.204,236.700,2.000,0.000,0.000,0.0
2009-09-27,12:16:00,0.400,0.192,237.970,1.800,0.000,0.000,1.0
2009-09-27,12:17:00,0.426,0.210,238.360,2.000,0.000,1.000,1.0
2009-09-27,12:18:00,1.792,0.302,237.710,8.800,0.000,23.000,0.0
2009-09-27,12:19:00,2.764,0.372,235.840,11.800,0.000,38.000,1.0
2009-09-27,12:20:00,2.880,0.478,235.080,12.400,0.000,39.000,0.0
2009-09-27,12:21:00,2.898,0.476,236.080,12.400,0.000,38.000,1.0
2009-09-27,12:22:00,2.894,0.470,236.190,12.400,0.000,39.000,1.0
2009-09-27,12:23:00,2.898,0.460,235.760,12.400,0.000,38.000,0.0
2009-09-27,12:24:00,2.944,0.468,238.010,12.400,0.000,39.000,1.0
2009-09-27,12:25:00,2.938,0.464,237.970,12.400,0.000,40.000,1.0
2009-09-27,12:26:00,2.724,0.458,236.930,11.800,0.000,37.000,0.0
2009-09-27,12:27:00,0.728,0.480,238.810,3.600,0.000,2.000,1.0
2009-09-27,12:28:00,0.722,0.472,237.700,3.600,0.000,3.000,0.0
2009-09-27,12:29:00,0.678,0.480,238.030,3.400,0.000,2.000,1.0
2009-09-27,12:30:00,0.608,0.390,238.250,3.000,0.000,2.000,1.0
2009-09-27,12:31:00,0.594,0.392,239.880,3.000,0.000,2.000,0.0
2009-09-27,12:32:00,1.138,0.478,238.550,6.200,0.000,2.000,1.0
2009-09-27,12:33:00,2.244,0.642,237.230,9.800,0.000,3.000,1.0
2009-09-27,12:34:00,0.686,0.358,239.550,3.400,0.000,3.000,0.0
2009-09-27,12:35:00,0.642,0.364,240.180,3.000,0.000,2.000,1.0
2009-09-27,12:36:00,0.616,0.388,238.130,3.000,0.000,3.000,1.0
2009-09-27,12:37:00,0.600,0.388,237.490,3.000,0.000,2.000,0.0
2009-09-27,12:38:00,0.528,0.284,239.250,2.400,0.000,1.000,1.0
2009-09-27,12:39:00,0.546,0.256,240.210,2.400,0.000,2.000,0.0
2009-09-27,12:40:00,0.556,0.252,241.590,2.600,0.000,3.000,1.0
2009-09-27,12:41:00,0.584,0.256,244.300,2.600,0.000,2.000,1.0
2009-09-27,12:42:00,0.580,0.254,244.040,2.600,0.000,3.000,0.0
2009-09-27,12:43:00,0.576,0.292,245.740,2.600,0.000,2.000,1.0
2009-09-27,12:44:00,0.854,0.366,247.030,3.800,0.000,6.000,1.0
2009-09-27,12:45:00,0.896,0.470,243.620,4.200,0.000,6.000,0.0
2009-09-27,12:46:00,0.888,0.468,243.080,4.000,0.000,6.000,1.0
2009-09-27,12:47:00,0.888,0.474,244.580,4.000,0.000,6.000,1.0
2009-09-27,12:48:00,1.334,0.626,243.680,6.000,0.000,4.000,10.0
2009-09-27,12:49:00,1.260,0.594,243.520,5.600,0.000,2.000,11.0
2009-09-27,12:50:00,1.276,0.570,242.270,5.800,0.000,1.000,12.0
2009-09-27,12:51:00,1.284,0.560,241.540,5.800,0.000,1.000,12.0
2009-09-27,12:52:00,0.880,0.458,240.550,4.400,0.000,1.000,6.0
2009-09-27,12:53:00,0.478,0.320,240.700,2.400,0.000,1.000,1.0
2009-09-27,12:54:00,0.356,0.238,240.520,1.800,0.000,2.000,1.0
2009-09-27,12:55:00,0.360,0.232,239.190,1.800,0.000,1.000,0.0
2009-09-27,12:56:00,0.358,0.230,238.790,1.800,0.000,1.000,1.0
2009-09-27,12:57:00,0.358,0.236,239.860,1.800,0.000,1.000,1.0
2009-09-27,12:58:00,0.364,0.244,242.060,1.800,0.000,1.000,0.0
2009-09-27,12:59:00,0.366,0.244,242.100,1.800,0.000,2.000,1.0
2009-09-27,13:00:00,0.360,0.242,241.430,1.800,0.000,1.000,1.0
2009-09-27,13:01:00,0.358,0.238,240.600,1.800,0.000,1.000,0.0
2009-09-27,13:02:00,0.296,0.142,242.240,1.400,0.000,1.000,1.0
2009-09-27,13:03:00,0.254,0.086,242.150,1.000,0.000,1.000,1.0
2009-09-27,13:04:00,0.196,0.000,242.330,0.800,0.000,0.000,0.0
2009-09-27,13:05:00,0.196,0.000,242.100,0.800,0.000,0.000,1.0
2009-09-27,13:06:00,0.194,0.000,241.370,0.800,0.000,0.000,1.0
2009-09-27,13:07:00,0.282,0.080,241.380,1.200,0.000,0.000,0.0
2009-09-27,13:08:00,0.278,0.090,242.090,1.200,0.000,0.000,1.0
2009-09-27,13:09:00,0.830,0.084,241.770,4.400,0.000,0.000,1.0
2009-09-27,13:10:00,0.990,0.122,242.090,4.600,0.000,0.000,9.0
2009-09-27,13:11:00,1.424,0.116,241.470,5.800,0.000,0.000,20.0
2009-09-27,13:12:00,1.422,0.116,241.530,5.800,0.000,0.000,19.0
2009-09-27,13:13:00,1.396,0.114,240.580,5.800,0.000,0.000,18.0
2009-09-27,13:14:00,1.370,0.112,240.020,5.600,0.000,0.000,19.0
2009-09-27,13:15:00,1.572,0.124,239.750,6.800,0.000,0.000,18.0
2009-09-27,13:16:00,1.494,0.092,240.140,6.400,0.000,0.000,18.0
2009-09-27,13:17:00,1.730,0.102,240.440,7.600,0.000,0.000,19.0
2009-09-27,13:18:00,1.922,0.100,240.430,8.400,0.000,0.000,18.0
2009-09-27,13:19:00,1.356,0.076,240.770,5.600,0.000,0.000,19.0
2009-09-27,13:20:00,1.338,0.078,241.260,5.400,0.000,0.000,18.0
2009-09-27,13:21:00,1.454,0.080,241.350,6.000,0.000,0.000,19.0
2009-09-27,13:22:00,1.596,0.158,241.120,6.600,0.000,0.000,18.0
2009-09-27,13:23:00,1.568,0.160,240.430,6.400,0.000,0.000,18.0
2009-09-27,13:24:00,1.446,0.200,240.420,6.000,0.000,0.000,19.0
2009-09-27,13:25:00,1.444,0.202,240.560,6.000,0.000,0.000,18.0
2009-09-27,13:26:00,1.430,0.198,239.480,6.000,0.000,0.000,18.0
2009-09-27,13:27:00,1.432,0.198,239.730,6.000,0.000,0.000,19.0
2009-09-27,13:28:00,1.416,0.202,239.460,5.800,0.000,0.000,18.0
2009-09-27,13:29:00,1.410,0.206,239.550,5.800,0.000,0.000,18.0
2009-09-27,13:30:00,1.420,0.208,240.520,5.800,0.000,0.000,18.0
2009-09-27,13:31:00,1.426,0.210,241.010,5.800,0.000,0.000,19.0
2009-09-27,13:32:00,1.422,0.210,240.850,5.800,0.000,0.000,18.0
2009-09-27,13:33:00,1.420,0.210,240.720,5.800,0.000,0.000,19.0
2009-09-27,13:34:00,1.422,0.210,240.910,5.800,0.000,0.000,18.0
2009-09-27,13:35:00,1.422,0.210,240.990,5.800,0.000,0.000,18.0
2009-09-27,13:36:00,1.418,0.208,240.610,5.800,0.000,0.000,19.0
2009-09-27,13:37:00,1.412,0.208,240.100,5.800,0.000,0.000,18.0
2009-09-27,13:38:00,1.422,0.210,241.070,5.800,0.000,0.000,19.0
2009-09-27,13:39:00,1.414,0.208,240.380,5.800,0.000,0.000,18.0
2009-09-27,13:40:00,1.530,0.112,240.580,6.200,0.000,0.000,18.0
2009-09-27,13:41:00,1.540,0.104,240.680,6.400,0.000,0.000,19.0
2009-09-27,13:42:00,1.568,0.000,241.100,6.400,0.000,0.000,18.0
2009-09-27,13:43:00,1.436,0.000,241.390,5.800,0.000,0.000,19.0
2009-09-27,13:44:00,1.422,0.000,241.530,5.800,0.000,0.000,18.0
2009-09-27,13:45:00,1.414,0.000,241.150,5.800,0.000,0.000,19.0
2009-09-27,13:46:00,1.414,0.000,241.220,5.800,0.000,0.000,18.0
2009-09-27,13:47:00,2.106,0.000,240.460,9.800,0.000,11.000,18.0
2009-09-27,13:48:00,3.674,0.052,238.950,15.200,0.000,37.000,18.0
2009-09-27,13:49:00,3.692,0.052,238.860,15.400,0.000,37.000,19.0
2009-09-27,13:50:00,3.684,0.052,238.640,15.400,0.000,38.000,18.0
2009-09-27,13:51:00,3.692,0.054,238.790,15.400,0.000,37.000,18.0
2009-09-27,13:52:00,3.670,0.056,238.060,15.400,0.000,37.000,18.0
2009-09-27,13:53:00,2.588,0.050,238.470,11.800,0.000,20.000,18.0
2009-09-27,13:54:00,1.462,0.000,239.080,6.000,0.000,1.000,18.0
2009-09-27,13:55:00,3.078,0.054,236.820,13.600,0.000,27.000,18.0
2009-09-27,13:56:00,1.456,0.000,237.980,6.000,0.000,1.000,18.0
2009-09-27,13:57:00,1.462,0.000,238.260,6.000,0.000,0.000,18.0
2009-09-27,13:58:00,1.452,0.000,238.240,6.000,0.000,0.000,18.0
2009-09-27,13:59:00,1.450,0.000,238.070,6.000,0.000,1.000,18.0
2009-09-27,14:00:00,1.468,0.000,239.030,6.000,0.000,0.000,18.0
2009-09-27,14:01:00,1.468,0.000,238.870,6.000,0.000,1.000,18.0
2009-09-27,14:02:00,1.534,0.000,239.060,6.400,0.000,0.000,18.0
2009-09-27,14:03:00,1.594,0.138,239.230,6.600,0.000,1.000,18.0
2009-09-27,14:04:00,1.590,0.122,239.970,6.600,0.000,1.000,18.0
2009-09-27,14:05:00,1.574,0.104,240.340,6.400,0.000,0.000,19.0
2009-09-27,14:06:00,2.136,0.240,239.670,9.000,0.000,0.000,27.0
2009-09-27,14:07:00,2.202,0.238,239.100,9.200,0.000,1.000,29.0
2009-09-27,14:08:00,2.214,0.228,237.650,9.200,0.000,0.000,29.0
2009-09-27,14:09:00,2.234,0.244,238.020,9.400,0.000,1.000,29.0
2009-09-27,14:10:00,2.022,0.216,238.750,8.600,0.000,2.000,24.0
2009-09-27,14:11:00,1.820,0.168,239.340,7.600,0.000,5.000,19.0
2009-09-27,14:12:00,1.832,0.168,239.380,7.600,0.000,5.000,18.0
2009-09-27,14:13:00,1.894,0.244,239.270,8.000,0.000,5.000,18.0
2009-09-27,14:14:00,1.920,0.280,240.000,8.000,0.000,5.000,18.0
2009-09-27,14:15:00,1.738,0.260,240.610,7.200,0.000,3.000,19.0
2009-09-27,14:16:00,1.604,0.206,240.680,6.600,0.000,0.000,18.0
2009-09-27,14:17:00,1.640,0.206,240.680,6.800,0.000,0.000,18.0
2009-09-27,14:18:00,1.792,0.214,240.630,7.400,0.000,0.000,19.0
2009-09-27,14:19:00,1.860,0.238,240.680,7.800,0.000,0.000,18.0
2009-09-27,14:20:00,1.820,0.232,240.480,7.600,1.000,0.000,18.0
2009-09-27,14:21:00,1.692,0.216,240.920,7.000,1.000,0.000,19.0
2009-09-27,14:22:00,1.702,0.208,241.220,7.000,2.000,1.000,18.0
2009-09-27,14:23:00,1.498,0.116,241.180,6.200,1.000,1.000,19.0
2009-09-27,14:24:00,1.382,0.078,240.730,5.600,1.000,1.000,18.0
2009-09-27,14:25:00,3.048,0.066,238.770,13.400,1.000,27.000,18.0
2009-09-27,14:26:00,3.630,0.060,237.920,15.200,1.000,37.000,18.0
2009-09-27,14:27:00,3.618,0.060,237.540,15.200,1.000,37.000,18.0
2009-09-27,14:28:00,3.704,0.054,236.730,15.600,2.000,38.000,18.0
2009-09-27,14:29:00,3.606,0.054,237.370,15.200,1.000,37.000,18.0
2009-09-27,14:30:00,3.016,0.062,238.700,13.200,1.000,30.000,18.0
2009-09-27,14:31:00,1.774,0.076,239.680,8.200,1.000,5.000,18.0
2009-09-27,14:32:00,2.950,0.062,238.460,13.000,1.000,29.000,18.0
2009-09-27,14:33:00,1.366,0.110,239.870,5.600,2.000,1.000,18.0
2009-09-27,14:34:00,1.362,0.124,239.740,5.600,1.000,0.000,19.0
2009-09-27,14:35:00,1.358,0.108,239.940,5.600,1.000,1.000,18.0
2009-09-27,14:36:00,1.384,0.084,240.240,5.600,1.000,1.000,18.0
2009-09-27,14:37:00,1.400,0.112,240.250,5.800,1.000,1.000,18.0
2009-09-27,14:38:00,1.534,0.358,239.390,6.600,1.000,3.000,19.0
2009-09-27,14:39:00,1.558,0.388,238.520,6.600,1.000,3.000,18.0
2009-09-27,14:40:00,3.082,0.312,237.510,13.600,26.000,2.000,17.0
2009-09-27,14:41:00,2.778,0.306,238.560,11.800,38.000,3.000,4.0
2009-09-27,14:42:00,2.606,0.274,238.280,11.000,38.000,2.000,1.0
2009-09-27,14:43:00,2.630,0.276,238.300,11.000,38.000,2.000,0.0
2009-09-27,14:44:00,2.808,0.336,238.000,11.800,37.000,3.000,1.0
2009-09-27,14:45:00,2.842,0.396,237.750,12.000,38.000,2.000,1.0
2009-09-27,14:46:00,2.844,0.402,238.230,12.000,37.000,3.000,0.0
2009-09-27,14:47:00,2.862,0.444,237.820,12.200,38.000,3.000,1.0
2009-09-27,14:48:00,3.086,0.488,237.700,13.000,37.000,7.000,0.0
2009-09-27,14:49:00,3.058,0.482,238.000,13.000,37.000,6.000,1.0
2009-09-27,14:50:00,2.130,0.494,238.710,10.200,24.000,7.000,1.0
2009-09-27,14:51:00,0.882,0.512,240.090,4.200,1.000,6.000,0.0
2009-09-27,14:52:00,0.668,0.488,239.890,3.400,1.000,3.000,1.0
2009-09-27,14:53:00,0.582,0.438,239.760,3.000,1.000,1.000,1.0
2009-09-27,14:54:00,0.574,0.440,239.620,3.000,2.000,2.000,0.0
2009-09-27,14:55:00,0.574,0.440,239.560,3.000,1.000,1.000,1.0
2009-09-27,14:56:00,0.570,0.438,239.450,3.000,1.000,1.000,1.0
2009-09-27,14:57:00,0.572,0.440,239.550,3.000,1.000,2.000,0.0
2009-09-27,14:58:00,0.570,0.440,239.790,3.000,1.000,1.000,1.0
2009-09-27,14:59:00,0.572,0.440,239.670,3.000,1.000,1.000,1.0
2009-09-27,15:00:00,0.568,0.440,239.650,3.000,1.000,2.000,0.0
2009-09-27,15:01:00,0.570,0.438,239.350,3.000,2.000,1.000,1.0
2009-09-27,15:02:00,0.566,0.438,239.350,3.000,1.000,1.000,0.0
2009-09-27,15:03:00,0.570,0.444,240.070,3.000,1.000,1.000,1.0
2009-09-27,15:04:00,0.566,0.440,239.790,3.000,1.000,2.000,1.0
2009-09-27,15:05:00,0.516,0.360,239.910,2.600,1.000,1.000,0.0
2009-09-27,15:06:00,0.478,0.310,239.690,2.200,1.000,1.000,1.0
2009-09-27,15:07:00,0.478,0.306,239.080,2.200,2.000,1.000,1.0
2009-09-27,15:08:00,0.478,0.310,239.690,2.200,1.000,2.000,0.0
2009-09-27,15:09:00,0.480,0.308,239.680,2.400,1.000,1.000,1.0
2009-09-27,15:10:00,0.480,0.310,240.020,2.200,1.000,1.000,1.0
2009-09-27,15:11:00,0.564,0.400,239.440,2.800,1.000,1.000,0.0
2009-09-27,15:12:00,0.550,0.410,239.540,2.800,1.000,1.000,1.0
2009-09-27,15:13:00,0.552,0.408,239.230,2.800,2.000,2.000,1.0
2009-09-27,15:14:00,0.552,0.412,240.120,2.800,1.000,1.000,0.0
2009-09-27,15:15:00,0.552,0.414,240.240,2.800,1.000,1.000,1.0
2009-09-27,15:16:00,0.552,0.416,240.710,2.800,1.000,1.000,0.0
2009-09-27,15:17:00,0.556,0.414,240.580,2.800,1.000,2.000,1.0
2009-09-27,15:18:00,0.844,0.480,240.380,4.800,1.000,1.000,1.0
2009-09-27,15:19:00,0.672,0.436,240.770,3.600,2.000,1.000,0.0
2009-09-27,15:20:00,0.576,0.412,240.910,2.800,1.000,1.000,1.0
2009-09-27,15:21:00,0.574,0.410,240.520,2.800,1.000,1.000,1.0
2009-09-27,15:22:00,0.394,0.236,240.360,1.800,1.000,2.000,0.0
2009-09-27,15:23:00,0.360,0.212,241.110,1.600,1.000,1.000,1.0
2009-09-27,15:24:00,0.732,0.218,241.280,3.400,1.000,0.000,7.0
2009-09-27,15:25:00,0.938,0.270,241.560,4.000,2.000,0.000,12.0
2009-09-27,15:26:00,0.972,0.270,241.760,4.200,1.000,0.000,12.0
2009-09-27,15:27:00,1.110,0.410,241.950,4.800,1.000,0.000,12.0
2009-09-27,15:28:00,0.660,0.302,242.520,3.200,1.000,0.000,5.0
2009-09-27,15:29:00,0.398,0.242,242.700,1.800,1.000,0.000,1.0
2009-09-27,15:30:00,0.372,0.202,243.090,1.800,2.000,0.000,1.0
2009-09-27,15:31:00,0.328,0.138,243.160,1.400,1.000,0.000,0.0
2009-09-27,15:32:00,0.334,0.140,242.820,1.400,1.000,0.000,1.0
2009-09-27,15:33:00,0.330,0.140,242.310,1.400,1.000,0.000,1.0
2009-09-27,15:34:00,0.330,0.136,242.850,1.400,1.000,0.000,0.0
2009-09-27,15:35:00,0.324,0.134,242.040,1.400,2.000,0.000,1.0
2009-09-27,15:36:00,0.326,0.132,241.340,1.400,1.000,0.000,1.0
2009-09-27,15:37:00,0.324,0.132,241.610,1.400,1.000,0.000,0.0
2009-09-27,15:38:00,0.328,0.134,241.880,1.400,1.000,0.000,1.0
2009-09-27,15:39:00,0.324,0.134,241.840,1.400,1.000,0.000,1.0
2009-09-27,15:40:00,0.326,0.132,241.830,1.400,2.000,0.000,0.0
2009-09-27,15:41:00,0.330,0.146,241.800,1.400,1.000,0.000,1.0
2009-09-27,15:42:00,0.306,0.172,241.860,1.400,1.000,0.000,1.0
2009-09-27,15:43:00,0.290,0.164,242.100,1.400,0.000,0.000,0.0
2009-09-27,15:44:00,0.304,0.154,242.040,1.400,1.000,0.000,1.0
2009-09-27,15:45:00,0.334,0.144,242.350,1.400,1.000,0.000,1.0
2009-09-27,15:46:00,0.334,0.140,242.190,1.400,2.000,0.000,0.0
2009-09-27,15:47:00,0.292,0.138,242.080,1.200,1.000,0.000,1.0
2009-09-27,15:48:00,0.216,0.000,242.230,0.800,1.000,0.000,0.0
2009-09-27,15:49:00,0.196,0.000,242.090,0.800,1.000,0.000,1.0
2009-09-27,15:50:00,0.198,0.000,242.800,0.800,1.000,0.000,1.0
2009-09-27,15:51:00,0.198,0.000,242.900,0.800,2.000,0.000,0.0
2009-09-27,15:52:00,0.166,0.000,242.340,0.600,0.000,0.000,1.0
2009-09-27,15:53:00,0.172,0.000,242.080,0.600,1.000,0.000,1.0
2009-09-27,15:54:00,0.160,0.000,241.430,0.600,0.000,0.000,0.0
2009-09-27,15:55:00,0.202,0.000,241.770,0.800,2.000,0.000,1.0
2009-09-27,15:56:00,2.176,0.000,240.110,9.400,32.000,0.000,1.0
2009-09-27,15:57:00,2.404,0.000,239.510,10.000,38.000,0.000,0.0
2009-09-27,15:58:00,2.394,0.000,239.110,10.000,38.000,0.000,1.0
2009-09-27,15:59:00,2.394,0.000,239.190,10.000,38.000,0.000,1.0
2009-09-27,16:00:00,2.392,0.000,239.390,10.000,38.000,0.000,0.0
2009-09-27,16:01:00,2.652,0.000,239.860,11.000,38.000,0.000,1.0
2009-09-27,16:02:00,2.684,0.082,239.860,11.200,37.000,0.000,1.0
2009-09-27,16:03:00,2.518,0.072,240.780,10.400,39.000,0.000,0.0
2009-09-27,16:04:00,4.636,0.058,238.810,19.400,37.000,34.000,1.0
2009-09-27,16:05:00,4.690,0.056,238.110,19.600,38.000,37.000,1.0
2009-09-27,16:06:00,4.696,0.056,238.490,19.600,37.000,37.000,0.0
2009-09-27,16:07:00,4.528,0.058,238.970,19.000,36.000,37.000,1.0
2009-09-27,16:08:00,2.264,0.066,241.320,9.800,0.000,36.000,0.0
2009-09-27,16:09:00,0.244,0.098,243.510,1.200,0.000,0.000,1.0
2009-09-27,16:10:00,0.336,0.220,243.380,1.600,0.000,1.000,1.0
2009-09-27,16:11:00,1.870,0.228,242.030,8.800,0.000,26.000,0.0
2009-09-27,16:12:00,0.348,0.254,242.720,1.800,1.000,0.000,1.0
2009-09-27,16:13:00,0.328,0.268,242.530,1.600,0.000,1.000,1.0
2009-09-27,16:14:00,0.324,0.268,242.270,1.600,0.000,0.000,0.0
2009-09-27,16:15:00,0.322,0.232,242.430,1.600,0.000,1.000,1.0
2009-09-27,16:16:00,0.324,0.222,242.720,1.600,0.000,0.000,1.0
2009-09-27,16:17:00,0.330,0.218,242.480,1.600,0.000,1.000,0.0
2009-09-27,16:18:00,0.330,0.218,242.560,1.600,0.000,0.000,1.0
2009-09-27,16:19:00,0.348,0.256,241.890,1.800,0.000,1.000,1.0
2009-09-27,16:20:00,0.320,0.264,241.490,1.600,0.000,1.000,0.0
2009-09-27,16:21:00,0.306,0.234,241.590,1.600,0.000,0.000,1.0
2009-09-27,16:22:00,0.254,0.126,241.520,1.200,0.000,1.000,1.0
2009-09-27,16:23:00,0.356,0.112,241.450,1.400,0.000,0.000,0.0
2009-09-27,16:24:00,0.306,0.110,241.640,1.400,0.000,1.000,1.0
2009-09-27,16:25:00,0.306,0.112,241.800,1.400,0.000,0.000,1.0
2009-09-27,16:26:00,0.264,0.136,241.940,1.200,0.000,1.000,0.0
2009-09-27,16:27:00,0.304,0.158,242.270,1.400,0.000,2.000,1.0
2009-09-27,16:28:00,0.538,0.198,241.560,2.400,0.000,5.000,1.0
2009-09-27,16:29:00,0.524,0.194,241.160,2.200,0.000,5.000,0.0
2009-09-27,16:30:00,0.544,0.202,242.000,2.400,0.000,5.000,1.0
2009-09-27,16:31:00,0.514,0.132,242.200,2.200,0.000,6.000,1.0
2009-09-27,16:32:00,0.216,0.000,243.220,1.000,0.000,2.000,0.0
2009-09-27,16:33:00,0.130,0.000,243.040,0.600,0.000,0.000,1.0
2009-09-27,16:34:00,0.130,0.000,243.720,0.400,0.000,0.000,1.0
2009-09-27,16:35:00,0.130,0.000,243.530,0.400,0.000,0.000,0.0
2009-09-27,16:36:00,0.128,0.000,243.190,0.400,0.000,0.000,1.0
2009-09-27,16:37:00,0.290,0.000,243.410,1.800,0.000,0.000,3.0
2009-09-27,16:38:00,0.774,0.170,243.010,3.200,0.000,0.000,11.0
2009-09-27,16:39:00,0.794,0.162,242.240,3.200,0.000,0.000,12.0
2009-09-27,16:40:00,0.822,0.158,242.080,3.400,0.000,0.000,12.0
2009-09-27,16:41:00,0.708,0.130,242.230,3.200,0.000,0.000,11.0
2009-09-27,16:42:00,0.168,0.000,242.900,0.800,0.000,0.000,0.0
2009-09-27,16:43:00,0.132,0.000,242.540,0.600,0.000,0.000,1.0
2009-09-27,16:44:00,0.128,0.000,242.380,0.400,0.000,0.000,1.0
2009-09-27,16:45:00,0.128,0.000,242.040,0.400,0.000,0.000,0.0
2009-09-27,16:46:00,0.128,0.000,241.690,0.400,0.000,0.000,1.0
2009-09-27,16:47:00,0.128,0.000,242.160,0.400,0.000,0.000,1.0
2009-09-27,16:48:00,0.128,0.000,242.100,0.400,0.000,0.000,0.0
2009-09-27,16:49:00,0.128,0.000,242.130,0.400,0.000,0.000,1.0
2009-09-27,16:50:00,0.128,0.000,242.300,0.400,0.000,0.000,1.0
2009-09-27,16:51:00,0.128,0.000,242.270,0.400,0.000,0.000,0.0
2009-09-27,16:52:00,0.146,0.000,242.130,0.800,0.000,0.000,1.0
2009-09-27,16:53:00,0.238,0.128,242.000,1.000,0.000,0.000,1.0
2009-09-27,16:54:00,0.314,0.214,242.300,1.600,0.000,0.000,0.0
2009-09-27,16:55:00,0.308,0.236,243.130,1.600,0.000,0.000,1.0
2009-09-27,16:56:00,0.306,0.234,242.890,1.600,0.000,0.000,1.0
2009-09-27,16:57:00,0.388,0.330,241.720,2.200,0.000,0.000,0.0
2009-09-27,16:58:00,0.386,0.352,241.430,2.000,0.000,2.000,1.0
2009-09-27,16:59:00,0.382,0.354,241.780,2.000,0.000,1.000,1.0
2009-09-27,17:00:00,0.382,0.354,241.660,2.000,0.000,2.000,0.0
2009-09-27,17:01:00,0.380,0.356,242.060,2.000,0.000,1.000,1.0
2009-09-27,17:02:00,0.380,0.354,241.570,2.000,0.000,2.000,1.0
2009-09-27,17:03:00,0.376,0.352,241.090,2.000,0.000,1.000,0.0
2009-09-27,17:04:00,0.376,0.350,240.670,2.000,0.000,2.000,1.0
2009-09-27,17:05:00,0.372,0.348,240.420,2.000,0.000,1.000,1.0
2009-09-27,17:06:00,0.372,0.350,240.770,2.000,0.000,1.000,0.0
2009-09-27,17:07:00,0.370,0.346,240.180,2.000,0.000,2.000,1.0
2009-09-27,17:08:00,0.370,0.348,240.280,2.000,0.000,1.000,0.0
2009-09-27,17:09:00,0.368,0.348,240.450,2.000,0.000,2.000,1.0
2009-09-27,17:10:00,0.368,0.350,240.850,2.000,0.000,1.000,1.0
2009-09-27,17:11:00,0.366,0.350,240.900,2.000,0.000,2.000,0.0
2009-09-27,17:12:00,0.364,0.346,240.220,2.000,0.000,1.000,1.0
2009-09-27,17:13:00,0.358,0.340,240.030,2.000,0.000,1.000,1.0
2009-09-27,17:14:00,0.272,0.214,240.440,1.400,0.000,2.000,0.0
2009-09-27,17:15:00,0.208,0.116,241.170,1.000,0.000,1.000,1.0
2009-09-27,17:16:00,0.206,0.114,241.020,1.000,0.000,1.000,1.0
2009-09-27,17:17:00,1.008,0.106,240.940,6.800,0.000,2.000,0.0
2009-09-27,17:18:00,3.200,0.108,238.990,13.400,0.000,2.000,1.0
2009-09-27,17:19:00,4.700,0.130,237.950,20.000,0.000,25.000,1.0
2009-09-27,17:20:00,3.978,0.142,238.840,17.600,0.000,38.000,0.0
2009-09-27,17:21:00,1.930,0.136,240.640,8.800,0.000,30.000,1.0
2009-09-27,17:22:00,2.440,0.142,239.230,10.200,0.000,38.000,1.0
2009-09-27,17:23:00,1.916,0.134,239.700,8.800,0.000,29.000,0.0
2009-09-27,17:24:00,3.682,0.130,237.740,16.000,0.000,58.000,1.0
2009-09-27,17:25:00,4.212,0.118,237.010,17.800,0.000,68.000,0.0
2009-09-27,17:26:00,3.606,0.132,238.000,15.200,0.000,57.000,1.0
2009-09-27,17:27:00,4.366,0.116,237.140,18.400,0.000,70.000,1.0
2009-09-27,17:28:00,3.458,0.126,237.360,14.600,0.000,55.000,0.0
2009-09-27,17:29:00,4.250,0.108,235.660,18.000,0.000,69.000,1.0
2009-09-27,17:30:00,3.488,0.120,235.630,14.800,0.000,54.000,1.0
2009-09-27,17:31:00,2.468,0.120,236.380,12.000,0.000,41.000,0.0
2009-09-27,17:32:00,2.006,0.132,236.490,10.200,0.000,29.000,1.0
2009-09-27,17:33:00,2.686,0.128,235.470,12.800,0.000,45.000,0.0
2009-09-27,17:34:00,1.754,0.184,237.430,7.800,0.000,27.000,1.0
2009-09-27,17:35:00,1.268,0.276,238.320,5.400,0.000,17.000,1.0
2009-09-27,17:36:00,0.556,0.294,238.380,2.600,0.000,6.000,0.0
2009-09-27,17:37:00,0.552,0.284,239.420,2.600,0.000,5.000,1.0
2009-09-27,17:38:00,0.576,0.292,239.440,2.600,0.000,6.000,1.0
2009-09-27,17:39:00,0.570,0.282,239.840,2.600,0.000,6.000,0.0
2009-09-27,17:40:00,0.564,0.332,239.590,2.800,0.000,5.000,1.0
2009-09-27,17:41:00,0.566,0.322,239.510,2.600,0.000,6.000,0.0
2009-09-27,17:42:00,0.574,0.306,239.580,2.600,0.000,5.000,1.0
2009-09-27,17:43:00,0.656,0.254,239.240,3.000,0.000,5.000,1.0
2009-09-27,17:44:00,0.546,0.168,239.300,2.400,0.000,2.000,0.0
2009-09-27,17:45:00,0.562,0.168,239.230,2.400,0.000,3.000,1.0
2009-09-27,17:46:00,0.556,0.162,239.020,2.400,0.000,2.000,1.0
2009-09-27,17:47:00,0.592,0.196,239.050,2.600,0.000,3.000,0.0
2009-09-27,17:48:00,0.778,0.326,238.720,3.600,0.000,4.000,1.0
2009-09-27,17:49:00,0.928,0.356,238.620,4.200,0.000,8.000,1.0
2009-09-27,17:50:00,0.866,0.346,239.040,3.800,0.000,6.000,0.0
2009-09-27,17:51:00,1.246,0.440,239.080,5.600,0.000,7.000,6.0
2009-09-27,17:52:00,1.454,0.494,239.090,6.400,0.000,5.000,12.0
2009-09-27,17:53:00,1.250,0.446,238.150,5.600,0.000,2.000,12.0
2009-09-27,17:54:00,1.242,0.426,238.720,5.400,0.000,1.000,12.0
2009-09-27,17:55:00,1.006,0.376,238.520,4.600,0.000,2.000,8.0
2009-09-27,17:56:00,0.476,0.182,238.340,2.200,0.000,1.000,1.0
2009-09-27,17:57:00,0.400,0.000,239.010,1.600,0.000,0.000,1.0
2009-09-27,17:58:00,0.382,0.000,239.880,1.600,0.000,0.000,0.0
2009-09-27,17:59:00,0.400,0.000,240.060,1.600,0.000,1.000,1.0
2009-09-27,18:00:00,0.380,0.000,239.950,1.600,0.000,0.000,0.0
2009-09-27,18:01:00,0.398,0.000,239.760,1.600,0.000,0.000,1.0
2009-09-27,18:02:00,0.378,0.000,239.670,1.600,0.000,0.000,1.0
2009-09-27,18:03:00,0.394,0.000,239.460,1.600,0.000,0.000,0.0
2009-09-27,18:04:00,0.378,0.000,240.050,1.600,0.000,0.000,1.0
2009-09-27,18:05:00,0.394,0.000,240.320,1.600,0.000,0.000,1.0
2009-09-27,18:06:00,0.424,0.000,239.720,1.800,0.000,0.000,0.0
2009-09-27,18:07:00,0.436,0.048,240.470,1.800,0.000,1.000,1.0
2009-09-27,18:08:00,0.404,0.066,240.440,1.600,0.000,0.000,1.0
2009-09-27,18:09:00,0.422,0.060,239.770,1.800,0.000,0.000,0.0
2009-09-27,18:10:00,0.410,0.064,240.340,1.800,0.000,0.000,1.0
2009-09-27,18:11:00,0.426,0.060,240.170,1.800,0.000,0.000,1.0
2009-09-27,18:12:00,0.412,0.064,239.760,1.800,0.000,0.000,0.0
2009-09-27,18:13:00,0.418,0.062,240.490,1.800,0.000,1.000,1.0
2009-09-27,18:14:00,0.422,0.060,241.220,1.800,0.000,0.000,1.0
2009-09-27,18:15:00,0.404,0.064,241.120,1.600,0.000,0.000,0.0
2009-09-27,18:16:00,0.424,0.060,240.990,1.800,0.000,0.000,1.0
2009-09-27,18:17:00,0.498,0.000,240.720,2.200,0.000,0.000,0.0
2009-09-27,18:18:00,0.530,0.072,240.860,2.200,0.000,1.000,1.0
2009-09-27,18:19:00,0.504,0.068,241.110,2.000,0.000,0.000,1.0
2009-09-27,18:20:00,0.522,0.072,241.180,2.200,0.000,0.000,0.0
2009-09-27,18:21:00,0.498,0.068,241.280,2.000,0.000,0.000,1.0
2009-09-27,18:22:00,0.520,0.072,241.210,2.200,0.000,0.000,1.0
2009-09-27,18:23:00,0.500,0.068,241.060,2.000,0.000,0.000,0.0
2009-09-27,18:24:00,0.514,0.072,240.530,2.200,0.000,1.000,1.0
2009-09-27,18:25:00,0.494,0.066,239.820,2.000,0.000,0.000,1.0
2009-09-27,18:26:00,0.512,0.070,239.970,2.200,0.000,0.000,0.0
2009-09-27,18:27:00,0.492,0.066,239.890,2.000,0.000,0.000,1.0
2009-09-27,18:28:00,0.512,0.072,240.160,2.200,0.000,0.000,1.0
2009-09-27,18:29:00,0.496,0.066,240.290,2.000,0.000,0.000,0.0
2009-09-27,18:30:00,0.512,0.072,240.460,2.200,0.000,0.000,1.0
2009-09-27,18:31:00,0.492,0.068,241.270,2.000,0.000,0.000,1.0
2009-09-27,18:32:00,0.510,0.072,240.960,2.200,0.000,1.000,0.0
2009-09-27,18:33:00,0.490,0.070,241.080,2.000,0.000,0.000,1.0
2009-09-27,18:34:00,0.506,0.072,240.660,2.200,0.000,0.000,1.0
2009-09-27,18:35:00,0.490,0.068,240.780,2.000,0.000,0.000,0.0
2009-09-27,18:36:00,0.504,0.074,240.990,2.200,0.000,0.000,1.0
2009-09-27,18:37:00,0.484,0.068,240.400,2.000,0.000,0.000,0.0
2009-09-27,18:38:00,0.506,0.072,240.690,2.200,0.000,1.000,1.0
2009-09-27,18:39:00,0.422,0.000,240.310,1.800,0.000,0.000,1.0
2009-09-27,18:40:00,0.496,0.000,240.460,2.200,0.000,0.000,0.0
2009-09-27,18:41:00,0.474,0.000,241.070,2.000,0.000,0.000,1.0
2009-09-27,18:42:00,0.492,0.000,241.380,2.000,0.000,0.000,1.0
2009-09-27,18:43:00,0.576,0.084,240.730,2.400,0.000,2.000,0.0
2009-09-27,18:44:00,0.672,0.098,241.000,2.800,0.000,3.000,1.0
2009-09-27,18:45:00,0.674,0.114,240.830,2.800,0.000,4.000,1.0
2009-09-27,18:46:00,0.664,0.096,240.720,2.800,0.000,3.000,0.0
2009-09-27,18:47:00,0.670,0.112,240.090,2.800,0.000,4.000,1.0
2009-09-27,18:48:00,0.662,0.092,239.600,2.800,0.000,3.000,1.0
2009-09-27,18:49:00,0.666,0.108,239.370,2.800,0.000,4.000,0.0
2009-09-27,18:50:00,0.658,0.092,239.960,2.800,0.000,3.000,1.0
2009-09-27,18:51:00,0.570,0.068,239.960,2.400,0.000,2.000,1.0
2009-09-27,18:52:00,0.454,0.000,239.430,1.800,0.000,0.000,0.0
2009-09-27,18:53:00,0.472,0.000,240.160,2.000,0.000,0.000,1.0
2009-09-27,18:54:00,0.454,0.000,239.670,1.800,0.000,0.000,0.0
2009-09-27,18:55:00,0.474,0.000,240.000,2.000,0.000,0.000,1.0
2009-09-27,18:56:00,0.454,0.000,240.290,1.800,0.000,0.000,1.0
2009-09-27,18:57:00,0.432,0.000,241.010,1.800,0.000,1.000,0.0
2009-09-27,18:58:00,0.386,0.062,241.240,1.600,0.000,0.000,1.0
2009-09-27,18:59:00,0.402,0.058,240.760,1.800,0.000,0.000,1.0
2009-09-27,19:00:00,0.408,0.000,240.870,1.800,0.000,0.000,0.0
2009-09-27,19:01:00,0.502,0.074,240.670,2.200,0.000,0.000,1.0
2009-09-27,19:02:00,0.478,0.068,240.060,2.000,0.000,0.000,1.0
2009-09-27,19:03:00,0.772,0.144,239.590,3.600,0.000,1.000,5.0
2009-09-27,19:04:00,1.106,0.220,239.180,4.600,0.000,0.000,11.0
2009-09-27,19:05:00,1.148,0.224,238.970,4.800,0.000,0.000,12.0
2009-09-27,19:06:00,1.154,0.218,238.770,4.800,0.000,0.000,12.0
2009-09-27,19:07:00,1.136,0.212,238.490,4.800,0.000,0.000,12.0
2009-09-27,19:08:00,0.470,0.072,238.980,2.000,0.000,0.000,0.0
2009-09-27,19:09:00,0.450,0.068,239.310,1.800,0.000,1.000,1.0
2009-09-27,19:10:00,0.464,0.074,239.440,2.000,0.000,0.000,1.0
2009-09-27,19:11:00,0.444,0.068,239.310,1.800,0.000,0.000,0.0
2009-09-27,19:12:00,0.460,0.072,238.840,2.000,0.000,0.000,1.0
2009-09-27,19:13:00,0.440,0.066,238.350,1.800,0.000,0.000,1.0
2009-09-27,19:14:00,0.456,0.072,238.370,2.000,0.000,1.000,0.0
2009-09-27,19:15:00,0.434,0.070,239.340,1.800,0.000,0.000,1.0
2009-09-27,19:16:00,0.450,0.078,239.700,1.800,0.000,0.000,1.0
2009-09-27,19:17:00,0.428,0.072,239.710,1.800,0.000,0.000,0.0
2009-09-27,19:18:00,0.444,0.080,239.860,1.800,0.000,0.000,1.0
2009-09-27,19:19:00,0.424,0.074,239.660,1.800,0.000,0.000,1.0
2009-09-27,19:20:00,0.440,0.078,238.950,1.800,0.000,0.000,0.0
2009-09-27,19:21:00,0.418,0.074,238.960,1.800,0.000,0.000,1.0
2009-09-27,19:22:00,0.358,0.000,238.930,1.600,0.000,1.000,0.0
2009-09-27,19:23:00,0.320,0.054,237.950,1.400,0.000,0.000,1.0
2009-09-27,19:24:00,0.338,0.048,238.450,1.400,0.000,0.000,1.0
2009-09-27,19:25:00,0.322,0.054,238.330,1.400,0.000,0.000,0.0
2009-09-27,19:26:00,0.314,0.048,239.130,1.400,0.000,0.000,1.0
2009-09-27,19:27:00,0.320,0.000,238.400,1.400,0.000,1.000,1.0
2009-09-27,19:28:00,0.398,0.070,237.910,1.600,0.000,2.000,0.0
2009-09-27,19:29:00,0.374,0.064,236.580,1.600,0.000,1.000,1.0
2009-09-27,19:30:00,0.472,0.152,236.370,2.200,0.000,2.000,1.0
2009-09-27,19:31:00,0.450,0.162,236.630,2.000,0.000,1.000,0.0
2009-09-27,19:32:00,0.468,0.164,235.980,2.000,0.000,2.000,1.0
2009-09-27,19:33:00,0.450,0.162,236.810,2.000,0.000,2.000,0.0
2009-09-27,19:34:00,0.466,0.168,236.930,2.000,0.000,2.000,1.0
2009-09-27,19:35:00,0.446,0.164,237.330,2.000,0.000,1.000,1.0
2009-09-27,19:36:00,0.462,0.170,237.630,2.000,0.000,2.000,0.0
2009-09-27,19:37:00,0.452,0.166,237.310,2.000,0.000,1.000,1.0
2009-09-27,19:38:00,0.450,0.164,236.940,2.000,0.000,2.000,1.0
2009-09-27,19:39:00,0.458,0.166,236.970,2.000,0.000,2.000,0.0
2009-09-27,19:40:00,0.438,0.164,237.330,1.800,0.000,1.000,1.0
2009-09-27,19:41:00,0.454,0.166,237.070,2.000,0.000,2.000,0.0
2009-09-27,19:42:00,0.434,0.164,237.510,1.800,0.000,1.000,1.0
2009-09-27,19:43:00,0.458,0.176,240.120,2.000,0.000,2.000,1.0
2009-09-27,19:44:00,0.524,0.262,239.410,2.400,0.000,1.000,0.0
2009-09-27,19:45:00,0.562,0.308,239.920,2.600,0.000,2.000,1.0
2009-09-27,19:46:00,0.484,0.220,241.510,2.200,0.000,1.000,1.0
2009-09-27,19:47:00,0.520,0.208,240.870,2.200,0.000,2.000,0.0
2009-09-27,19:48:00,0.626,0.198,240.220,2.600,0.000,1.000,1.0
2009-09-27,19:49:00,0.644,0.204,240.580,2.800,0.000,2.000,1.0
2009-09-27,19:50:00,0.622,0.198,240.380,2.600,0.000,1.000,0.0
2009-09-27,19:51:00,0.640,0.204,240.540,2.800,0.000,2.000,1.0
2009-09-27,19:52:00,0.626,0.204,241.860,2.600,0.000,1.000,1.0
2009-09-27,19:53:00,0.642,0.206,241.390,2.800,0.000,1.000,0.0
2009-09-27,19:54:00,0.622,0.202,241.470,2.600,0.000,2.000,1.0
2009-09-27,19:55:00,0.640,0.206,241.340,2.800,0.000,1.000,1.0
2009-09-27,19:56:00,0.620,0.200,241.170,2.600,0.000,1.000,0.0
2009-09-27,19:57:00,0.642,0.210,242.280,2.800,0.000,2.000,1.0
2009-09-27,19:58:00,0.620,0.202,241.630,2.600,0.000,1.000,1.0
2009-09-27,19:59:00,0.640,0.210,242.190,2.800,0.000,2.000,0.0
2009-09-27,20:00:00,0.618,0.202,241.410,2.600,0.000,1.000,1.0
2009-09-27,20:01:00,0.638,0.206,241.260,2.800,0.000,2.000,0.0
2009-09-27,20:02:00,0.616,0.198,240.550,2.600,0.000,1.000,1.0
2009-09-27,20:03:00,0.636,0.202,240.810,2.800,0.000,1.000,1.0
2009-09-27,20:04:00,0.806,0.194,240.580,3.400,0.000,2.000,0.0
2009-09-27,20:05:00,0.868,0.076,239.960,3.600,0.000,1.000,1.0
2009-09-27,20:06:00,0.812,0.058,239.670,3.400,0.000,1.000,1.0
2009-09-27,20:07:00,0.826,0.062,239.880,3.400,0.000,2.000,0.0
2009-09-27,20:08:00,0.816,0.060,239.430,3.400,0.000,1.000,1.0
2009-09-27,20:09:00,1.034,0.218,239.330,4.400,0.000,2.000,1.0
2009-09-27,20:10:00,1.250,0.296,238.700,5.400,0.000,2.000,0.0
2009-09-27,20:11:00,2.870,0.310,237.170,12.400,0.000,31.000,1.0
2009-09-27,20:12:00,3.658,0.310,236.480,15.600,0.000,37.000,1.0
2009-09-27,20:13:00,3.636,0.302,235.750,15.800,0.000,28.000,0.0
2009-09-27,20:14:00,4.008,0.410,235.920,17.000,0.000,37.000,1.0
2009-09-27,20:15:00,3.454,0.384,236.730,15.000,0.000,28.000,0.0
2009-09-27,20:16:00,3.884,0.400,236.280,16.600,0.000,37.000,1.0
2009-09-27,20:17:00,3.036,0.304,237.160,12.800,0.000,36.000,1.0
2009-09-27,20:18:00,3.550,0.414,237.320,15.000,0.000,36.000,8.0
2009-09-27,20:19:00,3.660,0.416,237.050,15.400,0.000,35.000,12.0
2009-09-27,20:20:00,3.694,0.430,236.730,15.600,0.000,36.000,12.0
2009-09-27,20:21:00,3.724,0.418,237.670,15.600,0.000,36.000,12.0
2009-09-27,20:22:00,3.704,0.424,237.170,15.600,0.000,36.000,12.0
2009-09-27,20:23:00,3.028,0.268,237.860,12.600,0.000,36.000,1.0
2009-09-27,20:24:00,2.358,0.294,238.470,10.200,0.000,25.000,1.0
2009-09-27,20:25:00,2.360,0.274,238.820,10.200,0.000,24.000,0.0
2009-09-27,20:26:00,2.852,0.286,238.480,12.000,0.000,34.000,1.0
2009-09-27,20:27:00,2.434,0.410,238.450,10.600,0.000,16.000,1.0
2009-09-27,20:28:00,5.604,0.638,234.640,24.000,0.000,35.000,0.0
2009-09-27,20:29:00,5.258,0.602,235.570,22.600,0.000,32.000,1.0
2009-09-27,20:30:00,4.338,0.562,236.380,18.600,0.000,17.000,0.0
2009-09-27,20:31:00,3.796,0.396,237.080,16.000,0.000,36.000,1.0
2009-09-27,20:32:00,2.538,0.430,238.340,10.800,0.000,18.000,1.0
2009-09-27,20:33:00,3.426,0.402,237.940,14.600,0.000,31.000,0.0
2009-09-27,20:34:00,2.522,0.432,238.900,10.600,0.000,18.000,1.0
2009-09-27,20:35:00,3.328,0.304,238.460,14.000,0.000,32.000,1.0
2009-09-27,20:36:00,2.308,0.282,239.500,9.600,0.000,18.000,0.0
2009-09-27,20:37:00,3.144,0.252,238.700,13.400,0.000,31.000,1.0
2009-09-27,20:38:00,2.272,0.278,239.070,9.400,0.000,17.000,1.0
2009-09-27,20:39:00,3.134,0.250,238.270,13.400,0.000,31.000,0.0
2009-09-27,20:40:00,2.324,0.280,239.000,9.800,0.000,16.000,1.0
2009-09-27,20:41:00,2.990,0.250,238.150,12.800,0.000,30.000,0.0
2009-09-27,20:42:00,3.484,0.262,237.500,15.000,0.000,20.000,14.0
2009-09-27,20:43:00,4.186,0.238,236.690,17.800,0.000,27.000,19.0
2009-09-27,20:44:00,3.890,0.260,237.800,16.400,0.000,22.000,18.0
2009-09-27,20:45:00,3.426,0.232,238.210,14.600,0.000,24.000,18.0
2009-09-27,20:46:00,3.652,0.244,237.220,15.600,0.000,26.000,18.0
2009-09-27,20:47:00,3.064,0.234,238.620,12.800,0.000,17.000,19.0
2009-09-27,20:48:00,3.838,0.244,237.990,16.200,0.000,26.000,18.0
2009-09-27,20:49:00,3.448,0.178,238.110,14.600,0.000,20.000,18.0
2009-09-27,20:50:00,3.552,0.116,238.120,15.000,0.000,25.000,18.0
2009-09-27,20:51:00,3.538,0.100,238.340,15.000,0.000,24.000,18.0
2009-09-27,20:52:00,2.472,0.130,239.410,10.400,0.000,7.000,18.0
2009-09-27,20:53:00,2.826,0.110,239.610,11.800,0.000,11.000,18.0
2009-09-27,20:54:00,2.666,0.126,239.580,11.200,0.000,10.000,18.0
2009-09-27,20:55:00,2.276,0.116,239.870,9.400,0.000,4.000,19.0
2009-09-27,20:56:00,2.244,0.124,239.670,9.400,0.000,3.000,18.0
2009-09-27,20:57:00,2.274,0.116,240.190,9.400,0.000,4.000,18.0
2009-09-27,20:58:00,2.254,0.128,240.470,9.400,0.000,3.000,19.0
2009-09-27,20:59:00,2.924,0.112,239.950,12.400,0.000,4.000,18.0
2009-09-27,21:00:00,2.734,0.156,240.500,11.600,0.000,3.000,18.0
2009-09-27,21:01:00,2.748,0.136,240.400,11.600,0.000,4.000,19.0
2009-09-27,21:02:00,2.518,0.114,240.200,10.800,0.000,2.000,18.0
2009-09-27,21:03:00,2.062,0.066,240.960,8.400,0.000,0.000,18.0
2009-09-27,21:04:00,2.066,0.068,240.070,8.600,0.000,0.000,19.0
2009-09-27,21:05:00,2.144,0.164,240.530,8.800,0.000,0.000,18.0
2009-09-27,21:06:00,2.176,0.200,240.330,9.000,0.000,1.000,18.0
2009-09-27,21:07:00,2.164,0.196,240.420,9.000,0.000,0.000,19.0
2009-09-27,21:08:00,2.156,0.198,239.400,9.000,0.000,0.000,18.0
2009-09-27,21:09:00,2.130,0.194,239.330,8.800,0.000,0.000,18.0
2009-09-27,21:10:00,2.096,0.200,239.570,8.800,0.000,0.000,18.0
2009-09-27,21:11:00,2.092,0.198,240.740,8.600,0.000,0.000,18.0
2009-09-27,21:12:00,2.116,0.204,241.000,8.800,0.000,0.000,19.0
2009-09-27,21:13:00,2.152,0.238,240.700,9.000,0.000,0.000,18.0
2009-09-27,21:14:00,2.472,0.228,241.210,10.200,2.000,1.000,19.0
2009-09-27,21:15:00,2.906,0.270,240.260,12.200,1.000,0.000,18.0
2009-09-27,21:16:00,2.856,0.258,239.960,12.000,1.000,0.000,18.0
2009-09-27,21:17:00,2.426,0.222,240.680,10.000,2.000,0.000,19.0
2009-09-27,21:18:00,2.362,0.218,240.680,9.800,1.000,0.000,18.0
2009-09-27,21:19:00,2.534,0.216,240.550,10.400,1.000,0.000,18.0
2009-09-27,21:20:00,2.528,0.214,240.170,10.400,1.000,0.000,19.0
2009-09-27,21:21:00,3.796,0.204,239.350,16.800,1.000,0.000,18.0
2009-09-27,21:22:00,5.284,0.190,237.390,22.200,2.000,0.000,18.0
2009-09-27,21:23:00,5.298,0.222,237.520,22.200,1.000,0.000,18.0
2009-09-27,21:24:00,2.976,0.124,240.150,12.800,1.000,0.000,18.0
2009-09-27,21:25:00,2.922,0.128,240.090,12.000,1.000,0.000,18.0
2009-09-27,21:26:00,2.834,0.126,239.470,11.800,1.000,0.000,18.0
2009-09-27,21:27:00,2.000,0.112,238.470,8.400,2.000,0.000,18.0
2009-09-27,21:28:00,1.960,0.112,238.880,8.200,1.000,0.000,18.0
2009-09-27,21:29:00,2.018,0.112,239.200,8.400,1.000,0.000,19.0
2009-09-27,21:30:00,2.252,0.108,239.080,9.400,1.000,0.000,18.0
2009-09-27,21:31:00,2.368,0.128,238.880,9.800,1.000,0.000,18.0
2009-09-27,21:32:00,2.036,0.146,239.380,8.400,1.000,0.000,18.0
2009-09-27,21:33:00,2.602,0.262,237.270,11.000,1.000,0.000,27.0
2009-09-27,21:34:00,3.786,0.326,236.070,16.800,18.000,1.000,28.0
2009-09-27,21:35:00,4.234,0.360,236.100,18.000,37.000,1.000,19.0
2009-09-27,21:36:00,4.056,0.374,236.260,17.200,37.000,2.000,12.0
2009-09-27,21:37:00,3.844,0.314,236.300,16.400,37.000,1.000,9.0
2009-09-27,21:38:00,4.462,0.218,235.920,18.800,37.000,2.000,17.0
2009-09-27,21:39:00,4.466,0.224,236.270,18.800,37.000,1.000,18.0
2009-09-27,21:40:00,4.462,0.236,235.640,18.800,37.000,1.000,17.0
2009-09-27,21:41:00,4.528,0.328,235.670,19.200,37.000,2.000,18.0
2009-09-27,21:42:00,4.482,0.250,235.770,19.000,36.000,1.000,18.0
2009-09-27,21:43:00,3.538,0.264,236.550,15.600,23.000,2.000,17.0
2009-09-27,21:44:00,2.368,0.280,237.860,10.000,1.000,1.000,18.0
2009-09-27,21:45:00,2.366,0.278,238.240,10.000,1.000,2.000,18.0
2009-09-27,21:46:00,2.372,0.274,238.930,10.000,2.000,1.000,18.0
2009-09-27,21:47:00,2.404,0.276,239.320,10.000,1.000,1.000,19.0
2009-09-27,21:48:00,2.442,0.274,239.460,10.200,1.000,2.000,18.0
2009-09-27,21:49:00,2.450,0.278,240.130,10.200,1.000,1.000,18.0
2009-09-27,21:50:00,1.886,0.272,240.880,7.800,1.000,1.000,19.0
2009-09-27,21:51:00,1.874,0.272,241.270,7.800,2.000,2.000,18.0
2009-09-27,21:52:00,1.870,0.274,241.380,7.800,1.000,1.000,18.0
2009-09-27,21:53:00,1.862,0.272,240.940,7.800,1.000,1.000,19.0
2009-09-27,21:54:00,1.854,0.268,239.970,7.800,1.000,2.000,18.0
2009-09-27,21:55:00,1.852,0.266,239.800,7.800,1.000,1.000,18.0
2009-09-27,21:56:00,1.848,0.264,239.150,7.800,1.000,1.000,19.0
2009-09-27,21:57:00,1.846,0.264,239.320,7.800,2.000,1.000,18.0
2009-09-27,21:58:00,1.850,0.262,239.370,7.800,1.000,1.000,18.0
2009-09-27,21:59:00,1.796,0.202,237.990,7.600,1.000,2.000,18.0
2009-09-27,22:00:00,1.856,0.114,237.040,7.800,1.000,1.000,18.0
2009-09-27,22:01:00,1.868,0.116,238.020,7.800,1.000,1.000,18.0
2009-09-27,22:02:00,1.870,0.118,238.140,7.800,2.000,1.000,18.0
2009-09-27,22:03:00,1.876,0.118,238.740,7.800,1.000,2.000,18.0
2009-09-27,22:04:00,1.788,0.126,238.850,7.400,1.000,1.000,18.0
2009-09-27,22:05:00,1.754,0.130,239.000,7.400,1.000,1.000,18.0
2009-09-27,22:06:00,1.772,0.134,240.520,7.400,1.000,1.000,18.0
2009-09-27,22:07:00,1.774,0.134,240.740,7.400,1.000,1.000,19.0
2009-09-27,22:08:00,1.762,0.134,240.290,7.400,2.000,2.000,18.0
2009-09-27,22:09:00,1.760,0.134,240.270,7.200,1.000,1.000,18.0
2009-09-27,22:10:00,1.772,0.134,240.550,7.400,1.000,1.000,19.0
2009-09-27,22:11:00,1.766,0.132,240.340,7.400,1.000,1.000,18.0
2009-09-27,22:12:00,1.772,0.132,240.640,7.400,1.000,1.000,18.0
2009-09-27,22:13:00,1.764,0.132,240.180,7.400,2.000,2.000,19.0
2009-09-27,22:14:00,1.764,0.132,240.310,7.400,1.000,1.000,18.0
2009-09-27,22:15:00,1.930,0.130,242.770,8.000,1.000,1.000,19.0
2009-09-27,22:16:00,1.996,0.116,242.970,8.200,1.000,1.000,18.0
2009-09-27,22:17:00,1.930,0.190,243.330,8.000,1.000,1.000,19.0
2009-09-27,22:18:00,1.998,0.254,243.660,8.200,2.000,2.000,19.0
2009-09-27,22:19:00,2.046,0.354,243.560,8.400,1.000,1.000,19.0
2009-09-27,22:20:00,2.038,0.356,243.700,8.400,1.000,1.000,18.0
2009-09-27,22:21:00,2.618,0.508,243.710,11.000,1.000,1.000,28.0
2009-09-27,22:22:00,2.668,0.528,242.890,11.200,1.000,1.000,30.0
2009-09-27,22:23:00,2.604,0.530,242.880,10.800,2.000,2.000,30.0
2009-09-27,22:24:00,2.614,0.530,243.030,11.000,1.000,1.000,31.0
2009-09-27,22:25:00,2.258,0.446,243.060,9.600,1.000,1.000,25.0
2009-09-27,22:26:00,1.942,0.390,243.770,8.000,1.000,1.000,18.0
2009-09-27,22:27:00,1.946,0.390,243.890,8.000,2.000,1.000,19.0
2009-09-27,22:28:00,1.950,0.386,243.450,8.000,1.000,2.000,19.0
2009-09-27,22:29:00,1.928,0.364,243.040,8.000,1.000,1.000,19.0
2009-09-27,22:30:00,1.902,0.352,242.590,8.000,1.000,1.000,19.0
2009-09-27,22:31:00,1.904,0.352,242.660,8.000,1.000,1.000,18.0
2009-09-27,22:32:00,1.904,0.352,242.800,8.000,1.000,1.000,19.0
2009-09-27,22:33:00,1.904,0.350,242.420,8.000,2.000,1.000,19.0
2009-09-27,22:34:00,1.906,0.352,242.760,8.000,1.000,2.000,18.0
2009-09-27,22:35:00,1.856,0.274,243.290,7.600,1.000,0.000,19.0
2009-09-27,22:36:00,1.776,0.238,243.100,7.400,1.000,0.000,19.0
2009-09-27,22:37:00,1.718,0.138,243.410,7.000,1.000,0.000,18.0
2009-09-27,22:38:00,1.712,0.116,243.590,7.000,0.000,0.000,19.0
2009-09-27,22:39:00,1.698,0.102,243.760,7.000,0.000,0.000,19.0
2009-09-27,22:40:00,1.666,0.064,244.040,6.800,1.000,0.000,19.0
2009-09-27,22:41:00,1.654,0.000,243.620,6.800,1.000,0.000,19.0
2009-09-27,22:42:00,1.604,0.000,243.370,6.600,1.000,0.000,19.0
2009-09-27,22:43:00,1.638,0.000,243.800,6.600,1.000,0.000,18.0
2009-09-27,22:44:00,1.634,0.000,243.990,6.600,2.000,0.000,19.0
2009-09-27,22:45:00,1.632,0.000,243.750,6.600,1.000,0.000,19.0
2009-09-27,22:46:00,1.636,0.000,244.270,6.600,1.000,0.000,19.0
2009-09-27,22:47:00,1.540,0.000,244.480,6.200,1.000,0.000,19.0
2009-09-27,22:48:00,1.520,0.000,243.490,6.200,1.000,0.000,19.0
2009-09-27,22:49:00,1.488,0.000,243.710,6.000,1.000,0.000,19.0
2009-09-27,22:50:00,1.492,0.000,243.300,6.000,1.000,0.000,18.0
2009-09-27,22:51:00,1.488,0.000,243.700,6.000,0.000,0.000,19.0
2009-09-27,22:52:00,1.520,0.000,243.040,6.200,2.000,0.000,19.0
2009-09-27,22:53:00,3.672,0.000,240.730,15.200,36.000,0.000,18.0
2009-09-27,22:54:00,3.726,0.000,240.750,15.400,38.000,0.000,19.0
2009-09-27,22:55:00,3.774,0.000,240.730,15.600,38.000,0.000,18.0
2009-09-27,22:56:00,3.832,0.100,240.810,15.800,38.000,0.000,18.0
2009-09-27,22:57:00,3.812,0.100,240.490,15.800,38.000,0.000,19.0
2009-09-27,22:58:00,3.798,0.098,239.970,15.800,38.000,0.000,18.0
2009-09-27,22:59:00,3.812,0.098,240.290,15.800,39.000,0.000,18.0
2009-09-27,23:00:00,3.800,0.098,240.750,15.800,38.000,0.000,19.0
2009-09-27,23:01:00,3.734,0.092,240.480,15.400,38.000,0.000,18.0
2009-09-27,23:02:00,3.672,0.084,240.410,15.200,38.000,0.000,18.0
2009-09-27,23:03:00,3.684,0.086,240.870,15.200,38.000,0.000,19.0
2009-09-27,23:04:00,3.088,0.090,241.290,13.400,30.000,0.000,18.0
2009-09-27,23:05:00,1.412,0.094,242.630,5.800,0.000,0.000,19.0
2009-09-27,23:06:00,1.400,0.096,242.330,5.800,0.000,0.000,18.0
2009-09-27,23:07:00,1.396,0.096,242.070,5.800,0.000,0.000,19.0
2009-09-27,23:08:00,1.414,0.130,241.930,5.800,0.000,0.000,19.0
2009-09-27,23:09:00,1.402,0.108,241.660,5.800,0.000,0.000,18.0
2009-09-27,23:10:00,1.424,0.118,241.610,5.800,0.000,0.000,19.0
2009-09-27,23:11:00,1.408,0.196,241.450,5.800,0.000,0.000,18.0
2009-09-27,23:12:00,1.406,0.198,241.870,5.800,0.000,0.000,19.0
2009-09-27,23:13:00,1.406,0.194,242.470,5.800,0.000,0.000,18.0
2009-09-27,23:14:00,1.606,0.142,242.370,6.800,0.000,0.000,23.0
2009-09-27,23:15:00,1.968,0.230,241.730,8.200,0.000,0.000,30.0
2009-09-27,23:16:00,1.992,0.228,241.540,8.200,0.000,0.000,29.0
2009-09-27,23:17:00,2.014,0.230,241.980,8.400,0.000,0.000,31.0
2009-09-27,23:18:00,1.964,0.216,242.220,8.200,0.000,0.000,30.0
2009-09-27,23:19:00,1.316,0.066,242.550,5.400,0.000,0.000,18.0
2009-09-27,23:20:00,1.316,0.066,242.720,5.400,0.000,0.000,19.0
2009-09-27,23:21:00,1.324,0.068,243.420,5.400,0.000,0.000,19.0
2009-09-27,23:22:00,1.318,0.066,242.900,5.400,0.000,0.000,18.0
2009-09-27,23:23:00,1.306,0.064,241.870,5.400,0.000,0.000,19.0
2009-09-27,23:24:00,1.310,0.066,242.260,5.400,0.000,0.000,18.0
2009-09-27,23:25:00,1.312,0.066,242.420,5.400,0.000,0.000,19.0
2009-09-27,23:26:00,1.316,0.066,242.800,5.400,0.000,0.000,19.0
2009-09-27,23:27:00,1.298,0.000,243.120,5.200,0.000,0.000,19.0
2009-09-27,23:28:00,1.250,0.000,243.130,5.000,0.000,0.000,18.0
2009-09-27,23:29:00,1.250,0.000,243.140,5.000,0.000,0.000,19.0
2009-09-27,23:30:00,1.252,0.000,243.490,5.000,0.000,0.000,19.0
2009-09-27,23:31:00,1.252,0.000,243.440,5.000,0.000,0.000,19.0
2009-09-27,23:32:00,1.280,0.000,244.480,5.200,0.000,0.000,18.0
2009-09-27,23:33:00,1.370,0.102,244.630,5.600,0.000,0.000,19.0
2009-09-27,23:34:00,1.368,0.104,244.750,5.600,0.000,0.000,19.0
2009-09-27,23:35:00,1.368,0.104,245.260,5.600,0.000,0.000,19.0
2009-09-27,23:36:00,1.362,0.102,244.840,5.600,0.000,0.000,19.0
2009-09-27,23:37:00,1.354,0.100,244.200,5.400,0.000,0.000,19.0
2009-09-27,23:38:00,1.358,0.106,244.510,5.400,0.000,0.000,19.0
2009-09-27,23:39:00,1.394,0.150,244.670,5.600,0.000,0.000,19.0
2009-09-27,23:40:00,1.356,0.102,244.930,5.400,0.000,0.000,19.0
2009-09-27,23:41:00,1.352,0.102,244.600,5.400,0.000,0.000,19.0
2009-09-27,23:42:00,1.346,0.100,244.080,5.400,0.000,0.000,19.0
2009-09-27,23:43:00,1.342,0.100,243.870,5.400,0.000,0.000,19.0
2009-09-27,23:44:00,1.342,0.100,243.940,5.400,0.000,0.000,19.0
2009-09-27,23:45:00,1.340,0.100,243.870,5.400,0.000,0.000,19.0
2009-09-27,23:46:00,1.346,0.102,244.530,5.400,0.000,0.000,19.0
2009-09-27,23:47:00,1.342,0.100,244.220,5.400,0.000,0.000,19.0
2009-09-27,23:48:00,1.340,0.100,244.020,5.400,0.000,0.000,18.0
2009-09-27,23:49:00,1.338,0.102,244.000,5.400,0.000,0.000,19.0
2009-09-27,23:50:00,1.298,0.000,244.000,5.200,0.000,0.000,19.0
2009-09-27,23:51:00,1.250,0.000,244.380,5.000,0.000,0.000,19.0
2009-09-27,23:52:00,1.246,0.000,243.960,5.000,0.000,0.000,19.0
2009-09-27,23:53:00,1.242,0.000,243.520,5.000,0.000,0.000,19.0
2009-09-27,23:54:00,1.244,0.000,243.780,5.000,0.000,0.000,19.0
2009-09-27,23:55:00,1.248,0.000,244.160,5.000,0.000,0.000,18.0
2009-09-27,23:56:00,1.248,0.000,244.240,5.000,0.000,0.000,19.0
2009-09-27,23:57:00,1.250,0.000,244.470,5.000,0.000,0.000,19.0
2009-09-27,23:58:00,1.328,0.050,244.550,5.400,0.000,0.000,19.0
2009-09-27,23:59:00,1.322,0.070,244.190,5.400,0.000,0.000,19.0
