Date,Time,Global_active_power,Global_reactive_power,Voltage,Global_intensity,Sub_metering_1,Sub_metering_2,Sub_metering_3
2009-09-04,00:00:00,0.190,0.000,243.410,0.800,0.000,0.000,1.0
2009-09-04,00:01:00,0.190,0.000,242.250,0.800,0.000,0.000,0.0
2009-09-04,00:02:00,0.188,0.000,242.250,0.800,0.000,0.000,1.0
2009-09-04,00:03:00,0.188,0.000,242.240,0.800,0.000,0.000,1.0
2009-09-04,00:04:00,0.188,0.000,241.640,0.800,0.000,0.000,0.0
2009-09-04,00:05:00,0.188,0.000,241.390,0.800,0.000,0.000,1.0
2009-09-04,00:06:00,0.188,0.000,241.550,0.800,0.000,0.000,0.0
2009-09-04,00:07:00,0.232,0.000,241.280,1.200,0.000,0.000,1.0
2009-09-04,00:08:00,0.298,0.106,241.350,1.400,0.000,0.000,1.0
2009-09-04,00:09:00,0.292,0.106,240.920,1.200,0.000,0.000,0.0
2009-09-04,00:10:00,0.290,0.106,240.850,1.200,0.000,0.000,1.0
2009-09-04,00:11:00,0.288,0.106,240.930,1.200,0.000,0.000,1.0
2009-09-04,00:12:00,0.286,0.106,241.160,1.200,0.000,0.000,0.0
2009-09-04,00:13:00,0.286,0.104,241.050,1.200,0.000,0.000,1.0
2009-09-04,00:14:00,0.284,0.104,241.070,1.200,0.000,0.000,1.0
2009-09-04,00:15:00,0.284,0.104,241.320,1.200,0.000,0.000,0.0
2009-09-04,00:16:00,0.286,0.108,242.560,1.200,0.000,0.000,1.0
2009-09-04,00:17:00,0.284,0.106,243.320,1.200,0.000,0.000,1.0
2009-09-04,00:18:00,0.190,0.000,243.250,0.800,0.000,0.000,0.0
2009-09-04,00:19:00,0.190,0.000,243.620,0.800,0.000,0.000,1.0
2009-09-04,00:20:00,0.190,0.000,243.950,0.800,0.000,0.000,1.0
2009-09-04,00:21:00,0.190,0.000,243.560,0.800,0.000,0.000,0.0
2009-09-04,00:22:00,0.190,0.000,243.290,0.800,0.000,0.000,1.0
2009-09-04,00:23:00,0.190,0.000,244.060,0.800,0.000,0.000,1.0
2009-09-04,00:24:00,0.190,0.000,243.930,0.800,0.000,0.000,0.0
2009-09-04,00:25:00,0.190,0.000,243.610,0.800,0.000,0.000,1.0
2009-09-04,00:26:00,0.208,0.000,243.400,1.000,0.000,0.000,1.0
2009-09-04,00:27:00,0.272,0.080,244.040,1.200,0.000,0.000,0.0
2009-09-04,00:28:00,0.268,0.082,244.060,1.200,0.000,0.000,1.0
2009-09-04,00:29:00,0.328,0.140,243.710,1.600,0.000,0.000,1.0
2009-09-04,00:30:00,0.436,0.288,243.980,2.200,0.000,1.000,0.0
2009-09-04,00:31:00,0.462,0.344,244.160,2.400,0.000,2.000,1.0
2009-09-04,00:32:00,0.456,0.344,243.940,2.200,0.000,1.000,1.0
2009-09-04,00:33:00,0.452,0.344,243.890,2.200,0.000,2.000,0.0
2009-09-04,00:34:00,0.450,0.346,244.200,2.200,0.000,1.000,1.0
2009-09-04,00:35:00,0.446,0.344,243.900,2.200,0.000,1.000,1.0
2009-09-04,00:36:00,0.444,0.344,244.000,2.200,0.000,2.000,0.0
2009-09-04,00:37:00,0.444,0.346,244.100,2.200,0.000,1.000,1.0
2009-09-04,00:38:00,0.442,0.344,243.690,2.200,0.000,2.000,1.0
2009-09-04,00:39:00,0.442,0.348,244.810,2.200,0.000,1.000,0.0
2009-09-04,00:40:00,0.404,0.294,244.470,2.000,0.000,2.000,1.0
2009-09-04,00:41:00,0.542,0.262,244.170,2.800,0.000,1.000,4.0
2009-09-04,00:42:00,0.980,0.340,243.710,4.200,0.000,2.000,11.0
2009-09-04,00:43:00,0.956,0.264,243.740,4.000,0.000,1.000,12.0
2009-09-04,00:44:00,0.980,0.260,243.350,4.200,0.000,1.000,13.0
2009-09-04,00:45:00,0.982,0.252,242.600,4.200,0.000,2.000,12.0
2009-09-04,00:46:00,0.484,0.144,242.880,2.400,0.000,1.000,5.0
2009-09-04,00:47:00,0.270,0.100,243.530,1.200,0.000,1.000,0.0
2009-09-04,00:48:00,0.270,0.100,243.580,1.200,0.000,1.000,1.0
2009-09-04,00:49:00,0.270,0.100,243.750,1.200,0.000,2.000,1.0
2009-09-04,00:50:00,0.270,0.100,243.730,1.200,0.000,1.000,0.0
2009-09-04,00:51:00,0.270,0.102,244.450,1.200,0.000,1.000,1.0
2009-09-04,00:52:00,0.284,0.108,244.260,1.400,0.000,2.000,1.0
2009-09-04,00:53:00,0.378,0.240,244.320,1.800,0.000,1.000,0.0
2009-09-04,00:54:00,0.374,0.242,244.380,1.800,0.000,1.000,1.0
2009-09-04,00:55:00,0.370,0.244,244.830,1.800,0.000,1.000,1.0
2009-09-04,00:56:00,0.366,0.244,244.730,1.800,0.000,1.000,0.0
2009-09-04,00:57:00,0.364,0.242,244.500,1.800,0.000,2.000,1.0
2009-09-04,00:58:00,0.362,0.242,244.360,1.800,0.000,1.000,1.0
2009-09-04,00:59:00,0.362,0.240,244.140,1.800,0.000,1.000,0.0
2009-09-04,01:00:00,0.362,0.242,244.640,1.800,0.000,1.000,1.0
2009-09-04,01:01:00,0.360,0.240,243.980,1.800,0.000,2.000,1.0
2009-09-04,01:02:00,0.360,0.238,243.890,1.800,0.000,1.000,1.0
2009-09-04,01:03:00,0.280,0.122,244.180,1.200,0.000,1.000,0.0
2009-09-04,01:04:00,0.266,0.102,244.470,1.200,0.000,1.000,1.0
2009-09-04,01:05:00,0.266,0.100,243.670,1.200,0.000,1.000,1.0
2009-09-04,01:06:00,0.266,0.100,243.750,1.200,0.000,2.000,0.0
2009-09-04,01:07:00,0.266,0.100,243.930,1.200,0.000,1.000,1.0
2009-09-04,01:08:00,0.266,0.100,244.020,1.200,0.000,1.000,1.0
2009-09-04,01:09:00,0.266,0.100,244.200,1.200,0.000,1.000,0.0
2009-09-04,01:10:00,0.264,0.100,244.040,1.200,0.000,1.000,1.0
2009-09-04,01:11:00,0.264,0.098,243.820,1.200,0.000,2.000,1.0
2009-09-04,01:12:00,0.264,0.098,243.530,1.200,0.000,1.000,0.0
2009-09-04,01:13:00,0.264,0.098,243.640,1.200,0.000,1.000,1.0
2009-09-04,01:14:00,0.264,0.098,243.690,1.200,0.000,1.000,1.0
2009-09-04,01:15:00,0.318,0.152,243.480,1.600,0.000,1.000,0.0
2009-09-04,01:16:00,0.402,0.254,243.190,2.000,0.000,2.000,1.0
2009-09-04,01:17:00,0.444,0.338,243.150,2.200,0.000,1.000,1.0
2009-09-04,01:18:00,0.440,0.340,243.360,2.200,0.000,1.000,0.0
2009-09-04,01:19:00,0.438,0.340,243.500,2.200,0.000,1.000,1.0
2009-09-04,01:20:00,0.436,0.338,243.210,2.200,0.000,1.000,1.0
2009-09-04,01:21:00,0.432,0.340,243.240,2.200,0.000,1.000,0.0
2009-09-04,01:22:00,0.412,0.308,243.340,2.000,0.000,1.000,1.0
2009-09-04,01:23:00,0.358,0.214,243.080,1.600,0.000,0.000,0.0
2009-09-04,01:24:00,0.356,0.214,243.090,1.600,0.000,0.000,1.0
2009-09-04,01:25:00,0.338,0.190,243.360,1.600,0.000,0.000,1.0
2009-09-04,01:26:00,0.262,0.080,243.780,1.200,0.000,0.000,0.0
2009-09-04,01:27:00,0.260,0.080,243.560,1.200,0.000,0.000,1.0
2009-09-04,01:28:00,0.260,0.080,243.710,1.200,0.000,0.000,1.0
2009-09-04,01:29:00,0.260,0.080,243.400,1.200,0.000,0.000,0.0
2009-09-04,01:30:00,0.260,0.078,243.170,1.200,0.000,0.000,1.0
2009-09-04,01:31:00,0.240,0.048,243.640,1.000,0.000,0.000,1.0
2009-09-04,01:32:00,0.190,0.000,243.700,0.800,0.000,0.000,0.0
2009-09-04,01:33:00,0.190,0.000,243.900,0.800,0.000,0.000,1.0
2009-09-04,01:34:00,0.190,0.000,244.000,0.800,0.000,0.000,1.0
2009-09-04,01:35:00,0.190,0.000,243.970,0.800,0.000,0.000,0.0
2009-09-04,01:36:00,0.192,0.000,244.450,0.800,0.000,0.000,1.0
2009-09-04,01:37:00,0.192,0.000,244.860,0.800,0.000,0.000,1.0
2009-09-04,01:38:00,0.288,0.080,244.750,1.400,0.000,0.000,0.0
2009-09-04,01:39:00,0.300,0.114,244.650,1.400,0.000,0.000,1.0
2009-09-04,01:40:00,0.296,0.116,244.800,1.200,0.000,0.000,1.0
2009-09-04,01:41:00,0.294,0.114,244.540,1.200,0.000,0.000,1.0
2009-09-04,01:42:00,0.292,0.114,244.310,1.200,0.000,0.000,0.0
2009-09-04,01:43:00,0.290,0.114,244.280,1.200,0.000,0.000,1.0
2009-09-04,01:44:00,0.290,0.114,244.370,1.200,0.000,0.000,1.0
2009-09-04,01:45:00,0.288,0.114,244.170,1.200,0.000,0.000,0.0
2009-09-04,01:46:00,0.304,0.120,243.960,1.600,0.000,0.000,1.0
2009-09-04,01:47:00,0.936,0.276,243.180,4.000,0.000,0.000,11.0
2009-09-04,01:48:00,0.890,0.180,243.150,3.800,0.000,0.000,12.0
2009-09-04,01:49:00,0.892,0.138,243.400,3.600,0.000,0.000,12.0
2009-09-04,01:50:00,0.906,0.142,244.050,3.800,0.000,0.000,13.0
2009-09-04,01:51:00,0.442,0.000,244.370,2.200,0.000,0.000,5.0
2009-09-04,01:52:00,0.190,0.000,243.430,0.800,0.000,0.000,1.0
2009-09-04,01:53:00,0.190,0.000,243.180,0.800,0.000,0.000,0.0
2009-09-04,01:54:00,0.190,0.000,242.660,0.800,0.000,0.000,1.0
2009-09-04,01:55:00,0.190,0.000,242.350,0.800,0.000,0.000,1.0
2009-09-04,01:56:00,0.190,0.000,242.050,0.800,0.000,0.000,0.0
2009-09-04,01:57:00,0.188,0.000,242.020,0.800,0.000,0.000,1.0
2009-09-04,01:58:00,0.190,0.000,242.310,0.800,0.000,0.000,1.0
2009-09-04,01:59:00,0.190,0.000,242.570,0.800,0.000,0.000,0.0
2009-09-04,02:00:00,0.216,0.000,242.530,1.000,0.000,0.000,1.0
2009-09-04,02:01:00,0.300,0.108,242.340,1.400,0.000,0.000,1.0
2009-09-04,02:02:00,0.294,0.106,241.740,1.200,0.000,0.000,0.0
2009-09-04,02:03:00,0.292,0.106,241.470,1.200,0.000,0.000,1.0
2009-09-04,02:04:00,0.290,0.106,241.570,1.200,0.000,0.000,1.0
2009-09-04,02:05:00,0.288,0.106,241.770,1.200,0.000,0.000,0.0
2009-09-04,02:06:00,0.364,0.188,241.680,1.800,0.000,0.000,1.0
2009-09-04,02:07:00,0.364,0.214,242.600,1.800,0.000,0.000,1.0
2009-09-04,02:08:00,0.364,0.214,242.830,1.800,0.000,0.000,0.0
2009-09-04,02:09:00,0.362,0.214,242.800,1.800,0.000,0.000,1.0
2009-09-04,02:10:00,0.350,0.198,242.960,1.600,0.000,0.000,1.0
2009-09-04,02:11:00,0.266,0.080,243.750,1.200,0.000,0.000,0.0
2009-09-04,02:12:00,0.264,0.080,243.820,1.200,0.000,0.000,1.0
2009-09-04,02:13:00,0.264,0.080,243.840,1.200,0.000,0.000,1.0
2009-09-04,02:14:00,0.262,0.080,243.610,1.200,0.000,0.000,0.0
2009-09-04,02:15:00,0.262,0.080,243.810,1.200,0.000,0.000,1.0
2009-09-04,02:16:00,0.262,0.080,243.820,1.200,0.000,0.000,1.0
2009-09-04,02:17:00,0.262,0.080,243.640,1.200,0.000,0.000,0.0
2009-09-04,02:18:00,0.260,0.080,243.790,1.200,0.000,0.000,1.0
2009-09-04,02:19:00,0.262,0.080,243.870,1.200,0.000,0.000,1.0
2009-09-04,02:20:00,0.224,0.000,244.000,1.000,0.000,0.000,0.0
2009-09-04,02:21:00,0.190,0.000,243.730,0.800,0.000,0.000,1.0
2009-09-04,02:22:00,0.190,0.000,243.340,0.800,0.000,0.000,1.0
2009-09-04,02:23:00,0.276,0.066,243.660,1.200,0.000,0.000,0.0
2009-09-04,02:24:00,0.300,0.112,243.700,1.400,0.000,0.000,1.0
2009-09-04,02:25:00,0.296,0.112,243.550,1.200,0.000,0.000,1.0
2009-09-04,02:26:00,0.292,0.112,243.270,1.200,0.000,0.000,0.0
2009-09-04,02:27:00,0.290,0.110,242.840,1.200,0.000,0.000,1.0
2009-09-04,02:28:00,0.288,0.110,243.080,1.200,0.000,0.000,1.0
2009-09-04,02:29:00,0.288,0.112,243.250,1.200,0.000,0.000,0.0
2009-09-04,02:30:00,0.288,0.110,243.060,1.200,0.000,0.000,1.0
2009-09-04,02:31:00,0.288,0.110,243.250,1.200,0.000,0.000,1.0
2009-09-04,02:32:00,0.286,0.110,243.160,1.200,0.000,0.000,0.0
2009-09-04,02:33:00,0.222,0.000,243.200,1.000,0.000,0.000,1.0
2009-09-04,02:34:00,0.190,0.000,243.370,0.800,0.000,0.000,1.0
2009-09-04,02:35:00,0.190,0.000,243.420,0.800,0.000,0.000,0.0
2009-09-04,02:36:00,0.190,0.000,243.760,0.800,0.000,0.000,1.0
2009-09-04,02:37:00,0.190,0.000,243.740,0.800,0.000,0.000,1.0
2009-09-04,02:38:00,0.190,0.000,243.630,0.800,0.000,0.000,0.0
2009-09-04,02:39:00,0.190,0.000,243.550,0.800,0.000,0.000,1.0
2009-09-04,02:40:00,0.190,0.000,243.410,0.800,0.000,0.000,1.0
2009-09-04,02:41:00,0.190,0.000,243.740,0.800,0.000,0.000,0.0
2009-09-04,02:42:00,0.190,0.000,243.740,0.800,0.000,0.000,1.0
2009-09-04,02:43:00,0.190,0.000,243.710,0.800,0.000,0.000,1.0
2009-09-04,02:44:00,0.190,0.000,243.930,0.800,0.000,0.000,0.0
2009-09-04,02:45:00,0.214,0.000,243.820,1.000,0.000,0.000,1.0
2009-09-04,02:46:00,0.302,0.112,243.580,1.400,0.000,0.000,1.0
2009-09-04,02:47:00,0.298,0.110,243.610,1.200,0.000,0.000,0.0
2009-09-04,02:48:00,0.294,0.112,243.680,1.200,0.000,0.000,1.0
2009-09-04,02:49:00,0.292,0.112,243.730,1.200,0.000,0.000,1.0
2009-09-04,02:50:00,0.290,0.112,243.640,1.200,0.000,0.000,0.0
2009-09-04,02:51:00,0.708,0.222,243.310,3.400,0.000,0.000,7.0
2009-09-04,02:52:00,0.944,0.278,243.190,4.000,0.000,0.000,12.0
2009-09-04,02:53:00,0.974,0.272,242.910,4.200,0.000,0.000,12.0
2009-09-04,02:54:00,0.992,0.272,242.850,4.200,0.000,0.000,13.0
2009-09-04,02:55:00,0.872,0.290,243.440,4.000,0.000,0.000,9.0
2009-09-04,02:56:00,0.272,0.084,244.430,1.200,0.000,0.000,1.0
2009-09-04,02:57:00,0.272,0.084,244.600,1.200,0.000,0.000,1.0
2009-09-04,02:58:00,0.272,0.084,244.740,1.200,0.000,0.000,1.0
2009-09-04,02:59:00,0.332,0.152,244.510,1.600,0.000,0.000,0.0
2009-09-04,03:00:00,0.356,0.208,244.320,1.600,0.000,2.000,1.0
2009-09-04,03:01:00,0.352,0.210,244.650,1.600,0.000,1.000,1.0
2009-09-04,03:02:00,0.352,0.208,244.390,1.600,0.000,2.000,0.0
2009-09-04,03:03:00,0.352,0.208,244.310,1.600,0.000,1.000,1.0
2009-09-04,03:04:00,0.350,0.206,243.780,1.600,0.000,2.000,1.0
2009-09-04,03:05:00,0.348,0.206,243.590,1.600,0.000,1.000,0.0
2009-09-04,03:06:00,0.348,0.208,244.270,1.600,0.000,1.000,1.0
2009-09-04,03:07:00,0.348,0.210,244.530,1.600,0.000,2.000,1.0
2009-09-04,03:08:00,0.406,0.270,244.800,2.000,0.000,1.000,0.0
2009-09-04,03:09:00,0.394,0.250,245.070,1.800,0.000,2.000,1.0
2009-09-04,03:10:00,0.384,0.244,245.040,1.800,0.000,1.000,1.0
2009-09-04,03:11:00,0.378,0.242,244.750,1.800,0.000,2.000,0.0
2009-09-04,03:12:00,0.376,0.240,244.200,1.800,0.000,1.000,1.0
2009-09-04,03:13:00,0.372,0.240,244.210,1.800,0.000,1.000,1.0
2009-09-04,03:14:00,0.368,0.240,244.300,1.800,0.000,2.000,0.0
2009-09-04,03:15:00,0.368,0.240,244.190,1.800,0.000,1.000,1.0
2009-09-04,03:16:00,0.366,0.238,243.890,1.800,0.000,1.000,1.0
2009-09-04,03:17:00,0.366,0.238,244.060,1.800,0.000,2.000,0.0
2009-09-04,03:18:00,0.322,0.178,243.990,1.600,0.000,1.000,1.0
2009-09-04,03:19:00,0.270,0.100,243.870,1.200,0.000,1.000,1.0
2009-09-04,03:20:00,0.270,0.100,244.130,1.200,0.000,2.000,0.0
2009-09-04,03:21:00,0.268,0.100,243.930,1.200,0.000,1.000,1.0
2009-09-04,03:22:00,0.268,0.098,243.580,1.200,0.000,1.000,1.0
2009-09-04,03:23:00,0.268,0.100,243.740,1.200,0.000,1.000,0.0
2009-09-04,03:24:00,0.268,0.100,244.080,1.200,0.000,2.000,1.0
2009-09-04,03:25:00,0.266,0.100,243.890,1.200,0.000,1.000,1.0
2009-09-04,03:26:00,0.266,0.100,244.000,1.200,0.000,1.000,0.0
2009-09-04,03:27:00,0.266,0.100,243.990,1.200,0.000,1.000,1.0
2009-09-04,03:28:00,0.266,0.100,243.900,1.200,0.000,1.000,1.0
2009-09-04,03:29:00,0.266,0.100,243.800,1.200,0.000,2.000,0.0
2009-09-04,03:30:00,0.266,0.100,243.810,1.200,0.000,1.000,1.0
2009-09-04,03:31:00,0.364,0.210,243.730,1.800,0.000,1.000,1.0
2009-09-04,03:32:00,0.372,0.236,243.700,1.800,0.000,1.000,0.0
2009-09-04,03:33:00,0.366,0.236,243.980,1.800,0.000,1.000,1.0
2009-09-04,03:34:00,0.366,0.238,244.190,1.800,0.000,2.000,1.0
2009-09-04,03:35:00,0.364,0.238,244.020,1.800,0.000,1.000,0.0
2009-09-04,03:36:00,0.360,0.238,243.950,1.800,0.000,1.000,1.0
2009-09-04,03:37:00,0.360,0.240,244.350,1.800,0.000,1.000,1.0
2009-09-04,03:38:00,0.360,0.240,244.520,1.800,0.000,1.000,0.0
2009-09-04,03:39:00,0.360,0.240,244.460,1.800,0.000,2.000,1.0
2009-09-04,03:40:00,0.360,0.240,244.500,1.800,0.000,1.000,1.0
2009-09-04,03:41:00,0.272,0.110,244.620,1.200,0.000,1.000,0.0
2009-09-04,03:42:00,0.266,0.102,244.510,1.200,0.000,1.000,1.0
2009-09-04,03:43:00,0.266,0.102,244.900,1.200,0.000,1.000,1.0
2009-09-04,03:44:00,0.330,0.170,244.780,1.600,0.000,2.000,0.0
2009-09-04,03:45:00,0.340,0.206,244.090,1.600,0.000,1.000,1.0
2009-09-04,03:46:00,0.342,0.206,244.040,1.600,0.000,1.000,1.0
2009-09-04,03:47:00,0.340,0.204,243.900,1.600,0.000,1.000,0.0
2009-09-04,03:48:00,0.340,0.206,243.970,1.600,0.000,1.000,1.0
2009-09-04,03:49:00,0.338,0.206,244.270,1.600,0.000,2.000,1.0
2009-09-04,03:50:00,0.336,0.206,244.350,1.600,0.000,1.000,0.0
2009-09-04,03:51:00,0.264,0.084,244.360,1.200,0.000,0.000,1.0
2009-09-04,03:52:00,0.264,0.082,244.190,1.200,0.000,0.000,1.0
2009-09-04,03:53:00,0.302,0.118,244.400,1.400,0.000,0.000,0.0
2009-09-04,03:54:00,0.372,0.220,244.310,1.800,0.000,0.000,1.0
2009-09-04,03:55:00,0.366,0.218,244.010,1.800,0.000,0.000,1.0
2009-09-04,03:56:00,0.908,0.364,243.540,4.200,0.000,0.000,9.0
2009-09-04,03:57:00,1.020,0.386,243.530,4.400,0.000,0.000,12.0
2009-09-04,03:58:00,0.986,0.284,243.500,4.200,0.000,0.000,12.0
2009-09-04,03:59:00,0.996,0.282,243.940,4.200,0.000,0.000,12.0
2009-09-04,04:00:00,0.660,0.202,244.280,3.200,0.000,0.000,8.0
2009-09-04,04:01:00,0.290,0.116,244.780,1.200,0.000,0.000,0.0
2009-09-04,04:02:00,0.290,0.116,244.910,1.200,0.000,0.000,1.0
2009-09-04,04:03:00,0.266,0.082,244.440,1.200,0.000,0.000,1.0
2009-09-04,04:04:00,0.192,0.000,244.500,0.800,0.000,0.000,0.0
2009-09-04,04:05:00,0.192,0.000,244.580,0.800,0.000,0.000,1.0
2009-09-04,04:06:00,0.192,0.000,244.760,0.800,0.000,0.000,1.0
2009-09-04,04:07:00,0.192,0.000,244.470,0.800,0.000,0.000,0.0
2009-09-04,04:08:00,0.192,0.000,244.720,0.800,0.000,0.000,1.0
2009-09-04,04:09:00,0.192,0.000,245.070,0.800,0.000,0.000,1.0
2009-09-04,04:10:00,0.192,0.000,245.250,0.800,0.000,0.000,0.0
2009-09-04,04:11:00,0.192,0.000,245.260,0.800,0.000,0.000,1.0
2009-09-04,04:12:00,0.192,0.000,245.180,0.800,0.000,0.000,1.0
2009-09-04,04:13:00,0.192,0.000,244.970,0.800,0.000,0.000,0.0
2009-09-04,04:14:00,0.192,0.000,244.870,0.800,0.000,0.000,1.0
2009-09-04,04:15:00,0.192,0.000,244.870,0.800,0.000,0.000,1.0
2009-09-04,04:16:00,0.274,0.064,244.610,1.200,0.000,0.000,0.0
2009-09-04,04:17:00,0.302,0.114,244.390,1.400,0.000,0.000,1.0
2009-09-04,04:18:00,0.296,0.114,244.360,1.200,0.000,0.000,1.0
2009-09-04,04:19:00,0.294,0.114,244.460,1.200,0.000,0.000,0.0
2009-09-04,04:20:00,0.292,0.116,244.580,1.200,0.000,0.000,1.0
2009-09-04,04:21:00,0.292,0.116,244.840,1.200,0.000,0.000,1.0
2009-09-04,04:22:00,0.290,0.116,244.490,1.200,0.000,0.000,0.0
2009-09-04,04:23:00,0.290,0.116,244.520,1.200,0.000,0.000,1.0
2009-09-04,04:24:00,0.290,0.116,244.680,1.200,0.000,0.000,1.0
2009-09-04,04:25:00,0.290,0.116,244.680,1.200,0.000,0.000,0.0
2009-09-04,04:26:00,0.220,0.000,244.800,1.000,0.000,0.000,1.0
2009-09-04,04:27:00,0.192,0.000,244.690,0.800,0.000,0.000,1.0
2009-09-04,04:28:00,0.192,0.000,244.360,0.800,0.000,0.000,0.0
2009-09-04,04:29:00,0.192,0.000,244.700,0.800,0.000,0.000,1.0
2009-09-04,04:30:00,0.192,0.000,244.320,0.800,0.000,0.000,1.0
2009-09-04,04:31:00,0.192,0.000,244.310,0.800,0.000,0.000,0.0
2009-09-04,04:32:00,0.192,0.000,244.320,0.800,0.000,0.000,1.0
2009-09-04,04:33:00,0.222,0.000,244.780,1.200,0.000,0.000,1.0
2009-09-04,04:34:00,0.270,0.082,244.140,1.200,0.000,0.000,0.0
2009-09-04,04:35:00,0.270,0.082,244.210,1.200,0.000,0.000,1.0
2009-09-04,04:36:00,0.270,0.082,244.160,1.200,0.000,0.000,1.0
2009-09-04,04:37:00,0.270,0.082,244.190,1.200,0.000,0.000,0.0
2009-09-04,04:38:00,0.268,0.082,244.140,1.200,0.000,0.000,1.0
2009-09-04,04:39:00,0.388,0.220,244.090,1.800,0.000,0.000,1.0
2009-09-04,04:40:00,0.370,0.218,243.580,1.800,0.000,0.000,0.0
2009-09-04,04:41:00,0.364,0.218,243.760,1.800,0.000,0.000,1.0
2009-09-04,04:42:00,0.362,0.218,243.900,1.800,0.000,0.000,1.0
2009-09-04,04:43:00,0.360,0.220,244.180,1.600,0.000,0.000,0.0
2009-09-04,04:44:00,0.358,0.220,244.360,1.600,0.000,0.000,1.0
2009-09-04,04:45:00,0.358,0.220,244.130,1.600,0.000,0.000,1.0
2009-09-04,04:46:00,0.356,0.218,243.650,1.600,0.000,0.000,0.0
2009-09-04,04:47:00,0.332,0.180,243.740,1.600,0.000,0.000,1.0
2009-09-04,04:48:00,0.282,0.104,243.560,1.200,0.000,0.000,1.0
2009-09-04,04:49:00,0.190,0.000,243.790,0.800,0.000,0.000,0.0
2009-09-04,04:50:00,0.190,0.000,243.970,0.800,0.000,0.000,1.0
2009-09-04,04:51:00,0.190,0.000,243.750,0.800,0.000,0.000,1.0
2009-09-04,04:52:00,0.192,0.000,244.110,0.800,0.000,0.000,0.0
2009-09-04,04:53:00,0.192,0.000,244.690,0.800,0.000,0.000,1.0
2009-09-04,04:54:00,0.192,0.000,244.880,0.800,0.000,0.000,1.0
2009-09-04,04:55:00,0.192,0.000,244.730,0.800,0.000,0.000,1.0
2009-09-04,04:56:00,0.190,0.000,244.060,0.800,0.000,0.000,0.0
2009-09-04,04:57:00,0.190,0.000,244.010,0.800,0.000,0.000,1.0
2009-09-04,04:58:00,0.190,0.000,243.830,0.800,0.000,0.000,1.0
2009-09-04,04:59:00,0.190,0.000,243.780,0.800,0.000,0.000,0.0
2009-09-04,05:00:00,0.190,0.000,244.060,0.800,0.000,0.000,1.0
2009-09-04,05:01:00,0.706,0.158,243.300,3.400,0.000,0.000,8.0
2009-09-04,05:02:00,0.956,0.276,243.010,4.000,0.000,0.000,11.0
2009-09-04,05:03:00,0.980,0.276,242.960,4.200,0.000,0.000,12.0
2009-09-04,05:04:00,0.994,0.276,243.080,4.200,0.000,0.000,13.0
2009-09-04,05:05:00,0.616,0.186,243.440,3.000,0.000,0.000,6.0
2009-09-04,05:06:00,0.290,0.114,243.990,1.200,0.000,0.000,1.0
2009-09-04,05:07:00,0.288,0.114,243.770,1.200,0.000,0.000,1.0
2009-09-04,05:08:00,0.288,0.112,243.680,1.200,0.000,0.000,0.0
2009-09-04,05:09:00,0.288,0.112,243.820,1.200,0.000,0.000,1.0
2009-09-04,05:10:00,0.288,0.112,243.800,1.200,0.000,0.000,1.0
2009-09-04,05:11:00,0.228,0.000,243.920,1.000,0.000,0.000,0.0
2009-09-04,05:12:00,0.190,0.000,243.840,0.800,0.000,0.000,1.0
2009-09-04,05:13:00,0.190,0.000,243.720,0.800,0.000,0.000,1.0
2009-09-04,05:14:00,0.190,0.000,243.960,0.800,0.000,0.000,0.0
2009-09-04,05:15:00,0.190,0.000,243.850,0.800,0.000,0.000,1.0
2009-09-04,05:16:00,0.190,0.000,243.690,0.800,0.000,0.000,1.0
2009-09-04,05:17:00,0.190,0.000,243.730,0.800,0.000,0.000,0.0
2009-09-04,05:18:00,0.190,0.000,243.560,0.800,0.000,0.000,1.0
2009-09-04,05:19:00,0.190,0.000,243.560,0.800,0.000,0.000,1.0
2009-09-04,05:20:00,0.190,0.000,243.490,0.800,0.000,0.000,0.0
2009-09-04,05:21:00,0.190,0.000,243.390,0.800,0.000,0.000,1.0
2009-09-04,05:22:00,0.190,0.000,243.540,0.800,0.000,0.000,1.0
2009-09-04,05:23:00,0.236,0.000,243.560,1.200,0.000,0.000,0.0
2009-09-04,05:24:00,0.378,0.202,243.110,1.800,0.000,0.000,1.0
2009-09-04,05:25:00,0.374,0.216,243.250,1.800,0.000,0.000,1.0
2009-09-04,05:26:00,0.370,0.218,243.590,1.800,0.000,0.000,0.0
2009-09-04,05:27:00,0.428,0.280,243.430,2.200,0.000,0.000,1.0
2009-09-04,05:28:00,0.452,0.344,243.460,2.200,0.000,1.000,1.0
2009-09-04,05:29:00,0.448,0.344,243.530,2.200,0.000,2.000,0.0
2009-09-04,05:30:00,0.446,0.344,243.660,2.200,0.000,1.000,1.0
2009-09-04,05:31:00,0.444,0.342,243.330,2.200,0.000,1.000,1.0
2009-09-04,05:32:00,0.442,0.338,242.840,2.200,0.000,2.000,0.0
2009-09-04,05:33:00,0.438,0.334,242.780,2.200,0.000,1.000,1.0
2009-09-04,05:34:00,0.346,0.202,242.890,1.600,0.000,2.000,1.0
2009-09-04,05:35:00,0.346,0.204,243.130,1.600,0.000,1.000,0.0
2009-09-04,05:36:00,0.346,0.202,242.940,1.600,0.000,2.000,1.0
2009-09-04,05:37:00,0.308,0.144,242.940,1.400,0.000,1.000,1.0
2009-09-04,05:38:00,0.276,0.098,243.060,1.200,0.000,2.000,0.0
2009-09-04,05:39:00,0.276,0.098,243.080,1.200,0.000,1.000,1.0
2009-09-04,05:40:00,0.276,0.098,243.390,1.200,0.000,1.000,1.0
2009-09-04,05:41:00,0.274,0.098,243.540,1.200,0.000,2.000,0.0
2009-09-04,05:42:00,0.272,0.098,243.210,1.200,0.000,1.000,1.0
2009-09-04,05:43:00,0.272,0.098,243.420,1.200,0.000,1.000,1.0
2009-09-04,05:44:00,0.272,0.100,243.990,1.200,0.000,2.000,0.0
2009-09-04,05:45:00,0.272,0.102,244.120,1.200,0.000,1.000,1.0
2009-09-04,05:46:00,0.328,0.158,243.670,1.600,0.000,1.000,1.0
2009-09-04,05:47:00,0.376,0.236,243.320,1.800,0.000,2.000,0.0
2009-09-04,05:48:00,0.372,0.240,244.210,1.800,0.000,1.000,1.0
2009-09-04,05:49:00,0.368,0.238,243.880,1.800,0.000,1.000,1.0
2009-09-04,05:50:00,0.366,0.238,244.020,1.800,0.000,1.000,0.0
2009-09-04,05:51:00,0.364,0.238,244.030,1.800,0.000,2.000,1.0
2009-09-04,05:52:00,0.362,0.238,243.810,1.800,0.000,1.000,1.0
2009-09-04,05:53:00,0.362,0.236,243.560,1.800,0.000,1.000,0.0
2009-09-04,05:54:00,0.360,0.232,242.950,1.800,0.000,1.000,1.0
2009-09-04,05:55:00,0.358,0.232,242.520,1.800,0.000,1.000,0.0
2009-09-04,05:56:00,0.306,0.156,242.530,1.400,0.000,2.000,1.0
2009-09-04,05:57:00,0.264,0.094,241.720,1.200,0.000,1.000,1.0
2009-09-04,05:58:00,0.262,0.092,241.370,1.200,0.000,1.000,0.0
2009-09-04,05:59:00,0.262,0.094,241.590,1.200,0.000,1.000,1.0
2009-09-04,06:00:00,0.264,0.094,242.080,1.200,0.000,2.000,1.0
2009-09-04,06:01:00,0.264,0.096,242.260,1.200,0.000,1.000,0.0
2009-09-04,06:02:00,0.264,0.096,242.370,1.200,0.000,1.000,1.0
2009-09-04,06:03:00,0.262,0.096,242.190,1.200,0.000,1.000,1.0
2009-09-04,06:04:00,0.370,0.124,242.140,2.000,0.000,1.000,2.0
2009-09-04,06:05:00,0.906,0.252,241.630,3.800,0.000,1.000,11.0
2009-09-04,06:06:00,0.924,0.248,241.200,4.000,0.000,2.000,12.0
2009-09-04,06:07:00,0.956,0.250,241.550,4.000,0.000,1.000,12.0
2009-09-04,06:08:00,0.904,0.234,241.380,4.000,0.000,1.000,12.0
2009-09-04,06:09:00,0.362,0.204,242.160,1.800,0.000,1.000,1.0
2009-09-04,06:10:00,0.368,0.228,241.800,1.800,0.000,1.000,0.0
2009-09-04,06:11:00,0.364,0.232,242.760,1.800,0.000,2.000,1.0
2009-09-04,06:12:00,0.362,0.230,242.290,1.800,0.000,1.000,1.0
2009-09-04,06:13:00,0.392,0.258,243.870,2.000,0.000,1.000,0.0
2009-09-04,06:14:00,0.436,0.338,242.640,2.200,0.000,1.000,1.0
2009-09-04,06:15:00,0.434,0.338,242.640,2.200,0.000,1.000,1.0
2009-09-04,06:16:00,0.434,0.336,242.650,2.200,0.000,2.000,0.0
2009-09-04,06:17:00,0.432,0.336,242.640,2.200,0.000,1.000,1.0
2009-09-04,06:18:00,0.432,0.338,243.020,2.200,0.000,1.000,1.0
2009-09-04,06:19:00,0.336,0.204,242.910,1.600,0.000,1.000,0.0
2009-09-04,06:20:00,0.294,0.130,242.730,1.400,0.000,1.000,1.0
2009-09-04,06:21:00,0.262,0.078,243.080,1.200,0.000,0.000,0.0
2009-09-04,06:22:00,0.262,0.078,242.670,1.200,0.000,0.000,1.0
2009-09-04,06:23:00,0.260,0.078,242.610,1.200,0.000,0.000,1.0
2009-09-04,06:24:00,0.260,0.078,242.310,1.200,0.000,0.000,0.0
2009-09-04,06:25:00,0.260,0.076,242.200,1.200,0.000,0.000,1.0
2009-09-04,06:26:00,0.258,0.076,241.840,1.200,0.000,0.000,1.0
2009-09-04,06:27:00,0.264,0.000,242.450,1.200,0.000,0.000,0.0
2009-09-04,06:28:00,0.390,0.000,242.270,1.600,0.000,0.000,1.0
2009-09-04,06:29:00,1.488,0.000,241.160,7.000,0.000,0.000,1.0
2009-09-04,06:30:00,1.052,0.000,241.730,4.800,0.000,0.000,0.0
2009-09-04,06:31:00,1.380,0.068,240.970,6.400,0.000,0.000,1.0
2009-09-04,06:32:00,2.458,0.150,239.540,10.800,0.000,0.000,14.0
2009-09-04,06:33:00,2.348,0.138,239.480,10.200,0.000,0.000,19.0
2009-09-04,06:34:00,2.498,0.150,239.210,10.800,0.000,0.000,19.0
2009-09-04,06:35:00,2.400,0.142,239.530,10.400,0.000,0.000,18.0
2009-09-04,06:36:00,1.660,0.120,239.880,6.800,0.000,0.000,19.0
2009-09-04,06:37:00,1.706,0.118,239.620,7.000,0.000,0.000,18.0
2009-09-04,06:38:00,1.664,0.114,239.890,6.800,0.000,0.000,18.0
2009-09-04,06:39:00,1.740,0.098,239.480,7.200,0.000,0.000,19.0
2009-09-04,06:40:00,1.754,0.096,239.390,7.200,0.000,0.000,18.0
2009-09-04,06:41:00,1.736,0.052,239.570,7.200,0.000,0.000,18.0
2009-09-04,06:42:00,1.682,0.000,239.960,7.000,0.000,0.000,18.0
2009-09-04,06:43:00,1.624,0.000,239.650,6.800,0.000,0.000,19.0
2009-09-04,06:44:00,1.494,0.000,239.490,6.200,0.000,0.000,18.0
2009-09-04,06:45:00,1.496,0.000,239.730,6.200,0.000,0.000,18.0
2009-09-04,06:46:00,1.502,0.000,239.780,6.200,0.000,0.000,18.0
2009-09-04,06:47:00,1.492,0.000,240.040,6.200,0.000,0.000,19.0
2009-09-04,06:48:00,1.506,0.000,240.470,6.200,0.000,0.000,18.0
2009-09-04,06:49:00,1.500,0.000,240.350,6.200,0.000,0.000,18.0
2009-09-04,06:50:00,1.504,0.000,240.490,6.200,0.000,0.000,19.0
2009-09-04,06:51:00,1.498,0.000,240.270,6.200,0.000,0.000,18.0
2009-09-04,06:52:00,1.498,0.000,240.250,6.200,0.000,0.000,18.0
2009-09-04,06:53:00,1.524,0.000,240.740,6.200,0.000,0.000,19.0
2009-09-04,06:54:00,1.692,0.046,241.230,7.000,0.000,0.000,18.0
2009-09-04,06:55:00,1.774,0.154,240.480,7.400,0.000,0.000,18.0
2009-09-04,06:56:00,1.912,0.198,238.930,8.000,0.000,0.000,19.0
2009-09-04,06:57:00,2.044,0.194,238.250,8.600,0.000,0.000,18.0
2009-09-04,06:58:00,1.906,0.194,237.900,8.000,0.000,0.000,18.0
2009-09-04,06:59:00,1.858,0.200,239.540,7.800,0.000,0.000,18.0
2009-09-04,07:00:00,1.840,0.202,239.570,7.600,0.000,0.000,18.0
2009-09-04,07:01:00,1.990,0.200,239.470,8.400,0.000,0.000,18.0
2009-09-04,07:02:00,2.268,0.198,238.550,9.600,0.000,0.000,18.0
2009-09-04,07:03:00,2.528,0.216,237.370,10.600,0.000,0.000,18.0
2009-09-04,07:04:00,3.054,0.258,236.670,12.800,0.000,0.000,29.0
2009-09-04,07:05:00,3.060,0.218,236.570,13.000,0.000,0.000,28.0
2009-09-04,07:06:00,2.882,0.196,236.590,12.200,0.000,0.000,29.0
2009-09-04,07:07:00,3.006,0.234,236.480,12.800,0.000,0.000,30.0
2009-09-04,07:08:00,2.460,0.178,237.400,10.400,0.000,0.000,25.0
2009-09-04,07:09:00,1.624,0.190,237.510,7.000,0.000,0.000,18.0
2009-09-04,07:10:00,1.448,0.134,237.710,6.000,0.000,0.000,18.0
2009-09-04,07:11:00,1.412,0.056,238.180,5.800,0.000,0.000,18.0
2009-09-04,07:12:00,1.412,0.058,238.160,5.800,0.000,0.000,18.0
2009-09-04,07:13:00,1.406,0.056,237.710,5.800,0.000,0.000,18.0
2009-09-04,07:14:00,1.402,0.056,237.290,5.800,0.000,0.000,18.0
2009-09-04,07:15:00,1.404,0.056,237.420,5.800,0.000,0.000,18.0
2009-09-04,07:16:00,1.402,0.056,237.370,5.800,0.000,0.000,17.0
2009-09-04,07:17:00,1.472,0.084,239.200,6.200,0.000,0.000,19.0
2009-09-04,07:18:00,1.476,0.092,240.580,6.000,0.000,0.000,18.0
2009-09-04,07:19:00,1.462,0.090,239.680,6.000,0.000,0.000,18.0
2009-09-04,07:20:00,1.460,0.090,239.760,6.000,0.000,0.000,18.0
2009-09-04,07:21:00,1.452,0.090,239.170,6.000,0.000,0.000,19.0
2009-09-04,07:22:00,1.504,0.090,239.300,6.200,0.000,0.000,18.0
2009-09-04,07:23:00,1.622,0.088,238.950,6.800,0.000,0.000,18.0
2009-09-04,07:24:00,1.622,0.088,239.010,6.800,0.000,0.000,18.0
2009-09-04,07:25:00,1.626,0.088,239.440,6.800,0.000,0.000,18.0
2009-09-04,07:26:00,1.662,0.084,238.010,7.000,0.000,0.000,18.0
2009-09-04,07:27:00,1.582,0.000,238.350,6.600,0.000,0.000,18.0
2009-09-04,07:28:00,1.576,0.000,237.990,6.600,0.000,0.000,18.0
2009-09-04,07:29:00,1.574,0.000,237.770,6.600,0.000,0.000,18.0
2009-09-04,07:30:00,1.580,0.000,238.260,6.600,0.000,0.000,18.0
2009-09-04,07:31:00,1.572,0.000,237.620,6.600,0.000,0.000,18.0
2009-09-04,07:32:00,1.576,0.000,237.910,6.600,0.000,0.000,18.0
2009-09-04,07:33:00,1.578,0.000,238.110,6.600,0.000,0.000,18.0
2009-09-04,07:34:00,1.578,0.000,238.110,6.600,0.000,0.000,18.0
2009-09-04,07:35:00,1.582,0.000,238.380,6.600,0.000,0.000,18.0
2009-09-04,07:36:00,1.578,0.000,238.140,6.600,0.000,0.000,18.0
2009-09-04,07:37:00,1.574,0.000,237.820,6.600,0.000,0.000,18.0
2009-09-04,07:38:00,1.574,0.000,237.720,6.600,0.000,0.000,18.0
2009-09-04,07:39:00,1.638,0.000,237.750,6.800,0.000,0.000,18.0
2009-09-04,07:40:00,1.678,0.082,237.730,7.000,0.000,0.000,18.0
2009-09-04,07:41:00,1.620,0.082,237.510,6.800,0.000,0.000,18.0
2009-09-04,07:42:00,1.610,0.084,237.610,6.800,0.000,0.000,17.0
2009-09-04,07:43:00,1.648,0.064,237.260,6.800,0.000,0.000,18.0
2009-09-04,07:44:00,1.650,0.064,236.810,7.000,0.000,0.000,18.0
2009-09-04,07:45:00,1.654,0.066,237.170,7.000,0.000,0.000,18.0
2009-09-04,07:46:00,1.680,0.068,239.680,7.000,0.000,0.000,18.0
2009-09-04,07:47:00,1.816,0.104,239.630,7.600,0.000,0.000,20.0
2009-09-04,07:48:00,2.316,0.212,239.030,9.600,0.000,0.000,29.0
2009-09-04,07:49:00,2.282,0.138,239.380,9.400,0.000,0.000,29.0
2009-09-04,07:50:00,2.894,0.070,238.700,12.400,0.000,0.000,30.0
2009-09-04,07:51:00,3.678,0.062,237.800,15.400,0.000,0.000,30.0
2009-09-04,07:52:00,3.434,0.000,237.920,14.400,0.000,0.000,26.0
2009-09-04,07:53:00,1.778,0.000,239.270,7.400,0.000,0.000,18.0
2009-09-04,07:54:00,1.790,0.046,239.370,7.400,0.000,0.000,19.0
2009-09-04,07:55:00,1.800,0.050,240.200,7.400,0.000,0.000,18.0
2009-09-04,07:56:00,1.794,0.050,239.850,7.400,0.000,0.000,18.0
2009-09-04,07:57:00,1.988,0.120,240.110,8.200,0.000,0.000,18.0
2009-09-04,07:58:00,2.230,0.188,239.980,9.200,0.000,1.000,19.0
2009-09-04,07:59:00,2.222,0.186,239.720,9.200,0.000,1.000,18.0
2009-09-04,08:00:00,2.224,0.186,239.840,9.200,0.000,2.000,18.0
2009-09-04,08:01:00,2.224,0.186,239.910,9.200,0.000,1.000,18.0
2009-09-04,08:02:00,2.134,0.298,239.170,9.000,0.000,2.000,19.0
2009-09-04,08:03:00,1.806,0.308,239.930,7.600,0.000,1.000,18.0
2009-09-04,08:04:00,1.802,0.308,240.040,7.600,0.000,1.000,18.0
2009-09-04,08:05:00,1.798,0.308,239.960,7.600,0.000,2.000,18.0
2009-09-04,08:06:00,1.780,0.302,238.780,7.400,0.000,1.000,18.0
2009-09-04,08:07:00,1.782,0.304,239.020,7.400,0.000,2.000,18.0
2009-09-04,08:08:00,1.852,0.208,238.520,7.800,0.000,1.000,19.0
2009-09-04,08:09:00,1.714,0.202,239.050,7.200,0.000,2.000,18.0
2009-09-04,08:10:00,1.748,0.206,240.000,7.200,0.000,1.000,18.0
2009-09-04,08:11:00,2.032,0.210,239.390,8.600,0.000,1.000,18.0
2009-09-04,08:12:00,1.634,0.086,239.720,6.800,0.000,2.000,18.0
2009-09-04,08:13:00,1.882,0.078,238.600,8.000,0.000,1.000,18.0
2009-09-04,08:14:00,1.358,0.056,239.620,5.600,0.000,1.000,19.0
2009-09-04,08:15:00,1.362,0.054,239.710,5.600,0.000,1.000,18.0
2009-09-04,08:16:00,1.368,0.056,240.240,5.600,0.000,2.000,18.0
2009-09-04,08:17:00,1.364,0.060,239.800,5.600,0.000,1.000,18.0
2009-09-04,08:18:00,1.362,0.064,239.880,5.600,0.000,1.000,19.0
2009-09-04,08:19:00,1.358,0.064,239.470,5.600,0.000,2.000,18.0
2009-09-04,08:20:00,1.356,0.066,239.550,5.600,0.000,1.000,18.0
2009-09-04,08:21:00,1.364,0.068,240.200,5.600,0.000,1.000,18.0
2009-09-04,08:22:00,1.368,0.070,240.580,5.600,0.000,1.000,19.0
2009-09-04,08:23:00,1.372,0.070,241.210,5.600,0.000,1.000,18.0
2009-09-04,08:24:00,1.416,0.114,241.090,5.800,0.000,2.000,18.0
2009-09-04,08:25:00,1.470,0.204,240.790,6.000,0.000,1.000,19.0
2009-09-04,08:26:00,1.444,0.212,241.350,6.000,0.000,1.000,18.0
2009-09-04,08:27:00,1.484,0.212,241.310,6.200,0.000,1.000,19.0
2009-09-04,08:28:00,1.468,0.210,240.990,6.000,0.000,1.000,18.0
2009-09-04,08:29:00,1.626,0.206,240.590,6.800,0.000,2.000,18.0
2009-09-04,08:30:00,1.716,0.206,240.650,7.200,0.000,1.000,19.0
2009-09-04,08:31:00,1.716,0.206,240.760,7.200,0.000,1.000,18.0
2009-09-04,08:32:00,1.714,0.206,240.530,7.200,0.000,1.000,19.0
2009-09-04,08:33:00,1.716,0.206,240.780,7.200,0.000,1.000,18.0
2009-09-04,08:34:00,1.680,0.156,240.770,7.000,0.000,2.000,18.0
2009-09-04,08:35:00,1.624,0.072,240.900,6.600,0.000,1.000,19.0
2009-09-04,08:36:00,1.620,0.072,240.620,6.600,0.000,1.000,18.0
2009-09-04,08:37:00,1.622,0.072,240.700,6.600,0.000,1.000,18.0
2009-09-04,08:38:00,1.622,0.072,240.760,6.600,0.000,1.000,19.0
2009-09-04,08:39:00,1.620,0.072,240.640,6.600,0.000,2.000,18.0
2009-09-04,08:40:00,1.626,0.074,241.230,6.600,0.000,1.000,19.0
2009-09-04,08:41:00,1.622,0.072,240.870,6.600,0.000,1.000,18.0
2009-09-04,08:42:00,1.622,0.072,240.900,6.600,0.000,1.000,18.0
2009-09-04,08:43:00,1.842,0.128,241.070,7.800,0.000,1.000,22.0
2009-09-04,08:44:00,2.302,0.256,240.290,9.600,0.000,1.000,29.0
2009-09-04,08:45:00,2.346,0.316,239.400,9.800,0.000,2.000,29.0
2009-09-04,08:46:00,2.382,0.322,240.120,10.000,0.000,1.000,30.0
2009-09-04,08:47:00,2.344,0.420,240.000,10.000,0.000,1.000,30.0
2009-09-04,08:48:00,1.720,0.356,240.480,7.400,0.000,1.000,22.0
2009-09-04,08:49:00,1.456,0.234,240.190,6.000,0.000,1.000,19.0
2009-09-04,08:50:00,1.434,0.192,240.830,6.000,0.000,0.000,18.0
2009-09-04,08:51:00,1.436,0.194,241.420,6.000,0.000,0.000,19.0
2009-09-04,08:52:00,1.424,0.190,240.520,6.000,0.000,0.000,18.0
2009-09-04,08:53:00,1.416,0.188,239.890,5.800,0.000,0.000,18.0
2009-09-04,08:54:00,1.418,0.188,240.110,5.800,0.000,0.000,18.0
2009-09-04,08:55:00,1.412,0.186,239.640,5.800,0.000,0.000,19.0
2009-09-04,08:56:00,1.408,0.186,239.470,5.800,0.000,0.000,18.0
2009-09-04,08:57:00,1.338,0.084,239.830,5.600,0.000,0.000,18.0
2009-09-04,08:58:00,1.316,0.056,239.590,5.400,0.000,0.000,18.0
2009-09-04,08:59:00,1.258,0.000,239.300,5.200,0.000,0.000,18.0
2009-09-04,09:00:00,1.246,0.046,239.240,5.200,0.000,0.000,18.0
2009-09-04,09:01:00,1.252,0.046,239.830,5.200,0.000,0.000,19.0
2009-09-04,09:02:00,1.250,0.046,239.670,5.200,0.000,0.000,18.0
2009-09-04,09:03:00,1.246,0.046,239.230,5.200,0.000,0.000,18.0
2009-09-04,09:04:00,1.258,0.046,240.430,5.200,0.000,0.000,18.0
2009-09-04,09:05:00,1.252,0.046,239.870,5.200,0.000,0.000,19.0
2009-09-04,09:06:00,1.252,0.046,239.870,5.200,0.000,0.000,18.0
2009-09-04,09:07:00,1.248,0.046,239.400,5.200,0.000,0.000,18.0
2009-09-04,09:08:00,1.244,0.046,239.060,5.200,0.000,0.000,18.0
2009-09-04,09:09:00,1.288,0.000,240.290,5.400,0.000,0.000,18.0
2009-09-04,09:10:00,1.372,0.088,241.150,5.600,0.000,0.000,19.0
2009-09-04,09:11:00,1.358,0.086,240.180,5.600,0.000,0.000,18.0
2009-09-04,09:12:00,1.362,0.088,240.920,5.600,0.000,0.000,19.0
2009-09-04,09:13:00,1.354,0.088,240.440,5.600,0.000,0.000,18.0
2009-09-04,09:14:00,1.354,0.088,240.570,5.600,0.000,0.000,18.0
2009-09-04,09:15:00,1.350,0.086,240.350,5.600,0.000,0.000,19.0
2009-09-04,09:16:00,1.356,0.088,240.850,5.600,0.000,0.000,18.0
2009-09-04,09:17:00,1.350,0.088,240.450,5.600,0.000,0.000,18.0
2009-09-04,09:18:00,1.350,0.088,240.510,5.600,0.000,0.000,19.0
2009-09-04,09:19:00,1.320,0.048,240.030,5.400,0.000,0.000,18.0
2009-09-04,09:20:00,1.254,0.046,240.030,5.200,0.000,0.000,18.0
2009-09-04,09:21:00,1.258,0.000,240.520,5.200,0.000,0.000,18.0
2009-09-04,09:22:00,1.256,0.000,240.250,5.200,0.000,0.000,19.0
2009-09-04,09:23:00,1.256,0.000,240.400,5.200,0.000,0.000,18.0
2009-09-04,09:24:00,1.256,0.000,240.270,5.200,0.000,0.000,18.0
2009-09-04,09:25:00,1.262,0.000,240.900,5.200,0.000,0.000,19.0
2009-09-04,09:26:00,1.264,0.000,241.130,5.200,0.000,0.000,18.0
2009-09-04,09:27:00,1.258,0.000,240.610,5.200,0.000,0.000,19.0
2009-09-04,09:28:00,1.260,0.000,240.660,5.200,0.000,0.000,18.0
2009-09-04,09:29:00,1.262,0.000,241.050,5.200,0.000,0.000,18.0
2009-09-04,09:30:00,1.252,0.000,239.930,5.200,0.000,0.000,19.0
2009-09-04,09:31:00,1.254,0.000,240.120,5.200,0.000,0.000,18.0
2009-09-04,09:32:00,1.334,0.000,240.390,5.600,0.000,0.000,18.0
2009-09-04,09:33:00,1.360,0.086,240.150,5.600,0.000,0.000,18.0
2009-09-04,09:34:00,1.350,0.084,239.710,5.600,0.000,0.000,19.0
2009-09-04,09:35:00,1.412,0.146,239.890,5.800,0.000,0.000,18.0
2009-09-04,09:36:00,1.428,0.190,240.310,6.000,0.000,0.000,18.0
2009-09-04,09:37:00,1.434,0.192,241.010,6.000,0.000,0.000,19.0
2009-09-04,09:38:00,1.432,0.192,241.060,6.000,0.000,0.000,18.0
2009-09-04,09:39:00,1.432,0.192,241.080,6.000,0.000,0.000,18.0
2009-09-04,09:40:00,1.428,0.192,240.990,6.000,0.000,0.000,19.0
2009-09-04,09:41:00,1.422,0.190,240.560,5.800,0.000,0.000,18.0
2009-09-04,09:42:00,1.348,0.086,240.670,5.600,0.000,0.000,19.0
2009-09-04,09:43:00,1.324,0.058,240.360,5.400,0.000,0.000,18.0
2009-09-04,09:44:00,1.320,0.056,239.940,5.400,0.000,0.000,18.0
2009-09-04,09:45:00,1.332,0.060,241.300,5.400,0.000,0.000,19.0
2009-09-04,09:46:00,1.578,0.120,240.620,6.600,0.000,0.000,22.0
2009-09-04,09:47:00,1.962,0.206,240.050,8.200,0.000,0.000,29.0
2009-09-04,09:48:00,1.988,0.206,240.070,8.200,0.000,0.000,29.0
2009-09-04,09:49:00,1.956,0.118,240.050,8.200,0.000,0.000,30.0
2009-09-04,09:50:00,1.936,0.098,240.310,8.000,0.000,0.000,30.0
2009-09-04,09:51:00,1.266,0.000,241.350,5.200,0.000,0.000,18.0
2009-09-04,09:52:00,1.262,0.000,241.040,5.200,0.000,0.000,19.0
2009-09-04,09:53:00,1.260,0.000,240.740,5.200,0.000,0.000,18.0
2009-09-04,09:54:00,1.288,0.000,241.270,5.400,0.000,0.000,19.0
2009-09-04,09:55:00,1.372,0.090,241.220,5.600,0.000,0.000,18.0
2009-09-04,09:56:00,1.366,0.088,241.110,5.600,0.000,0.000,18.0
2009-09-04,09:57:00,1.366,0.090,241.400,5.600,0.000,0.000,19.0
2009-09-04,09:58:00,1.362,0.090,241.220,5.600,0.000,0.000,18.0
2009-09-04,09:59:00,1.358,0.088,241.000,5.600,0.000,0.000,19.0
2009-09-04,10:00:00,1.358,0.090,241.260,5.600,0.000,0.000,18.0
2009-09-04,10:01:00,1.356,0.088,241.030,5.600,0.000,0.000,19.0
2009-09-04,10:02:00,1.358,0.090,241.260,5.600,0.000,0.000,18.0
2009-09-04,10:03:00,1.350,0.088,240.540,5.600,0.000,0.000,18.0
2009-09-04,10:04:00,1.328,0.058,240.370,5.400,0.000,0.000,19.0
2009-09-04,10:05:00,1.256,0.000,240.380,5.200,0.000,0.000,18.0
2009-09-04,10:06:00,1.264,0.000,241.280,5.200,0.000,0.000,18.0
2009-09-04,10:07:00,1.264,0.000,241.310,5.200,0.000,0.000,19.0
2009-09-04,10:08:00,1.266,0.000,241.470,5.200,0.000,0.000,18.0
2009-09-04,10:09:00,1.266,0.000,241.420,5.200,0.000,0.000,19.0
2009-09-04,10:10:00,1.264,0.000,241.290,5.200,0.000,0.000,18.0
2009-09-04,10:11:00,1.256,0.000,240.450,5.200,0.000,0.000,19.0
2009-09-04,10:12:00,1.256,0.000,240.400,5.200,0.000,0.000,18.0
2009-09-04,10:13:00,1.262,0.000,241.010,5.200,0.000,0.000,18.0
2009-09-04,10:14:00,1.262,0.000,241.090,5.200,0.000,0.000,19.0
2009-09-04,10:15:00,1.260,0.000,240.770,5.200,0.000,0.000,18.0
2009-09-04,10:16:00,1.260,0.000,240.710,5.200,0.000,0.000,19.0
2009-09-04,10:17:00,1.316,0.000,240.350,5.400,0.000,0.000,18.0
2009-09-04,10:18:00,1.364,0.086,240.510,5.600,0.000,0.000,18.0
2009-09-04,10:19:00,1.358,0.086,240.430,5.600,0.000,0.000,18.0
2009-09-04,10:20:00,1.354,0.086,240.240,5.600,0.000,0.000,19.0
2009-09-04,10:21:00,1.348,0.084,239.890,5.600,0.000,0.000,18.0
2009-09-04,10:22:00,1.350,0.086,240.240,5.600,0.000,0.000,18.0
2009-09-04,10:23:00,1.346,0.086,240.050,5.600,0.000,0.000,19.0
2009-09-04,10:24:00,1.340,0.084,239.380,5.600,0.000,0.000,18.0
2009-09-04,10:25:00,1.386,0.124,239.460,5.800,0.000,0.000,18.0
2009-09-04,10:26:00,1.506,0.286,239.860,6.400,0.000,0.000,18.0
2009-09-04,10:27:00,1.450,0.234,239.620,6.000,0.000,1.000,18.0
2009-09-04,10:28:00,1.414,0.178,239.950,5.800,0.000,2.000,19.0
2009-09-04,10:29:00,1.414,0.178,240.120,5.800,0.000,1.000,18.0
2009-09-04,10:30:00,1.404,0.174,239.220,5.800,0.000,1.000,18.0
2009-09-04,10:31:00,1.402,0.174,239.260,5.800,0.000,2.000,18.0
2009-09-04,10:32:00,1.402,0.176,239.600,5.800,0.000,1.000,18.0
2009-09-04,10:33:00,1.400,0.176,239.510,5.800,0.000,2.000,18.0
2009-09-04,10:34:00,1.394,0.174,239.020,5.800,0.000,1.000,19.0
2009-09-04,10:35:00,1.392,0.174,238.940,5.800,0.000,2.000,18.0
2009-09-04,10:36:00,1.394,0.174,239.060,5.800,0.000,1.000,18.0
2009-09-04,10:37:00,1.394,0.174,239.380,5.800,0.000,1.000,18.0
2009-09-04,10:38:00,1.390,0.174,239.100,5.800,0.000,2.000,18.0
2009-09-04,10:39:00,1.328,0.080,238.930,5.600,0.000,1.000,18.0
2009-09-04,10:40:00,1.416,0.178,238.640,6.000,0.000,2.000,18.0
2009-09-04,10:41:00,1.428,0.204,239.270,6.000,0.000,1.000,18.0
2009-09-04,10:42:00,1.414,0.200,238.620,6.000,0.000,1.000,18.0
2009-09-04,10:43:00,1.414,0.202,238.850,6.000,0.000,1.000,18.0
2009-09-04,10:44:00,1.408,0.200,238.600,5.800,0.000,2.000,19.0
2009-09-04,10:45:00,1.404,0.200,238.300,5.800,0.000,1.000,18.0
2009-09-04,10:46:00,1.402,0.200,238.350,5.800,0.000,1.000,18.0
2009-09-04,10:47:00,1.408,0.202,239.020,5.800,0.000,2.000,18.0
2009-09-04,10:48:00,1.404,0.200,238.580,5.800,0.000,1.000,18.0
2009-09-04,10:49:00,1.408,0.202,239.070,5.800,0.000,1.000,18.0
2009-09-04,10:50:00,1.316,0.074,239.120,5.400,0.000,1.000,18.0
2009-09-04,10:51:00,1.318,0.072,239.560,5.400,0.000,1.000,18.0
2009-09-04,10:52:00,1.882,0.206,239.390,8.000,0.000,2.000,27.0
2009-09-04,10:53:00,1.960,0.212,238.780,8.200,0.000,1.000,29.0
2009-09-04,10:54:00,1.996,0.216,239.190,8.400,0.000,1.000,29.0
2009-09-04,10:55:00,2.010,0.216,239.200,8.400,0.000,1.000,30.0
2009-09-04,10:56:00,1.794,0.170,239.520,7.600,0.000,1.000,27.0
2009-09-04,10:57:00,1.318,0.072,239.550,5.400,0.000,2.000,18.0
2009-09-04,10:58:00,1.316,0.072,239.430,5.400,0.000,1.000,18.0
2009-09-04,10:59:00,1.316,0.072,239.420,5.400,0.000,1.000,18.0
2009-09-04,11:00:00,1.314,0.072,239.320,5.400,0.000,1.000,18.0
2009-09-04,11:01:00,1.312,0.070,239.110,5.400,0.000,1.000,19.0
2009-09-04,11:02:00,1.338,0.090,239.040,5.600,0.000,2.000,18.0
2009-09-04,11:03:00,1.412,0.198,238.240,6.000,0.000,1.000,18.0
2009-09-04,11:04:00,1.408,0.200,238.480,5.800,0.000,1.000,18.0
2009-09-04,11:05:00,1.398,0.198,237.920,5.800,0.000,1.000,18.0
2009-09-04,11:06:00,1.404,0.200,238.500,5.800,0.000,1.000,18.0
2009-09-04,11:07:00,1.398,0.200,238.070,5.800,0.000,2.000,18.0
2009-09-04,11:08:00,1.400,0.200,238.520,5.800,0.000,1.000,18.0
2009-09-04,11:09:00,1.390,0.196,237.610,5.800,0.000,1.000,18.0
2009-09-04,11:10:00,1.384,0.196,237.150,5.800,0.000,1.000,17.0
2009-09-04,11:11:00,1.388,0.196,237.520,5.800,0.000,1.000,18.0
2009-09-04,11:12:00,1.360,0.158,237.320,5.800,0.000,1.000,18.0
2009-09-04,11:13:00,1.308,0.070,238.680,5.400,0.000,2.000,18.0
2009-09-04,11:14:00,1.296,0.068,237.510,5.400,0.000,1.000,18.0
2009-09-04,11:15:00,1.300,0.068,236.680,5.400,0.000,1.000,18.0
2009-09-04,11:16:00,1.364,0.164,236.120,5.800,0.000,1.000,18.0
2009-09-04,11:17:00,1.368,0.166,237.390,5.800,0.000,1.000,17.0
2009-09-04,11:18:00,0.648,0.148,239.700,3.400,0.000,1.000,7.0
2009-09-04,11:19:00,0.266,0.070,240.990,1.200,0.000,0.000,1.0
2009-09-04,11:20:00,0.262,0.066,239.370,1.200,0.000,0.000,1.0
2009-09-04,11:21:00,0.262,0.068,240.360,1.200,0.000,0.000,0.0
2009-09-04,11:22:00,0.260,0.068,240.400,1.200,0.000,0.000,1.0
2009-09-04,11:23:00,0.260,0.068,240.980,1.200,0.000,0.000,0.0
2009-09-04,11:24:00,0.260,0.068,240.990,1.200,0.000,0.000,1.0
2009-09-04,11:25:00,0.332,0.142,240.090,1.600,0.000,0.000,1.0
2009-09-04,11:26:00,0.366,0.200,240.340,1.800,0.000,0.000,0.0
2009-09-04,11:27:00,0.360,0.202,240.990,1.600,0.000,0.000,1.0
2009-09-04,11:28:00,0.356,0.198,240.200,1.600,0.000,0.000,1.0
2009-09-04,11:29:00,0.310,0.132,240.650,1.400,0.000,0.000,0.0
2009-09-04,11:30:00,0.286,0.098,241.160,1.200,0.000,0.000,1.0
2009-09-04,11:31:00,0.286,0.102,242.230,1.200,0.000,0.000,1.0
2009-09-04,11:32:00,0.286,0.102,241.970,1.200,0.000,0.000,0.0
2009-09-04,11:33:00,0.286,0.102,242.210,1.200,0.000,0.000,1.0
2009-09-04,11:34:00,0.286,0.102,242.490,1.200,0.000,0.000,1.0
2009-09-04,11:35:00,0.226,0.000,243.110,1.000,0.000,0.000,0.0
2009-09-04,11:36:00,0.190,0.000,243.710,0.800,0.000,0.000,1.0
2009-09-04,11:37:00,0.190,0.000,243.680,0.800,0.000,0.000,1.0
2009-09-04,11:38:00,0.190,0.000,243.440,0.800,0.000,0.000,0.0
2009-09-04,11:39:00,0.190,0.000,243.270,0.800,0.000,0.000,1.0
2009-09-04,11:40:00,0.190,0.000,243.300,0.800,0.000,0.000,1.0
2009-09-04,11:41:00,0.190,0.000,243.200,0.800,0.000,0.000,0.0
2009-09-04,11:42:00,0.190,0.000,243.080,0.800,0.000,0.000,1.0
2009-09-04,11:43:00,0.190,0.000,243.040,0.800,0.000,0.000,1.0
2009-09-04,11:44:00,0.190,0.000,242.340,0.800,0.000,0.000,0.0
2009-09-04,11:45:00,0.190,0.000,242.500,0.800,0.000,0.000,1.0
2009-09-04,11:46:00,0.190,0.000,242.240,0.800,0.000,0.000,1.0
2009-09-04,11:47:00,0.188,0.000,241.680,0.800,0.000,0.000,0.0
2009-09-04,11:48:00,0.296,0.080,241.950,1.400,0.000,0.000,1.0
2009-09-04,11:49:00,0.298,0.100,241.940,1.200,0.000,0.000,1.0
2009-09-04,11:50:00,0.292,0.100,241.830,1.200,0.000,0.000,0.0
2009-09-04,11:51:00,0.290,0.100,241.900,1.200,0.000,0.000,1.0
2009-09-04,11:52:00,0.288,0.102,242.230,1.200,0.000,0.000,1.0
2009-09-04,11:53:00,0.288,0.102,242.180,1.200,0.000,0.000,0.0
2009-09-04,11:54:00,0.286,0.102,242.460,1.200,0.000,0.000,1.0
2009-09-04,11:55:00,0.286,0.102,242.340,1.200,0.000,0.000,1.0
2009-09-04,11:56:00,0.286,0.102,242.480,1.200,0.000,0.000,0.0
2009-09-04,11:57:00,0.284,0.098,241.360,1.200,0.000,0.000,1.0
2009-09-04,11:58:00,0.188,0.000,241.880,0.800,0.000,0.000,0.0
2009-09-04,11:59:00,0.188,0.000,242.370,0.800,0.000,0.000,1.0
2009-09-04,12:00:00,0.188,0.000,242.040,0.800,0.000,0.000,1.0
2009-09-04,12:01:00,0.652,0.084,241.800,3.000,0.000,0.000,8.0
2009-09-04,12:02:00,0.838,0.118,240.950,3.400,0.000,0.000,11.0
2009-09-04,12:03:00,0.866,0.116,240.570,3.600,0.000,0.000,12.0
2009-09-04,12:04:00,0.888,0.122,241.530,3.600,0.000,0.000,12.0
2009-09-04,12:05:00,0.676,0.074,242.000,3.000,0.000,0.000,10.0
2009-09-04,12:06:00,0.260,0.000,242.720,1.200,0.000,0.000,0.0
2009-09-04,12:07:00,0.268,0.074,242.970,1.200,0.000,0.000,1.0
2009-09-04,12:08:00,0.268,0.072,242.590,1.200,0.000,0.000,1.0
2009-09-04,12:09:00,0.268,0.074,242.790,1.200,0.000,0.000,0.0
2009-09-04,12:10:00,0.298,0.100,243.070,1.400,0.000,0.000,1.0
2009-09-04,12:11:00,0.376,0.208,242.980,1.800,0.000,0.000,1.0
2009-09-04,12:12:00,0.368,0.208,242.740,1.800,0.000,0.000,0.0
2009-09-04,12:13:00,0.364,0.208,242.710,1.600,0.000,0.000,1.0
2009-09-04,12:14:00,0.360,0.208,242.680,1.600,0.000,0.000,1.0
2009-09-04,12:15:00,0.358,0.210,243.000,1.600,0.000,0.000,0.0
2009-09-04,12:16:00,0.356,0.210,242.940,1.600,0.000,0.000,1.0
2009-09-04,12:17:00,0.356,0.210,243.300,1.600,0.000,0.000,1.0
2009-09-04,12:18:00,0.354,0.206,242.490,1.600,0.000,0.000,0.0
2009-09-04,12:19:00,0.354,0.206,242.480,1.600,0.000,0.000,1.0
2009-09-04,12:20:00,0.284,0.106,244.080,1.400,0.000,0.000,1.0
2009-09-04,12:21:00,0.190,0.000,244.010,0.800,0.000,0.000,0.0
2009-09-04,12:22:00,0.190,0.000,243.510,0.800,0.000,0.000,1.0
2009-09-04,12:23:00,0.190,0.000,243.610,0.800,0.000,0.000,1.0
2009-09-04,12:24:00,0.190,0.000,244.150,0.800,0.000,0.000,0.0
2009-09-04,12:25:00,0.192,0.000,244.640,0.800,0.000,0.000,1.0
2009-09-04,12:26:00,0.192,0.000,244.630,0.800,0.000,0.000,1.0
2009-09-04,12:27:00,0.190,0.000,244.150,0.800,0.000,0.000,0.0
2009-09-04,12:28:00,0.190,0.000,244.050,0.800,0.000,0.000,1.0
2009-09-04,12:29:00,0.190,0.000,244.140,0.800,0.000,0.000,1.0
2009-09-04,12:30:00,0.190,0.000,243.380,0.800,0.000,0.000,0.0
2009-09-04,12:31:00,0.190,0.000,243.420,0.800,0.000,0.000,1.0
2009-09-04,12:32:00,0.190,0.000,242.980,0.800,0.000,0.000,1.0
2009-09-04,12:33:00,0.260,0.000,243.340,1.200,0.000,0.000,0.0
2009-09-04,12:34:00,0.300,0.104,243.290,1.200,0.000,0.000,1.0
2009-09-04,12:35:00,0.296,0.106,243.940,1.200,0.000,0.000,1.0
2009-09-04,12:36:00,0.294,0.108,244.650,1.200,0.000,0.000,0.0
2009-09-04,12:37:00,0.288,0.102,242.320,1.200,0.000,0.000,1.0
2009-09-04,12:38:00,0.288,0.102,242.070,1.200,0.000,0.000,0.0
2009-09-04,12:39:00,0.286,0.102,241.900,1.200,0.000,0.000,1.0
2009-09-04,12:40:00,0.286,0.102,241.740,1.200,0.000,0.000,1.0
2009-09-04,12:41:00,0.286,0.104,242.760,1.200,0.000,0.000,0.0
2009-09-04,12:42:00,0.284,0.102,241.920,1.200,0.000,0.000,1.0
2009-09-04,12:43:00,0.224,0.000,241.760,1.000,0.000,0.000,1.0
2009-09-04,12:44:00,0.188,0.000,241.530,0.800,0.000,0.000,0.0
2009-09-04,12:45:00,0.188,0.000,241.660,0.800,0.000,0.000,1.0
2009-09-04,12:46:00,0.188,0.000,242.370,0.800,0.000,0.000,1.0
2009-09-04,12:47:00,0.188,0.000,242.210,0.800,0.000,0.000,0.0
2009-09-04,12:48:00,0.188,0.000,242.160,0.800,0.000,0.000,1.0
2009-09-04,12:49:00,0.190,0.000,242.710,0.800,0.000,0.000,1.0
2009-09-04,12:50:00,0.188,0.000,242.710,0.800,0.000,0.000,0.0
2009-09-04,12:51:00,0.190,0.000,243.620,0.800,0.000,0.000,1.0
2009-09-04,12:52:00,0.190,0.000,243.760,0.800,0.000,0.000,1.0
2009-09-04,12:53:00,0.190,0.000,243.490,0.800,0.000,0.000,0.0
2009-09-04,12:54:00,0.190,0.000,242.910,0.800,0.000,0.000,1.0
2009-09-04,12:55:00,0.190,0.000,243.130,0.800,0.000,0.000,1.0
2009-09-04,12:56:00,0.378,0.178,242.410,1.800,0.000,0.000,0.0
2009-09-04,12:57:00,0.464,0.316,242.690,2.400,0.000,2.000,1.0
2009-09-04,12:58:00,0.454,0.336,242.810,2.200,0.000,1.000,1.0
2009-09-04,12:59:00,0.454,0.334,242.420,2.200,0.000,1.000,0.0
2009-09-04,13:00:00,0.452,0.336,242.860,2.200,0.000,2.000,1.0
2009-09-04,13:01:00,0.450,0.334,242.560,2.200,0.000,1.000,1.0
2009-09-04,13:02:00,0.446,0.330,242.030,2.200,0.000,2.000,0.0
2009-09-04,13:03:00,0.442,0.326,241.280,2.200,0.000,1.000,1.0
2009-09-04,13:04:00,0.440,0.328,241.510,2.200,0.000,2.000,1.0
2009-09-04,13:05:00,0.438,0.330,241.950,2.200,0.000,1.000,0.0
2009-09-04,13:06:00,0.354,0.210,242.530,1.600,0.000,2.000,1.0
2009-09-04,13:07:00,0.342,0.192,241.270,1.600,0.000,1.000,1.0
2009-09-04,13:08:00,0.342,0.192,241.220,1.600,0.000,1.000,0.0
2009-09-04,13:09:00,0.340,0.190,240.950,1.600,0.000,2.000,1.0
2009-09-04,13:10:00,0.622,0.266,241.520,3.200,0.000,1.000,5.0
2009-09-04,13:11:00,0.936,0.280,240.870,4.000,0.000,1.000,11.0
2009-09-04,13:12:00,0.940,0.242,241.370,4.000,0.000,2.000,12.0
2009-09-04,13:13:00,0.960,0.232,240.190,4.000,0.000,1.000,12.0
2009-09-04,13:14:00,0.780,0.194,240.740,3.600,0.000,1.000,10.0
2009-09-04,13:15:00,0.268,0.088,241.710,1.200,0.000,2.000,1.0
2009-09-04,13:16:00,0.268,0.090,242.030,1.200,0.000,1.000,0.0
2009-09-04,13:17:00,0.266,0.090,241.820,1.200,0.000,1.000,1.0
2009-09-04,13:18:00,0.316,0.138,242.030,1.600,0.000,1.000,0.0
2009-09-04,13:19:00,0.374,0.226,242.180,1.800,0.000,2.000,1.0
2009-09-04,13:20:00,0.368,0.224,242.160,1.800,0.000,1.000,1.0
2009-09-04,13:21:00,0.364,0.224,242.060,1.800,0.000,1.000,0.0
2009-09-04,13:22:00,0.362,0.224,241.980,1.800,0.000,1.000,1.0
2009-09-04,13:23:00,0.360,0.224,241.860,1.800,0.000,2.000,1.0
2009-09-04,13:24:00,0.358,0.224,242.010,1.800,0.000,1.000,0.0
2009-09-04,13:25:00,0.358,0.222,241.510,1.800,0.000,1.000,1.0
2009-09-04,13:26:00,0.356,0.222,241.500,1.800,0.000,1.000,1.0
2009-09-04,13:27:00,0.356,0.222,241.640,1.800,0.000,1.000,0.0
2009-09-04,13:28:00,0.320,0.172,241.860,1.600,0.000,2.000,1.0
2009-09-04,13:29:00,0.264,0.090,242.340,1.200,0.000,1.000,1.0
2009-09-04,13:30:00,0.262,0.090,242.220,1.200,0.000,1.000,0.0
2009-09-04,13:31:00,0.264,0.092,242.730,1.200,0.000,1.000,1.0
2009-09-04,13:32:00,0.264,0.090,242.420,1.200,0.000,1.000,1.0
2009-09-04,13:33:00,0.262,0.088,241.750,1.200,0.000,2.000,0.0
2009-09-04,13:34:00,0.262,0.088,241.890,1.200,0.000,1.000,1.0
2009-09-04,13:35:00,0.262,0.088,242.000,1.200,0.000,1.000,1.0
2009-09-04,13:36:00,0.262,0.086,241.540,1.200,0.000,1.000,0.0
2009-09-04,13:37:00,0.262,0.088,241.950,1.200,0.000,1.000,1.0
2009-09-04,13:38:00,0.262,0.086,241.440,1.200,0.000,2.000,1.0
2009-09-04,13:39:00,0.262,0.086,241.620,1.200,0.000,1.000,0.0
2009-09-04,13:40:00,0.262,0.088,242.060,1.200,0.000,1.000,1.0
2009-09-04,13:41:00,0.350,0.186,242.160,1.800,0.000,1.000,1.0
2009-09-04,13:42:00,0.368,0.222,241.790,1.800,0.000,1.000,0.0
2009-09-04,13:43:00,0.364,0.224,242.180,1.800,0.000,2.000,1.0
2009-09-04,13:44:00,0.360,0.222,241.900,1.800,0.000,1.000,1.0
2009-09-04,13:45:00,0.358,0.220,241.480,1.800,0.000,1.000,0.0
2009-09-04,13:46:00,0.316,0.150,241.840,1.400,0.000,1.000,1.0
2009-09-04,13:47:00,0.286,0.098,241.290,1.200,0.000,0.000,1.0
2009-09-04,13:48:00,0.336,0.146,241.250,1.600,0.000,0.000,0.0
2009-09-04,13:49:00,0.360,0.202,241.350,1.600,0.000,0.000,1.0
2009-09-04,13:50:00,0.362,0.204,242.110,1.600,0.000,0.000,0.0
2009-09-04,13:51:00,0.290,0.100,240.440,1.400,0.000,0.000,1.0
2009-09-04,13:52:00,0.266,0.068,241.470,1.200,0.000,0.000,1.0
2009-09-04,13:53:00,0.262,0.066,239.940,1.200,0.000,0.000,0.0
2009-09-04,13:54:00,0.260,0.064,239.550,1.200,0.000,0.000,1.0
2009-09-04,13:55:00,0.260,0.066,239.970,1.200,0.000,0.000,1.0
2009-09-04,13:56:00,0.258,0.064,239.550,1.200,0.000,0.000,0.0
2009-09-04,13:57:00,0.256,0.062,238.620,1.200,0.000,0.000,1.0
2009-09-04,13:58:00,0.254,0.060,237.260,1.200,0.000,0.000,1.0
2009-09-04,13:59:00,0.254,0.064,238.650,1.200,0.000,0.000,0.0
2009-09-04,14:00:00,0.254,0.064,238.910,1.200,0.000,0.000,1.0
2009-09-04,14:01:00,0.254,0.066,239.110,1.200,0.000,0.000,1.0
2009-09-04,14:02:00,0.206,0.000,239.390,1.000,0.000,0.000,0.0
2009-09-04,14:03:00,0.186,0.000,240.080,0.800,0.000,0.000,1.0
2009-09-04,14:04:00,0.312,0.102,241.680,1.400,0.000,0.000,0.0
2009-09-04,14:05:00,0.294,0.096,240.130,1.200,0.000,0.000,1.0
2009-09-04,14:06:00,0.290,0.100,240.920,1.200,0.000,0.000,1.0
2009-09-04,14:07:00,0.290,0.102,242.190,1.200,0.000,0.000,0.0
2009-09-04,14:08:00,0.288,0.100,241.290,1.200,0.000,0.000,1.0
2009-09-04,14:09:00,0.288,0.106,243.040,1.200,0.000,0.000,1.0
2009-09-04,14:10:00,0.288,0.106,243.040,1.200,0.000,0.000,0.0
2009-09-04,14:11:00,0.286,0.104,242.870,1.200,0.000,0.000,1.0
2009-09-04,14:12:00,0.288,0.108,243.920,1.200,0.000,0.000,1.0
2009-09-04,14:13:00,0.286,0.106,243.150,1.200,0.000,0.000,0.0
2009-09-04,14:14:00,0.190,0.000,243.050,0.800,0.000,0.000,1.0
2009-09-04,14:15:00,0.190,0.000,243.110,0.800,0.000,0.000,1.0
2009-09-04,14:16:00,0.190,0.000,243.180,0.800,0.000,0.000,0.0
2009-09-04,14:17:00,0.190,0.000,243.150,0.800,0.000,0.000,1.0
2009-09-04,14:18:00,0.190,0.000,242.950,0.800,0.000,0.000,1.0
2009-09-04,14:19:00,0.542,0.058,242.590,2.600,0.000,0.000,6.0
2009-09-04,14:20:00,0.838,0.128,242.640,3.400,0.000,0.000,11.0
2009-09-04,14:21:00,0.868,0.126,242.620,3.600,0.000,0.000,12.0
2009-09-04,14:22:00,0.892,0.130,243.040,3.600,0.000,0.000,12.0
2009-09-04,14:23:00,0.640,0.068,242.800,3.000,0.000,0.000,9.0
2009-09-04,14:24:00,0.190,0.000,242.540,0.800,0.000,0.000,1.0
2009-09-04,14:25:00,0.190,0.000,242.940,0.800,0.000,0.000,0.0
2009-09-04,14:26:00,0.228,0.000,243.600,1.200,0.000,0.000,1.0
2009-09-04,14:27:00,0.304,0.108,244.350,1.400,0.000,0.000,1.0
2009-09-04,14:28:00,0.298,0.106,243.960,1.200,0.000,0.000,0.0
2009-09-04,14:29:00,0.294,0.108,244.060,1.200,0.000,0.000,1.0
2009-09-04,14:30:00,0.292,0.108,244.010,1.200,0.000,0.000,1.0
2009-09-04,14:31:00,0.290,0.106,243.730,1.200,0.000,0.000,0.0
2009-09-04,14:32:00,0.288,0.106,243.220,1.200,0.000,0.000,1.0
2009-09-04,14:33:00,0.306,0.104,242.960,1.400,0.000,0.000,1.0
2009-09-04,14:34:00,0.312,0.106,243.970,1.400,0.000,0.000,0.0
2009-09-04,14:35:00,0.312,0.110,244.660,1.400,0.000,0.000,1.0
2009-09-04,14:36:00,0.280,0.068,244.470,1.200,0.000,0.000,1.0
2009-09-04,14:37:00,0.210,0.000,243.730,1.000,0.000,0.000,0.0
2009-09-04,14:38:00,0.222,0.000,244.360,1.200,0.000,0.000,1.0
2009-09-04,14:39:00,0.300,0.078,244.560,1.400,0.000,0.000,1.0
2009-09-04,14:40:00,0.290,0.080,245.050,1.200,0.000,0.000,0.0
2009-09-04,14:41:00,0.294,0.078,245.000,1.200,0.000,0.000,1.0
2009-09-04,14:42:00,0.296,0.078,245.420,1.200,0.000,0.000,1.0
2009-09-04,14:43:00,0.294,0.078,245.180,1.200,0.000,0.000,0.0
2009-09-04,14:44:00,0.292,0.078,245.450,1.200,0.000,0.000,1.0
2009-09-04,14:45:00,0.290,0.076,244.870,1.200,0.000,0.000,1.0
2009-09-04,14:46:00,0.284,0.072,242.470,1.200,0.000,0.000,0.0
2009-09-04,14:47:00,0.280,0.070,241.900,1.200,0.000,0.000,1.0
2009-09-04,14:48:00,0.288,0.070,241.790,1.200,0.000,0.000,1.0
2009-09-04,14:49:00,0.358,0.144,242.330,1.800,0.000,0.000,0.0
2009-09-04,14:50:00,0.396,0.206,242.390,1.800,0.000,0.000,1.0
2009-09-04,14:51:00,0.390,0.206,242.470,1.800,0.000,0.000,1.0
2009-09-04,14:52:00,0.338,0.136,242.480,1.600,0.000,0.000,0.0
2009-09-04,14:53:00,0.312,0.102,242.110,1.400,0.000,0.000,1.0
2009-09-04,14:54:00,0.312,0.104,242.700,1.400,0.000,0.000,1.0
2009-09-04,14:55:00,0.312,0.104,242.870,1.400,0.000,0.000,0.0
2009-09-04,14:56:00,0.310,0.102,242.570,1.400,0.000,0.000,1.0
2009-09-04,14:57:00,0.306,0.104,242.610,1.400,0.000,0.000,1.0
2009-09-04,14:58:00,0.310,0.104,242.630,1.400,0.000,0.000,0.0
2009-09-04,14:59:00,0.250,0.000,242.690,1.200,0.000,0.000,1.0
2009-09-04,15:00:00,0.212,0.000,242.710,1.000,0.000,0.000,1.0
2009-09-04,15:01:00,0.214,0.000,241.940,1.000,0.000,0.000,0.0
2009-09-04,15:02:00,0.214,0.000,242.460,1.000,0.000,0.000,1.0
2009-09-04,15:03:00,0.212,0.000,242.220,1.000,0.000,0.000,1.0
2009-09-04,15:04:00,0.212,0.000,242.280,1.000,0.000,0.000,0.0
2009-09-04,15:05:00,0.212,0.000,242.320,1.000,0.000,0.000,1.0
2009-09-04,15:06:00,0.214,0.000,242.380,1.000,0.000,0.000,1.0
2009-09-04,15:07:00,0.214,0.000,242.400,1.000,0.000,0.000,0.0
2009-09-04,15:08:00,0.212,0.000,242.340,1.000,0.000,0.000,1.0
2009-09-04,15:09:00,0.212,0.000,243.000,1.000,0.000,0.000,1.0
2009-09-04,15:10:00,0.212,0.000,243.080,1.000,0.000,0.000,0.0
2009-09-04,15:11:00,0.210,0.000,243.280,1.000,0.000,0.000,1.0
2009-09-04,15:12:00,0.320,0.088,243.220,1.400,0.000,0.000,1.0
2009-09-04,15:13:00,0.318,0.102,242.110,1.400,0.000,0.000,0.0
2009-09-04,15:14:00,0.314,0.102,242.070,1.400,0.000,0.000,1.0
2009-09-04,15:15:00,0.310,0.102,242.140,1.400,0.000,0.000,1.0
2009-09-04,15:16:00,0.316,0.098,241.830,1.400,0.000,0.000,0.0
2009-09-04,15:17:00,0.322,0.094,241.810,1.400,0.000,0.000,1.0
2009-09-04,15:18:00,0.322,0.094,241.990,1.400,0.000,0.000,1.0
2009-09-04,15:19:00,0.322,0.094,241.620,1.400,0.000,0.000,0.0
2009-09-04,15:20:00,0.320,0.092,241.250,1.400,0.000,0.000,1.0
2009-09-04,15:21:00,0.312,0.086,241.390,1.400,0.000,0.000,1.0
2009-09-04,15:22:00,0.220,0.000,241.440,1.000,0.000,0.000,0.0
2009-09-04,15:23:00,0.250,0.000,241.150,1.400,0.000,0.000,1.0
2009-09-04,15:24:00,0.304,0.080,241.520,1.400,0.000,0.000,1.0
2009-09-04,15:25:00,0.302,0.080,241.030,1.400,0.000,2.000,0.0
2009-09-04,15:26:00,0.354,0.088,241.500,1.600,0.000,1.000,1.0
2009-09-04,15:27:00,0.460,0.076,241.180,2.200,0.000,2.000,0.0
2009-09-04,15:28:00,0.830,0.080,240.820,3.400,0.000,1.000,1.0
2009-09-04,15:29:00,0.882,0.172,240.780,3.600,0.000,1.000,1.0
2009-09-04,15:30:00,1.314,0.280,240.370,5.800,0.000,2.000,7.0
2009-09-04,15:31:00,1.526,0.328,240.470,6.400,0.000,1.000,12.0
2009-09-04,15:32:00,1.554,0.324,240.140,6.600,0.000,2.000,11.0
2009-09-04,15:33:00,1.568,0.318,239.800,6.600,0.000,1.000,13.0
2009-09-04,15:34:00,1.362,0.298,240.420,5.800,0.000,2.000,8.0
2009-09-04,15:35:00,0.978,0.308,241.040,4.200,0.000,1.000,1.0
2009-09-04,15:36:00,1.028,0.310,241.350,4.400,0.000,1.000,1.0
2009-09-04,15:37:00,1.020,0.310,241.250,4.400,0.000,2.000,0.0
2009-09-04,15:38:00,0.970,0.314,242.200,4.200,0.000,1.000,1.0
2009-09-04,15:39:00,0.968,0.314,241.910,4.200,0.000,1.000,1.0
2009-09-04,15:40:00,0.974,0.310,241.970,4.200,0.000,2.000,0.0
2009-09-04,15:41:00,0.976,0.308,241.590,4.200,0.000,1.000,1.0
2009-09-04,15:42:00,0.936,0.246,241.240,4.000,0.000,1.000,1.0
2009-09-04,15:43:00,0.912,0.206,242.110,3.800,0.000,2.000,0.0
2009-09-04,15:44:00,0.878,0.164,242.880,3.600,0.000,1.000,1.0
2009-09-04,15:45:00,0.810,0.076,243.050,3.400,0.000,1.000,1.0
2009-09-04,15:46:00,0.814,0.076,243.310,3.400,0.000,1.000,0.0
2009-09-04,15:47:00,0.814,0.074,242.760,3.400,0.000,2.000,1.0
2009-09-04,15:48:00,0.812,0.072,242.180,3.400,0.000,1.000,1.0
2009-09-04,15:49:00,0.808,0.070,241.230,3.400,0.000,1.000,0.0
2009-09-04,15:50:00,0.810,0.070,241.510,3.400,0.000,1.000,1.0
2009-09-04,15:51:00,0.812,0.070,242.020,3.400,0.000,2.000,0.0
2009-09-04,15:52:00,0.814,0.074,242.740,3.400,0.000,1.000,1.0
2009-09-04,15:53:00,0.818,0.074,243.350,3.400,0.000,1.000,1.0
2009-09-04,15:54:00,0.812,0.076,243.230,3.400,0.000,1.000,0.0
2009-09-04,15:55:00,0.792,0.078,242.960,3.200,0.000,1.000,1.0
2009-09-04,15:56:00,0.786,0.076,242.540,3.200,0.000,2.000,1.0
2009-09-04,15:57:00,0.874,0.170,242.600,3.600,0.000,1.000,0.0
2009-09-04,15:58:00,0.900,0.208,241.750,3.800,0.000,1.000,1.0
2009-09-04,15:59:00,0.966,0.218,242.450,4.000,0.000,1.000,1.0
2009-09-04,16:00:00,0.652,0.210,242.030,3.000,0.000,1.000,0.0
2009-09-04,16:01:00,0.408,0.214,242.200,2.000,0.000,2.000,1.0
2009-09-04,16:02:00,0.406,0.216,242.480,2.000,0.000,1.000,1.0
2009-09-04,16:03:00,0.406,0.216,242.450,2.000,0.000,1.000,0.0
2009-09-04,16:04:00,0.406,0.218,242.830,2.000,0.000,1.000,1.0
2009-09-04,16:05:00,0.406,0.216,242.710,2.000,0.000,1.000,1.0
2009-09-04,16:06:00,0.404,0.218,243.070,2.000,0.000,2.000,0.0
2009-09-04,16:07:00,0.326,0.104,243.290,1.400,0.000,1.000,1.0
2009-09-04,16:08:00,0.310,0.082,243.440,1.400,0.000,1.000,1.0
2009-09-04,16:09:00,0.310,0.082,243.610,1.400,0.000,1.000,0.0
2009-09-04,16:10:00,0.306,0.082,243.060,1.400,0.000,1.000,1.0
2009-09-04,16:11:00,0.306,0.078,241.710,1.400,0.000,2.000,1.0
2009-09-04,16:12:00,0.286,0.000,241.760,1.400,0.000,0.000,0.0
2009-09-04,16:13:00,0.232,0.000,241.970,1.000,0.000,0.000,1.0
2009-09-04,16:14:00,0.232,0.000,242.030,1.200,0.000,0.000,1.0
2009-09-04,16:15:00,0.232,0.000,242.450,1.000,0.000,0.000,0.0
2009-09-04,16:16:00,0.236,0.000,242.270,1.200,0.000,0.000,1.0
2009-09-04,16:17:00,0.240,0.000,242.440,1.200,0.000,0.000,1.0
2009-09-04,16:18:00,0.238,0.000,242.440,1.200,0.000,0.000,0.0
2009-09-04,16:19:00,0.294,0.000,243.350,1.600,0.000,0.000,1.0
2009-09-04,16:20:00,0.428,0.200,243.010,2.000,0.000,0.000,1.0
2009-09-04,16:21:00,0.422,0.200,242.930,2.000,0.000,0.000,0.0
2009-09-04,16:22:00,0.420,0.206,244.460,2.000,0.000,0.000,1.0
2009-09-04,16:23:00,0.420,0.210,245.140,2.000,0.000,0.000,1.0
2009-09-04,16:24:00,0.416,0.210,244.880,2.000,0.000,0.000,0.0
2009-09-04,16:25:00,0.410,0.204,243.940,2.000,0.000,0.000,1.0
2009-09-04,16:26:00,0.410,0.208,244.560,2.000,0.000,0.000,1.0
2009-09-04,16:27:00,0.404,0.206,244.020,1.800,0.000,0.000,0.0
2009-09-04,16:28:00,0.402,0.204,243.890,1.800,0.000,0.000,1.0
2009-09-04,16:29:00,0.382,0.180,244.550,1.800,0.000,0.000,1.0
2009-09-04,16:30:00,0.308,0.068,243.990,1.400,0.000,0.000,0.0
2009-09-04,16:31:00,0.308,0.068,244.300,1.400,0.000,0.000,1.0
2009-09-04,16:32:00,0.306,0.070,244.160,1.400,0.000,0.000,1.0
2009-09-04,16:33:00,0.266,0.000,243.440,1.200,0.000,0.000,0.0
2009-09-04,16:34:00,0.236,0.000,243.670,1.200,0.000,0.000,1.0
2009-09-04,16:35:00,0.234,0.000,242.540,1.200,0.000,0.000,1.0
2009-09-04,16:36:00,0.236,0.000,241.940,1.200,0.000,0.000,0.0
2009-09-04,16:37:00,0.236,0.000,242.940,1.200,0.000,0.000,1.0
2009-09-04,16:38:00,0.236,0.000,243.290,1.200,0.000,0.000,1.0
2009-09-04,16:39:00,0.236,0.000,242.680,1.200,0.000,0.000,0.0
2009-09-04,16:40:00,0.234,0.000,242.350,1.200,0.000,0.000,1.0
2009-09-04,16:41:00,0.236,0.000,242.760,1.200,0.000,0.000,1.0
2009-09-04,16:42:00,0.372,0.060,242.420,2.000,0.000,0.000,1.0
2009-09-04,16:43:00,0.984,0.258,242.390,4.200,0.000,0.000,11.0
2009-09-04,16:44:00,1.002,0.268,243.470,4.200,0.000,0.000,12.0
2009-09-04,16:45:00,1.036,0.260,243.060,4.400,0.000,0.000,12.0
2009-09-04,16:46:00,1.038,0.262,243.210,4.400,0.000,0.000,12.0
2009-09-04,16:47:00,0.410,0.116,244.520,2.000,0.000,0.000,3.0
2009-09-04,16:48:00,0.332,0.100,244.020,1.400,0.000,0.000,0.0
2009-09-04,16:49:00,0.338,0.100,244.240,1.600,0.000,0.000,1.0
2009-09-04,16:50:00,0.336,0.096,242.580,1.600,0.000,0.000,1.0
2009-09-04,16:51:00,0.334,0.094,241.920,1.600,0.000,0.000,0.0
2009-09-04,16:52:00,0.268,0.000,239.720,1.200,0.000,0.000,1.0
2009-09-04,16:53:00,0.234,0.000,238.750,1.200,0.000,0.000,1.0
2009-09-04,16:54:00,0.238,0.000,238.800,1.200,0.000,0.000,0.0
2009-09-04,16:55:00,0.226,0.000,238.690,1.000,0.000,0.000,1.0
2009-09-04,16:56:00,0.234,0.000,238.680,1.200,0.000,0.000,0.0
2009-09-04,16:57:00,0.236,0.046,238.250,1.200,0.000,0.000,1.0
2009-09-04,16:58:00,0.238,0.000,239.020,1.200,0.000,0.000,1.0
2009-09-04,16:59:00,0.236,0.000,238.850,1.200,0.000,0.000,0.0
2009-09-04,17:00:00,0.232,0.000,238.370,1.200,0.000,0.000,1.0
2009-09-04,17:01:00,0.238,0.046,238.410,1.200,0.000,0.000,1.0
2009-09-04,17:02:00,0.236,0.000,239.550,1.200,0.000,0.000,0.0
2009-09-04,17:03:00,0.238,0.000,240.360,1.200,0.000,0.000,1.0
2009-09-04,17:04:00,0.250,0.000,239.390,1.200,0.000,0.000,1.0
2009-09-04,17:05:00,0.346,0.082,238.380,1.600,0.000,0.000,0.0
2009-09-04,17:06:00,0.336,0.082,238.320,1.600,0.000,0.000,1.0
2009-09-04,17:07:00,0.338,0.088,240.270,1.600,0.000,0.000,0.0
2009-09-04,17:08:00,0.334,0.084,239.150,1.600,0.000,0.000,1.0
2009-09-04,17:09:00,0.332,0.084,238.950,1.600,0.000,0.000,1.0
2009-09-04,17:10:00,0.406,0.160,238.130,2.000,0.000,0.000,0.0
2009-09-04,17:11:00,0.406,0.190,240.240,1.800,0.000,0.000,1.0
2009-09-04,17:12:00,0.408,0.194,241.170,2.000,0.000,0.000,1.0
2009-09-04,17:13:00,0.408,0.192,240.910,2.000,0.000,0.000,0.0
2009-09-04,17:14:00,0.398,0.180,240.560,1.800,0.000,0.000,1.0
2009-09-04,17:15:00,0.312,0.062,241.430,1.400,0.000,0.000,1.0
2009-09-04,17:16:00,0.312,0.064,242.460,1.400,0.000,0.000,0.0
2009-09-04,17:17:00,0.310,0.062,241.880,1.400,0.000,0.000,1.0
2009-09-04,17:18:00,0.308,0.064,242.440,1.400,0.000,0.000,1.0
2009-09-04,17:19:00,0.302,0.060,241.380,1.400,0.000,0.000,0.0
2009-09-04,17:20:00,0.294,0.060,241.160,1.200,0.000,0.000,1.0
2009-09-04,17:21:00,0.294,0.064,242.210,1.200,0.000,0.000,1.0
2009-09-04,17:22:00,0.296,0.064,242.490,1.400,0.000,0.000,0.0
2009-09-04,17:23:00,0.294,0.060,241.180,1.200,0.000,0.000,1.0
2009-09-04,17:24:00,0.226,0.000,240.900,1.000,0.000,0.000,1.0
2009-09-04,17:25:00,0.226,0.000,242.860,1.000,0.000,0.000,0.0
2009-09-04,17:26:00,0.224,0.000,242.450,1.000,0.000,0.000,1.0
2009-09-04,17:27:00,0.290,0.000,241.090,1.400,0.000,0.000,1.0
2009-09-04,17:28:00,0.330,0.088,240.520,1.400,0.000,0.000,0.0
2009-09-04,17:29:00,0.326,0.092,241.570,1.400,0.000,0.000,1.0
2009-09-04,17:30:00,0.322,0.090,240.780,1.400,0.000,0.000,0.0
2009-09-04,17:31:00,0.322,0.090,240.910,1.400,0.000,0.000,1.0
2009-09-04,17:32:00,0.318,0.086,239.770,1.400,0.000,0.000,1.0
2009-09-04,17:33:00,0.318,0.090,241.080,1.400,0.000,0.000,0.0
2009-09-04,17:34:00,0.316,0.088,240.370,1.400,0.000,0.000,1.0
2009-09-04,17:35:00,0.316,0.086,240.190,1.400,0.000,0.000,1.0
2009-09-04,17:36:00,0.316,0.086,239.980,1.400,0.000,0.000,0.0
2009-09-04,17:37:00,0.276,0.000,239.610,1.200,0.000,0.000,1.0
2009-09-04,17:38:00,0.222,0.000,241.340,1.000,0.000,0.000,1.0
2009-09-04,17:39:00,0.222,0.000,242.680,1.000,0.000,0.000,0.0
2009-09-04,17:40:00,0.224,0.000,242.960,1.000,0.000,0.000,1.0
2009-09-04,17:41:00,0.224,0.000,241.070,1.000,0.000,0.000,1.0
2009-09-04,17:42:00,0.228,0.000,242.580,1.000,0.000,0.000,0.0
2009-09-04,17:43:00,0.228,0.000,242.110,1.000,0.000,0.000,1.0
2009-09-04,17:44:00,0.230,0.000,241.640,1.000,0.000,0.000,1.0
2009-09-04,17:45:00,0.220,0.000,241.070,1.000,0.000,0.000,0.0
2009-09-04,17:46:00,0.220,0.000,240.850,1.000,0.000,0.000,1.0
2009-09-04,17:47:00,0.220,0.000,240.710,1.000,0.000,0.000,1.0
2009-09-04,17:48:00,0.222,0.000,240.690,1.000,0.000,0.000,0.0
2009-09-04,17:49:00,0.266,0.000,239.890,1.400,0.000,0.000,1.0
2009-09-04,17:50:00,0.416,0.190,239.670,2.000,0.000,1.000,0.0
2009-09-04,17:51:00,0.412,0.210,240.170,2.000,0.000,2.000,1.0
2009-09-04,17:52:00,0.410,0.214,241.090,2.000,0.000,1.000,1.0
2009-09-04,17:53:00,0.410,0.212,241.230,2.000,0.000,2.000,0.0
2009-09-04,17:54:00,0.406,0.212,241.020,1.800,0.000,1.000,1.0
2009-09-04,17:55:00,1.016,0.340,238.250,4.600,0.000,2.000,11.0
2009-09-04,17:56:00,1.044,0.344,238.880,4.600,0.000,1.000,11.0
2009-09-04,17:57:00,1.090,0.370,241.410,4.800,0.000,1.000,12.0
2009-09-04,17:58:00,1.092,0.346,239.070,4.800,0.000,2.000,12.0
2009-09-04,17:59:00,0.664,0.248,238.160,3.200,0.000,1.000,6.0
2009-09-04,18:00:00,0.360,0.114,238.460,1.800,0.000,2.000,0.0
2009-09-04,18:01:00,0.384,0.178,239.900,1.800,0.000,1.000,1.0
2009-09-04,18:02:00,0.386,0.176,239.900,1.800,0.000,2.000,1.0
2009-09-04,18:03:00,0.384,0.178,240.900,1.800,0.000,1.000,0.0
2009-09-04,18:04:00,0.380,0.170,238.520,1.800,0.000,1.000,1.0
2009-09-04,18:05:00,0.378,0.174,239.460,1.800,0.000,2.000,0.0
2009-09-04,18:06:00,0.374,0.174,239.720,1.800,0.000,1.000,1.0
2009-09-04,18:07:00,0.374,0.174,239.340,1.800,0.000,1.000,1.0
2009-09-04,18:08:00,0.366,0.176,239.490,1.800,0.000,1.000,0.0
2009-09-04,18:09:00,0.372,0.176,240.000,1.800,0.000,2.000,1.0
2009-09-04,18:10:00,0.358,0.180,240.510,1.600,0.000,1.000,1.0
2009-09-04,18:11:00,0.330,0.186,239.260,1.600,0.000,1.000,0.0
2009-09-04,18:12:00,0.382,0.238,239.850,2.000,0.000,1.000,1.0
2009-09-04,18:13:00,0.438,0.324,240.080,2.200,0.000,2.000,1.0
2009-09-04,18:14:00,0.404,0.286,240.370,2.000,0.000,1.000,0.0
2009-09-04,18:15:00,0.362,0.228,240.760,1.800,0.000,1.000,1.0
2009-09-04,18:16:00,0.360,0.226,240.420,1.800,0.000,1.000,1.0
2009-09-04,18:17:00,0.358,0.226,240.450,1.800,0.000,2.000,0.0
2009-09-04,18:18:00,0.356,0.228,240.730,1.800,0.000,1.000,1.0
2009-09-04,18:19:00,0.356,0.230,241.360,1.800,0.000,1.000,1.0
2009-09-04,18:20:00,0.354,0.224,240.170,1.800,0.000,1.000,0.0
2009-09-04,18:21:00,0.354,0.226,240.460,1.800,0.000,1.000,1.0
2009-09-04,18:22:00,0.330,0.192,240.210,1.600,0.000,2.000,0.0
2009-09-04,18:23:00,0.262,0.096,241.260,1.200,0.000,1.000,1.0
2009-09-04,18:24:00,0.260,0.092,240.390,1.200,0.000,1.000,1.0
2009-09-04,18:25:00,0.260,0.094,240.880,1.200,0.000,1.000,0.0
2009-09-04,18:26:00,0.260,0.094,240.310,1.200,0.000,1.000,1.0
2009-09-04,18:27:00,0.260,0.096,241.190,1.200,0.000,2.000,1.0
2009-09-04,18:28:00,0.260,0.092,240.010,1.200,0.000,1.000,0.0
2009-09-04,18:29:00,0.260,0.092,240.090,1.200,0.000,1.000,1.0
2009-09-04,18:30:00,0.260,0.092,240.340,1.200,0.000,1.000,1.0
2009-09-04,18:31:00,0.262,0.096,241.360,1.200,0.000,1.000,0.0
2009-09-04,18:32:00,0.260,0.096,241.220,1.200,0.000,1.000,1.0
2009-09-04,18:33:00,0.260,0.094,240.870,1.200,0.000,2.000,1.0
2009-09-04,18:34:00,0.260,0.092,240.150,1.200,0.000,1.000,0.0
2009-09-04,18:35:00,0.356,0.198,240.070,1.800,0.000,1.000,1.0
2009-09-04,18:36:00,0.366,0.226,240.520,1.800,0.000,1.000,1.0
2009-09-04,18:37:00,0.336,0.184,240.520,1.600,0.000,1.000,0.0
2009-09-04,18:38:00,0.288,0.106,240.300,1.200,0.000,0.000,1.0
2009-09-04,18:39:00,0.286,0.106,240.470,1.200,0.000,0.000,1.0
2009-09-04,18:40:00,0.284,0.106,240.670,1.200,0.000,0.000,0.0
2009-09-04,18:41:00,0.284,0.108,241.560,1.200,0.000,0.000,1.0
2009-09-04,18:42:00,0.284,0.104,240.380,1.200,0.000,0.000,0.0
2009-09-04,18:43:00,0.282,0.104,240.180,1.200,0.000,0.000,1.0
2009-09-04,18:44:00,0.282,0.106,240.640,1.200,0.000,0.000,1.0
2009-09-04,18:45:00,0.218,0.000,242.490,1.000,0.000,0.000,0.0
2009-09-04,18:46:00,0.188,0.000,242.420,0.800,0.000,0.000,1.0
2009-09-04,18:47:00,0.200,0.000,242.010,0.800,0.000,0.000,1.0
2009-09-04,18:48:00,0.222,0.000,240.320,1.000,0.000,0.000,0.0
2009-09-04,18:49:00,0.238,0.000,241.410,1.000,0.000,0.000,1.0
2009-09-04,18:50:00,0.276,0.000,240.740,1.400,0.000,0.000,1.0
2009-09-04,18:51:00,0.310,0.062,242.140,1.400,0.000,0.000,0.0
2009-09-04,18:52:00,0.310,0.058,241.010,1.400,0.000,0.000,1.0
2009-09-04,18:53:00,0.306,0.058,240.610,1.400,0.000,0.000,1.0
2009-09-04,18:54:00,0.310,0.058,241.320,1.400,0.000,0.000,0.0
2009-09-04,18:55:00,0.316,0.060,242.010,1.400,0.000,0.000,1.0
2009-09-04,18:56:00,0.310,0.060,241.590,1.400,0.000,0.000,1.0
2009-09-04,18:57:00,0.334,0.088,241.580,1.600,0.000,0.000,0.0
2009-09-04,18:58:00,0.398,0.196,241.580,1.800,0.000,0.000,1.0
2009-09-04,18:59:00,0.398,0.198,242.080,1.800,0.000,0.000,1.0
2009-09-04,19:00:00,0.394,0.194,241.890,1.800,0.000,0.000,0.0
2009-09-04,19:01:00,0.392,0.194,241.430,1.800,0.000,0.000,1.0
2009-09-04,19:02:00,0.380,0.204,241.020,1.800,0.000,0.000,1.0
2009-09-04,19:03:00,0.356,0.212,241.380,1.600,0.000,0.000,0.0
2009-09-04,19:04:00,0.354,0.212,241.500,1.600,0.000,0.000,1.0
2009-09-04,19:05:00,0.352,0.208,240.710,1.600,0.000,0.000,0.0
2009-09-04,19:06:00,0.298,0.126,239.850,1.400,0.000,0.000,1.0
2009-09-04,19:07:00,0.284,0.106,240.340,1.200,0.000,0.000,1.0
2009-09-04,19:08:00,0.812,0.232,239.940,3.600,0.000,0.000,9.0
2009-09-04,19:09:00,0.924,0.250,239.730,4.000,0.000,0.000,11.0
2009-09-04,19:10:00,0.952,0.242,238.700,4.000,0.000,0.000,12.0
2009-09-04,19:11:00,0.972,0.254,240.440,4.200,0.000,0.000,12.0
2009-09-04,19:12:00,0.684,0.144,240.670,3.400,0.000,0.000,9.0
2009-09-04,19:13:00,0.188,0.000,241.380,0.800,0.000,0.000,0.0
2009-09-04,19:14:00,0.188,0.000,241.210,0.800,0.000,0.000,1.0
2009-09-04,19:15:00,0.188,0.000,241.450,0.800,0.000,0.000,1.0
2009-09-04,19:16:00,0.188,0.000,241.410,0.800,0.000,0.000,0.0
2009-09-04,19:17:00,0.186,0.000,240.760,0.800,0.000,0.000,1.0
2009-09-04,19:18:00,0.186,0.000,240.780,0.800,0.000,0.000,1.0
2009-09-04,19:19:00,0.188,0.000,242.290,0.800,0.000,0.000,0.0
2009-09-04,19:20:00,0.188,0.000,242.070,0.800,0.000,0.000,1.0
2009-09-04,19:21:00,0.194,0.000,241.630,0.800,0.000,0.000,1.0
2009-09-04,19:22:00,0.378,0.104,241.060,1.800,0.000,0.000,0.0
2009-09-04,19:23:00,0.550,0.286,241.980,2.600,0.000,0.000,1.0
2009-09-04,19:24:00,0.532,0.278,242.380,2.400,0.000,0.000,1.0
2009-09-04,19:25:00,0.522,0.270,241.550,2.400,0.000,0.000,0.0
2009-09-04,19:26:00,0.522,0.270,242.190,2.400,0.000,0.000,1.0
2009-09-04,19:27:00,0.522,0.268,242.580,2.400,0.000,0.000,1.0
2009-09-04,19:28:00,0.518,0.264,242.070,2.400,0.000,0.000,0.0
2009-09-04,19:29:00,0.518,0.266,242.470,2.400,0.000,0.000,1.0
2009-09-04,19:30:00,0.514,0.264,242.150,2.400,0.000,0.000,1.0
2009-09-04,19:31:00,0.512,0.270,242.200,2.400,0.000,0.000,0.0
2009-09-04,19:32:00,0.514,0.266,242.650,2.400,0.000,0.000,1.0
2009-09-04,19:33:00,0.510,0.266,241.950,2.400,0.000,0.000,1.0
2009-09-04,19:34:00,0.588,0.350,241.840,2.800,0.000,0.000,0.0
2009-09-04,19:35:00,0.568,0.374,241.870,2.800,0.000,0.000,1.0
2009-09-04,19:36:00,0.562,0.284,241.180,2.800,0.000,0.000,0.0
2009-09-04,19:37:00,1.426,0.228,240.220,6.000,0.000,0.000,1.0
2009-09-04,19:38:00,1.420,0.228,240.270,6.000,0.000,0.000,1.0
2009-09-04,19:39:00,2.288,0.220,239.910,9.800,0.000,0.000,15.0
2009-09-04,19:40:00,1.664,0.226,240.520,7.000,0.000,0.000,19.0
2009-09-04,19:41:00,1.650,0.226,240.760,6.800,0.000,0.000,19.0
2009-09-04,19:42:00,1.638,0.226,240.650,6.800,0.000,0.000,19.0
2009-09-04,19:43:00,1.534,0.228,240.670,6.400,0.000,0.000,18.0
2009-09-04,19:44:00,2.142,0.384,239.820,9.600,0.000,0.000,19.0
2009-09-04,19:45:00,3.118,0.546,239.180,13.200,0.000,0.000,18.0
2009-09-04,19:46:00,2.852,0.448,238.840,12.400,0.000,0.000,18.0
2009-09-04,19:47:00,3.188,0.570,239.130,13.800,0.000,0.000,18.0
2009-09-04,19:48:00,2.320,0.416,239.800,10.200,0.000,0.000,18.0
2009-09-04,19:49:00,2.366,0.456,240.060,10.400,0.000,0.000,19.0
2009-09-04,19:50:00,2.352,0.420,239.930,10.400,0.000,0.000,18.0
2009-09-04,19:51:00,1.894,0.354,240.610,8.000,0.000,0.000,18.0
2009-09-04,19:52:00,1.878,0.348,239.610,7.800,0.000,0.000,19.0
2009-09-04,19:53:00,1.874,0.346,239.280,7.800,0.000,0.000,18.0
2009-09-04,19:54:00,1.866,0.344,238.730,7.800,0.000,0.000,18.0
2009-09-04,19:55:00,1.856,0.342,238.030,7.800,0.000,0.000,18.0
2009-09-04,19:56:00,1.864,0.344,238.720,7.800,0.000,0.000,18.0
2009-09-04,19:57:00,1.816,0.270,238.640,7.600,0.000,0.000,18.0
2009-09-04,19:58:00,1.740,0.144,239.570,7.200,0.000,0.000,18.0
2009-09-04,19:59:00,1.724,0.114,239.960,7.200,0.000,0.000,18.0
2009-09-04,20:00:00,1.720,0.114,239.760,7.200,0.000,0.000,19.0
2009-09-04,20:01:00,1.740,0.116,241.120,7.200,0.000,0.000,18.0
2009-09-04,20:02:00,1.594,0.000,241.640,6.600,0.000,0.000,19.0
2009-09-04,20:03:00,1.548,0.000,241.050,6.400,0.000,0.000,18.0
2009-09-04,20:04:00,1.550,0.000,241.200,6.400,0.000,0.000,19.0
2009-09-04,20:05:00,1.562,0.000,242.160,6.400,0.000,0.000,18.0
2009-09-04,20:06:00,1.550,0.000,241.260,6.400,0.000,0.000,19.0
2009-09-04,20:07:00,1.552,0.000,241.420,6.400,0.000,0.000,18.0
2009-09-04,20:08:00,1.542,0.000,240.590,6.400,0.000,0.000,18.0
2009-09-04,20:09:00,1.576,0.000,240.780,6.400,0.000,0.000,19.0
2009-09-04,20:10:00,1.650,0.096,240.580,6.800,0.000,0.000,18.0
2009-09-04,20:11:00,1.648,0.096,240.310,6.800,0.000,0.000,18.0
2009-09-04,20:12:00,1.624,0.092,239.050,6.800,0.000,0.000,19.0
2009-09-04,20:13:00,1.632,0.094,239.840,6.800,0.000,0.000,18.0
2009-09-04,20:14:00,1.724,0.188,239.790,7.200,0.000,0.000,18.0
2009-09-04,20:15:00,1.720,0.218,240.220,7.200,0.000,2.000,18.0
2009-09-04,20:16:00,1.730,0.220,241.070,7.200,0.000,1.000,19.0
2009-09-04,20:17:00,1.728,0.222,240.790,7.200,0.000,1.000,18.0
2009-09-04,20:18:00,2.612,0.226,239.410,11.200,0.000,2.000,18.0
2009-09-04,20:19:00,2.430,0.198,240.310,10.400,0.000,1.000,19.0
2009-09-04,20:20:00,2.482,0.142,239.840,10.600,0.000,2.000,18.0
2009-09-04,20:21:00,2.234,0.110,240.470,9.400,0.000,1.000,22.0
2009-09-04,20:22:00,2.668,0.188,239.820,11.200,0.000,2.000,28.0
2009-09-04,20:23:00,2.712,0.178,240.020,11.200,0.000,1.000,30.0
2009-09-04,20:24:00,2.818,0.258,239.670,11.800,0.000,2.000,29.0
2009-09-04,20:25:00,2.828,0.280,239.790,11.800,0.000,1.000,30.0
2009-09-04,20:26:00,2.136,0.134,240.560,8.800,0.000,1.000,19.0
2009-09-04,20:27:00,2.140,0.134,240.480,8.800,0.000,2.000,18.0
2009-09-04,20:28:00,2.128,0.134,239.960,8.800,0.000,1.000,19.0
2009-09-04,20:29:00,2.118,0.136,240.370,8.800,0.000,1.000,18.0
2009-09-04,20:30:00,2.406,0.134,240.540,10.000,0.000,2.000,18.0
2009-09-04,20:31:00,2.938,0.124,239.700,12.200,0.000,1.000,18.0
2009-09-04,20:32:00,2.990,0.204,238.970,12.400,0.000,1.000,19.0
2009-09-04,20:33:00,3.038,0.254,239.050,12.800,0.000,2.000,18.0
2009-09-04,20:34:00,3.412,0.330,238.430,14.600,0.000,1.000,18.0
2009-09-04,20:35:00,2.710,0.254,239.010,11.400,0.000,1.000,18.0
2009-09-04,20:36:00,2.686,0.250,237.860,11.200,0.000,1.000,18.0
2009-09-04,20:37:00,2.674,0.248,237.450,11.200,0.000,2.000,18.0
2009-09-04,20:38:00,2.006,0.258,238.520,8.600,0.000,1.000,7.0
2009-09-04,20:39:00,1.652,0.262,239.010,7.000,0.000,1.000,1.0
2009-09-04,20:40:00,1.646,0.260,238.410,7.000,0.000,1.000,0.0
2009-09-04,20:41:00,1.642,0.260,238.480,7.000,0.000,1.000,1.0
2009-09-04,20:42:00,1.636,0.256,239.080,6.800,0.000,2.000,0.0
2009-09-04,20:43:00,1.550,0.134,239.150,6.400,0.000,1.000,1.0
2009-09-04,20:44:00,1.554,0.132,239.310,6.400,0.000,1.000,1.0
2009-09-04,20:45:00,1.550,0.134,239.410,6.400,0.000,1.000,0.0
2009-09-04,20:46:00,1.560,0.136,240.400,6.400,0.000,1.000,1.0
2009-09-04,20:47:00,1.554,0.136,240.350,6.400,0.000,2.000,1.0
2009-09-04,20:48:00,1.552,0.136,240.280,6.400,0.000,1.000,0.0
2009-09-04,20:49:00,1.566,0.142,241.730,6.400,0.000,1.000,1.0
2009-09-04,20:50:00,1.566,0.142,241.930,6.400,0.000,1.000,1.0
2009-09-04,20:51:00,1.844,0.242,241.300,7.800,0.000,1.000,0.0
2009-09-04,20:52:00,1.550,0.146,241.590,6.400,0.000,2.000,1.0
2009-09-04,20:53:00,1.538,0.148,242.190,6.400,0.000,1.000,1.0
2009-09-04,20:54:00,1.554,0.170,242.210,6.400,0.000,1.000,0.0
2009-09-04,20:55:00,1.740,0.286,242.360,7.200,0.000,1.000,1.0
2009-09-04,20:56:00,1.590,0.292,241.710,6.600,0.000,1.000,1.0
2009-09-04,20:57:00,1.780,0.320,242.360,7.400,0.000,2.000,0.0
2009-09-04,20:58:00,1.696,0.340,242.840,7.200,0.000,1.000,1.0
2009-09-04,20:59:00,1.538,0.336,241.790,6.400,0.000,1.000,1.0
2009-09-04,21:00:00,1.430,0.342,242.450,6.000,0.000,1.000,0.0
2009-09-04,21:01:00,1.348,0.338,241.620,5.600,0.000,1.000,1.0
2009-09-04,21:02:00,1.308,0.174,240.390,5.400,0.000,1.000,1.0
2009-09-04,21:03:00,1.054,0.116,240.870,4.400,0.000,0.000,0.0
2009-09-04,21:04:00,0.604,0.108,241.530,2.600,0.000,0.000,1.0
2009-09-04,21:05:00,0.482,0.064,241.050,2.000,0.000,0.000,1.0
2009-09-04,21:06:00,0.448,0.000,240.300,1.800,0.000,0.000,0.0
2009-09-04,21:07:00,0.452,0.000,241.090,1.800,0.000,0.000,1.0
2009-09-04,21:08:00,0.460,0.000,240.790,2.000,0.000,0.000,1.0
2009-09-04,21:09:00,0.500,0.000,240.430,2.000,0.000,0.000,0.0
2009-09-04,21:10:00,0.494,0.000,239.700,2.000,0.000,0.000,1.0
2009-09-04,21:11:00,0.494,0.000,240.470,2.000,0.000,0.000,0.0
2009-09-04,21:12:00,0.492,0.000,240.270,2.000,0.000,0.000,1.0
2009-09-04,21:13:00,0.492,0.000,239.930,2.000,0.000,0.000,1.0
2009-09-04,21:14:00,0.490,0.000,239.640,2.000,0.000,0.000,0.0
2009-09-04,21:15:00,0.490,0.000,240.410,2.000,0.000,0.000,1.0
2009-09-04,21:16:00,0.492,0.000,241.030,2.000,0.000,0.000,1.0
2009-09-04,21:17:00,0.578,0.098,241.150,2.400,0.000,0.000,0.0
2009-09-04,21:18:00,0.598,0.140,241.520,2.600,0.000,0.000,1.0
2009-09-04,21:19:00,0.592,0.140,241.780,2.400,0.000,0.000,1.0
2009-09-04,21:20:00,0.590,0.142,242.200,2.400,0.000,0.000,0.0
2009-09-04,21:21:00,0.586,0.142,241.900,2.400,0.000,0.000,1.0
2009-09-04,21:22:00,0.586,0.142,242.100,2.400,0.000,0.000,1.0
2009-09-04,21:23:00,0.584,0.142,241.930,2.400,0.000,0.000,0.0
2009-09-04,21:24:00,0.584,0.142,241.760,2.400,0.000,0.000,1.0
2009-09-04,21:25:00,0.582,0.142,241.510,2.400,0.000,0.000,1.0
2009-09-04,21:26:00,0.582,0.142,241.550,2.400,0.000,0.000,0.0
2009-09-04,21:27:00,0.540,0.086,240.960,2.200,0.000,0.000,1.0
2009-09-04,21:28:00,0.486,0.000,241.210,2.000,0.000,0.000,1.0
2009-09-04,21:29:00,0.486,0.000,241.010,2.000,0.000,0.000,0.0
2009-09-04,21:30:00,0.486,0.000,241.560,2.000,0.000,0.000,1.0
2009-09-04,21:31:00,1.050,0.148,241.170,4.400,0.000,0.000,9.0
2009-09-04,21:32:00,1.136,0.162,241.050,4.800,0.000,0.000,12.0
2009-09-04,21:33:00,1.168,0.158,240.810,4.800,0.000,0.000,12.0
2009-09-04,21:34:00,1.238,0.212,240.420,5.200,0.000,0.000,12.0
2009-09-04,21:35:00,0.862,0.174,240.990,3.800,0.000,0.000,6.0
2009-09-04,21:36:00,0.560,0.110,240.970,2.400,0.000,0.000,1.0
2009-09-04,21:37:00,0.560,0.110,241.410,2.400,0.000,0.000,1.0
2009-09-04,21:38:00,0.558,0.108,241.280,2.400,0.000,0.000,0.0
2009-09-04,21:39:00,0.594,0.108,241.310,2.600,0.000,0.000,1.0
2009-09-04,21:40:00,0.686,0.240,241.810,3.000,0.000,0.000,1.0
2009-09-04,21:41:00,0.682,0.242,242.490,3.000,0.000,0.000,0.0
2009-09-04,21:42:00,0.680,0.246,243.040,3.000,0.000,0.000,1.0
2009-09-04,21:43:00,0.674,0.244,242.760,3.000,0.000,0.000,1.0
2009-09-04,21:44:00,0.672,0.244,242.620,3.000,0.000,0.000,0.0
2009-09-04,21:45:00,0.672,0.244,242.700,3.000,0.000,0.000,1.0
2009-09-04,21:46:00,0.668,0.242,242.010,3.000,0.000,0.000,1.0
2009-09-04,21:47:00,0.666,0.240,241.960,3.000,0.000,0.000,0.0
2009-09-04,21:48:00,0.666,0.240,241.910,3.000,0.000,0.000,1.0
2009-09-04,21:49:00,0.668,0.242,242.390,3.000,0.000,0.000,1.0
2009-09-04,21:50:00,0.592,0.134,242.680,2.600,0.000,0.000,0.0
2009-09-04,21:51:00,0.568,0.108,242.440,2.400,0.000,0.000,1.0
2009-09-04,21:52:00,0.410,0.062,242.350,1.800,0.000,0.000,1.0
2009-09-04,21:53:00,0.372,0.000,241.940,1.600,0.000,0.000,0.0
2009-09-04,21:54:00,0.372,0.000,241.590,1.600,0.000,0.000,1.0
2009-09-04,21:55:00,0.372,0.000,241.410,1.600,0.000,0.000,0.0
2009-09-04,21:56:00,0.370,0.000,241.380,1.600,0.000,0.000,1.0
2009-09-04,21:57:00,0.370,0.000,241.710,1.600,0.000,0.000,1.0
2009-09-04,21:58:00,0.374,0.000,242.220,1.600,0.000,0.000,0.0
2009-09-04,21:59:00,0.374,0.000,241.820,1.600,0.000,0.000,1.0
2009-09-04,22:00:00,0.372,0.000,241.670,1.600,0.000,0.000,1.0
2009-09-04,22:01:00,0.374,0.000,242.660,1.600,0.000,0.000,0.0
2009-09-04,22:02:00,0.466,0.108,243.000,2.000,0.000,0.000,1.0
2009-09-04,22:03:00,0.480,0.142,242.900,2.000,0.000,0.000,1.0
2009-09-04,22:04:00,0.474,0.142,242.660,2.000,0.000,0.000,0.0
2009-09-04,22:05:00,0.474,0.146,243.380,2.000,0.000,0.000,1.0
2009-09-04,22:06:00,0.474,0.146,243.780,2.000,0.000,0.000,1.0
2009-09-04,22:07:00,0.472,0.148,244.020,2.000,0.000,0.000,0.0
2009-09-04,22:08:00,0.470,0.146,243.250,2.000,0.000,0.000,1.0
2009-09-04,22:09:00,0.470,0.146,243.430,2.000,0.000,0.000,1.0
2009-09-04,22:10:00,0.470,0.146,243.790,2.000,0.000,0.000,0.0
2009-09-04,22:11:00,0.470,0.146,243.580,2.000,0.000,0.000,1.0
2009-09-04,22:12:00,0.412,0.062,243.780,1.800,0.000,0.000,1.0
2009-09-04,22:13:00,0.376,0.000,244.620,1.600,0.000,0.000,0.0
2009-09-04,22:14:00,0.378,0.000,244.940,1.600,0.000,0.000,1.0
2009-09-04,22:15:00,0.382,0.000,246.610,1.600,0.000,0.000,1.0
2009-09-04,22:16:00,0.382,0.000,246.540,1.600,0.000,0.000,0.0
2009-09-04,22:17:00,0.380,0.000,246.760,1.600,0.000,0.000,1.0
2009-09-04,22:18:00,0.382,0.000,247.040,1.600,0.000,0.000,1.0
2009-09-04,22:19:00,0.382,0.000,247.190,1.600,0.000,0.000,1.0
2009-09-04,22:20:00,0.382,0.000,247.240,1.600,0.000,0.000,0.0
2009-09-04,22:21:00,0.380,0.000,246.780,1.600,0.000,0.000,1.0
2009-09-04,22:22:00,0.380,0.000,246.470,1.600,0.000,0.000,1.0
2009-09-04,22:23:00,0.382,0.000,246.680,1.600,0.000,0.000,0.0
2009-09-04,22:24:00,0.482,0.116,246.650,2.200,0.000,0.000,1.0
2009-09-04,22:25:00,0.568,0.264,246.330,2.400,0.000,0.000,1.0
2009-09-04,22:26:00,0.520,0.250,246.190,2.400,0.000,0.000,0.0
2009-09-04,22:27:00,0.418,0.248,246.090,2.000,0.000,0.000,1.0
2009-09-04,22:28:00,0.416,0.246,245.700,2.000,0.000,0.000,1.0
2009-09-04,22:29:00,0.412,0.246,245.650,2.000,0.000,0.000,0.0
2009-09-04,22:30:00,0.408,0.244,245.340,1.800,0.000,0.000,1.0
2009-09-04,22:31:00,0.408,0.246,245.310,1.800,0.000,0.000,1.0
2009-09-04,22:32:00,0.408,0.248,245.950,1.800,0.000,0.000,0.0
2009-09-04,22:33:00,0.408,0.250,246.170,1.800,0.000,0.000,1.0
2009-09-04,22:34:00,0.396,0.234,246.030,1.800,0.000,0.000,1.0
2009-09-04,22:35:00,0.310,0.108,245.960,1.400,0.000,0.000,0.0
2009-09-04,22:36:00,0.308,0.106,245.700,1.200,0.000,0.000,1.0
2009-09-04,22:37:00,0.310,0.108,246.080,1.200,0.000,0.000,1.0
2009-09-04,22:38:00,0.338,0.128,245.450,1.600,0.000,0.000,0.0
2009-09-04,22:39:00,0.366,0.184,245.450,1.600,0.000,0.000,1.0
2009-09-04,22:40:00,0.440,0.164,246.400,2.200,0.000,2.000,2.0
2009-09-04,22:41:00,0.976,0.308,245.310,4.200,0.000,1.000,12.0
2009-09-04,22:42:00,0.998,0.310,245.820,4.200,0.000,2.000,12.0
2009-09-04,22:43:00,1.028,0.306,245.670,4.400,0.000,1.000,12.0
2009-09-04,22:44:00,0.800,0.246,245.930,3.600,0.000,2.000,9.0
2009-09-04,22:45:00,0.328,0.128,246.560,1.400,0.000,1.000,1.0
2009-09-04,22:46:00,0.326,0.126,246.270,1.400,0.000,2.000,0.0
2009-09-04,22:47:00,0.422,0.238,246.170,2.000,0.000,1.000,1.0
2009-09-04,22:48:00,0.434,0.270,246.470,2.000,0.000,1.000,1.0
2009-09-04,22:49:00,0.428,0.270,246.400,2.000,0.000,2.000,0.0
2009-09-04,22:50:00,0.426,0.270,246.410,2.000,0.000,1.000,1.0
2009-09-04,22:51:00,0.426,0.270,246.440,2.000,0.000,2.000,1.0
2009-09-04,22:52:00,0.418,0.266,245.640,2.000,0.000,1.000,0.0
2009-09-04,22:53:00,0.418,0.270,246.100,2.000,0.000,1.000,1.0
2009-09-04,22:54:00,0.414,0.266,245.550,2.000,0.000,2.000,1.0
2009-09-04,22:55:00,0.414,0.268,245.760,2.000,0.000,1.000,0.0
2009-09-04,22:56:00,0.414,0.268,245.750,2.000,0.000,1.000,1.0
2009-09-04,22:57:00,0.332,0.150,245.740,1.400,0.000,2.000,1.0
2009-09-04,22:58:00,0.316,0.126,245.960,1.400,0.000,1.000,1.0
2009-09-04,22:59:00,0.316,0.128,246.540,1.400,0.000,1.000,0.0
2009-09-04,23:00:00,0.318,0.130,247.170,1.400,0.000,2.000,1.0
2009-09-04,23:01:00,0.316,0.130,247.070,1.400,0.000,1.000,1.0
2009-09-04,23:02:00,0.316,0.130,247.000,1.400,0.000,1.000,0.0
2009-09-04,23:03:00,0.314,0.128,246.880,1.400,0.000,1.000,1.0
2009-09-04,23:04:00,0.314,0.130,246.890,1.400,0.000,2.000,1.0
2009-09-04,23:05:00,0.314,0.128,247.200,1.400,0.000,1.000,0.0
2009-09-04,23:06:00,0.314,0.130,247.200,1.400,0.000,1.000,1.0
2009-09-04,23:07:00,0.314,0.130,247.550,1.400,0.000,1.000,1.0
2009-09-04,23:08:00,0.314,0.130,247.680,1.400,0.000,2.000,0.0
2009-09-04,23:09:00,0.356,0.170,247.180,1.600,0.000,1.000,1.0
2009-09-04,23:10:00,0.422,0.268,246.490,2.000,0.000,1.000,1.0
2009-09-04,23:11:00,0.418,0.268,246.710,2.000,0.000,1.000,0.0
2009-09-04,23:12:00,0.504,0.374,246.610,2.600,0.000,1.000,1.0
2009-09-04,23:13:00,0.486,0.368,244.800,2.400,0.000,2.000,1.0
2009-09-04,23:14:00,0.482,0.362,243.610,2.400,0.000,1.000,0.0
2009-09-04,23:15:00,0.478,0.362,243.760,2.400,0.000,1.000,1.0
2009-09-04,23:16:00,0.476,0.364,243.940,2.400,0.000,1.000,1.0
2009-09-04,23:17:00,0.476,0.364,244.060,2.400,0.000,1.000,0.0
2009-09-04,23:18:00,0.474,0.364,243.820,2.400,0.000,2.000,1.0
2009-09-04,23:19:00,0.444,0.318,244.070,2.200,0.000,1.000,1.0
2009-09-04,23:20:00,0.382,0.228,244.510,1.800,0.000,1.000,0.0
2009-09-04,23:21:00,0.380,0.232,245.260,1.800,0.000,1.000,1.0
2009-09-04,23:22:00,0.378,0.230,244.890,1.800,0.000,1.000,1.0
2009-09-04,23:23:00,0.378,0.230,244.550,1.800,0.000,2.000,0.0
2009-09-04,23:24:00,0.376,0.230,244.700,1.800,0.000,1.000,1.0
2009-09-04,23:25:00,0.318,0.128,245.170,1.400,0.000,0.000,1.0
2009-09-04,23:26:00,0.240,0.000,245.260,1.000,0.000,0.000,1.0
2009-09-04,23:27:00,0.238,0.000,245.320,1.000,0.000,0.000,0.0
2009-09-04,23:28:00,0.238,0.000,245.930,1.000,0.000,0.000,1.0
2009-09-04,23:29:00,0.238,0.000,245.630,1.000,0.000,0.000,1.0
2009-09-04,23:30:00,0.238,0.000,245.790,1.000,0.000,0.000,0.0
2009-09-04,23:31:00,0.238,0.000,245.910,1.000,0.000,0.000,1.0
2009-09-04,23:32:00,0.336,0.110,245.770,1.600,0.000,0.000,1.0
2009-09-04,23:33:00,0.516,0.130,245.650,2.200,0.000,0.000,0.0
2009-09-04,23:34:00,0.376,0.116,244.730,1.600,0.000,0.000,1.0
2009-09-04,23:35:00,0.372,0.114,244.310,1.600,0.000,0.000,1.0
2009-09-04,23:36:00,0.372,0.116,244.430,1.600,0.000,0.000,0.0
2009-09-04,23:37:00,0.340,0.140,244.100,1.400,0.000,0.000,1.0
2009-09-04,23:38:00,0.332,0.148,244.480,1.400,0.000,0.000,1.0
2009-09-04,23:39:00,0.332,0.148,244.870,1.400,0.000,0.000,0.0
2009-09-04,23:40:00,0.332,0.148,245.020,1.400,0.000,0.000,1.0
2009-09-04,23:41:00,0.332,0.148,245.070,1.400,0.000,0.000,1.0
2009-09-04,23:42:00,0.238,0.000,245.050,1.000,0.000,0.000,0.0
2009-09-04,23:43:00,0.234,0.000,243.230,1.000,0.000,0.000,1.0
2009-09-04,23:44:00,0.234,0.000,243.070,1.000,0.000,0.000,1.0
2009-09-04,23:45:00,0.232,0.000,242.690,1.000,0.000,0.000,0.0
2009-09-04,23:46:00,0.232,0.000,242.690,1.000,0.000,0.000,1.0
2009-09-04,23:47:00,0.290,0.000,243.420,1.600,0.000,0.000,1.0
2009-09-04,23:48:00,0.874,0.166,242.560,3.600,0.000,0.000,11.0
2009-09-04,23:49:00,0.892,0.164,242.340,3.600,0.000,0.000,12.0
2009-09-04,23:50:00,0.922,0.162,242.470,3.800,0.000,0.000,12.0
2009-09-04,23:51:00,0.932,0.160,242.130,3.800,0.000,0.000,12.0
2009-09-04,23:52:00,0.290,0.000,242.560,1.400,0.000,0.000,3.0
2009-09-04,23:53:00,0.234,0.000,242.670,1.000,0.000,0.000,0.0
2009-09-04,23:54:00,0.280,0.050,242.140,1.200,0.000,0.000,1.0
2009-09-04,23:55:00,0.340,0.138,241.730,1.400,0.000,0.000,1.0
2009-09-04,23:56:00,0.336,0.138,241.870,1.400,0.000,0.000,0.0
2009-09-04,23:57:00,0.332,0.138,241.850,1.400,0.000,0.000,1.0
2009-09-04,23:58:00,0.364,0.160,241.900,1.800,0.000,0.000,1.0
2009-09-04,23:59:00,0.380,0.224,241.970,1.800,0.000,0.000,0.0
