Date,Time,Global_active_power,Global_reactive_power,Voltage,Global_intensity,Sub_metering_1,Sub_metering_2,Sub_metering_3
2009-03-11,00:00:00,1.406,0.078,243.390,5.800,0.000,0.000,18.0
2009-03-11,00:01:00,1.396,0.056,243.810,5.600,0.000,0.000,18.0
2009-03-11,00:02:00,1.336,0.000,243.230,5.400,0.000,0.000,18.0
2009-03-11,00:03:00,1.334,0.000,243.120,5.400,0.000,0.000,18.0
2009-03-11,00:04:00,2.662,0.000,241.660,11.400,0.000,0.000,18.0
2009-03-11,00:05:00,1.874,0.000,243.220,7.600,0.000,0.000,2.0
2009-03-11,00:06:00,1.802,0.000,242.820,7.400,0.000,0.000,0.0
2009-03-11,00:07:00,1.792,0.000,242.600,7.400,0.000,0.000,0.0
2009-03-11,00:08:00,1.456,0.000,242.830,6.000,0.000,0.000,0.0
2009-03-11,00:09:00,1.302,0.000,243.100,5.200,0.000,0.000,0.0
2009-03-11,00:10:00,1.312,0.000,243.570,5.400,0.000,0.000,0.0
2009-03-11,00:11:00,1.310,0.000,243.290,5.400,0.000,0.000,0.0
2009-03-11,00:12:00,1.302,0.000,242.270,5.400,0.000,0.000,0.0
2009-03-11,00:13:00,1.378,0.050,242.000,5.600,0.000,0.000,0.0
2009-03-11,00:14:00,1.408,0.102,242.170,5.800,0.000,0.000,0.0
2009-03-11,00:15:00,1.408,0.104,242.550,5.800,0.000,0.000,0.0
2009-03-11,00:16:00,1.400,0.102,242.030,5.800,0.000,0.000,0.0
2009-03-11,00:17:00,1.396,0.100,241.680,5.800,0.000,0.000,0.0
2009-03-11,00:18:00,1.396,0.102,241.990,5.800,0.000,0.000,0.0
2009-03-11,00:19:00,1.402,0.104,242.660,5.800,0.000,0.000,0.0
2009-03-11,00:20:00,1.402,0.106,242.860,5.800,0.000,0.000,0.0
2009-03-11,00:21:00,1.060,0.110,243.130,4.800,0.000,0.000,0.0
2009-03-11,00:22:00,0.342,0.120,243.530,1.400,0.000,0.000,0.0
2009-03-11,00:23:00,0.250,0.000,243.560,1.000,0.000,0.000,0.0
2009-03-11,00:24:00,0.246,0.000,243.280,1.000,0.000,0.000,0.0
2009-03-11,00:25:00,0.246,0.000,243.990,1.000,0.000,0.000,0.0
2009-03-11,00:26:00,0.246,0.000,243.800,1.000,0.000,0.000,0.0
2009-03-11,00:27:00,0.248,0.000,244.160,1.000,0.000,0.000,0.0
2009-03-11,00:28:00,0.248,0.000,244.310,1.000,0.000,0.000,0.0
2009-03-11,00:29:00,0.330,0.086,243.750,1.600,0.000,0.000,0.0
2009-03-11,00:30:00,0.330,0.104,242.880,1.400,0.000,1.000,0.0
2009-03-11,00:31:00,0.328,0.104,242.760,1.400,0.000,1.000,0.0
2009-03-11,00:32:00,0.328,0.104,242.550,1.400,0.000,2.000,0.0
2009-03-11,00:33:00,0.330,0.106,243.040,1.400,0.000,1.000,0.0
2009-03-11,00:34:00,1.880,0.088,242.170,8.000,0.000,2.000,0.0
2009-03-11,00:35:00,1.944,0.106,243.650,8.000,0.000,1.000,0.0
2009-03-11,00:36:00,1.968,0.198,243.530,8.000,0.000,1.000,0.0
2009-03-11,00:37:00,1.958,0.196,243.290,8.000,0.000,2.000,0.0
2009-03-11,00:38:00,1.568,0.292,243.340,6.600,0.000,1.000,0.0
2009-03-11,00:39:00,1.572,0.338,243.300,6.600,0.000,2.000,0.0
2009-03-11,00:40:00,1.574,0.340,243.660,6.600,0.000,1.000,0.0
2009-03-11,00:41:00,1.570,0.340,243.740,6.600,0.000,1.000,0.0
2009-03-11,00:42:00,1.568,0.340,243.740,6.600,0.000,2.000,0.0
2009-03-11,00:43:00,1.562,0.338,243.430,6.400,0.000,1.000,0.0
2009-03-11,00:44:00,1.564,0.342,243.930,6.400,0.000,2.000,0.0
2009-03-11,00:45:00,1.566,0.344,244.440,6.400,0.000,1.000,0.0
2009-03-11,00:46:00,1.564,0.344,244.500,6.400,0.000,1.000,0.0
2009-03-11,00:47:00,1.532,0.246,243.950,6.200,0.000,2.000,0.0
2009-03-11,00:48:00,1.570,0.092,243.680,6.400,0.000,1.000,0.0
2009-03-11,00:49:00,1.388,0.092,243.370,5.600,0.000,1.000,0.0
2009-03-11,00:50:00,0.454,0.108,244.720,2.400,0.000,1.000,0.0
2009-03-11,00:51:00,0.320,0.104,243.120,1.400,0.000,2.000,0.0
2009-03-11,00:52:00,0.298,0.068,242.370,1.200,0.000,1.000,0.0
2009-03-11,00:53:00,0.244,0.000,242.280,1.000,0.000,0.000,0.0
2009-03-11,00:54:00,0.246,0.000,243.100,1.000,0.000,0.000,0.0
2009-03-11,00:55:00,0.246,0.000,243.190,1.000,0.000,0.000,0.0
2009-03-11,00:56:00,0.246,0.000,243.100,1.000,0.000,0.000,0.0
2009-03-11,00:57:00,0.244,0.000,242.830,1.000,0.000,0.000,0.0
2009-03-11,00:58:00,0.244,0.000,242.430,1.000,0.000,0.000,0.0
2009-03-11,00:59:00,0.244,0.000,242.200,1.000,0.000,0.000,0.0
2009-03-11,01:00:00,0.244,0.000,241.910,1.000,0.000,0.000,0.0
2009-03-11,01:01:00,0.242,0.000,241.900,1.000,0.000,0.000,0.0
2009-03-11,01:02:00,1.118,0.000,240.960,6.000,0.000,0.000,0.0
2009-03-11,01:03:00,1.924,0.062,240.460,8.000,0.000,0.000,0.0
2009-03-11,01:04:00,1.890,0.096,241.110,7.800,0.000,0.000,0.0
2009-03-11,01:05:00,1.874,0.094,240.880,7.800,0.000,0.000,0.0
2009-03-11,01:06:00,1.638,0.100,241.530,6.800,0.000,0.000,0.0
2009-03-11,01:07:00,1.386,0.102,241.870,5.600,0.000,0.000,0.0
2009-03-11,01:08:00,1.396,0.102,242.030,5.800,0.000,0.000,0.0
2009-03-11,01:09:00,1.392,0.102,241.660,5.800,0.000,0.000,0.0
2009-03-11,01:10:00,1.386,0.100,241.190,5.600,0.000,0.000,0.0
2009-03-11,01:11:00,1.390,0.100,241.500,5.600,0.000,0.000,0.0
2009-03-11,01:12:00,1.380,0.080,242.310,5.600,0.000,0.000,0.0
2009-03-11,01:13:00,1.304,0.000,242.350,5.400,0.000,0.000,0.0
2009-03-11,01:14:00,1.308,0.000,242.850,5.400,0.000,0.000,0.0
2009-03-11,01:15:00,1.306,0.000,242.540,5.400,0.000,0.000,0.0
2009-03-11,01:16:00,1.312,0.000,243.220,5.400,0.000,0.000,0.0
2009-03-11,01:17:00,1.308,0.000,242.890,5.400,0.000,0.000,0.0
2009-03-11,01:18:00,0.650,0.000,243.810,3.400,0.000,0.000,0.0
2009-03-11,01:19:00,0.248,0.000,244.040,1.000,0.000,0.000,0.0
2009-03-11,01:20:00,0.246,0.000,243.210,1.000,0.000,0.000,0.0
2009-03-11,01:21:00,0.244,0.000,242.580,1.000,0.000,0.000,0.0
2009-03-11,01:22:00,0.336,0.084,242.040,1.600,0.000,0.000,0.0
2009-03-11,01:23:00,0.322,0.086,243.100,1.400,0.000,0.000,0.0
2009-03-11,01:24:00,0.322,0.086,242.990,1.400,0.000,0.000,0.0
2009-03-11,01:25:00,0.320,0.086,242.430,1.400,0.000,0.000,0.0
2009-03-11,01:26:00,0.320,0.084,242.210,1.400,0.000,0.000,0.0
2009-03-11,01:27:00,0.318,0.086,242.290,1.400,0.000,0.000,0.0
2009-03-11,01:28:00,0.410,0.188,243.080,1.800,0.000,0.000,0.0
2009-03-11,01:29:00,0.424,0.222,242.740,2.000,0.000,0.000,0.0
2009-03-11,01:30:00,0.922,0.212,241.880,5.200,0.000,0.000,0.0
2009-03-11,01:31:00,2.040,0.196,240.740,8.400,0.000,0.000,0.0
2009-03-11,01:32:00,1.926,0.166,240.320,8.000,0.000,0.000,0.0
2009-03-11,01:33:00,1.864,0.092,240.330,7.600,0.000,0.000,0.0
2009-03-11,01:34:00,1.680,0.096,240.810,7.000,0.000,0.000,0.0
2009-03-11,01:35:00,1.372,0.098,240.980,5.600,0.000,0.000,0.0
2009-03-11,01:36:00,1.384,0.100,241.110,5.600,0.000,0.000,0.0
2009-03-11,01:37:00,1.372,0.076,241.460,5.600,0.000,0.000,0.0
2009-03-11,01:38:00,1.302,0.000,242.150,5.400,0.000,0.000,0.0
2009-03-11,01:39:00,1.298,0.000,241.750,5.200,0.000,0.000,0.0
2009-03-11,01:40:00,1.296,0.000,241.560,5.200,0.000,0.000,0.0
2009-03-11,01:41:00,1.292,0.000,241.080,5.200,0.000,0.000,0.0
2009-03-11,01:42:00,1.294,0.000,241.310,5.200,0.000,0.000,0.0
2009-03-11,01:43:00,1.294,0.000,241.260,5.200,0.000,0.000,0.0
2009-03-11,01:44:00,1.300,0.000,241.980,5.400,0.000,0.000,0.0
2009-03-11,01:45:00,1.314,0.000,243.340,5.400,0.000,0.000,0.0
2009-03-11,01:46:00,0.390,0.000,245.020,2.200,0.000,0.000,0.0
2009-03-11,01:47:00,0.252,0.000,245.830,1.000,0.000,0.000,0.0
2009-03-11,01:48:00,0.250,0.000,245.440,1.000,0.000,0.000,0.0
2009-03-11,01:49:00,0.250,0.000,245.090,1.000,0.000,0.000,0.0
2009-03-11,01:50:00,0.250,0.000,245.060,1.000,0.000,0.000,0.0
2009-03-11,01:51:00,0.250,0.000,245.000,1.000,0.000,0.000,0.0
2009-03-11,01:52:00,0.250,0.000,244.860,1.000,0.000,0.000,0.0
2009-03-11,01:53:00,0.330,0.070,244.190,1.400,0.000,0.000,0.0
2009-03-11,01:54:00,0.356,0.120,243.580,1.600,0.000,0.000,0.0
2009-03-11,01:55:00,0.352,0.122,243.740,1.400,0.000,0.000,0.0
2009-03-11,01:56:00,0.350,0.124,244.310,1.400,0.000,0.000,0.0
2009-03-11,01:57:00,0.350,0.124,244.250,1.400,0.000,0.000,0.0
2009-03-11,01:58:00,1.136,0.114,243.470,6.000,0.000,0.000,0.0
2009-03-11,01:59:00,1.962,0.100,242.550,8.000,0.000,0.000,0.0
2009-03-11,02:00:00,1.906,0.102,242.980,7.800,0.000,0.000,0.0
2009-03-11,02:01:00,1.890,0.102,242.720,7.800,0.000,0.000,0.0
2009-03-11,02:02:00,1.622,0.076,243.570,6.600,0.000,0.000,0.0
2009-03-11,02:03:00,1.306,0.000,243.670,5.200,0.000,0.000,0.0
2009-03-11,02:04:00,1.316,0.000,243.940,5.400,0.000,0.000,0.0
2009-03-11,02:05:00,1.316,0.000,243.720,5.400,0.000,0.000,0.0
2009-03-11,02:06:00,1.318,0.000,243.800,5.400,0.000,0.000,0.0
2009-03-11,02:07:00,1.388,0.000,244.050,5.600,0.000,0.000,0.0
2009-03-11,02:08:00,1.400,0.082,244.600,5.600,0.000,0.000,0.0
2009-03-11,02:09:00,1.396,0.080,244.250,5.600,0.000,0.000,0.0
2009-03-11,02:10:00,1.398,0.080,244.470,5.600,0.000,0.000,0.0
2009-03-11,02:11:00,1.404,0.078,244.040,5.600,0.000,0.000,0.0
2009-03-11,02:12:00,1.568,0.074,243.770,6.400,0.000,0.000,0.0
2009-03-11,02:13:00,0.516,0.090,244.680,2.800,0.000,0.000,0.0
2009-03-11,02:14:00,0.324,0.098,245.610,1.400,0.000,0.000,0.0
2009-03-11,02:15:00,0.324,0.098,245.890,1.400,0.000,0.000,0.0
2009-03-11,02:16:00,0.324,0.100,246.560,1.400,0.000,0.000,0.0
2009-03-11,02:17:00,0.298,0.062,246.550,1.200,0.000,0.000,0.0
2009-03-11,02:18:00,0.334,0.080,246.390,1.400,0.000,0.000,0.0
2009-03-11,02:19:00,0.364,0.134,246.840,1.600,0.000,0.000,0.0
2009-03-11,02:20:00,0.358,0.136,246.890,1.600,0.000,0.000,0.0
2009-03-11,02:21:00,0.356,0.134,246.430,1.600,0.000,0.000,0.0
2009-03-11,02:22:00,0.354,0.134,246.410,1.600,0.000,0.000,0.0
2009-03-11,02:23:00,0.352,0.132,246.260,1.600,0.000,0.000,0.0
2009-03-11,02:24:00,0.352,0.134,246.440,1.600,0.000,0.000,0.0
2009-03-11,02:25:00,1.108,0.124,245.780,6.000,0.000,0.000,0.0
2009-03-11,02:26:00,1.990,0.108,244.490,8.000,0.000,0.000,0.0
2009-03-11,02:27:00,1.902,0.078,244.380,7.800,0.000,0.000,0.0
2009-03-11,02:28:00,1.824,0.000,244.740,7.400,0.000,0.000,0.0
2009-03-11,02:29:00,1.536,0.000,244.440,6.200,0.000,0.000,0.0
2009-03-11,02:30:00,1.312,0.000,244.110,5.400,0.000,0.000,0.0
2009-03-11,02:31:00,1.314,0.000,243.540,5.400,0.000,0.000,0.0
2009-03-11,02:32:00,1.316,0.000,243.720,5.400,0.000,0.000,0.0
2009-03-11,02:33:00,1.322,0.000,244.300,5.400,0.000,0.000,0.0
2009-03-11,02:34:00,1.322,0.000,244.130,5.400,0.000,0.000,0.0
2009-03-11,02:35:00,1.324,0.000,244.510,5.400,0.000,0.000,0.0
2009-03-11,02:36:00,1.332,0.000,245.330,5.400,0.000,0.000,0.0
2009-03-11,02:37:00,1.336,0.000,245.740,5.400,0.000,0.000,0.0
2009-03-11,02:38:00,1.334,0.000,245.510,5.400,0.000,0.000,0.0
2009-03-11,02:39:00,1.330,0.000,245.120,5.400,0.000,0.000,0.0
2009-03-11,02:40:00,0.834,0.000,245.380,4.000,0.000,0.000,0.0
2009-03-11,02:41:00,0.252,0.000,245.880,1.000,0.000,0.000,0.0
2009-03-11,02:42:00,0.254,0.000,246.570,1.000,0.000,0.000,0.0
2009-03-11,02:43:00,0.332,0.078,246.860,1.400,0.000,0.000,0.0
2009-03-11,02:44:00,0.362,0.134,246.560,1.600,0.000,0.000,0.0
2009-03-11,02:45:00,0.358,0.136,246.700,1.600,0.000,0.000,0.0
2009-03-11,02:46:00,0.356,0.132,245.990,1.600,0.000,0.000,0.0
2009-03-11,02:47:00,0.354,0.132,246.150,1.600,0.000,0.000,0.0
2009-03-11,02:48:00,0.350,0.130,245.650,1.400,0.000,0.000,0.0
2009-03-11,02:49:00,0.348,0.126,244.980,1.400,0.000,0.000,0.0
2009-03-11,02:50:00,0.346,0.124,244.520,1.400,0.000,0.000,0.0
2009-03-11,02:51:00,0.346,0.126,244.800,1.400,0.000,0.000,0.0
2009-03-11,02:52:00,0.348,0.106,245.440,1.600,0.000,0.000,0.0
2009-03-11,02:53:00,1.710,0.076,243.500,7.600,0.000,0.000,0.0
2009-03-11,02:54:00,1.928,0.076,244.330,7.800,0.000,0.000,0.0
2009-03-11,02:55:00,1.902,0.078,244.580,7.800,0.000,0.000,0.0
2009-03-11,02:56:00,1.898,0.080,244.890,7.600,0.000,0.000,0.0
2009-03-11,02:57:00,1.460,0.084,245.210,6.000,0.000,0.000,0.0
2009-03-11,02:58:00,1.394,0.082,244.860,5.600,0.000,0.000,0.0
2009-03-11,02:59:00,1.478,0.194,244.300,6.000,0.000,0.000,0.0
2009-03-11,03:00:00,1.472,0.206,243.890,6.000,0.000,1.000,0.0
2009-03-11,03:01:00,1.474,0.208,244.360,6.000,0.000,1.000,0.0
2009-03-11,03:02:00,1.472,0.204,244.440,6.000,0.000,2.000,0.0
2009-03-11,03:03:00,1.414,0.104,245.270,5.800,0.000,1.000,0.0
2009-03-11,03:04:00,1.416,0.104,245.390,5.800,0.000,2.000,0.0
2009-03-11,03:05:00,1.402,0.098,244.050,5.600,0.000,1.000,0.0
2009-03-11,03:06:00,0.814,0.108,244.860,4.000,0.000,2.000,0.0
2009-03-11,03:07:00,0.336,0.116,245.280,1.400,0.000,1.000,0.0
2009-03-11,03:08:00,0.412,0.198,245.330,2.000,0.000,1.000,0.0
2009-03-11,03:09:00,0.442,0.254,244.880,2.000,0.000,2.000,0.0
2009-03-11,03:10:00,0.436,0.252,244.410,2.000,0.000,1.000,0.0
2009-03-11,03:11:00,0.434,0.252,244.550,2.000,0.000,2.000,0.0
2009-03-11,03:12:00,0.434,0.256,245.360,2.000,0.000,1.000,0.0
2009-03-11,03:13:00,0.432,0.258,245.360,2.000,0.000,1.000,0.0
2009-03-11,03:14:00,0.430,0.256,245.330,2.000,0.000,2.000,0.0
2009-03-11,03:15:00,0.428,0.258,245.590,2.000,0.000,1.000,0.0
2009-03-11,03:16:00,0.426,0.256,245.230,2.000,0.000,1.000,0.0
2009-03-11,03:17:00,0.400,0.220,244.680,1.800,0.000,2.000,0.0
2009-03-11,03:18:00,0.560,0.108,244.230,3.600,0.000,1.000,0.0
2009-03-11,03:19:00,2.028,0.090,243.360,8.200,0.000,1.000,0.0
2009-03-11,03:20:00,1.908,0.094,244.100,7.800,0.000,1.000,0.0
2009-03-11,03:21:00,1.898,0.096,244.760,7.600,0.000,2.000,0.0
2009-03-11,03:22:00,1.742,0.000,244.380,7.200,0.000,1.000,0.0
2009-03-11,03:23:00,1.300,0.000,243.540,5.200,0.000,0.000,0.0
2009-03-11,03:24:00,1.308,0.000,243.030,5.400,0.000,0.000,0.0
2009-03-11,03:25:00,1.308,0.000,242.880,5.400,0.000,0.000,0.0
2009-03-11,03:26:00,1.312,0.000,243.190,5.400,0.000,0.000,0.0
2009-03-11,03:27:00,1.312,0.000,243.120,5.400,0.000,0.000,0.0
2009-03-11,03:28:00,1.308,0.000,242.790,5.400,0.000,0.000,0.0
2009-03-11,03:29:00,1.308,0.000,242.750,5.400,0.000,0.000,0.0
2009-03-11,03:30:00,1.318,0.000,243.830,5.400,0.000,0.000,0.0
2009-03-11,03:31:00,1.318,0.000,243.880,5.400,0.000,0.000,0.0
2009-03-11,03:32:00,1.150,0.000,243.690,5.000,0.000,0.000,0.0
2009-03-11,03:33:00,0.300,0.000,243.740,1.400,0.000,0.000,0.0
2009-03-11,03:34:00,0.358,0.120,243.620,1.600,0.000,0.000,0.0
2009-03-11,03:35:00,0.352,0.120,243.400,1.400,0.000,0.000,0.0
2009-03-11,03:36:00,0.350,0.118,243.040,1.400,0.000,0.000,0.0
2009-03-11,03:37:00,0.348,0.116,242.850,1.400,0.000,0.000,0.0
2009-03-11,03:38:00,0.404,0.174,242.860,1.800,0.000,0.000,0.0
2009-03-11,03:39:00,0.422,0.226,243.330,2.000,0.000,0.000,0.0
2009-03-11,03:40:00,0.422,0.228,243.740,2.000,0.000,0.000,0.0
2009-03-11,03:41:00,0.420,0.226,243.290,2.000,0.000,0.000,0.0
2009-03-11,03:42:00,0.408,0.212,243.690,1.800,0.000,0.000,0.0
2009-03-11,03:43:00,0.324,0.092,244.030,1.400,0.000,0.000,0.0
2009-03-11,03:44:00,0.320,0.088,243.320,1.400,0.000,0.000,0.0
2009-03-11,03:45:00,1.556,0.074,242.360,7.200,0.000,0.000,0.0
2009-03-11,03:46:00,1.904,0.068,242.410,7.800,0.000,0.000,0.0
2009-03-11,03:47:00,1.870,0.070,242.520,7.600,0.000,0.000,0.0
2009-03-11,03:48:00,1.838,0.000,243.510,7.400,0.000,0.000,0.0
2009-03-11,03:49:00,1.424,0.000,243.980,5.800,0.000,0.000,0.0
2009-03-11,03:50:00,1.314,0.000,244.140,5.400,0.000,0.000,0.0
2009-03-11,03:51:00,1.322,0.000,244.360,5.400,0.000,0.000,0.0
2009-03-11,03:52:00,1.326,0.000,244.580,5.400,0.000,0.000,0.0
2009-03-11,03:53:00,1.324,0.000,244.460,5.400,0.000,0.000,0.0
2009-03-11,03:54:00,1.318,0.000,243.790,5.400,0.000,0.000,0.0
2009-03-11,03:55:00,1.316,0.000,243.620,5.400,0.000,0.000,0.0
2009-03-11,03:56:00,1.314,0.000,243.400,5.400,0.000,0.000,0.0
2009-03-11,03:57:00,1.314,0.000,243.400,5.400,0.000,0.000,0.0
2009-03-11,03:58:00,1.352,0.000,243.750,5.600,0.000,0.000,0.0
2009-03-11,03:59:00,0.762,0.118,243.960,3.800,0.000,0.000,0.0
2009-03-11,04:00:00,0.354,0.122,243.930,1.600,0.000,0.000,0.0
2009-03-11,04:01:00,0.354,0.124,244.160,1.600,0.000,0.000,0.0
2009-03-11,04:02:00,0.352,0.124,244.270,1.600,0.000,0.000,0.0
2009-03-11,04:03:00,0.350,0.124,244.310,1.400,0.000,0.000,0.0
2009-03-11,04:04:00,0.350,0.126,244.870,1.400,0.000,0.000,0.0
2009-03-11,04:05:00,0.348,0.128,245.010,1.400,0.000,0.000,0.0
2009-03-11,04:06:00,0.348,0.126,244.780,1.400,0.000,0.000,0.0
2009-03-11,04:07:00,0.342,0.120,244.460,1.400,0.000,0.000,0.0
2009-03-11,04:08:00,0.250,0.000,244.600,1.000,0.000,0.000,0.0
2009-03-11,04:09:00,0.250,0.000,244.320,1.000,0.000,0.000,0.0
2009-03-11,04:10:00,0.248,0.000,243.870,1.000,0.000,0.000,0.0
2009-03-11,04:11:00,0.538,0.000,243.470,3.600,0.000,0.000,0.0
2009-03-11,04:12:00,1.926,0.000,241.960,7.800,0.000,0.000,0.0
2009-03-11,04:13:00,1.814,0.000,242.490,7.400,0.000,0.000,0.0
2009-03-11,04:14:00,1.810,0.000,243.330,7.400,0.000,0.000,0.0
2009-03-11,04:15:00,1.748,0.000,243.930,7.200,0.000,0.000,0.0
2009-03-11,04:16:00,1.296,0.000,243.410,5.200,0.000,0.000,0.0
2009-03-11,04:17:00,1.306,0.000,242.850,5.400,0.000,0.000,0.0
2009-03-11,04:18:00,1.310,0.000,243.020,5.400,0.000,0.000,0.0
2009-03-11,04:19:00,1.306,0.000,242.340,5.400,0.000,0.000,0.0
2009-03-11,04:20:00,1.304,0.000,242.250,5.400,0.000,0.000,0.0
2009-03-11,04:21:00,1.306,0.000,242.310,5.400,0.000,0.000,0.0
2009-03-11,04:22:00,1.314,0.000,243.260,5.400,0.000,0.000,0.0
2009-03-11,04:23:00,1.318,0.000,243.680,5.400,0.000,0.000,0.0
2009-03-11,04:24:00,1.520,0.206,243.240,6.200,0.000,0.000,0.0
2009-03-11,04:25:00,1.484,0.208,242.220,6.200,0.000,0.000,0.0
2009-03-11,04:26:00,0.536,0.222,242.680,2.600,0.000,0.000,0.0
2009-03-11,04:27:00,0.426,0.222,242.710,2.000,0.000,0.000,0.0
2009-03-11,04:28:00,0.424,0.226,243.390,2.000,0.000,0.000,0.0
2009-03-11,04:29:00,0.422,0.228,243.760,2.000,0.000,0.000,0.0
2009-03-11,04:30:00,0.420,0.232,244.320,2.000,0.000,0.000,0.0
2009-03-11,04:31:00,0.418,0.232,244.530,2.000,0.000,0.000,0.0
2009-03-11,04:32:00,0.416,0.232,244.630,2.000,0.000,0.000,0.0
2009-03-11,04:33:00,0.320,0.092,244.510,1.400,0.000,0.000,0.0
2009-03-11,04:34:00,0.250,0.000,244.830,1.000,0.000,0.000,0.0
2009-03-11,04:35:00,0.250,0.000,244.400,1.000,0.000,0.000,0.0
2009-03-11,04:36:00,0.248,0.000,244.190,1.000,0.000,0.000,0.0
2009-03-11,04:37:00,0.250,0.000,244.450,1.000,0.000,0.000,0.0
2009-03-11,04:38:00,1.160,0.000,243.400,6.000,0.000,0.000,0.0
2009-03-11,04:39:00,1.866,0.000,243.150,7.600,0.000,0.000,0.0
2009-03-11,04:40:00,1.808,0.000,242.810,7.400,0.000,0.000,0.0
2009-03-11,04:41:00,1.798,0.000,242.770,7.400,0.000,0.000,0.0
2009-03-11,04:42:00,1.528,0.000,242.910,6.400,0.000,0.000,0.0
2009-03-11,04:43:00,1.300,0.000,242.940,5.200,0.000,0.000,0.0
2009-03-11,04:44:00,1.310,0.000,243.180,5.400,0.000,0.000,0.0
2009-03-11,04:45:00,1.316,0.000,243.520,5.400,0.000,0.000,0.0
2009-03-11,04:46:00,1.330,0.000,245.060,5.400,0.000,0.000,0.0
2009-03-11,04:47:00,1.334,0.000,245.360,5.400,0.000,0.000,0.0
2009-03-11,04:48:00,1.334,0.000,245.450,5.400,0.000,0.000,0.0
2009-03-11,04:49:00,1.430,0.092,244.700,5.800,0.000,0.000,0.0
2009-03-11,04:50:00,1.430,0.112,244.410,5.800,0.000,0.000,0.0
2009-03-11,04:51:00,0.796,0.122,245.010,3.800,0.000,0.000,0.0
2009-03-11,04:52:00,0.354,0.128,245.060,1.600,0.000,0.000,0.0
2009-03-11,04:53:00,0.348,0.122,243.820,1.400,0.000,0.000,0.0
2009-03-11,04:54:00,0.346,0.120,243.430,1.400,0.000,0.000,0.0
2009-03-11,04:55:00,0.346,0.124,244.180,1.400,0.000,0.000,0.0
2009-03-11,04:56:00,0.346,0.126,244.520,1.400,0.000,0.000,0.0
2009-03-11,04:57:00,0.346,0.124,244.300,1.400,0.000,0.000,0.0
2009-03-11,04:58:00,0.280,0.000,244.660,1.200,0.000,0.000,0.0
2009-03-11,04:59:00,0.250,0.000,244.270,1.000,0.000,0.000,0.0
2009-03-11,05:00:00,0.250,0.000,244.220,1.000,0.000,0.000,0.0
2009-03-11,05:01:00,0.248,0.000,243.780,1.000,0.000,0.000,0.0
2009-03-11,05:02:00,0.248,0.000,243.560,1.000,0.000,0.000,0.0
2009-03-11,05:03:00,0.972,0.000,243.610,5.400,0.000,0.000,0.0
2009-03-11,05:04:00,1.874,0.000,242.480,7.600,0.000,0.000,0.0
2009-03-11,05:05:00,1.800,0.000,242.020,7.400,0.000,0.000,0.0
2009-03-11,05:06:00,1.788,0.000,241.930,7.400,0.000,0.000,0.0
2009-03-11,05:07:00,1.574,0.000,242.860,6.400,0.000,0.000,0.0
2009-03-11,05:08:00,1.298,0.000,242.830,5.200,0.000,0.000,0.0
2009-03-11,05:09:00,1.350,0.000,243.050,5.600,0.000,0.000,0.0
2009-03-11,05:10:00,1.382,0.074,242.610,5.600,0.000,0.000,0.0
2009-03-11,05:11:00,1.382,0.074,242.550,5.600,0.000,0.000,0.0
2009-03-11,05:12:00,1.388,0.076,243.070,5.600,0.000,0.000,0.0
2009-03-11,05:13:00,1.384,0.076,242.870,5.600,0.000,0.000,0.0
2009-03-11,05:14:00,1.458,0.148,243.750,6.000,0.000,0.000,0.0
2009-03-11,05:15:00,1.486,0.220,244.380,6.200,0.000,0.000,0.0
2009-03-11,05:16:00,0.430,0.240,245.620,2.000,0.000,0.000,0.0
2009-03-11,05:17:00,0.424,0.234,244.810,2.000,0.000,0.000,0.0
2009-03-11,05:18:00,0.422,0.234,244.940,2.000,0.000,0.000,0.0
2009-03-11,05:19:00,0.350,0.128,244.910,1.400,0.000,0.000,0.0
2009-03-11,05:20:00,0.348,0.124,244.270,1.400,0.000,0.000,0.0
2009-03-11,05:21:00,0.344,0.120,243.370,1.400,0.000,0.000,0.0
2009-03-11,05:22:00,0.344,0.120,243.290,1.400,0.000,0.000,0.0
2009-03-11,05:23:00,0.308,0.068,243.050,1.400,0.000,0.000,0.0
2009-03-11,05:24:00,0.248,0.000,243.420,1.000,0.000,0.000,0.0
2009-03-11,05:25:00,0.248,0.000,243.540,1.000,0.000,0.000,0.0
2009-03-11,05:26:00,0.248,0.000,243.940,1.000,0.000,0.000,0.0
2009-03-11,05:27:00,0.444,0.000,244.590,3.000,0.000,0.000,0.0
2009-03-11,05:28:00,1.958,0.000,242.980,8.000,0.000,0.000,0.0
2009-03-11,05:29:00,1.814,0.000,242.480,7.400,0.000,0.000,0.0
2009-03-11,05:30:00,1.790,0.000,241.830,7.400,0.000,0.000,0.0
2009-03-11,05:31:00,1.758,0.000,241.230,7.200,0.000,0.000,0.0
2009-03-11,05:32:00,1.368,0.092,241.930,5.600,0.000,0.000,0.0
2009-03-11,05:33:00,1.388,0.094,242.760,5.600,0.000,2.000,0.0
2009-03-11,05:34:00,1.394,0.096,243.110,5.600,0.000,1.000,0.0
2009-03-11,05:35:00,1.398,0.096,243.370,5.600,0.000,2.000,0.0
2009-03-11,05:36:00,1.392,0.094,242.830,5.600,0.000,1.000,0.0
2009-03-11,05:37:00,1.384,0.090,242.020,5.600,0.000,1.000,0.0
2009-03-11,05:38:00,1.388,0.092,242.420,5.600,0.000,2.000,0.0
2009-03-11,05:39:00,1.420,0.116,242.510,5.800,0.000,1.000,0.0
2009-03-11,05:40:00,1.496,0.228,242.200,6.200,0.000,2.000,0.0
2009-03-11,05:41:00,1.108,0.234,242.580,5.000,0.000,1.000,0.0
2009-03-11,05:42:00,0.434,0.246,243.610,2.000,0.000,2.000,0.0
2009-03-11,05:43:00,0.434,0.250,244.400,2.000,0.000,1.000,0.0
2009-03-11,05:44:00,0.434,0.254,244.920,2.000,0.000,1.000,0.0
2009-03-11,05:45:00,0.430,0.254,244.870,2.000,0.000,2.000,0.0
2009-03-11,05:46:00,0.428,0.254,244.860,2.000,0.000,1.000,0.0
2009-03-11,05:47:00,0.426,0.250,244.450,2.000,0.000,1.000,0.0
2009-03-11,05:48:00,0.406,0.226,244.100,1.800,0.000,2.000,0.0
2009-03-11,05:49:00,0.328,0.112,244.790,1.400,0.000,1.000,0.0
2009-03-11,05:50:00,0.328,0.112,244.730,1.400,0.000,1.000,0.0
2009-03-11,05:51:00,0.326,0.112,244.700,1.400,0.000,2.000,0.0
2009-03-11,05:52:00,0.326,0.108,244.210,1.400,0.000,1.000,0.0
2009-03-11,05:53:00,0.976,0.098,243.100,5.400,0.000,1.000,0.0
2009-03-11,05:54:00,1.926,0.000,241.950,7.800,0.000,1.000,0.0
2009-03-11,05:55:00,1.890,0.000,242.810,7.800,0.000,0.000,0.0
2009-03-11,05:56:00,1.874,0.070,242.390,7.600,0.000,0.000,0.0
2009-03-11,05:57:00,1.616,0.072,242.190,6.600,0.000,0.000,0.0
2009-03-11,05:58:00,1.376,0.074,242.360,5.600,0.000,0.000,0.0
2009-03-11,05:59:00,1.390,0.076,243.080,5.600,0.000,0.000,0.0
2009-03-11,06:00:00,1.390,0.076,243.100,5.600,0.000,0.000,0.0
2009-03-11,06:01:00,1.398,0.078,243.900,5.600,0.000,0.000,0.0
2009-03-11,06:02:00,1.394,0.078,243.700,5.600,0.000,0.000,0.0
2009-03-11,06:03:00,1.400,0.082,244.380,5.600,0.000,0.000,0.0
2009-03-11,06:04:00,1.184,0.000,243.680,5.000,0.000,0.000,0.0
2009-03-11,06:05:00,0.368,0.110,243.460,1.600,0.000,0.000,0.0
2009-03-11,06:06:00,0.360,0.118,242.930,1.600,0.000,0.000,0.0
2009-03-11,06:07:00,0.356,0.118,243.050,1.600,0.000,0.000,0.0
2009-03-11,06:08:00,0.354,0.118,242.870,1.600,0.000,0.000,0.0
2009-03-11,06:09:00,0.352,0.118,242.840,1.400,0.000,0.000,0.0
2009-03-11,06:10:00,0.350,0.116,242.470,1.400,0.000,0.000,0.0
2009-03-11,06:11:00,0.348,0.116,242.280,1.400,0.000,0.000,0.0
2009-03-11,06:12:00,0.346,0.114,241.920,1.400,0.000,0.000,0.0
2009-03-11,06:13:00,0.344,0.114,241.940,1.400,0.000,0.000,0.0
2009-03-11,06:14:00,0.264,0.000,242.440,1.200,0.000,0.000,0.0
2009-03-11,06:15:00,0.250,0.000,242.200,1.000,0.000,0.000,0.0
2009-03-11,06:16:00,1.182,0.000,240.980,6.200,0.000,0.000,0.0
2009-03-11,06:17:00,1.832,0.000,240.480,7.600,0.000,0.000,0.0
2009-03-11,06:18:00,1.792,0.000,241.210,7.400,0.000,0.000,0.0
2009-03-11,06:19:00,1.782,0.000,241.170,7.400,0.000,0.000,0.0
2009-03-11,06:20:00,1.436,0.000,241.440,6.000,0.000,0.000,0.0
2009-03-11,06:21:00,1.298,0.000,241.980,5.200,0.000,0.000,0.0
2009-03-11,06:22:00,1.304,0.000,242.050,5.400,0.000,0.000,0.0
2009-03-11,06:23:00,1.302,0.000,241.660,5.400,0.000,0.000,0.0
2009-03-11,06:24:00,1.306,0.000,241.970,5.400,0.000,0.000,0.0
2009-03-11,06:25:00,1.306,0.000,242.080,5.400,0.000,0.000,0.0
2009-03-11,06:26:00,0.916,0.000,242.030,4.200,0.000,0.000,0.0
2009-03-11,06:27:00,0.248,0.000,242.120,1.000,0.000,0.000,0.0
2009-03-11,06:28:00,0.248,0.000,241.860,1.000,0.000,0.000,0.0
2009-03-11,06:29:00,0.248,0.000,242.230,1.000,0.000,0.000,0.0
2009-03-11,06:30:00,0.314,0.000,242.060,1.400,0.000,0.000,0.0
2009-03-11,06:31:00,0.358,0.114,242.160,1.600,0.000,0.000,0.0
2009-03-11,06:32:00,0.356,0.118,242.850,1.600,0.000,0.000,0.0
2009-03-11,06:33:00,0.356,0.120,243.770,1.600,0.000,0.000,0.0
2009-03-11,06:34:00,0.354,0.122,243.970,1.600,0.000,0.000,0.0
2009-03-11,06:35:00,0.352,0.120,243.620,1.400,0.000,0.000,0.0
2009-03-11,06:36:00,0.350,0.120,243.600,1.400,0.000,0.000,0.0
2009-03-11,06:37:00,0.598,0.120,244.050,3.600,0.000,0.000,0.0
2009-03-11,06:38:00,2.040,0.098,242.390,8.400,0.000,0.000,0.0
2009-03-11,06:39:00,1.976,0.000,242.420,8.000,0.000,0.000,0.0
2009-03-11,06:40:00,2.648,0.000,241.460,11.600,0.000,0.000,0.0
2009-03-11,06:41:00,7.640,0.000,235.910,32.400,0.000,0.000,16.0
2009-03-11,06:42:00,7.038,0.000,236.060,29.800,0.000,0.000,17.0
2009-03-11,06:43:00,6.668,0.000,235.610,28.200,0.000,0.000,18.0
2009-03-11,06:44:00,5.316,0.000,236.790,23.000,0.000,0.000,17.0
2009-03-11,06:45:00,5.052,0.000,236.810,21.200,0.000,0.000,18.0
2009-03-11,06:46:00,5.008,0.000,237.430,21.000,0.000,0.000,17.0
2009-03-11,06:47:00,4.910,0.068,237.750,20.600,0.000,0.000,18.0
2009-03-11,06:48:00,4.314,0.074,238.440,18.200,0.000,0.000,17.0
2009-03-11,06:49:00,3.744,0.110,238.630,15.800,0.000,0.000,18.0
2009-03-11,06:50:00,3.408,0.124,238.550,14.600,0.000,0.000,17.0
2009-03-11,06:51:00,3.374,0.114,239.000,14.400,0.000,0.000,18.0
2009-03-11,06:52:00,1.644,0.090,239.880,6.800,0.000,0.000,17.0
2009-03-11,06:53:00,1.614,0.090,239.450,6.800,0.000,0.000,18.0
2009-03-11,06:54:00,1.578,0.000,240.940,6.600,0.000,0.000,18.0
2009-03-11,06:55:00,1.600,0.000,241.250,6.600,0.000,0.000,17.0
2009-03-11,06:56:00,1.668,0.122,240.130,7.000,0.000,0.000,18.0
2009-03-11,06:57:00,1.656,0.120,239.660,6.800,0.000,0.000,18.0
2009-03-11,06:58:00,1.712,0.118,239.490,7.200,0.000,0.000,17.0
2009-03-11,06:59:00,1.746,0.116,239.290,7.200,0.000,0.000,18.0
2009-03-11,07:00:00,1.914,0.114,239.090,8.000,0.000,0.000,17.0
2009-03-11,07:01:00,3.444,0.100,238.400,14.400,0.000,0.000,18.0
2009-03-11,07:02:00,3.258,0.102,238.150,13.600,0.000,0.000,17.0
2009-03-11,07:03:00,3.232,0.102,238.200,13.600,0.000,0.000,18.0
2009-03-11,07:04:00,3.220,0.100,238.170,13.400,0.000,0.000,17.0
2009-03-11,07:05:00,2.726,0.000,238.600,11.400,0.000,0.000,18.0
2009-03-11,07:06:00,2.684,0.000,239.520,11.200,0.000,0.000,17.0
2009-03-11,07:07:00,2.702,0.000,240.230,11.200,0.000,0.000,18.0
2009-03-11,07:08:00,2.694,0.000,239.720,11.200,0.000,0.000,17.0
2009-03-11,07:09:00,2.732,0.000,241.530,11.200,0.000,0.000,18.0
2009-03-11,07:10:00,2.710,0.000,240.850,11.200,0.000,0.000,18.0
2009-03-11,07:11:00,2.394,0.000,241.280,10.000,0.000,0.000,18.0
2009-03-11,07:12:00,1.694,0.000,242.380,7.000,0.000,0.000,18.0
2009-03-11,07:13:00,1.670,0.000,240.420,7.000,0.000,0.000,18.0
2009-03-11,07:14:00,1.672,0.000,240.750,6.800,0.000,0.000,17.0
2009-03-11,07:15:00,1.668,0.000,240.550,6.800,0.000,0.000,18.0
2009-03-11,07:16:00,1.672,0.000,240.660,7.000,0.000,0.000,18.0
2009-03-11,07:17:00,1.814,0.000,240.580,7.600,0.000,0.000,18.0
2009-03-11,07:18:00,1.860,0.000,240.950,7.600,0.000,0.000,18.0
2009-03-11,07:19:00,1.890,0.000,240.070,7.800,0.000,0.000,17.0
2009-03-11,07:20:00,1.908,0.000,239.090,8.000,0.000,0.000,18.0
2009-03-11,07:21:00,2.006,0.116,239.990,8.400,0.000,0.000,17.0
2009-03-11,07:22:00,2.004,0.116,240.020,8.400,0.000,0.000,18.0
2009-03-11,07:23:00,3.380,0.106,239.450,14.400,0.000,0.000,18.0
2009-03-11,07:24:00,3.580,0.104,239.510,14.800,0.000,0.000,17.0
2009-03-11,07:25:00,3.574,0.098,238.910,15.000,0.000,0.000,18.0
2009-03-11,07:26:00,3.556,0.102,239.040,14.800,0.000,0.000,17.0
2009-03-11,07:27:00,3.124,0.104,239.300,13.000,0.000,0.000,18.0
2009-03-11,07:28:00,3.068,0.104,238.810,12.800,0.000,0.000,17.0
2009-03-11,07:29:00,3.166,0.198,239.090,13.200,0.000,0.000,18.0
2009-03-11,07:30:00,3.068,0.110,238.230,12.800,0.000,0.000,17.0
2009-03-11,07:31:00,3.052,0.076,238.920,12.800,0.000,0.000,18.0
2009-03-11,07:32:00,3.050,0.078,239.130,12.800,0.000,0.000,17.0
2009-03-11,07:33:00,3.032,0.074,238.130,12.600,0.000,0.000,18.0
2009-03-11,07:34:00,2.594,0.078,238.650,11.000,0.000,0.000,17.0
2009-03-11,07:35:00,2.200,0.146,238.880,9.200,0.000,0.000,18.0
2009-03-11,07:36:00,2.040,0.082,238.890,8.600,0.000,0.000,17.0
2009-03-11,07:37:00,2.140,0.078,238.270,9.000,0.000,0.000,18.0
2009-03-11,07:38:00,3.022,0.084,237.580,13.000,0.000,0.000,17.0
2009-03-11,07:39:00,3.488,0.092,237.990,14.600,0.000,0.000,17.0
2009-03-11,07:40:00,3.474,0.000,239.420,14.400,0.000,0.000,18.0
2009-03-11,07:41:00,3.388,0.000,238.950,14.200,0.000,0.000,17.0
2009-03-11,07:42:00,3.376,0.000,240.210,14.000,0.000,0.000,18.0
2009-03-11,07:43:00,3.350,0.000,240.060,14.000,0.000,0.000,18.0
2009-03-11,07:44:00,3.328,0.000,239.330,13.800,0.000,0.000,17.0
2009-03-11,07:45:00,3.594,0.000,239.040,15.200,0.000,0.000,18.0
2009-03-11,07:46:00,5.058,0.114,238.460,21.200,0.000,0.000,17.0
2009-03-11,07:47:00,4.924,0.114,238.280,20.600,0.000,0.000,18.0
2009-03-11,07:48:00,4.866,0.112,237.670,20.400,0.000,0.000,17.0
2009-03-11,07:49:00,4.704,0.110,237.300,19.800,0.000,0.000,17.0
2009-03-11,07:50:00,4.262,0.112,236.940,18.000,0.000,0.000,18.0
2009-03-11,07:51:00,4.134,0.118,237.800,17.400,0.000,0.000,17.0
2009-03-11,07:52:00,3.426,0.154,238.930,14.400,0.000,0.000,17.0
2009-03-11,07:53:00,3.392,0.148,238.110,14.200,0.000,0.000,18.0
2009-03-11,07:54:00,2.782,0.092,238.630,11.800,0.000,0.000,17.0
2009-03-11,07:55:00,2.484,0.000,238.090,10.600,0.000,0.000,18.0
2009-03-11,07:56:00,2.938,0.056,237.430,12.200,0.000,0.000,17.0
2009-03-11,07:57:00,2.680,0.052,238.300,11.400,0.000,0.000,17.0
2009-03-11,07:58:00,1.814,0.000,238.510,7.600,0.000,0.000,18.0
2009-03-11,07:59:00,1.764,0.000,239.180,7.400,0.000,0.000,17.0
2009-03-11,08:00:00,1.692,0.000,239.510,7.000,0.000,0.000,18.0
2009-03-11,08:01:00,1.718,0.000,241.150,7.000,0.000,0.000,18.0
2009-03-11,08:02:00,1.760,0.000,240.030,7.200,1.000,0.000,17.0
2009-03-11,08:03:00,1.730,0.000,239.080,7.200,1.000,0.000,18.0
2009-03-11,08:04:00,1.890,0.048,238.690,7.800,1.000,0.000,17.0
2009-03-11,08:05:00,1.678,0.000,238.530,7.000,1.000,0.000,18.0
2009-03-11,08:06:00,1.518,0.074,238.550,6.200,2.000,1.000,17.0
2009-03-11,08:07:00,1.514,0.074,238.840,6.200,1.000,2.000,18.0
2009-03-11,08:08:00,1.506,0.072,237.990,6.200,1.000,1.000,17.0
2009-03-11,08:09:00,1.636,0.080,240.910,6.800,1.000,1.000,18.0
2009-03-11,08:10:00,1.722,0.092,241.160,7.000,1.000,2.000,18.0
2009-03-11,08:11:00,1.802,0.286,240.490,7.600,2.000,1.000,18.0
2009-03-11,08:12:00,1.942,0.322,240.390,8.200,1.000,1.000,17.0
2009-03-11,08:13:00,1.938,0.338,239.740,8.200,1.000,2.000,18.0
2009-03-11,08:14:00,1.902,0.428,239.610,8.000,1.000,1.000,17.0
2009-03-11,08:15:00,1.902,0.428,240.070,8.000,2.000,2.000,18.0
2009-03-11,08:16:00,1.834,0.438,241.540,7.800,1.000,1.000,18.0
2009-03-11,08:17:00,1.804,0.436,241.330,7.600,1.000,1.000,18.0
2009-03-11,08:18:00,1.796,0.434,241.050,7.600,1.000,2.000,18.0
2009-03-11,08:19:00,1.816,0.432,240.730,7.600,1.000,1.000,17.0
2009-03-11,08:20:00,1.942,0.368,239.540,8.200,2.000,2.000,18.0
2009-03-11,08:21:00,1.902,0.304,239.810,8.000,0.000,1.000,18.0
2009-03-11,08:22:00,1.934,0.286,239.740,8.200,2.000,1.000,17.0
2009-03-11,08:23:00,3.352,0.264,237.820,14.800,23.000,1.000,18.0
2009-03-11,08:24:00,3.998,0.248,236.350,16.800,37.000,2.000,17.0
2009-03-11,08:25:00,4.038,0.240,238.390,17.000,38.000,1.000,17.0
2009-03-11,08:26:00,3.922,0.130,238.190,16.400,38.000,1.000,18.0
2009-03-11,08:27:00,3.754,0.000,238.020,15.800,37.000,1.000,17.0
2009-03-11,08:28:00,3.730,0.000,237.390,15.600,38.000,1.000,17.0
2009-03-11,08:29:00,3.698,0.070,238.050,15.400,38.000,0.000,18.0
2009-03-11,08:30:00,3.698,0.068,238.170,15.400,37.000,0.000,17.0
2009-03-11,08:31:00,3.668,0.068,237.380,15.400,38.000,0.000,17.0
2009-03-11,08:32:00,3.668,0.070,237.280,15.400,37.000,0.000,18.0
2009-03-11,08:33:00,3.658,0.070,237.100,15.400,37.000,0.000,17.0
2009-03-11,08:34:00,3.656,0.070,237.070,15.400,38.000,0.000,17.0
2009-03-11,08:35:00,3.680,0.056,237.210,15.400,37.000,0.000,17.0
2009-03-11,08:36:00,2.550,0.078,238.830,11.600,19.000,0.000,18.0
2009-03-11,08:37:00,1.622,0.088,239.220,6.800,1.000,0.000,17.0
2009-03-11,08:38:00,1.598,0.078,238.510,6.800,1.000,0.000,18.0
2009-03-11,08:39:00,1.598,0.076,239.040,6.600,1.000,0.000,17.0
2009-03-11,08:40:00,1.596,0.074,238.620,6.600,2.000,0.000,18.0
2009-03-11,08:41:00,1.600,0.076,238.840,6.600,1.000,0.000,17.0
2009-03-11,08:42:00,1.610,0.078,239.660,6.800,1.000,0.000,18.0
2009-03-11,08:43:00,1.748,0.074,239.150,7.400,1.000,0.000,17.0
2009-03-11,08:44:00,1.880,0.074,238.900,7.800,2.000,0.000,18.0
2009-03-11,08:45:00,1.574,0.000,239.670,6.600,1.000,0.000,18.0
2009-03-11,08:46:00,1.512,0.048,239.900,6.400,1.000,0.000,17.0
2009-03-11,08:47:00,1.506,0.050,239.320,6.200,1.000,0.000,18.0
2009-03-11,08:48:00,1.498,0.052,239.240,6.200,1.000,0.000,17.0
2009-03-11,08:49:00,1.560,0.054,239.030,6.600,1.000,0.000,18.0
2009-03-11,08:50:00,1.666,0.054,238.930,7.000,2.000,0.000,17.0
2009-03-11,08:51:00,1.504,0.050,239.700,6.200,1.000,0.000,18.0
2009-03-11,08:52:00,1.500,0.050,239.510,6.200,1.000,0.000,18.0
2009-03-11,08:53:00,1.500,0.052,239.370,6.200,1.000,0.000,17.0
2009-03-11,08:54:00,1.502,0.050,239.840,6.200,1.000,0.000,18.0
2009-03-11,08:55:00,1.510,0.048,239.880,6.400,2.000,0.000,17.0
2009-03-11,08:56:00,1.622,0.000,239.750,6.800,1.000,0.000,18.0
2009-03-11,08:57:00,1.786,0.052,240.100,7.400,1.000,0.000,18.0
2009-03-11,08:58:00,1.692,0.050,239.570,7.000,1.000,0.000,17.0
2009-03-11,08:59:00,1.690,0.050,239.340,7.000,1.000,0.000,18.0
2009-03-11,09:00:00,1.694,0.056,238.220,7.200,1.000,0.000,17.0
2009-03-11,09:01:00,1.792,0.178,238.950,7.600,2.000,0.000,18.0
2009-03-11,09:02:00,1.788,0.178,239.160,7.400,1.000,0.000,17.0
2009-03-11,09:03:00,1.794,0.184,240.220,7.400,1.000,0.000,18.0
2009-03-11,09:04:00,1.778,0.182,239.600,7.400,1.000,0.000,18.0
2009-03-11,09:05:00,1.678,0.184,239.780,7.000,1.000,0.000,17.0
2009-03-11,09:06:00,1.672,0.186,240.160,7.000,1.000,0.000,18.0
2009-03-11,09:07:00,1.670,0.186,240.200,7.000,2.000,0.000,18.0
2009-03-11,09:08:00,1.634,0.136,239.840,6.800,1.000,0.000,17.0
2009-03-11,09:09:00,1.608,0.086,240.840,6.600,1.000,0.000,18.0
2009-03-11,09:10:00,1.570,0.000,240.950,6.600,1.000,0.000,18.0
2009-03-11,09:11:00,1.510,0.048,239.740,6.400,1.000,0.000,18.0
2009-03-11,09:12:00,1.508,0.048,239.450,6.200,2.000,0.000,17.0
2009-03-11,09:13:00,1.500,0.050,238.840,6.200,1.000,0.000,18.0
2009-03-11,09:14:00,1.500,0.050,238.790,6.200,1.000,0.000,17.0
2009-03-11,09:15:00,1.496,0.050,238.490,6.200,1.000,0.000,18.0
2009-03-11,09:16:00,1.482,0.052,237.770,6.200,1.000,0.000,17.0
2009-03-11,09:17:00,1.482,0.052,237.820,6.200,1.000,0.000,17.0
2009-03-11,09:18:00,1.480,0.054,237.560,6.200,2.000,0.000,18.0
2009-03-11,09:19:00,1.482,0.054,237.730,6.200,1.000,0.000,17.0
2009-03-11,09:20:00,1.486,0.054,237.910,6.200,1.000,0.000,17.0
2009-03-11,09:21:00,1.486,0.052,238.120,6.200,1.000,0.000,18.0
2009-03-11,09:22:00,1.492,0.054,238.600,6.200,1.000,0.000,17.0
2009-03-11,09:23:00,1.502,0.050,239.580,6.200,1.000,0.000,18.0
2009-03-11,09:24:00,1.484,0.054,237.550,6.200,2.000,0.000,17.0
2009-03-11,09:25:00,1.506,0.000,237.720,6.400,1.000,0.000,17.0
2009-03-11,09:26:00,1.604,0.074,238.150,6.800,1.000,0.000,18.0
2009-03-11,09:27:00,1.610,0.078,239.310,6.800,1.000,0.000,17.0
2009-03-11,09:28:00,1.616,0.102,239.910,6.800,2.000,0.000,18.0
2009-03-11,09:29:00,1.582,0.128,240.940,6.600,0.000,0.000,18.0
2009-03-11,09:30:00,1.576,0.120,240.610,6.600,1.000,0.000,17.0
2009-03-11,09:31:00,1.568,0.106,241.310,6.600,0.000,0.000,18.0
2009-03-11,09:32:00,1.580,0.094,241.560,6.600,1.000,0.000,18.0
2009-03-11,09:33:00,1.568,0.120,240.770,6.600,0.000,0.000,18.0
2009-03-11,09:34:00,1.594,0.098,240.450,6.600,1.000,0.000,18.0
2009-03-11,09:35:00,1.566,0.000,240.240,6.600,1.000,0.000,17.0
2009-03-11,09:36:00,1.518,0.000,240.430,6.400,2.000,0.000,18.0
2009-03-11,09:37:00,1.502,0.050,239.700,6.200,1.000,0.000,18.0
2009-03-11,09:38:00,1.506,0.050,239.870,6.200,1.000,0.000,17.0
2009-03-11,09:39:00,1.504,0.048,239.910,6.200,1.000,0.000,18.0
2009-03-11,09:40:00,1.504,0.048,239.790,6.200,2.000,0.000,18.0
2009-03-11,09:41:00,1.500,0.048,239.610,6.200,1.000,0.000,17.0
2009-03-11,09:42:00,1.520,0.000,239.310,6.400,0.000,0.000,18.0
2009-03-11,09:43:00,1.544,0.080,239.430,6.400,1.000,0.000,17.0
2009-03-11,09:44:00,1.552,0.074,239.870,6.400,1.000,0.000,18.0
2009-03-11,09:45:00,1.860,0.058,239.490,8.400,4.000,0.000,18.0
2009-03-11,09:46:00,3.762,0.000,238.280,15.800,37.000,0.000,17.0
2009-03-11,09:47:00,3.770,0.000,238.650,15.800,38.000,0.000,18.0
2009-03-11,09:48:00,3.748,0.000,238.020,15.600,38.000,0.000,17.0
2009-03-11,09:49:00,3.748,0.000,238.090,15.600,37.000,0.000,17.0
2009-03-11,09:50:00,3.764,0.052,237.820,15.800,38.000,0.000,18.0
2009-03-11,09:51:00,3.834,0.162,237.480,16.200,37.000,0.000,17.0
2009-03-11,09:52:00,3.806,0.158,236.810,16.000,37.000,0.000,17.0
2009-03-11,09:53:00,3.816,0.152,237.070,16.000,37.000,0.000,17.0
2009-03-11,09:54:00,3.792,0.050,236.860,16.000,38.000,0.000,18.0
2009-03-11,09:55:00,3.856,0.052,237.620,16.200,37.000,0.000,17.0
2009-03-11,09:56:00,3.974,0.050,237.520,16.600,37.000,0.000,17.0
2009-03-11,09:57:00,3.802,0.052,237.430,16.000,37.000,0.000,18.0
2009-03-11,09:58:00,3.778,0.050,236.910,16.000,38.000,0.000,17.0
2009-03-11,09:59:00,3.768,0.048,236.890,15.800,36.000,0.000,17.0
2009-03-11,10:00:00,2.864,0.000,237.910,13.000,25.000,0.000,17.0
2009-03-11,10:01:00,1.482,0.066,239.400,6.200,0.000,0.000,18.0
2009-03-11,10:02:00,1.482,0.066,239.260,6.200,0.000,0.000,17.0
2009-03-11,10:03:00,1.482,0.064,239.610,6.200,0.000,0.000,18.0
2009-03-11,10:04:00,1.506,0.000,240.200,6.400,0.000,0.000,18.0
2009-03-11,10:05:00,1.494,0.056,240.360,6.200,1.000,0.000,17.0
2009-03-11,10:06:00,1.492,0.062,240.990,6.200,0.000,0.000,18.0
2009-03-11,10:07:00,1.494,0.064,241.290,6.200,0.000,0.000,18.0
2009-03-11,10:08:00,1.488,0.066,240.620,6.200,0.000,0.000,18.0
2009-03-11,10:09:00,1.484,0.068,240.370,6.200,0.000,0.000,18.0
2009-03-11,10:10:00,1.476,0.070,239.520,6.200,0.000,0.000,17.0
2009-03-11,10:11:00,1.504,0.064,242.140,6.200,0.000,0.000,18.0
2009-03-11,10:12:00,1.506,0.064,242.450,6.200,0.000,0.000,18.0
2009-03-11,10:13:00,1.522,0.060,244.020,6.200,0.000,0.000,18.0
2009-03-11,10:14:00,1.512,0.062,243.050,6.200,0.000,0.000,18.0
2009-03-11,10:15:00,1.538,0.000,242.890,6.400,0.000,0.000,18.0
2009-03-11,10:16:00,1.622,0.076,243.350,6.800,0.000,0.000,19.0
2009-03-11,10:17:00,1.624,0.080,243.920,6.600,0.000,0.000,18.0
2009-03-11,10:18:00,1.626,0.080,244.270,6.600,0.000,0.000,18.0
2009-03-11,10:19:00,1.616,0.078,243.650,6.600,0.000,0.000,18.0
2009-03-11,10:20:00,1.612,0.076,243.320,6.600,0.000,0.000,18.0
2009-03-11,10:21:00,1.620,0.080,244.280,6.600,0.000,0.000,19.0
2009-03-11,10:22:00,1.622,0.080,244.450,6.600,0.000,0.000,18.0
2009-03-11,10:23:00,1.622,0.082,244.580,6.600,0.000,0.000,18.0
2009-03-11,10:24:00,1.624,0.082,244.740,6.600,0.000,0.000,19.0
2009-03-11,10:25:00,1.574,0.000,244.080,6.400,0.000,0.000,18.0
2009-03-11,10:26:00,1.518,0.060,243.470,6.200,0.000,0.000,18.0
2009-03-11,10:27:00,1.526,0.056,244.430,6.200,0.000,0.000,18.0
2009-03-11,10:28:00,1.592,0.000,244.200,6.600,0.000,0.000,19.0
2009-03-11,10:29:00,1.594,0.046,243.770,6.600,0.000,0.000,18.0
2009-03-11,10:30:00,1.598,0.048,244.100,6.600,0.000,0.000,18.0
2009-03-11,10:31:00,1.594,0.048,243.940,6.600,0.000,0.000,18.0
2009-03-11,10:32:00,1.592,0.046,243.610,6.600,0.000,0.000,19.0
2009-03-11,10:33:00,1.592,0.046,243.810,6.600,0.000,0.000,18.0
2009-03-11,10:34:00,1.598,0.056,244.020,6.600,0.000,0.000,18.0
2009-03-11,10:35:00,1.626,0.092,243.860,6.800,0.000,0.000,18.0
2009-03-11,10:36:00,1.590,0.048,243.990,6.600,0.000,0.000,18.0
2009-03-11,10:37:00,1.592,0.048,244.190,6.600,0.000,0.000,19.0
2009-03-11,10:38:00,1.758,0.150,244.550,7.200,0.000,0.000,18.0
2009-03-11,10:39:00,2.496,0.144,243.320,10.600,0.000,2.000,18.0
2009-03-11,10:40:00,1.692,0.112,243.840,7.000,0.000,1.000,18.0
2009-03-11,10:41:00,2.154,0.222,243.530,9.200,0.000,1.000,18.0
2009-03-11,10:42:00,2.438,0.246,243.320,10.400,0.000,2.000,19.0
2009-03-11,10:43:00,2.456,0.244,242.980,10.600,0.000,1.000,18.0
2009-03-11,10:44:00,1.928,0.206,244.300,8.200,0.000,2.000,18.0
2009-03-11,10:45:00,1.710,0.210,244.290,7.000,0.000,1.000,18.0
2009-03-11,10:46:00,1.720,0.208,244.130,7.200,0.000,1.000,19.0
2009-03-11,10:47:00,1.704,0.206,243.790,7.000,0.000,2.000,18.0
2009-03-11,10:48:00,1.712,0.206,243.690,7.200,0.000,1.000,18.0
2009-03-11,10:49:00,1.712,0.206,243.960,7.200,0.000,2.000,18.0
2009-03-11,10:50:00,1.714,0.208,244.330,7.200,0.000,1.000,18.0
2009-03-11,10:51:00,1.748,0.208,244.320,7.200,0.000,1.000,19.0
2009-03-11,10:52:00,1.816,0.098,244.130,7.400,0.000,2.000,18.0
2009-03-11,10:53:00,1.636,0.072,245.040,6.800,0.000,1.000,18.0
2009-03-11,10:54:00,1.618,0.074,245.220,6.600,0.000,1.000,19.0
2009-03-11,10:55:00,1.612,0.068,244.180,6.600,0.000,2.000,18.0
2009-03-11,10:56:00,1.596,0.064,242.940,6.600,0.000,1.000,18.0
2009-03-11,10:57:00,1.580,0.060,241.720,6.600,0.000,1.000,18.0
2009-03-11,10:58:00,1.584,0.062,242.280,6.600,0.000,2.000,18.0
2009-03-11,10:59:00,1.592,0.060,242.140,6.600,0.000,1.000,18.0
2009-03-11,11:00:00,1.576,0.058,241.760,6.600,0.000,1.000,18.0
2009-03-11,11:01:00,2.672,0.064,241.230,12.200,16.000,1.000,18.0
2009-03-11,11:02:00,3.874,0.000,240.400,16.000,39.000,0.000,17.0
2009-03-11,11:03:00,3.854,0.000,240.370,16.000,40.000,0.000,18.0
2009-03-11,11:04:00,3.854,0.000,240.690,16.000,39.000,0.000,18.0
2009-03-11,11:05:00,3.900,0.064,240.450,16.200,39.000,0.000,18.0
2009-03-11,11:06:00,3.956,0.158,240.480,16.400,39.000,0.000,17.0
2009-03-11,11:07:00,3.990,0.194,239.860,16.600,40.000,0.000,18.0
2009-03-11,11:08:00,4.006,0.258,239.990,16.600,39.000,0.000,18.0
2009-03-11,11:09:00,4.014,0.256,239.920,16.800,39.000,0.000,17.0
2009-03-11,11:10:00,3.994,0.254,239.750,16.600,39.000,0.000,18.0
2009-03-11,11:11:00,4.008,0.256,240.250,16.600,39.000,0.000,18.0
2009-03-11,11:12:00,4.032,0.260,240.810,16.800,40.000,0.000,17.0
2009-03-11,11:13:00,3.996,0.256,240.050,16.600,39.000,0.000,18.0
2009-03-11,11:14:00,3.962,0.244,238.720,16.600,38.000,0.000,18.0
2009-03-11,11:15:00,3.966,0.248,238.920,16.600,39.000,0.000,17.0
2009-03-11,11:16:00,3.918,0.206,238.660,16.400,39.000,0.000,18.0
2009-03-11,11:17:00,3.858,0.118,238.910,16.200,39.000,0.000,17.0
2009-03-11,11:18:00,3.848,0.114,238.280,16.200,38.000,0.000,17.0
2009-03-11,11:19:00,3.860,0.110,238.460,16.200,39.000,0.000,18.0
2009-03-11,11:20:00,3.784,0.000,238.600,15.800,39.000,0.000,17.0
2009-03-11,11:21:00,3.794,0.000,238.790,15.800,38.000,0.000,18.0
2009-03-11,11:22:00,3.792,0.000,238.870,15.800,39.000,0.000,17.0
2009-03-11,11:23:00,2.966,0.000,240.030,13.200,24.000,0.000,18.0
2009-03-11,11:24:00,1.752,0.000,241.370,7.200,1.000,0.000,18.0
2009-03-11,11:25:00,1.840,0.000,241.660,7.800,2.000,0.000,18.0
2009-03-11,11:26:00,3.936,0.000,239.080,16.400,38.000,0.000,17.0
2009-03-11,11:27:00,3.894,0.000,239.120,16.200,39.000,0.000,18.0
2009-03-11,11:28:00,4.808,0.000,238.950,20.600,38.000,14.000,17.0
2009-03-11,11:29:00,4.306,0.000,239.760,18.400,11.000,38.000,18.0
2009-03-11,11:30:00,3.962,0.110,239.520,16.600,1.000,39.000,17.0
2009-03-11,11:31:00,4.926,0.122,237.860,21.200,15.000,38.000,18.0
2009-03-11,11:32:00,6.100,0.108,236.560,25.800,38.000,38.000,17.0
2009-03-11,11:33:00,6.088,0.106,235.940,25.800,38.000,37.000,17.0
2009-03-11,11:34:00,5.878,0.108,236.350,25.000,36.000,38.000,17.0
2009-03-11,11:35:00,3.938,0.126,238.410,16.400,1.000,39.000,18.0
2009-03-11,11:36:00,3.972,0.128,238.910,16.600,2.000,38.000,17.0
2009-03-11,11:37:00,2.936,0.140,240.290,13.000,11.000,11.000,18.0
2009-03-11,11:38:00,4.460,0.126,239.050,19.000,39.000,7.000,17.0
2009-03-11,11:39:00,5.346,0.118,238.370,22.800,39.000,27.000,18.0
2009-03-11,11:40:00,2.856,0.114,240.370,12.800,22.000,1.000,17.0
2009-03-11,11:41:00,1.636,0.000,241.900,6.800,0.000,1.000,18.0
2009-03-11,11:42:00,1.608,0.000,241.940,6.600,1.000,2.000,18.0
2009-03-11,11:43:00,1.608,0.000,242.000,6.600,0.000,1.000,18.0
2009-03-11,11:44:00,1.610,0.000,241.950,6.600,1.000,1.000,18.0
2009-03-11,11:45:00,1.604,0.000,241.940,6.600,0.000,2.000,18.0
2009-03-11,11:46:00,1.600,0.000,241.720,6.600,1.000,1.000,18.0
2009-03-11,11:47:00,1.598,0.000,241.690,6.600,0.000,1.000,18.0
2009-03-11,11:48:00,1.596,0.000,241.750,6.600,1.000,2.000,18.0
2009-03-11,11:49:00,1.586,0.000,242.060,6.600,0.000,1.000,18.0
2009-03-11,11:50:00,1.590,0.000,242.330,6.600,1.000,1.000,18.0
2009-03-11,11:51:00,1.712,0.000,241.940,7.200,0.000,1.000,18.0
2009-03-11,11:52:00,1.708,0.000,241.960,7.000,0.000,1.000,18.0
2009-03-11,11:53:00,1.642,0.000,242.660,6.800,1.000,1.000,18.0
2009-03-11,11:54:00,1.706,0.094,242.260,7.200,0.000,1.000,18.0
2009-03-11,11:55:00,2.028,0.406,242.060,8.600,1.000,1.000,18.0
2009-03-11,11:56:00,2.976,0.390,241.630,13.200,0.000,15.000,18.0
2009-03-11,11:57:00,2.672,0.388,241.690,12.000,1.000,14.000,17.0
2009-03-11,11:58:00,2.026,0.388,242.550,8.400,0.000,1.000,18.0
2009-03-11,11:59:00,1.980,0.382,241.890,8.200,1.000,1.000,18.0
2009-03-11,12:00:00,1.982,0.376,241.230,8.400,0.000,1.000,18.0
2009-03-11,12:01:00,1.982,0.368,240.830,8.400,1.000,1.000,18.0
2009-03-11,12:02:00,1.958,0.364,240.230,8.200,0.000,2.000,18.0
2009-03-11,12:03:00,1.970,0.366,240.720,8.200,1.000,1.000,18.0
2009-03-11,12:04:00,1.958,0.362,240.460,8.200,0.000,1.000,17.0
2009-03-11,12:05:00,1.990,0.372,242.430,8.400,1.000,1.000,18.0
2009-03-11,12:06:00,1.852,0.200,243.350,7.600,0.000,1.000,18.0
2009-03-11,12:07:00,1.640,0.000,243.400,6.800,1.000,1.000,18.0
2009-03-11,12:08:00,1.592,0.000,242.800,6.600,0.000,1.000,19.0
2009-03-11,12:09:00,1.556,0.000,241.890,6.400,1.000,1.000,18.0
2009-03-11,12:10:00,1.570,0.000,242.400,6.600,0.000,1.000,18.0
2009-03-11,12:11:00,1.566,0.000,242.660,6.600,0.000,0.000,18.0
2009-03-11,12:12:00,1.574,0.000,243.510,6.600,0.000,2.000,18.0
2009-03-11,12:13:00,1.648,0.000,243.420,6.800,0.000,2.000,18.0
2009-03-11,12:14:00,1.748,0.000,244.090,7.200,0.000,4.000,18.0
2009-03-11,12:15:00,1.752,0.000,245.270,7.200,0.000,4.000,19.0
2009-03-11,12:16:00,1.570,0.000,245.330,6.400,0.000,1.000,18.0
2009-03-11,12:17:00,1.558,0.062,244.190,6.400,0.000,0.000,18.0
2009-03-11,12:18:00,1.580,0.064,243.790,6.600,0.000,1.000,18.0
2009-03-11,12:19:00,1.644,0.000,243.920,6.800,0.000,2.000,19.0
2009-03-11,12:20:00,1.698,0.068,243.920,7.000,0.000,1.000,18.0
2009-03-11,12:21:00,1.678,0.068,243.730,6.800,0.000,1.000,18.0
2009-03-11,12:22:00,1.694,0.070,244.220,7.000,0.000,2.000,18.0
2009-03-11,12:23:00,1.694,0.072,244.120,7.000,0.000,1.000,19.0
2009-03-11,12:24:00,1.788,0.078,244.430,7.400,0.000,2.000,18.0
2009-03-11,12:25:00,2.326,0.092,243.310,10.000,0.000,1.000,18.0
2009-03-11,12:26:00,1.966,0.066,243.780,8.000,0.000,1.000,18.0
2009-03-11,12:27:00,1.744,0.070,244.010,7.200,0.000,2.000,18.0
2009-03-11,12:28:00,2.260,0.110,244.030,9.600,0.000,1.000,19.0
2009-03-11,12:29:00,1.758,0.118,244.140,7.200,0.000,1.000,18.0
2009-03-11,12:30:00,1.628,0.000,245.400,6.600,0.000,2.000,18.0
2009-03-11,12:31:00,1.644,0.000,245.010,6.800,0.000,1.000,19.0
2009-03-11,12:32:00,1.756,0.000,244.080,7.200,0.000,5.000,18.0
2009-03-11,12:33:00,1.548,0.000,244.300,6.400,0.000,1.000,18.0
2009-03-11,12:34:00,1.558,0.056,244.430,6.400,0.000,1.000,19.0
2009-03-11,12:35:00,1.580,0.062,244.550,6.400,0.000,1.000,18.0
2009-03-11,12:36:00,1.598,0.064,245.000,6.600,0.000,1.000,18.0
2009-03-11,12:37:00,1.596,0.064,244.980,6.600,0.000,2.000,19.0
2009-03-11,12:38:00,1.600,0.062,245.330,6.600,0.000,1.000,18.0
2009-03-11,12:39:00,1.610,0.060,245.960,6.600,0.000,2.000,19.0
2009-03-11,12:40:00,1.646,0.000,245.450,6.800,0.000,1.000,18.0
2009-03-11,12:41:00,1.686,0.048,245.780,6.800,0.000,1.000,19.0
2009-03-11,12:42:00,1.686,0.048,246.070,6.800,0.000,2.000,18.0
2009-03-11,12:43:00,1.684,0.046,245.690,6.800,0.000,1.000,19.0
2009-03-11,12:44:00,1.758,0.134,245.110,7.200,0.000,2.000,18.0
2009-03-11,12:45:00,1.726,0.244,247.150,7.000,0.000,1.000,19.0
2009-03-11,12:46:00,1.820,0.242,247.100,7.400,0.000,1.000,18.0
2009-03-11,12:47:00,1.872,0.214,245.850,7.600,0.000,2.000,19.0
2009-03-11,12:48:00,1.816,0.208,245.840,7.400,0.000,0.000,18.0
2009-03-11,12:49:00,1.978,0.258,245.620,8.200,0.000,4.000,19.0
2009-03-11,12:50:00,1.742,0.262,245.080,7.200,0.000,4.000,18.0
2009-03-11,12:51:00,1.750,0.274,245.340,7.200,0.000,4.000,19.0
2009-03-11,12:52:00,1.732,0.242,245.550,7.000,0.000,5.000,18.0
2009-03-11,12:53:00,1.596,0.162,245.970,6.400,0.000,3.000,19.0
2009-03-11,12:54:00,1.446,0.112,246.830,5.800,0.000,0.000,18.0
2009-03-11,12:55:00,1.344,0.000,246.040,5.400,0.000,0.000,19.0
2009-03-11,12:56:00,1.476,0.000,246.080,6.000,0.000,0.000,18.0
2009-03-11,12:57:00,1.422,0.000,245.760,5.800,0.000,0.000,19.0
2009-03-11,12:58:00,1.332,0.000,245.530,5.400,0.000,0.000,18.0
2009-03-11,12:59:00,1.322,0.000,244.560,5.400,0.000,0.000,19.0
2009-03-11,13:00:00,1.320,0.000,244.360,5.400,0.000,0.000,18.0
2009-03-11,13:01:00,1.324,0.000,244.750,5.400,0.000,0.000,18.0
2009-03-11,13:02:00,1.326,0.000,244.890,5.400,0.000,0.000,19.0
2009-03-11,13:03:00,1.320,0.000,244.330,5.400,0.000,0.000,18.0
2009-03-11,13:04:00,1.316,0.000,243.890,5.400,0.000,0.000,18.0
2009-03-11,13:05:00,1.306,0.000,243.070,5.400,0.000,0.000,18.0
2009-03-11,13:06:00,1.306,0.000,243.060,5.400,0.000,0.000,18.0
2009-03-11,13:07:00,1.372,0.000,243.490,5.600,0.000,0.000,19.0
2009-03-11,13:08:00,1.402,0.084,244.280,5.600,0.000,1.000,18.0
2009-03-11,13:09:00,1.496,0.192,244.280,6.200,0.000,2.000,18.0
2009-03-11,13:10:00,1.552,0.218,243.540,6.400,0.000,1.000,18.0
2009-03-11,13:11:00,1.596,0.214,242.760,6.600,0.000,1.000,18.0
2009-03-11,13:12:00,1.492,0.218,243.210,6.200,0.000,2.000,18.0
2009-03-11,13:13:00,1.486,0.216,242.910,6.200,0.000,1.000,19.0
2009-03-11,13:14:00,1.484,0.216,242.860,6.000,0.000,2.000,18.0
2009-03-11,13:15:00,1.468,0.210,241.420,6.000,0.000,1.000,17.0
2009-03-11,13:16:00,1.462,0.208,241.090,6.000,0.000,2.000,18.0
2009-03-11,13:17:00,1.460,0.208,240.850,6.000,0.000,1.000,18.0
2009-03-11,13:18:00,1.462,0.208,241.140,6.000,0.000,1.000,18.0
2009-03-11,13:19:00,1.422,0.148,241.470,5.800,0.000,2.000,18.0
2009-03-11,13:20:00,1.378,0.078,242.180,5.600,0.000,1.000,18.0
2009-03-11,13:21:00,1.374,0.076,241.860,5.600,0.000,2.000,18.0
2009-03-11,13:22:00,1.378,0.078,242.290,5.600,0.000,1.000,18.0
2009-03-11,13:23:00,1.386,0.080,243.040,5.600,0.000,1.000,18.0
2009-03-11,13:24:00,1.382,0.080,242.910,5.600,0.000,2.000,18.0
2009-03-11,13:25:00,1.376,0.078,242.450,5.600,0.000,1.000,18.0
2009-03-11,13:26:00,1.474,0.186,243.200,6.000,0.000,1.000,18.0
2009-03-11,13:27:00,1.454,0.186,242.830,6.000,0.000,2.000,18.0
2009-03-11,13:28:00,1.452,0.184,242.660,6.000,0.000,1.000,18.0
2009-03-11,13:29:00,1.448,0.184,242.420,6.000,0.000,1.000,18.0
2009-03-11,13:30:00,1.446,0.182,242.400,6.000,0.000,2.000,18.0
2009-03-11,13:31:00,1.392,0.082,243.150,5.600,0.000,0.000,18.0
2009-03-11,13:32:00,1.380,0.062,243.330,5.600,0.000,0.000,18.0
2009-03-11,13:33:00,1.382,0.064,243.590,5.600,0.000,0.000,18.0
2009-03-11,13:34:00,1.486,0.190,242.800,6.200,0.000,0.000,18.0
2009-03-11,13:35:00,1.468,0.194,241.990,6.000,0.000,0.000,18.0
2009-03-11,13:36:00,1.468,0.192,241.930,6.000,0.000,0.000,18.0
2009-03-11,13:37:00,1.434,0.136,242.300,5.800,0.000,0.000,18.0
2009-03-11,13:38:00,1.408,0.092,242.840,5.800,0.000,0.000,18.0
2009-03-11,13:39:00,1.410,0.092,243.240,5.800,0.000,0.000,19.0
2009-03-11,13:40:00,1.404,0.092,242.870,5.800,0.000,0.000,18.0
2009-03-11,13:41:00,1.406,0.092,243.020,5.800,0.000,0.000,18.0
2009-03-11,13:42:00,1.410,0.094,243.590,5.800,0.000,0.000,18.0
2009-03-11,13:43:00,1.414,0.096,243.980,5.800,0.000,0.000,18.0
2009-03-11,13:44:00,1.354,0.000,244.130,5.400,0.000,0.000,18.0
2009-03-11,13:45:00,1.322,0.000,244.180,5.400,0.000,0.000,19.0
2009-03-11,13:46:00,1.322,0.000,244.140,5.400,0.000,0.000,18.0
2009-03-11,13:47:00,1.326,0.000,244.410,5.400,0.000,0.000,18.0
2009-03-11,13:48:00,1.326,0.000,244.380,5.400,0.000,0.000,18.0
2009-03-11,13:49:00,1.328,0.000,244.550,5.400,0.000,0.000,19.0
2009-03-11,13:50:00,1.324,0.000,244.140,5.400,0.000,0.000,18.0
2009-03-11,13:51:00,1.318,0.000,243.430,5.400,0.000,0.000,18.0
2009-03-11,13:52:00,1.316,0.000,243.440,5.400,0.000,0.000,18.0
2009-03-11,13:53:00,1.304,0.000,242.310,5.400,0.000,0.000,18.0
2009-03-11,13:54:00,1.302,0.000,242.160,5.400,0.000,0.000,18.0
2009-03-11,13:55:00,1.304,0.000,242.290,5.400,0.000,0.000,18.0
2009-03-11,13:56:00,1.332,0.000,245.070,5.400,0.000,0.000,19.0
2009-03-11,13:57:00,1.330,0.000,244.790,5.400,0.000,0.000,18.0
2009-03-11,13:58:00,1.356,0.000,245.000,5.400,0.000,0.000,18.0
2009-03-11,13:59:00,1.432,0.098,244.210,5.800,0.000,0.000,19.0
2009-03-11,14:00:00,1.430,0.098,244.390,5.800,0.000,0.000,18.0
2009-03-11,14:01:00,1.430,0.098,244.600,5.800,0.000,0.000,18.0
2009-03-11,14:02:00,1.418,0.096,243.790,5.800,0.000,0.000,18.0
2009-03-11,14:03:00,1.418,0.096,243.910,5.800,0.000,0.000,19.0
2009-03-11,14:04:00,1.412,0.094,243.370,5.800,0.000,0.000,18.0
2009-03-11,14:05:00,1.408,0.094,243.230,5.800,0.000,0.000,18.0
2009-03-11,14:06:00,1.406,0.094,243.140,5.800,0.000,0.000,18.0
2009-03-11,14:07:00,1.424,0.092,242.970,5.800,0.000,0.000,18.0
2009-03-11,14:08:00,1.660,0.082,242.350,6.800,0.000,0.000,18.0
2009-03-11,14:09:00,1.622,0.046,243.680,6.600,0.000,0.000,18.0
2009-03-11,14:10:00,1.642,0.046,243.660,6.600,0.000,0.000,18.0
2009-03-11,14:11:00,1.808,0.070,243.870,7.400,0.000,0.000,19.0
2009-03-11,14:12:00,3.156,0.112,241.980,13.600,0.000,22.000,18.0
2009-03-11,14:13:00,3.886,0.112,241.890,16.000,0.000,37.000,18.0
2009-03-11,14:14:00,3.360,0.106,242.190,14.400,0.000,28.000,18.0
2009-03-11,14:15:00,5.472,0.100,240.010,23.200,0.000,60.000,17.0
2009-03-11,14:16:00,5.762,0.084,239.960,24.200,0.000,65.000,18.0
2009-03-11,14:17:00,6.178,0.088,240.240,25.600,0.000,75.000,18.0
2009-03-11,14:18:00,6.168,0.088,240.660,25.600,0.000,75.000,17.0
2009-03-11,14:19:00,6.140,0.088,240.050,25.400,0.000,74.000,18.0
2009-03-11,14:20:00,6.172,0.088,240.860,25.600,0.000,75.000,18.0
2009-03-11,14:21:00,6.136,0.088,240.090,25.400,0.000,74.000,17.0
2009-03-11,14:22:00,5.432,0.000,241.320,22.600,0.000,64.000,18.0
2009-03-11,14:23:00,5.154,0.000,241.190,21.400,0.000,60.000,18.0
2009-03-11,14:24:00,3.984,0.134,242.010,16.400,0.000,37.000,18.0
2009-03-11,14:25:00,2.904,0.152,242.510,12.000,0.000,21.000,18.0
2009-03-11,14:26:00,3.666,0.134,241.790,15.200,0.000,32.000,18.0
2009-03-11,14:27:00,3.360,0.146,242.120,14.000,0.000,29.000,18.0
2009-03-11,14:28:00,3.202,0.140,242.060,13.400,0.000,24.000,18.0
2009-03-11,14:29:00,3.636,0.144,241.960,15.200,0.000,33.000,18.0
2009-03-11,14:30:00,2.932,0.144,242.770,12.200,0.000,19.000,18.0
2009-03-11,14:31:00,3.784,0.140,241.620,15.600,0.000,36.000,18.0
2009-03-11,14:32:00,2.780,0.146,243.110,11.400,0.000,18.000,18.0
2009-03-11,14:33:00,3.808,0.106,241.520,15.800,0.000,35.000,18.0
2009-03-11,14:34:00,2.704,0.000,242.270,11.000,0.000,18.000,18.0
2009-03-11,14:35:00,3.854,0.000,241.070,16.000,0.000,35.000,17.0
2009-03-11,14:36:00,2.732,0.000,241.680,11.200,0.000,18.000,18.0
2009-03-11,14:37:00,3.700,0.000,240.570,15.400,0.000,35.000,18.0
2009-03-11,14:38:00,2.648,0.000,241.180,10.800,0.000,17.000,18.0
2009-03-11,14:39:00,3.642,0.000,241.250,15.200,0.000,34.000,18.0
2009-03-11,14:40:00,2.656,0.000,242.040,10.800,0.000,18.000,18.0
2009-03-11,14:41:00,3.560,0.000,242.140,14.800,0.000,32.000,18.0
2009-03-11,14:42:00,2.720,0.000,243.160,11.200,0.000,18.000,18.0
2009-03-11,14:43:00,3.522,0.000,242.670,14.600,0.000,32.000,18.0
2009-03-11,14:44:00,2.918,0.000,243.780,12.000,0.000,21.000,18.0
2009-03-11,14:45:00,3.290,0.000,242.390,13.800,0.000,29.000,18.0
2009-03-11,14:46:00,3.116,0.000,242.940,13.000,0.000,24.000,18.0
2009-03-11,14:47:00,3.088,0.000,243.460,12.800,0.000,26.000,18.0
2009-03-11,14:48:00,3.320,0.068,242.880,13.800,0.000,26.000,18.0
2009-03-11,14:49:00,3.114,0.164,243.290,13.000,0.000,24.000,18.0
2009-03-11,14:50:00,3.520,0.136,243.020,14.600,0.000,29.000,19.0
2009-03-11,14:51:00,2.940,0.176,243.340,12.200,0.000,21.000,18.0
2009-03-11,14:52:00,3.658,0.166,242.590,15.200,0.000,32.000,18.0
2009-03-11,14:53:00,2.846,0.182,243.360,11.600,0.000,17.000,18.0
2009-03-11,14:54:00,3.750,0.104,242.580,15.600,0.000,32.000,18.0
2009-03-11,14:55:00,3.082,0.130,243.310,12.600,0.000,18.000,18.0
2009-03-11,14:56:00,3.660,0.100,243.000,15.200,0.000,31.000,18.0
2009-03-11,14:57:00,3.422,0.234,243.790,14.200,0.000,23.000,18.0
2009-03-11,14:58:00,3.452,0.146,243.900,14.400,0.000,26.000,18.0
2009-03-11,14:59:00,3.552,0.122,243.840,14.800,0.000,27.000,19.0
2009-03-11,15:00:00,3.134,0.116,244.580,12.800,0.000,22.000,18.0
2009-03-11,15:01:00,3.786,0.124,243.980,15.600,0.000,31.000,18.0
2009-03-11,15:02:00,3.002,0.110,244.780,12.200,0.000,19.000,19.0
2009-03-11,15:03:00,3.718,0.124,244.910,15.400,0.000,31.000,18.0
2009-03-11,15:04:00,2.220,0.166,246.080,9.000,0.000,6.000,18.0
2009-03-11,15:05:00,2.808,0.234,244.900,11.600,0.000,14.000,19.0
2009-03-11,15:06:00,3.718,0.200,243.740,15.400,0.000,30.000,18.0
2009-03-11,15:07:00,3.766,0.216,243.270,15.600,0.000,33.000,18.0
2009-03-11,15:08:00,3.090,0.102,243.320,12.800,0.000,20.000,18.0
2009-03-11,15:09:00,3.604,0.102,241.840,15.000,0.000,32.000,18.0
2009-03-11,15:10:00,3.080,0.088,243.150,12.800,0.000,20.000,18.0
2009-03-11,15:11:00,3.432,0.110,242.930,14.200,0.000,29.000,18.0
2009-03-11,15:12:00,3.136,0.082,243.470,13.200,0.000,21.000,19.0
2009-03-11,15:13:00,3.398,0.176,243.670,14.000,0.000,27.000,18.0
2009-03-11,15:14:00,3.346,0.222,243.620,14.200,0.000,23.000,18.0
2009-03-11,15:15:00,3.330,0.256,244.000,13.800,0.000,25.000,18.0
2009-03-11,15:16:00,3.476,0.220,243.600,14.800,0.000,25.000,18.0
2009-03-11,15:17:00,3.240,0.254,243.850,13.400,0.000,23.000,19.0
2009-03-11,15:18:00,3.380,0.220,243.390,14.400,0.000,24.000,18.0
2009-03-11,15:19:00,3.106,0.258,244.200,13.200,0.000,22.000,18.0
2009-03-11,15:20:00,2.322,0.234,244.330,9.600,0.000,7.000,18.0
2009-03-11,15:21:00,3.038,0.250,243.320,12.400,0.000,18.000,18.0
2009-03-11,15:22:00,3.656,0.214,243.240,15.400,0.000,29.000,18.0
2009-03-11,15:23:00,3.618,0.160,243.050,15.000,0.000,31.000,19.0
2009-03-11,15:24:00,2.656,0.088,243.940,11.000,0.000,15.000,18.0
2009-03-11,15:25:00,3.256,0.108,243.350,13.400,0.000,22.000,18.0
2009-03-11,15:26:00,3.574,0.072,242.760,15.200,0.000,29.000,18.0
2009-03-11,15:27:00,1.770,0.128,244.940,7.800,0.000,18.000,1.0
2009-03-11,15:28:00,1.194,0.100,244.750,5.000,0.000,6.000,0.0
2009-03-11,15:29:00,2.100,0.118,244.350,8.800,0.000,21.000,0.0
2009-03-11,15:30:00,1.090,0.104,245.360,4.600,0.000,7.000,0.0
2009-03-11,15:31:00,1.090,0.136,245.480,4.400,0.000,5.000,0.0
2009-03-11,15:32:00,1.042,0.106,245.330,4.200,0.000,4.000,0.0
2009-03-11,15:33:00,1.064,0.102,245.150,4.400,0.000,5.000,0.0
2009-03-11,15:34:00,0.982,0.000,244.880,4.000,0.000,4.000,0.0
2009-03-11,15:35:00,1.012,0.000,245.060,4.200,0.000,3.000,0.0
2009-03-11,15:36:00,0.988,0.000,245.270,4.000,0.000,4.000,0.0
2009-03-11,15:37:00,1.002,0.000,246.180,4.200,0.000,3.000,0.0
2009-03-11,15:38:00,0.886,0.000,245.990,3.600,0.000,1.000,0.0
2009-03-11,15:39:00,0.912,0.080,245.620,3.800,0.000,0.000,0.0
2009-03-11,15:40:00,0.896,0.078,245.450,3.600,0.000,0.000,0.0
2009-03-11,15:41:00,0.908,0.080,245.290,3.800,0.000,0.000,0.0
2009-03-11,15:42:00,0.944,0.128,245.400,4.000,0.000,0.000,0.0
2009-03-11,15:43:00,0.980,0.182,245.220,4.000,0.000,1.000,0.0
2009-03-11,15:44:00,0.962,0.178,245.580,4.000,0.000,0.000,0.0
2009-03-11,15:45:00,0.978,0.184,245.410,4.000,0.000,0.000,0.0
2009-03-11,15:46:00,0.958,0.176,245.570,4.000,0.000,0.000,0.0
2009-03-11,15:47:00,0.978,0.180,245.200,4.000,0.000,0.000,0.0
2009-03-11,15:48:00,0.886,0.066,245.820,3.600,0.000,0.000,0.0
2009-03-11,15:49:00,0.880,0.000,245.930,3.600,0.000,1.000,0.0
2009-03-11,15:50:00,0.860,0.000,246.260,3.600,0.000,0.000,0.0
2009-03-11,15:51:00,0.878,0.000,246.480,3.600,0.000,0.000,0.0
2009-03-11,15:52:00,0.860,0.000,246.740,3.600,0.000,0.000,0.0
2009-03-11,15:53:00,0.832,0.000,245.930,3.400,0.000,0.000,0.0
2009-03-11,15:54:00,0.720,0.054,245.480,3.000,0.000,0.000,0.0
2009-03-11,15:55:00,0.650,0.000,245.610,2.600,0.000,1.000,0.0
2009-03-11,15:56:00,0.684,0.000,245.070,2.800,0.000,0.000,0.0
2009-03-11,15:57:00,0.802,0.000,244.870,3.600,0.000,0.000,0.0
2009-03-11,15:58:00,0.802,0.000,245.290,3.600,0.000,0.000,0.0
2009-03-11,15:59:00,0.834,0.000,245.090,3.600,0.000,0.000,0.0
2009-03-11,16:00:00,0.812,0.046,244.670,3.600,0.000,0.000,0.0
2009-03-11,16:01:00,0.828,0.000,244.860,3.600,0.000,1.000,0.0
2009-03-11,16:02:00,0.806,0.046,244.120,3.600,0.000,0.000,0.0
2009-03-11,16:03:00,0.922,0.060,244.240,4.000,0.000,0.000,0.0
2009-03-11,16:04:00,0.916,0.090,243.970,4.000,0.000,0.000,0.0
2009-03-11,16:05:00,0.924,0.096,244.060,4.000,0.000,0.000,0.0
2009-03-11,16:06:00,0.904,0.094,244.280,4.000,0.000,0.000,0.0
2009-03-11,16:07:00,0.920,0.098,244.120,4.000,0.000,0.000,0.0
2009-03-11,16:08:00,0.886,0.098,244.590,3.800,0.000,0.000,0.0
2009-03-11,16:09:00,0.726,0.110,244.850,3.000,0.000,1.000,0.0
2009-03-11,16:10:00,0.730,0.110,244.670,3.000,0.000,0.000,0.0
2009-03-11,16:11:00,0.712,0.106,244.890,3.000,0.000,0.000,0.0
2009-03-11,16:12:00,0.730,0.110,244.880,3.000,0.000,0.000,0.0
2009-03-11,16:13:00,0.618,0.000,244.660,2.600,0.000,0.000,0.0
2009-03-11,16:14:00,0.634,0.000,244.270,2.600,0.000,1.000,0.0
2009-03-11,16:15:00,0.616,0.000,244.580,2.600,0.000,0.000,0.0
2009-03-11,16:16:00,0.636,0.000,244.860,2.600,0.000,0.000,0.0
2009-03-11,16:17:00,0.620,0.000,245.650,2.600,0.000,0.000,0.0
2009-03-11,16:18:00,0.640,0.000,246.000,2.600,0.000,0.000,0.0
2009-03-11,16:19:00,0.620,0.000,245.950,2.600,0.000,0.000,0.0
2009-03-11,16:20:00,0.638,0.000,245.990,2.600,0.000,1.000,0.0
2009-03-11,16:21:00,0.626,0.000,246.110,2.600,0.000,0.000,0.0
2009-03-11,16:22:00,0.648,0.000,246.400,2.600,0.000,0.000,0.0
2009-03-11,16:23:00,0.630,0.000,246.070,2.600,0.000,0.000,0.0
2009-03-11,16:24:00,0.646,0.000,246.180,2.600,0.000,0.000,0.0
2009-03-11,16:25:00,0.628,0.000,246.200,2.600,0.000,0.000,0.0
2009-03-11,16:26:00,0.646,0.000,246.170,2.600,0.000,1.000,0.0
2009-03-11,16:27:00,0.672,0.000,244.990,2.800,0.000,0.000,0.0
2009-03-11,16:28:00,0.810,0.194,243.430,3.400,0.000,0.000,0.0
2009-03-11,16:29:00,0.792,0.210,243.350,3.400,0.000,0.000,0.0
2009-03-11,16:30:00,0.806,0.214,243.220,3.400,0.000,0.000,0.0
2009-03-11,16:31:00,0.786,0.208,242.970,3.400,0.000,0.000,0.0
2009-03-11,16:32:00,0.796,0.210,242.190,3.400,0.000,0.000,0.0
2009-03-11,16:33:00,0.776,0.206,242.660,3.400,0.000,0.000,0.0
2009-03-11,16:34:00,0.788,0.208,241.760,3.400,0.000,1.000,0.0
2009-03-11,16:35:00,0.770,0.202,241.930,3.200,0.000,0.000,0.0
2009-03-11,16:36:00,0.794,0.206,242.050,3.400,0.000,0.000,0.0
2009-03-11,16:37:00,0.860,0.234,242.290,3.600,0.000,1.000,0.0
2009-03-11,16:38:00,0.838,0.068,242.970,3.400,0.000,4.000,0.0
2009-03-11,16:39:00,0.818,0.000,242.830,3.400,0.000,3.000,0.0
2009-03-11,16:40:00,0.812,0.000,243.000,3.400,0.000,3.000,0.0
2009-03-11,16:41:00,0.818,0.046,243.010,3.400,0.000,4.000,0.0
2009-03-11,16:42:00,0.816,0.000,243.710,3.400,0.000,3.000,0.0
2009-03-11,16:43:00,0.824,0.000,243.990,3.400,0.000,4.000,0.0
2009-03-11,16:44:00,0.816,0.000,243.540,3.400,0.000,3.000,0.0
2009-03-11,16:45:00,0.750,0.000,243.640,3.200,0.000,2.000,0.0
2009-03-11,16:46:00,0.626,0.000,243.890,2.600,0.000,0.000,0.0
2009-03-11,16:47:00,0.642,0.000,243.510,2.600,0.000,1.000,0.0
2009-03-11,16:48:00,0.624,0.000,243.640,2.600,0.000,0.000,0.0
2009-03-11,16:49:00,0.642,0.000,243.350,2.600,0.000,0.000,0.0
2009-03-11,16:50:00,0.626,0.000,243.670,2.600,0.000,0.000,0.0
2009-03-11,16:51:00,0.652,0.000,244.470,2.800,0.000,0.000,0.0
2009-03-11,16:52:00,0.662,0.000,244.490,2.800,0.000,0.000,0.0
2009-03-11,16:53:00,0.762,0.106,244.340,3.200,0.000,0.000,0.0
2009-03-11,16:54:00,0.740,0.100,244.480,3.000,0.000,0.000,0.0
2009-03-11,16:55:00,0.752,0.102,243.630,3.200,0.000,1.000,0.0
2009-03-11,16:56:00,0.730,0.096,243.300,3.000,0.000,0.000,0.0
2009-03-11,16:57:00,0.746,0.100,243.050,3.200,0.000,0.000,0.0
2009-03-11,16:58:00,0.728,0.098,243.860,3.000,0.000,0.000,0.0
2009-03-11,16:59:00,0.742,0.102,243.830,3.200,0.000,0.000,0.0
2009-03-11,17:00:00,0.722,0.098,244.070,3.000,0.000,0.000,0.0
2009-03-11,17:01:00,0.738,0.104,244.040,3.000,0.000,1.000,0.0
2009-03-11,17:02:00,0.696,0.058,243.830,3.000,0.000,0.000,0.0
2009-03-11,17:03:00,0.638,0.000,243.840,2.600,0.000,0.000,0.0
2009-03-11,17:04:00,0.632,0.000,242.990,2.600,0.000,0.000,0.0
2009-03-11,17:05:00,0.514,0.000,243.000,2.200,0.000,0.000,0.0
2009-03-11,17:06:00,0.536,0.000,243.210,2.200,0.000,1.000,0.0
2009-03-11,17:07:00,0.520,0.000,243.260,2.200,0.000,0.000,0.0
2009-03-11,17:08:00,0.538,0.000,243.700,2.200,0.000,0.000,0.0
2009-03-11,17:09:00,0.520,0.000,243.960,2.200,0.000,0.000,0.0
2009-03-11,17:10:00,0.538,0.000,243.810,2.200,0.000,0.000,0.0
2009-03-11,17:11:00,0.518,0.000,243.430,2.200,0.000,0.000,0.0
2009-03-11,17:12:00,0.564,0.000,243.320,2.400,0.000,0.000,0.0
2009-03-11,17:13:00,0.586,0.066,243.100,2.400,0.000,0.000,0.0
2009-03-11,17:14:00,0.604,0.070,242.660,2.600,0.000,1.000,0.0
2009-03-11,17:15:00,0.588,0.066,243.170,2.400,0.000,0.000,0.0
2009-03-11,17:16:00,0.690,0.180,242.890,3.000,0.000,1.000,0.0
2009-03-11,17:17:00,0.706,0.220,241.600,3.200,0.000,2.000,0.0
2009-03-11,17:18:00,0.872,0.328,242.620,3.800,0.000,2.000,0.0
2009-03-11,17:19:00,0.876,0.320,242.010,3.800,0.000,1.000,0.0
2009-03-11,17:20:00,0.874,0.320,242.180,3.800,0.000,2.000,0.0
2009-03-11,17:21:00,0.872,0.316,241.500,3.800,0.000,1.000,0.0
2009-03-11,17:22:00,1.184,0.362,241.050,5.800,0.000,5.000,0.0
2009-03-11,17:23:00,2.916,0.346,239.160,12.200,0.000,37.000,0.0
2009-03-11,17:24:00,2.166,0.262,240.200,9.800,0.000,30.000,0.0
2009-03-11,17:25:00,4.346,0.222,237.780,18.600,0.000,62.000,0.0
2009-03-11,17:26:00,4.428,0.236,238.510,18.800,0.000,69.000,0.0
2009-03-11,17:27:00,4.724,0.178,238.360,19.800,0.000,70.000,0.0
2009-03-11,17:28:00,4.730,0.106,237.760,19.800,0.000,73.000,0.0
2009-03-11,17:29:00,4.746,0.090,238.610,19.800,0.000,73.000,0.0
2009-03-11,17:30:00,4.732,0.106,238.060,19.800,0.000,73.000,0.0
2009-03-11,17:31:00,4.714,0.088,237.890,19.800,0.000,73.000,0.0
2009-03-11,17:32:00,4.350,0.108,237.910,18.400,0.000,67.000,0.0
2009-03-11,17:33:00,3.742,0.096,238.340,15.800,0.000,56.000,0.0
2009-03-11,17:34:00,4.188,0.112,238.570,18.000,0.000,66.000,0.0
2009-03-11,17:35:00,1.846,0.126,241.540,8.000,0.000,27.000,0.0
2009-03-11,17:36:00,2.752,0.138,241.350,13.200,0.000,37.000,0.0
2009-03-11,17:37:00,4.468,0.096,239.480,18.800,0.000,70.000,0.0
2009-03-11,17:38:00,2.842,0.136,241.120,12.400,0.000,42.000,0.0
2009-03-11,17:39:00,2.540,0.116,241.360,10.600,0.000,37.000,0.0
2009-03-11,17:40:00,1.408,0.152,242.410,5.800,0.000,18.000,0.0
2009-03-11,17:41:00,2.412,0.074,241.310,10.200,0.000,34.000,0.0
2009-03-11,17:42:00,1.484,0.140,242.100,6.200,0.000,18.000,0.0
2009-03-11,17:43:00,2.514,0.178,241.060,10.600,0.000,33.000,0.0
2009-03-11,17:44:00,1.500,0.182,242.270,6.200,0.000,17.000,0.0
2009-03-11,17:45:00,2.432,0.140,241.970,10.200,0.000,33.000,0.0
2009-03-11,17:46:00,1.532,0.168,242.550,6.400,0.000,17.000,0.0
2009-03-11,17:47:00,2.312,0.136,241.400,9.800,0.000,31.000,0.0
2009-03-11,17:48:00,1.668,0.166,242.260,7.200,0.000,19.000,0.0
2009-03-11,17:49:00,2.188,0.140,241.620,9.400,0.000,29.000,0.0
2009-03-11,17:50:00,1.806,0.188,241.140,7.800,0.000,21.000,0.0
2009-03-11,17:51:00,2.078,0.180,241.150,9.000,0.000,28.000,0.0
2009-03-11,17:52:00,1.868,0.094,240.800,8.000,0.000,23.000,0.0
2009-03-11,17:53:00,1.784,0.000,241.060,7.800,0.000,25.000,0.0
2009-03-11,17:54:00,2.002,0.000,240.870,8.600,0.000,26.000,0.0
2009-03-11,17:55:00,1.570,0.000,240.820,6.800,0.000,21.000,0.0
2009-03-11,17:56:00,2.190,0.000,239.860,9.400,0.000,29.000,0.0
2009-03-11,17:57:00,1.370,0.000,240.170,5.800,0.000,17.000,0.0
2009-03-11,17:58:00,2.256,0.104,239.810,9.800,0.000,30.000,0.0
2009-03-11,17:59:00,1.486,0.120,239.930,6.200,0.000,17.000,0.0
2009-03-11,18:00:00,2.456,0.160,238.330,10.600,0.000,34.000,0.0
2009-03-11,18:01:00,1.832,0.154,239.450,7.800,0.000,22.000,0.0
2009-03-11,18:02:00,2.236,0.158,238.550,9.800,0.000,31.000,0.0
2009-03-11,18:03:00,1.762,0.102,239.340,7.800,0.000,21.000,0.0
2009-03-11,18:04:00,1.896,0.116,239.440,8.200,0.000,25.000,0.0
2009-03-11,18:05:00,1.934,0.096,238.810,8.400,0.000,24.000,0.0
2009-03-11,18:06:00,1.712,0.116,238.900,7.400,0.000,22.000,0.0
2009-03-11,18:07:00,2.218,0.192,238.770,9.600,0.000,27.000,0.0
2009-03-11,18:08:00,1.604,0.246,238.390,7.000,0.000,19.000,0.0
2009-03-11,18:09:00,2.262,0.162,237.990,9.800,0.000,29.000,0.0
2009-03-11,18:10:00,1.444,0.144,238.250,6.200,0.000,16.000,0.0
2009-03-11,18:11:00,2.250,0.118,237.800,9.800,0.000,30.000,0.0
2009-03-11,18:12:00,1.560,0.154,240.330,6.600,0.000,17.000,0.0
2009-03-11,18:13:00,1.942,0.106,239.590,9.000,0.000,23.000,0.0
2009-03-11,18:14:00,0.830,0.126,240.990,3.600,0.000,2.000,0.0
2009-03-11,18:15:00,2.392,0.120,239.430,10.400,0.000,29.000,0.0
2009-03-11,18:16:00,1.700,0.148,239.670,7.400,0.000,22.000,0.0
2009-03-11,18:17:00,1.908,0.000,240.760,8.600,0.000,24.000,0.0
2009-03-11,18:18:00,1.574,0.000,240.990,6.800,0.000,21.000,0.0
2009-03-11,18:19:00,1.936,0.000,240.770,8.800,0.000,24.000,0.0
2009-03-11,18:20:00,1.492,0.000,241.770,6.400,0.000,20.000,0.0
2009-03-11,18:21:00,2.108,0.000,240.440,9.000,0.000,29.000,0.0
2009-03-11,18:22:00,1.370,0.000,240.960,5.800,0.000,17.000,0.0
2009-03-11,18:23:00,2.124,0.000,239.660,9.200,0.000,29.000,0.0
2009-03-11,18:24:00,1.494,0.000,239.310,6.400,0.000,18.000,0.0
2009-03-11,18:25:00,1.712,0.000,239.950,7.800,0.000,25.000,0.0
2009-03-11,18:26:00,0.564,0.000,240.180,2.400,0.000,4.000,0.0
2009-03-11,18:27:00,1.326,0.000,239.550,5.600,0.000,16.000,0.0
2009-03-11,18:28:00,0.842,0.000,240.100,4.000,0.000,4.000,0.0
2009-03-11,18:29:00,2.624,0.000,238.410,11.000,0.000,34.000,0.0
2009-03-11,18:30:00,1.758,0.000,239.610,8.200,0.000,26.000,0.0
2009-03-11,18:31:00,1.624,0.000,240.260,7.200,0.000,20.000,0.0
2009-03-11,18:32:00,1.842,0.138,238.860,8.400,0.000,25.000,0.0
2009-03-11,18:33:00,1.752,0.126,239.370,7.800,0.000,20.000,0.0
2009-03-11,18:34:00,1.608,0.152,239.570,7.400,0.000,22.000,0.0
2009-03-11,18:35:00,0.734,0.144,239.850,3.400,0.000,5.000,0.0
2009-03-11,18:36:00,1.414,0.156,239.990,5.800,0.000,16.000,0.0
2009-03-11,18:37:00,2.574,0.124,239.400,10.800,0.000,35.000,0.0
2009-03-11,18:38:00,1.716,0.148,238.840,7.400,0.000,22.000,0.0
2009-03-11,18:39:00,2.076,0.124,238.370,9.000,0.000,27.000,0.0
2009-03-11,18:40:00,1.588,0.150,238.990,6.800,0.000,20.000,0.0
2009-03-11,18:41:00,2.168,0.122,238.060,9.400,0.000,28.000,0.0
2009-03-11,18:42:00,1.408,0.158,239.580,5.800,0.000,18.000,0.0
2009-03-11,18:43:00,2.194,0.196,238.420,9.600,0.000,29.000,0.0
2009-03-11,18:44:00,1.432,0.118,238.020,6.200,0.000,16.000,0.0
2009-03-11,18:45:00,2.008,0.096,238.370,8.800,0.000,29.000,0.0
2009-03-11,18:46:00,0.612,0.146,241.740,2.600,0.000,3.000,0.0
2009-03-11,18:47:00,1.310,0.110,240.000,5.600,0.000,15.000,0.0
2009-03-11,18:48:00,2.288,0.120,239.910,9.800,0.000,30.000,0.0
2009-03-11,18:49:00,1.804,0.102,239.210,7.800,0.000,25.000,0.0
2009-03-11,18:50:00,1.934,0.116,238.840,8.400,0.000,24.000,0.0
2009-03-11,18:51:00,1.598,0.104,239.310,7.000,0.000,22.000,0.0
2009-03-11,18:52:00,2.112,0.108,237.480,9.200,0.000,27.000,0.0
2009-03-11,18:53:00,1.362,0.102,238.680,5.600,0.000,17.000,0.0
2009-03-11,18:54:00,1.984,0.056,238.660,8.800,0.000,27.000,0.0
2009-03-11,18:55:00,1.250,0.000,239.440,5.400,0.000,17.000,0.0
2009-03-11,18:56:00,2.146,0.216,238.350,9.800,0.000,28.000,0.0
2009-03-11,18:57:00,1.170,0.240,239.490,5.200,0.000,9.000,0.0
2009-03-11,18:58:00,1.910,0.228,239.260,8.200,0.000,11.000,0.0
2009-03-11,18:59:00,2.768,0.256,240.270,11.800,0.000,26.000,0.0
2009-03-11,19:00:00,2.906,0.264,240.460,12.600,0.000,29.000,0.0
2009-03-11,19:01:00,2.304,0.256,239.860,9.600,0.000,21.000,0.0
2009-03-11,19:02:00,2.708,0.254,238.480,12.000,0.000,25.000,0.0
2009-03-11,19:03:00,2.444,0.244,238.230,10.400,0.000,23.000,0.0
2009-03-11,19:04:00,1.402,0.264,238.170,6.000,0.000,5.000,0.0
2009-03-11,19:05:00,1.504,0.252,238.020,6.400,0.000,5.000,0.0
2009-03-11,19:06:00,1.712,0.264,238.060,7.200,0.000,5.000,0.0
2009-03-11,19:07:00,1.726,0.246,237.120,7.400,0.000,4.000,0.0
2009-03-11,19:08:00,1.610,0.168,238.470,6.800,0.000,5.000,0.0
2009-03-11,19:09:00,1.602,0.124,238.840,6.600,0.000,5.000,0.0
2009-03-11,19:10:00,1.738,0.196,238.380,7.400,0.000,4.000,0.0
2009-03-11,19:11:00,1.676,0.144,238.600,7.000,0.000,5.000,0.0
2009-03-11,19:12:00,1.398,0.074,238.890,5.800,0.000,2.000,0.0
2009-03-11,19:13:00,1.404,0.074,238.140,5.800,0.000,1.000,0.0
2009-03-11,19:14:00,1.390,0.072,238.820,5.800,0.000,2.000,0.0
2009-03-11,19:15:00,1.410,0.074,238.380,6.000,0.000,1.000,0.0
2009-03-11,19:16:00,1.384,0.068,237.310,5.800,0.000,2.000,0.0
2009-03-11,19:17:00,1.606,0.094,237.500,6.800,0.000,1.000,0.0
2009-03-11,19:18:00,1.130,0.074,237.820,4.800,0.000,1.000,0.0
2009-03-11,19:19:00,0.780,0.068,237.900,3.400,0.000,2.000,0.0
2009-03-11,19:20:00,0.674,0.064,238.040,2.800,0.000,1.000,0.0
2009-03-11,19:21:00,0.576,0.076,239.790,2.400,0.000,2.000,0.0
2009-03-11,19:22:00,0.556,0.070,239.670,2.400,0.000,1.000,0.0
2009-03-11,19:23:00,0.616,0.102,239.030,2.800,0.000,1.000,0.0
2009-03-11,19:24:00,0.642,0.128,239.370,2.800,0.000,0.000,0.0
2009-03-11,19:25:00,0.680,0.188,239.380,3.000,0.000,1.000,0.0
2009-03-11,19:26:00,0.662,0.186,239.940,2.800,0.000,0.000,0.0
2009-03-11,19:27:00,0.676,0.188,239.080,3.000,0.000,0.000,0.0
2009-03-11,19:28:00,0.652,0.178,238.130,2.800,0.000,0.000,0.0
2009-03-11,19:29:00,0.670,0.184,238.580,3.000,0.000,0.000,0.0
2009-03-11,19:30:00,0.654,0.178,238.380,2.800,0.000,0.000,0.0
2009-03-11,19:31:00,0.672,0.184,238.640,3.000,0.000,1.000,0.0
2009-03-11,19:32:00,0.656,0.184,239.640,2.800,0.000,0.000,0.0
2009-03-11,19:33:00,0.616,0.112,239.110,2.600,0.000,0.000,0.0
2009-03-11,19:34:00,0.560,0.056,240.370,2.400,0.000,0.000,0.0
2009-03-11,19:35:00,0.572,0.060,240.270,2.400,0.000,0.000,0.0
2009-03-11,19:36:00,0.544,0.000,240.090,2.400,0.000,0.000,0.0
2009-03-11,19:37:00,0.506,0.000,240.900,2.200,0.000,0.000,0.0
2009-03-11,19:38:00,0.484,0.048,239.600,2.200,0.000,0.000,0.0
2009-03-11,19:39:00,0.504,0.000,240.090,2.200,0.000,1.000,0.0
2009-03-11,19:40:00,0.484,0.050,239.100,2.200,0.000,0.000,0.0
2009-03-11,19:41:00,0.502,0.000,239.920,2.200,0.000,0.000,0.0
2009-03-11,19:42:00,0.498,0.000,239.010,2.200,0.000,0.000,0.0
2009-03-11,19:43:00,0.486,0.048,238.810,2.200,0.000,0.000,0.0
2009-03-11,19:44:00,0.500,0.000,238.970,2.200,0.000,1.000,0.0
2009-03-11,19:45:00,0.494,0.046,240.520,2.200,0.000,0.000,0.0
2009-03-11,19:46:00,0.512,0.000,240.780,2.200,0.000,0.000,0.0
2009-03-11,19:47:00,0.496,0.046,241.090,2.200,0.000,0.000,0.0
2009-03-11,19:48:00,0.586,0.000,239.970,2.600,0.000,0.000,0.0
2009-03-11,19:49:00,0.594,0.084,240.850,2.600,0.000,0.000,0.0
2009-03-11,19:50:00,0.606,0.088,240.390,2.600,0.000,1.000,0.0
2009-03-11,19:51:00,0.590,0.086,241.120,2.600,0.000,0.000,0.0
2009-03-11,19:52:00,0.608,0.094,241.770,2.600,0.000,0.000,0.0
2009-03-11,19:53:00,0.586,0.086,240.880,2.600,0.000,0.000,0.0
2009-03-11,19:54:00,0.602,0.090,240.840,2.600,0.000,0.000,0.0
2009-03-11,19:55:00,0.582,0.084,240.120,2.400,0.000,0.000,0.0
2009-03-11,19:56:00,0.598,0.086,239.840,2.600,0.000,0.000,0.0
2009-03-11,19:57:00,0.580,0.082,240.360,2.400,0.000,0.000,0.0
2009-03-11,19:58:00,0.530,0.000,240.180,2.400,0.000,1.000,0.0
2009-03-11,19:59:00,0.486,0.050,240.300,2.200,0.000,0.000,0.0
2009-03-11,20:00:00,0.504,0.000,240.580,2.200,0.000,0.000,0.0
2009-03-11,20:01:00,0.490,0.046,241.310,2.200,0.000,0.000,0.0
2009-03-11,20:02:00,0.508,0.000,241.540,2.200,0.000,0.000,0.0
2009-03-11,20:03:00,0.490,0.048,241.230,2.200,0.000,0.000,0.0
2009-03-11,20:04:00,0.506,0.000,240.890,2.200,0.000,1.000,0.0
2009-03-11,20:05:00,0.488,0.050,240.570,2.200,0.000,0.000,0.0
2009-03-11,20:06:00,1.078,0.046,240.610,4.800,0.000,0.000,0.0
2009-03-11,20:07:00,1.498,0.000,239.910,6.400,0.000,0.000,0.0
2009-03-11,20:08:00,1.752,0.154,239.980,7.200,0.000,0.000,0.0
2009-03-11,20:09:00,1.578,0.142,240.120,6.600,0.000,0.000,0.0
2009-03-11,20:10:00,1.594,0.140,240.220,6.600,0.000,0.000,0.0
2009-03-11,20:11:00,1.740,0.248,240.260,7.200,0.000,2.000,0.0
2009-03-11,20:12:00,1.828,0.290,239.570,7.600,0.000,3.000,0.0
2009-03-11,20:13:00,2.938,0.602,237.560,13.200,0.000,3.000,0.0
2009-03-11,20:14:00,3.504,0.690,237.070,15.000,0.000,3.000,0.0
2009-03-11,20:15:00,3.400,0.682,238.070,14.800,0.000,4.000,0.0
2009-03-11,20:16:00,2.654,0.520,238.850,11.800,0.000,3.000,0.0
2009-03-11,20:17:00,1.978,0.422,238.860,8.400,0.000,3.000,0.0
2009-03-11,20:18:00,2.992,0.572,237.840,13.200,0.000,3.000,0.0
2009-03-11,20:19:00,1.610,0.418,239.500,8.000,0.000,2.000,0.0
2009-03-11,20:20:00,1.012,0.348,241.010,4.400,0.000,0.000,0.0
2009-03-11,20:21:00,1.028,0.354,241.220,4.400,0.000,1.000,0.0
2009-03-11,20:22:00,1.014,0.352,241.860,4.400,0.000,0.000,0.0
2009-03-11,20:23:00,0.968,0.270,242.220,4.200,0.000,0.000,0.0
2009-03-11,20:24:00,0.894,0.202,242.590,3.800,0.000,0.000,0.0
2009-03-11,20:25:00,0.682,0.046,242.830,2.800,0.000,0.000,0.0
2009-03-11,20:26:00,0.612,0.000,243.360,2.600,0.000,0.000,0.0
2009-03-11,20:27:00,0.630,0.000,243.040,2.600,0.000,1.000,0.0
2009-03-11,20:28:00,0.614,0.000,242.970,2.600,0.000,0.000,0.0
2009-03-11,20:29:00,0.626,0.000,242.150,2.600,0.000,0.000,0.0
2009-03-11,20:30:00,0.618,0.000,242.590,2.600,0.000,0.000,0.0
2009-03-11,20:31:00,0.646,0.000,241.410,2.800,0.000,0.000,0.0
2009-03-11,20:32:00,0.608,0.000,241.910,2.600,0.000,0.000,0.0
2009-03-11,20:33:00,0.624,0.000,241.770,2.600,0.000,0.000,0.0
2009-03-11,20:34:00,0.606,0.000,241.230,2.600,0.000,0.000,0.0
2009-03-11,20:35:00,0.624,0.000,241.630,2.600,0.000,1.000,0.0
2009-03-11,20:36:00,0.618,0.000,241.010,2.600,0.000,0.000,0.0
2009-03-11,20:37:00,0.610,0.000,241.300,2.600,0.000,0.000,0.0
2009-03-11,20:38:00,0.720,0.066,240.660,3.000,0.000,0.000,0.0
2009-03-11,20:39:00,0.714,0.086,240.530,3.000,0.000,0.000,0.0
2009-03-11,20:40:00,0.756,0.090,240.750,3.200,0.000,1.000,0.0
2009-03-11,20:41:00,0.704,0.088,240.780,3.000,0.000,0.000,0.0
2009-03-11,20:42:00,0.720,0.092,240.440,3.000,0.000,0.000,0.0
2009-03-11,20:43:00,0.696,0.084,239.500,3.000,0.000,0.000,0.0
2009-03-11,20:44:00,1.570,0.088,239.070,7.000,0.000,0.000,0.0
2009-03-11,20:45:00,2.098,0.074,238.620,9.000,0.000,0.000,18.0
2009-03-11,20:46:00,1.938,0.094,238.480,8.200,0.000,0.000,18.0
2009-03-11,20:47:00,2.496,0.106,238.200,10.800,0.000,0.000,18.0
2009-03-11,20:48:00,1.884,0.000,239.370,8.000,0.000,1.000,18.0
2009-03-11,20:49:00,1.658,0.058,237.420,7.000,0.000,0.000,17.0
2009-03-11,20:50:00,2.186,0.000,236.660,9.200,0.000,0.000,17.0
2009-03-11,20:51:00,2.380,0.000,237.070,10.000,0.000,0.000,18.0
2009-03-11,20:52:00,1.974,0.000,237.420,8.200,0.000,0.000,17.0
2009-03-11,20:53:00,2.128,0.000,236.580,9.000,1.000,0.000,17.0
2009-03-11,20:54:00,2.084,0.056,237.360,8.800,2.000,1.000,17.0
2009-03-11,20:55:00,2.278,0.062,236.070,9.600,1.000,0.000,18.0
2009-03-11,20:56:00,2.712,0.084,235.650,11.400,1.000,0.000,17.0
2009-03-11,20:57:00,2.710,0.128,235.980,11.600,1.000,1.000,17.0
2009-03-11,20:58:00,4.484,0.124,234.400,19.000,1.000,33.000,17.0
2009-03-11,20:59:00,4.152,0.138,234.890,18.000,2.000,30.000,16.0
2009-03-11,21:00:00,4.456,0.120,234.850,19.000,1.000,31.000,17.0
2009-03-11,21:01:00,4.412,0.160,235.010,19.000,1.000,32.000,17.0
2009-03-11,21:02:00,4.436,0.252,235.830,19.000,1.000,31.000,17.0
2009-03-11,21:03:00,4.730,0.412,235.630,20.000,1.000,36.000,17.0
2009-03-11,21:04:00,4.312,0.402,236.050,18.400,2.000,30.000,17.0
2009-03-11,21:05:00,3.520,0.402,236.560,15.000,1.000,20.000,18.0
2009-03-11,21:06:00,4.252,0.346,236.100,18.000,1.000,37.000,17.0
2009-03-11,21:07:00,3.292,0.376,236.810,14.000,1.000,21.000,17.0
2009-03-11,21:08:00,3.900,0.350,236.300,16.600,1.000,29.000,17.0
2009-03-11,21:09:00,3.568,0.374,236.610,15.200,2.000,26.000,17.0
2009-03-11,21:10:00,3.576,0.300,236.720,15.200,1.000,25.000,17.0
2009-03-11,21:11:00,3.644,0.310,236.920,15.600,1.000,28.000,18.0
2009-03-11,21:12:00,3.418,0.282,238.000,14.600,1.000,23.000,17.0
2009-03-11,21:13:00,3.568,0.164,238.110,15.200,1.000,28.000,17.0
2009-03-11,21:14:00,5.280,0.112,235.470,22.800,32.000,22.000,17.0
2009-03-11,21:15:00,5.682,0.124,234.850,24.200,36.000,29.000,17.0
2009-03-11,21:16:00,5.380,0.106,234.570,23.000,37.000,21.000,17.0
2009-03-11,21:17:00,5.654,0.122,234.040,24.200,37.000,29.000,17.0
2009-03-11,21:18:00,5.342,0.106,234.400,22.800,36.000,21.000,17.0
2009-03-11,21:19:00,5.594,0.122,234.380,24.000,37.000,27.000,17.0
2009-03-11,21:20:00,5.444,0.108,235.160,23.200,37.000,23.000,17.0
2009-03-11,21:21:00,5.492,0.122,234.580,23.400,36.000,25.000,16.0
2009-03-11,21:22:00,5.554,0.106,235.190,23.600,37.000,24.000,17.0
2009-03-11,21:23:00,5.392,0.126,235.300,23.000,36.000,24.000,17.0
2009-03-11,21:24:00,5.594,0.100,233.310,24.000,37.000,26.000,17.0
2009-03-11,21:25:00,5.194,0.122,233.490,22.200,36.000,21.000,17.0
2009-03-11,21:26:00,5.066,0.104,233.560,22.000,27.000,28.000,17.0
2009-03-11,21:27:00,2.962,0.144,236.000,12.600,1.000,19.000,17.0
2009-03-11,21:28:00,3.804,0.240,235.750,16.200,1.000,30.000,17.0
2009-03-11,21:29:00,2.964,0.158,236.440,12.600,2.000,16.000,17.0
2009-03-11,21:30:00,3.740,0.132,235.750,16.000,1.000,28.000,17.0
2009-03-11,21:31:00,3.116,0.156,235.820,13.200,1.000,18.000,17.0
2009-03-11,21:32:00,3.458,0.132,235.310,14.800,1.000,25.000,17.0
2009-03-11,21:33:00,3.406,0.154,236.050,14.600,1.000,22.000,17.0
2009-03-11,21:34:00,2.926,0.144,237.000,12.800,1.000,17.000,17.0
2009-03-11,21:35:00,2.430,0.172,237.830,10.200,2.000,6.000,17.0
2009-03-11,21:36:00,3.098,0.144,237.480,13.200,1.000,17.000,18.0
2009-03-11,21:37:00,4.084,0.130,236.510,17.200,1.000,35.000,17.0
2009-03-11,21:38:00,2.346,0.000,237.570,10.000,1.000,9.000,17.0
2009-03-11,21:39:00,2.570,0.060,237.090,11.000,1.000,10.000,17.0
2009-03-11,21:40:00,3.376,0.110,236.360,14.400,2.000,22.000,18.0
2009-03-11,21:41:00,3.976,0.120,235.820,16.800,1.000,34.000,17.0
2009-03-11,21:42:00,2.940,0.114,236.720,12.400,1.000,16.000,17.0
2009-03-11,21:43:00,3.762,0.122,236.200,16.000,1.000,28.000,17.0
2009-03-11,21:44:00,2.400,0.118,237.760,10.000,1.000,5.000,17.0
2009-03-11,21:45:00,2.362,0.132,237.630,10.000,2.000,3.000,18.0
2009-03-11,21:46:00,2.364,0.120,237.780,10.000,1.000,4.000,17.0
2009-03-11,21:47:00,2.308,0.130,237.860,9.600,1.000,3.000,17.0
2009-03-11,21:48:00,2.184,0.118,236.960,9.200,1.000,3.000,17.0
2009-03-11,21:49:00,2.164,0.128,236.890,9.200,1.000,3.000,18.0
2009-03-11,21:50:00,2.178,0.116,236.750,9.200,1.000,4.000,17.0
2009-03-11,21:51:00,2.146,0.124,235.790,9.000,2.000,3.000,17.0
2009-03-11,21:52:00,2.178,0.120,235.720,9.200,1.000,3.000,17.0
2009-03-11,21:53:00,2.044,0.108,235.830,8.600,1.000,1.000,17.0
2009-03-11,21:54:00,2.008,0.096,236.480,8.400,1.000,0.000,17.0
2009-03-11,21:55:00,2.012,0.100,235.940,8.600,1.000,0.000,17.0
2009-03-11,21:56:00,2.006,0.098,236.210,8.400,2.000,0.000,17.0
2009-03-11,21:57:00,2.000,0.098,236.000,8.400,1.000,0.000,17.0
2009-03-11,21:58:00,1.000,0.112,237.400,4.400,1.000,1.000,2.0
2009-03-11,21:59:00,0.968,0.106,237.240,4.200,1.000,0.000,0.0
2009-03-11,22:00:00,0.982,0.110,236.690,4.200,1.000,0.000,0.0
2009-03-11,22:01:00,0.870,0.108,236.800,3.800,2.000,0.000,0.0
2009-03-11,22:02:00,0.870,0.090,237.110,3.800,1.000,0.000,0.0
2009-03-11,22:03:00,0.778,0.000,237.850,3.400,1.000,0.000,0.0
2009-03-11,22:04:00,0.798,0.000,238.170,3.400,1.000,1.000,0.0
2009-03-11,22:05:00,0.682,0.000,238.520,3.000,1.000,0.000,0.0
2009-03-11,22:06:00,0.566,0.000,238.680,2.600,1.000,0.000,0.0
2009-03-11,22:07:00,0.532,0.000,238.720,2.400,1.000,0.000,0.0
2009-03-11,22:08:00,0.556,0.000,238.320,2.400,2.000,0.000,0.0
2009-03-11,22:09:00,0.538,0.000,238.530,2.400,1.000,0.000,0.0
2009-03-11,22:10:00,0.552,0.000,237.280,2.400,1.000,0.000,0.0
2009-03-11,22:11:00,0.444,0.000,238.160,2.000,1.000,0.000,0.0
2009-03-11,22:12:00,0.446,0.000,239.000,2.000,1.000,1.000,0.0
2009-03-11,22:13:00,0.428,0.000,239.610,1.800,2.000,0.000,0.0
2009-03-11,22:14:00,0.448,0.000,239.290,2.000,1.000,0.000,0.0
2009-03-11,22:15:00,0.428,0.000,239.190,1.800,1.000,0.000,0.0
2009-03-11,22:16:00,0.450,0.000,240.360,2.000,1.000,0.000,0.0
2009-03-11,22:17:00,0.438,0.000,241.680,1.800,1.000,0.000,0.0
2009-03-11,22:18:00,0.550,0.168,240.670,2.600,1.000,1.000,0.0
2009-03-11,22:19:00,0.530,0.136,241.460,2.400,1.000,0.000,0.0
2009-03-11,22:20:00,0.564,0.142,242.450,2.400,1.000,0.000,0.0
2009-03-11,22:21:00,0.538,0.134,242.770,2.400,2.000,0.000,0.0
2009-03-11,22:22:00,0.552,0.134,242.300,2.400,1.000,0.000,0.0
2009-03-11,22:23:00,0.578,0.172,241.860,2.600,1.000,0.000,0.0
2009-03-11,22:24:00,0.622,0.238,241.700,2.800,1.000,0.000,0.0
2009-03-11,22:25:00,0.602,0.230,241.120,2.600,1.000,0.000,0.0
2009-03-11,22:26:00,0.606,0.250,241.080,2.800,1.000,1.000,0.0
2009-03-11,22:27:00,0.562,0.234,241.090,2.600,1.000,0.000,0.0
2009-03-11,22:28:00,0.518,0.106,241.060,2.200,1.000,0.000,0.0
2009-03-11,22:29:00,2.510,0.080,239.270,10.800,32.000,0.000,0.0
2009-03-11,22:30:00,2.698,0.070,238.790,11.200,38.000,0.000,0.0
2009-03-11,22:31:00,2.712,0.074,238.750,11.400,37.000,1.000,0.0
2009-03-11,22:32:00,2.694,0.070,238.810,11.200,38.000,0.000,0.0
2009-03-11,22:33:00,2.718,0.076,239.420,11.200,38.000,0.000,0.0
2009-03-11,22:34:00,2.714,0.074,239.960,11.200,38.000,0.000,0.0
2009-03-11,22:35:00,2.738,0.080,240.180,11.400,38.000,0.000,0.0
2009-03-11,22:36:00,2.686,0.000,239.640,11.200,38.000,0.000,0.0
2009-03-11,22:37:00,2.658,0.000,239.900,11.000,38.000,1.000,0.0
2009-03-11,22:38:00,2.638,0.000,239.960,11.000,38.000,0.000,0.0
2009-03-11,22:39:00,2.660,0.000,240.250,11.000,38.000,0.000,0.0
2009-03-11,22:40:00,2.626,0.000,240.710,10.800,38.000,0.000,0.0
2009-03-11,22:41:00,2.614,0.052,240.240,10.800,38.000,0.000,0.0
2009-03-11,22:42:00,2.618,0.000,240.080,10.800,37.000,0.000,0.0
2009-03-11,22:43:00,0.534,0.096,242.040,2.800,4.000,0.000,0.0
2009-03-11,22:44:00,0.428,0.090,242.380,1.800,0.000,0.000,0.0
2009-03-11,22:45:00,0.442,0.098,242.600,2.000,0.000,1.000,0.0
2009-03-11,22:46:00,0.438,0.116,243.030,2.000,0.000,0.000,0.0
2009-03-11,22:47:00,0.458,0.128,243.490,2.000,1.000,0.000,0.0
2009-03-11,22:48:00,0.478,0.098,243.770,2.000,0.000,0.000,0.0
2009-03-11,22:49:00,0.928,0.096,242.980,4.000,0.000,0.000,0.0
2009-03-11,22:50:00,0.540,0.136,243.470,2.400,0.000,0.000,0.0
2009-03-11,22:51:00,0.688,0.212,243.200,3.000,0.000,1.000,0.0
2009-03-11,22:52:00,0.648,0.176,243.410,2.800,0.000,1.000,0.0
2009-03-11,22:53:00,0.650,0.000,243.030,2.600,0.000,3.000,0.0
2009-03-11,22:54:00,0.652,0.000,243.390,2.600,0.000,3.000,0.0
2009-03-11,22:55:00,0.654,0.000,243.580,2.600,0.000,4.000,0.0
2009-03-11,22:56:00,0.588,0.000,243.770,2.400,0.000,3.000,0.0
2009-03-11,22:57:00,0.540,0.000,243.920,2.200,0.000,3.000,0.0
2009-03-11,22:58:00,0.550,0.046,243.760,2.200,0.000,3.000,0.0
2009-03-11,22:59:00,0.730,0.000,243.410,3.000,0.000,4.000,0.0
2009-03-11,23:00:00,0.564,0.060,243.120,2.400,0.000,3.000,0.0
2009-03-11,23:01:00,0.436,0.106,243.560,1.800,0.000,1.000,0.0
2009-03-11,23:02:00,0.440,0.092,242.660,1.800,0.000,2.000,0.0
2009-03-11,23:03:00,0.426,0.084,242.750,1.800,0.000,1.000,0.0
2009-03-11,23:04:00,0.448,0.092,243.410,2.000,0.000,2.000,0.0
2009-03-11,23:05:00,0.470,0.088,244.240,2.000,0.000,1.000,0.0
2009-03-11,23:06:00,0.508,0.096,244.790,2.200,0.000,2.000,0.0
2009-03-11,23:07:00,0.482,0.126,244.630,2.200,0.000,2.000,0.0
2009-03-11,23:08:00,0.634,0.340,243.970,3.000,0.000,1.000,0.0
2009-03-11,23:09:00,0.608,0.334,243.990,2.800,0.000,2.000,0.0
2009-03-11,23:10:00,0.624,0.338,243.860,2.800,0.000,2.000,0.0
2009-03-11,23:11:00,0.604,0.334,244.050,2.800,0.000,1.000,0.0
2009-03-11,23:12:00,0.620,0.340,244.300,2.800,0.000,2.000,0.0
2009-03-11,23:13:00,0.498,0.336,244.010,2.400,0.000,1.000,0.0
2009-03-11,23:14:00,0.490,0.344,244.200,2.400,0.000,2.000,0.0
2009-03-11,23:15:00,0.470,0.340,244.620,2.400,0.000,1.000,0.0
2009-03-11,23:16:00,0.486,0.346,244.770,2.400,0.000,2.000,0.0
2009-03-11,23:17:00,0.470,0.342,244.890,2.400,0.000,1.000,0.0
2009-03-11,23:18:00,0.398,0.216,245.070,1.800,0.000,2.000,0.0
2009-03-11,23:19:00,0.372,0.202,245.220,1.600,0.000,1.000,0.0
2009-03-11,23:20:00,0.338,0.130,245.780,1.400,0.000,2.000,0.0
2009-03-11,23:21:00,0.314,0.100,245.770,1.400,0.000,1.000,0.0
2009-03-11,23:22:00,0.306,0.098,245.510,1.200,0.000,1.000,0.0
2009-03-11,23:23:00,0.314,0.096,243.930,1.400,0.000,2.000,0.0
2009-03-11,23:24:00,0.294,0.088,242.780,1.200,0.000,1.000,0.0
2009-03-11,23:25:00,0.262,0.000,242.650,1.200,0.000,1.000,0.0
2009-03-11,23:26:00,0.220,0.000,242.900,1.000,0.000,0.000,0.0
2009-03-11,23:27:00,0.238,0.000,243.410,1.000,0.000,0.000,0.0
2009-03-11,23:28:00,0.220,0.000,243.490,1.000,0.000,0.000,0.0
2009-03-11,23:29:00,0.240,0.000,244.280,1.000,0.000,1.000,0.0
2009-03-11,23:30:00,0.222,0.000,244.330,1.000,0.000,0.000,0.0
2009-03-11,23:31:00,0.240,0.000,244.230,1.000,0.000,0.000,0.0
2009-03-11,23:32:00,0.250,0.000,243.990,1.200,0.000,0.000,0.0
2009-03-11,23:33:00,0.350,0.110,244.220,1.400,0.000,0.000,0.0
2009-03-11,23:34:00,0.330,0.110,245.290,1.400,0.000,0.000,0.0
2009-03-11,23:35:00,0.344,0.116,245.430,1.400,0.000,1.000,0.0
2009-03-11,23:36:00,0.324,0.110,245.340,1.400,0.000,0.000,0.0
2009-03-11,23:37:00,0.342,0.116,245.730,1.400,0.000,0.000,0.0
2009-03-11,23:38:00,0.324,0.114,246.390,1.400,0.000,0.000,0.0
2009-03-11,23:39:00,0.340,0.118,245.750,1.400,0.000,0.000,0.0
2009-03-11,23:40:00,0.320,0.110,245.560,1.400,0.000,0.000,0.0
2009-03-11,23:41:00,0.336,0.114,245.350,1.400,0.000,0.000,0.0
2009-03-11,23:42:00,0.282,0.056,245.370,1.200,0.000,0.000,0.0
2009-03-11,23:43:00,0.240,0.000,245.270,1.000,0.000,1.000,0.0
2009-03-11,23:44:00,0.222,0.000,245.160,1.000,0.000,0.000,0.0
2009-03-11,23:45:00,0.238,0.000,244.380,1.000,0.000,0.000,0.0
2009-03-11,23:46:00,0.220,0.000,244.140,1.000,0.000,0.000,0.0
2009-03-11,23:47:00,0.238,0.000,244.090,1.000,0.000,0.000,0.0
2009-03-11,23:48:00,0.220,0.000,244.470,1.000,0.000,0.000,0.0
2009-03-11,23:49:00,0.240,0.000,244.700,1.000,0.000,1.000,0.0
2009-03-11,23:50:00,0.222,0.000,245.210,1.000,0.000,0.000,0.0
2009-03-11,23:51:00,0.238,0.000,245.530,1.000,0.000,0.000,0.0
2009-03-11,23:52:00,0.282,0.000,245.710,1.400,0.000,0.000,0.0
2009-03-11,23:53:00,0.302,0.082,246.280,1.200,0.000,0.000,0.0
2009-03-11,23:54:00,0.318,0.086,246.300,1.400,0.000,1.000,0.0
2009-03-11,23:55:00,0.300,0.078,245.620,1.200,0.000,0.000,0.0
2009-03-11,23:56:00,0.316,0.082,245.140,1.400,0.000,0.000,0.0
2009-03-11,23:57:00,0.324,0.098,245.270,1.400,0.000,0.000,0.0
2009-03-11,23:58:00,0.424,0.222,245.310,2.000,0.000,0.000,0.0
2009-03-11,23:59:00,0.398,0.216,245.050,1.800,0.000,0.000,0.0
