Date,Time,Global_active_power,Global_reactive_power,Voltage,Global_intensity,Sub_metering_1,Sub_metering_2,Sub_metering_3
2009-03-05,00:00:00,0.420,0.070,242.130,1.800,0.000,0.000,0.0
2009-03-05,00:01:00,0.418,0.068,241.840,1.800,0.000,0.000,0.0
2009-03-05,00:02:00,0.418,0.066,241.740,1.800,0.000,0.000,0.0
2009-03-05,00:03:00,0.416,0.068,241.650,1.800,0.000,0.000,0.0
2009-03-05,00:04:00,0.416,0.068,241.600,1.800,0.000,0.000,0.0
2009-03-05,00:05:00,0.452,0.114,241.470,2.000,0.000,0.000,0.0
2009-03-05,00:06:00,0.384,0.000,241.540,1.800,0.000,0.000,0.0
2009-03-05,00:07:00,0.570,0.070,241.980,2.400,0.000,0.000,0.0
2009-03-05,00:08:00,0.452,0.066,243.170,2.000,0.000,0.000,0.0
2009-03-05,00:09:00,0.368,0.064,243.670,1.600,0.000,0.000,0.0
2009-03-05,00:10:00,0.372,0.064,244.290,1.600,0.000,0.000,0.0
2009-03-05,00:11:00,0.372,0.064,244.610,1.600,0.000,0.000,0.0
2009-03-05,00:12:00,0.370,0.064,244.270,1.600,0.000,0.000,0.0
2009-03-05,00:13:00,0.370,0.066,243.550,1.600,0.000,0.000,0.0
2009-03-05,00:14:00,0.370,0.066,243.730,1.600,0.000,0.000,0.0
2009-03-05,00:15:00,0.370,0.064,243.730,1.600,0.000,0.000,0.0
2009-03-05,00:16:00,0.370,0.064,243.650,1.600,0.000,0.000,0.0
2009-03-05,00:17:00,0.370,0.064,243.540,1.600,0.000,0.000,0.0
2009-03-05,00:18:00,0.370,0.066,243.290,1.600,0.000,0.000,0.0
2009-03-05,00:19:00,0.368,0.068,242.370,1.600,0.000,0.000,0.0
2009-03-05,00:20:00,0.368,0.068,242.290,1.600,0.000,0.000,0.0
2009-03-05,00:21:00,0.394,0.048,242.390,1.800,0.000,0.000,0.0
2009-03-05,00:22:00,0.478,0.068,242.760,2.000,0.000,0.000,0.0
2009-03-05,00:23:00,0.474,0.070,243.660,2.000,0.000,0.000,0.0
2009-03-05,00:24:00,0.472,0.072,244.030,2.000,0.000,0.000,0.0
2009-03-05,00:25:00,0.472,0.074,244.200,2.000,0.000,0.000,0.0
2009-03-05,00:26:00,0.470,0.072,244.130,2.000,0.000,0.000,0.0
2009-03-05,00:27:00,0.466,0.070,243.140,2.000,0.000,0.000,0.0
2009-03-05,00:28:00,0.466,0.072,243.600,2.000,0.000,0.000,0.0
2009-03-05,00:29:00,0.552,0.166,243.100,2.600,0.000,0.000,0.0
2009-03-05,00:30:00,0.540,0.174,242.960,2.400,0.000,0.000,0.0
2009-03-05,00:31:00,0.542,0.176,243.370,2.400,0.000,0.000,0.0
2009-03-05,00:32:00,0.488,0.098,243.190,2.200,0.000,0.000,0.0
2009-03-05,00:33:00,0.444,0.000,242.820,2.000,0.000,0.000,0.0
2009-03-05,00:34:00,0.442,0.000,243.160,2.000,0.000,0.000,0.0
2009-03-05,00:35:00,0.438,0.000,242.890,2.000,0.000,0.000,0.0
2009-03-05,00:36:00,0.436,0.000,242.330,2.000,0.000,0.000,0.0
2009-03-05,00:37:00,0.434,0.000,241.930,2.000,0.000,0.000,0.0
2009-03-05,00:38:00,0.434,0.000,241.860,2.000,0.000,0.000,0.0
2009-03-05,00:39:00,0.436,0.000,242.800,2.000,0.000,0.000,0.0
2009-03-05,00:40:00,0.436,0.000,243.610,2.000,0.000,0.000,0.0
2009-03-05,00:41:00,0.436,0.000,243.720,2.000,0.000,0.000,0.0
2009-03-05,00:42:00,0.366,0.000,243.250,1.600,0.000,0.000,0.0
2009-03-05,00:43:00,0.324,0.064,243.220,1.600,0.000,0.000,0.0
2009-03-05,00:44:00,0.324,0.066,243.430,1.600,0.000,0.000,0.0
2009-03-05,00:45:00,0.326,0.064,244.330,1.600,0.000,0.000,0.0
2009-03-05,00:46:00,0.326,0.062,244.820,1.600,0.000,0.000,0.0
2009-03-05,00:47:00,0.326,0.062,244.970,1.600,0.000,0.000,0.0
2009-03-05,00:48:00,0.440,0.068,244.730,2.000,0.000,0.000,0.0
2009-03-05,00:49:00,0.430,0.072,243.580,2.000,0.000,0.000,0.0
2009-03-05,00:50:00,0.426,0.070,243.010,1.800,0.000,0.000,0.0
2009-03-05,00:51:00,0.424,0.070,243.080,1.800,0.000,0.000,0.0
2009-03-05,00:52:00,0.422,0.070,242.930,1.800,0.000,0.000,0.0
2009-03-05,00:53:00,0.420,0.070,242.820,1.800,0.000,0.000,0.0
2009-03-05,00:54:00,0.420,0.072,242.970,1.800,0.000,0.000,0.0
2009-03-05,00:55:00,0.420,0.072,243.060,1.800,0.000,0.000,0.0
2009-03-05,00:56:00,0.420,0.076,243.960,1.800,0.000,0.000,0.0
2009-03-05,00:57:00,0.420,0.074,243.690,1.800,0.000,0.000,0.0
2009-03-05,00:58:00,0.366,0.000,242.880,1.600,0.000,0.000,0.0
2009-03-05,00:59:00,0.322,0.064,242.500,1.600,0.000,0.000,0.0
2009-03-05,01:00:00,0.324,0.062,242.700,1.600,0.000,0.000,0.0
2009-03-05,01:01:00,0.322,0.064,242.810,1.600,0.000,0.000,0.0
2009-03-05,01:02:00,0.324,0.064,243.360,1.600,0.000,0.000,0.0
2009-03-05,01:03:00,0.324,0.062,243.600,1.600,0.000,0.000,0.0
2009-03-05,01:04:00,0.324,0.062,243.860,1.600,0.000,0.000,0.0
2009-03-05,01:05:00,0.324,0.062,243.800,1.600,0.000,0.000,0.0
2009-03-05,01:06:00,0.324,0.064,242.780,1.600,0.000,0.000,0.0
2009-03-05,01:07:00,0.324,0.064,242.410,1.600,0.000,0.000,0.0
2009-03-05,01:08:00,0.324,0.064,242.410,1.600,0.000,0.000,0.0
2009-03-05,01:09:00,0.324,0.064,242.520,1.600,0.000,0.000,0.0
2009-03-05,01:10:00,0.326,0.064,242.900,1.600,0.000,0.000,0.0
2009-03-05,01:11:00,0.324,0.064,242.900,1.600,0.000,0.000,0.0
2009-03-05,01:12:00,0.360,0.000,243.040,1.800,0.000,0.000,0.0
2009-03-05,01:13:00,0.402,0.000,242.880,1.800,0.000,0.000,0.0
2009-03-05,01:14:00,0.490,0.138,242.830,2.200,0.000,0.000,0.0
2009-03-05,01:15:00,0.508,0.176,242.720,2.200,0.000,0.000,0.0
2009-03-05,01:16:00,0.532,0.196,242.900,2.600,0.000,0.000,0.0
2009-03-05,01:17:00,0.580,0.302,242.690,2.800,0.000,0.000,0.0
2009-03-05,01:18:00,0.582,0.304,242.800,2.800,0.000,2.000,0.0
2009-03-05,01:19:00,0.574,0.302,242.450,2.800,0.000,1.000,0.0
2009-03-05,01:20:00,0.572,0.300,242.120,2.800,0.000,2.000,0.0
2009-03-05,01:21:00,0.572,0.298,241.940,2.800,0.000,1.000,0.0
2009-03-05,01:22:00,0.570,0.298,242.010,2.800,0.000,1.000,0.0
2009-03-05,01:23:00,0.568,0.296,241.780,2.800,0.000,2.000,0.0
2009-03-05,01:24:00,0.534,0.246,241.290,2.600,0.000,1.000,0.0
2009-03-05,01:25:00,0.414,0.068,241.970,1.800,0.000,2.000,0.0
2009-03-05,01:26:00,0.408,0.058,242.020,1.800,0.000,1.000,0.0
2009-03-05,01:27:00,0.408,0.058,241.880,1.800,0.000,1.000,0.0
2009-03-05,01:28:00,0.406,0.058,242.080,1.800,0.000,2.000,0.0
2009-03-05,01:29:00,0.406,0.058,242.430,1.800,0.000,1.000,0.0
2009-03-05,01:30:00,0.408,0.062,243.750,1.800,0.000,1.000,0.0
2009-03-05,01:31:00,0.408,0.064,244.350,1.800,0.000,2.000,0.0
2009-03-05,01:32:00,0.408,0.062,244.270,1.800,0.000,1.000,0.0
2009-03-05,01:33:00,0.406,0.062,244.000,1.800,0.000,2.000,0.0
2009-03-05,01:34:00,0.404,0.062,243.910,1.800,0.000,1.000,0.0
2009-03-05,01:35:00,0.404,0.062,244.200,1.800,0.000,1.000,0.0
2009-03-05,01:36:00,0.404,0.064,244.410,1.800,0.000,1.000,0.0
2009-03-05,01:37:00,0.404,0.064,245.070,1.800,0.000,2.000,0.0
2009-03-05,01:38:00,0.404,0.064,244.680,1.800,0.000,1.000,0.0
2009-03-05,01:39:00,0.396,0.052,244.700,1.800,0.000,1.000,0.0
2009-03-05,01:40:00,0.376,0.000,243.930,1.800,0.000,0.000,0.0
2009-03-05,01:41:00,0.434,0.072,243.530,2.000,0.000,0.000,0.0
2009-03-05,01:42:00,0.430,0.072,243.060,2.000,0.000,0.000,0.0
2009-03-05,01:43:00,0.426,0.070,242.850,2.000,0.000,0.000,0.0
2009-03-05,01:44:00,0.426,0.072,243.140,2.000,0.000,0.000,0.0
2009-03-05,01:45:00,0.424,0.072,243.250,1.800,0.000,0.000,0.0
2009-03-05,01:46:00,0.424,0.074,243.930,1.800,0.000,0.000,0.0
2009-03-05,01:47:00,0.422,0.074,243.680,1.800,0.000,0.000,0.0
2009-03-05,01:48:00,0.422,0.076,244.240,1.800,0.000,0.000,0.0
2009-03-05,01:49:00,0.422,0.076,244.430,1.800,0.000,0.000,0.0
2009-03-05,01:50:00,0.400,0.046,244.420,1.800,0.000,0.000,0.0
2009-03-05,01:51:00,0.326,0.062,244.050,1.600,0.000,0.000,0.0
2009-03-05,01:52:00,0.326,0.064,243.790,1.600,0.000,0.000,0.0
2009-03-05,01:53:00,0.324,0.062,243.550,1.600,0.000,0.000,0.0
2009-03-05,01:54:00,0.324,0.062,243.450,1.600,0.000,0.000,0.0
2009-03-05,01:55:00,0.326,0.062,244.060,1.600,0.000,0.000,0.0
2009-03-05,01:56:00,0.376,0.000,245.190,1.800,0.000,0.000,0.0
2009-03-05,01:57:00,0.404,0.048,245.610,1.800,0.000,0.000,0.0
2009-03-05,01:58:00,0.406,0.048,246.080,1.800,0.000,0.000,0.0
2009-03-05,01:59:00,0.406,0.048,246.190,1.800,0.000,0.000,0.0
2009-03-05,02:00:00,0.406,0.048,246.050,1.800,0.000,0.000,0.0
2009-03-05,02:01:00,0.404,0.050,246.570,1.800,0.000,0.000,0.0
2009-03-05,02:02:00,0.404,0.052,247.360,1.800,0.000,0.000,0.0
2009-03-05,02:03:00,0.404,0.054,247.730,1.800,0.000,0.000,0.0
2009-03-05,02:04:00,0.404,0.054,247.710,1.800,0.000,0.000,0.0
2009-03-05,02:05:00,0.404,0.056,247.860,1.800,0.000,0.000,0.0
2009-03-05,02:06:00,0.404,0.056,248.170,1.800,0.000,0.000,0.0
2009-03-05,02:07:00,0.492,0.150,247.840,2.200,0.000,0.000,0.0
2009-03-05,02:08:00,0.438,0.084,246.660,2.000,0.000,0.000,0.0
2009-03-05,02:09:00,0.434,0.084,246.540,2.000,0.000,0.000,0.0
2009-03-05,02:10:00,0.432,0.084,246.670,2.000,0.000,0.000,0.0
2009-03-05,02:11:00,0.432,0.084,246.580,2.000,0.000,0.000,0.0
2009-03-05,02:12:00,0.432,0.084,246.280,2.000,0.000,0.000,0.0
2009-03-05,02:13:00,0.428,0.086,246.490,2.000,0.000,0.000,0.0
2009-03-05,02:14:00,0.430,0.088,247.160,2.000,0.000,0.000,0.0
2009-03-05,02:15:00,0.426,0.084,246.260,1.800,0.000,0.000,0.0
2009-03-05,02:16:00,0.426,0.082,246.040,1.800,0.000,0.000,0.0
2009-03-05,02:17:00,0.350,0.000,246.110,1.600,0.000,0.000,0.0
2009-03-05,02:18:00,0.374,0.058,246.560,1.600,0.000,0.000,0.0
2009-03-05,02:19:00,0.378,0.056,247.570,1.600,0.000,0.000,0.0
2009-03-05,02:20:00,0.378,0.054,247.670,1.600,0.000,0.000,0.0
2009-03-05,02:21:00,0.332,0.054,247.080,1.600,0.000,0.000,0.0
2009-03-05,02:22:00,0.334,0.054,247.770,1.600,0.000,0.000,0.0
2009-03-05,02:23:00,0.332,0.052,248.340,1.600,0.000,0.000,0.0
2009-03-05,02:24:00,0.332,0.052,248.010,1.600,0.000,0.000,0.0
2009-03-05,02:25:00,0.334,0.054,247.920,1.600,0.000,0.000,0.0
2009-03-05,02:26:00,0.336,0.054,247.750,1.600,0.000,0.000,0.0
2009-03-05,02:27:00,0.336,0.052,248.310,1.600,0.000,0.000,0.0
2009-03-05,02:28:00,0.336,0.056,247.190,1.600,0.000,0.000,0.0
2009-03-05,02:29:00,0.334,0.056,246.710,1.600,0.000,0.000,0.0
2009-03-05,02:30:00,0.334,0.056,246.980,1.600,0.000,0.000,0.0
2009-03-05,02:31:00,0.334,0.054,247.550,1.600,0.000,0.000,0.0
2009-03-05,02:32:00,0.334,0.054,247.650,1.600,0.000,0.000,0.0
2009-03-05,02:33:00,0.400,0.000,247.630,1.800,0.000,0.000,0.0
2009-03-05,02:34:00,0.442,0.090,247.990,2.000,0.000,0.000,0.0
2009-03-05,02:35:00,0.438,0.088,247.880,2.000,0.000,0.000,0.0
2009-03-05,02:36:00,0.436,0.088,247.870,2.000,0.000,0.000,0.0
2009-03-05,02:37:00,0.450,0.088,247.840,2.000,0.000,0.000,0.0
2009-03-05,02:38:00,0.474,0.084,247.120,2.000,0.000,0.000,0.0
2009-03-05,02:39:00,0.472,0.086,247.380,2.000,0.000,0.000,0.0
2009-03-05,02:40:00,0.542,0.164,247.500,2.400,0.000,0.000,0.0
2009-03-05,02:41:00,0.548,0.194,247.100,2.400,0.000,0.000,0.0
2009-03-05,02:42:00,0.546,0.192,246.560,2.400,0.000,0.000,0.0
2009-03-05,02:43:00,0.486,0.102,245.310,2.200,0.000,0.000,0.0
2009-03-05,02:44:00,0.404,0.046,244.790,1.800,0.000,0.000,0.0
2009-03-05,02:45:00,0.398,0.048,245.250,1.800,0.000,0.000,0.0
2009-03-05,02:46:00,0.400,0.048,245.390,1.800,0.000,0.000,0.0
2009-03-05,02:47:00,0.420,0.048,245.310,1.800,0.000,0.000,0.0
2009-03-05,02:48:00,0.396,0.048,245.430,1.800,0.000,0.000,0.0
2009-03-05,02:49:00,0.396,0.048,245.090,1.800,0.000,0.000,0.0
2009-03-05,02:50:00,0.396,0.048,245.180,1.800,0.000,0.000,0.0
2009-03-05,02:51:00,0.336,0.000,245.690,1.600,0.000,0.000,0.0
2009-03-05,02:52:00,0.326,0.056,245.860,1.600,0.000,0.000,0.0
2009-03-05,02:53:00,0.328,0.058,245.860,1.600,0.000,0.000,0.0
2009-03-05,02:54:00,0.326,0.058,245.180,1.600,0.000,0.000,0.0
2009-03-05,02:55:00,0.326,0.058,245.570,1.600,0.000,0.000,0.0
2009-03-05,02:56:00,0.324,0.058,245.260,1.600,0.000,0.000,0.0
2009-03-05,02:57:00,0.326,0.060,244.730,1.600,0.000,0.000,0.0
2009-03-05,02:58:00,0.324,0.062,243.720,1.600,0.000,0.000,0.0
2009-03-05,02:59:00,0.364,0.000,243.860,1.800,0.000,0.000,0.0
2009-03-05,03:00:00,0.432,0.076,243.830,2.000,0.000,0.000,0.0
2009-03-05,03:01:00,0.428,0.076,243.810,2.000,0.000,0.000,0.0
2009-03-05,03:02:00,0.424,0.074,243.400,1.800,0.000,0.000,0.0
2009-03-05,03:03:00,0.422,0.074,243.250,1.800,0.000,0.000,0.0
2009-03-05,03:04:00,0.422,0.076,244.280,1.800,0.000,0.000,0.0
2009-03-05,03:05:00,0.420,0.076,244.200,1.800,0.000,0.000,0.0
2009-03-05,03:06:00,0.420,0.078,244.970,1.800,0.000,0.000,0.0
2009-03-05,03:07:00,0.418,0.076,244.290,1.800,0.000,0.000,0.0
2009-03-05,03:08:00,0.418,0.076,243.990,1.800,0.000,0.000,0.0
2009-03-05,03:09:00,0.382,0.000,243.470,1.800,0.000,0.000,0.0
2009-03-05,03:10:00,0.324,0.060,244.220,1.600,0.000,0.000,0.0
2009-03-05,03:11:00,0.324,0.060,243.970,1.600,0.000,0.000,0.0
2009-03-05,03:12:00,0.322,0.062,243.180,1.600,0.000,0.000,0.0
2009-03-05,03:13:00,0.322,0.062,243.460,1.600,0.000,0.000,0.0
2009-03-05,03:14:00,0.324,0.060,244.430,1.600,0.000,0.000,0.0
2009-03-05,03:15:00,0.324,0.060,244.100,1.600,0.000,0.000,0.0
2009-03-05,03:16:00,0.324,0.062,243.740,1.600,0.000,0.000,0.0
2009-03-05,03:17:00,0.324,0.060,243.720,1.600,0.000,0.000,0.0
2009-03-05,03:18:00,0.322,0.062,243.390,1.600,0.000,0.000,0.0
2009-03-05,03:19:00,0.322,0.062,243.230,1.600,0.000,0.000,0.0
2009-03-05,03:20:00,0.320,0.062,243.040,1.600,0.000,0.000,0.0
2009-03-05,03:21:00,0.324,0.064,243.030,1.600,0.000,0.000,0.0
2009-03-05,03:22:00,0.322,0.062,243.570,1.600,0.000,0.000,0.0
2009-03-05,03:23:00,0.326,0.062,244.180,1.600,0.000,0.000,0.0
2009-03-05,03:24:00,0.322,0.060,243.910,1.600,0.000,0.000,0.0
2009-03-05,03:25:00,0.402,0.000,243.940,1.800,0.000,0.000,0.0
2009-03-05,03:26:00,0.488,0.140,242.950,2.200,0.000,0.000,0.0
2009-03-05,03:27:00,0.504,0.174,242.370,2.200,0.000,0.000,0.0
2009-03-05,03:28:00,0.500,0.176,242.540,2.200,0.000,0.000,0.0
2009-03-05,03:29:00,0.498,0.178,243.000,2.200,0.000,0.000,0.0
2009-03-05,03:30:00,0.496,0.176,242.400,2.200,0.000,0.000,0.0
2009-03-05,03:31:00,0.488,0.172,241.560,2.200,0.000,0.000,0.0
2009-03-05,03:32:00,0.486,0.172,241.690,2.200,0.000,0.000,0.0
2009-03-05,03:33:00,0.488,0.174,242.170,2.200,0.000,0.000,0.0
2009-03-05,03:34:00,0.488,0.178,242.990,2.200,0.000,0.000,0.0
2009-03-05,03:35:00,0.468,0.152,243.580,2.200,0.000,0.000,0.0
2009-03-05,03:36:00,0.334,0.048,243.520,1.600,0.000,0.000,0.0
2009-03-05,03:37:00,0.326,0.060,244.130,1.600,0.000,0.000,0.0
2009-03-05,03:38:00,0.324,0.062,244.440,1.600,0.000,0.000,0.0
2009-03-05,03:39:00,0.324,0.062,244.060,1.600,0.000,0.000,0.0
2009-03-05,03:40:00,0.324,0.062,244.160,1.600,0.000,0.000,0.0
2009-03-05,03:41:00,0.326,0.062,243.960,1.600,0.000,0.000,0.0
2009-03-05,03:42:00,0.324,0.062,243.990,1.600,0.000,0.000,0.0
2009-03-05,03:43:00,0.326,0.062,244.020,1.600,0.000,0.000,0.0
2009-03-05,03:44:00,0.326,0.062,243.960,1.600,0.000,0.000,0.0
2009-03-05,03:45:00,0.324,0.062,244.130,1.600,0.000,0.000,0.0
2009-03-05,03:46:00,0.326,0.060,244.300,1.600,0.000,0.000,0.0
2009-03-05,03:47:00,0.326,0.062,244.110,1.600,0.000,0.000,0.0
2009-03-05,03:48:00,0.324,0.062,244.170,1.600,0.000,0.000,0.0
2009-03-05,03:49:00,0.322,0.060,244.170,1.400,0.000,0.000,0.0
2009-03-05,03:50:00,0.316,0.062,243.830,1.400,0.000,0.000,0.0
2009-03-05,03:51:00,0.316,0.062,243.750,1.400,0.000,0.000,0.0
2009-03-05,03:52:00,0.444,0.086,243.890,2.000,0.000,0.000,0.0
2009-03-05,03:53:00,0.506,0.202,244.510,2.200,0.000,2.000,0.0
2009-03-05,03:54:00,0.496,0.204,244.790,2.200,0.000,1.000,0.0
2009-03-05,03:55:00,0.494,0.204,244.510,2.200,0.000,1.000,0.0
2009-03-05,03:56:00,0.492,0.202,244.600,2.200,0.000,2.000,0.0
2009-03-05,03:57:00,0.490,0.202,244.080,2.200,0.000,1.000,0.0
2009-03-05,03:58:00,0.488,0.200,244.030,2.200,0.000,2.000,0.0
2009-03-05,03:59:00,0.488,0.202,244.130,2.200,0.000,1.000,0.0
2009-03-05,04:00:00,0.488,0.202,244.400,2.200,0.000,2.000,0.0
2009-03-05,04:01:00,0.486,0.202,244.500,2.200,0.000,1.000,0.0
2009-03-05,04:02:00,0.436,0.128,244.700,2.000,0.000,1.000,0.0
2009-03-05,04:03:00,0.392,0.064,244.330,1.800,0.000,2.000,0.0
2009-03-05,04:04:00,0.398,0.064,244.570,1.800,0.000,1.000,0.0
2009-03-05,04:05:00,0.400,0.064,244.710,1.800,0.000,2.000,0.0
2009-03-05,04:06:00,0.398,0.066,244.930,1.800,0.000,1.000,0.0
2009-03-05,04:07:00,0.396,0.066,244.930,1.800,0.000,1.000,0.0
2009-03-05,04:08:00,0.396,0.064,244.740,1.800,0.000,2.000,0.0
2009-03-05,04:09:00,0.394,0.064,244.790,1.800,0.000,1.000,0.0
2009-03-05,04:10:00,0.436,0.104,244.270,2.000,0.000,1.000,0.0
2009-03-05,04:11:00,0.462,0.172,244.880,2.000,0.000,2.000,0.0
2009-03-05,04:12:00,0.458,0.170,244.460,2.000,0.000,1.000,0.0
2009-03-05,04:13:00,0.458,0.170,244.860,2.000,0.000,1.000,0.0
2009-03-05,04:14:00,0.456,0.166,244.580,2.000,0.000,1.000,0.0
2009-03-05,04:15:00,0.384,0.046,245.300,1.600,0.000,0.000,0.0
2009-03-05,04:16:00,0.382,0.046,245.660,1.600,0.000,0.000,0.0
2009-03-05,04:17:00,0.380,0.000,244.780,1.600,0.000,0.000,0.0
2009-03-05,04:18:00,0.378,0.000,243.850,1.600,0.000,0.000,0.0
2009-03-05,04:19:00,0.474,0.144,244.200,2.200,0.000,0.000,0.0
2009-03-05,04:20:00,0.468,0.146,243.280,2.000,0.000,0.000,0.0
2009-03-05,04:21:00,0.416,0.072,242.930,1.800,0.000,0.000,0.0
2009-03-05,04:22:00,0.412,0.070,242.730,1.800,0.000,0.000,0.0
2009-03-05,04:23:00,0.412,0.074,243.700,1.800,0.000,0.000,0.0
2009-03-05,04:24:00,0.412,0.076,244.670,1.800,0.000,0.000,0.0
2009-03-05,04:25:00,0.412,0.078,245.250,1.800,0.000,0.000,0.0
2009-03-05,04:26:00,0.412,0.078,245.300,1.800,0.000,0.000,0.0
2009-03-05,04:27:00,0.408,0.076,244.650,1.800,0.000,0.000,0.0
2009-03-05,04:28:00,0.398,0.070,244.600,1.800,0.000,0.000,0.0
2009-03-05,04:29:00,0.306,0.062,244.740,1.400,0.000,0.000,0.0
2009-03-05,04:30:00,0.308,0.062,245.130,1.400,0.000,0.000,0.0
2009-03-05,04:31:00,0.306,0.062,245.100,1.400,0.000,0.000,0.0
2009-03-05,04:32:00,0.308,0.062,245.620,1.400,0.000,0.000,0.0
2009-03-05,04:33:00,0.306,0.062,244.930,1.400,0.000,0.000,0.0
2009-03-05,04:34:00,0.310,0.062,244.810,1.400,0.000,0.000,0.0
2009-03-05,04:35:00,0.312,0.062,243.490,1.400,0.000,0.000,0.0
2009-03-05,04:36:00,0.312,0.062,243.590,1.400,0.000,0.000,0.0
2009-03-05,04:37:00,0.312,0.062,243.760,1.400,0.000,0.000,0.0
2009-03-05,04:38:00,0.312,0.062,243.640,1.400,0.000,0.000,0.0
2009-03-05,04:39:00,0.312,0.062,244.390,1.400,0.000,0.000,0.0
2009-03-05,04:40:00,0.312,0.062,244.370,1.400,0.000,0.000,0.0
2009-03-05,04:41:00,0.312,0.062,244.360,1.400,0.000,0.000,0.0
2009-03-05,04:42:00,0.312,0.062,244.600,1.400,0.000,0.000,0.0
2009-03-05,04:43:00,0.308,0.064,243.890,1.400,0.000,0.000,0.0
2009-03-05,04:44:00,0.304,0.064,243.490,1.400,0.000,0.000,0.0
2009-03-05,04:45:00,0.336,0.000,242.730,1.600,0.000,0.000,0.0
2009-03-05,04:46:00,0.412,0.068,242.000,1.800,0.000,0.000,0.0
2009-03-05,04:47:00,0.408,0.068,242.220,1.800,0.000,0.000,0.0
2009-03-05,04:48:00,0.406,0.066,241.920,1.800,0.000,0.000,0.0
2009-03-05,04:49:00,0.408,0.068,241.900,1.800,0.000,0.000,0.0
2009-03-05,04:50:00,0.410,0.068,242.440,1.800,0.000,0.000,0.0
2009-03-05,04:51:00,0.410,0.072,243.270,1.800,0.000,0.000,0.0
2009-03-05,04:52:00,0.408,0.072,243.370,1.800,0.000,0.000,0.0
2009-03-05,04:53:00,0.408,0.074,243.980,1.800,0.000,0.000,0.0
2009-03-05,04:54:00,0.408,0.076,244.470,1.800,0.000,0.000,0.0
2009-03-05,04:55:00,0.362,0.000,244.860,1.600,0.000,0.000,0.0
2009-03-05,04:56:00,0.400,0.000,244.160,1.800,0.000,0.000,0.0
2009-03-05,04:57:00,0.384,0.000,244.500,1.600,0.000,0.000,0.0
2009-03-05,04:58:00,0.384,0.000,244.750,1.600,0.000,0.000,0.0
2009-03-05,04:59:00,0.382,0.000,244.340,1.600,0.000,0.000,0.0
2009-03-05,05:00:00,0.382,0.000,243.990,1.600,0.000,0.000,0.0
2009-03-05,05:01:00,0.380,0.000,243.620,1.600,0.000,0.000,0.0
2009-03-05,05:02:00,0.376,0.000,243.060,1.600,0.000,0.000,0.0
2009-03-05,05:03:00,0.376,0.000,243.300,1.600,0.000,0.000,0.0
2009-03-05,05:04:00,0.382,0.000,244.240,1.600,0.000,0.000,0.0
2009-03-05,05:05:00,0.382,0.000,243.610,1.600,0.000,0.000,0.0
2009-03-05,05:06:00,0.340,0.000,244.070,1.600,0.000,0.000,0.0
2009-03-05,05:07:00,0.312,0.062,244.350,1.400,0.000,0.000,0.0
2009-03-05,05:08:00,0.312,0.062,244.240,1.400,0.000,0.000,0.0
2009-03-05,05:09:00,0.312,0.062,244.360,1.400,0.000,0.000,0.0
2009-03-05,05:10:00,0.312,0.062,243.940,1.400,0.000,0.000,0.0
2009-03-05,05:11:00,0.306,0.062,244.670,1.400,0.000,0.000,0.0
2009-03-05,05:12:00,0.382,0.000,244.200,1.800,0.000,0.000,0.0
2009-03-05,05:13:00,0.412,0.070,243.170,1.800,0.000,0.000,0.0
2009-03-05,05:14:00,0.408,0.070,243.310,1.800,0.000,0.000,0.0
2009-03-05,05:15:00,1.474,0.062,243.390,6.200,0.000,0.000,16.0
2009-03-05,05:16:00,1.536,0.062,243.390,6.200,0.000,0.000,18.0
2009-03-05,05:17:00,1.520,0.062,243.590,6.200,0.000,0.000,19.0
2009-03-05,05:18:00,1.510,0.062,243.570,6.200,0.000,0.000,18.0
2009-03-05,05:19:00,1.506,0.062,243.340,6.200,0.000,0.000,19.0
2009-03-05,05:20:00,1.506,0.062,243.490,6.200,0.000,0.000,18.0
2009-03-05,05:21:00,1.498,0.060,243.000,6.200,0.000,0.000,18.0
2009-03-05,05:22:00,1.416,0.056,243.030,5.800,0.000,0.000,18.0
2009-03-05,05:23:00,1.388,0.076,242.290,5.800,0.000,0.000,18.0
2009-03-05,05:24:00,1.380,0.078,241.390,5.600,0.000,0.000,18.0
2009-03-05,05:25:00,1.380,0.078,241.550,5.600,0.000,0.000,18.0
2009-03-05,05:26:00,1.374,0.078,241.060,5.600,0.000,0.000,18.0
2009-03-05,05:27:00,1.384,0.078,242.030,5.600,0.000,0.000,18.0
2009-03-05,05:28:00,1.394,0.076,242.990,5.800,0.000,0.000,18.0
2009-03-05,05:29:00,1.392,0.076,242.760,5.800,0.000,0.000,18.0
2009-03-05,05:30:00,1.388,0.076,242.420,5.600,0.000,0.000,18.0
2009-03-05,05:31:00,1.384,0.076,242.060,5.600,0.000,0.000,18.0
2009-03-05,05:32:00,1.380,0.076,241.670,5.600,0.000,0.000,18.0
2009-03-05,05:33:00,1.382,0.076,241.860,5.600,0.000,0.000,18.0
2009-03-05,05:34:00,1.388,0.076,242.400,5.600,0.000,0.000,18.0
2009-03-05,05:35:00,1.384,0.076,242.080,5.600,0.000,0.000,18.0
2009-03-05,05:36:00,1.380,0.076,241.680,5.600,0.000,0.000,18.0
2009-03-05,05:37:00,1.380,0.076,241.590,5.600,0.000,0.000,18.0
2009-03-05,05:38:00,1.400,0.072,242.610,5.800,0.000,0.000,18.0
2009-03-05,05:39:00,1.506,0.060,242.700,6.200,0.000,0.000,18.0
2009-03-05,05:40:00,1.490,0.058,242.250,6.200,0.000,0.000,18.0
2009-03-05,05:41:00,1.486,0.058,242.250,6.200,0.000,0.000,18.0
2009-03-05,05:42:00,1.564,0.148,242.040,6.400,0.000,0.000,18.0
2009-03-05,05:43:00,1.562,0.166,242.580,6.400,0.000,0.000,18.0
2009-03-05,05:44:00,1.568,0.168,243.120,6.400,0.000,0.000,18.0
2009-03-05,05:45:00,1.568,0.168,243.310,6.400,0.000,0.000,18.0
2009-03-05,05:46:00,1.564,0.166,243.060,6.400,0.000,0.000,18.0
2009-03-05,05:47:00,1.556,0.166,242.660,6.400,0.000,0.000,18.0
2009-03-05,05:48:00,1.530,0.128,242.850,6.200,0.000,0.000,18.0
2009-03-05,05:49:00,1.466,0.000,243.210,6.000,0.000,0.000,19.0
2009-03-05,05:50:00,1.146,0.000,243.850,5.200,0.000,0.000,13.0
2009-03-05,05:51:00,0.376,0.000,244.090,1.600,0.000,0.000,0.0
2009-03-05,05:52:00,0.350,0.000,243.240,1.600,0.000,0.000,0.0
2009-03-05,05:53:00,0.308,0.064,243.080,1.400,0.000,0.000,0.0
2009-03-05,05:54:00,0.314,0.062,243.290,1.400,0.000,0.000,0.0
2009-03-05,05:55:00,0.312,0.062,243.340,1.400,0.000,0.000,0.0
2009-03-05,05:56:00,0.312,0.062,243.400,1.400,0.000,0.000,0.0
2009-03-05,05:57:00,0.312,0.064,242.960,1.400,0.000,0.000,0.0
2009-03-05,05:58:00,0.312,0.064,242.750,1.400,0.000,0.000,0.0
2009-03-05,05:59:00,0.312,0.064,243.210,1.400,0.000,0.000,0.0
2009-03-05,06:00:00,0.312,0.064,243.430,1.400,0.000,0.000,0.0
2009-03-05,06:01:00,0.312,0.062,243.650,1.400,0.000,0.000,0.0
2009-03-05,06:02:00,0.312,0.062,243.380,1.400,0.000,0.000,0.0
2009-03-05,06:03:00,0.312,0.064,243.040,1.400,0.000,0.000,0.0
2009-03-05,06:04:00,0.310,0.064,242.300,1.400,0.000,0.000,0.0
2009-03-05,06:05:00,0.394,0.000,241.770,1.800,0.000,0.000,0.0
2009-03-05,06:06:00,0.418,0.066,242.890,1.800,0.000,0.000,0.0
2009-03-05,06:07:00,0.412,0.066,242.630,1.800,0.000,0.000,0.0
2009-03-05,06:08:00,0.410,0.066,242.500,1.800,0.000,0.000,0.0
2009-03-05,06:09:00,0.410,0.068,242.860,1.800,0.000,0.000,0.0
2009-03-05,06:10:00,0.408,0.068,242.730,1.800,0.000,0.000,0.0
2009-03-05,06:11:00,0.406,0.066,242.780,1.800,0.000,0.000,0.0
2009-03-05,06:12:00,0.406,0.066,242.750,1.800,0.000,0.000,0.0
2009-03-05,06:13:00,0.406,0.066,243.180,1.800,0.000,0.000,0.0
2009-03-05,06:14:00,0.406,0.070,243.480,1.800,0.000,0.000,0.0
2009-03-05,06:15:00,0.326,0.000,243.610,1.400,0.000,0.000,0.0
2009-03-05,06:16:00,0.310,0.068,242.850,1.400,0.000,0.000,0.0
2009-03-05,06:17:00,0.308,0.066,242.830,1.400,0.000,0.000,0.0
2009-03-05,06:18:00,0.310,0.068,242.780,1.400,0.000,0.000,0.0
2009-03-05,06:19:00,0.310,0.068,242.980,1.400,0.000,0.000,0.0
2009-03-05,06:20:00,0.308,0.068,242.480,1.400,0.000,0.000,0.0
2009-03-05,06:21:00,0.306,0.070,240.890,1.400,0.000,0.000,0.0
2009-03-05,06:22:00,0.306,0.072,240.750,1.400,0.000,0.000,0.0
2009-03-05,06:23:00,0.306,0.072,240.620,1.400,0.000,0.000,0.0
2009-03-05,06:24:00,0.306,0.072,240.460,1.400,0.000,0.000,0.0
2009-03-05,06:25:00,0.306,0.072,240.760,1.400,0.000,0.000,0.0
2009-03-05,06:26:00,0.306,0.072,240.620,1.400,0.000,0.000,0.0
2009-03-05,06:27:00,0.306,0.072,240.730,1.400,0.000,0.000,0.0
2009-03-05,06:28:00,0.368,0.000,241.330,1.800,0.000,0.000,0.0
2009-03-05,06:29:00,0.382,0.000,241.480,1.600,0.000,0.000,0.0
2009-03-05,06:30:00,0.384,0.000,242.220,1.600,0.000,0.000,0.0
2009-03-05,06:31:00,0.406,0.046,241.290,1.800,0.000,0.000,0.0
2009-03-05,06:32:00,0.510,0.174,240.240,2.400,0.000,0.000,0.0
2009-03-05,06:33:00,0.568,0.294,242.250,2.600,0.000,1.000,0.0
2009-03-05,06:34:00,0.566,0.296,242.720,2.600,0.000,1.000,0.0
2009-03-05,06:35:00,0.562,0.298,242.880,2.600,0.000,1.000,0.0
2009-03-05,06:36:00,0.562,0.298,243.250,2.600,0.000,2.000,0.0
2009-03-05,06:37:00,0.558,0.296,242.720,2.600,0.000,1.000,0.0
2009-03-05,06:38:00,0.548,0.290,241.650,2.600,0.000,2.000,0.0
2009-03-05,06:39:00,0.482,0.192,241.590,2.200,0.000,1.000,0.0
2009-03-05,06:40:00,0.482,0.182,240.990,2.200,0.000,2.000,0.0
2009-03-05,06:41:00,0.472,0.170,241.700,2.200,0.000,1.000,0.0
2009-03-05,06:42:00,0.390,0.052,241.870,1.800,0.000,1.000,0.0
2009-03-05,06:43:00,0.390,0.052,241.880,1.800,0.000,2.000,0.0
2009-03-05,06:44:00,0.384,0.050,241.610,1.600,0.000,1.000,0.0
2009-03-05,06:45:00,0.436,0.048,241.200,2.000,0.000,2.000,0.0
2009-03-05,06:46:00,0.672,0.000,240.950,2.800,0.000,1.000,0.0
2009-03-05,06:47:00,0.628,0.046,241.350,2.600,0.000,1.000,0.0
2009-03-05,06:48:00,0.616,0.072,241.500,2.600,0.000,2.000,0.0
2009-03-05,06:49:00,0.874,0.074,241.510,3.600,0.000,1.000,0.0
2009-03-05,06:50:00,1.322,0.180,240.920,6.400,0.000,1.000,0.0
2009-03-05,06:51:00,0.974,0.072,241.610,4.000,0.000,2.000,0.0
2009-03-05,06:52:00,3.960,0.070,238.700,18.400,0.000,1.000,0.0
2009-03-05,06:53:00,4.850,0.084,237.080,20.800,0.000,1.000,0.0
2009-03-05,06:54:00,4.298,0.086,237.070,18.000,0.000,1.000,0.0
2009-03-05,06:55:00,5.194,0.056,236.460,22.000,0.000,1.000,0.0
2009-03-05,06:56:00,2.480,0.000,240.740,10.400,0.000,0.000,0.0
2009-03-05,06:57:00,1.616,0.000,240.980,6.800,0.000,0.000,0.0
2009-03-05,06:58:00,1.996,0.118,239.660,8.800,0.000,0.000,0.0
2009-03-05,06:59:00,2.428,0.168,239.560,10.600,0.000,0.000,0.0
2009-03-05,07:00:00,1.796,0.138,239.400,8.000,0.000,0.000,0.0
2009-03-05,07:01:00,1.198,0.128,240.070,5.000,0.000,0.000,0.0
2009-03-05,07:02:00,1.182,0.128,239.790,5.200,0.000,0.000,0.0
2009-03-05,07:03:00,2.184,0.114,238.320,9.200,0.000,0.000,18.0
2009-03-05,07:04:00,2.174,0.114,238.470,9.200,0.000,0.000,18.0
2009-03-05,07:05:00,2.174,0.118,238.880,9.000,0.000,0.000,18.0
2009-03-05,07:06:00,2.164,0.116,238.670,9.000,0.000,0.000,18.0
2009-03-05,07:07:00,2.146,0.116,238.380,9.000,0.000,0.000,17.0
2009-03-05,07:08:00,2.100,0.000,239.140,8.800,0.000,0.000,18.0
2009-03-05,07:09:00,2.040,0.000,237.800,8.600,0.000,0.000,17.0
2009-03-05,07:10:00,2.114,0.076,237.360,9.000,0.000,0.000,18.0
2009-03-05,07:11:00,2.110,0.086,237.560,8.800,0.000,0.000,17.0
2009-03-05,07:12:00,2.110,0.086,237.400,8.800,0.000,0.000,17.0
2009-03-05,07:13:00,2.116,0.088,238.030,8.800,0.000,0.000,18.0
2009-03-05,07:14:00,2.116,0.086,237.880,8.800,0.000,0.000,17.0
2009-03-05,07:15:00,2.096,0.084,237.150,8.800,0.000,0.000,17.0
2009-03-05,07:16:00,2.212,0.084,237.520,9.400,0.000,0.000,18.0
2009-03-05,07:17:00,2.314,0.088,239.120,9.600,0.000,0.000,17.0
2009-03-05,07:18:00,2.328,0.090,239.090,9.800,0.000,0.000,18.0
2009-03-05,07:19:00,2.370,0.090,239.190,9.800,0.000,0.000,17.0
2009-03-05,07:20:00,2.366,0.090,239.160,9.800,0.000,0.000,18.0
2009-03-05,07:21:00,2.340,0.060,238.930,9.800,0.000,0.000,18.0
2009-03-05,07:22:00,2.302,0.000,239.600,9.600,0.000,0.000,17.0
2009-03-05,07:23:00,2.304,0.000,239.400,9.600,0.000,0.000,18.0
2009-03-05,07:24:00,2.366,0.000,239.460,9.800,0.000,0.000,17.0
2009-03-05,07:25:00,2.394,0.118,238.400,10.000,0.000,0.000,18.0
2009-03-05,07:26:00,2.410,0.122,239.580,10.000,0.000,0.000,17.0
2009-03-05,07:27:00,2.390,0.120,238.910,10.000,0.000,0.000,18.0
2009-03-05,07:28:00,2.400,0.120,239.650,10.000,0.000,0.000,18.0
2009-03-05,07:29:00,2.412,0.124,240.200,10.000,0.000,0.000,17.0
2009-03-05,07:30:00,2.398,0.122,239.540,10.000,0.000,0.000,18.0
2009-03-05,07:31:00,2.406,0.122,240.030,10.000,0.000,0.000,18.0
2009-03-05,07:32:00,2.408,0.124,240.480,10.000,0.000,0.000,17.0
2009-03-05,07:33:00,2.418,0.126,241.310,10.000,0.000,0.000,18.0
2009-03-05,07:34:00,2.414,0.124,240.590,10.000,0.000,0.000,18.0
2009-03-05,07:35:00,2.334,0.000,240.800,9.600,0.000,0.000,18.0
2009-03-05,07:36:00,2.336,0.000,241.330,9.600,0.000,0.000,18.0
2009-03-05,07:37:00,2.324,0.000,240.680,9.600,0.000,0.000,17.0
2009-03-05,07:38:00,2.414,0.000,239.620,10.000,0.000,0.000,18.0
2009-03-05,07:39:00,2.366,0.000,238.840,9.800,0.000,0.000,17.0
2009-03-05,07:40:00,2.380,0.000,238.090,10.000,0.000,0.000,18.0
2009-03-05,07:41:00,2.312,0.000,237.530,9.600,0.000,0.000,17.0
2009-03-05,07:42:00,2.330,0.000,238.210,9.800,0.000,0.000,18.0
2009-03-05,07:43:00,2.410,0.000,238.410,10.000,0.000,0.000,17.0
2009-03-05,07:44:00,2.452,0.000,239.650,10.200,0.000,0.000,18.0
2009-03-05,07:45:00,2.458,0.000,239.980,10.200,0.000,0.000,17.0
2009-03-05,07:46:00,2.458,0.000,239.530,10.200,0.000,0.000,18.0
2009-03-05,07:47:00,2.456,0.000,239.450,10.200,0.000,0.000,18.0
2009-03-05,07:48:00,2.442,0.000,239.250,10.200,0.000,0.000,17.0
2009-03-05,07:49:00,2.922,0.000,238.670,12.400,0.000,0.000,18.0
2009-03-05,07:50:00,3.582,0.000,237.310,15.000,0.000,0.000,17.0
2009-03-05,07:51:00,3.710,0.068,236.730,15.600,0.000,0.000,17.0
2009-03-05,07:52:00,3.758,0.100,236.620,15.800,0.000,0.000,17.0
2009-03-05,07:53:00,2.698,0.106,237.230,11.600,0.000,0.000,18.0
2009-03-05,07:54:00,2.410,0.110,237.760,10.200,0.000,0.000,17.0
2009-03-05,07:55:00,2.404,0.108,237.230,10.200,0.000,0.000,17.0
2009-03-05,07:56:00,2.362,0.122,236.670,10.000,0.000,0.000,17.0
2009-03-05,07:57:00,2.386,0.212,237.800,10.000,0.000,0.000,18.0
2009-03-05,07:58:00,3.204,0.176,236.570,13.800,0.000,0.000,17.0
2009-03-05,07:59:00,2.790,0.172,236.410,12.000,0.000,0.000,17.0
2009-03-05,08:00:00,2.332,0.174,236.510,9.800,0.000,0.000,17.0
2009-03-05,08:01:00,2.386,0.122,237.600,10.000,0.000,0.000,18.0
2009-03-05,08:02:00,2.296,0.050,237.700,9.600,0.000,0.000,17.0
2009-03-05,08:03:00,2.252,0.050,237.260,9.400,0.000,0.000,17.0
2009-03-05,08:04:00,2.272,0.054,238.660,9.600,0.000,0.000,18.0
2009-03-05,08:05:00,2.312,0.056,240.650,9.600,0.000,0.000,17.0
2009-03-05,08:06:00,2.372,0.052,241.130,9.800,0.000,0.000,18.0
2009-03-05,08:07:00,2.480,0.104,241.250,10.400,0.000,0.000,18.0
2009-03-05,08:08:00,2.182,0.000,241.880,9.000,0.000,0.000,18.0
2009-03-05,08:09:00,1.848,0.000,241.210,7.800,0.000,0.000,18.0
2009-03-05,08:10:00,1.492,0.130,240.150,6.200,0.000,0.000,18.0
2009-03-05,08:11:00,1.524,0.216,239.400,6.400,0.000,0.000,17.0
2009-03-05,08:12:00,1.458,0.088,238.460,6.000,0.000,0.000,18.0
2009-03-05,08:13:00,1.376,0.000,237.550,5.800,0.000,0.000,17.0
2009-03-05,08:14:00,1.346,0.086,237.870,5.600,0.000,0.000,17.0
2009-03-05,08:15:00,1.354,0.086,238.590,5.600,0.000,0.000,18.0
2009-03-05,08:16:00,1.364,0.086,239.570,5.600,0.000,0.000,17.0
2009-03-05,08:17:00,1.408,0.000,240.170,5.800,0.000,0.000,18.0
2009-03-05,08:18:00,1.464,0.000,239.550,6.000,0.000,0.000,18.0
2009-03-05,08:19:00,1.468,0.046,239.920,6.000,0.000,0.000,17.0
2009-03-05,08:20:00,1.466,0.048,240.130,6.000,0.000,0.000,18.0
2009-03-05,08:21:00,1.460,0.046,240.110,6.000,0.000,0.000,18.0
2009-03-05,08:22:00,1.452,0.000,239.400,6.000,0.000,0.000,17.0
2009-03-05,08:23:00,1.450,0.046,239.510,6.000,0.000,0.000,18.0
2009-03-05,08:24:00,1.442,0.000,238.780,6.000,0.000,0.000,18.0
2009-03-05,08:25:00,1.426,0.000,237.150,6.000,0.000,0.000,17.0
2009-03-05,08:26:00,1.446,0.000,238.550,6.000,0.000,0.000,17.0
2009-03-05,08:27:00,1.454,0.046,239.430,6.000,0.000,0.000,18.0
2009-03-05,08:28:00,1.376,0.070,239.750,5.800,0.000,0.000,18.0
2009-03-05,08:29:00,1.364,0.084,239.600,5.600,0.000,0.000,17.0
2009-03-05,08:30:00,1.360,0.084,239.260,5.600,0.000,0.000,18.0
2009-03-05,08:31:00,1.366,0.082,239.930,5.600,0.000,0.000,17.0
2009-03-05,08:32:00,1.370,0.082,240.570,5.600,0.000,0.000,18.0
2009-03-05,08:33:00,1.360,0.082,239.860,5.600,0.000,0.000,18.0
2009-03-05,08:34:00,1.356,0.084,239.580,5.600,0.000,0.000,17.0
2009-03-05,08:35:00,1.354,0.084,239.330,5.600,0.000,0.000,18.0
2009-03-05,08:36:00,1.346,0.086,238.500,5.600,0.000,0.000,17.0
2009-03-05,08:37:00,1.344,0.086,238.240,5.600,0.000,0.000,18.0
2009-03-05,08:38:00,1.346,0.084,238.410,5.600,0.000,0.000,17.0
2009-03-05,08:39:00,1.352,0.084,239.040,5.600,0.000,0.000,18.0
2009-03-05,08:40:00,1.350,0.086,238.610,5.600,0.000,0.000,17.0
2009-03-05,08:41:00,1.348,0.084,238.000,5.600,0.000,0.000,18.0
2009-03-05,08:42:00,1.346,0.086,237.790,5.600,0.000,0.000,17.0
2009-03-05,08:43:00,1.346,0.084,237.810,5.600,0.000,0.000,17.0
2009-03-05,08:44:00,1.442,0.000,237.450,6.000,0.000,0.000,18.0
2009-03-05,08:45:00,1.500,0.092,237.940,6.400,0.000,0.000,17.0
2009-03-05,08:46:00,1.518,0.144,238.160,6.400,0.000,0.000,17.0
2009-03-05,08:47:00,1.532,0.150,239.630,6.400,0.000,0.000,18.0
2009-03-05,08:48:00,1.526,0.148,239.300,6.400,0.000,0.000,18.0
2009-03-05,08:49:00,1.514,0.144,238.360,6.400,0.000,0.000,17.0
2009-03-05,08:50:00,1.516,0.146,238.750,6.400,0.000,0.000,18.0
2009-03-05,08:51:00,1.518,0.148,239.230,6.400,0.000,0.000,17.0
2009-03-05,08:52:00,1.520,0.148,239.640,6.400,0.000,0.000,18.0
2009-03-05,08:53:00,1.516,0.148,239.190,6.400,0.000,0.000,17.0
2009-03-05,08:54:00,1.492,0.116,239.190,6.200,0.000,0.000,18.0
2009-03-05,08:55:00,1.426,0.000,239.450,6.000,0.000,0.000,18.0
2009-03-05,08:56:00,1.418,0.000,238.200,6.000,0.000,0.000,17.0
2009-03-05,08:57:00,1.408,0.000,237.360,5.800,0.000,0.000,17.0
2009-03-05,08:58:00,1.408,0.000,237.490,5.800,0.000,0.000,18.0
2009-03-05,08:59:00,1.350,0.068,237.810,5.600,0.000,0.000,17.0
2009-03-05,09:00:00,1.332,0.086,237.150,5.600,0.000,0.000,17.0
2009-03-05,09:01:00,1.328,0.088,236.740,5.600,0.000,0.000,17.0
2009-03-05,09:02:00,1.330,0.088,236.800,5.600,0.000,0.000,18.0
2009-03-05,09:03:00,1.334,0.086,237.220,5.600,0.000,0.000,17.0
2009-03-05,09:04:00,1.334,0.086,237.330,5.600,0.000,0.000,17.0
2009-03-05,09:05:00,1.338,0.084,237.570,5.600,0.000,0.000,17.0
2009-03-05,09:06:00,1.346,0.084,238.510,5.600,0.000,0.000,18.0
2009-03-05,09:07:00,1.346,0.084,238.450,5.600,0.000,0.000,17.0
2009-03-05,09:08:00,1.342,0.084,238.140,5.600,0.000,0.000,18.0
2009-03-05,09:09:00,1.340,0.084,237.840,5.600,0.000,0.000,17.0
2009-03-05,09:10:00,1.344,0.084,237.930,5.600,0.000,0.000,18.0
2009-03-05,09:11:00,1.458,0.000,237.250,6.200,0.000,0.000,17.0
2009-03-05,09:12:00,1.462,0.046,239.080,6.000,0.000,0.000,17.0
2009-03-05,09:13:00,1.468,0.050,240.420,6.000,0.000,0.000,18.0
2009-03-05,09:14:00,1.466,0.050,240.470,6.000,0.000,0.000,18.0
2009-03-05,09:15:00,1.482,0.082,238.460,6.200,0.000,0.000,17.0
2009-03-05,09:16:00,1.514,0.162,237.720,6.400,0.000,1.000,18.0
2009-03-05,09:17:00,1.514,0.162,237.680,6.400,0.000,1.000,17.0
2009-03-05,09:18:00,1.510,0.162,237.600,6.400,0.000,2.000,17.0
2009-03-05,09:19:00,1.518,0.162,238.130,6.400,0.000,1.000,18.0
2009-03-05,09:20:00,1.512,0.162,237.690,6.400,0.000,1.000,17.0
2009-03-05,09:21:00,1.452,0.080,237.520,6.000,0.000,2.000,17.0
2009-03-05,09:22:00,1.486,0.000,237.770,6.200,0.000,1.000,18.0
2009-03-05,09:23:00,1.426,0.000,237.370,6.000,0.000,2.000,17.0
2009-03-05,09:24:00,1.444,0.000,238.640,6.000,0.000,1.000,17.0
2009-03-05,09:25:00,1.450,0.000,238.950,6.000,0.000,1.000,18.0
2009-03-05,09:26:00,1.450,0.000,238.580,6.000,0.000,2.000,17.0
2009-03-05,09:27:00,1.462,0.000,239.740,6.000,0.000,1.000,18.0
2009-03-05,09:28:00,1.456,0.000,239.210,6.000,0.000,2.000,18.0
2009-03-05,09:29:00,1.452,0.000,238.780,6.000,0.000,1.000,17.0
2009-03-05,09:30:00,1.450,0.000,239.080,6.000,0.000,1.000,18.0
2009-03-05,09:31:00,1.464,0.000,240.740,6.000,0.000,2.000,18.0
2009-03-05,09:32:00,1.512,0.086,240.610,6.200,0.000,1.000,17.0
2009-03-05,09:33:00,1.522,0.136,239.450,6.400,0.000,1.000,18.0
2009-03-05,09:34:00,1.522,0.136,239.540,6.400,0.000,2.000,17.0
2009-03-05,09:35:00,1.524,0.138,239.640,6.400,0.000,1.000,18.0
2009-03-05,09:36:00,1.516,0.134,238.750,6.400,0.000,1.000,18.0
2009-03-05,09:37:00,1.574,0.200,238.360,6.600,0.000,1.000,17.0
2009-03-05,09:38:00,1.584,0.216,238.610,6.600,0.000,1.000,18.0
2009-03-05,09:39:00,1.532,0.146,238.210,6.400,0.000,0.000,17.0
2009-03-05,09:40:00,1.534,0.146,238.420,6.400,0.000,0.000,17.0
2009-03-05,09:41:00,1.532,0.146,238.020,6.400,0.000,0.000,18.0
2009-03-05,09:42:00,1.524,0.144,237.350,6.400,0.000,0.000,17.0
2009-03-05,09:43:00,1.528,0.144,237.920,6.400,0.000,0.000,17.0
2009-03-05,09:44:00,1.520,0.122,239.080,6.400,0.000,0.000,18.0
2009-03-05,09:45:00,1.468,0.046,238.850,6.200,0.000,0.000,17.0
2009-03-05,09:46:00,1.474,0.048,239.430,6.200,0.000,0.000,18.0
2009-03-05,09:47:00,1.474,0.000,240.290,6.200,0.000,0.000,18.0
2009-03-05,09:48:00,1.386,0.084,239.850,5.800,0.000,0.000,17.0
2009-03-05,09:49:00,1.374,0.084,238.780,5.800,0.000,0.000,18.0
2009-03-05,09:50:00,1.376,0.084,239.550,5.800,0.000,0.000,18.0
2009-03-05,09:51:00,1.380,0.082,239.950,5.800,0.000,0.000,17.0
2009-03-05,09:52:00,1.376,0.084,239.600,5.800,0.000,0.000,18.0
2009-03-05,09:53:00,1.386,0.082,240.420,5.800,0.000,0.000,18.0
2009-03-05,09:54:00,1.386,0.080,240.460,5.800,0.000,0.000,17.0
2009-03-05,09:55:00,1.384,0.080,240.140,5.800,0.000,0.000,18.0
2009-03-05,09:56:00,1.378,0.082,239.080,5.800,0.000,0.000,18.0
2009-03-05,09:57:00,1.380,0.082,239.340,5.800,0.000,0.000,17.0
2009-03-05,09:58:00,1.380,0.082,239.250,5.800,0.000,0.000,18.0
2009-03-05,09:59:00,1.376,0.082,238.930,5.800,0.000,0.000,17.0
2009-03-05,10:00:00,1.382,0.082,239.450,5.800,0.000,0.000,18.0
2009-03-05,10:01:00,1.378,0.082,238.990,5.800,0.000,0.000,17.0
2009-03-05,10:02:00,1.372,0.082,238.530,5.800,0.000,0.000,18.0
2009-03-05,10:03:00,1.374,0.084,238.590,5.800,0.000,0.000,17.0
2009-03-05,10:04:00,1.474,0.000,238.140,6.200,0.000,0.000,18.0
2009-03-05,10:05:00,1.464,0.000,237.280,6.200,0.000,0.000,17.0
2009-03-05,10:06:00,1.466,0.000,237.940,6.200,0.000,0.000,17.0
2009-03-05,10:07:00,1.460,0.000,237.810,6.200,0.000,0.000,18.0
2009-03-05,10:08:00,1.460,0.000,238.230,6.200,0.000,0.000,17.0
2009-03-05,10:09:00,1.442,0.000,236.770,6.000,0.000,0.000,17.0
2009-03-05,10:10:00,1.454,0.000,237.690,6.000,0.000,0.000,18.0
2009-03-05,10:11:00,1.466,0.000,238.470,6.200,0.000,0.000,17.0
2009-03-05,10:12:00,1.468,0.046,238.780,6.200,0.000,0.000,18.0
2009-03-05,10:13:00,1.462,0.000,238.310,6.200,0.000,0.000,17.0
2009-03-05,10:14:00,1.406,0.000,238.600,5.800,0.000,0.000,18.0
2009-03-05,10:15:00,1.376,0.084,238.750,5.800,0.000,0.000,17.0
2009-03-05,10:16:00,1.372,0.084,238.410,5.800,0.000,0.000,17.0
2009-03-05,10:17:00,1.382,0.082,239.340,5.800,0.000,0.000,18.0
2009-03-05,10:18:00,1.384,0.082,239.570,5.800,0.000,0.000,18.0
2009-03-05,10:19:00,1.448,0.000,239.500,6.000,0.000,0.000,17.0
2009-03-05,10:20:00,1.450,0.000,238.810,6.000,0.000,0.000,18.0
2009-03-05,10:21:00,1.452,0.000,238.990,6.000,0.000,0.000,17.0
2009-03-05,10:22:00,1.446,0.000,239.030,6.000,0.000,0.000,18.0
2009-03-05,10:23:00,1.444,0.000,238.990,6.000,0.000,0.000,17.0
2009-03-05,10:24:00,1.438,0.000,238.580,6.000,0.000,0.000,18.0
2009-03-05,10:25:00,1.434,0.000,238.070,6.000,0.000,0.000,17.0
2009-03-05,10:26:00,1.440,0.000,238.270,6.000,0.000,0.000,18.0
2009-03-05,10:27:00,1.438,0.000,238.180,6.000,0.000,0.000,17.0
2009-03-05,10:28:00,1.448,0.000,239.310,6.000,0.000,0.000,18.0
2009-03-05,10:29:00,1.458,0.000,240.160,6.000,0.000,0.000,17.0
2009-03-05,10:30:00,1.504,0.062,240.130,6.200,0.000,0.000,18.0
2009-03-05,10:31:00,1.512,0.078,239.840,6.200,0.000,0.000,18.0
2009-03-05,10:32:00,1.486,0.046,239.740,6.200,0.000,0.000,17.0
2009-03-05,10:33:00,1.474,0.000,238.990,6.200,0.000,0.000,18.0
2009-03-05,10:34:00,1.472,0.000,239.320,6.200,0.000,0.000,17.0
2009-03-05,10:35:00,1.470,0.000,239.310,6.200,0.000,0.000,18.0
2009-03-05,10:36:00,1.464,0.000,239.000,6.200,0.000,0.000,17.0
2009-03-05,10:37:00,1.460,0.000,238.710,6.000,0.000,0.000,18.0
2009-03-05,10:38:00,1.460,0.000,238.670,6.000,0.000,0.000,17.0
2009-03-05,10:39:00,1.468,0.046,239.630,6.200,0.000,0.000,18.0
2009-03-05,10:40:00,1.474,0.048,239.940,6.200,0.000,0.000,18.0
2009-03-05,10:41:00,1.382,0.082,239.340,5.800,0.000,0.000,17.0
2009-03-05,10:42:00,1.374,0.084,238.710,5.800,0.000,0.000,18.0
2009-03-05,10:43:00,1.372,0.084,238.580,5.800,0.000,0.000,17.0
2009-03-05,10:44:00,1.374,0.084,238.750,5.800,0.000,0.000,18.0
2009-03-05,10:45:00,1.364,0.084,238.240,5.800,0.000,0.000,17.0
2009-03-05,10:46:00,1.362,0.086,238.060,5.800,0.000,0.000,17.0
2009-03-05,10:47:00,1.356,0.086,237.630,5.600,0.000,0.000,18.0
2009-03-05,10:48:00,1.358,0.086,237.860,5.800,0.000,0.000,17.0
2009-03-05,10:49:00,1.362,0.086,238.310,5.800,0.000,0.000,18.0
2009-03-05,10:50:00,1.362,0.086,238.290,5.800,0.000,0.000,17.0
2009-03-05,10:51:00,1.364,0.088,238.520,5.800,0.000,0.000,17.0
2009-03-05,10:52:00,1.352,0.088,237.160,5.600,0.000,0.000,18.0
2009-03-05,10:53:00,1.350,0.088,237.010,5.600,0.000,0.000,17.0
2009-03-05,10:54:00,1.356,0.086,237.720,5.600,0.000,0.000,17.0
2009-03-05,10:55:00,1.352,0.090,237.150,5.600,0.000,0.000,18.0
2009-03-05,10:56:00,1.326,0.088,236.450,5.600,0.000,0.000,17.0
2009-03-05,10:57:00,1.424,0.000,236.690,6.000,0.000,0.000,17.0
2009-03-05,10:58:00,1.444,0.000,237.900,6.000,0.000,0.000,17.0
2009-03-05,10:59:00,1.452,0.000,237.360,6.000,0.000,0.000,18.0
2009-03-05,11:00:00,1.450,0.000,236.290,6.200,0.000,0.000,17.0
2009-03-05,11:01:00,1.446,0.000,237.480,6.000,0.000,0.000,17.0
2009-03-05,11:02:00,1.428,0.000,236.000,6.000,0.000,0.000,17.0
2009-03-05,11:03:00,1.404,0.000,233.690,6.000,0.000,0.000,17.0
2009-03-05,11:04:00,1.422,0.000,235.590,6.000,0.000,0.000,17.0
2009-03-05,11:05:00,1.468,0.084,236.210,6.200,0.000,0.000,17.0
2009-03-05,11:06:00,1.488,0.136,236.150,6.200,0.000,0.000,17.0
2009-03-05,11:07:00,1.446,0.082,235.530,6.200,0.000,0.000,17.0
2009-03-05,11:08:00,1.398,0.000,236.210,5.800,0.000,0.000,17.0
2009-03-05,11:09:00,1.392,0.000,235.810,5.800,0.000,0.000,17.0
2009-03-05,11:10:00,1.394,0.000,236.080,5.800,0.000,0.000,18.0
2009-03-05,11:11:00,1.410,0.000,235.360,6.000,0.000,0.000,17.0
2009-03-05,11:12:00,1.402,0.000,236.850,5.800,0.000,0.000,17.0
2009-03-05,11:13:00,1.416,0.000,238.230,6.000,0.000,0.000,17.0
2009-03-05,11:14:00,1.402,0.000,237.150,5.800,0.000,0.000,17.0
2009-03-05,11:15:00,1.404,0.000,237.330,5.800,0.000,0.000,18.0
2009-03-05,11:16:00,1.416,0.000,237.450,6.000,0.000,0.000,17.0
2009-03-05,11:17:00,1.416,0.000,238.070,6.000,0.000,0.000,17.0
2009-03-05,11:18:00,1.420,0.000,238.990,6.000,0.000,0.000,18.0
2009-03-05,11:19:00,1.412,0.000,238.290,5.800,0.000,0.000,17.0
2009-03-05,11:20:00,1.392,0.000,238.360,5.800,0.000,0.000,18.0
2009-03-05,11:21:00,1.348,0.086,238.580,5.600,0.000,0.000,17.0
2009-03-05,11:22:00,1.342,0.086,238.030,5.600,0.000,0.000,18.0
2009-03-05,11:23:00,1.338,0.086,237.580,5.600,0.000,0.000,17.0
2009-03-05,11:24:00,1.456,0.000,237.660,6.200,0.000,0.000,17.0
2009-03-05,11:25:00,1.454,0.046,238.810,6.000,0.000,0.000,18.0
2009-03-05,11:26:00,1.448,0.000,238.520,6.000,0.000,0.000,17.0
2009-03-05,11:27:00,1.456,0.046,239.560,6.000,0.000,0.000,18.0
2009-03-05,11:28:00,1.454,0.046,239.480,6.000,0.000,0.000,17.0
2009-03-05,11:29:00,1.454,0.046,239.670,6.000,0.000,0.000,18.0
2009-03-05,11:30:00,1.452,0.046,239.650,6.000,0.000,0.000,18.0
2009-03-05,11:31:00,1.454,0.046,239.490,6.000,0.000,0.000,17.0
2009-03-05,11:32:00,1.464,0.048,240.210,6.000,0.000,0.000,18.0
2009-03-05,11:33:00,1.462,0.048,240.040,6.000,0.000,0.000,18.0
2009-03-05,11:34:00,1.410,0.000,240.540,5.800,0.000,0.000,17.0
2009-03-05,11:35:00,1.378,0.082,240.990,5.600,0.000,0.000,18.0
2009-03-05,11:36:00,1.374,0.084,240.560,5.600,0.000,0.000,18.0
2009-03-05,11:37:00,1.374,0.082,240.630,5.600,0.000,0.000,18.0
2009-03-05,11:38:00,1.380,0.080,241.130,5.600,0.000,0.000,18.0
2009-03-05,11:39:00,1.372,0.082,241.050,5.600,0.000,0.000,17.0
2009-03-05,11:40:00,1.356,0.084,239.530,5.600,0.000,0.000,18.0
2009-03-05,11:41:00,1.356,0.086,239.430,5.600,0.000,0.000,18.0
2009-03-05,11:42:00,1.354,0.086,239.340,5.600,0.000,0.000,17.0
2009-03-05,11:43:00,1.354,0.086,239.300,5.600,0.000,0.000,18.0
2009-03-05,11:44:00,1.358,0.084,239.590,5.600,0.000,0.000,17.0
2009-03-05,11:45:00,1.362,0.084,240.070,5.600,0.000,0.000,18.0
2009-03-05,11:46:00,1.360,0.084,239.480,5.600,0.000,0.000,18.0
2009-03-05,11:47:00,1.362,0.084,239.290,5.600,0.000,0.000,17.0
2009-03-05,11:48:00,1.360,0.084,239.200,5.600,0.000,0.000,18.0
2009-03-05,11:49:00,1.366,0.084,239.840,5.600,0.000,0.000,17.0
2009-03-05,11:50:00,1.418,0.000,240.640,5.800,0.000,0.000,18.0
2009-03-05,11:51:00,1.482,0.048,240.580,6.200,0.000,0.000,18.0
2009-03-05,11:52:00,1.478,0.050,240.850,6.200,0.000,0.000,18.0
2009-03-05,11:53:00,1.474,0.048,240.620,6.000,0.000,0.000,17.0
2009-03-05,11:54:00,1.550,0.136,240.400,6.400,0.000,0.000,18.0
2009-03-05,11:55:00,1.538,0.150,239.990,6.400,0.000,0.000,18.0
2009-03-05,11:56:00,1.538,0.150,240.050,6.400,0.000,0.000,17.0
2009-03-05,11:57:00,1.534,0.148,239.780,6.400,0.000,0.000,18.0
2009-03-05,11:58:00,1.530,0.148,239.580,6.400,0.000,0.000,18.0
2009-03-05,11:59:00,1.528,0.148,239.520,6.400,0.000,0.000,17.0
2009-03-05,12:00:00,1.600,0.238,239.420,6.800,0.000,0.000,18.0
2009-03-05,12:01:00,1.510,0.136,239.080,6.200,0.000,1.000,17.0
2009-03-05,12:02:00,1.512,0.138,239.500,6.200,0.000,2.000,18.0
2009-03-05,12:03:00,1.514,0.138,239.770,6.200,0.000,1.000,18.0
2009-03-05,12:04:00,1.506,0.136,239.200,6.200,0.000,2.000,17.0
2009-03-05,12:05:00,1.508,0.136,239.160,6.200,0.000,1.000,18.0
2009-03-05,12:06:00,1.466,0.068,239.550,6.000,0.000,1.000,17.0
2009-03-05,12:07:00,1.446,0.000,239.800,6.000,0.000,2.000,18.0
2009-03-05,12:08:00,1.448,0.000,240.020,6.000,0.000,1.000,18.0
2009-03-05,12:09:00,1.450,0.000,240.040,6.000,0.000,2.000,17.0
2009-03-05,12:10:00,1.444,0.000,239.550,6.000,0.000,1.000,18.0
2009-03-05,12:11:00,1.446,0.000,239.700,6.000,0.000,1.000,18.0
2009-03-05,12:12:00,1.440,0.000,239.480,6.000,0.000,2.000,17.0
2009-03-05,12:13:00,1.446,0.000,240.400,6.000,0.000,1.000,18.0
2009-03-05,12:14:00,1.450,0.000,240.920,6.000,0.000,1.000,18.0
2009-03-05,12:15:00,1.462,0.000,242.230,6.000,0.000,2.000,18.0
2009-03-05,12:16:00,1.462,0.000,242.120,6.000,0.000,1.000,18.0
2009-03-05,12:17:00,1.576,0.170,241.570,6.600,0.000,1.000,18.0
2009-03-05,12:18:00,1.556,0.172,241.040,6.400,0.000,2.000,17.0
2009-03-05,12:19:00,1.556,0.174,241.410,6.400,0.000,1.000,18.0
2009-03-05,12:20:00,1.556,0.174,241.440,6.400,0.000,1.000,18.0
2009-03-05,12:21:00,1.548,0.174,241.090,6.400,0.000,2.000,18.0
2009-03-05,12:22:00,1.548,0.174,241.250,6.400,0.000,1.000,18.0
2009-03-05,12:23:00,1.488,0.082,240.800,6.200,0.000,0.000,18.0
2009-03-05,12:24:00,1.460,0.048,240.580,6.000,0.000,0.000,17.0
2009-03-05,12:25:00,1.454,0.046,240.020,6.000,0.000,0.000,18.0
2009-03-05,12:26:00,1.458,0.048,240.420,6.000,0.000,0.000,18.0
2009-03-05,12:27:00,1.406,0.000,241.280,5.800,0.000,0.000,18.0
2009-03-05,12:28:00,1.374,0.082,241.370,5.600,0.000,0.000,17.0
2009-03-05,12:29:00,1.376,0.082,241.590,5.600,0.000,0.000,18.0
2009-03-05,12:30:00,1.376,0.082,241.610,5.600,0.000,0.000,18.0
2009-03-05,12:31:00,1.388,0.080,242.650,5.600,0.000,0.000,18.0
2009-03-05,12:32:00,1.394,0.080,242.630,5.800,0.000,0.000,18.0
2009-03-05,12:33:00,1.394,0.080,242.650,5.800,0.000,0.000,18.0
2009-03-05,12:34:00,1.394,0.080,242.690,5.800,0.000,0.000,18.0
2009-03-05,12:35:00,1.384,0.080,242.370,5.600,0.000,0.000,18.0
2009-03-05,12:36:00,1.390,0.080,242.900,5.600,0.000,0.000,18.0
2009-03-05,12:37:00,1.388,0.082,242.760,5.600,0.000,0.000,19.0
2009-03-05,12:38:00,1.392,0.080,242.990,5.600,0.000,0.000,18.0
2009-03-05,12:39:00,1.392,0.080,243.200,5.600,0.000,0.000,18.0
2009-03-05,12:40:00,1.444,0.000,242.500,6.000,0.000,0.000,18.0
2009-03-05,12:41:00,1.458,0.000,242.210,6.000,0.000,0.000,18.0
2009-03-05,12:42:00,1.456,0.000,241.910,6.000,0.000,0.000,18.0
2009-03-05,12:43:00,1.524,0.092,241.850,6.200,0.000,0.000,18.0
2009-03-05,12:44:00,1.570,0.158,242.750,6.400,0.000,0.000,18.0
2009-03-05,12:45:00,1.564,0.158,242.730,6.400,0.000,0.000,18.0
2009-03-05,12:46:00,1.556,0.158,242.380,6.400,0.000,0.000,18.0
2009-03-05,12:47:00,1.550,0.156,242.000,6.400,0.000,0.000,18.0
2009-03-05,12:48:00,1.552,0.158,242.380,6.400,0.000,0.000,18.0
2009-03-05,12:49:00,1.556,0.160,242.890,6.400,0.000,0.000,18.0
2009-03-05,12:50:00,1.544,0.158,241.970,6.400,0.000,0.000,18.0
2009-03-05,12:51:00,1.548,0.158,242.490,6.400,0.000,0.000,18.0
2009-03-05,12:52:00,1.526,0.120,242.700,6.200,0.000,0.000,18.0
2009-03-05,12:53:00,1.474,0.000,242.620,6.000,0.000,0.000,18.0
2009-03-05,12:54:00,1.390,0.080,242.830,5.600,0.000,0.000,18.0
2009-03-05,12:55:00,1.392,0.080,243.010,5.600,0.000,0.000,18.0
2009-03-05,12:56:00,1.390,0.080,242.820,5.600,0.000,0.000,18.0
2009-03-05,12:57:00,1.394,0.080,243.330,5.800,0.000,0.000,18.0
2009-03-05,12:58:00,1.392,0.080,243.140,5.600,0.000,0.000,18.0
2009-03-05,12:59:00,1.394,0.080,243.250,5.600,0.000,0.000,19.0
2009-03-05,13:00:00,1.392,0.080,242.990,5.600,0.000,0.000,18.0
2009-03-05,13:01:00,1.380,0.082,241.940,5.600,0.000,0.000,18.0
2009-03-05,13:02:00,1.356,0.084,239.560,5.600,0.000,0.000,17.0
2009-03-05,13:03:00,1.370,0.084,240.970,5.600,0.000,0.000,18.0
2009-03-05,13:04:00,1.372,0.084,241.150,5.600,0.000,0.000,18.0
2009-03-05,13:05:00,1.366,0.084,240.610,5.600,0.000,0.000,18.0
2009-03-05,13:06:00,1.372,0.082,241.050,5.600,0.000,0.000,17.0
2009-03-05,13:07:00,1.370,0.082,240.950,5.600,0.000,0.000,18.0
2009-03-05,13:08:00,1.358,0.086,239.780,5.600,0.000,0.000,18.0
2009-03-05,13:09:00,1.380,0.074,239.780,5.800,0.000,0.000,17.0
2009-03-05,13:10:00,1.464,0.000,239.460,6.000,0.000,0.000,18.0
2009-03-05,13:11:00,1.458,0.000,239.290,6.000,0.000,0.000,18.0
2009-03-05,13:12:00,1.456,0.000,239.550,6.000,0.000,0.000,17.0
2009-03-05,13:13:00,1.458,0.046,239.890,6.000,0.000,0.000,18.0
2009-03-05,13:14:00,1.470,0.050,241.200,6.000,0.000,0.000,18.0
2009-03-05,13:15:00,1.468,0.050,241.180,6.000,0.000,0.000,17.0
2009-03-05,13:16:00,1.464,0.050,240.890,6.000,0.000,0.000,18.0
2009-03-05,13:17:00,1.472,0.052,241.770,6.000,0.000,0.000,18.0
2009-03-05,13:18:00,1.472,0.052,241.680,6.000,0.000,0.000,18.0
2009-03-05,13:19:00,1.470,0.052,241.540,6.000,0.000,0.000,18.0
2009-03-05,13:20:00,1.396,0.050,241.220,5.800,0.000,0.000,18.0
2009-03-05,13:21:00,1.374,0.082,241.220,5.600,0.000,0.000,18.0
2009-03-05,13:22:00,1.368,0.084,240.730,5.600,0.000,0.000,17.0
2009-03-05,13:23:00,1.362,0.084,240.120,5.600,0.000,0.000,18.0
2009-03-05,13:24:00,1.364,0.082,240.160,5.600,0.000,0.000,18.0
2009-03-05,13:25:00,1.366,0.082,240.370,5.600,0.000,0.000,17.0
2009-03-05,13:26:00,1.394,0.066,240.480,5.800,0.000,0.000,18.0
2009-03-05,13:27:00,1.436,0.000,239.960,6.000,0.000,0.000,18.0
2009-03-05,13:28:00,1.452,0.000,241.150,6.000,0.000,0.000,18.0
2009-03-05,13:29:00,1.460,0.000,241.610,6.000,0.000,0.000,18.0
2009-03-05,13:30:00,1.458,0.000,241.500,6.000,0.000,0.000,17.0
2009-03-05,13:31:00,1.452,0.000,241.130,6.000,0.000,0.000,18.0
2009-03-05,13:32:00,1.452,0.000,241.200,6.000,0.000,0.000,18.0
2009-03-05,13:33:00,1.448,0.000,240.850,6.000,0.000,0.000,18.0
2009-03-05,13:34:00,1.448,0.000,241.140,6.000,0.000,0.000,18.0
2009-03-05,13:35:00,1.454,0.000,242.110,6.000,0.000,0.000,18.0
2009-03-05,13:36:00,1.544,0.124,242.180,6.400,0.000,0.000,18.0
2009-03-05,13:37:00,1.550,0.156,241.560,6.400,0.000,0.000,18.0
2009-03-05,13:38:00,1.488,0.060,242.050,6.200,0.000,0.000,17.0
2009-03-05,13:39:00,1.474,0.050,241.240,6.000,0.000,0.000,18.0
2009-03-05,13:40:00,1.482,0.054,242.210,6.000,0.000,0.000,18.0
2009-03-05,13:41:00,1.484,0.054,242.650,6.000,0.000,0.000,18.0
2009-03-05,13:42:00,1.476,0.052,241.940,6.000,0.000,0.000,18.0
2009-03-05,13:43:00,1.470,0.050,241.250,6.000,0.000,0.000,18.0
2009-03-05,13:44:00,1.468,0.048,240.670,6.000,0.000,0.000,18.0
2009-03-05,13:45:00,1.464,0.048,240.300,6.000,0.000,0.000,18.0
2009-03-05,13:46:00,1.444,0.000,240.850,6.000,0.000,0.000,17.0
2009-03-05,13:47:00,1.380,0.082,241.070,5.600,0.000,0.000,18.0
2009-03-05,13:48:00,1.380,0.082,241.200,5.600,0.000,0.000,18.0
2009-03-05,13:49:00,1.386,0.082,241.870,5.800,0.000,0.000,18.0
2009-03-05,13:50:00,1.382,0.082,241.510,5.600,0.000,0.000,18.0
2009-03-05,13:51:00,1.380,0.084,241.180,5.600,0.000,0.000,18.0
2009-03-05,13:52:00,1.372,0.084,240.470,5.600,0.000,0.000,17.0
2009-03-05,13:53:00,1.372,0.084,241.010,5.600,0.000,0.000,18.0
2009-03-05,13:54:00,1.372,0.084,241.160,5.600,0.000,0.000,18.0
2009-03-05,13:55:00,1.364,0.084,240.320,5.600,0.000,0.000,18.0
2009-03-05,13:56:00,1.378,0.080,241.560,5.600,0.000,0.000,18.0
2009-03-05,13:57:00,1.374,0.082,241.220,5.600,0.000,0.000,17.0
2009-03-05,13:58:00,1.376,0.082,241.170,5.600,0.000,0.000,18.0
2009-03-05,13:59:00,1.376,0.080,240.850,5.600,0.000,0.000,18.0
2009-03-05,14:00:00,1.386,0.080,241.710,5.600,0.000,0.000,18.0
2009-03-05,14:01:00,1.382,0.080,241.280,5.600,0.000,0.000,18.0
2009-03-05,14:02:00,1.378,0.082,241.090,5.600,0.000,0.000,18.0
2009-03-05,14:03:00,1.496,0.050,241.050,6.200,0.000,0.000,17.0
2009-03-05,14:04:00,1.488,0.052,241.550,6.200,0.000,0.000,18.0
2009-03-05,14:05:00,1.486,0.054,241.880,6.200,0.000,0.000,18.0
2009-03-05,14:06:00,1.480,0.052,241.320,6.000,0.000,0.000,18.0
2009-03-05,14:07:00,1.478,0.052,241.420,6.000,0.000,0.000,18.0
2009-03-05,14:08:00,1.482,0.056,242.230,6.000,0.000,0.000,18.0
2009-03-05,14:09:00,1.462,0.050,240.660,6.000,0.000,0.000,18.0
2009-03-05,14:10:00,1.466,0.052,241.190,6.000,0.000,0.000,18.0
2009-03-05,14:11:00,1.464,0.050,241.030,6.000,0.000,0.000,17.0
2009-03-05,14:12:00,0.984,0.056,241.260,4.600,0.000,0.000,11.0
2009-03-05,14:13:00,0.422,0.072,241.690,2.000,0.000,0.000,0.0
2009-03-05,14:14:00,0.386,0.000,242.340,1.600,0.000,0.000,0.0
2009-03-05,14:15:00,0.386,0.000,243.470,1.600,0.000,0.000,0.0
2009-03-05,14:16:00,0.386,0.000,243.590,1.600,0.000,0.000,0.0
2009-03-05,14:17:00,0.384,0.000,243.530,1.600,0.000,0.000,0.0
2009-03-05,14:18:00,0.384,0.000,243.780,1.600,0.000,0.000,0.0
2009-03-05,14:19:00,0.382,0.000,244.290,1.600,0.000,0.000,0.0
2009-03-05,14:20:00,0.382,0.000,244.620,1.600,0.000,0.000,0.0
2009-03-05,14:21:00,0.378,0.000,244.360,1.600,0.000,0.000,0.0
2009-03-05,14:22:00,0.374,0.000,244.140,1.600,0.000,0.000,0.0
2009-03-05,14:23:00,0.374,0.000,244.550,1.600,0.000,0.000,0.0
2009-03-05,14:24:00,0.346,0.000,245.360,1.600,0.000,0.000,0.0
2009-03-05,14:25:00,0.304,0.066,244.860,1.400,0.000,0.000,0.0
2009-03-05,14:26:00,0.304,0.064,245.070,1.400,0.000,0.000,0.0
2009-03-05,14:27:00,0.306,0.062,245.850,1.400,0.000,0.000,0.0
2009-03-05,14:28:00,0.306,0.062,245.220,1.400,0.000,0.000,0.0
2009-03-05,14:29:00,0.392,0.000,244.800,1.800,0.000,0.000,0.0
2009-03-05,14:30:00,0.420,0.076,245.480,1.800,0.000,0.000,0.0
2009-03-05,14:31:00,0.414,0.074,245.120,1.800,0.000,0.000,0.0
2009-03-05,14:32:00,0.412,0.074,245.050,1.800,0.000,0.000,0.0
2009-03-05,14:33:00,0.406,0.074,245.370,1.800,0.000,0.000,0.0
2009-03-05,14:34:00,0.404,0.074,245.250,1.800,0.000,0.000,0.0
2009-03-05,14:35:00,0.400,0.072,244.710,1.800,0.000,0.000,0.0
2009-03-05,14:36:00,0.400,0.072,244.980,1.800,0.000,0.000,0.0
2009-03-05,14:37:00,0.402,0.076,245.730,1.800,0.000,0.000,0.0
2009-03-05,14:38:00,0.400,0.076,245.650,1.800,0.000,0.000,0.0
2009-03-05,14:39:00,0.386,0.056,245.420,1.600,0.000,0.000,0.0
2009-03-05,14:40:00,0.306,0.062,246.090,1.400,0.000,0.000,0.0
2009-03-05,14:41:00,0.358,0.000,246.160,1.800,0.000,0.000,0.0
2009-03-05,14:42:00,0.392,0.068,247.190,1.600,0.000,1.000,0.0
2009-03-05,14:43:00,0.390,0.064,246.050,1.600,0.000,1.000,0.0
2009-03-05,14:44:00,0.388,0.064,245.870,1.600,0.000,2.000,0.0
2009-03-05,14:45:00,0.390,0.064,246.260,1.600,0.000,1.000,0.0
2009-03-05,14:46:00,0.392,0.064,246.110,1.600,0.000,2.000,0.0
2009-03-05,14:47:00,0.392,0.064,246.350,1.600,0.000,1.000,0.0
2009-03-05,14:48:00,0.390,0.062,245.810,1.600,0.000,1.000,0.0
2009-03-05,14:49:00,0.390,0.062,245.960,1.600,0.000,2.000,0.0
2009-03-05,14:50:00,0.390,0.062,245.890,1.600,0.000,1.000,0.0
2009-03-05,14:51:00,0.390,0.060,245.480,1.600,0.000,2.000,0.0
2009-03-05,14:52:00,0.390,0.062,245.990,1.600,0.000,1.000,0.0
2009-03-05,14:53:00,0.390,0.062,245.800,1.600,0.000,2.000,0.0
2009-03-05,14:54:00,0.390,0.066,246.570,1.600,0.000,1.000,0.0
2009-03-05,14:55:00,0.422,0.090,245.530,1.800,0.000,1.000,0.0
2009-03-05,14:56:00,0.496,0.204,245.350,2.200,0.000,2.000,0.0
2009-03-05,14:57:00,0.490,0.200,244.860,2.200,0.000,1.000,0.0
2009-03-05,14:58:00,0.484,0.198,244.490,2.200,0.000,1.000,0.0
2009-03-05,14:59:00,0.564,0.290,243.920,2.600,0.000,2.000,0.0
2009-03-05,15:00:00,0.556,0.306,244.500,2.600,0.000,1.000,0.0
2009-03-05,15:01:00,0.554,0.306,244.650,2.600,0.000,1.000,0.0
2009-03-05,15:02:00,0.552,0.310,245.170,2.600,0.000,2.000,0.0
2009-03-05,15:03:00,0.550,0.308,244.960,2.600,0.000,1.000,0.0
2009-03-05,15:04:00,0.530,0.276,245.230,2.400,0.000,1.000,0.0
2009-03-05,15:05:00,0.474,0.184,245.840,2.000,0.000,0.000,0.0
2009-03-05,15:06:00,0.414,0.096,245.950,1.800,0.000,0.000,0.0
2009-03-05,15:07:00,0.380,0.000,246.510,1.600,0.000,0.000,0.0
2009-03-05,15:08:00,0.378,0.046,246.610,1.600,0.000,0.000,0.0
2009-03-05,15:09:00,0.378,0.046,246.680,1.600,0.000,0.000,0.0
2009-03-05,15:10:00,0.378,0.048,247.130,1.600,0.000,0.000,0.0
2009-03-05,15:11:00,0.318,0.046,247.680,1.400,0.000,0.000,0.0
2009-03-05,15:12:00,0.310,0.058,248.400,1.400,0.000,0.000,0.0
2009-03-05,15:13:00,0.306,0.062,245.980,1.400,0.000,0.000,0.0
2009-03-05,15:14:00,0.306,0.062,245.230,1.400,0.000,0.000,0.0
2009-03-05,15:15:00,0.306,0.062,245.630,1.400,0.000,0.000,0.0
2009-03-05,15:16:00,0.306,0.060,246.110,1.400,0.000,0.000,0.0
2009-03-05,15:17:00,0.306,0.060,246.060,1.400,0.000,0.000,0.0
2009-03-05,15:18:00,0.308,0.060,246.420,1.400,0.000,0.000,0.0
2009-03-05,15:19:00,0.308,0.058,246.640,1.400,0.000,0.000,0.0
2009-03-05,15:20:00,0.308,0.058,246.500,1.400,0.000,0.000,0.0
2009-03-05,15:21:00,0.306,0.062,245.580,1.400,0.000,0.000,0.0
2009-03-05,15:22:00,0.390,0.000,245.170,1.800,0.000,0.000,0.0
2009-03-05,15:23:00,0.414,0.078,245.820,1.800,0.000,0.000,0.0
2009-03-05,15:24:00,0.410,0.078,245.730,1.800,0.000,0.000,0.0
2009-03-05,15:25:00,0.408,0.078,245.660,1.800,0.000,0.000,0.0
2009-03-05,15:26:00,0.408,0.078,245.650,1.800,0.000,0.000,0.0
2009-03-05,15:27:00,0.406,0.078,245.870,1.800,0.000,0.000,0.0
2009-03-05,15:28:00,0.406,0.082,246.630,1.800,0.000,0.000,0.0
2009-03-05,15:29:00,0.404,0.078,245.850,1.800,0.000,0.000,0.0
2009-03-05,15:30:00,0.404,0.078,245.680,1.800,0.000,0.000,0.0
2009-03-05,15:31:00,0.402,0.076,245.790,1.800,0.000,0.000,0.0
2009-03-05,15:32:00,0.380,0.000,245.130,1.600,0.000,0.000,0.0
2009-03-05,15:33:00,0.306,0.062,245.740,1.400,0.000,0.000,0.0
2009-03-05,15:34:00,0.306,0.064,245.500,1.400,0.000,0.000,0.0
2009-03-05,15:35:00,0.306,0.064,245.490,1.400,0.000,0.000,0.0
2009-03-05,15:36:00,0.314,0.064,245.530,1.400,0.000,0.000,0.0
2009-03-05,15:37:00,0.314,0.062,246.060,1.400,0.000,0.000,0.0
2009-03-05,15:38:00,0.306,0.062,246.120,1.400,0.000,0.000,0.0
2009-03-05,15:39:00,0.306,0.062,245.960,1.400,0.000,0.000,0.0
2009-03-05,15:40:00,0.306,0.062,245.680,1.400,0.000,0.000,0.0
2009-03-05,15:41:00,0.306,0.064,245.050,1.400,0.000,0.000,0.0
2009-03-05,15:42:00,0.304,0.066,244.210,1.400,0.000,0.000,0.0
2009-03-05,15:43:00,0.304,0.064,244.660,1.400,0.000,0.000,0.0
2009-03-05,15:44:00,0.304,0.066,243.710,1.400,0.000,0.000,0.0
2009-03-05,15:45:00,0.334,0.046,244.120,1.600,0.000,0.000,0.0
2009-03-05,15:46:00,0.382,0.000,245.070,1.600,0.000,0.000,0.0
2009-03-05,15:47:00,0.382,0.000,245.050,1.600,0.000,0.000,0.0
2009-03-05,15:48:00,0.418,0.074,244.890,1.800,0.000,0.000,0.0
2009-03-05,15:49:00,0.490,0.182,244.950,2.200,0.000,0.000,0.0
2009-03-05,15:50:00,0.486,0.182,245.130,2.200,0.000,0.000,0.0
2009-03-05,15:51:00,0.490,0.182,245.160,2.200,0.000,0.000,0.0
2009-03-05,15:52:00,0.484,0.180,244.460,2.200,0.000,0.000,0.0
2009-03-05,15:53:00,0.482,0.184,245.070,2.200,0.000,0.000,0.0
2009-03-05,15:54:00,0.482,0.188,246.160,2.200,0.000,0.000,0.0
2009-03-05,15:55:00,0.482,0.188,246.370,2.200,0.000,0.000,0.0
2009-03-05,15:56:00,0.478,0.186,245.710,2.200,0.000,0.000,0.0
2009-03-05,15:57:00,0.422,0.098,245.040,1.800,0.000,0.000,0.0
2009-03-05,15:58:00,0.400,0.076,245.230,1.800,0.000,0.000,0.0
2009-03-05,15:59:00,0.346,0.000,244.820,1.600,0.000,0.000,0.0
2009-03-05,16:00:00,0.304,0.064,244.330,1.400,0.000,0.000,0.0
2009-03-05,16:01:00,0.304,0.064,244.890,1.400,0.000,0.000,0.0
2009-03-05,16:02:00,0.304,0.066,245.110,1.400,0.000,0.000,0.0
2009-03-05,16:03:00,0.306,0.066,244.950,1.400,0.000,0.000,0.0
2009-03-05,16:04:00,0.304,0.066,244.760,1.400,0.000,0.000,0.0
2009-03-05,16:05:00,0.306,0.064,245.510,1.400,0.000,0.000,0.0
2009-03-05,16:06:00,0.314,0.062,245.510,1.400,0.000,0.000,0.0
2009-03-05,16:07:00,0.312,0.064,245.010,1.400,0.000,0.000,0.0
2009-03-05,16:08:00,0.312,0.064,244.890,1.400,0.000,0.000,0.0
2009-03-05,16:09:00,0.310,0.066,243.820,1.400,0.000,0.000,0.0
2009-03-05,16:10:00,0.308,0.068,243.490,1.400,0.000,0.000,0.0
2009-03-05,16:11:00,0.310,0.068,243.770,1.400,0.000,0.000,0.0
2009-03-05,16:12:00,0.310,0.066,244.370,1.400,0.000,0.000,0.0
2009-03-05,16:13:00,0.310,0.066,244.880,1.400,0.000,0.000,0.0
2009-03-05,16:14:00,0.312,0.066,244.950,1.400,0.000,0.000,0.0
2009-03-05,16:15:00,0.350,0.000,244.800,1.600,0.000,0.000,0.0
2009-03-05,16:16:00,0.414,0.074,245.760,1.800,0.000,0.000,0.0
2009-03-05,16:17:00,0.412,0.076,246.220,1.800,0.000,0.000,0.0
2009-03-05,16:18:00,0.408,0.076,246.100,1.800,0.000,0.000,0.0
2009-03-05,16:19:00,0.406,0.076,245.870,1.800,0.000,0.000,0.0
2009-03-05,16:20:00,0.404,0.076,245.490,1.800,0.000,0.000,0.0
2009-03-05,16:21:00,0.410,0.074,245.200,1.800,0.000,0.000,0.0
2009-03-05,16:22:00,0.408,0.074,244.900,1.800,0.000,0.000,0.0
2009-03-05,16:23:00,0.408,0.076,245.410,1.800,0.000,0.000,0.0
2009-03-05,16:24:00,0.410,0.080,246.430,1.800,0.000,0.000,0.0
2009-03-05,16:25:00,0.408,0.076,245.830,1.800,0.000,0.000,0.0
2009-03-05,16:26:00,0.320,0.052,246.240,1.400,0.000,0.000,0.0
2009-03-05,16:27:00,0.312,0.064,245.450,1.400,0.000,0.000,0.0
2009-03-05,16:28:00,0.312,0.064,245.510,1.400,0.000,0.000,0.0
2009-03-05,16:29:00,0.310,0.064,245.020,1.400,0.000,0.000,0.0
2009-03-05,16:30:00,0.306,0.064,244.980,1.400,0.000,0.000,0.0
2009-03-05,16:31:00,0.304,0.064,245.420,1.400,0.000,0.000,0.0
2009-03-05,16:32:00,0.370,0.000,245.380,1.800,0.000,0.000,0.0
2009-03-05,16:33:00,0.382,0.000,245.320,1.600,0.000,0.000,0.0
2009-03-05,16:34:00,0.380,0.000,244.650,1.600,0.000,0.000,0.0
2009-03-05,16:35:00,0.382,0.000,244.990,1.600,0.000,0.000,0.0
2009-03-05,16:36:00,0.388,0.000,245.430,1.600,0.000,0.000,0.0
2009-03-05,16:37:00,0.388,0.000,245.460,1.600,0.000,0.000,0.0
2009-03-05,16:38:00,0.384,0.000,244.900,1.600,0.000,0.000,0.0
2009-03-05,16:39:00,0.384,0.000,245.340,1.600,0.000,0.000,0.0
2009-03-05,16:40:00,0.384,0.000,245.420,1.600,0.000,0.000,0.0
2009-03-05,16:41:00,0.384,0.000,245.900,1.600,0.000,0.000,0.0
2009-03-05,16:42:00,0.488,0.164,245.690,2.200,0.000,0.000,0.0
2009-03-05,16:43:00,0.470,0.166,245.930,2.000,0.000,0.000,0.0
2009-03-05,16:44:00,0.410,0.076,246.150,1.800,0.000,0.000,0.0
2009-03-05,16:45:00,0.408,0.076,246.240,1.800,0.000,0.000,0.0
2009-03-05,16:46:00,0.406,0.076,245.820,1.800,0.000,0.000,0.0
2009-03-05,16:47:00,0.406,0.076,246.290,1.800,0.000,0.000,0.0
2009-03-05,16:48:00,0.402,0.074,245.460,1.800,0.000,0.000,0.0
2009-03-05,16:49:00,0.402,0.074,245.500,1.800,0.000,0.000,0.0
2009-03-05,16:50:00,0.404,0.076,246.070,1.800,0.000,0.000,0.0
2009-03-05,16:51:00,0.412,0.080,247.220,1.800,0.000,0.000,0.0
2009-03-05,16:52:00,0.384,0.000,246.960,1.600,0.000,0.000,0.0
2009-03-05,16:53:00,0.312,0.066,245.400,1.400,0.000,0.000,0.0
2009-03-05,16:54:00,0.304,0.068,244.800,1.400,0.000,0.000,0.0
2009-03-05,16:55:00,0.302,0.070,243.470,1.400,0.000,0.000,0.0
2009-03-05,16:56:00,0.300,0.072,242.610,1.400,0.000,0.000,0.0
2009-03-05,16:57:00,0.300,0.074,241.830,1.400,0.000,0.000,0.0
2009-03-05,16:58:00,0.300,0.074,242.330,1.400,0.000,0.000,0.0
2009-03-05,16:59:00,0.300,0.072,242.820,1.400,0.000,0.000,0.0
2009-03-05,17:00:00,0.300,0.072,242.650,1.400,0.000,0.000,0.0
2009-03-05,17:01:00,0.300,0.072,242.610,1.400,0.000,0.000,0.0
2009-03-05,17:02:00,0.300,0.072,243.140,1.400,0.000,0.000,0.0
2009-03-05,17:03:00,0.300,0.072,242.680,1.400,0.000,0.000,0.0
2009-03-05,17:04:00,0.300,0.070,243.090,1.400,0.000,0.000,0.0
2009-03-05,17:05:00,0.300,0.070,242.290,1.400,0.000,0.000,0.0
2009-03-05,17:06:00,0.298,0.072,241.840,1.400,0.000,0.000,0.0
2009-03-05,17:07:00,0.302,0.068,243.180,1.400,0.000,0.000,0.0
2009-03-05,17:08:00,0.370,0.000,242.470,1.800,0.000,0.000,0.0
2009-03-05,17:09:00,0.408,0.062,241.910,1.800,0.000,0.000,0.0
2009-03-05,17:10:00,0.404,0.062,242.220,1.800,0.000,0.000,0.0
2009-03-05,17:11:00,0.400,0.062,241.650,1.800,0.000,0.000,0.0
2009-03-05,17:12:00,0.400,0.064,242.160,1.800,0.000,0.000,0.0
2009-03-05,17:13:00,0.398,0.064,242.310,1.800,0.000,0.000,0.0
2009-03-05,17:14:00,0.398,0.066,242.470,1.800,0.000,0.000,0.0
2009-03-05,17:15:00,0.396,0.062,241.630,1.800,0.000,0.000,0.0
2009-03-05,17:16:00,0.398,0.066,242.900,1.800,0.000,0.000,0.0
2009-03-05,17:17:00,0.396,0.068,242.960,1.800,0.000,0.000,0.0
2009-03-05,17:18:00,0.420,0.078,243.000,2.000,0.000,0.000,0.0
2009-03-05,17:19:00,0.428,0.084,243.030,2.000,0.000,0.000,0.0
2009-03-05,17:20:00,0.464,0.160,243.350,2.000,0.000,0.000,0.0
2009-03-05,17:21:00,0.462,0.162,243.760,2.000,0.000,2.000,0.0
2009-03-05,17:22:00,0.460,0.162,243.290,2.000,0.000,1.000,0.0
2009-03-05,17:23:00,0.502,0.160,243.330,2.200,0.000,2.000,0.0
2009-03-05,17:24:00,0.520,0.160,243.110,2.200,0.000,1.000,0.0
2009-03-05,17:25:00,0.518,0.158,242.510,2.200,0.000,1.000,0.0
2009-03-05,17:26:00,0.696,0.152,242.120,3.000,0.000,2.000,0.0
2009-03-05,17:27:00,0.804,0.150,241.970,3.400,0.000,1.000,0.0
2009-03-05,17:28:00,0.804,0.152,242.230,3.400,0.000,2.000,0.0
2009-03-05,17:29:00,0.808,0.154,242.930,3.400,0.000,1.000,0.0
2009-03-05,17:30:00,0.786,0.126,242.260,3.200,0.000,1.000,0.0
2009-03-05,17:31:00,0.738,0.048,243.020,3.000,0.000,2.000,0.0
2009-03-05,17:32:00,0.736,0.048,242.770,3.000,0.000,1.000,0.0
2009-03-05,17:33:00,0.734,0.046,242.270,3.000,0.000,2.000,0.0
2009-03-05,17:34:00,0.766,0.074,242.000,3.200,0.000,1.000,0.0
2009-03-05,17:35:00,0.836,0.178,241.330,3.600,0.000,1.000,0.0
2009-03-05,17:36:00,0.830,0.178,241.410,3.600,0.000,2.000,0.0
2009-03-05,17:37:00,0.826,0.176,241.050,3.400,0.000,1.000,0.0
2009-03-05,17:38:00,0.826,0.178,241.580,3.400,0.000,1.000,0.0
2009-03-05,17:39:00,0.822,0.178,241.460,3.400,0.000,2.000,0.0
2009-03-05,17:40:00,0.822,0.180,242.130,3.400,0.000,1.000,0.0
2009-03-05,17:41:00,0.822,0.182,242.410,3.400,0.000,1.000,0.0
2009-03-05,17:42:00,0.802,0.150,242.180,3.400,0.000,1.000,0.0
2009-03-05,17:43:00,0.744,0.056,241.210,3.000,0.000,0.000,0.0
2009-03-05,17:44:00,0.738,0.052,240.010,3.000,0.000,0.000,0.0
2009-03-05,17:45:00,0.472,0.000,239.750,2.200,0.000,0.000,0.0
2009-03-05,17:46:00,0.348,0.074,241.260,1.600,0.000,0.000,0.0
2009-03-05,17:47:00,0.358,0.072,241.710,1.800,0.000,0.000,0.0
2009-03-05,17:48:00,0.358,0.072,241.650,1.800,0.000,0.000,0.0
2009-03-05,17:49:00,0.356,0.072,241.220,1.800,0.000,0.000,0.0
2009-03-05,17:50:00,0.360,0.072,241.470,1.800,0.000,0.000,0.0
2009-03-05,17:51:00,0.358,0.070,241.280,1.800,0.000,0.000,0.0
2009-03-05,17:52:00,0.360,0.072,240.610,1.800,0.000,0.000,0.0
2009-03-05,17:53:00,0.366,0.076,240.150,1.800,0.000,0.000,0.0
2009-03-05,17:54:00,0.358,0.078,239.050,1.800,0.000,0.000,0.0
2009-03-05,17:55:00,0.356,0.076,239.220,1.800,0.000,0.000,0.0
2009-03-05,17:56:00,0.356,0.074,239.710,1.800,0.000,0.000,0.0
2009-03-05,17:57:00,0.356,0.074,240.910,1.800,0.000,0.000,0.0
2009-03-05,17:58:00,0.358,0.076,240.280,1.800,0.000,0.000,0.0
2009-03-05,17:59:00,0.360,0.076,239.840,1.800,0.000,0.000,0.0
2009-03-05,18:00:00,0.362,0.076,239.040,1.800,0.000,0.000,0.0
2009-03-05,18:01:00,0.438,0.000,237.690,2.200,0.000,0.000,0.0
2009-03-05,18:02:00,0.468,0.054,238.770,2.200,0.000,0.000,0.0
2009-03-05,18:03:00,0.462,0.054,238.310,2.200,0.000,0.000,0.0
2009-03-05,18:04:00,0.462,0.056,239.360,2.200,0.000,0.000,0.0
2009-03-05,18:05:00,0.522,0.112,238.280,2.400,0.000,0.000,0.0
2009-03-05,18:06:00,0.528,0.150,237.450,2.400,0.000,0.000,0.0
2009-03-05,18:07:00,0.528,0.152,237.440,2.400,0.000,0.000,0.0
2009-03-05,18:08:00,0.528,0.152,238.500,2.400,0.000,0.000,0.0
2009-03-05,18:09:00,0.528,0.152,238.830,2.400,0.000,0.000,0.0
2009-03-05,18:10:00,0.526,0.150,238.400,2.400,0.000,0.000,0.0
2009-03-05,18:11:00,0.498,0.118,238.740,2.400,0.000,0.000,0.0
2009-03-05,18:12:00,0.436,0.000,239.680,2.000,0.000,0.000,0.0
2009-03-05,18:13:00,0.522,0.230,238.240,2.600,0.000,0.000,0.0
2009-03-05,18:14:00,0.456,0.000,238.330,2.200,0.000,0.000,0.0
2009-03-05,18:15:00,0.428,0.000,238.520,2.000,0.000,0.000,0.0
2009-03-05,18:16:00,0.626,0.000,238.500,2.800,0.000,0.000,0.0
2009-03-05,18:17:00,0.642,0.080,238.620,2.800,0.000,0.000,0.0
2009-03-05,18:18:00,0.642,0.080,238.670,2.800,0.000,0.000,0.0
2009-03-05,18:19:00,0.518,0.076,238.610,2.400,0.000,0.000,0.0
2009-03-05,18:20:00,1.062,0.074,236.110,4.600,0.000,0.000,0.0
2009-03-05,18:21:00,1.070,0.072,237.740,4.600,0.000,0.000,0.0
2009-03-05,18:22:00,1.066,0.072,236.980,4.600,0.000,0.000,0.0
2009-03-05,18:23:00,1.046,0.072,236.260,4.400,0.000,0.000,0.0
2009-03-05,18:24:00,1.000,0.072,235.690,4.200,0.000,0.000,0.0
2009-03-05,18:25:00,1.004,0.070,236.330,4.200,0.000,0.000,0.0
2009-03-05,18:26:00,1.012,0.068,237.750,4.200,0.000,0.000,0.0
2009-03-05,18:27:00,1.058,0.000,238.330,4.400,0.000,0.000,0.0
2009-03-05,18:28:00,1.348,0.052,236.680,5.600,0.000,0.000,0.0
2009-03-05,18:29:00,1.388,0.050,236.530,5.800,0.000,0.000,0.0
2009-03-05,18:30:00,1.370,0.046,234.560,5.800,0.000,0.000,0.0
2009-03-05,18:31:00,1.364,0.000,234.090,5.800,0.000,0.000,0.0
2009-03-05,18:32:00,1.368,0.046,234.750,5.800,0.000,0.000,0.0
2009-03-05,18:33:00,1.362,0.046,234.240,5.800,0.000,0.000,0.0
2009-03-05,18:34:00,1.356,0.000,233.750,5.800,0.000,0.000,0.0
2009-03-05,18:35:00,1.356,0.000,233.690,5.800,0.000,0.000,0.0
2009-03-05,18:36:00,1.338,0.000,232.110,5.800,0.000,0.000,0.0
2009-03-05,18:37:00,1.344,0.000,233.220,5.800,0.000,0.000,0.0
2009-03-05,18:38:00,1.282,0.056,234.460,5.400,0.000,0.000,0.0
2009-03-05,18:39:00,1.272,0.078,235.440,5.400,0.000,0.000,0.0
2009-03-05,18:40:00,1.270,0.078,235.330,5.400,0.000,0.000,0.0
2009-03-05,18:41:00,1.282,0.078,236.770,5.400,0.000,0.000,0.0
2009-03-05,18:42:00,1.282,0.076,236.730,5.400,0.000,0.000,0.0
2009-03-05,18:43:00,1.786,0.000,236.440,7.600,0.000,0.000,0.0
2009-03-05,18:44:00,1.846,0.000,236.820,7.800,0.000,0.000,0.0
2009-03-05,18:45:00,1.852,0.000,237.390,7.800,0.000,0.000,0.0
2009-03-05,18:46:00,1.846,0.000,236.970,7.800,0.000,0.000,0.0
2009-03-05,18:47:00,1.828,0.000,235.600,7.800,0.000,0.000,0.0
2009-03-05,18:48:00,1.818,0.000,235.080,7.800,0.000,0.000,0.0
2009-03-05,18:49:00,1.812,0.000,234.620,7.800,0.000,0.000,0.0
2009-03-05,18:50:00,1.826,0.000,235.810,7.800,0.000,0.000,0.0
2009-03-05,18:51:00,1.842,0.000,237.300,7.800,0.000,0.000,0.0
2009-03-05,18:52:00,1.912,0.052,236.020,8.200,0.000,0.000,0.0
2009-03-05,18:53:00,1.906,0.062,236.420,8.000,0.000,0.000,0.0
2009-03-05,18:54:00,2.010,0.166,236.990,8.600,0.000,0.000,0.0
2009-03-05,18:55:00,2.018,0.194,237.040,8.600,0.000,0.000,0.0
2009-03-05,18:56:00,2.008,0.194,236.640,8.600,0.000,0.000,0.0
2009-03-05,18:57:00,2.080,0.202,236.260,8.800,0.000,0.000,0.0
2009-03-05,18:58:00,2.016,0.194,236.470,8.600,0.000,0.000,0.0
2009-03-05,18:59:00,2.192,0.270,235.680,9.400,0.000,0.000,0.0
2009-03-05,19:00:00,2.062,0.208,235.430,8.800,0.000,0.000,0.0
2009-03-05,19:01:00,1.976,0.188,234.750,8.400,0.000,0.000,0.0
2009-03-05,19:02:00,1.972,0.188,234.760,8.400,0.000,0.000,0.0
2009-03-05,19:03:00,2.008,0.192,235.850,8.600,0.000,0.000,0.0
2009-03-05,19:04:00,1.972,0.150,236.250,8.400,0.000,0.000,0.0
2009-03-05,19:05:00,1.896,0.064,235.930,8.000,0.000,0.000,0.0
2009-03-05,19:06:00,1.878,0.062,234.480,8.000,0.000,0.000,0.0
2009-03-05,19:07:00,1.870,0.060,233.870,8.000,0.000,0.000,0.0
2009-03-05,19:08:00,1.894,0.060,234.220,8.000,0.000,0.000,0.0
2009-03-05,19:09:00,2.372,0.166,234.380,10.800,0.000,0.000,0.0
2009-03-05,19:10:00,2.374,0.158,234.400,10.800,0.000,0.000,0.0
2009-03-05,19:11:00,3.220,0.260,232.100,14.200,0.000,0.000,0.0
2009-03-05,19:12:00,3.070,0.186,232.750,13.400,0.000,0.000,0.0
2009-03-05,19:13:00,2.368,0.086,234.030,10.800,0.000,0.000,0.0
2009-03-05,19:14:00,1.716,0.090,235.520,7.800,0.000,0.000,0.0
2009-03-05,19:15:00,2.804,0.272,235.300,12.200,0.000,0.000,0.0
2009-03-05,19:16:00,1.780,0.210,236.960,8.000,0.000,0.000,0.0
2009-03-05,19:17:00,1.444,0.148,236.210,6.200,0.000,0.000,0.0
2009-03-05,19:18:00,1.436,0.146,235.460,6.000,0.000,0.000,0.0
2009-03-05,19:19:00,2.240,0.260,235.220,10.200,0.000,0.000,0.0
2009-03-05,19:20:00,2.820,0.236,236.810,12.000,0.000,0.000,0.0
2009-03-05,19:21:00,2.660,0.200,236.590,11.600,0.000,0.000,0.0
2009-03-05,19:22:00,2.010,0.148,237.040,9.000,0.000,0.000,0.0
2009-03-05,19:23:00,2.778,0.208,236.590,11.800,0.000,0.000,0.0
2009-03-05,19:24:00,2.350,0.158,237.120,10.400,0.000,0.000,0.0
2009-03-05,19:25:00,1.384,0.054,238.080,5.800,0.000,0.000,0.0
2009-03-05,19:26:00,1.390,0.054,238.690,5.800,0.000,0.000,0.0
2009-03-05,19:27:00,1.296,0.072,238.390,5.400,0.000,0.000,0.0
2009-03-05,19:28:00,1.298,0.074,238.750,5.400,0.000,0.000,0.0
2009-03-05,19:29:00,2.480,0.114,237.950,10.800,0.000,0.000,0.0
2009-03-05,19:30:00,2.196,0.000,238.590,9.800,0.000,0.000,0.0
2009-03-05,19:31:00,1.304,0.072,239.170,5.400,0.000,0.000,0.0
2009-03-05,19:32:00,1.312,0.070,240.520,5.400,0.000,0.000,0.0
2009-03-05,19:33:00,1.306,0.072,239.720,5.400,0.000,0.000,0.0
2009-03-05,19:34:00,1.294,0.074,238.130,5.400,0.000,0.000,0.0
2009-03-05,19:35:00,1.292,0.074,237.910,5.400,0.000,0.000,0.0
2009-03-05,19:36:00,1.290,0.074,237.760,5.400,0.000,0.000,0.0
2009-03-05,19:37:00,1.288,0.074,237.540,5.400,0.000,0.000,0.0
2009-03-05,19:38:00,1.296,0.074,238.550,5.400,0.000,0.000,0.0
2009-03-05,19:39:00,1.314,0.076,238.560,5.400,0.000,0.000,0.0
2009-03-05,19:40:00,1.320,0.076,238.730,5.600,0.000,0.000,0.0
2009-03-05,19:41:00,1.296,0.076,238.000,5.400,0.000,0.000,0.0
2009-03-05,19:42:00,1.334,0.000,238.440,5.600,0.000,0.000,0.0
2009-03-05,19:43:00,1.520,0.052,238.700,6.400,0.000,0.000,0.0
2009-03-05,19:44:00,1.832,0.050,237.980,7.600,0.000,0.000,0.0
2009-03-05,19:45:00,1.938,0.046,238.160,8.000,0.000,0.000,0.0
2009-03-05,19:46:00,1.932,0.000,237.970,8.000,0.000,0.000,0.0
2009-03-05,19:47:00,1.936,0.046,238.430,8.000,0.000,0.000,0.0
2009-03-05,19:48:00,2.018,0.138,238.310,8.400,0.000,0.000,0.0
2009-03-05,19:49:00,2.010,0.148,238.550,8.400,0.000,0.000,0.0
2009-03-05,19:50:00,2.808,0.142,238.000,12.000,0.000,0.000,12.0
2009-03-05,19:51:00,3.080,0.138,237.520,13.000,0.000,0.000,18.0
2009-03-05,19:52:00,3.064,0.138,237.500,12.800,0.000,0.000,17.0
2009-03-05,19:53:00,2.996,0.050,237.900,12.600,0.000,0.000,18.0
2009-03-05,19:54:00,3.790,0.000,237.300,16.200,0.000,0.000,17.0
2009-03-05,19:55:00,3.178,0.000,238.470,13.400,0.000,0.000,18.0
2009-03-05,19:56:00,3.236,0.000,237.910,13.600,0.000,0.000,17.0
2009-03-05,19:57:00,3.360,0.064,237.410,14.200,0.000,0.000,18.0
2009-03-05,19:58:00,3.374,0.124,237.180,14.200,0.000,1.000,17.0
2009-03-05,19:59:00,3.406,0.130,238.780,14.200,0.000,1.000,18.0
2009-03-05,20:00:00,3.510,0.144,239.400,14.600,0.000,2.000,17.0
2009-03-05,20:01:00,3.734,0.142,239.050,15.800,0.000,1.000,18.0
2009-03-05,20:02:00,3.406,0.132,239.540,14.200,0.000,1.000,17.0
2009-03-05,20:03:00,3.354,0.000,240.100,14.000,0.000,2.000,18.0
2009-03-05,20:04:00,3.324,0.000,238.940,13.800,0.000,1.000,18.0
2009-03-05,20:05:00,3.260,0.000,236.110,13.800,0.000,2.000,17.0
2009-03-05,20:06:00,3.162,0.000,236.590,13.400,0.000,1.000,17.0
2009-03-05,20:07:00,3.006,0.000,237.390,12.600,0.000,1.000,17.0
2009-03-05,20:08:00,3.004,0.000,237.180,12.600,0.000,2.000,17.0
2009-03-05,20:09:00,3.110,0.152,236.860,13.000,0.000,1.000,18.0
2009-03-05,20:10:00,3.114,0.164,237.470,13.000,0.000,1.000,17.0
2009-03-05,20:11:00,3.124,0.166,238.180,13.000,0.000,2.000,17.0
2009-03-05,20:12:00,3.134,0.168,238.750,13.000,0.000,1.000,18.0
2009-03-05,20:13:00,3.132,0.170,238.780,13.000,0.000,2.000,17.0
2009-03-05,20:14:00,3.154,0.168,238.370,13.200,0.000,1.000,18.0
2009-03-05,20:15:00,3.204,0.172,239.590,13.400,0.000,1.000,17.0
2009-03-05,20:16:00,3.182,0.170,239.230,13.200,0.000,1.000,18.0
2009-03-05,20:17:00,3.180,0.170,239.090,13.200,0.000,2.000,18.0
2009-03-05,20:18:00,3.002,0.174,239.670,12.600,0.000,1.000,17.0
2009-03-05,20:19:00,2.788,0.148,241.300,11.600,0.000,1.000,18.0
2009-03-05,20:20:00,2.644,0.000,241.240,11.000,0.000,1.000,18.0
2009-03-05,20:21:00,2.748,0.000,241.510,11.400,0.000,0.000,18.0
2009-03-05,20:22:00,2.686,0.000,238.310,11.200,0.000,0.000,17.0
2009-03-05,20:23:00,2.626,0.000,238.410,11.000,0.000,0.000,18.0
2009-03-05,20:24:00,2.752,0.000,238.650,11.400,0.000,0.000,17.0
2009-03-05,20:25:00,2.626,0.000,238.670,11.000,0.000,0.000,18.0
2009-03-05,20:26:00,2.612,0.000,237.790,11.000,0.000,0.000,17.0
2009-03-05,20:27:00,2.460,0.000,237.420,10.400,0.000,0.000,17.0
2009-03-05,20:28:00,2.484,0.064,237.580,10.400,0.000,0.000,18.0
2009-03-05,20:29:00,2.484,0.062,237.580,10.400,0.000,0.000,17.0
2009-03-05,20:30:00,2.480,0.062,237.380,10.400,0.000,0.000,17.0
2009-03-05,20:31:00,2.466,0.060,236.620,10.400,0.000,0.000,17.0
2009-03-05,20:32:00,2.460,0.058,236.210,10.400,0.000,0.000,17.0
2009-03-05,20:33:00,2.632,0.084,235.740,11.200,0.000,0.000,17.0
2009-03-05,20:34:00,2.542,0.160,236.730,10.800,0.000,0.000,18.0
2009-03-05,20:35:00,2.626,0.226,237.180,11.000,0.000,0.000,17.0
2009-03-05,20:36:00,2.732,0.282,235.760,11.600,0.000,0.000,17.0
2009-03-05,20:37:00,2.744,0.286,236.580,11.600,0.000,0.000,17.0
2009-03-05,20:38:00,2.766,0.292,237.910,11.600,0.000,0.000,18.0
2009-03-05,20:39:00,2.766,0.294,238.180,11.600,0.000,0.000,17.0
2009-03-05,20:40:00,2.774,0.294,238.760,11.600,0.000,0.000,17.0
2009-03-05,20:41:00,1.880,0.302,239.280,8.000,0.000,0.000,4.0
2009-03-05,20:42:00,1.724,0.302,238.990,7.200,0.000,0.000,0.0
2009-03-05,20:43:00,1.512,0.292,239.850,6.600,0.000,0.000,0.0
2009-03-05,20:44:00,1.124,0.272,241.260,4.800,0.000,0.000,0.0
2009-03-05,20:45:00,1.106,0.248,241.350,4.600,0.000,0.000,0.0
2009-03-05,20:46:00,0.968,0.000,241.000,4.000,0.000,0.000,0.0
2009-03-05,20:47:00,0.960,0.000,240.670,4.000,0.000,0.000,0.0
2009-03-05,20:48:00,0.958,0.000,240.410,4.000,0.000,0.000,0.0
2009-03-05,20:49:00,0.954,0.000,239.770,4.000,0.000,0.000,0.0
2009-03-05,20:50:00,0.952,0.000,239.440,4.000,0.000,0.000,0.0
2009-03-05,20:51:00,0.950,0.000,239.130,4.000,0.000,0.000,0.0
2009-03-05,20:52:00,0.942,0.000,238.100,4.000,0.000,0.000,0.0
2009-03-05,20:53:00,0.942,0.000,238.100,4.000,0.000,0.000,0.0
2009-03-05,20:54:00,1.008,0.000,238.940,4.200,0.000,0.000,0.0
2009-03-05,20:55:00,1.072,0.000,239.590,4.400,0.000,0.000,0.0
2009-03-05,20:56:00,1.066,0.000,239.430,4.400,0.000,0.000,0.0
2009-03-05,20:57:00,1.066,0.000,239.620,4.400,0.000,0.000,0.0
2009-03-05,20:58:00,0.962,0.000,239.850,4.000,0.000,0.000,0.0
2009-03-05,20:59:00,0.948,0.000,239.610,4.000,0.000,0.000,0.0
2009-03-05,21:00:00,0.942,0.000,238.790,4.000,0.000,0.000,0.0
2009-03-05,21:01:00,0.990,0.064,240.040,4.200,0.000,0.000,0.0
2009-03-05,21:02:00,1.062,0.164,240.790,4.400,0.000,0.000,0.0
2009-03-05,21:03:00,1.038,0.168,241.620,4.400,0.000,0.000,0.0
2009-03-05,21:04:00,0.856,0.176,242.900,3.600,0.000,0.000,0.0
2009-03-05,21:05:00,0.894,0.178,243.280,3.800,0.000,0.000,0.0
2009-03-05,21:06:00,1.078,0.174,242.730,4.600,0.000,0.000,0.0
2009-03-05,21:07:00,1.138,0.170,242.010,4.800,0.000,0.000,0.0
2009-03-05,21:08:00,1.068,0.168,240.900,4.600,0.000,0.000,0.0
2009-03-05,21:09:00,0.834,0.168,240.670,3.600,0.000,0.000,0.0
2009-03-05,21:10:00,0.832,0.168,240.160,3.600,0.000,0.000,0.0
2009-03-05,21:11:00,0.780,0.190,238.300,3.400,0.000,0.000,0.0
2009-03-05,21:12:00,0.694,0.070,238.720,3.000,0.000,0.000,0.0
2009-03-05,21:13:00,0.690,0.062,238.680,3.000,0.000,0.000,0.0
2009-03-05,21:14:00,0.694,0.064,239.690,3.000,0.000,0.000,0.0
2009-03-05,21:15:00,0.698,0.066,240.660,3.000,0.000,0.000,0.0
2009-03-05,21:16:00,0.700,0.066,241.080,3.000,0.000,0.000,0.0
2009-03-05,21:17:00,0.700,0.066,240.900,3.000,0.000,0.000,0.0
2009-03-05,21:18:00,0.772,0.144,240.790,3.400,0.000,0.000,0.0
2009-03-05,21:19:00,0.774,0.170,241.080,3.200,0.000,0.000,0.0
2009-03-05,21:20:00,0.778,0.170,241.490,3.400,0.000,0.000,0.0
2009-03-05,21:21:00,0.778,0.172,241.670,3.400,0.000,0.000,0.0
2009-03-05,21:22:00,0.780,0.174,242.340,3.400,0.000,0.000,0.0
2009-03-05,21:23:00,0.782,0.176,242.790,3.400,0.000,0.000,0.0
2009-03-05,21:24:00,0.784,0.174,242.540,3.400,0.000,0.000,0.0
2009-03-05,21:25:00,0.690,0.132,242.020,3.000,0.000,0.000,0.0
2009-03-05,21:26:00,0.578,0.072,242.150,2.400,0.000,0.000,0.0
2009-03-05,21:27:00,0.576,0.072,241.880,2.400,0.000,0.000,0.0
2009-03-05,21:28:00,0.686,0.194,241.890,3.000,0.000,0.000,0.0
2009-03-05,21:29:00,0.676,0.200,242.990,3.000,0.000,0.000,0.0
2009-03-05,21:30:00,0.610,0.104,242.490,2.600,0.000,0.000,0.0
2009-03-05,21:31:00,0.608,0.102,242.240,2.600,0.000,0.000,0.0
2009-03-05,21:32:00,0.606,0.104,242.200,2.600,0.000,0.000,0.0
2009-03-05,21:33:00,0.606,0.104,242.480,2.600,0.000,0.000,0.0
2009-03-05,21:34:00,0.666,0.100,242.000,2.800,0.000,0.000,0.0
2009-03-05,21:35:00,0.566,0.074,242.080,2.400,0.000,0.000,0.0
2009-03-05,21:36:00,0.566,0.074,242.340,2.400,0.000,0.000,0.0
2009-03-05,21:37:00,0.564,0.072,241.810,2.400,0.000,0.000,0.0
2009-03-05,21:38:00,0.506,0.000,241.130,2.200,0.000,0.000,0.0
2009-03-05,21:39:00,0.470,0.062,241.520,2.000,0.000,0.000,0.0
2009-03-05,21:40:00,0.472,0.060,242.800,2.000,0.000,0.000,0.0
2009-03-05,21:41:00,0.474,0.058,243.430,2.000,0.000,0.000,0.0
2009-03-05,21:42:00,0.474,0.058,243.740,2.000,0.000,0.000,0.0
2009-03-05,21:43:00,0.468,0.062,241.430,2.000,0.000,0.000,0.0
2009-03-05,21:44:00,0.470,0.062,241.750,2.000,0.000,0.000,0.0
2009-03-05,21:45:00,0.470,0.062,242.090,2.000,0.000,0.000,0.0
2009-03-05,21:46:00,0.470,0.062,241.550,2.000,0.000,0.000,0.0
2009-03-05,21:47:00,0.470,0.062,241.720,2.000,0.000,0.000,0.0
2009-03-05,21:48:00,0.470,0.062,241.620,2.000,0.000,0.000,0.0
2009-03-05,21:49:00,0.470,0.064,241.350,2.000,0.000,0.000,0.0
2009-03-05,21:50:00,0.470,0.062,241.780,2.000,0.000,0.000,0.0
2009-03-05,21:51:00,0.472,0.060,242.330,2.000,0.000,0.000,0.0
2009-03-05,21:52:00,0.468,0.062,241.230,2.000,0.000,0.000,0.0
2009-03-05,21:53:00,0.466,0.062,240.460,2.000,0.000,0.000,0.0
2009-03-05,21:54:00,0.536,0.000,239.790,2.400,0.000,0.000,0.0
2009-03-05,21:55:00,0.568,0.064,238.490,2.400,0.000,0.000,0.0
2009-03-05,21:56:00,0.564,0.064,238.460,2.400,0.000,0.000,0.0
2009-03-05,21:57:00,0.564,0.066,239.160,2.400,0.000,0.000,0.0
2009-03-05,21:58:00,0.486,0.066,239.180,2.200,0.000,0.000,0.0
2009-03-05,21:59:00,0.458,0.064,237.970,2.000,0.000,0.000,0.0
2009-03-05,22:00:00,0.456,0.062,237.620,2.000,0.000,0.000,0.0
2009-03-05,22:01:00,0.456,0.062,237.900,2.000,0.000,0.000,0.0
2009-03-05,22:02:00,0.534,0.144,237.890,2.400,0.000,0.000,0.0
2009-03-05,22:03:00,0.532,0.162,237.920,2.400,0.000,0.000,0.0
2009-03-05,22:04:00,0.506,0.120,238.900,2.200,0.000,0.000,0.0
2009-03-05,22:05:00,0.448,0.000,239.700,2.000,0.000,0.000,0.0
2009-03-05,22:06:00,0.450,0.046,242.030,2.000,0.000,0.000,0.0
2009-03-05,22:07:00,0.450,0.046,242.180,2.000,0.000,0.000,0.0
2009-03-05,22:08:00,0.448,0.046,242.460,2.000,0.000,0.000,0.0
2009-03-05,22:09:00,0.438,0.000,242.010,2.000,0.000,0.000,0.0
2009-03-05,22:10:00,0.438,0.000,241.580,2.000,0.000,0.000,0.0
2009-03-05,22:11:00,0.436,0.000,241.540,2.000,0.000,0.000,0.0
2009-03-05,22:12:00,0.436,0.000,241.260,2.000,0.000,0.000,0.0
2009-03-05,22:13:00,0.406,0.000,241.680,1.800,0.000,0.000,0.0
2009-03-05,22:14:00,0.368,0.060,241.500,1.600,0.000,0.000,0.0
2009-03-05,22:15:00,0.368,0.060,241.420,1.600,0.000,0.000,0.0
2009-03-05,22:16:00,0.368,0.060,241.720,1.600,0.000,0.000,0.0
2009-03-05,22:17:00,0.366,0.056,243.290,1.600,0.000,0.000,0.0
2009-03-05,22:18:00,0.372,0.056,242.960,1.600,0.000,0.000,0.0
2009-03-05,22:19:00,0.378,0.056,243.000,1.800,0.000,0.000,0.0
2009-03-05,22:20:00,0.408,0.000,242.890,2.000,0.000,0.000,0.0
2009-03-05,22:21:00,0.486,0.074,242.640,2.200,0.000,0.000,0.0
2009-03-05,22:22:00,0.480,0.076,242.930,2.200,0.000,0.000,0.0
2009-03-05,22:23:00,0.478,0.074,242.710,2.000,0.000,0.000,0.0
2009-03-05,22:24:00,0.476,0.074,242.860,2.000,0.000,0.000,0.0
2009-03-05,22:25:00,0.476,0.076,243.210,2.000,0.000,0.000,0.0
2009-03-05,22:26:00,0.472,0.076,242.940,2.000,0.000,0.000,0.0
2009-03-05,22:27:00,0.470,0.074,242.050,2.000,0.000,0.000,0.0
2009-03-05,22:28:00,0.470,0.074,242.130,2.000,0.000,0.000,0.0
2009-03-05,22:29:00,0.468,0.074,242.160,2.000,0.000,0.000,0.0
2009-03-05,22:30:00,0.466,0.070,242.420,2.000,0.000,0.000,0.0
2009-03-05,22:31:00,0.370,0.060,241.730,1.600,0.000,0.000,0.0
2009-03-05,22:32:00,0.368,0.060,241.610,1.600,0.000,0.000,0.0
2009-03-05,22:33:00,0.368,0.060,241.390,1.600,0.000,0.000,0.0
2009-03-05,22:34:00,0.372,0.060,242.350,1.800,0.000,0.000,0.0
2009-03-05,22:35:00,0.828,0.062,241.800,3.800,0.000,0.000,0.0
2009-03-05,22:36:00,0.538,0.000,241.870,2.600,0.000,0.000,0.0
2009-03-05,22:37:00,0.440,0.062,242.290,1.800,0.000,1.000,0.0
2009-03-05,22:38:00,0.438,0.062,242.390,1.800,0.000,1.000,0.0
2009-03-05,22:39:00,0.440,0.064,242.820,1.800,0.000,2.000,0.0
2009-03-05,22:40:00,0.438,0.064,242.730,1.800,0.000,1.000,0.0
2009-03-05,22:41:00,0.440,0.064,242.880,1.800,0.000,2.000,0.0
2009-03-05,22:42:00,0.440,0.066,243.220,1.800,0.000,1.000,0.0
2009-03-05,22:43:00,0.440,0.068,243.780,1.800,0.000,1.000,0.0
2009-03-05,22:44:00,0.442,0.068,243.680,1.800,0.000,2.000,0.0
2009-03-05,22:45:00,0.438,0.064,242.720,1.800,0.000,1.000,0.0
2009-03-05,22:46:00,0.436,0.062,241.900,1.800,0.000,2.000,0.0
2009-03-05,22:47:00,0.636,0.286,241.830,3.000,0.000,1.000,0.0
2009-03-05,22:48:00,0.618,0.304,242.410,2.800,0.000,1.000,0.0
2009-03-05,22:49:00,0.610,0.310,243.620,2.800,0.000,2.000,0.0
2009-03-05,22:50:00,0.608,0.312,243.850,2.800,0.000,1.000,0.0
2009-03-05,22:51:00,0.604,0.312,243.760,2.800,0.000,2.000,0.0
2009-03-05,22:52:00,0.602,0.314,244.560,2.800,0.000,1.000,0.0
2009-03-05,22:53:00,0.598,0.316,244.670,2.800,0.000,1.000,0.0
2009-03-05,22:54:00,0.598,0.322,245.340,2.800,0.000,2.000,0.0
2009-03-05,22:55:00,0.592,0.318,244.470,2.800,0.000,1.000,0.0
2009-03-05,22:56:00,0.592,0.316,244.270,2.800,0.000,1.000,0.0
2009-03-05,22:57:00,0.530,0.224,243.460,2.400,0.000,1.000,0.0
2009-03-05,22:58:00,0.796,0.128,243.230,3.600,0.000,2.000,0.0
2009-03-05,22:59:00,0.852,0.048,243.310,3.800,0.000,0.000,0.0
2009-03-05,23:00:00,0.538,0.062,242.740,2.400,0.000,0.000,0.0
2009-03-05,23:01:00,0.538,0.062,242.640,2.400,0.000,0.000,0.0
2009-03-05,23:02:00,0.552,0.060,243.910,2.400,0.000,0.000,0.0
2009-03-05,23:03:00,0.664,0.062,244.290,2.800,0.000,0.000,0.0
2009-03-05,23:04:00,0.500,0.054,245.570,2.200,0.000,0.000,0.0
2009-03-05,23:05:00,0.374,0.050,246.190,1.600,0.000,0.000,0.0
2009-03-05,23:06:00,0.374,0.050,246.240,1.600,0.000,0.000,0.0
2009-03-05,23:07:00,0.374,0.052,246.280,1.600,0.000,0.000,0.0
2009-03-05,23:08:00,0.374,0.052,246.510,1.600,0.000,0.000,0.0
2009-03-05,23:09:00,0.376,0.050,246.820,1.600,0.000,0.000,0.0
2009-03-05,23:10:00,0.378,0.050,247.080,1.600,0.000,0.000,0.0
2009-03-05,23:11:00,0.388,0.050,247.920,1.800,0.000,0.000,0.0
2009-03-05,23:12:00,0.388,0.052,247.320,1.800,0.000,0.000,0.0
2009-03-05,23:13:00,0.450,0.000,246.350,2.000,0.000,0.000,0.0
2009-03-05,23:14:00,0.494,0.086,246.160,2.200,0.000,0.000,0.0
2009-03-05,23:15:00,0.478,0.090,247.100,2.000,0.000,0.000,0.0
2009-03-05,23:16:00,0.476,0.090,246.790,2.000,0.000,0.000,0.0
2009-03-05,23:17:00,0.476,0.090,246.960,2.000,0.000,0.000,0.0
2009-03-05,23:18:00,0.474,0.090,246.840,2.000,0.000,0.000,0.0
2009-03-05,23:19:00,0.472,0.090,246.920,2.000,0.000,0.000,0.0
2009-03-05,23:20:00,0.478,0.090,247.170,2.000,0.000,0.000,0.0
2009-03-05,23:21:00,0.478,0.092,247.420,2.000,0.000,0.000,0.0
2009-03-05,23:22:00,0.472,0.088,246.630,2.000,0.000,0.000,0.0
2009-03-05,23:23:00,0.448,0.054,246.520,2.000,0.000,0.000,0.0
2009-03-05,23:24:00,0.376,0.052,246.900,1.600,0.000,0.000,0.0
2009-03-05,23:25:00,0.376,0.052,246.780,1.600,0.000,0.000,0.0
2009-03-05,23:26:00,0.376,0.050,247.480,1.600,0.000,0.000,0.0
2009-03-05,23:27:00,0.374,0.050,247.490,1.600,0.000,0.000,0.0
2009-03-05,23:28:00,0.376,0.050,247.990,1.600,0.000,0.000,0.0
2009-03-05,23:29:00,0.376,0.050,247.580,1.600,0.000,0.000,0.0
2009-03-05,23:30:00,0.374,0.052,246.940,1.600,0.000,0.000,0.0
2009-03-05,23:31:00,0.374,0.052,247.040,1.600,0.000,0.000,0.0
2009-03-05,23:32:00,0.458,0.000,247.100,2.000,0.000,0.000,0.0
2009-03-05,23:33:00,0.450,0.052,246.310,2.000,0.000,0.000,0.0
2009-03-05,23:34:00,0.448,0.050,245.210,2.000,0.000,0.000,0.0
2009-03-05,23:35:00,0.444,0.046,243.750,2.000,0.000,0.000,0.0
2009-03-05,23:36:00,0.444,0.048,244.260,2.000,0.000,0.000,0.0
2009-03-05,23:37:00,0.444,0.052,245.720,2.000,0.000,0.000,0.0
2009-03-05,23:38:00,0.444,0.052,245.550,2.000,0.000,0.000,0.0
2009-03-05,23:39:00,0.456,0.056,244.490,2.000,0.000,0.000,0.0
2009-03-05,23:40:00,0.548,0.184,243.580,2.400,0.000,0.000,0.0
2009-03-05,23:41:00,0.544,0.188,244.320,2.400,0.000,0.000,0.0
2009-03-05,23:42:00,0.542,0.188,244.420,2.400,0.000,0.000,0.0
2009-03-05,23:43:00,0.478,0.092,244.480,2.000,0.000,0.000,0.0
2009-03-05,23:44:00,0.470,0.084,245.110,2.000,0.000,0.000,0.0
2009-03-05,23:45:00,0.466,0.080,244.010,2.000,0.000,0.000,0.0
2009-03-05,23:46:00,0.464,0.078,243.760,2.000,0.000,0.000,0.0
2009-03-05,23:47:00,0.464,0.080,244.220,2.000,0.000,0.000,0.0
2009-03-05,23:48:00,0.462,0.076,243.380,2.000,0.000,0.000,0.0
2009-03-05,23:49:00,0.460,0.076,243.010,2.000,0.000,0.000,0.0
2009-03-05,23:50:00,0.380,0.000,243.010,1.800,0.000,0.000,0.0
2009-03-05,23:51:00,0.366,0.058,243.210,1.600,0.000,0.000,0.0
2009-03-05,23:52:00,0.368,0.058,243.500,1.600,0.000,0.000,0.0
2009-03-05,23:53:00,0.368,0.058,243.610,1.600,0.000,0.000,0.0
2009-03-05,23:54:00,0.368,0.060,243.340,1.600,0.000,0.000,0.0
2009-03-05,23:55:00,0.368,0.058,244.030,1.600,0.000,0.000,0.0
2009-03-05,23:56:00,0.370,0.056,244.660,1.600,0.000,0.000,0.0
2009-03-05,23:57:00,0.370,0.056,244.460,1.600,0.000,0.000,0.0
2009-03-05,23:58:00,0.368,0.058,244.140,1.600,0.000,0.000,0.0
2009-03-05,23:59:00,0.370,0.056,244.340,1.600,0.000,0.000,0.0
