Date,Time,Global_active_power,Global_reactive_power,Voltage,Global_intensity,Sub_metering_1,Sub_metering_2,Sub_metering_3
2008-08-12,00:00:00,0.252,0.250,239.360,1.400,0.000,0.000,1.0
2008-08-12,00:01:00,0.250,0.250,239.600,1.400,0.000,0.000,0.0
2008-08-12,00:02:00,0.248,0.252,239.730,1.400,0.000,0.000,1.0
2008-08-12,00:03:00,0.246,0.254,240.390,1.400,0.000,0.000,1.0
2008-08-12,00:04:00,0.244,0.252,239.850,1.400,0.000,0.000,0.0
2008-08-12,00:05:00,0.244,0.254,240.310,1.400,0.000,0.000,1.0
2008-08-12,00:06:00,0.236,0.242,240.010,1.400,0.000,0.000,0.0
2008-08-12,00:07:00,0.174,0.150,240.100,0.800,0.000,0.000,1.0
2008-08-12,00:08:00,0.174,0.150,240.370,0.800,0.000,0.000,1.0
2008-08-12,00:09:00,0.174,0.150,240.300,0.800,0.000,0.000,0.0
2008-08-12,00:10:00,0.174,0.150,239.910,0.800,0.000,0.000,1.0
2008-08-12,00:11:00,0.174,0.150,240.360,0.800,0.000,0.000,1.0
2008-08-12,00:12:00,0.174,0.152,240.600,0.800,0.000,0.000,0.0
2008-08-12,00:13:00,0.138,0.102,240.640,0.800,0.000,0.000,1.0
2008-08-12,00:14:00,0.080,0.000,241.010,0.200,0.000,0.000,1.0
2008-08-12,00:15:00,0.080,0.000,240.780,0.200,0.000,0.000,0.0
2008-08-12,00:16:00,0.080,0.000,240.840,0.200,0.000,0.000,1.0
2008-08-12,00:17:00,0.080,0.000,240.790,0.200,0.000,0.000,1.0
2008-08-12,00:18:00,0.080,0.000,240.900,0.200,0.000,0.000,0.0
2008-08-12,00:19:00,0.080,0.000,240.840,0.200,0.000,0.000,1.0
2008-08-12,00:20:00,0.080,0.000,240.910,0.200,0.000,0.000,1.0
2008-08-12,00:21:00,0.080,0.000,240.840,0.200,0.000,0.000,0.0
2008-08-12,00:22:00,0.080,0.000,241.050,0.200,0.000,0.000,1.0
2008-08-12,00:23:00,0.080,0.000,241.050,0.200,0.000,0.000,1.0
2008-08-12,00:24:00,0.080,0.000,241.000,0.200,0.000,0.000,0.0
2008-08-12,00:25:00,0.080,0.000,241.000,0.200,0.000,0.000,1.0
2008-08-12,00:26:00,0.080,0.000,241.070,0.200,0.000,0.000,1.0
2008-08-12,00:27:00,0.080,0.000,241.030,0.200,0.000,0.000,0.0
2008-08-12,00:28:00,0.080,0.000,240.700,0.200,0.000,0.000,1.0
2008-08-12,00:29:00,0.080,0.000,241.110,0.200,0.000,0.000,1.0
2008-08-12,00:30:00,0.082,0.000,241.580,0.200,0.000,0.000,0.0
2008-08-12,00:31:00,0.082,0.000,241.480,0.200,0.000,0.000,1.0
2008-08-12,00:32:00,0.082,0.000,241.380,0.200,0.000,0.000,1.0
2008-08-12,00:33:00,0.080,0.000,241.440,0.200,0.000,0.000,0.0
2008-08-12,00:34:00,0.080,0.000,241.300,0.200,0.000,0.000,1.0
2008-08-12,00:35:00,0.160,0.102,241.110,1.000,0.000,0.000,1.0
2008-08-12,00:36:00,0.158,0.122,241.060,0.800,0.000,0.000,0.0
2008-08-12,00:37:00,0.160,0.124,241.550,0.800,0.000,0.000,1.0
2008-08-12,00:38:00,0.158,0.124,241.650,0.800,0.000,0.000,1.0
2008-08-12,00:39:00,0.156,0.122,241.200,0.800,0.000,0.000,0.0
2008-08-12,00:40:00,0.154,0.124,241.210,0.800,0.000,0.000,1.0
2008-08-12,00:41:00,0.154,0.122,240.990,0.800,0.000,0.000,1.0
2008-08-12,00:42:00,0.270,0.250,240.780,1.600,0.000,0.000,0.0
2008-08-12,00:43:00,0.258,0.254,240.790,1.400,0.000,0.000,1.0
2008-08-12,00:44:00,0.250,0.246,240.840,1.400,0.000,0.000,0.0
2008-08-12,00:45:00,0.184,0.152,241.050,1.000,0.000,0.000,1.0
2008-08-12,00:46:00,0.184,0.152,241.070,1.000,0.000,0.000,1.0
2008-08-12,00:47:00,0.182,0.150,240.550,0.800,0.000,0.000,0.0
2008-08-12,00:48:00,0.180,0.150,240.300,0.800,0.000,0.000,1.0
2008-08-12,00:49:00,0.180,0.150,240.400,0.800,0.000,0.000,1.0
2008-08-12,00:50:00,0.178,0.150,240.620,0.800,0.000,0.000,0.0
2008-08-12,00:51:00,0.178,0.150,240.250,0.800,0.000,0.000,1.0
2008-08-12,00:52:00,0.176,0.150,240.030,0.800,0.000,0.000,1.0
2008-08-12,00:53:00,0.176,0.150,240.330,0.800,0.000,0.000,0.0
2008-08-12,00:54:00,0.176,0.150,240.150,0.800,0.000,0.000,1.0
2008-08-12,00:55:00,0.184,0.152,239.920,1.000,0.000,0.000,1.0
2008-08-12,00:56:00,0.274,0.272,239.710,1.600,0.000,1.000,0.0
2008-08-12,00:57:00,0.262,0.270,239.780,1.400,0.000,1.000,1.0
2008-08-12,00:58:00,0.262,0.270,239.860,1.400,0.000,2.000,1.0
2008-08-12,00:59:00,0.262,0.270,240.000,1.400,0.000,1.000,0.0
2008-08-12,01:00:00,0.262,0.272,240.390,1.400,0.000,1.000,1.0
2008-08-12,01:01:00,0.258,0.270,239.730,1.400,0.000,2.000,1.0
2008-08-12,01:02:00,0.220,0.214,240.270,1.200,0.000,1.000,0.0
2008-08-12,01:03:00,0.168,0.140,240.520,0.800,0.000,2.000,1.0
2008-08-12,01:04:00,0.504,0.200,239.900,2.600,0.000,1.000,6.0
2008-08-12,01:05:00,0.798,0.230,237.470,3.400,0.000,2.000,11.0
2008-08-12,01:06:00,0.828,0.232,237.750,3.600,0.000,1.000,12.0
2008-08-12,01:07:00,0.850,0.230,237.810,3.600,0.000,1.000,12.0
2008-08-12,01:08:00,0.856,0.230,237.660,3.600,0.000,2.000,12.0
2008-08-12,01:09:00,0.342,0.160,238.440,2.000,0.000,1.000,4.0
2008-08-12,01:10:00,0.160,0.136,238.550,0.800,0.000,1.000,1.0
2008-08-12,01:11:00,0.158,0.136,238.500,0.800,0.000,2.000,1.0
2008-08-12,01:12:00,0.158,0.134,238.330,0.800,0.000,1.000,0.0
2008-08-12,01:13:00,0.230,0.212,238.250,1.400,0.000,1.000,1.0
2008-08-12,01:14:00,0.230,0.234,238.220,1.200,0.000,2.000,0.0
2008-08-12,01:15:00,0.230,0.236,238.340,1.200,0.000,1.000,1.0
2008-08-12,01:16:00,0.228,0.236,238.420,1.200,0.000,1.000,1.0
2008-08-12,01:17:00,0.206,0.202,238.430,1.200,0.000,1.000,0.0
2008-08-12,01:18:00,0.152,0.118,238.580,0.800,0.000,0.000,1.0
2008-08-12,01:19:00,0.152,0.120,238.780,0.800,0.000,0.000,1.0
2008-08-12,01:20:00,0.150,0.120,238.820,0.800,0.000,0.000,0.0
2008-08-12,01:21:00,0.150,0.118,238.390,0.800,0.000,0.000,1.0
2008-08-12,01:22:00,0.148,0.118,238.120,0.800,0.000,0.000,1.0
2008-08-12,01:23:00,0.084,0.000,238.300,0.400,0.000,0.000,0.0
2008-08-12,01:24:00,0.078,0.000,238.310,0.200,0.000,0.000,1.0
2008-08-12,01:25:00,0.078,0.000,238.050,0.200,0.000,0.000,1.0
2008-08-12,01:26:00,0.078,0.000,237.920,0.200,0.000,0.000,0.0
2008-08-12,01:27:00,0.078,0.000,238.160,0.200,0.000,0.000,1.0
2008-08-12,01:28:00,0.080,0.000,239.080,0.200,0.000,0.000,1.0
2008-08-12,01:29:00,0.078,0.000,238.310,0.200,0.000,0.000,0.0
2008-08-12,01:30:00,0.128,0.060,238.220,0.800,0.000,0.000,1.0
2008-08-12,01:31:00,0.190,0.144,238.280,1.000,0.000,0.000,0.0
2008-08-12,01:32:00,0.184,0.146,238.280,1.000,0.000,0.000,1.0
2008-08-12,01:33:00,0.182,0.144,238.230,0.800,0.000,0.000,1.0
2008-08-12,01:34:00,0.182,0.144,238.160,0.800,0.000,0.000,0.0
2008-08-12,01:35:00,0.180,0.146,238.330,0.800,0.000,0.000,1.0
2008-08-12,01:36:00,0.178,0.146,238.320,0.800,0.000,0.000,1.0
2008-08-12,01:37:00,0.178,0.146,238.360,0.800,0.000,0.000,0.0
2008-08-12,01:38:00,0.176,0.146,238.490,0.800,0.000,0.000,1.0
2008-08-12,01:39:00,0.176,0.148,239.250,0.800,0.000,0.000,1.0
2008-08-12,01:40:00,0.176,0.148,239.500,0.800,0.000,0.000,0.0
2008-08-12,01:41:00,0.176,0.148,239.780,0.800,0.000,0.000,1.0
2008-08-12,01:42:00,0.174,0.146,238.580,0.800,0.000,0.000,1.0
2008-08-12,01:43:00,0.174,0.146,238.500,0.800,0.000,0.000,0.0
2008-08-12,01:44:00,0.172,0.146,238.410,0.800,0.000,0.000,1.0
2008-08-12,01:45:00,0.174,0.146,238.740,0.800,0.000,0.000,0.0
2008-08-12,01:46:00,0.174,0.146,238.990,0.800,0.000,0.000,1.0
2008-08-12,01:47:00,0.172,0.146,238.750,0.800,0.000,0.000,1.0
2008-08-12,01:48:00,0.172,0.146,238.790,0.800,0.000,0.000,0.0
2008-08-12,01:49:00,0.172,0.146,238.840,0.800,0.000,0.000,1.0
2008-08-12,01:50:00,0.172,0.146,238.860,0.800,0.000,0.000,1.0
2008-08-12,01:51:00,0.104,0.000,238.910,0.800,0.000,0.000,0.0
2008-08-12,01:52:00,0.158,0.118,239.120,0.800,0.000,0.000,1.0
2008-08-12,01:53:00,0.156,0.118,238.820,0.800,0.000,0.000,1.0
2008-08-12,01:54:00,0.156,0.118,238.550,0.800,0.000,0.000,0.0
2008-08-12,01:55:00,0.154,0.118,238.110,0.800,0.000,0.000,1.0
2008-08-12,01:56:00,0.154,0.118,238.960,0.800,0.000,0.000,1.0
2008-08-12,01:57:00,0.154,0.120,239.080,0.800,0.000,0.000,0.0
2008-08-12,01:58:00,0.152,0.120,239.190,0.800,0.000,0.000,1.0
2008-08-12,01:59:00,0.152,0.120,239.150,0.800,0.000,0.000,1.0
2008-08-12,02:00:00,0.150,0.120,239.120,0.800,0.000,0.000,0.0
2008-08-12,02:01:00,0.150,0.120,239.350,0.800,0.000,0.000,1.0
2008-08-12,02:02:00,0.088,0.000,238.980,0.400,0.000,0.000,0.0
2008-08-12,02:03:00,0.080,0.000,238.930,0.200,0.000,0.000,1.0
2008-08-12,02:04:00,0.078,0.000,238.280,0.200,0.000,0.000,1.0
2008-08-12,02:05:00,0.078,0.000,238.170,0.200,0.000,0.000,0.0
2008-08-12,02:06:00,0.078,0.000,238.170,0.200,0.000,0.000,1.0
2008-08-12,02:07:00,0.078,0.000,238.110,0.200,0.000,0.000,1.0
2008-08-12,02:08:00,0.078,0.000,238.290,0.200,0.000,0.000,0.0
2008-08-12,02:09:00,0.078,0.000,238.340,0.200,0.000,0.000,1.0
2008-08-12,02:10:00,0.078,0.000,238.120,0.200,0.000,0.000,1.0
2008-08-12,02:11:00,0.078,0.000,238.190,0.200,0.000,0.000,0.0
2008-08-12,02:12:00,0.078,0.000,238.500,0.200,0.000,0.000,1.0
2008-08-12,02:13:00,0.080,0.000,239.170,0.200,0.000,0.000,1.0
2008-08-12,02:14:00,0.080,0.000,239.210,0.200,0.000,0.000,0.0
2008-08-12,02:15:00,0.080,0.000,239.320,0.200,0.000,0.000,1.0
2008-08-12,02:16:00,0.080,0.000,239.090,0.200,0.000,0.000,0.0
2008-08-12,02:17:00,0.080,0.000,239.240,0.200,0.000,0.000,1.0
2008-08-12,02:18:00,0.080,0.000,239.100,0.200,0.000,0.000,1.0
2008-08-12,02:19:00,0.152,0.088,239.280,0.800,0.000,0.000,0.0
2008-08-12,02:20:00,0.190,0.148,239.260,1.000,0.000,0.000,1.0
2008-08-12,02:21:00,0.186,0.148,239.730,1.000,0.000,0.000,1.0
2008-08-12,02:22:00,0.184,0.150,240.140,1.000,0.000,0.000,0.0
2008-08-12,02:23:00,0.348,0.180,239.890,2.000,0.000,0.000,3.0
2008-08-12,02:24:00,0.896,0.342,239.390,4.000,0.000,0.000,11.0
2008-08-12,02:25:00,0.928,0.374,239.280,4.200,0.000,2.000,12.0
2008-08-12,02:26:00,0.954,0.374,239.230,4.200,0.000,1.000,12.0
2008-08-12,02:27:00,0.958,0.368,238.600,4.200,0.000,2.000,12.0
2008-08-12,02:28:00,0.726,0.336,239.010,3.600,0.000,1.000,9.0
2008-08-12,02:29:00,0.264,0.272,240.300,1.400,0.000,1.000,1.0
2008-08-12,02:30:00,0.310,0.316,240.200,1.800,0.000,2.000,1.0
2008-08-12,02:31:00,0.338,0.376,240.650,2.000,0.000,1.000,0.0
2008-08-12,02:32:00,0.336,0.374,240.210,2.000,0.000,2.000,1.0
2008-08-12,02:33:00,0.334,0.374,240.250,2.000,0.000,1.000,1.0
2008-08-12,02:34:00,0.332,0.374,240.260,2.000,0.000,2.000,0.0
2008-08-12,02:35:00,0.330,0.372,239.830,2.000,0.000,1.000,1.0
2008-08-12,02:36:00,0.326,0.372,239.620,2.000,0.000,1.000,1.0
2008-08-12,02:37:00,0.322,0.372,239.780,2.000,0.000,2.000,0.0
2008-08-12,02:38:00,0.320,0.372,239.940,2.000,0.000,1.000,1.0
2008-08-12,02:39:00,0.318,0.372,239.870,2.000,0.000,1.000,1.0
2008-08-12,02:40:00,0.238,0.256,240.030,1.400,0.000,2.000,0.0
2008-08-12,02:41:00,0.164,0.148,239.950,0.800,0.000,1.000,1.0
2008-08-12,02:42:00,0.158,0.138,240.050,0.800,0.000,1.000,1.0
2008-08-12,02:43:00,0.158,0.138,239.970,0.800,0.000,1.000,0.0
2008-08-12,02:44:00,0.158,0.138,239.830,0.800,0.000,2.000,1.0
2008-08-12,02:45:00,0.156,0.138,239.730,0.800,0.000,1.000,1.0
2008-08-12,02:46:00,0.088,0.000,240.000,0.400,0.000,0.000,0.0
2008-08-12,02:47:00,0.080,0.000,240.340,0.200,0.000,0.000,1.0
2008-08-12,02:48:00,0.080,0.000,239.960,0.200,0.000,0.000,1.0
2008-08-12,02:49:00,0.080,0.000,239.800,0.200,0.000,0.000,0.0
2008-08-12,02:50:00,0.080,0.000,239.840,0.200,0.000,0.000,1.0
2008-08-12,02:51:00,0.080,0.000,239.850,0.200,0.000,0.000,0.0
2008-08-12,02:52:00,0.080,0.000,239.780,0.200,0.000,0.000,1.0
2008-08-12,02:53:00,0.078,0.000,239.000,0.200,0.000,0.000,1.0
2008-08-12,02:54:00,0.078,0.000,238.970,0.200,0.000,0.000,0.0
2008-08-12,02:55:00,0.078,0.000,238.840,0.200,0.000,0.000,1.0
2008-08-12,02:56:00,0.078,0.000,238.850,0.200,0.000,0.000,1.0
2008-08-12,02:57:00,0.078,0.000,238.560,0.200,0.000,0.000,0.0
2008-08-12,02:58:00,0.078,0.000,238.740,0.200,0.000,0.000,1.0
2008-08-12,02:59:00,0.078,0.000,238.760,0.200,0.000,0.000,1.0
2008-08-12,03:00:00,0.078,0.000,238.910,0.200,0.000,0.000,0.0
2008-08-12,03:01:00,0.078,0.000,238.940,0.200,0.000,0.000,1.0
2008-08-12,03:02:00,0.080,0.000,239.360,0.200,0.000,0.000,1.0
2008-08-12,03:03:00,0.080,0.000,239.390,0.200,0.000,0.000,0.0
2008-08-12,03:04:00,0.080,0.000,239.210,0.200,0.000,0.000,1.0
2008-08-12,03:05:00,0.080,0.000,239.340,0.200,0.000,0.000,1.0
2008-08-12,03:06:00,0.080,0.000,239.510,0.200,0.000,0.000,0.0
2008-08-12,03:07:00,0.078,0.000,239.420,0.200,0.000,0.000,1.0
2008-08-12,03:08:00,0.134,0.068,239.670,0.800,0.000,0.000,0.0
2008-08-12,03:09:00,0.244,0.198,240.100,1.400,0.000,0.000,1.0
2008-08-12,03:10:00,0.262,0.252,240.360,1.400,0.000,0.000,1.0
2008-08-12,03:11:00,0.260,0.252,240.070,1.400,0.000,0.000,0.0
2008-08-12,03:12:00,0.258,0.250,239.790,1.400,0.000,0.000,1.0
2008-08-12,03:13:00,0.254,0.250,239.690,1.400,0.000,0.000,1.0
2008-08-12,03:14:00,0.252,0.250,239.780,1.400,0.000,0.000,0.0
2008-08-12,03:15:00,0.250,0.252,239.820,1.400,0.000,0.000,1.0
2008-08-12,03:16:00,0.248,0.252,240.040,1.400,0.000,0.000,1.0
2008-08-12,03:17:00,0.246,0.252,240.210,1.400,0.000,0.000,0.0
2008-08-12,03:18:00,0.246,0.252,240.280,1.400,0.000,0.000,1.0
2008-08-12,03:19:00,0.216,0.212,240.340,1.200,0.000,0.000,1.0
2008-08-12,03:20:00,0.176,0.152,240.610,0.800,0.000,0.000,0.0
2008-08-12,03:21:00,0.176,0.152,241.150,0.800,0.000,0.000,1.0
2008-08-12,03:22:00,0.176,0.152,241.350,0.800,0.000,0.000,1.0
2008-08-12,03:23:00,0.176,0.152,240.740,0.800,0.000,0.000,0.0
2008-08-12,03:24:00,0.174,0.152,240.690,0.800,0.000,0.000,1.0
2008-08-12,03:25:00,0.174,0.152,240.640,0.800,0.000,0.000,1.0
2008-08-12,03:26:00,0.174,0.152,240.640,0.800,0.000,0.000,0.0
2008-08-12,03:27:00,0.174,0.152,240.690,0.800,0.000,0.000,1.0
2008-08-12,03:28:00,0.174,0.152,240.580,0.800,0.000,0.000,1.0
2008-08-12,03:29:00,0.094,0.000,240.770,0.400,0.000,0.000,0.0
2008-08-12,03:30:00,0.080,0.000,240.800,0.200,0.000,0.000,1.0
2008-08-12,03:31:00,0.080,0.000,240.940,0.200,0.000,0.000,1.0
2008-08-12,03:32:00,0.080,0.000,240.990,0.200,0.000,0.000,0.0
2008-08-12,03:33:00,0.080,0.000,241.160,0.200,0.000,0.000,1.0
2008-08-12,03:34:00,0.080,0.000,241.770,0.200,0.000,0.000,1.0
2008-08-12,03:35:00,0.080,0.000,241.650,0.200,0.000,0.000,0.0
2008-08-12,03:36:00,0.082,0.000,241.610,0.200,0.000,0.000,1.0
2008-08-12,03:37:00,0.082,0.000,241.680,0.200,0.000,0.000,0.0
2008-08-12,03:38:00,0.082,0.000,241.640,0.200,0.000,0.000,1.0
2008-08-12,03:39:00,0.082,0.000,241.930,0.200,0.000,0.000,1.0
2008-08-12,03:40:00,0.082,0.000,242.250,0.200,0.000,0.000,0.0
2008-08-12,03:41:00,0.080,0.000,241.760,0.200,0.000,0.000,1.0
2008-08-12,03:42:00,0.082,0.000,241.760,0.200,0.000,0.000,1.0
2008-08-12,03:43:00,0.082,0.000,241.670,0.200,0.000,0.000,0.0
2008-08-12,03:44:00,0.640,0.120,240.520,2.800,0.000,0.000,10.0
2008-08-12,03:45:00,0.730,0.130,240.430,3.000,0.000,0.000,11.0
2008-08-12,03:46:00,0.762,0.130,240.390,3.200,0.000,0.000,12.0
2008-08-12,03:47:00,0.778,0.130,240.490,3.200,0.000,0.000,13.0
2008-08-12,03:48:00,0.524,0.176,240.680,2.800,0.000,0.000,7.0
2008-08-12,03:49:00,0.158,0.124,240.960,0.800,0.000,0.000,0.0
2008-08-12,03:50:00,0.158,0.122,240.820,0.800,0.000,0.000,1.0
2008-08-12,03:51:00,0.158,0.124,241.190,0.800,0.000,0.000,1.0
2008-08-12,03:52:00,0.194,0.154,241.350,1.200,0.000,0.000,0.0
2008-08-12,03:53:00,0.244,0.246,241.190,1.400,0.000,1.000,1.0
2008-08-12,03:54:00,0.240,0.244,240.800,1.400,0.000,1.000,1.0
2008-08-12,03:55:00,0.240,0.244,240.890,1.400,0.000,2.000,0.0
2008-08-12,03:56:00,0.240,0.244,240.920,1.400,0.000,1.000,1.0
2008-08-12,03:57:00,0.292,0.290,240.970,1.800,0.000,2.000,1.0
2008-08-12,03:58:00,0.278,0.274,240.970,1.600,0.000,1.000,0.0
2008-08-12,03:59:00,0.274,0.276,241.410,1.600,0.000,2.000,1.0
2008-08-12,04:00:00,0.272,0.274,241.040,1.600,0.000,1.000,1.0
2008-08-12,04:01:00,0.270,0.274,240.990,1.600,0.000,2.000,0.0
2008-08-12,04:02:00,0.268,0.274,240.900,1.600,0.000,1.000,1.0
2008-08-12,04:03:00,0.264,0.274,240.930,1.400,0.000,1.000,1.0
2008-08-12,04:04:00,0.262,0.274,240.940,1.400,0.000,2.000,0.0
2008-08-12,04:05:00,0.260,0.274,240.920,1.400,0.000,1.000,1.0
2008-08-12,04:06:00,0.258,0.274,240.840,1.400,0.000,2.000,1.0
2008-08-12,04:07:00,0.256,0.274,240.870,1.400,0.000,1.000,0.0
2008-08-12,04:08:00,0.254,0.274,240.960,1.400,0.000,1.000,1.0
2008-08-12,04:09:00,0.254,0.274,241.180,1.400,0.000,1.000,1.0
2008-08-12,04:10:00,0.254,0.274,241.190,1.400,0.000,2.000,0.0
2008-08-12,04:11:00,0.252,0.274,240.930,1.400,0.000,1.000,1.0
2008-08-12,04:12:00,0.250,0.272,240.770,1.400,0.000,1.000,1.0
2008-08-12,04:13:00,0.250,0.274,240.840,1.400,0.000,1.000,0.0
2008-08-12,04:14:00,0.206,0.204,240.890,1.200,0.000,1.000,1.0
2008-08-12,04:15:00,0.174,0.152,240.770,0.800,0.000,0.000,0.0
2008-08-12,04:16:00,0.174,0.152,240.930,0.800,0.000,0.000,1.0
2008-08-12,04:17:00,0.160,0.132,241.290,0.800,0.000,0.000,1.0
2008-08-12,04:18:00,0.082,0.000,241.650,0.200,0.000,0.000,0.0
2008-08-12,04:19:00,0.082,0.000,241.540,0.200,0.000,0.000,1.0
2008-08-12,04:20:00,0.082,0.000,241.590,0.200,0.000,0.000,1.0
2008-08-12,04:21:00,0.082,0.000,241.550,0.200,0.000,0.000,0.0
2008-08-12,04:22:00,0.082,0.000,241.580,0.200,0.000,0.000,1.0
2008-08-12,04:23:00,0.082,0.000,241.710,0.200,0.000,0.000,1.0
2008-08-12,04:24:00,0.082,0.000,241.810,0.200,0.000,0.000,0.0
2008-08-12,04:25:00,0.082,0.000,241.080,0.200,0.000,0.000,1.0
2008-08-12,04:26:00,0.152,0.092,240.890,1.000,0.000,0.000,1.0
2008-08-12,04:27:00,0.158,0.122,240.890,0.800,0.000,0.000,0.0
2008-08-12,04:28:00,0.158,0.122,240.840,0.800,0.000,0.000,1.0
2008-08-12,04:29:00,0.158,0.122,241.060,0.800,0.000,0.000,1.0
2008-08-12,04:30:00,0.158,0.122,240.770,0.800,0.000,0.000,0.0
2008-08-12,04:31:00,0.154,0.122,240.700,0.800,0.000,0.000,1.0
2008-08-12,04:32:00,0.154,0.122,240.830,0.800,0.000,0.000,1.0
2008-08-12,04:33:00,0.152,0.122,240.850,0.800,0.000,0.000,0.0
2008-08-12,04:34:00,0.152,0.122,240.810,0.800,0.000,0.000,1.0
2008-08-12,04:35:00,0.152,0.122,240.800,0.800,0.000,0.000,1.0
2008-08-12,04:36:00,0.096,0.000,240.840,0.400,0.000,0.000,0.0
2008-08-12,04:37:00,0.080,0.000,240.900,0.200,0.000,0.000,1.0
2008-08-12,04:38:00,0.080,0.000,240.840,0.200,0.000,0.000,1.0
2008-08-12,04:39:00,0.080,0.000,240.860,0.200,0.000,0.000,0.0
2008-08-12,04:40:00,0.080,0.000,240.840,0.200,0.000,0.000,1.0
2008-08-12,04:41:00,0.080,0.000,240.800,0.200,0.000,0.000,1.0
2008-08-12,04:42:00,0.080,0.000,240.920,0.200,0.000,0.000,0.0
2008-08-12,04:43:00,0.080,0.000,240.810,0.200,0.000,0.000,1.0
2008-08-12,04:44:00,0.080,0.000,240.970,0.200,0.000,0.000,1.0
2008-08-12,04:45:00,0.100,0.000,240.460,0.600,0.000,0.000,0.0
2008-08-12,04:46:00,0.190,0.150,240.220,1.000,0.000,0.000,1.0
2008-08-12,04:47:00,0.188,0.150,240.360,1.000,0.000,0.000,1.0
2008-08-12,04:48:00,0.186,0.150,240.620,1.000,0.000,0.000,0.0
2008-08-12,04:49:00,0.184,0.150,240.710,1.000,0.000,0.000,1.0
2008-08-12,04:50:00,0.182,0.150,240.760,0.800,0.000,0.000,0.0
2008-08-12,04:51:00,0.182,0.150,240.700,0.800,0.000,0.000,1.0
2008-08-12,04:52:00,0.180,0.150,240.740,0.800,0.000,0.000,1.0
2008-08-12,04:53:00,0.180,0.150,240.580,0.800,0.000,0.000,0.0
2008-08-12,04:54:00,0.178,0.152,241.130,0.800,0.000,0.000,1.0
2008-08-12,04:55:00,0.178,0.154,241.470,0.800,0.000,0.000,1.0
2008-08-12,04:56:00,0.178,0.152,241.340,0.800,0.000,0.000,0.0
2008-08-12,04:57:00,0.176,0.152,241.020,0.800,0.000,0.000,1.0
2008-08-12,04:58:00,0.218,0.162,240.770,1.400,0.000,0.000,1.0
2008-08-12,04:59:00,0.808,0.262,240.060,3.400,0.000,0.000,11.0
2008-08-12,05:00:00,0.828,0.262,240.140,3.600,0.000,0.000,12.0
2008-08-12,05:01:00,0.860,0.260,240.130,3.600,0.000,0.000,12.0
2008-08-12,05:02:00,0.870,0.260,240.270,3.800,0.000,0.000,12.0
2008-08-12,05:03:00,0.686,0.230,240.250,3.200,0.000,0.000,10.0
2008-08-12,05:04:00,0.192,0.156,240.680,1.200,0.000,0.000,0.0
2008-08-12,05:05:00,0.252,0.254,240.610,1.400,0.000,0.000,1.0
2008-08-12,05:06:00,0.166,0.134,240.600,0.800,0.000,0.000,1.0
2008-08-12,05:07:00,0.158,0.122,240.460,0.800,0.000,0.000,0.0
2008-08-12,05:08:00,0.156,0.122,240.200,0.800,0.000,0.000,1.0
2008-08-12,05:09:00,0.156,0.122,240.550,0.800,0.000,0.000,1.0
2008-08-12,05:10:00,0.154,0.122,240.530,0.800,0.000,0.000,0.0
2008-08-12,05:11:00,0.152,0.122,239.900,0.800,0.000,0.000,1.0
2008-08-12,05:12:00,0.152,0.120,239.680,0.800,0.000,0.000,1.0
2008-08-12,05:13:00,0.150,0.120,239.690,0.800,0.000,0.000,0.0
2008-08-12,05:14:00,0.150,0.120,239.580,0.800,0.000,0.000,1.0
2008-08-12,05:15:00,0.096,0.000,239.780,0.400,0.000,0.000,1.0
2008-08-12,05:16:00,0.080,0.000,239.930,0.200,0.000,0.000,0.0
2008-08-12,05:17:00,0.080,0.000,240.450,0.200,0.000,0.000,1.0
2008-08-12,05:18:00,0.080,0.000,240.640,0.200,0.000,0.000,1.0
2008-08-12,05:19:00,0.080,0.000,240.440,0.200,0.000,0.000,0.0
2008-08-12,05:20:00,0.080,0.000,240.260,0.200,0.000,0.000,1.0
2008-08-12,05:21:00,0.178,0.126,240.110,1.000,0.000,0.000,1.0
2008-08-12,05:22:00,0.170,0.138,239.780,0.800,0.000,2.000,0.0
2008-08-12,05:23:00,0.170,0.138,239.750,0.800,0.000,1.000,1.0
2008-08-12,05:24:00,0.170,0.138,239.630,0.800,0.000,2.000,1.0
2008-08-12,05:25:00,0.168,0.136,239.110,0.800,0.000,1.000,0.0
2008-08-12,05:26:00,0.168,0.136,238.930,0.800,0.000,2.000,1.0
2008-08-12,05:27:00,0.168,0.136,238.900,0.800,0.000,1.000,0.0
2008-08-12,05:28:00,0.166,0.136,238.740,0.800,0.000,2.000,1.0
2008-08-12,05:29:00,0.166,0.136,238.680,0.800,0.000,1.000,1.0
2008-08-12,05:30:00,0.164,0.136,238.890,0.800,0.000,1.000,0.0
2008-08-12,05:31:00,0.164,0.136,238.860,0.800,0.000,2.000,1.0
2008-08-12,05:32:00,0.164,0.136,238.820,0.800,0.000,1.000,1.0
2008-08-12,05:33:00,0.162,0.136,239.200,0.800,0.000,2.000,0.0
2008-08-12,05:34:00,0.226,0.200,239.090,1.400,0.000,1.000,1.0
2008-08-12,05:35:00,0.268,0.266,239.030,1.400,0.000,1.000,1.0
2008-08-12,05:36:00,0.262,0.266,239.080,1.400,0.000,2.000,0.0
2008-08-12,05:37:00,0.260,0.266,239.130,1.400,0.000,1.000,1.0
2008-08-12,05:38:00,0.258,0.266,238.970,1.400,0.000,1.000,1.0
2008-08-12,05:39:00,0.256,0.266,238.910,1.400,0.000,1.000,0.0
2008-08-12,05:40:00,0.254,0.268,239.330,1.400,0.000,2.000,1.0
2008-08-12,05:41:00,0.254,0.270,239.900,1.400,0.000,1.000,1.0
2008-08-12,05:42:00,0.238,0.246,240.230,1.400,0.000,1.000,0.0
2008-08-12,05:43:00,0.178,0.150,240.200,0.800,0.000,0.000,1.0
2008-08-12,05:44:00,0.266,0.248,239.340,1.600,0.000,0.000,0.0
2008-08-12,05:45:00,0.250,0.250,239.200,1.400,0.000,0.000,1.0
2008-08-12,05:46:00,0.250,0.250,239.120,1.400,0.000,0.000,1.0
2008-08-12,05:47:00,0.248,0.248,238.900,1.400,0.000,0.000,0.0
2008-08-12,05:48:00,0.246,0.248,238.920,1.400,0.000,0.000,1.0
2008-08-12,05:49:00,0.246,0.250,239.280,1.400,0.000,0.000,1.0
2008-08-12,05:50:00,0.244,0.250,239.430,1.400,0.000,0.000,0.0
2008-08-12,05:51:00,0.242,0.248,238.990,1.400,0.000,0.000,1.0
2008-08-12,05:52:00,0.242,0.250,239.290,1.400,0.000,0.000,1.0
2008-08-12,05:53:00,0.240,0.250,239.390,1.400,0.000,0.000,0.0
2008-08-12,05:54:00,0.204,0.198,239.570,1.200,0.000,0.000,1.0
2008-08-12,05:55:00,0.090,0.000,239.960,0.400,0.000,0.000,1.0
2008-08-12,05:56:00,0.080,0.000,239.980,0.200,0.000,0.000,0.0
2008-08-12,05:57:00,0.080,0.000,239.680,0.200,0.000,0.000,1.0
2008-08-12,05:58:00,0.080,0.000,239.580,0.200,0.000,0.000,1.0
2008-08-12,05:59:00,0.080,0.000,239.460,0.200,0.000,0.000,0.0
2008-08-12,06:00:00,0.080,0.000,239.630,0.200,0.000,0.000,1.0
2008-08-12,06:01:00,0.080,0.000,239.320,0.200,0.000,0.000,0.0
2008-08-12,06:02:00,0.080,0.000,239.440,0.200,0.000,0.000,1.0
2008-08-12,06:03:00,0.080,0.000,239.540,0.200,0.000,0.000,1.0
2008-08-12,06:04:00,0.080,0.000,239.320,0.200,0.000,0.000,0.0
2008-08-12,06:05:00,0.080,0.000,239.790,0.200,0.000,0.000,1.0
2008-08-12,06:06:00,0.080,0.000,240.250,0.200,0.000,0.000,1.0
2008-08-12,06:07:00,0.080,0.000,240.170,0.200,0.000,0.000,0.0
2008-08-12,06:08:00,0.080,0.000,240.000,0.200,0.000,0.000,1.0
2008-08-12,06:09:00,0.080,0.000,240.810,0.200,0.000,0.000,1.0
2008-08-12,06:10:00,0.080,0.000,240.310,0.200,0.000,0.000,0.0
2008-08-12,06:11:00,0.080,0.000,240.560,0.200,0.000,0.000,1.0
2008-08-12,06:12:00,0.080,0.000,240.780,0.200,0.000,0.000,1.0
2008-08-12,06:13:00,0.080,0.000,240.760,0.200,0.000,0.000,0.0
2008-08-12,06:14:00,0.080,0.000,240.740,0.200,0.000,0.000,1.0
2008-08-12,06:15:00,0.080,0.000,240.330,0.200,0.000,0.000,1.0
2008-08-12,06:16:00,0.080,0.000,240.000,0.200,0.000,0.000,0.0
2008-08-12,06:17:00,0.080,0.000,240.080,0.200,0.000,0.000,1.0
2008-08-12,06:18:00,0.650,0.112,238.550,2.800,0.000,0.000,9.0
2008-08-12,06:19:00,0.724,0.118,238.530,3.000,0.000,0.000,12.0
2008-08-12,06:20:00,0.758,0.120,238.880,3.200,0.000,0.000,12.0
2008-08-12,06:21:00,0.772,0.118,238.720,3.200,0.000,0.000,12.0
2008-08-12,06:22:00,0.694,0.108,239.540,3.000,0.000,0.000,11.0
2008-08-12,06:23:00,0.260,0.212,241.470,1.600,0.000,0.000,1.0
2008-08-12,06:24:00,0.266,0.254,240.840,1.400,0.000,0.000,1.0
2008-08-12,06:25:00,0.262,0.254,240.480,1.400,0.000,0.000,0.0
2008-08-12,06:26:00,0.258,0.254,240.400,1.400,0.000,0.000,1.0
2008-08-12,06:27:00,0.256,0.254,240.460,1.400,0.000,0.000,1.0
2008-08-12,06:28:00,0.254,0.254,240.530,1.400,0.000,0.000,0.0
2008-08-12,06:29:00,0.252,0.254,240.640,1.400,0.000,0.000,1.0
2008-08-12,06:30:00,0.248,0.254,240.450,1.400,0.000,0.000,1.0
2008-08-12,06:31:00,0.248,0.254,240.400,1.400,0.000,0.000,0.0
2008-08-12,06:32:00,0.246,0.254,240.600,1.400,0.000,0.000,1.0
2008-08-12,06:33:00,0.196,0.182,240.760,1.000,0.000,0.000,1.0
2008-08-12,06:34:00,0.176,0.152,240.520,0.800,0.000,0.000,0.0
2008-08-12,06:35:00,0.176,0.152,240.300,0.800,0.000,0.000,1.0
2008-08-12,06:36:00,0.176,0.152,240.590,0.800,0.000,0.000,1.0
2008-08-12,06:37:00,0.176,0.152,240.640,0.800,0.000,0.000,0.0
2008-08-12,06:38:00,0.174,0.152,240.710,0.800,0.000,0.000,1.0
2008-08-12,06:39:00,0.174,0.152,240.770,0.800,0.000,0.000,1.0
2008-08-12,06:40:00,0.174,0.152,240.580,0.800,0.000,0.000,0.0
2008-08-12,06:41:00,0.174,0.152,240.670,0.800,0.000,0.000,1.0
2008-08-12,06:42:00,0.174,0.152,240.580,0.800,0.000,0.000,1.0
2008-08-12,06:43:00,0.134,0.096,240.900,0.600,0.000,0.000,0.0
2008-08-12,06:44:00,0.080,0.000,241.430,0.200,0.000,0.000,1.0
2008-08-12,06:45:00,0.082,0.000,241.480,0.200,0.000,0.000,1.0
2008-08-12,06:46:00,0.080,0.000,241.220,0.200,0.000,0.000,0.0
2008-08-12,06:47:00,0.080,0.000,240.730,0.200,0.000,0.000,1.0
2008-08-12,06:48:00,0.080,0.000,240.770,0.200,0.000,0.000,1.0
2008-08-12,06:49:00,0.142,0.080,240.560,0.800,0.000,0.000,0.0
2008-08-12,06:50:00,0.172,0.140,240.450,0.800,0.000,1.000,1.0
2008-08-12,06:51:00,0.172,0.140,240.730,0.800,0.000,2.000,0.0
2008-08-12,06:52:00,0.170,0.140,240.630,0.800,0.000,1.000,1.0
2008-08-12,06:53:00,0.170,0.140,240.510,0.800,0.000,2.000,1.0
2008-08-12,06:54:00,0.170,0.140,240.700,0.800,0.000,1.000,0.0
2008-08-12,06:55:00,0.170,0.140,241.190,0.800,0.000,2.000,1.0
2008-08-12,06:56:00,0.168,0.142,241.290,0.800,0.000,1.000,1.0
2008-08-12,06:57:00,0.168,0.140,241.230,0.800,0.000,1.000,0.0
2008-08-12,06:58:00,0.168,0.140,240.990,0.800,0.000,2.000,1.0
2008-08-12,06:59:00,0.166,0.140,240.860,0.800,0.000,1.000,1.0
2008-08-12,07:00:00,0.166,0.140,240.810,0.800,0.000,2.000,0.0
2008-08-12,07:01:00,0.204,0.172,240.520,1.200,0.000,1.000,1.0
2008-08-12,07:02:00,0.434,0.236,240.100,2.000,0.000,1.000,1.0
2008-08-12,07:03:00,0.430,0.238,240.200,2.000,0.000,2.000,0.0
2008-08-12,07:04:00,0.234,0.242,240.450,1.400,0.000,1.000,1.0
2008-08-12,07:05:00,0.232,0.240,239.760,1.400,0.000,1.000,1.0
2008-08-12,07:06:00,0.230,0.240,239.780,1.200,0.000,2.000,0.0
2008-08-12,07:07:00,0.228,0.240,240.130,1.200,0.000,1.000,1.0
2008-08-12,07:08:00,0.226,0.242,240.480,1.200,0.000,1.000,1.0
2008-08-12,07:09:00,0.226,0.242,240.490,1.200,0.000,1.000,0.0
2008-08-12,07:10:00,0.224,0.242,240.280,1.200,0.000,2.000,1.0
2008-08-12,07:11:00,0.124,0.086,240.390,0.600,0.000,0.000,1.0
2008-08-12,07:12:00,0.166,0.108,240.320,1.000,0.000,0.000,0.0
2008-08-12,07:13:00,0.190,0.150,240.400,1.000,0.000,0.000,1.0
2008-08-12,07:14:00,0.186,0.150,240.510,1.000,0.000,0.000,1.0
2008-08-12,07:15:00,0.184,0.152,240.810,1.000,0.000,0.000,0.0
2008-08-12,07:16:00,0.184,0.152,240.800,1.000,0.000,0.000,1.0
2008-08-12,07:17:00,0.182,0.152,241.130,1.000,0.000,0.000,1.0
2008-08-12,07:18:00,0.180,0.152,240.820,0.800,0.000,0.000,0.0
2008-08-12,07:19:00,0.180,0.152,240.670,0.800,0.000,0.000,1.0
2008-08-12,07:20:00,0.178,0.150,240.480,0.800,0.000,0.000,0.0
2008-08-12,07:21:00,0.178,0.152,240.620,0.800,0.000,0.000,1.0
2008-08-12,07:22:00,0.176,0.150,240.230,0.800,0.000,0.000,1.0
2008-08-12,07:23:00,0.176,0.150,239.880,0.800,0.000,0.000,0.0
2008-08-12,07:24:00,0.176,0.150,239.920,0.800,0.000,0.000,1.0
2008-08-12,07:25:00,0.174,0.150,239.920,0.800,0.000,0.000,1.0
2008-08-12,07:26:00,0.174,0.150,239.860,0.800,0.000,0.000,0.0
2008-08-12,07:27:00,0.174,0.150,239.600,0.800,0.000,0.000,1.0
2008-08-12,07:28:00,0.174,0.148,239.590,0.800,0.000,0.000,1.0
2008-08-12,07:29:00,0.174,0.150,239.690,0.800,0.000,0.000,0.0
2008-08-12,07:30:00,0.174,0.150,240.160,0.800,0.000,0.000,1.0
2008-08-12,07:31:00,0.174,0.150,240.240,0.800,0.000,0.000,1.0
2008-08-12,07:32:00,0.172,0.148,239.970,0.800,0.000,0.000,0.0
2008-08-12,07:33:00,0.080,0.000,240.020,0.200,0.000,0.000,1.0
2008-08-12,07:34:00,0.080,0.000,239.760,0.200,0.000,0.000,1.0
2008-08-12,07:35:00,0.080,0.000,239.640,0.200,0.000,0.000,0.0
2008-08-12,07:36:00,0.080,0.000,239.370,0.200,0.000,0.000,1.0
2008-08-12,07:37:00,0.080,0.000,239.430,0.200,0.000,0.000,1.0
2008-08-12,07:38:00,0.558,0.098,238.940,2.600,0.000,0.000,8.0
2008-08-12,07:39:00,0.720,0.118,238.600,3.000,0.000,0.000,11.0
2008-08-12,07:40:00,0.832,0.204,238.370,3.600,0.000,0.000,12.0
2008-08-12,07:41:00,0.842,0.218,238.220,3.600,0.000,0.000,12.0
2008-08-12,07:42:00,0.850,0.218,238.360,3.600,0.000,0.000,12.0
2008-08-12,07:43:00,0.270,0.136,238.980,1.600,0.000,0.000,3.0
2008-08-12,07:44:00,0.156,0.122,239.640,0.800,0.000,0.000,1.0
2008-08-12,07:45:00,0.154,0.122,239.760,0.800,0.000,0.000,1.0
2008-08-12,07:46:00,0.152,0.122,239.800,0.800,0.000,0.000,0.0
2008-08-12,07:47:00,0.152,0.122,239.680,0.800,0.000,0.000,1.0
2008-08-12,07:48:00,0.150,0.120,239.230,0.800,0.000,0.000,1.0
2008-08-12,07:49:00,0.150,0.120,239.160,0.800,0.000,0.000,0.0
2008-08-12,07:50:00,0.088,0.000,239.320,0.400,0.000,0.000,1.0
2008-08-12,07:51:00,0.080,0.000,239.210,0.200,0.000,0.000,0.0
2008-08-12,07:52:00,0.080,0.000,239.140,0.200,0.000,0.000,1.0
2008-08-12,07:53:00,0.078,0.000,238.550,0.200,0.000,0.000,1.0
2008-08-12,07:54:00,0.078,0.000,238.740,0.200,0.000,0.000,0.0
2008-08-12,07:55:00,0.078,0.000,238.730,0.200,0.000,0.000,1.0
2008-08-12,07:56:00,0.080,0.000,238.780,0.200,0.000,0.000,1.0
2008-08-12,07:57:00,0.078,0.000,238.510,0.200,0.000,0.000,0.0
2008-08-12,07:58:00,0.078,0.000,238.730,0.200,0.000,0.000,1.0
2008-08-12,07:59:00,0.080,0.000,239.140,0.200,0.000,0.000,1.0
2008-08-12,08:00:00,0.080,0.000,239.100,0.200,0.000,0.000,0.0
2008-08-12,08:01:00,0.098,0.000,238.760,0.600,0.000,0.000,1.0
2008-08-12,08:02:00,0.190,0.146,238.760,1.000,0.000,0.000,1.0
2008-08-12,08:03:00,0.186,0.146,238.570,1.000,0.000,0.000,0.0
2008-08-12,08:04:00,0.184,0.146,238.570,0.800,0.000,0.000,1.0
2008-08-12,08:05:00,0.182,0.146,238.710,0.800,0.000,0.000,1.0
2008-08-12,08:06:00,0.180,0.146,238.380,0.800,0.000,0.000,0.0
2008-08-12,08:07:00,0.180,0.146,238.200,0.800,0.000,0.000,1.0
2008-08-12,08:08:00,0.178,0.146,238.190,0.800,0.000,0.000,0.0
2008-08-12,08:09:00,0.176,0.144,237.820,0.800,0.000,0.000,1.0
2008-08-12,08:10:00,0.176,0.144,237.990,0.800,0.000,0.000,1.0
2008-08-12,08:11:00,0.174,0.144,237.750,0.800,0.000,0.000,0.0
2008-08-12,08:12:00,0.174,0.144,237.580,0.800,0.000,0.000,1.0
2008-08-12,08:13:00,0.174,0.144,237.830,0.800,0.000,0.000,1.0
2008-08-12,08:14:00,0.174,0.144,237.810,0.800,0.000,0.000,0.0
2008-08-12,08:15:00,0.172,0.144,237.940,0.800,0.000,0.000,1.0
2008-08-12,08:16:00,0.172,0.146,238.120,0.800,0.000,0.000,1.0
2008-08-12,08:17:00,0.202,0.166,238.040,1.200,0.000,0.000,0.0
2008-08-12,08:18:00,0.286,0.278,238.130,1.800,0.000,1.000,1.0
2008-08-12,08:19:00,0.336,0.364,237.780,2.000,0.000,1.000,0.0
2008-08-12,08:20:00,0.334,0.366,238.240,2.000,0.000,2.000,1.0
2008-08-12,08:21:00,0.334,0.370,239.200,2.000,0.000,1.000,1.0
2008-08-12,08:22:00,0.278,0.292,239.040,1.600,0.000,2.000,0.0
2008-08-12,08:23:00,0.240,0.238,239.100,1.400,0.000,1.000,1.0
2008-08-12,08:24:00,0.238,0.238,239.170,1.400,0.000,1.000,1.0
2008-08-12,08:25:00,0.236,0.238,238.750,1.400,0.000,2.000,0.0
2008-08-12,08:26:00,0.234,0.236,238.530,1.400,0.000,1.000,1.0
2008-08-12,08:27:00,0.232,0.236,238.630,1.400,0.000,2.000,1.0
2008-08-12,08:28:00,0.230,0.236,238.480,1.200,0.000,1.000,0.0
2008-08-12,08:29:00,0.172,0.152,239.250,0.800,0.000,1.000,1.0
2008-08-12,08:30:00,0.162,0.140,240.100,0.800,0.000,2.000,1.0
2008-08-12,08:31:00,0.162,0.140,240.270,0.800,0.000,1.000,0.0
2008-08-12,08:32:00,0.160,0.138,239.940,0.800,0.000,1.000,1.0
2008-08-12,08:33:00,0.160,0.140,240.220,0.800,0.000,2.000,1.0
2008-08-12,08:34:00,0.160,0.140,240.570,0.800,0.000,1.000,0.0
2008-08-12,08:35:00,0.160,0.140,240.610,0.800,0.000,1.000,1.0
2008-08-12,08:36:00,0.158,0.140,240.480,0.800,0.000,2.000,1.0
2008-08-12,08:37:00,0.158,0.140,240.390,0.800,0.000,1.000,0.0
2008-08-12,08:38:00,0.158,0.140,240.350,0.800,0.000,1.000,1.0
2008-08-12,08:39:00,0.116,0.076,241.290,0.600,0.000,1.000,0.0
2008-08-12,08:40:00,0.080,0.000,241.260,0.200,0.000,0.000,1.0
2008-08-12,08:41:00,0.082,0.000,241.570,0.200,0.000,0.000,1.0
2008-08-12,08:42:00,0.082,0.000,241.500,0.200,0.000,0.000,0.0
2008-08-12,08:43:00,0.082,0.000,241.440,0.200,0.000,0.000,1.0
2008-08-12,08:44:00,0.082,0.000,241.570,0.200,0.000,0.000,1.0
2008-08-12,08:45:00,0.082,0.000,241.510,0.200,0.000,0.000,0.0
2008-08-12,08:46:00,0.080,0.000,241.520,0.200,0.000,0.000,1.0
2008-08-12,08:47:00,0.082,0.000,241.500,0.200,0.000,0.000,1.0
2008-08-12,08:48:00,0.080,0.000,241.170,0.200,0.000,0.000,0.0
2008-08-12,08:49:00,0.080,0.000,241.170,0.200,0.000,0.000,1.0
2008-08-12,08:50:00,0.080,0.000,241.310,0.200,0.000,0.000,1.0
2008-08-12,08:51:00,0.182,0.126,240.560,1.000,0.000,0.000,0.0
2008-08-12,08:52:00,0.190,0.150,240.580,1.000,0.000,0.000,1.0
2008-08-12,08:53:00,0.188,0.152,241.360,1.000,0.000,0.000,1.0
2008-08-12,08:54:00,0.186,0.154,242.010,1.000,0.000,0.000,0.0
2008-08-12,08:55:00,0.184,0.154,242.070,1.000,0.000,0.000,1.0
2008-08-12,08:56:00,0.184,0.154,242.070,1.000,0.000,0.000,1.0
2008-08-12,08:57:00,0.182,0.154,242.060,1.000,0.000,0.000,0.0
2008-08-12,08:58:00,0.268,0.250,241.530,1.600,0.000,0.000,1.0
2008-08-12,08:59:00,0.254,0.256,241.050,1.400,0.000,0.000,1.0
2008-08-12,09:00:00,0.254,0.254,240.930,1.400,0.000,0.000,0.0
2008-08-12,09:01:00,0.412,0.284,240.440,2.400,0.000,0.000,3.0
2008-08-12,09:02:00,0.884,0.368,240.540,4.000,0.000,0.000,11.0
2008-08-12,09:03:00,0.906,0.364,240.120,4.000,0.000,0.000,12.0
2008-08-12,09:04:00,0.934,0.364,240.180,4.200,0.000,0.000,12.0
2008-08-12,09:05:00,0.940,0.362,240.160,4.200,0.000,0.000,12.0
2008-08-12,09:06:00,0.542,0.300,240.440,2.800,0.000,0.000,7.0
2008-08-12,09:07:00,0.244,0.256,240.720,1.400,0.000,0.000,0.0
2008-08-12,09:08:00,0.198,0.186,240.930,1.000,0.000,0.000,1.0
2008-08-12,09:09:00,0.174,0.154,241.380,0.800,0.000,0.000,1.0
2008-08-12,09:10:00,0.174,0.154,241.170,0.800,0.000,0.000,0.0
2008-08-12,09:11:00,0.130,0.090,241.260,0.600,0.000,0.000,1.0
2008-08-12,09:12:00,0.080,0.000,241.330,0.200,0.000,0.000,1.0
2008-08-12,09:13:00,0.080,0.000,241.050,0.200,0.000,0.000,0.0
2008-08-12,09:14:00,0.080,0.000,240.550,0.200,0.000,0.000,1.0
2008-08-12,09:15:00,0.080,0.000,240.640,0.200,0.000,0.000,1.0
2008-08-12,09:16:00,0.080,0.000,240.260,0.200,0.000,0.000,0.0
2008-08-12,09:17:00,0.080,0.000,240.500,0.200,0.000,0.000,1.0
2008-08-12,09:18:00,0.080,0.000,240.310,0.200,0.000,0.000,0.0
2008-08-12,09:19:00,0.080,0.000,240.110,0.200,0.000,0.000,1.0
2008-08-12,09:20:00,0.080,0.000,240.000,0.200,0.000,0.000,1.0
2008-08-12,09:21:00,0.080,0.000,239.920,0.200,0.000,0.000,0.0
2008-08-12,09:22:00,0.080,0.000,239.880,0.200,0.000,0.000,1.0
2008-08-12,09:23:00,0.080,0.000,239.920,0.200,0.000,0.000,1.0
2008-08-12,09:24:00,0.080,0.000,239.690,0.200,0.000,0.000,0.0
2008-08-12,09:25:00,0.080,0.000,239.990,0.200,0.000,0.000,1.0
2008-08-12,09:26:00,0.080,0.000,240.300,0.200,0.000,0.000,1.0
2008-08-12,09:27:00,0.080,0.000,239.970,0.200,0.000,0.000,0.0
2008-08-12,09:28:00,0.080,0.000,239.890,0.200,0.000,0.000,1.0
2008-08-12,09:29:00,0.080,0.000,239.130,0.200,0.000,0.000,1.0
2008-08-12,09:30:00,0.080,0.000,239.360,0.200,0.000,0.000,0.0
2008-08-12,09:31:00,0.080,0.000,239.130,0.200,0.000,0.000,1.0
2008-08-12,09:32:00,0.080,0.000,239.220,0.200,0.000,0.000,1.0
2008-08-12,09:33:00,0.080,0.000,239.330,0.200,0.000,0.000,0.0
2008-08-12,09:34:00,0.080,0.000,239.490,0.200,0.000,0.000,1.0
2008-08-12,09:35:00,0.080,0.000,239.660,0.200,0.000,0.000,1.0
2008-08-12,09:36:00,0.100,0.000,239.580,0.600,0.000,0.000,0.0
2008-08-12,09:37:00,0.158,0.120,239.350,0.800,0.000,0.000,1.0
2008-08-12,09:38:00,0.156,0.120,239.450,0.800,0.000,0.000,0.0
2008-08-12,09:39:00,0.156,0.120,239.480,0.800,0.000,0.000,1.0
2008-08-12,09:40:00,0.246,0.214,239.440,1.400,0.000,0.000,1.0
2008-08-12,09:41:00,0.264,0.250,239.850,1.400,0.000,0.000,0.0
2008-08-12,09:42:00,0.256,0.252,239.900,1.400,0.000,0.000,1.0
2008-08-12,09:43:00,0.254,0.250,239.480,1.400,0.000,0.000,1.0
2008-08-12,09:44:00,0.252,0.250,239.410,1.400,0.000,0.000,0.0
2008-08-12,09:45:00,0.250,0.250,239.590,1.400,0.000,0.000,1.0
2008-08-12,09:46:00,0.324,0.332,239.000,2.000,0.000,0.000,1.0
2008-08-12,09:47:00,0.266,0.266,238.690,1.400,0.000,1.000,0.0
2008-08-12,09:48:00,0.264,0.268,239.000,1.400,0.000,2.000,1.0
2008-08-12,09:49:00,0.264,0.268,239.330,1.400,0.000,1.000,1.0
2008-08-12,09:50:00,0.264,0.268,239.130,1.400,0.000,2.000,0.0
2008-08-12,09:51:00,0.260,0.266,238.840,1.400,0.000,1.000,1.0
2008-08-12,09:52:00,0.260,0.266,238.610,1.400,0.000,2.000,1.0
2008-08-12,09:53:00,0.260,0.266,238.720,1.400,0.000,1.000,0.0
2008-08-12,09:54:00,0.258,0.266,238.750,1.400,0.000,2.000,1.0
2008-08-12,09:55:00,0.258,0.266,238.820,1.400,0.000,1.000,0.0
2008-08-12,09:56:00,0.254,0.264,238.460,1.400,0.000,1.000,1.0
2008-08-12,09:57:00,0.254,0.266,238.850,1.400,0.000,2.000,1.0
2008-08-12,09:58:00,0.252,0.266,238.690,1.400,0.000,1.000,0.0
2008-08-12,09:59:00,0.250,0.264,238.170,1.400,0.000,1.000,1.0
2008-08-12,10:00:00,0.218,0.220,237.680,1.200,0.000,2.000,1.0
2008-08-12,10:01:00,0.158,0.134,237.740,0.800,0.000,1.000,0.0
2008-08-12,10:02:00,0.158,0.134,237.750,0.800,0.000,1.000,1.0
2008-08-12,10:03:00,0.158,0.134,237.740,0.800,0.000,2.000,1.0
2008-08-12,10:04:00,0.156,0.132,237.590,0.800,0.000,1.000,0.0
2008-08-12,10:05:00,0.156,0.132,237.350,0.800,0.000,1.000,1.0
2008-08-12,10:06:00,0.154,0.132,237.180,0.800,0.000,1.000,1.0
2008-08-12,10:07:00,0.126,0.090,237.320,0.600,0.000,1.000,0.0
2008-08-12,10:08:00,0.078,0.000,237.520,0.200,0.000,0.000,1.0
2008-08-12,10:09:00,0.078,0.000,237.550,0.200,0.000,0.000,0.0
2008-08-12,10:10:00,0.078,0.000,237.440,0.200,0.000,0.000,1.0
2008-08-12,10:11:00,0.078,0.000,237.570,0.200,0.000,0.000,1.0
2008-08-12,10:12:00,0.078,0.000,237.420,0.200,0.000,0.000,0.0
2008-08-12,10:13:00,0.078,0.000,237.130,0.200,0.000,0.000,1.0
2008-08-12,10:14:00,0.078,0.000,237.480,0.200,0.000,0.000,1.0
2008-08-12,10:15:00,0.144,0.080,237.940,0.800,0.000,0.000,0.0
2008-08-12,10:16:00,0.156,0.116,237.630,0.800,0.000,0.000,1.0
2008-08-12,10:17:00,0.156,0.116,237.500,0.800,0.000,0.000,1.0
2008-08-12,10:18:00,0.156,0.116,237.620,0.800,0.000,0.000,0.0
2008-08-12,10:19:00,0.154,0.116,237.660,0.800,0.000,0.000,1.0
2008-08-12,10:20:00,0.152,0.116,237.930,0.800,0.000,0.000,0.0
2008-08-12,10:21:00,0.150,0.118,237.920,0.800,0.000,0.000,1.0
2008-08-12,10:22:00,0.150,0.118,238.070,0.800,0.000,0.000,1.0
2008-08-12,10:23:00,0.150,0.118,238.730,0.800,0.000,0.000,0.0
2008-08-12,10:24:00,0.150,0.118,238.510,0.800,0.000,0.000,1.0
2008-08-12,10:25:00,0.704,0.126,238.080,3.000,0.000,0.000,10.0
2008-08-12,10:26:00,0.724,0.116,238.260,3.000,0.000,0.000,12.0
2008-08-12,10:27:00,0.758,0.116,238.160,3.200,0.000,0.000,12.0
2008-08-12,10:28:00,0.808,0.146,238.010,3.400,0.000,0.000,12.0
2008-08-12,10:29:00,0.476,0.188,238.480,2.600,0.000,0.000,6.0
2008-08-12,10:30:00,0.186,0.146,238.900,1.000,0.000,0.000,1.0
2008-08-12,10:31:00,0.184,0.148,238.910,1.000,0.000,0.000,0.0
2008-08-12,10:32:00,0.182,0.146,238.620,0.800,0.000,0.000,1.0
2008-08-12,10:33:00,0.180,0.146,238.600,0.800,0.000,0.000,1.0
2008-08-12,10:34:00,0.180,0.146,238.580,0.800,0.000,0.000,0.0
2008-08-12,10:35:00,0.178,0.146,238.530,0.800,0.000,0.000,1.0
2008-08-12,10:36:00,0.176,0.146,238.340,0.800,0.000,0.000,0.0
2008-08-12,10:37:00,0.176,0.146,238.130,0.800,0.000,0.000,1.0
2008-08-12,10:38:00,0.174,0.146,238.370,0.800,0.000,0.000,1.0
2008-08-12,10:39:00,0.174,0.146,238.460,0.800,0.000,0.000,0.0
2008-08-12,10:40:00,0.174,0.146,238.360,0.800,0.000,0.000,1.0
2008-08-12,10:41:00,0.174,0.146,238.470,0.800,0.000,0.000,1.0
2008-08-12,10:42:00,0.174,0.146,238.440,0.800,0.000,0.000,0.0
2008-08-12,10:43:00,0.174,0.148,238.910,0.800,0.000,0.000,1.0
2008-08-12,10:44:00,0.174,0.148,239.250,0.800,0.000,0.000,1.0
2008-08-12,10:45:00,0.172,0.146,238.680,0.800,0.000,0.000,0.0
2008-08-12,10:46:00,0.172,0.146,238.400,0.800,0.000,0.000,1.0
2008-08-12,10:47:00,0.172,0.146,238.740,0.800,0.000,0.000,1.0
2008-08-12,10:48:00,0.142,0.106,237.870,0.800,0.000,0.000,0.0
2008-08-12,10:49:00,0.078,0.000,237.840,0.200,0.000,0.000,1.0
2008-08-12,10:50:00,0.078,0.000,238.100,0.200,0.000,0.000,0.0
2008-08-12,10:51:00,0.078,0.000,238.090,0.200,0.000,0.000,1.0
2008-08-12,10:52:00,0.078,0.000,238.200,0.200,0.000,0.000,1.0
2008-08-12,10:53:00,0.078,0.000,238.070,0.200,0.000,0.000,0.0
2008-08-12,10:54:00,0.158,0.098,237.910,1.000,0.000,0.000,1.0
2008-08-12,10:55:00,0.156,0.118,238.200,0.800,0.000,0.000,1.0
2008-08-12,10:56:00,0.156,0.118,238.310,0.800,0.000,0.000,0.0
2008-08-12,10:57:00,0.154,0.116,237.560,0.800,0.000,0.000,1.0
2008-08-12,10:58:00,0.154,0.116,237.710,0.800,0.000,0.000,1.0
2008-08-12,10:59:00,0.152,0.116,237.470,0.800,0.000,0.000,0.0
2008-08-12,11:00:00,0.150,0.116,237.300,0.800,0.000,0.000,1.0
2008-08-12,11:01:00,0.150,0.116,237.170,0.800,0.000,0.000,1.0
2008-08-12,11:02:00,0.150,0.120,239.190,0.800,0.000,0.000,0.0
2008-08-12,11:03:00,0.150,0.120,239.330,0.800,0.000,0.000,1.0
2008-08-12,11:04:00,0.082,0.000,239.930,0.400,0.000,0.000,0.0
2008-08-12,11:05:00,0.080,0.000,239.660,0.200,0.000,0.000,1.0
2008-08-12,11:06:00,0.078,0.000,239.290,0.200,0.000,0.000,1.0
2008-08-12,11:07:00,0.080,0.000,239.600,0.200,0.000,0.000,0.0
2008-08-12,11:08:00,0.080,0.000,239.640,0.200,0.000,0.000,1.0
2008-08-12,11:09:00,0.080,0.000,239.500,0.200,0.000,0.000,1.0
2008-08-12,11:10:00,0.080,0.000,239.640,0.200,0.000,0.000,0.0
2008-08-12,11:11:00,0.080,0.000,239.880,0.200,0.000,0.000,1.0
2008-08-12,11:12:00,0.080,0.000,240.300,0.200,0.000,0.000,1.0
2008-08-12,11:13:00,0.080,0.000,240.900,0.200,0.000,0.000,0.0
2008-08-12,11:14:00,0.156,0.098,240.730,1.000,0.000,0.000,1.0
2008-08-12,11:15:00,0.172,0.140,240.840,0.800,0.000,2.000,1.0
2008-08-12,11:16:00,0.170,0.140,240.570,0.800,0.000,1.000,0.0
2008-08-12,11:17:00,0.242,0.214,240.530,1.400,0.000,2.000,1.0
2008-08-12,11:18:00,0.278,0.272,240.480,1.600,0.000,1.000,1.0
2008-08-12,11:19:00,0.274,0.272,240.250,1.600,0.000,2.000,0.0
2008-08-12,11:20:00,0.272,0.272,240.390,1.600,0.000,1.000,1.0
2008-08-12,11:21:00,0.268,0.270,239.990,1.400,0.000,2.000,1.0
2008-08-12,11:22:00,0.266,0.270,240.080,1.400,0.000,1.000,0.0
2008-08-12,11:23:00,0.264,0.270,239.890,1.400,0.000,1.000,1.0
2008-08-12,11:24:00,0.262,0.270,239.720,1.400,0.000,2.000,1.0
2008-08-12,11:25:00,0.260,0.272,240.360,1.400,0.000,1.000,0.0
2008-08-12,11:26:00,0.258,0.272,240.440,1.400,0.000,2.000,1.0
2008-08-12,11:27:00,0.256,0.270,239.670,1.400,0.000,1.000,0.0
2008-08-12,11:28:00,0.254,0.268,239.650,1.400,0.000,1.000,1.0
2008-08-12,11:29:00,0.252,0.270,239.960,1.400,0.000,1.000,1.0
2008-08-12,11:30:00,0.252,0.272,240.210,1.400,0.000,2.000,0.0
2008-08-12,11:31:00,0.252,0.270,240.130,1.400,0.000,1.000,1.0
2008-08-12,11:32:00,0.286,0.296,239.610,1.800,0.000,1.000,1.0
2008-08-12,11:33:00,0.326,0.372,239.830,2.000,0.000,2.000,0.0
2008-08-12,11:34:00,0.322,0.370,239.460,2.000,0.000,1.000,1.0
2008-08-12,11:35:00,0.320,0.370,239.660,2.000,0.000,1.000,1.0
2008-08-12,11:36:00,0.246,0.252,239.720,1.400,0.000,0.000,0.0
2008-08-12,11:37:00,0.224,0.220,239.980,1.200,0.000,0.000,1.0
2008-08-12,11:38:00,0.154,0.122,240.160,0.800,0.000,0.000,1.0
2008-08-12,11:39:00,0.152,0.120,239.810,0.800,0.000,0.000,0.0
2008-08-12,11:40:00,0.152,0.120,239.780,0.800,0.000,0.000,1.0
2008-08-12,11:41:00,0.150,0.120,239.780,0.800,0.000,0.000,1.0
2008-08-12,11:42:00,0.146,0.114,239.660,0.600,0.000,0.000,0.0
2008-08-12,11:43:00,0.080,0.000,240.120,0.200,0.000,0.000,1.0
2008-08-12,11:44:00,0.080,0.000,240.420,0.200,0.000,0.000,1.0
2008-08-12,11:45:00,0.080,0.000,239.880,0.200,0.000,0.000,0.0
2008-08-12,11:46:00,0.412,0.074,239.120,2.200,0.000,0.000,6.0
2008-08-12,11:47:00,0.714,0.118,238.490,3.000,0.000,0.000,11.0
2008-08-12,11:48:00,0.746,0.120,238.800,3.000,0.000,0.000,12.0
2008-08-12,11:49:00,0.768,0.118,238.660,3.200,0.000,0.000,12.0
2008-08-12,11:50:00,0.774,0.116,238.290,3.200,0.000,0.000,12.0
2008-08-12,11:51:00,0.224,0.000,238.910,1.400,0.000,0.000,4.0
2008-08-12,11:52:00,0.080,0.000,239.150,0.200,0.000,0.000,0.0
2008-08-12,11:53:00,0.080,0.000,239.360,0.200,0.000,0.000,1.0
2008-08-12,11:54:00,0.080,0.000,239.240,0.200,0.000,0.000,1.0
2008-08-12,11:55:00,0.080,0.000,238.850,0.200,0.000,0.000,0.0
2008-08-12,11:56:00,0.080,0.000,239.490,0.200,0.000,0.000,1.0
2008-08-12,11:57:00,0.080,0.000,239.840,0.200,0.000,0.000,1.0
2008-08-12,11:58:00,0.080,0.000,239.820,0.200,0.000,0.000,0.0
2008-08-12,11:59:00,0.080,0.000,239.690,0.200,0.000,0.000,1.0
2008-08-12,12:00:00,0.080,0.000,239.770,0.200,0.000,0.000,1.0
2008-08-12,12:01:00,0.080,0.000,240.390,0.200,0.000,0.000,0.0
2008-08-12,12:02:00,0.080,0.000,240.750,0.200,0.000,0.000,1.0
2008-08-12,12:03:00,0.080,0.000,240.240,0.200,0.000,0.000,1.0
2008-08-12,12:04:00,0.080,0.000,239.830,0.200,0.000,0.000,0.0
2008-08-12,12:05:00,0.080,0.000,240.080,0.200,0.000,0.000,1.0
2008-08-12,12:06:00,0.142,0.078,239.790,0.800,0.000,0.000,1.0
2008-08-12,12:07:00,0.190,0.148,239.620,1.000,0.000,0.000,0.0
2008-08-12,12:08:00,0.186,0.148,239.640,1.000,0.000,0.000,1.0
2008-08-12,12:09:00,0.184,0.148,238.970,0.800,0.000,0.000,0.0
2008-08-12,12:10:00,0.182,0.148,239.070,0.800,0.000,0.000,1.0
2008-08-12,12:11:00,0.256,0.228,238.750,1.400,0.000,0.000,1.0
2008-08-12,12:12:00,0.254,0.248,238.860,1.400,0.000,0.000,0.0
2008-08-12,12:13:00,0.252,0.248,238.710,1.400,0.000,0.000,1.0
2008-08-12,12:14:00,0.252,0.248,238.800,1.400,0.000,0.000,1.0
2008-08-12,12:15:00,0.248,0.248,238.900,1.400,0.000,0.000,0.0
2008-08-12,12:16:00,0.246,0.248,238.810,1.400,0.000,0.000,1.0
2008-08-12,12:17:00,0.244,0.248,238.880,1.400,0.000,0.000,1.0
2008-08-12,12:18:00,0.244,0.248,238.990,1.400,0.000,0.000,0.0
2008-08-12,12:19:00,0.244,0.250,239.310,1.400,0.000,0.000,1.0
2008-08-12,12:20:00,0.242,0.250,239.260,1.400,0.000,0.000,1.0
2008-08-12,12:21:00,0.196,0.182,239.100,1.000,0.000,0.000,0.0
2008-08-12,12:22:00,0.174,0.150,239.940,0.800,0.000,0.000,1.0
2008-08-12,12:23:00,0.174,0.150,240.330,0.800,0.000,0.000,1.0
2008-08-12,12:24:00,0.174,0.152,240.580,0.800,0.000,0.000,0.0
2008-08-12,12:25:00,0.172,0.150,239.920,0.800,0.000,0.000,1.0
2008-08-12,12:26:00,0.172,0.150,240.060,0.800,0.000,0.000,1.0
2008-08-12,12:27:00,0.080,0.000,240.450,0.200,0.000,0.000,0.0
2008-08-12,12:28:00,0.080,0.000,240.590,0.200,0.000,0.000,1.0
2008-08-12,12:29:00,0.080,0.000,240.660,0.200,0.000,0.000,0.0
2008-08-12,12:30:00,0.080,0.000,240.590,0.200,0.000,0.000,1.0
2008-08-12,12:31:00,0.080,0.000,240.700,0.200,0.000,0.000,1.0
2008-08-12,12:32:00,0.080,0.000,240.140,0.200,0.000,0.000,0.0
2008-08-12,12:33:00,0.080,0.000,239.970,0.200,0.000,0.000,1.0
2008-08-12,12:34:00,0.080,0.000,240.290,0.200,0.000,0.000,1.0
2008-08-12,12:35:00,0.080,0.000,240.440,0.200,0.000,0.000,0.0
2008-08-12,12:36:00,0.080,0.000,240.360,0.200,0.000,0.000,1.0
2008-08-12,12:37:00,0.080,0.000,240.160,0.200,0.000,0.000,1.0
2008-08-12,12:38:00,0.080,0.000,240.250,0.200,0.000,0.000,0.0
2008-08-12,12:39:00,0.080,0.000,240.220,0.200,0.000,0.000,1.0
2008-08-12,12:40:00,0.080,0.000,239.950,0.200,0.000,0.000,1.0
2008-08-12,12:41:00,0.080,0.000,240.060,0.200,0.000,0.000,0.0
2008-08-12,12:42:00,0.116,0.000,240.130,0.800,0.000,0.000,1.0
2008-08-12,12:43:00,0.172,0.138,239.970,0.800,0.000,1.000,1.0
2008-08-12,12:44:00,0.170,0.138,240.150,0.800,0.000,1.000,0.0
2008-08-12,12:45:00,0.170,0.138,239.810,0.800,0.000,2.000,1.0
2008-08-12,12:46:00,0.170,0.138,239.480,0.800,0.000,1.000,1.0
2008-08-12,12:47:00,0.170,0.138,239.720,0.800,0.000,2.000,0.0
2008-08-12,12:48:00,0.168,0.138,240.090,0.800,0.000,1.000,1.0
2008-08-12,12:49:00,0.210,0.174,240.010,1.200,0.000,2.000,1.0
2008-08-12,12:50:00,0.242,0.242,240.220,1.400,0.000,1.000,0.0
2008-08-12,12:51:00,0.242,0.242,240.180,1.400,0.000,2.000,1.0
2008-08-12,12:52:00,0.240,0.242,240.170,1.400,0.000,1.000,0.0
2008-08-12,12:53:00,0.238,0.244,240.780,1.400,0.000,1.000,1.0
2008-08-12,12:54:00,0.236,0.244,240.930,1.400,0.000,2.000,1.0
2008-08-12,12:55:00,0.318,0.332,240.620,2.000,0.000,1.000,0.0
2008-08-12,12:56:00,0.340,0.376,240.530,2.000,0.000,1.000,1.0
2008-08-12,12:57:00,0.334,0.378,240.920,2.000,0.000,2.000,1.0
2008-08-12,12:58:00,0.332,0.378,241.290,2.000,0.000,1.000,0.0
2008-08-12,12:59:00,0.284,0.310,241.040,1.600,0.000,1.000,1.0
2008-08-12,13:00:00,0.258,0.274,241.090,1.400,0.000,2.000,1.0
2008-08-12,13:01:00,0.256,0.274,241.110,1.400,0.000,1.000,0.0
2008-08-12,13:02:00,0.256,0.274,241.060,1.400,0.000,1.000,1.0
2008-08-12,13:03:00,0.254,0.274,240.960,1.400,0.000,1.000,1.0
2008-08-12,13:04:00,0.200,0.190,241.100,1.000,0.000,1.000,0.0
2008-08-12,13:05:00,0.178,0.152,241.180,0.800,0.000,0.000,1.0
2008-08-12,13:06:00,0.176,0.152,241.060,0.800,0.000,0.000,1.0
2008-08-12,13:07:00,0.176,0.154,241.300,0.800,0.000,0.000,0.0
2008-08-12,13:08:00,0.176,0.154,241.530,0.800,0.000,0.000,1.0
2008-08-12,13:09:00,0.176,0.154,241.510,0.800,0.000,0.000,1.0
2008-08-12,13:10:00,0.176,0.152,241.080,0.800,0.000,0.000,0.0
2008-08-12,13:11:00,0.660,0.238,240.080,3.200,0.000,0.000,9.0
2008-08-12,13:12:00,0.816,0.258,239.780,3.600,0.000,0.000,11.0
2008-08-12,13:13:00,0.848,0.256,239.600,3.600,0.000,0.000,12.0
2008-08-12,13:14:00,0.866,0.256,239.650,3.800,0.000,0.000,12.0
2008-08-12,13:15:00,0.836,0.206,239.580,3.600,0.000,0.000,12.0
2008-08-12,13:16:00,0.112,0.000,240.470,0.600,0.000,0.000,2.0
2008-08-12,13:17:00,0.080,0.000,240.390,0.200,0.000,0.000,1.0
2008-08-12,13:18:00,0.080,0.000,240.480,0.200,0.000,0.000,0.0
2008-08-12,13:19:00,0.080,0.000,240.400,0.200,0.000,0.000,1.0
2008-08-12,13:20:00,0.080,0.000,239.990,0.200,0.000,0.000,1.0
2008-08-12,13:21:00,0.080,0.000,239.720,0.200,0.000,0.000,0.0
2008-08-12,13:22:00,0.080,0.000,239.940,0.200,0.000,0.000,1.0
2008-08-12,13:23:00,0.080,0.000,240.060,0.200,0.000,0.000,1.0
2008-08-12,13:24:00,0.080,0.000,240.040,0.200,0.000,0.000,0.0
2008-08-12,13:25:00,0.080,0.000,240.180,0.200,0.000,0.000,1.0
2008-08-12,13:26:00,0.080,0.000,240.300,0.200,0.000,0.000,1.0
2008-08-12,13:27:00,0.122,0.052,240.460,0.800,0.000,0.000,0.0
2008-08-12,13:28:00,0.158,0.122,240.530,0.800,0.000,0.000,1.0
2008-08-12,13:29:00,0.158,0.124,240.960,0.800,0.000,0.000,1.0
2008-08-12,13:30:00,0.158,0.122,240.520,0.800,0.000,0.000,0.0
2008-08-12,13:31:00,0.156,0.122,240.290,0.800,0.000,0.000,1.0
2008-08-12,13:32:00,0.154,0.122,239.940,0.800,0.000,0.000,1.0
2008-08-12,13:33:00,0.152,0.120,239.720,0.800,0.000,0.000,0.0
2008-08-12,13:34:00,0.152,0.122,240.180,0.800,0.000,0.000,1.0
2008-08-12,13:35:00,0.152,0.124,241.000,0.800,0.000,0.000,1.0
2008-08-12,13:36:00,0.152,0.122,240.830,0.800,0.000,0.000,0.0
2008-08-12,13:37:00,0.112,0.066,240.990,0.600,0.000,0.000,1.0
2008-08-12,13:38:00,0.080,0.000,241.170,0.200,0.000,0.000,1.0
2008-08-12,13:39:00,0.080,0.000,240.810,0.200,0.000,0.000,0.0
2008-08-12,13:40:00,0.080,0.000,241.200,0.200,0.000,0.000,1.0
2008-08-12,13:41:00,0.080,0.000,240.850,0.200,0.000,0.000,1.0
2008-08-12,13:42:00,0.080,0.000,240.950,0.200,0.000,0.000,0.0
2008-08-12,13:43:00,0.080,0.000,240.930,0.200,0.000,0.000,1.0
2008-08-12,13:44:00,0.196,0.142,240.000,1.000,0.000,0.000,0.0
2008-08-12,13:45:00,0.188,0.148,239.600,1.000,0.000,0.000,1.0
2008-08-12,13:46:00,0.184,0.148,239.550,1.000,0.000,0.000,1.0
2008-08-12,13:47:00,0.184,0.148,239.580,1.000,0.000,0.000,0.0
2008-08-12,13:48:00,0.182,0.148,239.840,0.800,0.000,0.000,1.0
2008-08-12,13:49:00,0.180,0.148,239.720,0.800,0.000,0.000,1.0
2008-08-12,13:50:00,0.180,0.150,239.950,0.800,0.000,0.000,0.0
2008-08-12,13:51:00,0.178,0.148,239.700,0.800,0.000,0.000,1.0
2008-08-12,13:52:00,0.176,0.148,239.330,0.800,0.000,0.000,1.0
2008-08-12,13:53:00,0.176,0.148,239.230,0.800,0.000,0.000,0.0
2008-08-12,13:54:00,0.174,0.148,239.140,0.800,0.000,0.000,1.0
2008-08-12,13:55:00,0.174,0.148,239.170,0.800,0.000,0.000,1.0
2008-08-12,13:56:00,0.174,0.148,239.040,0.800,0.000,0.000,0.0
2008-08-12,13:57:00,0.174,0.148,238.890,0.800,0.000,0.000,1.0
2008-08-12,13:58:00,0.174,0.146,238.780,0.800,0.000,0.000,1.0
2008-08-12,13:59:00,0.172,0.146,238.480,0.800,0.000,0.000,0.0
2008-08-12,14:00:00,0.172,0.146,238.540,0.800,0.000,0.000,1.0
2008-08-12,14:01:00,0.172,0.146,238.700,0.800,0.000,0.000,1.0
2008-08-12,14:02:00,0.172,0.146,238.460,0.800,0.000,0.000,0.0
2008-08-12,14:03:00,0.172,0.146,238.610,0.800,0.000,0.000,1.0
2008-08-12,14:04:00,0.116,0.070,238.620,0.600,0.000,0.000,0.0
2008-08-12,14:05:00,0.078,0.000,238.700,0.200,0.000,0.000,1.0
2008-08-12,14:06:00,0.172,0.118,238.680,1.000,0.000,0.000,1.0
2008-08-12,14:07:00,0.156,0.120,238.960,0.800,0.000,0.000,0.0
2008-08-12,14:08:00,0.156,0.120,239.260,0.800,0.000,0.000,1.0
2008-08-12,14:09:00,0.156,0.120,239.190,0.800,0.000,0.000,1.0
2008-08-12,14:10:00,0.184,0.140,239.230,1.200,0.000,0.000,0.0
2008-08-12,14:11:00,0.242,0.238,239.230,1.400,0.000,1.000,1.0
2008-08-12,14:12:00,0.240,0.240,239.610,1.400,0.000,1.000,1.0
2008-08-12,14:13:00,0.238,0.240,239.820,1.400,0.000,2.000,0.0
2008-08-12,14:14:00,0.238,0.240,239.650,1.400,0.000,1.000,1.0
2008-08-12,14:15:00,0.236,0.240,239.420,1.400,0.000,2.000,1.0
2008-08-12,14:16:00,0.172,0.144,239.660,0.800,0.000,1.000,0.0
2008-08-12,14:17:00,0.168,0.138,239.450,0.800,0.000,1.000,1.0
2008-08-12,14:18:00,0.168,0.138,239.660,0.800,0.000,2.000,1.0
2008-08-12,14:19:00,0.166,0.138,239.860,0.800,0.000,1.000,0.0
2008-08-12,14:20:00,0.166,0.138,239.750,0.800,0.000,2.000,1.0
2008-08-12,14:21:00,0.164,0.138,239.390,0.800,0.000,1.000,0.0
2008-08-12,14:22:00,0.164,0.136,239.410,0.800,0.000,1.000,1.0
2008-08-12,14:23:00,0.162,0.136,239.390,0.800,0.000,2.000,1.0
2008-08-12,14:24:00,0.160,0.136,239.360,0.800,0.000,1.000,0.0
2008-08-12,14:25:00,0.160,0.138,239.990,0.800,0.000,1.000,1.0
2008-08-12,14:26:00,0.160,0.138,240.000,0.800,0.000,2.000,1.0
2008-08-12,14:27:00,0.158,0.136,239.490,0.800,0.000,1.000,0.0
2008-08-12,14:28:00,0.158,0.136,239.190,0.800,0.000,1.000,1.0
2008-08-12,14:29:00,0.158,0.136,239.500,0.800,0.000,2.000,1.0
2008-08-12,14:30:00,0.156,0.138,239.650,0.800,0.000,1.000,0.0
2008-08-12,14:31:00,0.156,0.136,239.430,0.800,0.000,1.000,1.0
2008-08-12,14:32:00,0.108,0.062,239.520,0.600,0.000,1.000,1.0
2008-08-12,14:33:00,0.188,0.132,239.410,1.000,0.000,0.000,0.0
2008-08-12,14:34:00,0.188,0.148,239.390,1.000,0.000,0.000,1.0
2008-08-12,14:35:00,0.184,0.148,239.320,1.000,0.000,0.000,1.0
2008-08-12,14:36:00,0.184,0.148,239.460,0.800,0.000,0.000,0.0
2008-08-12,14:37:00,0.382,0.182,239.190,2.200,0.000,0.000,4.0
2008-08-12,14:38:00,0.810,0.246,238.340,3.400,0.000,0.000,11.0
2008-08-12,14:39:00,0.834,0.246,238.320,3.600,0.000,0.000,11.0
2008-08-12,14:40:00,0.860,0.240,237.710,3.600,0.000,0.000,12.0
2008-08-12,14:41:00,0.870,0.242,238.090,3.800,0.000,0.000,13.0
2008-08-12,14:42:00,0.742,0.226,238.310,3.400,0.000,0.000,10.0
2008-08-12,14:43:00,0.176,0.148,239.060,0.800,0.000,0.000,1.0
2008-08-12,14:44:00,0.232,0.204,239.190,1.400,0.000,0.000,1.0
2008-08-12,14:45:00,0.250,0.250,239.130,1.400,0.000,0.000,0.0
2008-08-12,14:46:00,0.250,0.252,239.860,1.400,0.000,0.000,1.0
2008-08-12,14:47:00,0.248,0.252,239.860,1.400,0.000,0.000,1.0
2008-08-12,14:48:00,0.246,0.248,238.990,1.400,0.000,0.000,0.0
2008-08-12,14:49:00,0.244,0.248,238.660,1.400,0.000,0.000,1.0
2008-08-12,14:50:00,0.244,0.248,239.120,1.400,0.000,0.000,1.0
2008-08-12,14:51:00,0.242,0.248,238.860,1.400,0.000,0.000,0.0
2008-08-12,14:52:00,0.240,0.248,238.870,1.400,0.000,0.000,1.0
2008-08-12,14:53:00,0.204,0.198,239.110,1.200,0.000,0.000,1.0
2008-08-12,14:54:00,0.134,0.096,239.440,0.600,0.000,0.000,0.0
2008-08-12,14:55:00,0.080,0.000,239.660,0.200,0.000,0.000,1.0
2008-08-12,14:56:00,0.080,0.000,240.700,0.200,0.000,0.000,1.0
2008-08-12,14:57:00,0.080,0.000,240.490,0.200,0.000,0.000,0.0
2008-08-12,14:58:00,0.080,0.000,240.420,0.200,0.000,0.000,1.0
2008-08-12,14:59:00,0.080,0.000,240.530,0.200,0.000,0.000,0.0
2008-08-12,15:00:00,0.080,0.000,240.990,0.200,0.000,0.000,1.0
2008-08-12,15:01:00,0.080,0.000,240.390,0.200,0.000,0.000,1.0
2008-08-12,15:02:00,0.080,0.000,240.310,0.200,0.000,0.000,0.0
2008-08-12,15:03:00,0.080,0.000,240.460,0.200,0.000,0.000,1.0
2008-08-12,15:04:00,0.080,0.000,240.600,0.200,0.000,0.000,1.0
2008-08-12,15:05:00,0.080,0.000,240.750,0.200,0.000,0.000,0.0
2008-08-12,15:06:00,0.080,0.000,240.640,0.200,0.000,0.000,1.0
2008-08-12,15:07:00,0.080,0.000,241.030,0.200,0.000,0.000,1.0
2008-08-12,15:08:00,0.080,0.000,240.780,0.200,0.000,0.000,0.0
2008-08-12,15:09:00,0.080,0.000,240.840,0.200,0.000,0.000,1.0
2008-08-12,15:10:00,0.080,0.000,240.760,0.200,0.000,0.000,1.0
2008-08-12,15:11:00,0.080,0.000,240.800,0.200,0.000,0.000,0.0
2008-08-12,15:12:00,0.080,0.000,240.900,0.200,0.000,0.000,1.0
2008-08-12,15:13:00,0.080,0.000,240.900,0.200,0.000,0.000,1.0
2008-08-12,15:14:00,0.080,0.000,240.960,0.200,0.000,0.000,0.0
2008-08-12,15:15:00,0.080,0.000,240.890,0.200,0.000,0.000,1.0
2008-08-12,15:16:00,0.080,0.000,241.000,0.200,0.000,0.000,1.0
2008-08-12,15:17:00,0.080,0.000,240.840,0.200,0.000,0.000,0.0
2008-08-12,15:18:00,0.080,0.000,241.270,0.200,0.000,0.000,1.0
2008-08-12,15:19:00,0.080,0.000,241.200,0.200,0.000,0.000,1.0
2008-08-12,15:20:00,0.082,0.000,242.020,0.200,0.000,0.000,0.0
2008-08-12,15:21:00,0.082,0.000,241.960,0.200,0.000,0.000,1.0
2008-08-12,15:22:00,0.194,0.124,241.320,1.200,0.000,0.000,1.0
2008-08-12,15:23:00,0.268,0.256,241.070,1.400,0.000,0.000,0.0
2008-08-12,15:24:00,0.262,0.256,241.050,1.400,0.000,0.000,1.0
2008-08-12,15:25:00,0.260,0.256,241.070,1.400,0.000,0.000,1.0
2008-08-12,15:26:00,0.258,0.256,240.970,1.400,0.000,0.000,0.0
2008-08-12,15:27:00,0.254,0.256,241.110,1.400,0.000,0.000,1.0
2008-08-12,15:28:00,0.252,0.254,240.330,1.400,0.000,0.000,1.0
2008-08-12,15:29:00,0.250,0.254,240.340,1.400,0.000,0.000,0.0
2008-08-12,15:30:00,0.248,0.252,240.270,1.400,0.000,0.000,1.0
2008-08-12,15:31:00,0.246,0.252,240.070,1.400,0.000,0.000,1.0
2008-08-12,15:32:00,0.236,0.240,240.250,1.400,0.000,0.000,0.0
2008-08-12,15:33:00,0.176,0.150,240.190,0.800,0.000,0.000,1.0
2008-08-12,15:34:00,0.176,0.152,240.490,0.800,0.000,0.000,0.0
2008-08-12,15:35:00,0.176,0.152,240.560,0.800,0.000,0.000,1.0
2008-08-12,15:36:00,0.176,0.152,240.560,0.800,0.000,0.000,1.0
2008-08-12,15:37:00,0.176,0.152,241.040,0.800,0.000,0.000,0.0
2008-08-12,15:38:00,0.196,0.162,240.820,1.200,0.000,0.000,1.0
2008-08-12,15:39:00,0.266,0.272,240.480,1.400,0.000,0.000,1.0
2008-08-12,15:40:00,0.262,0.272,240.480,1.400,0.000,2.000,0.0
2008-08-12,15:41:00,0.260,0.270,239.760,1.400,0.000,1.000,1.0
2008-08-12,15:42:00,0.248,0.252,239.780,1.400,0.000,2.000,1.0
2008-08-12,15:43:00,0.170,0.138,240.060,0.800,0.000,1.000,0.0
2008-08-12,15:44:00,0.168,0.138,239.920,0.800,0.000,2.000,1.0
2008-08-12,15:45:00,0.168,0.138,240.060,0.800,0.000,1.000,1.0
2008-08-12,15:46:00,0.168,0.138,240.080,0.800,0.000,1.000,0.0
2008-08-12,15:47:00,0.166,0.138,240.070,0.800,0.000,2.000,1.0
2008-08-12,15:48:00,0.166,0.138,239.790,0.800,0.000,1.000,1.0
2008-08-12,15:49:00,0.164,0.138,239.880,0.800,0.000,2.000,0.0
2008-08-12,15:50:00,0.164,0.138,239.910,0.800,0.000,1.000,1.0
2008-08-12,15:51:00,0.162,0.138,239.850,0.800,0.000,1.000,1.0
2008-08-12,15:52:00,0.162,0.138,239.790,0.800,0.000,2.000,0.0
2008-08-12,15:53:00,0.160,0.138,239.740,0.800,0.000,1.000,1.0
2008-08-12,15:54:00,0.160,0.138,239.460,0.800,0.000,1.000,1.0
2008-08-12,15:55:00,0.158,0.138,239.550,0.800,0.000,2.000,0.0
2008-08-12,15:56:00,0.158,0.138,240.250,0.800,0.000,1.000,1.0
2008-08-12,15:57:00,0.158,0.138,240.170,0.800,0.000,1.000,0.0
2008-08-12,15:58:00,0.158,0.138,239.920,0.800,0.000,1.000,1.0
2008-08-12,15:59:00,0.158,0.138,239.910,0.800,0.000,2.000,1.0
2008-08-12,16:00:00,0.116,0.076,239.530,0.600,0.000,0.000,0.0
2008-08-12,16:01:00,0.168,0.114,239.130,1.000,0.000,0.000,1.0
2008-08-12,16:02:00,0.156,0.120,239.570,0.800,0.000,0.000,1.0
2008-08-12,16:03:00,0.156,0.120,239.630,0.800,0.000,0.000,0.0
2008-08-12,16:04:00,0.156,0.120,239.680,0.800,0.000,0.000,1.0
2008-08-12,16:05:00,0.156,0.120,239.990,0.800,0.000,0.000,1.0
2008-08-12,16:06:00,0.154,0.120,239.690,0.800,0.000,0.000,0.0
2008-08-12,16:07:00,0.538,0.188,239.250,2.600,0.000,0.000,7.0
2008-08-12,16:08:00,0.786,0.222,238.830,3.400,0.000,0.000,11.0
2008-08-12,16:09:00,0.818,0.222,238.840,3.400,0.000,0.000,12.0
2008-08-12,16:10:00,0.828,0.206,238.760,3.600,0.000,0.000,12.0
2008-08-12,16:11:00,0.866,0.210,238.810,3.800,0.000,0.000,12.0
2008-08-12,16:12:00,0.514,0.196,239.250,2.600,0.000,0.000,7.0
2008-08-12,16:13:00,0.186,0.148,239.450,1.000,0.000,0.000,1.0
2008-08-12,16:14:00,0.184,0.148,239.550,1.000,0.000,0.000,0.0
2008-08-12,16:15:00,0.182,0.150,239.980,1.000,0.000,0.000,1.0
2008-08-12,16:16:00,0.182,0.150,240.220,0.800,0.000,0.000,1.0
2008-08-12,16:17:00,0.180,0.148,239.540,0.800,0.000,0.000,0.0
2008-08-12,16:18:00,0.178,0.150,239.760,0.800,0.000,0.000,1.0
2008-08-12,16:19:00,0.178,0.150,239.690,0.800,0.000,0.000,1.0
2008-08-12,16:20:00,0.176,0.150,239.750,0.800,0.000,0.000,0.0
2008-08-12,16:21:00,0.176,0.150,239.760,0.800,0.000,0.000,1.0
2008-08-12,16:22:00,0.176,0.148,239.540,0.800,0.000,0.000,1.0
2008-08-12,16:23:00,0.174,0.148,239.470,0.800,0.000,0.000,0.0
2008-08-12,16:24:00,0.174,0.148,239.320,0.800,0.000,0.000,1.0
2008-08-12,16:25:00,0.174,0.148,239.420,0.800,0.000,0.000,1.0
2008-08-12,16:26:00,0.174,0.148,239.250,0.800,0.000,0.000,0.0
2008-08-12,16:27:00,0.174,0.150,239.590,0.800,0.000,0.000,1.0
2008-08-12,16:28:00,0.174,0.150,240.100,0.800,0.000,0.000,1.0
2008-08-12,16:29:00,0.174,0.150,240.310,0.800,0.000,0.000,0.0
2008-08-12,16:30:00,0.174,0.152,240.740,0.800,0.000,0.000,1.0
2008-08-12,16:31:00,0.160,0.134,240.670,0.800,0.000,0.000,0.0
2008-08-12,16:32:00,0.080,0.000,240.860,0.200,0.000,0.000,1.0
2008-08-12,16:33:00,0.080,0.000,240.870,0.200,0.000,0.000,1.0
2008-08-12,16:34:00,0.080,0.000,241.000,0.200,0.000,0.000,0.0
2008-08-12,16:35:00,0.080,0.000,240.860,0.200,0.000,0.000,1.0
2008-08-12,16:36:00,0.080,0.000,240.670,0.200,0.000,0.000,1.0
2008-08-12,16:37:00,0.080,0.000,240.230,0.200,0.000,0.000,0.0
2008-08-12,16:38:00,0.080,0.000,240.080,0.200,0.000,0.000,1.0
2008-08-12,16:39:00,0.164,0.110,239.740,1.000,0.000,0.000,1.0
2008-08-12,16:40:00,0.156,0.122,239.950,0.800,0.000,0.000,0.0
2008-08-12,16:41:00,0.158,0.122,239.910,0.800,0.000,0.000,1.0
2008-08-12,16:42:00,0.156,0.122,239.960,0.800,0.000,0.000,1.0
2008-08-12,16:43:00,0.156,0.120,239.830,0.800,0.000,0.000,0.0
2008-08-12,16:44:00,0.154,0.122,239.890,0.800,0.000,0.000,1.0
2008-08-12,16:45:00,0.152,0.122,239.940,0.800,0.000,0.000,1.0
2008-08-12,16:46:00,0.152,0.122,239.760,0.800,0.000,0.000,0.0
2008-08-12,16:47:00,0.150,0.122,239.960,0.800,0.000,0.000,1.0
2008-08-12,16:48:00,0.150,0.122,239.950,0.800,0.000,0.000,1.0
2008-08-12,16:49:00,0.092,0.000,240.240,0.400,0.000,0.000,0.0
2008-08-12,16:50:00,0.080,0.000,240.200,0.200,0.000,0.000,1.0
2008-08-12,16:51:00,0.080,0.000,240.280,0.200,0.000,0.000,1.0
2008-08-12,16:52:00,0.080,0.000,240.270,0.200,0.000,0.000,0.0
2008-08-12,16:53:00,0.080,0.000,240.460,0.200,0.000,0.000,1.0
2008-08-12,16:54:00,0.080,0.000,240.190,0.200,0.000,0.000,1.0
2008-08-12,16:55:00,0.080,0.000,240.090,0.200,0.000,0.000,0.0
2008-08-12,16:56:00,0.080,0.000,240.440,0.200,0.000,0.000,1.0
2008-08-12,16:57:00,0.080,0.000,240.500,0.200,0.000,0.000,0.0
2008-08-12,16:58:00,0.080,0.000,240.470,0.200,0.000,0.000,1.0
2008-08-12,16:59:00,0.080,0.000,240.480,0.200,0.000,0.000,1.0
2008-08-12,17:00:00,0.158,0.098,240.510,0.800,0.000,0.000,0.0
2008-08-12,17:01:00,0.190,0.150,240.670,1.000,0.000,0.000,1.0
2008-08-12,17:02:00,0.188,0.152,241.030,1.000,0.000,0.000,1.0
2008-08-12,17:03:00,0.186,0.152,240.830,1.000,0.000,0.000,0.0
2008-08-12,17:04:00,0.184,0.152,241.030,1.000,0.000,0.000,1.0
2008-08-12,17:05:00,0.182,0.152,241.200,1.000,0.000,0.000,1.0
2008-08-12,17:06:00,0.180,0.152,240.780,0.800,0.000,0.000,0.0
2008-08-12,17:07:00,0.282,0.272,240.690,1.600,0.000,1.000,1.0
2008-08-12,17:08:00,0.268,0.274,240.820,1.600,0.000,1.000,1.0
2008-08-12,17:09:00,0.266,0.274,240.990,1.600,0.000,2.000,0.0
2008-08-12,17:10:00,0.266,0.276,241.180,1.400,0.000,1.000,1.0
2008-08-12,17:11:00,0.264,0.276,241.290,1.400,0.000,2.000,1.0
2008-08-12,17:12:00,0.264,0.276,241.490,1.400,0.000,1.000,0.0
2008-08-12,17:13:00,0.264,0.278,241.880,1.400,0.000,2.000,1.0
2008-08-12,17:14:00,0.262,0.278,241.870,1.400,0.000,1.000,1.0
2008-08-12,17:15:00,0.262,0.278,241.990,1.400,0.000,2.000,0.0
2008-08-12,17:16:00,0.258,0.276,241.370,1.400,0.000,1.000,1.0
2008-08-12,17:17:00,0.304,0.318,241.260,1.800,0.000,1.000,1.0
2008-08-12,17:18:00,0.334,0.378,241.260,2.000,0.000,2.000,0.0
2008-08-12,17:19:00,0.330,0.378,241.080,2.000,0.000,1.000,1.0
2008-08-12,17:20:00,0.328,0.376,240.910,2.000,0.000,1.000,1.0
2008-08-12,17:21:00,0.242,0.254,240.970,1.400,0.000,2.000,0.0
2008-08-12,17:22:00,0.232,0.244,241.130,1.400,0.000,1.000,1.0
2008-08-12,17:23:00,0.230,0.244,241.330,1.400,0.000,1.000,1.0
2008-08-12,17:24:00,0.228,0.244,241.100,1.200,0.000,2.000,0.0
2008-08-12,17:25:00,0.228,0.244,241.140,1.200,0.000,1.000,1.0
2008-08-12,17:26:00,0.226,0.242,240.380,1.200,0.000,1.000,1.0
2008-08-12,17:27:00,0.220,0.234,240.290,1.200,0.000,1.000,0.0
2008-08-12,17:28:00,0.124,0.088,240.590,0.600,0.000,1.000,1.0
2008-08-12,17:29:00,0.080,0.000,241.600,0.200,0.000,0.000,1.0
2008-08-12,17:30:00,0.080,0.000,241.700,0.200,0.000,0.000,0.0
2008-08-12,17:31:00,0.080,0.000,241.620,0.200,0.000,0.000,1.0
2008-08-12,17:32:00,0.080,0.000,241.590,0.200,0.000,0.000,1.0
2008-08-12,17:33:00,0.080,0.000,241.450,0.200,0.000,0.000,0.0
2008-08-12,17:34:00,0.080,0.000,241.550,0.200,0.000,0.000,1.0
2008-08-12,17:35:00,0.082,0.000,241.990,0.200,0.000,0.000,1.0
2008-08-12,17:36:00,0.586,0.114,241.110,2.600,0.000,0.000,8.0
2008-08-12,17:37:00,0.730,0.134,241.010,3.000,0.000,0.000,11.0
2008-08-12,17:38:00,0.764,0.136,241.460,3.200,0.000,0.000,12.0
2008-08-12,17:39:00,0.782,0.136,241.530,3.200,0.000,0.000,13.0
2008-08-12,17:40:00,0.546,0.100,242.750,2.600,0.000,0.000,9.0
2008-08-12,17:41:00,0.082,0.000,243.210,0.200,0.000,0.000,0.0
2008-08-12,17:42:00,0.082,0.000,242.610,0.200,0.000,0.000,1.0
2008-08-12,17:43:00,0.082,0.000,242.520,0.200,0.000,0.000,1.0
2008-08-12,17:44:00,0.082,0.000,242.380,0.200,0.000,0.000,0.0
2008-08-12,17:45:00,0.082,0.000,242.680,0.200,0.000,0.000,1.0
2008-08-12,17:46:00,0.082,0.000,242.650,0.200,0.000,0.000,1.0
2008-08-12,17:47:00,0.082,0.000,242.680,0.200,0.000,0.000,0.0
2008-08-12,17:48:00,0.082,0.000,241.900,0.200,0.000,0.000,1.0
2008-08-12,17:49:00,0.126,0.060,242.090,0.800,0.000,0.000,1.0
2008-08-12,17:50:00,0.192,0.154,242.090,1.000,0.000,0.000,0.0
2008-08-12,17:51:00,0.188,0.154,241.920,1.000,0.000,0.000,1.0
2008-08-12,17:52:00,0.186,0.154,241.870,1.000,0.000,0.000,1.0
2008-08-12,17:53:00,0.186,0.154,241.740,1.000,0.000,0.000,0.0
2008-08-12,17:54:00,0.184,0.154,241.970,1.000,0.000,0.000,1.0
2008-08-12,17:55:00,0.182,0.154,241.720,1.000,0.000,0.000,1.0
2008-08-12,17:56:00,0.252,0.226,241.700,1.400,0.000,0.000,0.0
2008-08-12,17:57:00,0.256,0.256,241.360,1.400,0.000,0.000,1.0
2008-08-12,17:58:00,0.254,0.256,241.430,1.400,0.000,0.000,1.0
2008-08-12,17:59:00,0.252,0.258,241.670,1.400,0.000,0.000,0.0
2008-08-12,18:00:00,0.252,0.258,241.630,1.400,0.000,0.000,1.0
2008-08-12,18:01:00,0.250,0.258,241.700,1.400,0.000,0.000,1.0
2008-08-12,18:02:00,0.248,0.258,241.560,1.400,0.000,0.000,0.0
2008-08-12,18:03:00,0.246,0.258,241.680,1.400,0.000,0.000,1.0
2008-08-12,18:04:00,0.246,0.258,241.500,1.400,0.000,0.000,1.0
2008-08-12,18:05:00,0.244,0.258,241.650,1.400,0.000,0.000,0.0
2008-08-12,18:06:00,0.228,0.232,241.570,1.200,0.000,0.000,1.0
2008-08-12,18:07:00,0.176,0.154,241.730,0.800,0.000,0.000,1.0
2008-08-12,18:08:00,0.174,0.154,241.660,0.800,0.000,0.000,0.0
2008-08-12,18:09:00,0.174,0.154,241.570,0.800,0.000,0.000,1.0
2008-08-12,18:10:00,0.110,0.062,241.600,0.600,0.000,0.000,1.0
2008-08-12,18:11:00,0.080,0.000,241.570,0.200,0.000,0.000,0.0
2008-08-12,18:12:00,0.080,0.000,241.640,0.200,0.000,0.000,1.0
2008-08-12,18:13:00,0.080,0.000,241.590,0.200,0.000,0.000,1.0
2008-08-12,18:14:00,0.080,0.000,241.670,0.200,0.000,0.000,0.0
2008-08-12,18:15:00,0.082,0.000,241.590,0.200,0.000,0.000,1.0
2008-08-12,18:16:00,0.080,0.000,241.380,0.200,0.000,0.000,1.0
2008-08-12,18:17:00,0.080,0.000,241.510,0.200,0.000,0.000,0.0
2008-08-12,18:18:00,0.080,0.000,241.380,0.200,0.000,0.000,1.0
2008-08-12,18:19:00,0.080,0.000,241.620,0.200,0.000,0.000,1.0
2008-08-12,18:20:00,0.082,0.000,242.400,0.200,0.000,0.000,0.0
2008-08-12,18:21:00,0.082,0.000,242.450,0.200,0.000,0.000,1.0
2008-08-12,18:22:00,0.082,0.000,242.310,0.200,0.000,0.000,1.0
2008-08-12,18:23:00,0.082,0.000,241.700,0.200,0.000,0.000,0.0
2008-08-12,18:24:00,0.082,0.000,241.700,0.200,0.000,0.000,1.0
2008-08-12,18:25:00,0.082,0.000,242.000,0.200,0.000,0.000,1.0
2008-08-12,18:26:00,0.082,0.000,241.930,0.200,0.000,0.000,0.0
2008-08-12,18:27:00,0.082,0.000,241.940,0.200,0.000,0.000,1.0
2008-08-12,18:28:00,0.082,0.000,242.060,0.200,0.000,0.000,1.0
2008-08-12,18:29:00,0.082,0.000,242.220,0.200,0.000,0.000,0.0
2008-08-12,18:30:00,0.082,0.000,242.150,0.200,0.000,0.000,1.0
2008-08-12,18:31:00,0.082,0.000,242.020,0.200,0.000,0.000,1.0
2008-08-12,18:32:00,0.082,0.000,242.150,0.200,0.000,0.000,0.0
2008-08-12,18:33:00,0.082,0.000,242.240,0.200,0.000,0.000,1.0
2008-08-12,18:34:00,0.134,0.070,242.170,0.800,0.000,0.000,1.0
2008-08-12,18:35:00,0.252,0.232,242.050,1.400,0.000,1.000,0.0
2008-08-12,18:36:00,0.248,0.248,242.040,1.400,0.000,1.000,1.0
2008-08-12,18:37:00,0.246,0.246,241.760,1.400,0.000,2.000,1.0
2008-08-12,18:38:00,0.294,0.292,241.840,1.800,0.000,1.000,0.0
2008-08-12,18:39:00,0.354,0.384,242.220,2.000,0.000,1.000,1.0
2008-08-12,18:40:00,0.348,0.384,242.300,2.000,0.000,2.000,1.0
2008-08-12,18:41:00,0.342,0.382,241.590,2.000,0.000,1.000,0.0
2008-08-12,18:42:00,0.340,0.380,241.390,2.000,0.000,2.000,1.0
2008-08-12,18:43:00,0.336,0.380,241.410,2.000,0.000,1.000,1.0
2008-08-12,18:44:00,0.296,0.322,241.480,1.800,0.000,2.000,0.0
2008-08-12,18:45:00,0.264,0.276,241.470,1.400,0.000,1.000,1.0
2008-08-12,18:46:00,0.262,0.276,241.480,1.400,0.000,1.000,1.0
2008-08-12,18:47:00,0.260,0.278,241.770,1.400,0.000,2.000,0.0
2008-08-12,18:48:00,0.258,0.276,241.650,1.400,0.000,1.000,1.0
2008-08-12,18:49:00,0.256,0.278,241.730,1.400,0.000,1.000,1.0
2008-08-12,18:50:00,0.254,0.276,241.770,1.400,0.000,2.000,0.0
2008-08-12,18:51:00,0.254,0.276,241.680,1.400,0.000,1.000,1.0
2008-08-12,18:52:00,0.252,0.278,241.910,1.400,0.000,1.000,1.0
2008-08-12,18:53:00,0.252,0.278,241.960,1.400,0.000,2.000,0.0
2008-08-12,18:54:00,0.252,0.276,241.790,1.400,0.000,1.000,1.0
2008-08-12,18:55:00,0.252,0.280,242.530,1.400,0.000,1.000,0.0
2008-08-12,18:56:00,0.378,0.264,242.120,2.200,0.000,1.000,3.0
2008-08-12,18:57:00,0.812,0.268,240.710,3.400,0.000,0.000,11.0
2008-08-12,18:58:00,0.836,0.266,240.610,3.600,0.000,0.000,12.0
2008-08-12,18:59:00,0.804,0.178,240.600,3.400,0.000,0.000,12.0
2008-08-12,19:00:00,0.782,0.132,240.820,3.200,0.000,0.000,13.0
2008-08-12,19:01:00,0.286,0.052,241.020,1.800,0.000,0.000,4.0
2008-08-12,19:02:00,0.080,0.000,241.150,0.200,0.000,0.000,1.0
2008-08-12,19:03:00,0.080,0.000,240.410,0.200,0.000,0.000,1.0
2008-08-12,19:04:00,0.080,0.000,240.920,0.200,0.000,0.000,0.0
2008-08-12,19:05:00,0.080,0.000,241.440,0.200,0.000,0.000,1.0
2008-08-12,19:06:00,0.080,0.000,241.270,0.200,0.000,0.000,1.0
2008-08-12,19:07:00,0.082,0.000,241.650,0.200,0.000,0.000,0.0
2008-08-12,19:08:00,0.082,0.000,241.910,0.200,0.000,0.000,1.0
2008-08-12,19:09:00,0.082,0.000,242.600,0.200,0.000,0.000,1.0
2008-08-12,19:10:00,0.082,0.000,242.170,0.200,0.000,0.000,0.0
2008-08-12,19:11:00,0.082,0.000,241.830,0.200,0.000,0.000,1.0
2008-08-12,19:12:00,0.148,0.086,240.370,0.800,0.000,0.000,1.0
2008-08-12,19:13:00,0.156,0.118,238.900,0.800,0.000,0.000,0.0
2008-08-12,19:14:00,0.154,0.116,237.350,0.800,0.000,0.000,1.0
2008-08-12,19:15:00,0.154,0.114,236.760,0.800,0.000,0.000,1.0
2008-08-12,19:16:00,0.154,0.116,237.480,0.800,0.000,0.000,0.0
2008-08-12,19:17:00,0.152,0.118,238.240,0.800,0.000,0.000,1.0
2008-08-12,19:18:00,0.150,0.118,237.960,0.800,0.000,0.000,1.0
2008-08-12,19:19:00,0.150,0.118,238.160,0.800,0.000,0.000,0.0
2008-08-12,19:20:00,0.150,0.118,237.920,0.800,0.000,0.000,1.0
2008-08-12,19:21:00,0.150,0.118,238.470,0.800,0.000,0.000,0.0
2008-08-12,19:22:00,0.098,0.000,237.990,0.400,0.000,0.000,1.0
2008-08-12,19:23:00,0.078,0.000,236.980,0.200,0.000,0.000,1.0
2008-08-12,19:24:00,0.078,0.000,237.550,0.200,0.000,0.000,0.0
2008-08-12,19:25:00,0.078,0.000,238.010,0.200,0.000,0.000,1.0
2008-08-12,19:26:00,0.076,0.000,236.500,0.200,0.000,0.000,1.0
2008-08-12,19:27:00,0.118,0.050,237.470,0.800,0.000,0.000,0.0
2008-08-12,19:28:00,0.190,0.146,238.850,1.000,0.000,0.000,1.0
2008-08-12,19:29:00,0.184,0.144,237.480,1.000,0.000,0.000,1.0
2008-08-12,19:30:00,0.182,0.142,237.050,0.800,0.000,0.000,0.0
2008-08-12,19:31:00,0.182,0.144,238.030,0.800,0.000,0.000,1.0
2008-08-12,19:32:00,0.180,0.146,238.420,0.800,0.000,0.000,1.0
2008-08-12,19:33:00,0.178,0.144,237.210,0.800,0.000,0.000,0.0
2008-08-12,19:34:00,0.176,0.144,237.300,0.800,0.000,0.000,1.0
2008-08-12,19:35:00,0.176,0.144,237.810,0.800,0.000,0.000,0.0
2008-08-12,19:36:00,0.176,0.146,238.130,0.800,0.000,0.000,1.0
2008-08-12,19:37:00,0.174,0.146,237.970,0.800,0.000,0.000,1.0
2008-08-12,19:38:00,0.172,0.144,237.210,0.800,0.000,0.000,0.0
2008-08-12,19:39:00,0.172,0.142,236.850,0.800,0.000,0.000,1.0
2008-08-12,19:40:00,0.172,0.144,237.240,0.800,0.000,0.000,1.0
2008-08-12,19:41:00,0.172,0.144,237.370,0.800,0.000,0.000,0.0
2008-08-12,19:42:00,0.170,0.142,236.460,0.800,0.000,0.000,1.0
2008-08-12,19:43:00,0.170,0.140,236.170,0.800,0.000,0.000,1.0
2008-08-12,19:44:00,0.170,0.140,236.290,0.800,0.000,0.000,0.0
2008-08-12,19:45:00,0.170,0.142,237.050,0.800,0.000,0.000,1.0
2008-08-12,19:46:00,0.170,0.144,237.420,0.800,0.000,0.000,0.0
2008-08-12,19:47:00,0.170,0.144,237.420,0.800,0.000,0.000,1.0
2008-08-12,19:48:00,0.130,0.086,237.580,0.600,0.000,0.000,1.0
2008-08-12,19:49:00,0.078,0.000,237.670,0.200,0.000,0.000,0.0
2008-08-12,19:50:00,0.136,0.070,237.700,0.800,0.000,0.000,1.0
2008-08-12,19:51:00,0.156,0.118,237.940,0.800,0.000,0.000,1.0
2008-08-12,19:52:00,0.156,0.118,237.920,0.800,0.000,0.000,0.0
2008-08-12,19:53:00,0.154,0.116,237.820,0.800,0.000,0.000,1.0
2008-08-12,19:54:00,0.154,0.118,237.970,0.800,0.000,0.000,1.0
2008-08-12,19:55:00,0.152,0.118,238.010,0.800,0.000,0.000,0.0
2008-08-12,19:56:00,0.150,0.116,237.730,0.800,0.000,0.000,1.0
2008-08-12,19:57:00,0.150,0.116,237.770,0.800,0.000,0.000,0.0
2008-08-12,19:58:00,0.150,0.118,238.460,0.800,0.000,0.000,1.0
2008-08-12,19:59:00,0.150,0.118,238.490,0.800,0.000,0.000,1.0
2008-08-12,20:00:00,0.126,0.084,238.360,0.600,0.000,0.000,0.0
2008-08-12,20:01:00,0.078,0.000,238.390,0.200,0.000,0.000,1.0
2008-08-12,20:02:00,0.080,0.000,238.960,0.200,0.000,0.000,1.0
2008-08-12,20:03:00,0.176,0.124,238.750,1.000,0.000,0.000,0.0
2008-08-12,20:04:00,0.170,0.136,238.510,0.800,0.000,2.000,1.0
2008-08-12,20:05:00,0.170,0.138,239.040,0.800,0.000,1.000,1.0
2008-08-12,20:06:00,0.170,0.136,238.610,0.800,0.000,2.000,0.0
2008-08-12,20:07:00,0.172,0.136,238.720,0.800,0.000,1.000,1.0
2008-08-12,20:08:00,0.430,0.128,238.410,1.800,0.000,2.000,1.0
2008-08-12,20:09:00,0.460,0.128,238.620,2.000,0.000,1.000,0.0
2008-08-12,20:10:00,0.672,0.124,238.400,2.800,0.000,2.000,1.0
2008-08-12,20:11:00,0.458,0.128,238.770,2.000,0.000,1.000,0.0
2008-08-12,20:12:00,0.458,0.130,238.880,2.000,0.000,1.000,1.0
2008-08-12,20:13:00,0.406,0.130,239.210,1.800,0.000,2.000,1.0
2008-08-12,20:14:00,0.164,0.138,240.060,0.800,0.000,1.000,0.0
2008-08-12,20:15:00,0.164,0.138,240.150,0.800,0.000,2.000,1.0
2008-08-12,20:16:00,0.188,0.156,239.550,1.000,0.000,1.000,1.0
2008-08-12,20:17:00,0.458,0.300,239.030,2.600,0.000,1.000,3.0
2008-08-12,20:18:00,0.898,0.366,238.320,4.000,0.000,1.000,11.0
2008-08-12,20:19:00,0.922,0.370,238.910,4.000,0.000,2.000,12.0
2008-08-12,20:20:00,0.946,0.366,238.290,4.200,0.000,1.000,12.0
2008-08-12,20:21:00,0.952,0.364,238.320,4.200,0.000,1.000,12.0
2008-08-12,20:22:00,0.700,0.330,238.900,3.400,0.000,2.000,9.0
2008-08-12,20:23:00,0.254,0.270,239.820,1.400,0.000,1.000,1.0
2008-08-12,20:24:00,0.238,0.246,239.840,1.400,0.000,1.000,0.0
2008-08-12,20:25:00,0.178,0.152,240.230,0.800,0.000,0.000,1.0
2008-08-12,20:26:00,0.176,0.150,240.090,0.800,0.000,0.000,1.0
2008-08-12,20:27:00,0.176,0.150,239.840,0.800,0.000,0.000,0.0
2008-08-12,20:28:00,0.198,0.162,240.160,1.200,0.000,0.000,1.0
2008-08-12,20:29:00,0.252,0.254,240.340,1.400,0.000,0.000,1.0
2008-08-12,20:30:00,0.252,0.256,240.870,1.400,0.000,0.000,0.0
2008-08-12,20:31:00,0.250,0.256,240.850,1.400,0.000,0.000,1.0
2008-08-12,20:32:00,0.248,0.254,240.440,1.400,0.000,0.000,0.0
2008-08-12,20:33:00,0.248,0.254,240.340,1.400,0.000,0.000,1.0
2008-08-12,20:34:00,0.246,0.254,240.180,1.400,0.000,0.000,1.0
2008-08-12,20:35:00,0.244,0.252,239.820,1.400,0.000,0.000,0.0
2008-08-12,20:36:00,0.242,0.252,239.610,1.400,0.000,0.000,1.0
2008-08-12,20:37:00,0.208,0.204,239.740,1.200,0.000,0.000,1.0
2008-08-12,20:38:00,0.150,0.122,239.750,0.800,0.000,0.000,0.0
2008-08-12,20:39:00,0.114,0.068,239.790,0.600,0.000,0.000,1.0
2008-08-12,20:40:00,0.080,0.000,239.890,0.200,0.000,0.000,1.0
2008-08-12,20:41:00,0.080,0.000,240.280,0.200,0.000,0.000,0.0
2008-08-12,20:42:00,0.080,0.000,240.550,0.200,0.000,0.000,1.0
2008-08-12,20:43:00,0.080,0.000,240.870,0.200,0.000,0.000,1.0
2008-08-12,20:44:00,0.080,0.000,241.040,0.200,0.000,0.000,0.0
2008-08-12,20:45:00,0.080,0.000,240.940,0.200,0.000,0.000,1.0
2008-08-12,20:46:00,0.080,0.000,241.120,0.200,0.000,0.000,1.0
2008-08-12,20:47:00,0.080,0.000,240.700,0.200,0.000,0.000,0.0
2008-08-12,20:48:00,0.080,0.000,240.470,0.200,0.000,0.000,1.0
2008-08-12,20:49:00,0.080,0.000,240.430,0.200,0.000,0.000,1.0
2008-08-12,20:50:00,0.080,0.000,240.330,0.200,0.000,0.000,0.0
2008-08-12,20:51:00,0.080,0.000,240.590,0.200,0.000,0.000,1.0
2008-08-12,20:52:00,0.080,0.000,240.270,0.200,0.000,0.000,1.0
2008-08-12,20:53:00,0.080,0.000,240.480,0.200,0.000,0.000,0.0
2008-08-12,20:54:00,0.080,0.000,240.500,0.200,0.000,0.000,1.0
2008-08-12,20:55:00,0.080,0.000,240.600,0.200,0.000,0.000,1.0
2008-08-12,20:56:00,0.080,0.000,240.900,0.200,0.000,0.000,0.0
2008-08-12,20:57:00,0.080,0.000,241.400,0.200,0.000,0.000,1.0
2008-08-12,20:58:00,0.080,0.000,241.420,0.200,0.000,0.000,1.0
2008-08-12,20:59:00,0.080,0.000,241.240,0.200,0.000,0.000,0.0
2008-08-12,21:00:00,0.080,0.000,241.510,0.200,0.000,0.000,1.0
2008-08-12,21:01:00,0.080,0.000,241.230,0.200,0.000,0.000,1.0
2008-08-12,21:02:00,0.080,0.000,241.140,0.200,0.000,0.000,0.0
2008-08-12,21:03:00,0.080,0.000,240.970,0.200,0.000,0.000,1.0
2008-08-12,21:04:00,0.080,0.000,240.400,0.200,0.000,0.000,0.0
2008-08-12,21:05:00,0.080,0.000,240.460,0.200,0.000,0.000,1.0
2008-08-12,21:06:00,0.202,0.148,239.090,1.000,0.000,0.000,1.0
2008-08-12,21:07:00,0.240,0.198,239.160,1.400,0.000,0.000,0.0
2008-08-12,21:08:00,0.260,0.250,239.680,1.400,0.000,0.000,1.0
2008-08-12,21:09:00,0.260,0.254,240.470,1.400,0.000,0.000,1.0
2008-08-12,21:10:00,0.256,0.252,239.780,1.400,0.000,0.000,0.0
2008-08-12,21:11:00,0.254,0.252,239.790,1.400,0.000,0.000,1.0
2008-08-12,21:12:00,0.252,0.250,239.550,1.400,0.000,0.000,1.0
2008-08-12,21:13:00,0.248,0.250,239.360,1.400,0.000,0.000,0.0
2008-08-12,21:14:00,0.248,0.252,240.090,1.400,0.000,0.000,1.0
2008-08-12,21:15:00,0.246,0.250,239.500,1.400,0.000,0.000,1.0
2008-08-12,21:16:00,0.244,0.250,239.520,1.400,0.000,0.000,0.0
2008-08-12,21:17:00,0.224,0.222,239.400,1.200,0.000,0.000,1.0
2008-08-12,21:18:00,0.174,0.148,239.460,0.800,0.000,0.000,1.0
2008-08-12,21:19:00,0.174,0.150,239.650,0.800,0.000,0.000,0.0
2008-08-12,21:20:00,0.174,0.150,239.590,0.800,0.000,0.000,1.0
2008-08-12,21:21:00,0.174,0.150,239.780,0.800,0.000,0.000,1.0
2008-08-12,21:22:00,0.174,0.150,239.960,0.800,0.000,0.000,0.0
2008-08-12,21:23:00,0.174,0.148,239.420,0.800,0.000,0.000,1.0
2008-08-12,21:24:00,0.172,0.148,239.530,0.800,0.000,0.000,1.0
2008-08-12,21:25:00,0.172,0.148,239.510,0.800,0.000,0.000,0.0
2008-08-12,21:26:00,0.146,0.112,239.420,0.800,0.000,0.000,1.0
2008-08-12,21:27:00,0.080,0.000,239.730,0.200,0.000,0.000,0.0
2008-08-12,21:28:00,0.080,0.000,239.400,0.200,0.000,0.000,1.0
2008-08-12,21:29:00,0.080,0.000,239.760,0.200,0.000,0.000,1.0
2008-08-12,21:30:00,0.080,0.000,240.070,0.200,0.000,0.000,0.0
2008-08-12,21:31:00,0.146,0.086,239.620,1.000,0.000,0.000,1.0
2008-08-12,21:32:00,0.170,0.136,239.170,0.800,0.000,1.000,1.0
2008-08-12,21:33:00,0.170,0.136,239.250,0.800,0.000,2.000,0.0
2008-08-12,21:34:00,0.170,0.136,239.260,0.800,0.000,1.000,1.0
2008-08-12,21:35:00,0.168,0.136,238.990,0.800,0.000,2.000,1.0
2008-08-12,21:36:00,0.168,0.136,239.160,0.800,0.000,1.000,0.0
2008-08-12,21:37:00,0.168,0.138,239.390,0.800,0.000,2.000,1.0
2008-08-12,21:38:00,0.168,0.138,239.570,0.800,0.000,1.000,1.0
2008-08-12,21:39:00,0.166,0.138,239.450,0.800,0.000,1.000,0.0
2008-08-12,21:40:00,0.166,0.138,239.630,0.800,0.000,2.000,1.0
2008-08-12,21:41:00,0.166,0.138,239.730,0.800,0.000,1.000,1.0
2008-08-12,21:42:00,0.540,0.202,239.410,2.800,0.000,2.000,6.0
2008-08-12,21:43:00,0.802,0.242,239.320,3.400,0.000,1.000,11.0
2008-08-12,21:44:00,0.832,0.242,239.250,3.600,0.000,1.000,12.0
2008-08-12,21:45:00,0.892,0.274,239.200,3.800,0.000,2.000,12.0
2008-08-12,21:46:00,0.926,0.338,238.840,4.000,0.000,1.000,13.0
2008-08-12,21:47:00,0.234,0.240,239.600,1.400,0.000,1.000,1.0
2008-08-12,21:48:00,0.232,0.240,239.640,1.400,0.000,2.000,0.0
2008-08-12,21:49:00,0.230,0.240,240.050,1.400,0.000,1.000,1.0
2008-08-12,21:50:00,0.230,0.240,240.060,1.200,0.000,1.000,1.0
2008-08-12,21:51:00,0.228,0.240,240.180,1.200,0.000,1.000,0.0
2008-08-12,21:52:00,0.226,0.242,240.330,1.200,0.000,2.000,1.0
2008-08-12,21:53:00,0.162,0.138,240.380,0.800,0.000,0.000,1.0
2008-08-12,21:54:00,0.150,0.122,240.210,0.800,0.000,0.000,0.0
2008-08-12,21:55:00,0.204,0.160,239.840,1.200,0.000,0.000,1.0
2008-08-12,21:56:00,0.190,0.148,239.530,1.000,0.000,0.000,1.0
2008-08-12,21:57:00,0.186,0.148,239.560,1.000,0.000,0.000,0.0
2008-08-12,21:58:00,0.184,0.150,239.640,1.000,0.000,0.000,1.0
2008-08-12,21:59:00,0.182,0.150,239.560,0.800,0.000,0.000,1.0
2008-08-12,22:00:00,0.182,0.150,239.910,0.800,0.000,0.000,0.0
2008-08-12,22:01:00,0.180,0.150,240.220,0.800,0.000,0.000,1.0
2008-08-12,22:02:00,0.180,0.150,240.040,0.800,0.000,0.000,1.0
2008-08-12,22:03:00,0.178,0.150,239.910,0.800,0.000,0.000,0.0
2008-08-12,22:04:00,0.178,0.150,240.150,0.800,0.000,0.000,1.0
2008-08-12,22:05:00,0.176,0.150,240.350,0.800,0.000,0.000,1.0
2008-08-12,22:06:00,0.176,0.152,240.540,0.800,0.000,0.000,0.0
2008-08-12,22:07:00,0.176,0.152,240.680,0.800,0.000,0.000,1.0
2008-08-12,22:08:00,0.176,0.152,240.750,0.800,0.000,0.000,0.0
2008-08-12,22:09:00,0.176,0.152,240.690,0.800,0.000,0.000,1.0
2008-08-12,22:10:00,0.174,0.152,240.520,0.800,0.000,0.000,1.0
2008-08-12,22:11:00,0.174,0.150,240.500,0.800,0.000,0.000,0.0
2008-08-12,22:12:00,0.174,0.150,240.430,0.800,0.000,0.000,1.0
2008-08-12,22:13:00,0.174,0.150,240.480,0.800,0.000,0.000,1.0
2008-08-12,22:14:00,0.174,0.150,240.430,0.800,0.000,0.000,0.0
2008-08-12,22:15:00,0.156,0.126,240.240,0.800,0.000,0.000,1.0
2008-08-12,22:16:00,0.080,0.000,240.470,0.200,0.000,0.000,1.0
2008-08-12,22:17:00,0.080,0.000,240.530,0.200,0.000,0.000,0.0
2008-08-12,22:18:00,0.080,0.000,241.250,0.200,0.000,0.000,1.0
2008-08-12,22:19:00,0.082,0.000,241.890,0.200,0.000,0.000,1.0
2008-08-12,22:20:00,0.082,0.000,241.800,0.200,0.000,0.000,0.0
2008-08-12,22:21:00,0.082,0.000,241.860,0.200,0.000,0.000,1.0
2008-08-12,22:22:00,0.082,0.000,241.850,0.200,0.000,0.000,1.0
2008-08-12,22:23:00,0.120,0.050,241.990,0.800,0.000,0.000,0.0
2008-08-12,22:24:00,0.160,0.124,241.900,0.800,0.000,0.000,1.0
2008-08-12,22:25:00,0.160,0.124,241.370,0.800,0.000,0.000,1.0
2008-08-12,22:26:00,0.160,0.124,241.350,0.800,0.000,0.000,0.0
2008-08-12,22:27:00,0.158,0.124,241.160,0.800,0.000,0.000,1.0
2008-08-12,22:28:00,0.156,0.124,241.200,0.800,0.000,0.000,1.0
2008-08-12,22:29:00,0.154,0.124,241.310,0.800,0.000,0.000,0.0
2008-08-12,22:30:00,0.154,0.124,241.330,0.800,0.000,0.000,1.0
2008-08-12,22:31:00,0.152,0.124,241.360,0.800,0.000,0.000,1.0
2008-08-12,22:32:00,0.152,0.124,241.190,0.800,0.000,0.000,0.0
2008-08-12,22:33:00,0.126,0.086,241.190,0.600,0.000,0.000,1.0
2008-08-12,22:34:00,0.080,0.000,241.400,0.200,0.000,0.000,1.0
2008-08-12,22:35:00,0.080,0.000,241.590,0.200,0.000,0.000,0.0
2008-08-12,22:36:00,0.080,0.000,241.800,0.200,0.000,0.000,1.0
2008-08-12,22:37:00,0.082,0.000,241.870,0.200,0.000,0.000,1.0
2008-08-12,22:38:00,0.082,0.000,241.800,0.200,0.000,0.000,0.0
2008-08-12,22:39:00,0.082,0.000,241.660,0.200,0.000,0.000,1.0
2008-08-12,22:40:00,0.082,0.000,241.880,0.200,0.000,0.000,1.0
2008-08-12,22:41:00,0.082,0.000,242.730,0.200,0.000,0.000,0.0
2008-08-12,22:42:00,0.082,0.000,242.690,0.200,0.000,0.000,1.0
2008-08-12,22:43:00,0.082,0.000,242.510,0.200,0.000,0.000,1.0
2008-08-12,22:44:00,0.176,0.120,242.670,1.000,0.000,0.000,0.0
2008-08-12,22:45:00,0.192,0.156,242.690,1.000,0.000,0.000,1.0
2008-08-12,22:46:00,0.188,0.154,242.150,1.000,0.000,0.000,1.0
2008-08-12,22:47:00,0.186,0.154,242.310,1.000,0.000,0.000,0.0
2008-08-12,22:48:00,0.186,0.156,242.390,1.000,0.000,0.000,1.0
2008-08-12,22:49:00,0.184,0.154,242.330,1.000,0.000,0.000,1.0
2008-08-12,22:50:00,0.184,0.156,243.030,1.000,0.000,0.000,0.0
2008-08-12,22:51:00,0.182,0.156,243.070,1.000,0.000,0.000,1.0
2008-08-12,22:52:00,0.182,0.156,243.040,1.000,0.000,0.000,1.0
2008-08-12,22:53:00,0.180,0.156,242.770,0.800,0.000,0.000,0.0
2008-08-12,22:54:00,0.178,0.154,242.180,0.800,0.000,0.000,1.0
2008-08-12,22:55:00,0.178,0.154,241.630,0.800,0.000,0.000,1.0
2008-08-12,22:56:00,0.176,0.154,241.580,0.800,0.000,0.000,0.0
2008-08-12,22:57:00,0.176,0.152,240.860,0.800,0.000,0.000,1.0
2008-08-12,22:58:00,0.176,0.152,241.140,0.800,0.000,0.000,1.0
2008-08-12,22:59:00,0.176,0.152,241.240,0.800,0.000,0.000,0.0
2008-08-12,23:00:00,0.256,0.242,241.220,1.600,0.000,0.000,1.0
2008-08-12,23:01:00,0.264,0.274,240.960,1.400,0.000,1.000,0.0
2008-08-12,23:02:00,0.352,0.372,239.960,2.200,0.000,2.000,1.0
2008-08-12,23:03:00,0.336,0.372,239.850,2.000,0.000,1.000,1.0
2008-08-12,23:04:00,0.796,0.426,239.510,4.000,0.000,2.000,8.0
2008-08-12,23:05:00,0.886,0.348,239.560,4.000,0.000,1.000,11.0
2008-08-12,23:06:00,0.916,0.348,239.640,4.000,0.000,2.000,12.0
2008-08-12,23:07:00,0.932,0.346,239.430,4.000,0.000,1.000,12.0
2008-08-12,23:08:00,0.934,0.344,239.370,4.200,0.000,2.000,13.0
2008-08-12,23:09:00,0.378,0.264,240.100,2.200,0.000,1.000,3.0
2008-08-12,23:10:00,0.234,0.242,240.440,1.400,0.000,1.000,1.0
2008-08-12,23:11:00,0.232,0.242,240.530,1.400,0.000,2.000,1.0
2008-08-12,23:12:00,0.184,0.172,241.180,1.000,0.000,1.000,0.0
2008-08-12,23:13:00,0.164,0.142,241.750,0.800,0.000,1.000,1.0
2008-08-12,23:14:00,0.162,0.142,241.970,0.800,0.000,2.000,1.0
2008-08-12,23:15:00,0.162,0.142,241.940,0.800,0.000,1.000,0.0
2008-08-12,23:16:00,0.160,0.142,241.300,0.800,0.000,1.000,1.0
2008-08-12,23:17:00,0.160,0.140,241.290,0.800,0.000,2.000,1.0
2008-08-12,23:18:00,0.160,0.140,241.410,0.800,0.000,1.000,0.0
2008-08-12,23:19:00,0.160,0.142,241.580,0.800,0.000,1.000,1.0
2008-08-12,23:20:00,0.158,0.142,241.510,0.800,0.000,2.000,1.0
2008-08-12,23:21:00,0.150,0.130,242.110,0.800,0.000,1.000,0.0
2008-08-12,23:22:00,0.082,0.000,242.710,0.200,0.000,0.000,1.0
2008-08-12,23:23:00,0.082,0.000,242.850,0.200,0.000,0.000,1.0
2008-08-12,23:24:00,0.082,0.000,242.930,0.200,0.000,0.000,0.0
2008-08-12,23:25:00,0.082,0.000,242.570,0.200,0.000,0.000,1.0
2008-08-12,23:26:00,0.082,0.000,242.390,0.200,0.000,0.000,1.0
2008-08-12,23:27:00,0.082,0.000,242.410,0.200,0.000,0.000,0.0
2008-08-12,23:28:00,0.082,0.000,242.900,0.200,0.000,0.000,1.0
2008-08-12,23:29:00,0.082,0.000,243.080,0.200,0.000,0.000,1.0
2008-08-12,23:30:00,0.082,0.000,243.640,0.200,0.000,0.000,0.0
2008-08-12,23:31:00,0.082,0.000,243.970,0.200,0.000,0.000,1.0
2008-08-12,23:32:00,0.096,0.000,243.480,0.600,0.000,0.000,1.0
2008-08-12,23:33:00,0.198,0.158,243.380,1.000,0.000,0.000,0.0
2008-08-12,23:34:00,0.192,0.156,243.090,1.000,0.000,0.000,1.0
2008-08-12,23:35:00,0.188,0.156,242.930,1.000,0.000,0.000,1.0
2008-08-12,23:36:00,0.186,0.156,242.900,1.000,0.000,0.000,0.0
2008-08-12,23:37:00,0.186,0.156,243.010,1.000,0.000,0.000,1.0
2008-08-12,23:38:00,0.184,0.156,242.930,1.000,0.000,0.000,1.0
2008-08-12,23:39:00,0.182,0.154,242.060,1.000,0.000,0.000,0.0
2008-08-12,23:40:00,0.240,0.210,241.360,1.400,0.000,0.000,1.0
2008-08-12,23:41:00,0.254,0.256,241.280,1.400,0.000,0.000,1.0
2008-08-12,23:42:00,0.254,0.256,241.340,1.400,0.000,0.000,0.0
2008-08-12,23:43:00,0.252,0.256,241.330,1.400,0.000,0.000,1.0
2008-08-12,23:44:00,0.250,0.256,241.080,1.400,0.000,0.000,1.0
2008-08-12,23:45:00,0.248,0.252,240.520,1.400,0.000,0.000,0.0
2008-08-12,23:46:00,0.246,0.254,240.540,1.400,0.000,0.000,1.0
2008-08-12,23:47:00,0.244,0.252,240.400,1.400,0.000,0.000,1.0
2008-08-12,23:48:00,0.244,0.252,240.300,1.400,0.000,0.000,0.0
2008-08-12,23:49:00,0.242,0.252,240.160,1.400,0.000,0.000,1.0
2008-08-12,23:50:00,0.228,0.232,240.110,1.200,0.000,0.000,1.0
2008-08-12,23:51:00,0.174,0.150,240.500,0.800,0.000,0.000,0.0
2008-08-12,23:52:00,0.174,0.152,240.770,0.800,0.000,0.000,1.0
2008-08-12,23:53:00,0.096,0.000,240.340,0.400,0.000,0.000,1.0
2008-08-12,23:54:00,0.080,0.000,239.930,0.200,0.000,0.000,0.0
2008-08-12,23:55:00,0.080,0.000,239.590,0.200,0.000,0.000,1.0
2008-08-12,23:56:00,0.080,0.000,239.410,0.200,0.000,0.000,0.0
2008-08-12,23:57:00,0.080,0.000,239.370,0.200,0.000,0.000,1.0
2008-08-12,23:58:00,0.080,0.000,239.450,0.200,0.000,0.000,1.0
2008-08-12,23:59:00,0.080,0.000,239.510,0.200,0.000,0.000,0.0
