Date,Time,Global_active_power,Global_reactive_power,Voltage,Global_intensity,Sub_metering_1,Sub_metering_2,Sub_metering_3
2008-08-13,00:00:00,0.080,0.000,239.540,0.200,0.000,0.000,1.0
2008-08-13,00:01:00,0.080,0.000,239.540,0.200,0.000,0.000,1.0
2008-08-13,00:02:00,0.080,0.000,239.510,0.200,0.000,0.000,0.0
2008-08-13,00:03:00,0.080,0.000,239.510,0.200,0.000,0.000,1.0
2008-08-13,00:04:00,0.080,0.000,239.660,0.200,0.000,0.000,1.0
2008-08-13,00:05:00,0.080,0.000,239.870,0.200,0.000,0.000,0.0
2008-08-13,00:06:00,0.080,0.000,239.790,0.200,0.000,0.000,1.0
2008-08-13,00:07:00,0.080,0.000,239.720,0.200,0.000,0.000,1.0
2008-08-13,00:08:00,0.080,0.000,239.960,0.200,0.000,0.000,0.0
2008-08-13,00:09:00,0.080,0.000,239.960,0.200,0.000,0.000,1.0
2008-08-13,00:10:00,0.080,0.000,240.020,0.200,0.000,0.000,1.0
2008-08-13,00:11:00,0.080,0.000,240.060,0.200,0.000,0.000,0.0
2008-08-13,00:12:00,0.080,0.000,240.000,0.200,0.000,0.000,1.0
2008-08-13,00:13:00,0.080,0.000,240.270,0.200,0.000,0.000,1.0
2008-08-13,00:14:00,0.080,0.000,240.710,0.200,0.000,0.000,0.0
2008-08-13,00:15:00,0.080,0.000,240.610,0.200,0.000,0.000,1.0
2008-08-13,00:16:00,0.080,0.000,240.580,0.200,0.000,0.000,1.0
2008-08-13,00:17:00,0.080,0.000,240.520,0.200,0.000,0.000,0.0
2008-08-13,00:18:00,0.142,0.078,240.660,0.800,0.000,0.000,1.0
2008-08-13,00:19:00,0.158,0.122,240.560,0.800,0.000,0.000,0.0
2008-08-13,00:20:00,0.158,0.122,240.810,0.800,0.000,0.000,1.0
2008-08-13,00:21:00,0.210,0.172,241.390,1.200,0.000,0.000,1.0
2008-08-13,00:22:00,0.266,0.252,240.540,1.400,0.000,0.000,0.0
2008-08-13,00:23:00,0.260,0.254,240.720,1.400,0.000,0.000,1.0
2008-08-13,00:24:00,0.258,0.254,240.830,1.400,0.000,0.000,1.0
2008-08-13,00:25:00,0.254,0.254,240.770,1.400,0.000,0.000,0.0
2008-08-13,00:26:00,0.252,0.254,240.670,1.400,0.000,0.000,1.0
2008-08-13,00:27:00,0.250,0.254,240.600,1.400,0.000,0.000,1.0
2008-08-13,00:28:00,0.196,0.174,240.590,1.000,0.000,0.000,0.0
2008-08-13,00:29:00,0.262,0.242,240.530,1.600,0.000,0.000,1.0
2008-08-13,00:30:00,0.500,0.314,240.070,2.800,0.000,1.000,4.0
2008-08-13,00:31:00,0.898,0.378,239.750,4.000,0.000,2.000,11.0
2008-08-13,00:32:00,0.928,0.382,240.320,4.200,0.000,1.000,12.0
2008-08-13,00:33:00,0.954,0.384,240.730,4.200,0.000,2.000,12.0
2008-08-13,00:34:00,0.962,0.386,240.890,4.200,0.000,1.000,12.0
2008-08-13,00:35:00,0.466,0.308,241.440,2.600,0.000,2.000,5.0
2008-08-13,00:36:00,0.262,0.276,241.740,1.400,0.000,1.000,1.0
2008-08-13,00:37:00,0.262,0.276,241.740,1.400,0.000,2.000,0.0
2008-08-13,00:38:00,0.260,0.276,241.810,1.400,0.000,1.000,1.0
2008-08-13,00:39:00,0.258,0.278,241.960,1.400,0.000,1.000,1.0
2008-08-13,00:40:00,0.258,0.276,241.710,1.400,0.000,2.000,0.0
2008-08-13,00:41:00,0.256,0.274,241.230,1.400,0.000,1.000,1.0
2008-08-13,00:42:00,0.174,0.156,241.150,1.000,0.000,1.000,1.0
2008-08-13,00:43:00,0.162,0.140,240.790,0.800,0.000,2.000,0.0
2008-08-13,00:44:00,0.160,0.140,240.690,0.800,0.000,1.000,1.0
2008-08-13,00:45:00,0.160,0.140,240.830,0.800,0.000,1.000,1.0
2008-08-13,00:46:00,0.160,0.140,240.650,0.800,0.000,2.000,0.0
2008-08-13,00:47:00,0.158,0.138,240.380,0.800,0.000,1.000,1.0
2008-08-13,00:48:00,0.158,0.138,240.370,0.800,0.000,1.000,1.0
2008-08-13,00:49:00,0.158,0.140,240.570,0.800,0.000,1.000,0.0
2008-08-13,00:50:00,0.140,0.112,240.640,0.800,0.000,2.000,1.0
2008-08-13,00:51:00,0.080,0.000,241.220,0.200,0.000,0.000,1.0
2008-08-13,00:52:00,0.082,0.000,241.550,0.200,0.000,0.000,0.0
2008-08-13,00:53:00,0.082,0.000,241.740,0.200,0.000,0.000,1.0
2008-08-13,00:54:00,0.082,0.000,241.710,0.200,0.000,0.000,1.0
2008-08-13,00:55:00,0.108,0.000,241.580,0.800,0.000,0.000,0.0
2008-08-13,00:56:00,0.160,0.124,241.310,0.800,0.000,0.000,1.0
2008-08-13,00:57:00,0.158,0.124,241.570,0.800,0.000,0.000,1.0
2008-08-13,00:58:00,0.158,0.124,241.530,0.800,0.000,0.000,0.0
2008-08-13,00:59:00,0.158,0.124,241.130,0.800,0.000,0.000,1.0
2008-08-13,01:00:00,0.156,0.122,240.570,0.800,0.000,0.000,1.0
2008-08-13,01:01:00,0.154,0.122,240.650,0.800,0.000,0.000,0.0
2008-08-13,01:02:00,0.152,0.122,240.650,0.800,0.000,0.000,1.0
2008-08-13,01:03:00,0.152,0.122,240.650,0.800,0.000,0.000,1.0
2008-08-13,01:04:00,0.152,0.122,240.860,0.800,0.000,0.000,0.0
2008-08-13,01:05:00,0.122,0.080,240.860,0.600,0.000,0.000,1.0
2008-08-13,01:06:00,0.080,0.000,241.140,0.200,0.000,0.000,1.0
2008-08-13,01:07:00,0.082,0.000,241.640,0.200,0.000,0.000,0.0
2008-08-13,01:08:00,0.080,0.000,241.110,0.200,0.000,0.000,1.0
2008-08-13,01:09:00,0.080,0.000,240.840,0.200,0.000,0.000,1.0
2008-08-13,01:10:00,0.146,0.084,240.780,0.800,0.000,0.000,0.0
2008-08-13,01:11:00,0.192,0.150,240.740,1.000,0.000,0.000,1.0
2008-08-13,01:12:00,0.186,0.150,240.600,1.000,0.000,0.000,1.0
2008-08-13,01:13:00,0.186,0.150,240.590,1.000,0.000,0.000,0.0
2008-08-13,01:14:00,0.184,0.150,240.610,1.000,0.000,0.000,1.0
2008-08-13,01:15:00,0.182,0.150,240.600,0.800,0.000,0.000,1.0
2008-08-13,01:16:00,0.182,0.152,240.650,0.800,0.000,0.000,0.0
2008-08-13,01:17:00,0.180,0.150,240.530,0.800,0.000,0.000,1.0
2008-08-13,01:18:00,0.178,0.150,240.510,0.800,0.000,0.000,0.0
2008-08-13,01:19:00,0.178,0.150,240.220,0.800,0.000,0.000,1.0
2008-08-13,01:20:00,0.176,0.148,239.710,0.800,0.000,0.000,1.0
2008-08-13,01:21:00,0.176,0.148,239.720,0.800,0.000,0.000,0.0
2008-08-13,01:22:00,0.176,0.148,239.750,0.800,0.000,0.000,1.0
2008-08-13,01:23:00,0.176,0.150,239.820,0.800,0.000,0.000,1.0
2008-08-13,01:24:00,0.174,0.148,239.850,0.800,0.000,0.000,0.0
2008-08-13,01:25:00,0.174,0.148,239.740,0.800,0.000,0.000,1.0
2008-08-13,01:26:00,0.174,0.150,240.220,0.800,0.000,0.000,1.0
2008-08-13,01:27:00,0.174,0.150,240.360,0.800,0.000,0.000,0.0
2008-08-13,01:28:00,0.174,0.150,240.450,0.800,0.000,0.000,1.0
2008-08-13,01:29:00,0.174,0.150,240.360,0.800,0.000,0.000,1.0
2008-08-13,01:30:00,0.172,0.150,240.470,0.800,0.000,0.000,0.0
2008-08-13,01:31:00,0.080,0.000,241.140,0.200,0.000,0.000,1.0
2008-08-13,01:32:00,0.080,0.000,241.280,0.200,0.000,0.000,1.0
2008-08-13,01:33:00,0.118,0.046,240.900,0.800,0.000,0.000,0.0
2008-08-13,01:34:00,0.158,0.122,240.400,0.800,0.000,0.000,1.0
2008-08-13,01:35:00,0.158,0.122,240.380,0.800,0.000,0.000,1.0
2008-08-13,01:36:00,0.158,0.122,240.470,0.800,0.000,0.000,0.0
2008-08-13,01:37:00,0.156,0.122,240.340,0.800,0.000,0.000,1.0
2008-08-13,01:38:00,0.156,0.122,240.360,0.800,0.000,0.000,1.0
2008-08-13,01:39:00,0.154,0.122,240.410,0.800,0.000,0.000,0.0
2008-08-13,01:40:00,0.154,0.122,240.810,0.800,0.000,0.000,1.0
2008-08-13,01:41:00,0.152,0.122,240.690,0.800,0.000,0.000,1.0
2008-08-13,01:42:00,0.152,0.122,240.450,0.800,0.000,0.000,0.0
2008-08-13,01:43:00,0.130,0.090,240.460,0.600,0.000,0.000,1.0
2008-08-13,01:44:00,0.080,0.000,240.570,0.200,0.000,0.000,0.0
2008-08-13,01:45:00,0.080,0.000,240.740,0.200,0.000,0.000,1.0
2008-08-13,01:46:00,0.080,0.000,240.770,0.200,0.000,0.000,1.0
2008-08-13,01:47:00,0.080,0.000,240.870,0.200,0.000,0.000,0.0
2008-08-13,01:48:00,0.080,0.000,240.830,0.200,0.000,0.000,1.0
2008-08-13,01:49:00,0.080,0.000,240.750,0.200,0.000,0.000,1.0
2008-08-13,01:50:00,0.080,0.000,241.060,0.200,0.000,0.000,0.0
2008-08-13,01:51:00,0.080,0.000,241.280,0.200,0.000,0.000,1.0
2008-08-13,01:52:00,0.080,0.000,241.040,0.200,0.000,0.000,1.0
2008-08-13,01:53:00,0.080,0.000,240.310,0.200,0.000,0.000,0.0
2008-08-13,01:54:00,0.218,0.000,239.990,1.400,0.000,0.000,3.0
2008-08-13,01:55:00,0.712,0.122,239.360,3.000,0.000,0.000,11.0
2008-08-13,01:56:00,0.736,0.124,239.510,3.000,0.000,0.000,12.0
2008-08-13,01:57:00,0.766,0.124,239.550,3.200,0.000,0.000,12.0
2008-08-13,01:58:00,0.856,0.214,239.440,3.600,0.000,0.000,12.0
2008-08-13,01:59:00,0.622,0.258,239.660,3.000,0.000,1.000,8.0
2008-08-13,02:00:00,0.280,0.270,239.960,1.600,0.000,2.000,0.0
2008-08-13,02:01:00,0.276,0.272,240.140,1.600,0.000,1.000,1.0
2008-08-13,02:02:00,0.274,0.272,240.260,1.600,0.000,2.000,1.0
2008-08-13,02:03:00,0.270,0.272,240.120,1.600,0.000,1.000,0.0
2008-08-13,02:04:00,0.270,0.272,240.300,1.600,0.000,1.000,1.0
2008-08-13,02:05:00,0.268,0.272,240.400,1.400,0.000,2.000,1.0
2008-08-13,02:06:00,0.264,0.272,240.270,1.400,0.000,1.000,0.0
2008-08-13,02:07:00,0.262,0.272,240.330,1.400,0.000,2.000,1.0
2008-08-13,02:08:00,0.262,0.272,240.590,1.400,0.000,1.000,1.0
2008-08-13,02:09:00,0.260,0.274,240.900,1.400,0.000,2.000,0.0
2008-08-13,02:10:00,0.258,0.272,240.640,1.400,0.000,1.000,1.0
2008-08-13,02:11:00,0.256,0.272,240.760,1.400,0.000,1.000,0.0
2008-08-13,02:12:00,0.336,0.360,240.710,2.000,0.000,2.000,1.0
2008-08-13,02:13:00,0.328,0.374,240.580,2.000,0.000,1.000,1.0
2008-08-13,02:14:00,0.328,0.374,240.610,2.000,0.000,1.000,0.0
2008-08-13,02:15:00,0.326,0.374,240.460,2.000,0.000,1.000,1.0
2008-08-13,02:16:00,0.324,0.374,240.390,2.000,0.000,2.000,1.0
2008-08-13,02:17:00,0.322,0.374,240.340,2.000,0.000,1.000,0.0
2008-08-13,02:18:00,0.320,0.374,240.470,2.000,0.000,1.000,1.0
2008-08-13,02:19:00,0.280,0.316,240.660,1.800,0.000,1.000,1.0
2008-08-13,02:20:00,0.152,0.122,240.960,0.800,0.000,0.000,0.0
2008-08-13,02:21:00,0.152,0.124,241.430,0.800,0.000,0.000,1.0
2008-08-13,02:22:00,0.110,0.060,242.210,0.400,0.000,0.000,1.0
2008-08-13,02:23:00,0.082,0.000,242.340,0.200,0.000,0.000,0.0
2008-08-13,02:24:00,0.082,0.000,241.920,0.200,0.000,0.000,1.0
2008-08-13,02:25:00,0.082,0.000,241.890,0.200,0.000,0.000,1.0
2008-08-13,02:26:00,0.082,0.000,241.960,0.200,0.000,0.000,0.0
2008-08-13,02:27:00,0.082,0.000,242.010,0.200,0.000,0.000,1.0
2008-08-13,02:28:00,0.082,0.000,241.970,0.200,0.000,0.000,1.0
2008-08-13,02:29:00,0.082,0.000,241.870,0.200,0.000,0.000,0.0
2008-08-13,02:30:00,0.082,0.000,241.460,0.200,0.000,0.000,1.0
2008-08-13,02:31:00,0.080,0.000,241.540,0.200,0.000,0.000,1.0
2008-08-13,02:32:00,0.082,0.000,241.800,0.200,0.000,0.000,0.0
2008-08-13,02:33:00,0.082,0.000,241.820,0.200,0.000,0.000,1.0
2008-08-13,02:34:00,0.082,0.000,241.930,0.200,0.000,0.000,1.0
2008-08-13,02:35:00,0.082,0.000,241.890,0.200,0.000,0.000,0.0
2008-08-13,02:36:00,0.082,0.000,241.530,0.200,0.000,0.000,1.0
2008-08-13,02:37:00,0.082,0.000,241.850,0.200,0.000,0.000,1.0
2008-08-13,02:38:00,0.082,0.000,242.540,0.200,0.000,0.000,0.0
2008-08-13,02:39:00,0.082,0.000,242.720,0.200,0.000,0.000,1.0
2008-08-13,02:40:00,0.082,0.000,242.670,0.200,0.000,0.000,1.0
2008-08-13,02:41:00,0.082,0.000,242.820,0.200,0.000,0.000,0.0
2008-08-13,02:42:00,0.082,0.000,243.090,0.200,0.000,0.000,1.0
2008-08-13,02:43:00,0.082,0.000,242.850,0.200,0.000,0.000,1.0
2008-08-13,02:44:00,0.082,0.000,241.990,0.200,0.000,0.000,0.0
2008-08-13,02:45:00,0.082,0.000,241.820,0.200,0.000,0.000,1.0
2008-08-13,02:46:00,0.082,0.000,241.860,0.200,0.000,0.000,1.0
2008-08-13,02:47:00,0.082,0.000,241.760,0.200,0.000,0.000,0.0
2008-08-13,02:48:00,0.184,0.128,241.550,1.000,0.000,0.000,1.0
2008-08-13,02:49:00,0.192,0.152,241.380,1.000,0.000,0.000,1.0
2008-08-13,02:50:00,0.244,0.208,241.170,1.400,0.000,0.000,0.0
2008-08-13,02:51:00,0.260,0.254,241.120,1.400,0.000,0.000,1.0
2008-08-13,02:52:00,0.260,0.254,241.080,1.400,0.000,0.000,1.0
2008-08-13,02:53:00,0.258,0.254,241.150,1.400,0.000,0.000,0.0
2008-08-13,02:54:00,0.256,0.256,241.210,1.400,0.000,0.000,1.0
2008-08-13,02:55:00,0.254,0.256,241.300,1.400,0.000,0.000,1.0
2008-08-13,02:56:00,0.250,0.256,241.430,1.400,0.000,0.000,0.0
2008-08-13,02:57:00,0.248,0.256,241.520,1.400,0.000,0.000,1.0
2008-08-13,02:58:00,0.250,0.260,242.720,1.400,0.000,0.000,1.0
2008-08-13,02:59:00,0.248,0.260,242.690,1.400,0.000,0.000,0.0
2008-08-13,03:00:00,0.208,0.202,242.270,1.200,0.000,0.000,1.0
2008-08-13,03:01:00,0.178,0.154,242.130,0.800,0.000,0.000,1.0
2008-08-13,03:02:00,0.178,0.154,242.090,0.800,0.000,0.000,0.0
2008-08-13,03:03:00,0.176,0.154,242.120,0.800,0.000,0.000,1.0
2008-08-13,03:04:00,0.176,0.154,242.150,0.800,0.000,0.000,1.0
2008-08-13,03:05:00,0.176,0.154,242.160,0.800,0.000,0.000,0.0
2008-08-13,03:06:00,0.176,0.154,242.170,0.800,0.000,0.000,1.0
2008-08-13,03:07:00,0.174,0.154,241.720,0.800,0.000,0.000,1.0
2008-08-13,03:08:00,0.118,0.072,241.630,0.600,0.000,0.000,0.0
2008-08-13,03:09:00,0.082,0.000,241.640,0.200,0.000,0.000,1.0
2008-08-13,03:10:00,0.082,0.000,241.730,0.200,0.000,0.000,0.0
2008-08-13,03:11:00,0.082,0.000,241.720,0.200,0.000,0.000,1.0
2008-08-13,03:12:00,0.082,0.000,241.910,0.200,0.000,0.000,1.0
2008-08-13,03:13:00,0.082,0.000,242.100,0.200,0.000,0.000,0.0
2008-08-13,03:14:00,0.082,0.000,242.240,0.200,0.000,0.000,1.0
2008-08-13,03:15:00,0.082,0.000,242.320,0.200,0.000,0.000,1.0
2008-08-13,03:16:00,0.082,0.000,242.240,0.200,0.000,0.000,0.0
2008-08-13,03:17:00,0.082,0.000,242.200,0.200,0.000,0.000,1.0
2008-08-13,03:18:00,0.082,0.000,242.120,0.200,0.000,0.000,1.0
2008-08-13,03:19:00,0.082,0.000,241.930,0.200,0.000,0.000,0.0
2008-08-13,03:20:00,0.248,0.052,241.630,1.600,0.000,0.000,3.0
2008-08-13,03:21:00,0.718,0.134,241.130,3.000,0.000,0.000,12.0
2008-08-13,03:22:00,0.742,0.134,241.170,3.000,0.000,0.000,11.0
2008-08-13,03:23:00,0.770,0.132,241.240,3.200,0.000,0.000,12.0
2008-08-13,03:24:00,0.780,0.132,241.270,3.200,0.000,0.000,13.0
2008-08-13,03:25:00,0.352,0.062,241.830,2.000,0.000,0.000,5.0
2008-08-13,03:26:00,0.082,0.000,242.230,0.200,0.000,0.000,1.0
2008-08-13,03:27:00,0.176,0.126,242.140,1.000,0.000,0.000,1.0
2008-08-13,03:28:00,0.248,0.226,242.000,1.400,0.000,2.000,0.0
2008-08-13,03:29:00,0.246,0.248,242.030,1.400,0.000,1.000,1.0
2008-08-13,03:30:00,0.248,0.248,242.010,1.400,0.000,2.000,1.0
2008-08-13,03:31:00,0.246,0.248,241.980,1.400,0.000,1.000,0.0
2008-08-13,03:32:00,0.244,0.248,242.160,1.400,0.000,2.000,1.0
2008-08-13,03:33:00,0.242,0.250,242.540,1.400,0.000,1.000,1.0
2008-08-13,03:34:00,0.240,0.248,242.530,1.400,0.000,2.000,0.0
2008-08-13,03:35:00,0.240,0.250,242.540,1.400,0.000,1.000,1.0
2008-08-13,03:36:00,0.258,0.262,242.760,1.600,0.000,2.000,1.0
2008-08-13,03:37:00,0.326,0.354,242.960,2.000,0.000,1.000,0.0
2008-08-13,03:38:00,0.274,0.280,242.710,1.600,0.000,1.000,1.0
2008-08-13,03:39:00,0.270,0.280,242.700,1.600,0.000,2.000,1.0
2008-08-13,03:40:00,0.266,0.280,242.650,1.600,0.000,1.000,0.0
2008-08-13,03:41:00,0.264,0.278,242.310,1.400,0.000,1.000,1.0
2008-08-13,03:42:00,0.262,0.278,242.280,1.400,0.000,2.000,1.0
2008-08-13,03:43:00,0.260,0.278,242.170,1.400,0.000,1.000,0.0
2008-08-13,03:44:00,0.256,0.276,241.700,1.400,0.000,1.000,1.0
2008-08-13,03:45:00,0.256,0.276,241.740,1.400,0.000,2.000,1.0
2008-08-13,03:46:00,0.254,0.276,241.650,1.400,0.000,1.000,0.0
2008-08-13,03:47:00,0.252,0.276,241.590,1.400,0.000,1.000,1.0
2008-08-13,03:48:00,0.210,0.206,241.580,1.200,0.000,1.000,1.0
2008-08-13,03:49:00,0.176,0.154,241.650,0.800,0.000,0.000,0.0
2008-08-13,03:50:00,0.176,0.154,241.630,0.800,0.000,0.000,1.0
2008-08-13,03:51:00,0.176,0.154,241.450,0.800,0.000,0.000,1.0
2008-08-13,03:52:00,0.176,0.152,241.310,0.800,0.000,0.000,0.0
2008-08-13,03:53:00,0.176,0.152,241.340,0.800,0.000,0.000,1.0
2008-08-13,03:54:00,0.176,0.154,241.530,0.800,0.000,0.000,1.0
2008-08-13,03:55:00,0.174,0.154,241.240,0.800,0.000,0.000,0.0
2008-08-13,03:56:00,0.174,0.152,241.140,0.800,0.000,0.000,1.0
2008-08-13,03:57:00,0.100,0.046,241.240,0.400,0.000,0.000,1.0
2008-08-13,03:58:00,0.080,0.000,241.220,0.200,0.000,0.000,0.0
2008-08-13,03:59:00,0.080,0.000,241.290,0.200,0.000,0.000,1.0
2008-08-13,04:00:00,0.082,0.000,241.340,0.200,0.000,0.000,1.0
2008-08-13,04:01:00,0.082,0.000,241.380,0.200,0.000,0.000,0.0
2008-08-13,04:02:00,0.082,0.000,241.390,0.200,0.000,0.000,1.0
2008-08-13,04:03:00,0.082,0.000,241.490,0.200,0.000,0.000,1.0
2008-08-13,04:04:00,0.082,0.000,241.590,0.200,0.000,0.000,0.0
2008-08-13,04:05:00,0.106,0.000,241.370,0.800,0.000,0.000,1.0
2008-08-13,04:06:00,0.160,0.122,241.170,0.800,0.000,0.000,1.0
2008-08-13,04:07:00,0.160,0.124,241.340,0.800,0.000,0.000,0.0
2008-08-13,04:08:00,0.160,0.124,241.690,0.800,0.000,0.000,1.0
2008-08-13,04:09:00,0.158,0.124,241.500,0.800,0.000,0.000,1.0
2008-08-13,04:10:00,0.158,0.124,241.510,0.800,0.000,0.000,0.0
2008-08-13,04:11:00,0.156,0.124,241.500,0.800,0.000,0.000,1.0
2008-08-13,04:12:00,0.154,0.124,241.580,0.800,0.000,0.000,1.0
2008-08-13,04:13:00,0.154,0.124,241.470,0.800,0.000,0.000,0.0
2008-08-13,04:14:00,0.154,0.124,241.330,0.800,0.000,0.000,1.0
2008-08-13,04:15:00,0.128,0.086,241.300,0.600,0.000,0.000,1.0
2008-08-13,04:16:00,0.082,0.000,241.380,0.200,0.000,0.000,0.0
2008-08-13,04:17:00,0.082,0.000,241.350,0.200,0.000,0.000,1.0
2008-08-13,04:18:00,0.082,0.000,241.440,0.200,0.000,0.000,1.0
2008-08-13,04:19:00,0.082,0.000,241.570,0.200,0.000,0.000,0.0
2008-08-13,04:20:00,0.082,0.000,241.720,0.200,0.000,0.000,1.0
2008-08-13,04:21:00,0.082,0.000,241.660,0.200,0.000,0.000,1.0
2008-08-13,04:22:00,0.082,0.000,241.490,0.200,0.000,0.000,0.0
2008-08-13,04:23:00,0.082,0.000,241.380,0.200,0.000,0.000,1.0
2008-08-13,04:24:00,0.082,0.000,241.150,0.200,0.000,0.000,0.0
2008-08-13,04:25:00,0.112,0.000,241.270,0.600,0.000,0.000,1.0
2008-08-13,04:26:00,0.192,0.152,241.220,1.000,0.000,0.000,1.0
2008-08-13,04:27:00,0.190,0.152,241.120,1.000,0.000,0.000,0.0
2008-08-13,04:28:00,0.186,0.152,241.110,1.000,0.000,0.000,1.0
2008-08-13,04:29:00,0.186,0.152,241.050,1.000,0.000,0.000,1.0
2008-08-13,04:30:00,0.184,0.152,241.000,1.000,0.000,0.000,0.0
2008-08-13,04:31:00,0.184,0.154,241.710,1.000,0.000,0.000,1.0
2008-08-13,04:32:00,0.182,0.154,241.620,0.800,0.000,0.000,1.0
2008-08-13,04:33:00,0.180,0.154,241.650,0.800,0.000,0.000,0.0
2008-08-13,04:34:00,0.180,0.154,241.680,0.800,0.000,0.000,1.0
2008-08-13,04:35:00,0.178,0.154,241.760,0.800,0.000,0.000,1.0
2008-08-13,04:36:00,0.178,0.154,241.810,0.800,0.000,0.000,0.0
2008-08-13,04:37:00,0.178,0.152,241.480,0.800,0.000,0.000,1.0
2008-08-13,04:38:00,0.178,0.154,241.990,0.800,0.000,0.000,1.0
2008-08-13,04:39:00,0.178,0.156,242.590,0.800,0.000,0.000,0.0
2008-08-13,04:40:00,0.178,0.156,242.470,0.800,0.000,0.000,1.0
2008-08-13,04:41:00,0.176,0.154,241.980,0.800,0.000,0.000,1.0
2008-08-13,04:42:00,0.174,0.152,241.010,0.800,0.000,0.000,0.0
2008-08-13,04:43:00,0.208,0.174,240.830,1.200,0.000,0.000,1.0
2008-08-13,04:44:00,0.250,0.254,240.860,1.400,0.000,0.000,1.0
2008-08-13,04:45:00,0.250,0.254,240.840,1.400,0.000,0.000,0.0
2008-08-13,04:46:00,0.270,0.154,240.920,1.600,0.000,0.000,2.0
2008-08-13,04:47:00,0.786,0.234,240.400,3.400,0.000,0.000,11.0
2008-08-13,04:48:00,0.806,0.234,240.500,3.400,0.000,0.000,12.0
2008-08-13,04:49:00,0.836,0.234,240.520,3.600,0.000,0.000,12.0
2008-08-13,04:50:00,0.846,0.234,240.590,3.600,0.000,0.000,12.0
2008-08-13,04:51:00,0.294,0.146,240.970,1.800,0.000,0.000,4.0
2008-08-13,04:52:00,0.152,0.124,240.900,0.800,0.000,0.000,0.0
2008-08-13,04:53:00,0.134,0.096,240.830,0.600,0.000,0.000,1.0
2008-08-13,04:54:00,0.082,0.000,241.610,0.200,0.000,0.000,1.0
2008-08-13,04:55:00,0.082,0.000,241.580,0.200,0.000,0.000,0.0
2008-08-13,04:56:00,0.184,0.138,241.080,1.000,0.000,0.000,1.0
2008-08-13,04:57:00,0.172,0.142,241.180,0.800,0.000,2.000,1.0
2008-08-13,04:58:00,0.172,0.142,241.210,0.800,0.000,1.000,0.0
2008-08-13,04:59:00,0.170,0.142,241.000,0.800,0.000,2.000,1.0
2008-08-13,05:00:00,0.170,0.142,241.400,0.800,0.000,1.000,1.0
2008-08-13,05:01:00,0.170,0.142,241.690,0.800,0.000,2.000,0.0
2008-08-13,05:02:00,0.170,0.142,241.580,0.800,0.000,1.000,1.0
2008-08-13,05:03:00,0.168,0.140,241.060,0.800,0.000,1.000,1.0
2008-08-13,05:04:00,0.168,0.142,241.410,0.800,0.000,2.000,0.0
2008-08-13,05:05:00,0.168,0.142,241.470,0.800,0.000,1.000,1.0
2008-08-13,05:06:00,0.166,0.140,241.090,0.800,0.000,2.000,1.0
2008-08-13,05:07:00,0.166,0.140,240.800,0.800,0.000,1.000,0.0
2008-08-13,05:08:00,0.164,0.140,240.630,0.800,0.000,1.000,1.0
2008-08-13,05:09:00,0.162,0.140,240.570,0.800,0.000,2.000,1.0
2008-08-13,05:10:00,0.162,0.140,240.450,0.800,0.000,1.000,0.0
2008-08-13,05:11:00,0.160,0.138,240.380,0.800,0.000,1.000,1.0
2008-08-13,05:12:00,0.160,0.140,240.870,0.800,0.000,2.000,1.0
2008-08-13,05:13:00,0.160,0.140,241.150,0.800,0.000,1.000,0.0
2008-08-13,05:14:00,0.206,0.186,241.040,1.200,0.000,1.000,1.0
2008-08-13,05:15:00,0.268,0.274,241.330,1.600,0.000,1.000,1.0
2008-08-13,05:16:00,0.264,0.276,241.670,1.400,0.000,2.000,0.0
2008-08-13,05:17:00,0.202,0.178,241.610,1.000,0.000,0.000,1.0
2008-08-13,05:18:00,0.184,0.152,241.150,1.000,0.000,0.000,1.0
2008-08-13,05:19:00,0.184,0.152,241.160,1.000,0.000,0.000,0.0
2008-08-13,05:20:00,0.182,0.150,240.380,0.800,0.000,0.000,1.0
2008-08-13,05:21:00,0.180,0.150,240.120,0.800,0.000,0.000,1.0
2008-08-13,05:22:00,0.268,0.248,239.900,1.600,0.000,0.000,0.0
2008-08-13,05:23:00,0.254,0.252,240.210,1.400,0.000,0.000,1.0
2008-08-13,05:24:00,0.252,0.252,240.200,1.400,0.000,0.000,1.0
2008-08-13,05:25:00,0.250,0.252,240.080,1.400,0.000,0.000,0.0
2008-08-13,05:26:00,0.248,0.252,239.970,1.400,0.000,0.000,1.0
2008-08-13,05:27:00,0.246,0.252,239.730,1.400,0.000,0.000,1.0
2008-08-13,05:28:00,0.246,0.252,240.020,1.400,0.000,0.000,0.0
2008-08-13,05:29:00,0.244,0.254,240.270,1.400,0.000,0.000,1.0
2008-08-13,05:30:00,0.244,0.252,240.230,1.400,0.000,0.000,0.0
2008-08-13,05:31:00,0.244,0.254,240.480,1.400,0.000,0.000,1.0
2008-08-13,05:32:00,0.178,0.158,240.750,1.000,0.000,0.000,1.0
2008-08-13,05:33:00,0.174,0.152,240.520,0.800,0.000,0.000,0.0
2008-08-13,05:34:00,0.158,0.130,240.230,0.800,0.000,0.000,1.0
2008-08-13,05:35:00,0.080,0.000,240.220,0.200,0.000,0.000,1.0
2008-08-13,05:36:00,0.080,0.000,240.380,0.200,0.000,0.000,0.0
2008-08-13,05:37:00,0.080,0.000,240.450,0.200,0.000,0.000,1.0
2008-08-13,05:38:00,0.080,0.000,240.420,0.200,0.000,0.000,1.0
2008-08-13,05:39:00,0.080,0.000,240.350,0.200,0.000,0.000,0.0
2008-08-13,05:40:00,0.080,0.000,240.430,0.200,0.000,0.000,1.0
2008-08-13,05:41:00,0.080,0.000,240.230,0.200,0.000,0.000,1.0
2008-08-13,05:42:00,0.080,0.000,240.100,0.200,0.000,0.000,0.0
2008-08-13,05:43:00,0.080,0.000,240.300,0.200,0.000,0.000,1.0
2008-08-13,05:44:00,0.080,0.000,239.990,0.200,0.000,0.000,1.0
2008-08-13,05:45:00,0.080,0.000,240.040,0.200,0.000,0.000,0.0
2008-08-13,05:46:00,0.080,0.000,240.030,0.200,0.000,0.000,1.0
2008-08-13,05:47:00,0.080,0.000,240.050,0.200,0.000,0.000,1.0
2008-08-13,05:48:00,0.080,0.000,239.800,0.200,0.000,0.000,0.0
2008-08-13,05:49:00,0.080,0.000,239.680,0.200,0.000,0.000,1.0
2008-08-13,05:50:00,0.080,0.000,239.670,0.200,0.000,0.000,1.0
2008-08-13,05:51:00,0.080,0.000,239.810,0.200,0.000,0.000,0.0
2008-08-13,05:52:00,0.080,0.000,239.900,0.200,0.000,0.000,1.0
2008-08-13,05:53:00,0.080,0.000,240.530,0.200,0.000,0.000,1.0
2008-08-13,05:54:00,0.080,0.000,240.740,0.200,0.000,0.000,0.0
2008-08-13,05:55:00,0.080,0.000,240.720,0.200,0.000,0.000,1.0
2008-08-13,05:56:00,0.080,0.000,240.990,0.200,0.000,0.000,0.0
2008-08-13,05:57:00,0.080,0.000,241.080,0.200,0.000,0.000,1.0
2008-08-13,05:58:00,0.080,0.000,240.520,0.200,0.000,0.000,1.0
2008-08-13,05:59:00,0.102,0.000,240.420,0.600,0.000,0.000,0.0
2008-08-13,06:00:00,0.160,0.122,240.300,0.800,0.000,0.000,1.0
2008-08-13,06:01:00,0.158,0.122,240.110,0.800,0.000,0.000,1.0
2008-08-13,06:02:00,0.158,0.122,240.130,0.800,0.000,0.000,0.0
2008-08-13,06:03:00,0.234,0.200,239.290,1.400,0.000,0.000,1.0
2008-08-13,06:04:00,0.262,0.250,239.400,1.400,0.000,0.000,1.0
2008-08-13,06:05:00,0.256,0.250,239.500,1.400,0.000,0.000,0.0
2008-08-13,06:06:00,0.254,0.250,239.350,1.400,0.000,0.000,1.0
2008-08-13,06:07:00,0.252,0.250,239.370,1.400,0.000,0.000,1.0
2008-08-13,06:08:00,0.250,0.250,239.340,1.400,0.000,0.000,0.0
2008-08-13,06:09:00,0.216,0.202,239.310,1.200,0.000,0.000,1.0
2008-08-13,06:10:00,0.178,0.148,239.350,0.800,0.000,0.000,1.0
2008-08-13,06:11:00,0.660,0.232,238.810,3.200,0.000,0.000,8.0
2008-08-13,06:12:00,0.812,0.254,238.790,3.400,0.000,0.000,11.0
2008-08-13,06:13:00,0.844,0.250,238.620,3.600,0.000,0.000,12.0
2008-08-13,06:14:00,0.860,0.250,238.590,3.600,0.000,0.000,12.0
2008-08-13,06:15:00,0.866,0.252,238.870,3.800,0.000,0.000,12.0
2008-08-13,06:16:00,0.230,0.158,239.870,1.400,0.000,0.000,2.0
2008-08-13,06:17:00,0.176,0.152,240.380,0.800,0.000,0.000,1.0
2008-08-13,06:18:00,0.176,0.152,240.290,0.800,0.000,0.000,1.0
2008-08-13,06:19:00,0.174,0.150,240.250,0.800,0.000,0.000,0.0
2008-08-13,06:20:00,0.174,0.152,240.330,0.800,0.000,0.000,1.0
2008-08-13,06:21:00,0.174,0.152,240.310,0.800,0.000,0.000,1.0
2008-08-13,06:22:00,0.174,0.150,240.190,0.800,0.000,0.000,0.0
2008-08-13,06:23:00,0.126,0.084,240.240,0.600,0.000,0.000,1.0
2008-08-13,06:24:00,0.116,0.046,239.560,0.800,0.000,0.000,1.0
2008-08-13,06:25:00,0.170,0.138,239.550,0.800,0.000,1.000,0.0
2008-08-13,06:26:00,0.170,0.138,239.470,0.800,0.000,1.000,1.0
2008-08-13,06:27:00,0.170,0.138,239.530,0.800,0.000,2.000,0.0
2008-08-13,06:28:00,0.170,0.138,239.570,0.800,0.000,1.000,1.0
2008-08-13,06:29:00,0.168,0.138,239.640,0.800,0.000,2.000,1.0
2008-08-13,06:30:00,0.168,0.138,240.060,0.800,0.000,1.000,0.0
2008-08-13,06:31:00,0.170,0.140,240.560,0.800,0.000,2.000,1.0
2008-08-13,06:32:00,0.168,0.140,240.620,0.800,0.000,1.000,1.0
2008-08-13,06:33:00,0.168,0.140,240.650,0.800,0.000,2.000,0.0
2008-08-13,06:34:00,0.166,0.140,240.380,0.800,0.000,1.000,1.0
2008-08-13,06:35:00,0.166,0.140,240.720,0.800,0.000,1.000,1.0
2008-08-13,06:36:00,0.164,0.140,240.480,0.800,0.000,2.000,0.0
2008-08-13,06:37:00,0.208,0.178,240.320,1.200,0.000,1.000,1.0
2008-08-13,06:38:00,0.236,0.242,240.460,1.400,0.000,1.000,1.0
2008-08-13,06:39:00,0.236,0.244,241.060,1.400,0.000,2.000,0.0
2008-08-13,06:40:00,0.234,0.244,241.150,1.400,0.000,1.000,1.0
2008-08-13,06:41:00,0.232,0.242,240.480,1.400,0.000,1.000,1.0
2008-08-13,06:42:00,0.230,0.242,240.740,1.400,0.000,2.000,0.0
2008-08-13,06:43:00,0.228,0.242,240.350,1.200,0.000,1.000,1.0
2008-08-13,06:44:00,0.226,0.242,240.650,1.200,0.000,1.000,1.0
2008-08-13,06:45:00,0.210,0.216,240.430,1.200,0.000,1.000,0.0
2008-08-13,06:46:00,0.152,0.124,241.500,0.800,0.000,0.000,1.0
2008-08-13,06:47:00,0.090,0.000,242.180,0.400,0.000,0.000,1.0
2008-08-13,06:48:00,0.082,0.000,241.880,0.200,0.000,0.000,0.0
2008-08-13,06:49:00,0.082,0.000,241.910,0.200,0.000,0.000,1.0
2008-08-13,06:50:00,0.082,0.000,241.970,0.200,0.000,0.000,1.0
2008-08-13,06:51:00,0.082,0.000,241.760,0.200,0.000,0.000,0.0
2008-08-13,06:52:00,0.180,0.124,241.740,1.000,0.000,0.000,1.0
2008-08-13,06:53:00,0.192,0.154,242.030,1.000,0.000,0.000,1.0
2008-08-13,06:54:00,0.188,0.154,241.970,1.000,0.000,0.000,0.0
2008-08-13,06:55:00,0.186,0.154,242.020,1.000,0.000,0.000,1.0
2008-08-13,06:56:00,0.184,0.154,241.990,1.000,0.000,0.000,1.0
2008-08-13,06:57:00,0.184,0.154,241.800,1.000,0.000,0.000,0.0
2008-08-13,06:58:00,0.182,0.152,241.410,0.800,0.000,0.000,1.0
2008-08-13,06:59:00,0.180,0.152,241.490,0.800,0.000,0.000,1.0
2008-08-13,07:00:00,0.180,0.152,241.410,0.800,0.000,0.000,0.0
2008-08-13,07:01:00,0.178,0.154,241.550,0.800,0.000,0.000,1.0
2008-08-13,07:02:00,0.178,0.154,241.900,0.800,0.000,0.000,1.0
2008-08-13,07:03:00,0.178,0.152,241.210,0.800,0.000,0.000,0.0
2008-08-13,07:04:00,0.176,0.152,241.260,0.800,0.000,0.000,1.0
2008-08-13,07:05:00,0.176,0.152,240.970,0.800,0.000,0.000,1.0
2008-08-13,07:06:00,0.176,0.152,240.940,0.800,0.000,0.000,0.0
2008-08-13,07:07:00,0.176,0.152,240.710,0.800,0.000,0.000,1.0
2008-08-13,07:08:00,0.174,0.152,240.740,0.800,0.000,0.000,1.0
2008-08-13,07:09:00,0.174,0.152,240.730,0.800,0.000,0.000,0.0
2008-08-13,07:10:00,0.174,0.152,240.760,0.800,0.000,0.000,1.0
2008-08-13,07:11:00,0.174,0.152,240.840,0.800,0.000,0.000,0.0
2008-08-13,07:12:00,0.096,0.000,240.810,0.400,0.000,0.000,1.0
2008-08-13,07:13:00,0.080,0.000,240.610,0.200,0.000,0.000,1.0
2008-08-13,07:14:00,0.080,0.000,240.680,0.200,0.000,0.000,0.0
2008-08-13,07:15:00,0.124,0.056,240.830,0.800,0.000,0.000,1.0
2008-08-13,07:16:00,0.158,0.124,241.230,0.800,0.000,0.000,1.0
2008-08-13,07:17:00,0.160,0.126,242.370,0.800,0.000,0.000,0.0
2008-08-13,07:18:00,0.160,0.126,242.410,0.800,0.000,0.000,1.0
2008-08-13,07:19:00,0.158,0.126,242.200,0.800,0.000,0.000,1.0
2008-08-13,07:20:00,0.156,0.124,241.730,0.800,0.000,0.000,0.0
2008-08-13,07:21:00,0.156,0.124,241.700,0.800,0.000,0.000,1.0
2008-08-13,07:22:00,0.154,0.124,241.530,0.800,0.000,0.000,1.0
2008-08-13,07:23:00,0.154,0.124,241.480,0.800,0.000,0.000,0.0
2008-08-13,07:24:00,0.152,0.124,241.290,0.800,0.000,0.000,1.0
2008-08-13,07:25:00,0.106,0.056,241.870,0.400,0.000,0.000,1.0
2008-08-13,07:26:00,0.082,0.000,242.130,0.200,0.000,0.000,0.0
2008-08-13,07:27:00,0.276,0.000,241.630,1.200,0.000,0.000,1.0
2008-08-13,07:28:00,0.364,0.000,241.250,1.400,0.000,0.000,1.0
2008-08-13,07:29:00,0.090,0.000,241.530,0.400,0.000,0.000,0.0
2008-08-13,07:30:00,0.082,0.000,241.450,0.200,0.000,0.000,1.0
2008-08-13,07:31:00,0.082,0.000,242.060,0.200,0.000,0.000,1.0
2008-08-13,07:32:00,0.082,0.000,242.010,0.200,0.000,0.000,0.0
2008-08-13,07:33:00,0.082,0.000,241.930,0.200,0.000,0.000,1.0
2008-08-13,07:34:00,0.082,0.000,241.980,0.200,0.000,0.000,1.0
2008-08-13,07:35:00,0.082,0.000,241.920,0.200,0.000,0.000,0.0
2008-08-13,07:36:00,0.080,0.000,241.860,0.200,0.000,0.000,1.0
2008-08-13,07:37:00,0.080,0.000,241.820,0.200,0.000,0.000,1.0
2008-08-13,07:38:00,0.080,0.000,241.550,0.200,0.000,0.000,0.0
2008-08-13,07:39:00,0.080,0.000,241.450,0.200,0.000,0.000,1.0
2008-08-13,07:40:00,0.082,0.000,241.590,0.200,0.000,0.000,1.0
2008-08-13,07:41:00,0.192,0.138,242.050,1.000,0.000,0.000,0.0
2008-08-13,07:42:00,0.192,0.154,241.670,1.000,0.000,0.000,1.0
2008-08-13,07:43:00,0.542,0.214,240.010,2.800,0.000,0.000,6.0
2008-08-13,07:44:00,0.814,0.256,239.660,3.400,0.000,0.000,11.0
2008-08-13,07:45:00,0.844,0.256,239.480,3.600,0.000,0.000,12.0
2008-08-13,07:46:00,0.866,0.256,239.660,3.800,0.000,0.000,12.0
2008-08-13,07:47:00,0.872,0.254,239.600,3.800,0.000,0.000,12.0
2008-08-13,07:48:00,0.232,0.158,240.130,1.400,0.000,0.000,2.0
2008-08-13,07:49:00,0.178,0.150,240.110,0.800,0.000,0.000,1.0
2008-08-13,07:50:00,0.178,0.152,240.470,0.800,0.000,0.000,1.0
2008-08-13,07:51:00,0.176,0.152,240.730,0.800,0.000,0.000,0.0
2008-08-13,07:52:00,0.264,0.250,240.280,1.600,0.000,0.000,1.0
2008-08-13,07:53:00,0.264,0.270,239.760,1.400,0.000,2.000,1.0
2008-08-13,07:54:00,0.354,0.372,239.480,2.200,0.000,1.000,0.0
2008-08-13,07:55:00,0.338,0.372,239.590,2.000,0.000,2.000,1.0
2008-08-13,07:56:00,0.336,0.370,239.380,2.000,0.000,1.000,1.0
2008-08-13,07:57:00,0.334,0.372,239.560,2.000,0.000,2.000,0.0
2008-08-13,07:58:00,0.334,0.372,239.680,2.000,0.000,1.000,1.0
2008-08-13,07:59:00,0.330,0.372,239.570,2.000,0.000,2.000,0.0
2008-08-13,08:00:00,0.328,0.370,239.330,2.000,0.000,1.000,1.0
2008-08-13,08:01:00,0.252,0.264,239.110,1.400,0.000,1.000,1.0
2008-08-13,08:02:00,0.234,0.240,239.670,1.400,0.000,2.000,0.0
2008-08-13,08:03:00,0.232,0.238,239.430,1.400,0.000,1.000,1.0
2008-08-13,08:04:00,0.164,0.140,238.900,0.800,0.000,2.000,1.0
2008-08-13,08:05:00,0.162,0.138,239.390,0.800,0.000,1.000,0.0
2008-08-13,08:06:00,0.160,0.138,239.430,0.800,0.000,1.000,1.0
2008-08-13,08:07:00,0.160,0.136,239.280,0.800,0.000,2.000,1.0
2008-08-13,08:08:00,0.160,0.138,239.470,0.800,0.000,1.000,0.0
2008-08-13,08:09:00,0.158,0.138,239.460,0.800,0.000,1.000,1.0
2008-08-13,08:10:00,0.160,0.142,241.360,0.800,0.000,1.000,1.0
2008-08-13,08:11:00,0.160,0.142,241.930,0.800,0.000,2.000,0.0
2008-08-13,08:12:00,0.158,0.142,241.850,0.800,0.000,1.000,1.0
2008-08-13,08:13:00,0.098,0.046,242.360,0.400,0.000,0.000,1.0
2008-08-13,08:14:00,0.082,0.000,242.570,0.200,0.000,0.000,0.0
2008-08-13,08:15:00,0.082,0.000,242.510,0.200,0.000,0.000,1.0
2008-08-13,08:16:00,0.082,0.000,242.170,0.200,0.000,0.000,1.0
2008-08-13,08:17:00,0.082,0.000,242.390,0.200,0.000,0.000,0.0
2008-08-13,08:18:00,0.082,0.000,242.420,0.200,0.000,0.000,1.0
2008-08-13,08:19:00,0.082,0.000,242.440,0.200,0.000,0.000,1.0
2008-08-13,08:20:00,0.082,0.000,242.420,0.200,0.000,0.000,0.0
2008-08-13,08:21:00,0.082,0.000,242.470,0.200,0.000,0.000,1.0
2008-08-13,08:22:00,0.082,0.000,242.450,0.200,0.000,0.000,1.0
2008-08-13,08:23:00,0.082,0.000,242.690,0.200,0.000,0.000,0.0
2008-08-13,08:24:00,0.082,0.000,242.340,0.200,0.000,0.000,1.0
2008-08-13,08:25:00,0.082,0.000,242.880,0.200,0.000,0.000,1.0
2008-08-13,08:26:00,0.082,0.000,243.060,0.200,0.000,0.000,0.0
2008-08-13,08:27:00,0.082,0.000,242.290,0.200,0.000,0.000,1.0
2008-08-13,08:28:00,0.082,0.000,242.020,0.200,0.000,0.000,1.0
2008-08-13,08:29:00,0.132,0.068,241.870,0.800,0.000,0.000,0.0
2008-08-13,08:30:00,0.192,0.154,241.930,1.000,0.000,0.000,1.0
2008-08-13,08:31:00,0.190,0.154,241.870,1.000,0.000,0.000,1.0
2008-08-13,08:32:00,0.230,0.190,241.690,1.400,0.000,0.000,0.0
2008-08-13,08:33:00,0.260,0.258,241.780,1.400,0.000,0.000,1.0
2008-08-13,08:34:00,0.260,0.258,241.750,1.400,0.000,0.000,1.0
2008-08-13,08:35:00,0.258,0.258,241.870,1.400,0.000,0.000,0.0
2008-08-13,08:36:00,0.254,0.254,240.870,1.400,0.000,0.000,1.0
2008-08-13,08:37:00,0.252,0.254,240.730,1.400,0.000,0.000,1.0
2008-08-13,08:38:00,0.250,0.256,240.930,1.400,0.000,0.000,0.0
2008-08-13,08:39:00,0.248,0.256,241.060,1.400,0.000,0.000,1.0
2008-08-13,08:40:00,0.246,0.256,241.030,1.400,0.000,0.000,1.0
2008-08-13,08:41:00,0.246,0.256,241.300,1.400,0.000,0.000,0.0
2008-08-13,08:42:00,0.206,0.200,241.680,1.200,0.000,0.000,1.0
2008-08-13,08:43:00,0.176,0.156,242.070,0.800,0.000,0.000,1.0
2008-08-13,08:44:00,0.178,0.158,243.320,0.800,0.000,0.000,0.0
2008-08-13,08:45:00,0.178,0.158,242.850,0.800,0.000,0.000,1.0
2008-08-13,08:46:00,0.176,0.156,242.250,0.800,0.000,0.000,1.0
2008-08-13,08:47:00,0.176,0.156,242.430,0.800,0.000,0.000,0.0
2008-08-13,08:48:00,0.176,0.154,241.820,0.800,0.000,0.000,1.0
2008-08-13,08:49:00,0.120,0.074,241.630,0.600,0.000,0.000,1.0
2008-08-13,08:50:00,0.082,0.000,242.020,0.200,0.000,0.000,0.0
2008-08-13,08:51:00,0.082,0.000,242.610,0.200,0.000,0.000,1.0
2008-08-13,08:52:00,0.082,0.000,242.520,0.200,0.000,0.000,1.0
2008-08-13,08:53:00,0.082,0.000,242.490,0.200,0.000,0.000,0.0
2008-08-13,08:54:00,0.082,0.000,242.200,0.200,0.000,0.000,1.0
2008-08-13,08:55:00,0.082,0.000,242.270,0.200,0.000,0.000,1.0
2008-08-13,08:56:00,0.082,0.000,242.240,0.200,0.000,0.000,0.0
2008-08-13,08:57:00,0.082,0.000,242.130,0.200,0.000,0.000,1.0
2008-08-13,08:58:00,0.082,0.000,242.140,0.200,0.000,0.000,0.0
2008-08-13,08:59:00,0.082,0.000,241.880,0.200,0.000,0.000,1.0
2008-08-13,09:00:00,0.082,0.000,242.030,0.200,0.000,0.000,1.0
2008-08-13,09:01:00,0.082,0.000,242.480,0.200,0.000,0.000,0.0
2008-08-13,09:02:00,0.082,0.000,243.010,0.200,0.000,0.000,1.0
2008-08-13,09:03:00,0.082,0.000,242.820,0.200,0.000,0.000,1.0
2008-08-13,09:04:00,0.082,0.000,242.490,0.200,0.000,0.000,0.0
2008-08-13,09:05:00,0.082,0.000,242.360,0.200,0.000,0.000,1.0
2008-08-13,09:06:00,0.080,0.000,241.820,0.200,0.000,0.000,1.0
2008-08-13,09:07:00,0.082,0.000,242.070,0.200,0.000,0.000,0.0
2008-08-13,09:08:00,0.082,0.000,242.210,0.200,0.000,0.000,1.0
2008-08-13,09:09:00,0.082,0.000,242.700,0.200,0.000,0.000,1.0
2008-08-13,09:10:00,0.102,0.000,242.340,0.600,0.000,0.000,0.0
2008-08-13,09:11:00,0.160,0.124,242.170,0.800,0.000,0.000,1.0
2008-08-13,09:12:00,0.158,0.124,241.480,0.800,0.000,0.000,1.0
2008-08-13,09:13:00,0.158,0.122,240.550,0.800,0.000,0.000,0.0
2008-08-13,09:14:00,0.224,0.136,240.480,1.400,0.000,0.000,2.0
2008-08-13,09:15:00,0.776,0.228,239.870,3.400,0.000,0.000,11.0
2008-08-13,09:16:00,0.796,0.224,239.200,3.400,0.000,0.000,11.0
2008-08-13,09:17:00,0.826,0.224,239.320,3.600,0.000,0.000,12.0
2008-08-13,09:18:00,0.914,0.300,239.140,4.000,0.000,0.000,12.0
2008-08-13,09:19:00,0.740,0.320,239.220,3.600,0.000,0.000,9.0
2008-08-13,09:20:00,0.200,0.170,240.520,1.000,0.000,0.000,1.0
2008-08-13,09:21:00,0.254,0.222,239.880,1.400,0.000,0.000,1.0
2008-08-13,09:22:00,0.272,0.270,239.910,1.600,0.000,2.000,0.0
2008-08-13,09:23:00,0.268,0.270,239.600,1.600,0.000,1.000,1.0
2008-08-13,09:24:00,0.268,0.270,239.430,1.400,0.000,2.000,1.0
2008-08-13,09:25:00,0.266,0.270,239.600,1.400,0.000,1.000,0.0
2008-08-13,09:26:00,0.266,0.270,239.980,1.400,0.000,1.000,1.0
2008-08-13,09:27:00,0.264,0.272,240.580,1.400,0.000,2.000,1.0
2008-08-13,09:28:00,0.262,0.272,240.250,1.400,0.000,1.000,0.0
2008-08-13,09:29:00,0.262,0.272,240.210,1.400,0.000,2.000,1.0
2008-08-13,09:30:00,0.260,0.272,240.150,1.400,0.000,1.000,1.0
2008-08-13,09:31:00,0.258,0.272,240.220,1.400,0.000,2.000,0.0
2008-08-13,09:32:00,0.258,0.272,240.200,1.400,0.000,1.000,1.0
2008-08-13,09:33:00,0.256,0.270,240.120,1.400,0.000,1.000,1.0
2008-08-13,09:34:00,0.254,0.272,240.340,1.400,0.000,2.000,0.0
2008-08-13,09:35:00,0.252,0.272,240.410,1.400,0.000,1.000,1.0
2008-08-13,09:36:00,0.252,0.272,240.410,1.400,0.000,1.000,1.0
2008-08-13,09:37:00,0.250,0.272,240.360,1.400,0.000,2.000,0.0
2008-08-13,09:38:00,0.174,0.160,240.780,1.000,0.000,1.000,1.0
2008-08-13,09:39:00,0.158,0.140,240.640,0.800,0.000,1.000,1.0
2008-08-13,09:40:00,0.158,0.140,240.690,0.800,0.000,1.000,0.0
2008-08-13,09:41:00,0.158,0.140,240.420,0.800,0.000,2.000,1.0
2008-08-13,09:42:00,0.124,0.086,240.190,0.600,0.000,0.000,0.0
2008-08-13,09:43:00,0.080,0.000,239.940,0.200,0.000,0.000,1.0
2008-08-13,09:44:00,0.080,0.000,240.210,0.200,0.000,0.000,1.0
2008-08-13,09:45:00,0.080,0.000,240.150,0.200,0.000,0.000,0.0
2008-08-13,09:46:00,0.080,0.000,239.970,0.200,0.000,0.000,1.0
2008-08-13,09:47:00,0.080,0.000,240.120,0.200,0.000,0.000,1.0
2008-08-13,09:48:00,0.148,0.088,240.140,0.800,0.000,0.000,0.0
2008-08-13,09:49:00,0.156,0.122,240.240,0.800,0.000,0.000,1.0
2008-08-13,09:50:00,0.158,0.122,240.250,0.800,0.000,0.000,1.0
2008-08-13,09:51:00,0.158,0.122,240.380,0.800,0.000,0.000,0.0
2008-08-13,09:52:00,0.156,0.122,240.630,0.800,0.000,0.000,1.0
2008-08-13,09:53:00,0.156,0.122,240.670,0.800,0.000,0.000,1.0
2008-08-13,09:54:00,0.154,0.122,240.990,0.800,0.000,0.000,0.0
2008-08-13,09:55:00,0.154,0.122,240.780,0.800,0.000,0.000,1.0
2008-08-13,09:56:00,0.152,0.122,240.720,0.800,0.000,0.000,1.0
2008-08-13,09:57:00,0.132,0.094,240.880,0.600,0.000,0.000,0.0
2008-08-13,09:58:00,0.080,0.000,240.930,0.200,0.000,0.000,1.0
2008-08-13,09:59:00,0.080,0.000,240.650,0.200,0.000,0.000,1.0
2008-08-13,10:00:00,0.080,0.000,239.900,0.200,0.000,0.000,0.0
2008-08-13,10:01:00,0.080,0.000,240.180,0.200,0.000,0.000,1.0
2008-08-13,10:02:00,0.082,0.000,240.760,0.200,0.000,0.000,1.0
2008-08-13,10:03:00,0.080,0.000,240.020,0.200,0.000,0.000,0.0
2008-08-13,10:04:00,0.080,0.000,240.180,0.200,0.000,0.000,1.0
2008-08-13,10:05:00,0.082,0.000,240.350,0.200,0.000,0.000,1.0
2008-08-13,10:06:00,0.080,0.000,240.360,0.200,0.000,0.000,0.0
2008-08-13,10:07:00,0.192,0.134,240.080,1.000,0.000,0.000,1.0
2008-08-13,10:08:00,0.190,0.150,240.200,1.000,0.000,0.000,1.0
2008-08-13,10:09:00,0.186,0.150,240.240,1.000,0.000,0.000,0.0
2008-08-13,10:10:00,0.186,0.150,240.450,1.000,0.000,0.000,1.0
2008-08-13,10:11:00,0.184,0.150,240.050,1.000,0.000,0.000,0.0
2008-08-13,10:12:00,0.182,0.148,239.760,0.800,0.000,0.000,1.0
2008-08-13,10:13:00,0.180,0.148,239.720,0.800,0.000,0.000,1.0
2008-08-13,10:14:00,0.180,0.148,239.480,0.800,0.000,0.000,0.0
2008-08-13,10:15:00,0.178,0.148,239.850,0.800,0.000,0.000,1.0
2008-08-13,10:16:00,0.178,0.150,239.960,0.800,0.000,0.000,1.0
2008-08-13,10:17:00,0.176,0.148,239.830,0.800,0.000,0.000,0.0
2008-08-13,10:18:00,0.176,0.150,239.960,0.800,0.000,0.000,1.0
2008-08-13,10:19:00,0.176,0.150,240.090,0.800,0.000,0.000,1.0
2008-08-13,10:20:00,0.176,0.148,239.960,0.800,0.000,0.000,0.0
2008-08-13,10:21:00,0.176,0.150,239.960,0.800,0.000,0.000,1.0
2008-08-13,10:22:00,0.174,0.148,239.790,0.800,0.000,0.000,1.0
2008-08-13,10:23:00,0.174,0.148,239.880,0.800,0.000,0.000,0.0
2008-08-13,10:24:00,0.174,0.150,239.870,0.800,0.000,0.000,1.0
2008-08-13,10:25:00,0.174,0.148,239.500,0.800,0.000,0.000,1.0
2008-08-13,10:26:00,0.206,0.166,239.550,1.200,0.000,0.000,0.0
2008-08-13,10:27:00,0.158,0.120,239.560,0.800,0.000,0.000,1.0
2008-08-13,10:28:00,0.158,0.120,239.250,0.800,0.000,0.000,1.0
2008-08-13,10:29:00,0.158,0.120,239.260,0.800,0.000,0.000,0.0
2008-08-13,10:30:00,0.156,0.118,238.580,0.800,0.000,0.000,1.0
2008-08-13,10:31:00,0.154,0.118,238.760,0.800,0.000,0.000,0.0
2008-08-13,10:32:00,0.152,0.118,238.630,0.800,0.000,0.000,1.0
2008-08-13,10:33:00,0.152,0.118,238.730,0.800,0.000,0.000,1.0
2008-08-13,10:34:00,0.150,0.118,238.880,0.800,0.000,0.000,0.0
2008-08-13,10:35:00,0.150,0.120,239.070,0.800,0.000,0.000,1.0
2008-08-13,10:36:00,0.082,0.000,239.150,0.200,0.000,0.000,1.0
2008-08-13,10:37:00,0.080,0.000,239.400,0.200,0.000,0.000,0.0
2008-08-13,10:38:00,0.080,0.000,239.490,0.200,0.000,0.000,1.0
2008-08-13,10:39:00,0.080,0.000,239.080,0.200,0.000,0.000,1.0
2008-08-13,10:40:00,0.080,0.000,239.200,0.200,0.000,0.000,0.0
2008-08-13,10:41:00,0.080,0.000,239.170,0.200,0.000,0.000,1.0
2008-08-13,10:42:00,0.080,0.000,238.960,0.200,0.000,0.000,1.0
2008-08-13,10:43:00,0.080,0.000,238.900,0.200,0.000,0.000,0.0
2008-08-13,10:44:00,0.078,0.000,238.770,0.200,0.000,0.000,1.0
2008-08-13,10:45:00,0.080,0.000,238.630,0.200,0.000,0.000,1.0
2008-08-13,10:46:00,0.078,0.000,238.640,0.200,0.000,0.000,0.0
2008-08-13,10:47:00,0.080,0.000,238.780,0.200,0.000,0.000,1.0
2008-08-13,10:48:00,0.078,0.000,238.640,0.200,0.000,0.000,1.0
2008-08-13,10:49:00,0.078,0.000,238.730,0.200,0.000,0.000,0.0
2008-08-13,10:50:00,0.348,0.062,238.430,2.000,0.000,0.000,5.0
2008-08-13,10:51:00,0.804,0.232,237.750,3.600,0.000,1.000,11.0
2008-08-13,10:52:00,0.820,0.234,237.950,3.600,0.000,1.000,11.0
2008-08-13,10:53:00,0.848,0.238,238.500,3.600,0.000,2.000,12.0
2008-08-13,10:54:00,0.856,0.236,238.410,3.600,0.000,1.000,12.0
2008-08-13,10:55:00,0.520,0.242,238.810,2.600,0.000,2.000,6.0
2008-08-13,10:56:00,0.278,0.268,239.340,1.600,0.000,1.000,1.0
2008-08-13,10:57:00,0.272,0.268,239.230,1.600,0.000,2.000,1.0
2008-08-13,10:58:00,0.270,0.268,239.160,1.600,0.000,1.000,0.0
2008-08-13,10:59:00,0.268,0.268,238.950,1.400,0.000,2.000,1.0
2008-08-13,11:00:00,0.264,0.266,238.760,1.400,0.000,1.000,1.0
2008-08-13,11:01:00,0.262,0.266,238.600,1.400,0.000,1.000,0.0
2008-08-13,11:02:00,0.260,0.266,238.900,1.400,0.000,2.000,1.0
2008-08-13,11:03:00,0.258,0.266,238.640,1.400,0.000,1.000,1.0
2008-08-13,11:04:00,0.302,0.308,238.840,1.800,0.000,1.000,0.0
2008-08-13,11:05:00,0.328,0.368,238.620,2.000,0.000,2.000,1.0
2008-08-13,11:06:00,0.326,0.366,238.510,2.000,0.000,1.000,1.0
2008-08-13,11:07:00,0.324,0.368,238.700,2.000,0.000,1.000,0.0
2008-08-13,11:08:00,0.324,0.368,238.850,2.000,0.000,2.000,1.0
2008-08-13,11:09:00,0.320,0.366,238.660,2.000,0.000,1.000,0.0
2008-08-13,11:10:00,0.318,0.366,238.650,2.000,0.000,1.000,1.0
2008-08-13,11:11:00,0.316,0.366,238.560,2.000,0.000,1.000,1.0
2008-08-13,11:12:00,0.250,0.262,238.660,1.400,0.000,1.000,0.0
2008-08-13,11:13:00,0.240,0.246,238.350,1.400,0.000,0.000,1.0
2008-08-13,11:14:00,0.200,0.188,238.500,1.000,0.000,0.000,1.0
2008-08-13,11:15:00,0.100,0.000,238.570,0.400,0.000,0.000,0.0
2008-08-13,11:16:00,0.078,0.000,238.380,0.200,0.000,0.000,1.0
2008-08-13,11:17:00,0.078,0.000,238.590,0.200,0.000,0.000,1.0
2008-08-13,11:18:00,0.078,0.000,238.830,0.200,0.000,0.000,0.0
2008-08-13,11:19:00,0.080,0.000,239.090,0.200,0.000,0.000,1.0
2008-08-13,11:20:00,0.080,0.000,239.090,0.200,0.000,0.000,1.0
2008-08-13,11:21:00,0.080,0.000,238.920,0.200,0.000,0.000,0.0
2008-08-13,11:22:00,0.080,0.000,239.080,0.200,0.000,0.000,1.0
2008-08-13,11:23:00,0.078,0.000,238.750,0.200,0.000,0.000,1.0
2008-08-13,11:24:00,0.080,0.000,239.540,0.200,0.000,0.000,0.0
2008-08-13,11:25:00,0.080,0.000,238.770,0.200,0.000,0.000,1.0
2008-08-13,11:26:00,0.078,0.000,238.790,0.200,0.000,0.000,0.0
2008-08-13,11:27:00,0.078,0.000,238.500,0.200,0.000,0.000,1.0
2008-08-13,11:28:00,0.078,0.000,238.090,0.200,0.000,0.000,1.0
2008-08-13,11:29:00,0.080,0.000,239.220,0.200,0.000,0.000,0.0
2008-08-13,11:30:00,0.080,0.000,239.630,0.200,0.000,0.000,1.0
2008-08-13,11:31:00,0.080,0.000,240.110,0.200,0.000,0.000,1.0
2008-08-13,11:32:00,0.080,0.000,240.440,0.200,0.000,0.000,0.0
2008-08-13,11:33:00,0.080,0.000,240.720,0.200,0.000,0.000,1.0
2008-08-13,11:34:00,0.080,0.000,240.310,0.200,0.000,0.000,1.0
2008-08-13,11:35:00,0.080,0.000,239.690,0.200,0.000,0.000,0.0
2008-08-13,11:36:00,0.080,0.000,239.940,0.200,0.000,0.000,1.0
2008-08-13,11:37:00,0.080,0.000,239.900,0.200,0.000,0.000,1.0
2008-08-13,11:38:00,0.080,0.000,239.600,0.200,0.000,0.000,0.0
2008-08-13,11:39:00,0.080,0.000,239.350,0.200,0.000,0.000,1.0
2008-08-13,11:40:00,0.080,0.000,239.360,0.200,0.000,0.000,1.0
2008-08-13,11:41:00,0.080,0.000,239.630,0.200,0.000,0.000,0.0
2008-08-13,11:42:00,0.122,0.052,239.000,0.800,0.000,0.000,1.0
2008-08-13,11:43:00,0.156,0.118,238.880,0.800,0.000,0.000,1.0
2008-08-13,11:44:00,0.268,0.238,239.170,1.400,0.000,0.000,0.0
2008-08-13,11:45:00,0.264,0.250,239.580,1.400,0.000,0.000,1.0
2008-08-13,11:46:00,0.260,0.252,239.770,1.400,0.000,0.000,0.0
2008-08-13,11:47:00,0.256,0.248,238.920,1.400,0.000,0.000,1.0
2008-08-13,11:48:00,0.254,0.250,239.260,1.400,0.000,0.000,1.0
2008-08-13,11:49:00,0.250,0.250,239.250,1.400,0.000,0.000,0.0
2008-08-13,11:50:00,0.248,0.250,239.330,1.400,0.000,0.000,1.0
2008-08-13,11:51:00,0.248,0.252,240.040,1.400,0.000,0.000,1.0
2008-08-13,11:52:00,0.182,0.156,240.310,1.000,0.000,0.000,0.0
2008-08-13,11:53:00,0.176,0.150,239.700,0.800,0.000,0.000,1.0
2008-08-13,11:54:00,0.176,0.150,239.940,0.800,0.000,0.000,1.0
2008-08-13,11:55:00,0.176,0.148,239.580,0.800,0.000,0.000,0.0
2008-08-13,11:56:00,0.174,0.148,239.520,0.800,0.000,0.000,1.0
2008-08-13,11:57:00,0.174,0.148,239.530,0.800,0.000,0.000,1.0
2008-08-13,11:58:00,0.174,0.148,239.560,0.800,0.000,0.000,0.0
2008-08-13,11:59:00,0.174,0.150,239.980,0.800,0.000,0.000,1.0
2008-08-13,12:00:00,0.176,0.152,240.660,0.800,0.000,0.000,1.0
2008-08-13,12:01:00,0.174,0.150,240.550,0.800,0.000,0.000,0.0
2008-08-13,12:02:00,0.174,0.150,240.150,0.800,0.000,0.000,1.0
2008-08-13,12:03:00,0.152,0.120,239.730,0.800,0.000,0.000,1.0
2008-08-13,12:04:00,0.080,0.000,239.590,0.200,0.000,0.000,0.0
2008-08-13,12:05:00,0.080,0.000,239.570,0.200,0.000,0.000,1.0
2008-08-13,12:06:00,0.080,0.000,239.830,0.200,0.000,0.000,1.0
2008-08-13,12:07:00,0.080,0.000,239.840,0.200,0.000,0.000,0.0
2008-08-13,12:08:00,0.080,0.000,239.780,0.200,0.000,0.000,1.0
2008-08-13,12:09:00,0.080,0.000,240.370,0.200,0.000,0.000,0.0
2008-08-13,12:10:00,0.080,0.000,240.050,0.200,0.000,0.000,1.0
2008-08-13,12:11:00,0.080,0.000,239.900,0.200,0.000,0.000,1.0
2008-08-13,12:12:00,0.080,0.000,239.620,0.200,0.000,0.000,0.0
2008-08-13,12:13:00,0.080,0.000,239.450,0.200,0.000,0.000,1.0
2008-08-13,12:14:00,0.080,0.000,239.590,0.200,0.000,0.000,1.0
2008-08-13,12:15:00,0.080,0.000,239.450,0.200,0.000,0.000,0.0
2008-08-13,12:16:00,0.080,0.000,240.020,0.200,0.000,0.000,1.0
2008-08-13,12:17:00,0.080,0.000,239.770,0.200,0.000,0.000,1.0
2008-08-13,12:18:00,0.080,0.000,239.920,0.200,0.000,0.000,0.0
2008-08-13,12:19:00,0.080,0.000,240.050,0.200,0.000,0.000,1.0
2008-08-13,12:20:00,0.206,0.146,239.350,1.400,0.000,0.000,1.0
2008-08-13,12:21:00,0.244,0.240,239.780,1.400,0.000,1.000,0.0
2008-08-13,12:22:00,0.244,0.242,240.250,1.400,0.000,2.000,1.0
2008-08-13,12:23:00,0.244,0.242,240.730,1.400,0.000,1.000,1.0
2008-08-13,12:24:00,0.242,0.242,240.300,1.400,0.000,2.000,0.0
2008-08-13,12:25:00,0.240,0.240,239.940,1.400,0.000,1.000,1.0
2008-08-13,12:26:00,0.238,0.240,239.830,1.400,0.000,1.000,1.0
2008-08-13,12:27:00,0.238,0.240,239.870,1.400,0.000,2.000,0.0
2008-08-13,12:28:00,0.838,0.344,239.200,3.800,0.000,1.000,10.0
2008-08-13,12:29:00,0.866,0.334,239.370,3.800,0.000,2.000,12.0
2008-08-13,12:30:00,0.836,0.240,239.100,3.600,0.000,1.000,12.0
2008-08-13,12:31:00,0.850,0.240,239.220,3.600,0.000,2.000,12.0
2008-08-13,12:32:00,0.884,0.278,240.020,3.800,0.000,1.000,12.0
2008-08-13,12:33:00,0.274,0.274,240.750,1.600,0.000,1.000,1.0
2008-08-13,12:34:00,0.268,0.272,240.650,1.600,0.000,2.000,1.0
2008-08-13,12:35:00,0.264,0.274,240.800,1.400,0.000,1.000,0.0
2008-08-13,12:36:00,0.262,0.272,240.600,1.400,0.000,1.000,1.0
2008-08-13,12:37:00,0.260,0.274,240.890,1.400,0.000,1.000,1.0
2008-08-13,12:38:00,0.258,0.272,240.760,1.400,0.000,2.000,0.0
2008-08-13,12:39:00,0.256,0.272,240.740,1.400,0.000,1.000,1.0
2008-08-13,12:40:00,0.256,0.274,241.320,1.400,0.000,1.000,1.0
2008-08-13,12:41:00,0.222,0.224,242.900,1.200,0.000,1.000,0.0
2008-08-13,12:42:00,0.180,0.156,242.270,0.800,0.000,0.000,1.0
2008-08-13,12:43:00,0.178,0.154,241.850,0.800,0.000,0.000,1.0
2008-08-13,12:44:00,0.178,0.154,241.600,0.800,0.000,0.000,0.0
2008-08-13,12:45:00,0.178,0.154,241.830,0.800,0.000,0.000,1.0
2008-08-13,12:46:00,0.176,0.154,241.740,0.800,0.000,0.000,1.0
2008-08-13,12:47:00,0.176,0.154,241.650,0.800,0.000,0.000,0.0
2008-08-13,12:48:00,0.176,0.154,241.460,0.800,0.000,0.000,1.0
2008-08-13,12:49:00,0.176,0.154,241.780,0.800,0.000,0.000,1.0
2008-08-13,12:50:00,0.176,0.154,241.500,0.800,0.000,0.000,0.0
2008-08-13,12:51:00,0.174,0.152,241.220,0.800,0.000,0.000,1.0
2008-08-13,12:52:00,0.110,0.062,241.270,0.600,0.000,0.000,1.0
2008-08-13,12:53:00,0.082,0.000,241.510,0.200,0.000,0.000,0.0
2008-08-13,12:54:00,0.082,0.000,241.420,0.200,0.000,0.000,1.0
2008-08-13,12:55:00,0.082,0.000,241.320,0.200,0.000,0.000,1.0
2008-08-13,12:56:00,0.080,0.000,241.320,0.200,0.000,0.000,0.0
2008-08-13,12:57:00,0.082,0.000,241.310,0.200,0.000,0.000,1.0
2008-08-13,12:58:00,0.130,0.062,241.250,0.800,0.000,0.000,1.0
2008-08-13,12:59:00,0.160,0.124,241.610,0.800,0.000,0.000,0.0
2008-08-13,13:00:00,0.160,0.126,241.840,0.800,0.000,0.000,1.0
2008-08-13,13:01:00,0.158,0.124,241.650,0.800,0.000,0.000,1.0
2008-08-13,13:02:00,0.158,0.124,241.500,0.800,0.000,0.000,0.0
2008-08-13,13:03:00,0.156,0.124,240.860,0.800,0.000,0.000,1.0
2008-08-13,13:04:00,0.154,0.124,240.920,0.800,0.000,0.000,1.0
2008-08-13,13:05:00,0.154,0.124,241.130,0.800,0.000,0.000,0.0
2008-08-13,13:06:00,0.152,0.124,241.150,0.800,0.000,0.000,1.0
2008-08-13,13:07:00,0.152,0.124,241.450,0.800,0.000,0.000,1.0
2008-08-13,13:08:00,0.088,0.000,242.000,0.400,0.000,0.000,0.0
2008-08-13,13:09:00,0.082,0.000,242.340,0.200,0.000,0.000,1.0
2008-08-13,13:10:00,0.082,0.000,242.590,0.200,0.000,0.000,1.0
2008-08-13,13:11:00,0.082,0.000,242.670,0.200,0.000,0.000,0.0
2008-08-13,13:12:00,0.082,0.000,242.560,0.200,0.000,0.000,1.0
2008-08-13,13:13:00,0.082,0.000,242.230,0.200,0.000,0.000,1.0
2008-08-13,13:14:00,0.082,0.000,242.160,0.200,0.000,0.000,0.0
2008-08-13,13:15:00,0.082,0.000,241.890,0.200,0.000,0.000,1.0
2008-08-13,13:16:00,0.082,0.000,242.000,0.200,0.000,0.000,1.0
2008-08-13,13:17:00,0.082,0.000,242.170,0.200,0.000,0.000,0.0
2008-08-13,13:18:00,0.082,0.000,242.080,0.200,0.000,0.000,1.0
2008-08-13,13:19:00,0.082,0.000,242.380,0.200,0.000,0.000,1.0
2008-08-13,13:20:00,0.082,0.000,242.360,0.200,0.000,0.000,0.0
2008-08-13,13:21:00,0.206,0.156,242.740,1.000,0.000,0.000,1.0
2008-08-13,13:22:00,0.192,0.156,242.860,1.000,0.000,0.000,1.0
2008-08-13,13:23:00,0.188,0.156,242.590,1.000,0.000,0.000,0.0
2008-08-13,13:24:00,0.188,0.156,243.000,1.000,0.000,0.000,1.0
2008-08-13,13:25:00,0.186,0.156,242.860,1.000,0.000,0.000,1.0
2008-08-13,13:26:00,0.184,0.156,242.420,1.000,0.000,0.000,0.0
2008-08-13,13:27:00,0.182,0.154,241.670,1.000,0.000,0.000,1.0
2008-08-13,13:28:00,0.180,0.154,241.690,0.800,0.000,0.000,1.0
2008-08-13,13:29:00,0.180,0.154,241.900,0.800,0.000,0.000,0.0
2008-08-13,13:30:00,0.180,0.154,241.940,0.800,0.000,0.000,1.0
2008-08-13,13:31:00,0.178,0.154,241.750,0.800,0.000,0.000,1.0
2008-08-13,13:32:00,0.178,0.152,241.360,0.800,0.000,0.000,0.0
2008-08-13,13:33:00,0.178,0.154,241.770,0.800,0.000,0.000,1.0
2008-08-13,13:34:00,0.176,0.154,241.790,0.800,0.000,0.000,0.0
2008-08-13,13:35:00,0.176,0.154,241.910,0.800,0.000,0.000,1.0
2008-08-13,13:36:00,0.196,0.160,241.650,1.200,0.000,0.000,1.0
2008-08-13,13:37:00,0.254,0.256,241.440,1.400,0.000,0.000,0.0
2008-08-13,13:38:00,0.250,0.256,241.240,1.400,0.000,0.000,1.0
2008-08-13,13:39:00,0.248,0.254,241.030,1.400,0.000,0.000,1.0
2008-08-13,13:40:00,0.232,0.230,241.210,1.200,0.000,0.000,0.0
2008-08-13,13:41:00,0.156,0.122,241.180,0.800,0.000,0.000,1.0
2008-08-13,13:42:00,0.156,0.124,241.260,0.800,0.000,0.000,1.0
2008-08-13,13:43:00,0.154,0.124,241.420,0.800,0.000,0.000,0.0
2008-08-13,13:44:00,0.154,0.124,241.270,0.800,0.000,0.000,1.0
2008-08-13,13:45:00,0.152,0.124,241.340,0.800,0.000,0.000,1.0
2008-08-13,13:46:00,0.136,0.098,240.850,0.600,0.000,0.000,0.0
2008-08-13,13:47:00,0.080,0.000,240.770,0.200,0.000,0.000,1.0
2008-08-13,13:48:00,0.080,0.000,240.580,0.200,0.000,0.000,1.0
2008-08-13,13:49:00,0.138,0.074,240.490,0.800,0.000,0.000,0.0
2008-08-13,13:50:00,0.172,0.138,240.220,0.800,0.000,1.000,1.0
2008-08-13,13:51:00,0.170,0.138,239.890,0.800,0.000,2.000,1.0
2008-08-13,13:52:00,0.170,0.138,239.980,0.800,0.000,1.000,0.0
2008-08-13,13:53:00,0.170,0.138,240.190,0.800,0.000,2.000,1.0
2008-08-13,13:54:00,0.170,0.138,240.220,0.800,0.000,1.000,1.0
2008-08-13,13:55:00,0.170,0.138,240.090,0.800,0.000,2.000,0.0
2008-08-13,13:56:00,0.168,0.138,239.960,0.800,0.000,1.000,1.0
2008-08-13,13:57:00,0.168,0.138,239.700,0.800,0.000,1.000,1.0
2008-08-13,13:58:00,0.166,0.138,239.520,0.800,0.000,2.000,0.0
2008-08-13,13:59:00,0.166,0.138,239.450,0.800,0.000,1.000,1.0
2008-08-13,14:00:00,0.166,0.138,239.720,0.800,0.000,2.000,1.0
2008-08-13,14:01:00,0.164,0.138,239.450,0.800,0.000,1.000,0.0
2008-08-13,14:02:00,0.162,0.138,239.730,0.800,0.000,1.000,1.0
2008-08-13,14:03:00,0.162,0.138,239.570,0.800,0.000,2.000,1.0
2008-08-13,14:04:00,0.160,0.136,239.360,0.800,0.000,1.000,0.0
2008-08-13,14:05:00,0.160,0.136,239.580,0.800,0.000,1.000,1.0
2008-08-13,14:06:00,0.314,0.166,239.340,1.800,0.000,1.000,2.0
2008-08-13,14:07:00,0.780,0.240,238.680,3.400,0.000,2.000,12.0
2008-08-13,14:08:00,0.806,0.238,238.690,3.400,0.000,1.000,11.0
2008-08-13,14:09:00,0.872,0.270,238.530,3.800,0.000,1.000,12.0
2008-08-13,14:10:00,0.922,0.318,239.110,4.000,0.000,1.000,12.0
2008-08-13,14:11:00,0.410,0.184,239.860,2.200,0.000,0.000,5.0
2008-08-13,14:12:00,0.186,0.150,240.300,1.000,0.000,0.000,1.0
2008-08-13,14:13:00,0.184,0.150,240.380,1.000,0.000,0.000,0.0
2008-08-13,14:14:00,0.184,0.152,240.670,1.000,0.000,0.000,1.0
2008-08-13,14:15:00,0.220,0.180,240.560,1.200,0.000,0.000,1.0
2008-08-13,14:16:00,0.256,0.254,240.400,1.400,0.000,0.000,0.0
2008-08-13,14:17:00,0.254,0.254,240.370,1.400,0.000,0.000,1.0
2008-08-13,14:18:00,0.254,0.254,240.430,1.400,0.000,0.000,1.0
2008-08-13,14:19:00,0.252,0.254,240.430,1.400,0.000,0.000,0.0
2008-08-13,14:20:00,0.250,0.254,240.570,1.400,0.000,0.000,1.0
2008-08-13,14:21:00,0.248,0.254,240.300,1.400,0.000,0.000,1.0
2008-08-13,14:22:00,0.246,0.254,240.510,1.400,0.000,0.000,0.0
2008-08-13,14:23:00,0.246,0.254,240.560,1.400,0.000,0.000,1.0
2008-08-13,14:24:00,0.244,0.252,240.190,1.400,0.000,0.000,1.0
2008-08-13,14:25:00,0.206,0.196,240.110,1.200,0.000,0.000,0.0
2008-08-13,14:26:00,0.174,0.150,240.010,0.800,0.000,0.000,1.0
2008-08-13,14:27:00,0.174,0.150,240.220,0.800,0.000,0.000,1.0
2008-08-13,14:28:00,0.174,0.150,240.000,0.800,0.000,0.000,0.0
2008-08-13,14:29:00,0.128,0.084,240.070,0.600,0.000,0.000,1.0
2008-08-13,14:30:00,0.080,0.000,240.290,0.200,0.000,0.000,1.0
2008-08-13,14:31:00,0.080,0.000,240.670,0.200,0.000,0.000,0.0
2008-08-13,14:32:00,0.080,0.000,240.860,0.200,0.000,0.000,1.0
2008-08-13,14:33:00,0.080,0.000,240.410,0.200,0.000,0.000,1.0
2008-08-13,14:34:00,0.080,0.000,240.430,0.200,0.000,0.000,0.0
2008-08-13,14:35:00,0.080,0.000,240.700,0.200,0.000,0.000,1.0
2008-08-13,14:36:00,0.080,0.000,240.960,0.200,0.000,0.000,1.0
2008-08-13,14:37:00,0.082,0.000,241.440,0.200,0.000,0.000,0.0
2008-08-13,14:38:00,0.082,0.000,241.520,0.200,0.000,0.000,1.0
2008-08-13,14:39:00,0.080,0.000,241.400,0.200,0.000,0.000,1.0
2008-08-13,14:40:00,0.082,0.000,241.940,0.200,0.000,0.000,0.0
2008-08-13,14:41:00,0.082,0.000,242.020,0.200,0.000,0.000,1.0
2008-08-13,14:42:00,0.082,0.000,241.800,0.200,0.000,0.000,1.0
2008-08-13,14:43:00,0.082,0.000,241.960,0.200,0.000,0.000,0.0
2008-08-13,14:44:00,0.082,0.000,241.690,0.200,0.000,0.000,1.0
2008-08-13,14:45:00,0.082,0.000,241.900,0.200,0.000,0.000,1.0
2008-08-13,14:46:00,0.082,0.000,241.660,0.200,0.000,0.000,0.0
2008-08-13,14:47:00,0.080,0.000,240.980,0.200,0.000,0.000,1.0
2008-08-13,14:48:00,0.080,0.000,241.200,0.200,0.000,0.000,1.0
2008-08-13,14:49:00,0.082,0.000,241.460,0.200,0.000,0.000,0.0
2008-08-13,14:50:00,0.080,0.000,241.160,0.200,0.000,0.000,1.0
2008-08-13,14:51:00,0.080,0.000,241.270,0.200,0.000,0.000,1.0
2008-08-13,14:52:00,0.080,0.000,241.230,0.200,0.000,0.000,0.0
2008-08-13,14:53:00,0.140,0.076,241.380,0.800,0.000,0.000,1.0
2008-08-13,14:54:00,0.158,0.124,241.640,0.800,0.000,0.000,0.0
2008-08-13,14:55:00,0.160,0.124,241.570,0.800,0.000,0.000,1.0
2008-08-13,14:56:00,0.158,0.122,240.740,0.800,0.000,0.000,1.0
2008-08-13,14:57:00,0.156,0.122,240.840,0.800,0.000,0.000,0.0
2008-08-13,14:58:00,0.256,0.230,240.510,1.400,0.000,0.000,1.0
2008-08-13,14:59:00,0.262,0.254,240.620,1.400,0.000,0.000,1.0
2008-08-13,15:00:00,0.256,0.254,240.570,1.400,0.000,0.000,0.0
2008-08-13,15:01:00,0.254,0.254,240.670,1.400,0.000,0.000,1.0
2008-08-13,15:02:00,0.234,0.228,240.780,1.200,0.000,0.000,1.0
2008-08-13,15:03:00,0.182,0.152,240.690,1.000,0.000,0.000,0.0
2008-08-13,15:04:00,0.182,0.152,240.770,0.800,0.000,0.000,1.0
2008-08-13,15:05:00,0.180,0.152,240.830,0.800,0.000,0.000,1.0
2008-08-13,15:06:00,0.178,0.152,240.550,0.800,0.000,0.000,0.0
2008-08-13,15:07:00,0.178,0.152,240.520,0.800,0.000,0.000,1.0
2008-08-13,15:08:00,0.176,0.150,240.410,0.800,0.000,0.000,1.0
2008-08-13,15:09:00,0.176,0.150,240.040,0.800,0.000,0.000,0.0
2008-08-13,15:10:00,0.176,0.150,239.910,0.800,0.000,0.000,1.0
2008-08-13,15:11:00,0.174,0.150,239.720,0.800,0.000,0.000,1.0
2008-08-13,15:12:00,0.174,0.150,239.870,0.800,0.000,0.000,0.0
2008-08-13,15:13:00,0.174,0.150,239.720,0.800,0.000,0.000,1.0
2008-08-13,15:14:00,0.174,0.150,239.880,0.800,0.000,0.000,1.0
2008-08-13,15:15:00,0.174,0.150,239.870,0.800,0.000,0.000,0.0
2008-08-13,15:16:00,0.174,0.150,239.960,0.800,0.000,0.000,1.0
2008-08-13,15:17:00,0.164,0.136,240.060,0.800,0.000,0.000,1.0
2008-08-13,15:18:00,0.166,0.112,240.200,1.000,0.000,0.000,0.0
2008-08-13,15:19:00,0.170,0.140,240.000,0.800,0.000,2.000,1.0
2008-08-13,15:20:00,0.170,0.140,240.770,0.800,0.000,1.000,1.0
2008-08-13,15:21:00,0.172,0.140,240.840,0.800,0.000,2.000,0.0
2008-08-13,15:22:00,0.170,0.140,240.110,0.800,0.000,1.000,1.0
2008-08-13,15:23:00,0.170,0.140,240.340,0.800,0.000,2.000,1.0
2008-08-13,15:24:00,0.168,0.138,239.920,0.800,0.000,1.000,0.0
2008-08-13,15:25:00,0.168,0.138,239.960,0.800,0.000,1.000,1.0
2008-08-13,15:26:00,0.168,0.138,239.990,0.800,0.000,2.000,0.0
2008-08-13,15:27:00,0.166,0.138,240.050,0.800,0.000,1.000,1.0
2008-08-13,15:28:00,0.166,0.138,240.050,0.800,0.000,2.000,1.0
2008-08-13,15:29:00,0.164,0.140,240.430,0.800,0.000,1.000,0.0
2008-08-13,15:30:00,0.164,0.140,240.530,0.800,0.000,1.000,1.0
2008-08-13,15:31:00,0.254,0.244,240.870,1.400,0.000,2.000,1.0
2008-08-13,15:32:00,0.236,0.242,240.690,1.400,0.000,1.000,0.0
2008-08-13,15:33:00,0.236,0.242,240.860,1.400,0.000,1.000,1.0
2008-08-13,15:34:00,0.234,0.242,240.780,1.400,0.000,2.000,1.0
2008-08-13,15:35:00,0.232,0.242,240.880,1.400,0.000,1.000,0.0
2008-08-13,15:36:00,0.230,0.242,240.460,1.200,0.000,1.000,1.0
2008-08-13,15:37:00,0.226,0.238,239.550,1.200,0.000,2.000,1.0
2008-08-13,15:38:00,0.224,0.238,239.060,1.200,0.000,1.000,0.0
2008-08-13,15:39:00,0.162,0.138,239.170,0.800,0.000,0.000,1.0
2008-08-13,15:40:00,0.408,0.108,238.940,2.200,0.000,0.000,5.0
2008-08-13,15:41:00,0.706,0.116,238.180,3.000,0.000,0.000,11.0
2008-08-13,15:42:00,0.736,0.112,237.810,3.000,0.000,0.000,12.0
2008-08-13,15:43:00,0.760,0.110,237.320,3.200,0.000,0.000,12.0
2008-08-13,15:44:00,0.768,0.110,237.390,3.200,0.000,0.000,12.0
2008-08-13,15:45:00,0.416,0.060,237.300,2.200,0.000,0.000,7.0
2008-08-13,15:46:00,0.150,0.086,237.380,0.800,0.000,0.000,0.0
2008-08-13,15:47:00,0.190,0.146,238.480,1.000,0.000,0.000,1.0
2008-08-13,15:48:00,0.186,0.148,238.960,1.000,0.000,0.000,1.0
2008-08-13,15:49:00,0.184,0.148,239.140,1.000,0.000,0.000,0.0
2008-08-13,15:50:00,0.182,0.148,239.260,0.800,0.000,0.000,1.0
2008-08-13,15:51:00,0.180,0.148,238.990,0.800,0.000,0.000,1.0
2008-08-13,15:52:00,0.180,0.148,239.310,0.800,0.000,0.000,0.0
2008-08-13,15:53:00,0.180,0.150,239.930,0.800,0.000,0.000,1.0
2008-08-13,15:54:00,0.178,0.150,240.050,0.800,0.000,0.000,1.0
2008-08-13,15:55:00,0.178,0.150,240.190,0.800,0.000,0.000,0.0
2008-08-13,15:56:00,0.176,0.152,240.340,0.800,0.000,0.000,1.0
2008-08-13,15:57:00,0.178,0.152,240.780,0.800,0.000,0.000,1.0
2008-08-13,15:58:00,0.176,0.150,240.210,0.800,0.000,0.000,0.0
2008-08-13,15:59:00,0.176,0.150,240.070,0.800,0.000,0.000,1.0
2008-08-13,16:00:00,0.176,0.150,240.210,0.800,0.000,0.000,1.0
2008-08-13,16:01:00,0.176,0.152,241.070,0.800,0.000,0.000,0.0
2008-08-13,16:02:00,0.176,0.152,241.120,0.800,0.000,0.000,1.0
2008-08-13,16:03:00,0.176,0.152,240.780,0.800,0.000,0.000,1.0
2008-08-13,16:04:00,0.174,0.152,240.760,0.800,0.000,0.000,0.0
2008-08-13,16:05:00,0.174,0.152,240.600,0.800,0.000,0.000,1.0
2008-08-13,16:06:00,0.088,0.000,240.810,0.400,0.000,0.000,1.0
2008-08-13,16:07:00,0.080,0.000,240.680,0.200,0.000,0.000,0.0
2008-08-13,16:08:00,0.080,0.000,240.790,0.200,0.000,0.000,1.0
2008-08-13,16:09:00,0.172,0.118,240.900,1.000,0.000,0.000,1.0
2008-08-13,16:10:00,0.158,0.124,241.250,0.800,0.000,0.000,0.0
2008-08-13,16:11:00,0.158,0.124,240.990,0.800,0.000,0.000,1.0
2008-08-13,16:12:00,0.158,0.124,241.500,0.800,0.000,0.000,0.0
2008-08-13,16:13:00,0.158,0.124,241.770,0.800,0.000,0.000,1.0
2008-08-13,16:14:00,0.156,0.124,241.230,0.800,0.000,0.000,1.0
2008-08-13,16:15:00,0.154,0.124,241.090,0.800,0.000,0.000,0.0
2008-08-13,16:16:00,0.154,0.124,241.290,0.800,0.000,0.000,1.0
2008-08-13,16:17:00,0.152,0.124,241.280,0.800,0.000,0.000,1.0
2008-08-13,16:18:00,0.128,0.090,241.630,0.600,0.000,0.000,0.0
2008-08-13,16:19:00,0.082,0.000,242.120,0.200,0.000,0.000,1.0
2008-08-13,16:20:00,0.082,0.000,242.020,0.200,0.000,0.000,1.0
2008-08-13,16:21:00,0.082,0.000,241.570,0.200,0.000,0.000,0.0
2008-08-13,16:22:00,0.080,0.000,240.570,0.200,0.000,0.000,1.0
2008-08-13,16:23:00,0.080,0.000,240.770,0.200,0.000,0.000,1.0
2008-08-13,16:24:00,0.080,0.000,240.820,0.200,0.000,0.000,0.0
2008-08-13,16:25:00,0.080,0.000,240.340,0.200,0.000,0.000,1.0
2008-08-13,16:26:00,0.080,0.000,240.530,0.200,0.000,0.000,1.0
2008-08-13,16:27:00,0.080,0.000,240.210,0.200,0.000,0.000,0.0
2008-08-13,16:28:00,0.080,0.000,240.420,0.200,0.000,0.000,1.0
2008-08-13,16:29:00,0.080,0.000,240.220,0.200,0.000,0.000,1.0
2008-08-13,16:30:00,0.080,0.000,240.050,0.200,0.000,0.000,0.0
2008-08-13,16:31:00,0.080,0.000,239.910,0.200,0.000,0.000,1.0
2008-08-13,16:32:00,0.080,0.000,239.830,0.200,0.000,0.000,1.0
2008-08-13,16:33:00,0.080,0.000,240.010,0.200,0.000,0.000,0.0
2008-08-13,16:34:00,0.134,0.068,240.750,0.800,0.000,0.000,1.0
2008-08-13,16:35:00,0.192,0.152,240.750,1.000,0.000,0.000,1.0
2008-08-13,16:36:00,0.188,0.154,241.500,1.000,0.000,0.000,0.0
2008-08-13,16:37:00,0.186,0.152,240.870,1.000,0.000,0.000,1.0
2008-08-13,16:38:00,0.184,0.152,240.900,1.000,0.000,0.000,1.0
2008-08-13,16:39:00,0.184,0.152,240.930,1.000,0.000,0.000,0.0
2008-08-13,16:40:00,0.182,0.154,241.520,1.000,0.000,0.000,1.0
2008-08-13,16:41:00,0.182,0.152,241.080,0.800,0.000,0.000,1.0
2008-08-13,16:42:00,0.180,0.152,240.980,0.800,0.000,0.000,0.0
2008-08-13,16:43:00,0.180,0.154,241.530,0.800,0.000,0.000,1.0
2008-08-13,16:44:00,0.178,0.154,241.400,0.800,0.000,0.000,1.0
2008-08-13,16:45:00,0.178,0.152,240.790,0.800,0.000,0.000,0.0
2008-08-13,16:46:00,0.218,0.190,240.730,1.400,0.000,0.000,1.0
2008-08-13,16:47:00,0.324,0.332,240.670,2.000,0.000,1.000,1.0
2008-08-13,16:48:00,0.340,0.378,241.030,2.000,0.000,1.000,0.0
2008-08-13,16:49:00,0.338,0.378,240.720,2.000,0.000,2.000,1.0
2008-08-13,16:50:00,0.336,0.374,240.180,2.000,0.000,1.000,1.0
2008-08-13,16:51:00,0.336,0.376,240.400,2.000,0.000,2.000,0.0
2008-08-13,16:52:00,0.332,0.376,240.550,2.000,0.000,1.000,1.0
2008-08-13,16:53:00,0.332,0.376,240.620,2.000,0.000,2.000,0.0
2008-08-13,16:54:00,0.272,0.296,240.800,1.600,0.000,1.000,1.0
2008-08-13,16:55:00,0.236,0.244,240.960,1.400,0.000,2.000,1.0
2008-08-13,16:56:00,0.236,0.246,241.270,1.400,0.000,1.000,0.0
2008-08-13,16:57:00,0.190,0.178,240.820,1.000,0.000,1.000,1.0
2008-08-13,16:58:00,0.164,0.140,240.900,0.800,0.000,2.000,1.0
2008-08-13,16:59:00,0.164,0.140,240.860,0.800,0.000,1.000,0.0
2008-08-13,17:00:00,0.162,0.142,241.350,0.800,0.000,1.000,1.0
2008-08-13,17:01:00,0.162,0.144,242.230,0.800,0.000,2.000,1.0
2008-08-13,17:02:00,0.162,0.142,241.860,0.800,0.000,1.000,0.0
2008-08-13,17:03:00,0.160,0.142,241.740,0.800,0.000,1.000,1.0
2008-08-13,17:04:00,0.160,0.142,241.790,0.800,0.000,2.000,1.0
2008-08-13,17:05:00,0.160,0.142,241.820,0.800,0.000,1.000,0.0
2008-08-13,17:06:00,0.160,0.144,242.280,0.800,0.000,1.000,1.0
2008-08-13,17:07:00,0.136,0.108,242.660,0.600,0.000,1.000,1.0
2008-08-13,17:08:00,0.082,0.000,243.090,0.200,0.000,0.000,0.0
2008-08-13,17:09:00,0.082,0.000,242.640,0.200,0.000,0.000,1.0
2008-08-13,17:10:00,0.082,0.000,242.340,0.200,0.000,0.000,1.0
2008-08-13,17:11:00,0.082,0.000,242.250,0.200,0.000,0.000,0.0
2008-08-13,17:12:00,0.082,0.000,241.910,0.200,0.000,0.000,1.0
2008-08-13,17:13:00,0.082,0.000,242.250,0.200,0.000,0.000,1.0
2008-08-13,17:14:00,0.082,0.000,242.670,0.200,0.000,0.000,0.0
2008-08-13,17:15:00,0.082,0.000,242.610,0.200,0.000,0.000,1.0
2008-08-13,17:16:00,0.082,0.000,242.210,0.200,0.000,0.000,1.0
2008-08-13,17:17:00,0.082,0.000,242.100,0.200,0.000,0.000,0.0
2008-08-13,17:18:00,0.260,0.058,242.010,1.600,0.000,0.000,3.0
2008-08-13,17:19:00,0.714,0.140,241.570,3.000,0.000,0.000,12.0
2008-08-13,17:20:00,0.740,0.138,241.400,3.000,0.000,0.000,11.0
2008-08-13,17:21:00,0.770,0.138,241.530,3.200,0.000,0.000,12.0
2008-08-13,17:22:00,0.778,0.136,241.390,3.200,0.000,0.000,13.0
2008-08-13,17:23:00,0.328,0.176,241.060,2.000,0.000,0.000,3.0
2008-08-13,17:24:00,0.190,0.152,241.150,1.000,0.000,0.000,1.0
2008-08-13,17:25:00,0.230,0.190,241.080,1.400,0.000,0.000,0.0
2008-08-13,17:26:00,0.260,0.256,240.780,1.400,0.000,0.000,1.0
2008-08-13,17:27:00,0.258,0.254,240.560,1.400,0.000,0.000,1.0
2008-08-13,17:28:00,0.258,0.256,240.990,1.400,0.000,0.000,0.0
2008-08-13,17:29:00,0.256,0.256,241.180,1.400,0.000,0.000,1.0
2008-08-13,17:30:00,0.254,0.258,241.630,1.400,0.000,0.000,1.0
2008-08-13,17:31:00,0.252,0.262,242.430,1.400,0.000,0.000,0.0
2008-08-13,17:32:00,0.250,0.260,242.220,1.400,0.000,0.000,1.0
2008-08-13,17:33:00,0.248,0.260,242.000,1.400,0.000,0.000,1.0
2008-08-13,17:34:00,0.246,0.260,241.980,1.400,0.000,0.000,0.0
2008-08-13,17:35:00,0.198,0.188,241.910,1.000,0.000,0.000,1.0
2008-08-13,17:36:00,0.178,0.156,242.040,0.800,0.000,0.000,1.0
2008-08-13,17:37:00,0.176,0.156,241.970,0.800,0.000,0.000,0.0
2008-08-13,17:38:00,0.176,0.154,241.370,0.800,0.000,0.000,1.0
2008-08-13,17:39:00,0.176,0.154,241.240,0.800,0.000,0.000,1.0
2008-08-13,17:40:00,0.174,0.154,241.180,0.800,0.000,0.000,0.0
2008-08-13,17:41:00,0.174,0.154,241.350,0.800,0.000,0.000,1.0
2008-08-13,17:42:00,0.164,0.138,241.220,0.800,0.000,0.000,1.0
2008-08-13,17:43:00,0.080,0.000,240.860,0.200,0.000,0.000,0.0
2008-08-13,17:44:00,0.082,0.000,241.620,0.200,0.000,0.000,1.0
2008-08-13,17:45:00,0.082,0.000,241.710,0.200,0.000,0.000,1.0
2008-08-13,17:46:00,0.082,0.000,241.410,0.200,0.000,0.000,0.0
2008-08-13,17:47:00,0.080,0.000,240.840,0.200,0.000,0.000,1.0
2008-08-13,17:48:00,0.080,0.000,240.910,0.200,0.000,0.000,1.0
2008-08-13,17:49:00,0.082,0.000,241.560,0.200,0.000,0.000,0.0
2008-08-13,17:50:00,0.082,0.000,242.150,0.200,0.000,0.000,1.0
2008-08-13,17:51:00,0.082,0.000,241.950,0.200,0.000,0.000,1.0
2008-08-13,17:52:00,0.082,0.000,242.270,0.200,0.000,0.000,0.0
2008-08-13,17:53:00,0.082,0.000,242.680,0.200,0.000,0.000,1.0
2008-08-13,17:54:00,0.082,0.000,242.900,0.200,0.000,0.000,1.0
2008-08-13,17:55:00,0.082,0.000,242.850,0.200,0.000,0.000,0.0
2008-08-13,17:56:00,0.082,0.000,242.660,0.200,0.000,0.000,1.0
2008-08-13,17:57:00,0.082,0.000,242.640,0.200,0.000,0.000,1.0
2008-08-13,17:58:00,0.082,0.000,243.240,0.200,0.000,0.000,0.0
2008-08-13,17:59:00,0.082,0.000,243.490,0.200,0.000,0.000,1.0
2008-08-13,18:00:00,0.082,0.000,242.470,0.200,0.000,0.000,1.0
2008-08-13,18:01:00,0.082,0.000,241.960,0.200,0.000,0.000,0.0
2008-08-13,18:02:00,0.082,0.000,242.000,0.200,0.000,0.000,1.0
2008-08-13,18:03:00,0.156,0.098,241.900,1.000,0.000,0.000,1.0
2008-08-13,18:04:00,0.160,0.126,242.150,0.800,0.000,0.000,0.0
2008-08-13,18:05:00,0.160,0.126,242.270,0.800,0.000,0.000,1.0
2008-08-13,18:06:00,0.158,0.126,242.320,0.800,0.000,0.000,1.0
2008-08-13,18:07:00,0.158,0.126,242.090,0.800,0.000,0.000,0.0
2008-08-13,18:08:00,0.156,0.126,242.040,0.800,0.000,0.000,1.0
2008-08-13,18:09:00,0.154,0.124,241.820,0.800,0.000,0.000,1.0
2008-08-13,18:10:00,0.154,0.124,241.800,0.800,0.000,0.000,0.0
2008-08-13,18:11:00,0.214,0.186,241.610,1.200,0.000,0.000,1.0
2008-08-13,18:12:00,0.226,0.202,241.250,1.200,0.000,0.000,1.0
2008-08-13,18:13:00,0.188,0.154,241.500,1.000,0.000,0.000,0.0
2008-08-13,18:14:00,0.186,0.154,241.540,1.000,0.000,0.000,1.0
2008-08-13,18:15:00,0.266,0.244,241.140,1.600,0.000,0.000,0.0
2008-08-13,18:16:00,0.272,0.274,240.810,1.600,0.000,2.000,1.0
2008-08-13,18:17:00,0.270,0.274,240.780,1.600,0.000,1.000,1.0
2008-08-13,18:18:00,0.270,0.276,241.550,1.600,0.000,2.000,0.0
2008-08-13,18:19:00,0.268,0.276,241.520,1.600,0.000,1.000,1.0
2008-08-13,18:20:00,0.266,0.274,240.650,1.400,0.000,2.000,1.0
2008-08-13,18:21:00,0.264,0.274,240.990,1.400,0.000,1.000,0.0
2008-08-13,18:22:00,0.262,0.274,240.840,1.400,0.000,2.000,1.0
2008-08-13,18:23:00,0.262,0.276,241.210,1.400,0.000,1.000,1.0
2008-08-13,18:24:00,0.260,0.276,241.350,1.400,0.000,1.000,0.0
2008-08-13,18:25:00,0.260,0.276,241.630,1.400,0.000,2.000,1.0
2008-08-13,18:26:00,0.258,0.276,241.200,1.400,0.000,1.000,1.0
2008-08-13,18:27:00,0.256,0.274,240.890,1.400,0.000,2.000,0.0
2008-08-13,18:28:00,0.254,0.274,240.950,1.400,0.000,1.000,1.0
2008-08-13,18:29:00,0.254,0.274,240.840,1.400,0.000,1.000,1.0
2008-08-13,18:30:00,0.252,0.274,240.960,1.400,0.000,1.000,0.0
2008-08-13,18:31:00,0.208,0.210,240.870,1.200,0.000,2.000,1.0
2008-08-13,18:32:00,0.160,0.140,240.830,0.800,0.000,1.000,1.0
2008-08-13,18:33:00,0.158,0.140,240.330,0.800,0.000,1.000,0.0
2008-08-13,18:34:00,0.158,0.140,240.730,0.800,0.000,2.000,1.0
2008-08-13,18:35:00,0.158,0.140,240.710,0.800,0.000,1.000,1.0
2008-08-13,18:36:00,0.098,0.046,240.780,0.400,0.000,0.000,0.0
2008-08-13,18:37:00,0.080,0.000,241.050,0.200,0.000,0.000,1.0
2008-08-13,18:38:00,0.082,0.000,241.330,0.200,0.000,0.000,1.0
2008-08-13,18:39:00,0.082,0.000,241.410,0.200,0.000,0.000,0.0
2008-08-13,18:40:00,0.114,0.000,241.810,0.800,0.000,0.000,1.0
2008-08-13,18:41:00,0.160,0.124,241.370,0.800,0.000,0.000,1.0
2008-08-13,18:42:00,0.158,0.124,241.160,0.800,0.000,0.000,0.0
2008-08-13,18:43:00,0.158,0.124,241.360,0.800,0.000,0.000,1.0
2008-08-13,18:44:00,0.158,0.124,241.590,0.800,0.000,0.000,1.0
2008-08-13,18:45:00,0.156,0.124,241.270,0.800,0.000,0.000,0.0
2008-08-13,18:46:00,0.154,0.124,240.890,0.800,0.000,0.000,1.0
2008-08-13,18:47:00,0.154,0.124,241.600,0.800,0.000,0.000,1.0
2008-08-13,18:48:00,0.154,0.124,241.430,0.800,0.000,0.000,0.0
2008-08-13,18:49:00,0.342,0.160,241.020,2.000,0.000,0.000,3.0
2008-08-13,18:50:00,0.732,0.160,240.560,3.000,0.000,0.000,12.0
2008-08-13,18:51:00,0.740,0.132,240.550,3.000,0.000,0.000,11.0
2008-08-13,18:52:00,0.768,0.132,240.870,3.200,0.000,0.000,12.0
2008-08-13,18:53:00,0.776,0.128,240.220,3.200,0.000,0.000,13.0
2008-08-13,18:54:00,0.466,0.080,240.950,2.400,0.000,0.000,7.0
2008-08-13,18:55:00,0.082,0.000,242.010,0.200,0.000,0.000,1.0
2008-08-13,18:56:00,0.082,0.000,242.280,0.200,0.000,0.000,1.0
2008-08-13,18:57:00,0.082,0.000,242.480,0.200,0.000,0.000,0.0
2008-08-13,18:58:00,0.082,0.000,242.340,0.200,0.000,0.000,1.0
2008-08-13,18:59:00,0.082,0.000,242.130,0.200,0.000,0.000,1.0
2008-08-13,19:00:00,0.190,0.136,242.860,1.000,0.000,0.000,0.0
2008-08-13,19:01:00,0.192,0.158,242.920,1.000,0.000,0.000,1.0
2008-08-13,19:02:00,0.188,0.156,242.250,1.000,0.000,0.000,1.0
2008-08-13,19:03:00,0.186,0.156,242.150,1.000,0.000,0.000,0.0
2008-08-13,19:04:00,0.186,0.156,242.610,1.000,0.000,0.000,1.0
2008-08-13,19:05:00,0.186,0.158,243.310,1.000,0.000,0.000,1.0
2008-08-13,19:06:00,0.184,0.158,243.270,1.000,0.000,0.000,0.0
2008-08-13,19:07:00,0.184,0.160,243.610,1.000,0.000,0.000,1.0
2008-08-13,19:08:00,0.182,0.160,243.400,1.000,0.000,0.000,1.0
2008-08-13,19:09:00,0.182,0.160,243.580,1.000,0.000,0.000,0.0
2008-08-13,19:10:00,0.180,0.158,243.170,1.000,0.000,0.000,1.0
2008-08-13,19:11:00,0.178,0.158,242.910,0.800,0.000,0.000,1.0
2008-08-13,19:12:00,0.180,0.160,243.600,1.000,0.000,0.000,0.0
2008-08-13,19:13:00,0.180,0.160,243.890,1.000,0.000,0.000,1.0
2008-08-13,19:14:00,0.180,0.160,243.840,1.000,0.000,0.000,1.0
2008-08-13,19:15:00,0.178,0.158,243.420,0.800,0.000,0.000,0.0
2008-08-13,19:16:00,0.176,0.156,242.530,0.800,0.000,0.000,1.0
2008-08-13,19:17:00,0.176,0.156,241.980,0.800,0.000,0.000,1.0
2008-08-13,19:18:00,0.204,0.172,241.340,1.200,0.000,0.000,0.0
2008-08-13,19:19:00,0.248,0.250,240.550,1.400,0.000,0.000,1.0
2008-08-13,19:20:00,0.160,0.124,241.430,0.800,0.000,0.000,1.0
2008-08-13,19:21:00,0.158,0.124,241.540,0.800,0.000,0.000,0.0
2008-08-13,19:22:00,0.158,0.124,241.300,0.800,0.000,0.000,1.0
2008-08-13,19:23:00,0.158,0.126,242.110,0.800,0.000,0.000,1.0
2008-08-13,19:24:00,0.156,0.124,241.730,0.800,0.000,0.000,0.0
2008-08-13,19:25:00,0.154,0.126,241.790,0.800,0.000,0.000,1.0
2008-08-13,19:26:00,0.154,0.126,241.680,0.800,0.000,0.000,1.0
2008-08-13,19:27:00,0.154,0.126,241.740,0.800,0.000,0.000,0.0
2008-08-13,19:28:00,0.128,0.088,241.820,0.600,0.000,0.000,1.0
2008-08-13,19:29:00,0.082,0.000,242.150,0.200,0.000,0.000,1.0
2008-08-13,19:30:00,0.082,0.000,242.140,0.200,0.000,0.000,0.0
2008-08-13,19:31:00,0.082,0.000,242.070,0.200,0.000,0.000,1.0
2008-08-13,19:32:00,0.082,0.000,242.240,0.200,0.000,0.000,1.0
2008-08-13,19:33:00,0.082,0.000,241.860,0.200,0.000,0.000,0.0
2008-08-13,19:34:00,0.082,0.000,241.670,0.200,0.000,0.000,1.0
2008-08-13,19:35:00,0.082,0.000,241.810,0.200,0.000,0.000,1.0
2008-08-13,19:36:00,0.080,0.000,241.110,0.200,0.000,0.000,0.0
2008-08-13,19:37:00,0.080,0.000,241.100,0.200,0.000,0.000,1.0
2008-08-13,19:38:00,0.080,0.000,241.350,0.200,0.000,0.000,1.0
2008-08-13,19:39:00,0.080,0.000,241.360,0.200,0.000,0.000,0.0
2008-08-13,19:40:00,0.080,0.000,241.480,0.200,0.000,0.000,1.0
2008-08-13,19:41:00,0.080,0.000,241.330,0.200,0.000,0.000,1.0
2008-08-13,19:42:00,0.080,0.000,241.320,0.200,0.000,0.000,0.0
2008-08-13,19:43:00,0.130,0.064,241.410,0.800,0.000,0.000,1.0
2008-08-13,19:44:00,0.172,0.142,241.400,0.800,0.000,1.000,1.0
2008-08-13,19:45:00,0.172,0.142,241.700,0.800,0.000,2.000,0.0
2008-08-13,19:46:00,0.172,0.142,241.770,0.800,0.000,1.000,1.0
2008-08-13,19:47:00,0.172,0.142,241.210,0.800,0.000,2.000,1.0
2008-08-13,19:48:00,0.260,0.236,241.190,1.400,0.000,1.000,0.0
2008-08-13,19:49:00,0.278,0.276,241.290,1.600,0.000,2.000,1.0
2008-08-13,19:50:00,0.274,0.278,241.710,1.600,0.000,1.000,1.0
2008-08-13,19:51:00,0.272,0.276,241.560,1.600,0.000,2.000,0.0
2008-08-13,19:52:00,0.270,0.280,242.380,1.600,0.000,1.000,1.0
2008-08-13,19:53:00,0.268,0.278,242.060,1.600,0.000,1.000,1.0
2008-08-13,19:54:00,0.266,0.278,241.970,1.400,0.000,2.000,0.0
2008-08-13,19:55:00,0.264,0.282,243.070,1.600,0.000,1.000,1.0
2008-08-13,19:56:00,0.296,0.308,242.580,1.800,0.000,1.000,1.0
2008-08-13,19:57:00,0.336,0.386,242.610,2.000,0.000,2.000,0.0
2008-08-13,19:58:00,0.332,0.386,242.490,2.000,0.000,1.000,1.0
2008-08-13,19:59:00,0.330,0.382,241.910,2.000,0.000,1.000,1.0
2008-08-13,20:00:00,0.328,0.384,241.990,2.000,0.000,2.000,0.0
2008-08-13,20:01:00,0.326,0.384,242.070,2.000,0.000,1.000,1.0
2008-08-13,20:02:00,0.324,0.386,242.600,2.000,0.000,1.000,1.0
2008-08-13,20:03:00,0.324,0.386,242.620,2.000,0.000,2.000,0.0
2008-08-13,20:04:00,0.296,0.346,242.510,1.800,0.000,0.000,1.0
2008-08-13,20:05:00,0.246,0.260,242.180,1.400,0.000,0.000,1.0
2008-08-13,20:06:00,0.248,0.222,242.170,1.400,0.000,0.000,0.0
2008-08-13,20:07:00,0.464,0.148,242.010,2.000,0.000,0.000,1.0
2008-08-13,20:08:00,0.400,0.000,241.680,1.600,0.000,0.000,1.0
2008-08-13,20:09:00,0.380,0.000,241.840,1.400,0.000,0.000,0.0
2008-08-13,20:10:00,0.108,0.000,241.870,0.400,0.000,0.000,1.0
2008-08-13,20:11:00,0.082,0.000,241.460,0.200,0.000,0.000,1.0
2008-08-13,20:12:00,0.080,0.000,241.260,0.200,0.000,0.000,0.0
2008-08-13,20:13:00,0.082,0.000,241.500,0.200,0.000,0.000,1.0
2008-08-13,20:14:00,0.080,0.000,239.620,0.200,0.000,0.000,1.0
2008-08-13,20:15:00,0.080,0.000,240.010,0.200,0.000,0.000,0.0
2008-08-13,20:16:00,0.080,0.000,239.690,0.200,0.000,0.000,1.0
2008-08-13,20:17:00,0.080,0.000,240.220,0.200,0.000,0.000,1.0
2008-08-13,20:18:00,0.080,0.000,239.770,0.200,0.000,0.000,0.0
2008-08-13,20:19:00,0.080,0.000,239.580,0.200,0.000,0.000,1.0
2008-08-13,20:20:00,0.080,0.000,239.610,0.200,0.000,0.000,0.0
2008-08-13,20:21:00,0.080,0.000,239.380,0.200,0.000,0.000,1.0
2008-08-13,20:22:00,0.080,0.000,239.550,0.200,0.000,0.000,1.0
2008-08-13,20:23:00,0.080,0.000,239.660,0.200,0.000,0.000,0.0
2008-08-13,20:24:00,0.488,0.090,239.310,2.400,0.000,0.000,7.0
2008-08-13,20:25:00,0.716,0.124,239.310,3.000,0.000,0.000,11.0
2008-08-13,20:26:00,0.750,0.128,240.030,3.200,0.000,0.000,12.0
2008-08-13,20:27:00,0.772,0.132,240.530,3.200,0.000,0.000,12.0
2008-08-13,20:28:00,0.778,0.130,240.430,3.200,0.000,0.000,13.0
2008-08-13,20:29:00,0.210,0.000,241.060,1.400,0.000,0.000,3.0
2008-08-13,20:30:00,0.080,0.000,241.030,0.200,0.000,0.000,1.0
2008-08-13,20:31:00,0.080,0.000,241.080,0.200,0.000,0.000,1.0
2008-08-13,20:32:00,0.080,0.000,240.540,0.200,0.000,0.000,0.0
2008-08-13,20:33:00,0.080,0.000,240.600,0.200,0.000,0.000,1.0
2008-08-13,20:34:00,0.114,0.000,240.920,0.800,0.000,0.000,1.0
2008-08-13,20:35:00,0.158,0.124,241.210,0.800,0.000,0.000,0.0
2008-08-13,20:36:00,0.186,0.144,241.230,1.000,0.000,0.000,1.0
2008-08-13,20:37:00,0.268,0.256,241.220,1.400,0.000,0.000,0.0
2008-08-13,20:38:00,0.264,0.258,241.780,1.400,0.000,0.000,1.0
2008-08-13,20:39:00,0.260,0.258,241.740,1.400,0.000,0.000,1.0
2008-08-13,20:40:00,0.256,0.256,241.280,1.400,0.000,0.000,0.0
2008-08-13,20:41:00,0.254,0.256,241.150,1.400,0.000,0.000,1.0
2008-08-13,20:42:00,0.252,0.256,241.110,1.400,0.000,0.000,1.0
2008-08-13,20:43:00,0.250,0.258,241.350,1.400,0.000,0.000,0.0
2008-08-13,20:44:00,0.202,0.188,241.320,1.000,0.000,0.000,1.0
2008-08-13,20:45:00,0.180,0.154,241.300,0.800,0.000,0.000,1.0
2008-08-13,20:46:00,0.178,0.154,241.220,0.800,0.000,0.000,0.0
2008-08-13,20:47:00,0.178,0.154,241.350,0.800,0.000,0.000,1.0
2008-08-13,20:48:00,0.178,0.154,241.280,0.800,0.000,0.000,1.0
2008-08-13,20:49:00,0.176,0.154,241.280,0.800,0.000,0.000,0.0
2008-08-13,20:50:00,0.176,0.154,241.200,0.800,0.000,0.000,1.0
2008-08-13,20:51:00,0.176,0.154,241.240,0.800,0.000,0.000,1.0
2008-08-13,20:52:00,0.176,0.154,241.230,0.800,0.000,0.000,0.0
2008-08-13,20:53:00,0.176,0.154,241.350,0.800,0.000,0.000,1.0
2008-08-13,20:54:00,0.176,0.154,241.220,0.800,0.000,0.000,1.0
2008-08-13,20:55:00,0.174,0.154,241.020,0.800,0.000,0.000,0.0
2008-08-13,20:56:00,0.164,0.138,241.070,0.800,0.000,0.000,1.0
2008-08-13,20:57:00,0.080,0.000,241.360,0.200,0.000,0.000,1.0
2008-08-13,20:58:00,0.082,0.000,241.650,0.200,0.000,0.000,0.0
2008-08-13,20:59:00,0.082,0.000,241.710,0.200,0.000,0.000,1.0
2008-08-13,21:00:00,0.082,0.000,241.990,0.200,0.000,0.000,1.0
2008-08-13,21:01:00,0.082,0.000,242.080,0.200,0.000,0.000,0.0
2008-08-13,21:02:00,0.082,0.000,241.500,0.200,0.000,0.000,1.0
2008-08-13,21:03:00,0.080,0.000,241.400,0.200,0.000,0.000,1.0
2008-08-13,21:04:00,0.080,0.000,241.320,0.200,0.000,0.000,0.0
2008-08-13,21:05:00,0.080,0.000,241.410,0.200,0.000,0.000,1.0
2008-08-13,21:06:00,0.080,0.000,241.490,0.200,0.000,0.000,1.0
2008-08-13,21:07:00,0.082,0.000,241.800,0.200,0.000,0.000,0.0
2008-08-13,21:08:00,0.082,0.000,241.940,0.200,0.000,0.000,1.0
2008-08-13,21:09:00,0.082,0.000,241.740,0.200,0.000,0.000,1.0
2008-08-13,21:10:00,0.082,0.000,241.870,0.200,0.000,0.000,0.0
2008-08-13,21:11:00,0.082,0.000,241.800,0.200,0.000,0.000,1.0
2008-08-13,21:12:00,0.248,0.204,241.060,1.600,0.000,1.000,1.0
2008-08-13,21:13:00,0.246,0.246,241.100,1.400,0.000,1.000,0.0
2008-08-13,21:14:00,0.246,0.246,241.600,1.400,0.000,1.000,1.0
2008-08-13,21:15:00,0.246,0.248,241.810,1.400,0.000,2.000,1.0
2008-08-13,21:16:00,0.244,0.248,241.770,1.400,0.000,1.000,0.0
2008-08-13,21:17:00,0.242,0.246,241.460,1.400,0.000,2.000,1.0
2008-08-13,21:18:00,0.240,0.248,242.100,1.400,0.000,1.000,1.0
2008-08-13,21:19:00,0.238,0.248,241.990,1.400,0.000,2.000,0.0
2008-08-13,21:20:00,0.238,0.246,241.780,1.400,0.000,1.000,1.0
2008-08-13,21:21:00,0.196,0.186,241.680,1.000,0.000,2.000,1.0
2008-08-13,21:22:00,0.166,0.142,241.570,0.800,0.000,1.000,0.0
2008-08-13,21:23:00,0.166,0.142,241.620,0.800,0.000,1.000,1.0
2008-08-13,21:24:00,0.164,0.142,241.400,0.800,0.000,2.000,1.0
2008-08-13,21:25:00,0.222,0.198,241.110,1.200,0.000,1.000,0.0
2008-08-13,21:26:00,0.270,0.272,240.840,1.600,0.000,1.000,1.0
2008-08-13,21:27:00,0.266,0.274,240.810,1.400,0.000,2.000,1.0
2008-08-13,21:28:00,0.262,0.272,240.210,1.400,0.000,1.000,0.0
2008-08-13,21:29:00,0.260,0.270,240.140,1.400,0.000,1.000,1.0
2008-08-13,21:30:00,0.258,0.272,240.270,1.400,0.000,2.000,1.0
2008-08-13,21:31:00,0.256,0.272,240.510,1.400,0.000,1.000,0.0
2008-08-13,21:32:00,0.254,0.272,240.480,1.400,0.000,1.000,1.0
2008-08-13,21:33:00,0.188,0.166,240.500,1.000,0.000,0.000,1.0
2008-08-13,21:34:00,0.178,0.152,240.600,0.800,0.000,0.000,0.0
2008-08-13,21:35:00,0.178,0.152,240.550,0.800,0.000,0.000,1.0
2008-08-13,21:36:00,0.176,0.152,240.660,0.800,0.000,0.000,0.0
2008-08-13,21:37:00,0.176,0.152,240.910,0.800,0.000,0.000,1.0
2008-08-13,21:38:00,0.176,0.152,240.680,0.800,0.000,0.000,1.0
2008-08-13,21:39:00,0.176,0.152,241.020,0.800,0.000,0.000,0.0
2008-08-13,21:40:00,0.176,0.152,241.010,0.800,0.000,0.000,1.0
2008-08-13,21:41:00,0.176,0.152,241.090,0.800,0.000,0.000,1.0
2008-08-13,21:42:00,0.176,0.152,241.100,0.800,0.000,0.000,0.0
2008-08-13,21:43:00,0.174,0.152,241.160,0.800,0.000,0.000,1.0
2008-08-13,21:44:00,0.174,0.152,241.250,0.800,0.000,0.000,1.0
2008-08-13,21:45:00,0.132,0.092,241.750,0.600,0.000,0.000,0.0
2008-08-13,21:46:00,0.080,0.000,241.050,0.200,0.000,0.000,1.0
2008-08-13,21:47:00,0.080,0.000,240.090,0.200,0.000,0.000,1.0
2008-08-13,21:48:00,0.080,0.000,240.010,0.200,0.000,0.000,0.0
2008-08-13,21:49:00,0.130,0.062,239.970,0.800,0.000,0.000,1.0
2008-08-13,21:50:00,0.158,0.120,240.000,0.800,0.000,0.000,1.0
2008-08-13,21:51:00,0.158,0.122,240.240,0.800,0.000,0.000,0.0
2008-08-13,21:52:00,0.158,0.120,240.110,0.800,0.000,0.000,1.0
2008-08-13,21:53:00,0.156,0.122,240.220,0.800,0.000,0.000,1.0
2008-08-13,21:54:00,0.156,0.122,240.740,0.800,0.000,0.000,0.0
2008-08-13,21:55:00,0.154,0.122,240.500,0.800,0.000,0.000,1.0
2008-08-13,21:56:00,0.152,0.122,240.340,0.800,0.000,0.000,1.0
2008-08-13,21:57:00,0.152,0.122,240.320,0.800,0.000,0.000,0.0
2008-08-13,21:58:00,0.152,0.122,240.280,0.800,0.000,0.000,1.0
2008-08-13,21:59:00,0.312,0.076,240.210,1.800,0.000,0.000,4.0
2008-08-13,22:00:00,0.710,0.126,239.560,3.000,0.000,0.000,11.0
2008-08-13,22:01:00,0.738,0.124,239.470,3.000,0.000,0.000,11.0
2008-08-13,22:02:00,0.764,0.124,239.560,3.200,0.000,0.000,12.0
2008-08-13,22:03:00,0.772,0.122,239.430,3.200,0.000,0.000,13.0
2008-08-13,22:04:00,0.514,0.082,239.530,2.600,0.000,0.000,8.0
2008-08-13,22:05:00,0.080,0.000,240.080,0.200,0.000,0.000,1.0
2008-08-13,22:06:00,0.080,0.000,239.690,0.200,0.000,0.000,0.0
2008-08-13,22:07:00,0.080,0.000,239.400,0.200,0.000,0.000,1.0
2008-08-13,22:08:00,0.080,0.000,239.640,0.200,0.000,0.000,1.0
2008-08-13,22:09:00,0.080,0.000,239.610,0.200,0.000,0.000,0.0
2008-08-13,22:10:00,0.080,0.000,239.780,0.200,0.000,0.000,1.0
2008-08-13,22:11:00,0.080,0.000,240.050,0.200,0.000,0.000,1.0
2008-08-13,22:12:00,0.080,0.000,240.010,0.200,0.000,0.000,0.0
2008-08-13,22:13:00,0.080,0.000,240.060,0.200,0.000,0.000,1.0
2008-08-13,22:14:00,0.160,0.100,240.090,0.800,0.000,0.000,1.0
2008-08-13,22:15:00,0.190,0.150,239.980,1.000,0.000,0.000,0.0
2008-08-13,22:16:00,0.186,0.150,239.990,1.000,0.000,0.000,1.0
2008-08-13,22:17:00,0.186,0.150,240.050,1.000,0.000,0.000,1.0
2008-08-13,22:18:00,0.184,0.152,240.840,1.000,0.000,0.000,0.0
2008-08-13,22:19:00,0.184,0.154,241.320,1.000,0.000,0.000,1.0
2008-08-13,22:20:00,0.182,0.152,241.010,0.800,0.000,0.000,1.0
2008-08-13,22:21:00,0.180,0.152,241.080,0.800,0.000,0.000,0.0
2008-08-13,22:22:00,0.180,0.154,241.220,0.800,0.000,0.000,1.0
2008-08-13,22:23:00,0.178,0.154,241.420,0.800,0.000,0.000,1.0
2008-08-13,22:24:00,0.178,0.154,241.580,0.800,0.000,0.000,0.0
2008-08-13,22:25:00,0.178,0.152,241.080,0.800,0.000,0.000,1.0
2008-08-13,22:26:00,0.176,0.154,241.220,0.800,0.000,0.000,1.0
2008-08-13,22:27:00,0.214,0.184,241.370,1.200,0.000,0.000,0.0
2008-08-13,22:28:00,0.252,0.258,241.600,1.400,0.000,0.000,1.0
2008-08-13,22:29:00,0.252,0.258,241.720,1.400,0.000,0.000,1.0
2008-08-13,22:30:00,0.252,0.260,242.000,1.400,0.000,0.000,0.0
2008-08-13,22:31:00,0.250,0.258,241.900,1.400,0.000,0.000,1.0
2008-08-13,22:32:00,0.248,0.258,241.750,1.400,0.000,0.000,1.0
2008-08-13,22:33:00,0.248,0.258,241.490,1.400,0.000,0.000,0.0
2008-08-13,22:34:00,0.178,0.160,241.630,1.000,0.000,0.000,1.0
2008-08-13,22:35:00,0.154,0.126,241.880,0.800,0.000,0.000,1.0
2008-08-13,22:36:00,0.154,0.126,241.840,0.800,0.000,0.000,0.0
2008-08-13,22:37:00,0.130,0.092,241.940,0.600,0.000,0.000,1.0
2008-08-13,22:38:00,0.082,0.000,242.120,0.200,0.000,0.000,1.0
2008-08-13,22:39:00,0.082,0.000,242.050,0.200,0.000,0.000,0.0
2008-08-13,22:40:00,0.112,0.000,241.870,0.800,0.000,0.000,1.0
2008-08-13,22:41:00,0.172,0.142,241.430,0.800,0.000,1.000,1.0
2008-08-13,22:42:00,0.172,0.142,241.610,0.800,0.000,2.000,0.0
2008-08-13,22:43:00,0.172,0.142,241.710,0.800,0.000,1.000,1.0
2008-08-13,22:44:00,0.172,0.144,242.100,0.800,0.000,2.000,1.0
2008-08-13,22:45:00,0.170,0.142,241.240,0.800,0.000,1.000,0.0
2008-08-13,22:46:00,0.170,0.142,241.310,0.800,0.000,1.000,1.0
2008-08-13,22:47:00,0.170,0.142,241.430,0.800,0.000,2.000,1.0
2008-08-13,22:48:00,0.168,0.142,241.280,0.800,0.000,1.000,0.0
2008-08-13,22:49:00,0.168,0.142,241.300,0.800,0.000,2.000,1.0
2008-08-13,22:50:00,0.168,0.142,241.320,0.800,0.000,1.000,1.0
2008-08-13,22:51:00,0.166,0.142,241.300,0.800,0.000,2.000,0.0
2008-08-13,22:52:00,0.166,0.140,241.320,0.800,0.000,1.000,1.0
2008-08-13,22:53:00,0.164,0.142,241.520,0.800,0.000,1.000,1.0
2008-08-13,22:54:00,0.162,0.142,241.440,0.800,0.000,2.000,0.0
2008-08-13,22:55:00,0.162,0.140,240.770,0.800,0.000,1.000,1.0
2008-08-13,22:56:00,0.160,0.140,240.630,0.800,0.000,1.000,0.0
2008-08-13,22:57:00,0.160,0.140,240.400,0.800,0.000,2.000,1.0
2008-08-13,22:58:00,0.160,0.140,240.630,0.800,0.000,1.000,1.0
2008-08-13,22:59:00,0.160,0.140,240.840,0.800,0.000,1.000,0.0
2008-08-13,23:00:00,0.158,0.140,240.760,0.800,0.000,1.000,1.0
2008-08-13,23:01:00,0.146,0.120,240.900,0.800,0.000,1.000,1.0
2008-08-13,23:02:00,0.100,0.000,240.850,0.600,0.000,0.000,0.0
2008-08-13,23:03:00,0.192,0.150,240.720,1.000,0.000,0.000,1.0
2008-08-13,23:04:00,0.190,0.150,240.520,1.000,0.000,0.000,1.0
2008-08-13,23:05:00,0.186,0.150,240.470,1.000,0.000,0.000,0.0
2008-08-13,23:06:00,0.276,0.252,240.450,1.600,0.000,0.000,1.0
2008-08-13,23:07:00,0.258,0.252,240.330,1.400,0.000,0.000,1.0
2008-08-13,23:08:00,0.258,0.256,241.370,1.400,0.000,0.000,0.0
2008-08-13,23:09:00,0.256,0.254,240.950,1.400,0.000,0.000,1.0
2008-08-13,23:10:00,0.252,0.254,240.430,1.400,0.000,0.000,1.0
2008-08-13,23:11:00,0.250,0.254,240.550,1.400,0.000,0.000,0.0
2008-08-13,23:12:00,0.250,0.258,241.540,1.400,0.000,0.000,1.0
2008-08-13,23:13:00,0.248,0.258,241.670,1.400,0.000,0.000,1.0
2008-08-13,23:14:00,0.246,0.256,241.330,1.400,0.000,0.000,0.0
2008-08-13,23:15:00,0.220,0.218,241.430,1.200,0.000,0.000,1.0
2008-08-13,23:16:00,0.176,0.152,241.070,0.800,0.000,0.000,1.0
2008-08-13,23:17:00,0.176,0.150,240.110,0.800,0.000,0.000,0.0
2008-08-13,23:18:00,0.174,0.150,240.170,0.800,0.000,0.000,1.0
2008-08-13,23:19:00,0.174,0.150,240.150,0.800,0.000,0.000,1.0
2008-08-13,23:20:00,0.174,0.150,240.020,0.800,0.000,0.000,0.0
2008-08-13,23:21:00,0.174,0.150,240.050,0.800,0.000,0.000,1.0
2008-08-13,23:22:00,0.154,0.122,240.090,0.800,0.000,0.000,1.0
2008-08-13,23:23:00,0.080,0.000,240.460,0.200,0.000,0.000,0.0
2008-08-13,23:24:00,0.080,0.000,240.730,0.200,0.000,0.000,1.0
2008-08-13,23:25:00,0.080,0.000,240.520,0.200,0.000,0.000,1.0
2008-08-13,23:26:00,0.080,0.000,240.020,0.200,0.000,0.000,0.0
2008-08-13,23:27:00,0.080,0.000,239.630,0.200,0.000,0.000,1.0
2008-08-13,23:28:00,0.080,0.000,239.840,0.200,0.000,0.000,1.0
2008-08-13,23:29:00,0.080,0.000,240.140,0.200,0.000,0.000,0.0
2008-08-13,23:30:00,0.080,0.000,240.250,0.200,0.000,0.000,1.0
2008-08-13,23:31:00,0.080,0.000,240.390,0.200,0.000,0.000,0.0
2008-08-13,23:32:00,0.080,0.000,240.390,0.200,0.000,0.000,1.0
2008-08-13,23:33:00,0.080,0.000,240.370,0.200,0.000,0.000,1.0
2008-08-13,23:34:00,0.080,0.000,240.520,0.200,0.000,0.000,0.0
2008-08-13,23:35:00,0.080,0.000,240.430,0.200,0.000,0.000,1.0
2008-08-13,23:36:00,0.080,0.000,240.540,0.200,0.000,0.000,1.0
2008-08-13,23:37:00,0.348,0.066,240.180,2.000,0.000,0.000,4.0
2008-08-13,23:38:00,0.708,0.124,239.610,3.000,0.000,0.000,11.0
2008-08-13,23:39:00,0.740,0.124,239.820,3.000,0.000,0.000,12.0
2008-08-13,23:40:00,0.766,0.122,239.740,3.200,0.000,0.000,12.0
2008-08-13,23:41:00,0.772,0.122,239.560,3.200,0.000,0.000,12.0
2008-08-13,23:42:00,0.144,0.000,240.360,1.000,0.000,0.000,3.0
2008-08-13,23:43:00,0.140,0.076,241.040,0.800,0.000,0.000,0.0
2008-08-13,23:44:00,0.158,0.124,240.990,0.800,0.000,0.000,1.0
2008-08-13,23:45:00,0.158,0.124,241.090,0.800,0.000,0.000,1.0
2008-08-13,23:46:00,0.158,0.124,241.350,0.800,0.000,0.000,0.0
2008-08-13,23:47:00,0.158,0.124,241.280,0.800,0.000,0.000,1.0
2008-08-13,23:48:00,0.156,0.124,241.380,0.800,0.000,0.000,1.0
2008-08-13,23:49:00,0.154,0.124,241.550,0.800,0.000,0.000,0.0
2008-08-13,23:50:00,0.154,0.124,241.560,0.800,0.000,0.000,1.0
2008-08-13,23:51:00,0.234,0.208,241.430,1.400,0.000,0.000,1.0
2008-08-13,23:52:00,0.236,0.218,241.190,1.200,0.000,0.000,0.0
2008-08-13,23:53:00,0.188,0.152,241.170,1.000,0.000,0.000,1.0
2008-08-13,23:54:00,0.186,0.152,241.130,1.000,0.000,0.000,1.0
2008-08-13,23:55:00,0.184,0.152,240.980,1.000,0.000,0.000,0.0
2008-08-13,23:56:00,0.182,0.152,240.760,1.000,0.000,0.000,1.0
2008-08-13,23:57:00,0.182,0.152,240.670,0.800,0.000,0.000,1.0
2008-08-13,23:58:00,0.180,0.152,240.540,0.800,0.000,0.000,0.0
2008-08-13,23:59:00,0.180,0.152,240.720,0.800,0.000,0.000,1.0
