Date,Time,Global_active_power,Global_reactive_power,Voltage,Global_intensity,Sub_metering_1,Sub_metering_2,Sub_metering_3
2008-02-24,00:00:00,1.406,0.090,241.940,5.800,0.000,0.000,18.0
2008-02-24,00:01:00,1.408,0.090,242.120,5.800,0.000,0.000,18.0
2008-02-24,00:02:00,1.412,0.092,242.690,5.800,0.000,0.000,18.0
2008-02-24,00:03:00,1.414,0.092,242.980,5.800,0.000,0.000,18.0
2008-02-24,00:04:00,1.416,0.092,243.170,5.800,0.000,0.000,19.0
2008-02-24,00:05:00,1.412,0.092,243.040,5.800,0.000,0.000,18.0
2008-02-24,00:06:00,1.410,0.092,242.920,5.800,0.000,0.000,18.0
2008-02-24,00:07:00,1.410,0.092,242.990,5.800,0.000,0.000,18.0
2008-02-24,00:08:00,1.418,0.094,243.770,5.800,0.000,0.000,18.0
2008-02-24,00:09:00,1.420,0.096,244.000,5.800,0.000,0.000,18.0
2008-02-24,00:10:00,1.416,0.096,243.730,5.800,0.000,0.000,18.0
2008-02-24,00:11:00,1.412,0.094,243.440,5.800,0.000,0.000,19.0
2008-02-24,00:12:00,1.406,0.092,242.940,5.800,0.000,0.000,18.0
2008-02-24,00:13:00,1.400,0.086,242.680,5.600,0.000,0.000,18.0
2008-02-24,00:14:00,1.304,0.000,242.060,5.400,0.000,0.000,18.0
2008-02-24,00:15:00,1.302,0.000,241.830,5.400,0.000,0.000,18.0
2008-02-24,00:16:00,1.316,0.000,243.120,5.400,0.000,0.000,18.0
2008-02-24,00:17:00,1.318,0.000,243.300,5.400,0.000,0.000,18.0
2008-02-24,00:18:00,1.320,0.000,243.640,5.400,0.000,0.000,18.0
2008-02-24,00:19:00,1.324,0.000,243.930,5.400,0.000,0.000,18.0
2008-02-24,00:20:00,1.320,0.000,243.620,5.400,0.000,0.000,19.0
2008-02-24,00:21:00,1.322,0.000,243.760,5.400,0.000,0.000,18.0
2008-02-24,00:22:00,1.322,0.000,243.840,5.400,0.000,0.000,18.0
2008-02-24,00:23:00,1.346,0.000,243.640,5.400,0.000,0.000,18.0
2008-02-24,00:24:00,1.390,0.062,243.100,5.600,0.000,0.000,18.0
2008-02-24,00:25:00,1.388,0.062,242.900,5.600,0.000,0.000,18.0
2008-02-24,00:26:00,1.386,0.060,242.640,5.600,0.000,0.000,19.0
2008-02-24,00:27:00,1.388,0.062,242.920,5.600,0.000,0.000,18.0
2008-02-24,00:28:00,1.390,0.062,243.140,5.600,0.000,0.000,18.0
2008-02-24,00:29:00,1.388,0.062,243.180,5.600,0.000,0.000,18.0
2008-02-24,00:30:00,1.388,0.062,243.250,5.600,0.000,0.000,18.0
2008-02-24,00:31:00,1.386,0.062,243.100,5.600,0.000,0.000,18.0
2008-02-24,00:32:00,1.382,0.062,242.890,5.600,0.000,0.000,18.0
2008-02-24,00:33:00,1.382,0.054,243.360,5.600,0.000,0.000,18.0
2008-02-24,00:34:00,1.324,0.000,243.920,5.400,0.000,0.000,19.0
2008-02-24,00:35:00,1.310,0.000,242.620,5.400,0.000,0.000,18.0
2008-02-24,00:36:00,1.306,0.000,242.310,5.400,0.000,0.000,18.0
2008-02-24,00:37:00,1.304,0.000,242.110,5.400,0.000,0.000,18.0
2008-02-24,00:38:00,1.302,0.000,241.800,5.400,0.000,0.000,18.0
2008-02-24,00:39:00,1.298,0.046,241.500,5.400,0.000,0.000,17.0
2008-02-24,00:40:00,1.298,0.046,241.350,5.400,0.000,0.000,18.0
2008-02-24,00:41:00,1.296,0.046,241.230,5.200,0.000,0.000,18.0
2008-02-24,00:42:00,1.296,0.046,241.260,5.200,0.000,0.000,18.0
2008-02-24,00:43:00,1.300,0.046,241.610,5.400,0.000,0.000,18.0
2008-02-24,00:44:00,1.306,0.000,242.200,5.400,0.000,0.000,18.0
2008-02-24,00:45:00,1.308,0.000,242.440,5.400,0.000,0.000,18.0
2008-02-24,00:46:00,1.426,0.086,242.290,5.800,0.000,0.000,18.0
2008-02-24,00:47:00,1.414,0.090,242.220,5.800,0.000,0.000,18.0
2008-02-24,00:48:00,1.412,0.090,242.140,5.800,0.000,0.000,18.0
2008-02-24,00:49:00,1.410,0.090,242.180,5.800,0.000,0.000,18.0
2008-02-24,00:50:00,1.408,0.090,242.020,5.800,0.000,0.000,18.0
2008-02-24,00:51:00,1.402,0.088,241.660,5.800,0.000,0.000,18.0
2008-02-24,00:52:00,1.410,0.090,242.420,5.800,0.000,0.000,18.0
2008-02-24,00:53:00,1.418,0.094,243.350,5.800,0.000,0.000,18.0
2008-02-24,00:54:00,1.422,0.096,243.710,5.800,0.000,0.000,18.0
2008-02-24,00:55:00,1.424,0.096,244.050,5.800,0.000,0.000,18.0
2008-02-24,00:56:00,1.422,0.096,244.030,5.800,0.000,0.000,19.0
2008-02-24,00:57:00,1.402,0.090,242.130,5.800,0.000,0.000,18.0
2008-02-24,00:58:00,1.380,0.084,240.200,5.600,0.000,0.000,17.0
2008-02-24,00:59:00,1.378,0.084,239.990,5.600,0.000,0.000,18.0
2008-02-24,01:00:00,1.378,0.084,240.030,5.600,0.000,0.000,18.0
2008-02-24,01:01:00,1.380,0.084,240.270,5.600,0.000,0.000,17.0
2008-02-24,01:02:00,1.390,0.088,241.370,5.600,0.000,0.000,18.0
2008-02-24,01:03:00,1.356,0.000,242.210,5.600,0.000,0.000,18.0
2008-02-24,01:04:00,1.312,0.000,242.880,5.400,0.000,0.000,18.0
2008-02-24,01:05:00,1.310,0.000,242.630,5.400,0.000,0.000,18.0
2008-02-24,01:06:00,1.374,0.000,241.660,5.600,0.000,0.000,18.0
2008-02-24,01:07:00,1.372,0.058,241.320,5.600,0.000,0.000,18.0
2008-02-24,01:08:00,1.378,0.058,241.870,5.600,0.000,0.000,18.0
2008-02-24,01:09:00,1.378,0.058,241.930,5.600,0.000,0.000,18.0
2008-02-24,01:10:00,1.372,0.058,241.470,5.600,0.000,0.000,18.0
2008-02-24,01:11:00,1.374,0.058,241.660,5.600,0.000,0.000,18.0
2008-02-24,01:12:00,1.364,0.056,240.930,5.600,0.000,0.000,18.0
2008-02-24,01:13:00,1.356,0.054,240.300,5.600,0.000,0.000,17.0
2008-02-24,01:14:00,1.356,0.054,240.380,5.600,0.000,0.000,18.0
2008-02-24,01:15:00,1.356,0.054,240.370,5.600,0.000,0.000,18.0
2008-02-24,01:16:00,1.298,0.000,240.450,5.400,0.000,0.000,18.0
2008-02-24,01:17:00,1.296,0.046,241.190,5.200,0.000,0.000,17.0
2008-02-24,01:18:00,1.298,0.046,241.360,5.400,0.000,0.000,18.0
2008-02-24,01:19:00,1.304,0.000,241.930,5.400,0.000,0.000,18.0
2008-02-24,01:20:00,1.304,0.000,242.030,5.400,0.000,0.000,18.0
2008-02-24,01:21:00,1.312,0.000,242.790,5.400,0.000,0.000,18.0
2008-02-24,01:22:00,1.312,0.000,242.780,5.400,0.000,0.000,18.0
2008-02-24,01:23:00,1.314,0.000,243.040,5.400,0.000,0.000,18.0
2008-02-24,01:24:00,1.308,0.000,242.440,5.400,0.000,0.000,19.0
2008-02-24,01:25:00,1.300,0.046,241.570,5.400,0.000,0.000,17.0
2008-02-24,01:26:00,1.290,0.046,240.620,5.200,0.000,0.000,18.0
2008-02-24,01:27:00,1.286,0.046,240.250,5.200,0.000,0.000,18.0
2008-02-24,01:28:00,1.286,0.046,240.320,5.200,0.000,0.000,18.0
2008-02-24,01:29:00,1.288,0.046,240.440,5.200,0.000,0.000,17.0
2008-02-24,01:30:00,1.294,0.046,240.980,5.200,0.000,0.000,18.0
2008-02-24,01:31:00,1.300,0.046,241.600,5.400,0.000,0.000,18.0
2008-02-24,01:32:00,1.300,0.046,241.580,5.400,0.000,0.000,18.0
2008-02-24,01:33:00,1.294,0.046,241.060,5.200,0.000,0.000,18.0
2008-02-24,01:34:00,1.286,0.048,240.180,5.200,0.000,0.000,17.0
2008-02-24,01:35:00,1.288,0.046,240.530,5.200,0.000,0.000,18.0
2008-02-24,01:36:00,1.334,0.000,240.140,5.600,0.000,0.000,18.0
2008-02-24,01:37:00,1.466,0.176,239.430,6.200,0.000,0.000,18.0
2008-02-24,01:38:00,1.458,0.200,238.650,6.000,0.000,1.000,17.0
2008-02-24,01:39:00,1.454,0.198,238.580,6.000,0.000,1.000,17.0
2008-02-24,01:40:00,1.458,0.200,239.010,6.000,0.000,2.000,18.0
2008-02-24,01:41:00,1.464,0.204,239.720,6.000,0.000,1.000,18.0
2008-02-24,01:42:00,1.466,0.204,239.920,6.000,0.000,2.000,17.0
2008-02-24,01:43:00,1.462,0.202,239.600,6.000,0.000,1.000,18.0
2008-02-24,01:44:00,1.458,0.202,239.260,6.000,0.000,1.000,17.0
2008-02-24,01:45:00,1.464,0.204,240.060,6.000,0.000,2.000,18.0
2008-02-24,01:46:00,1.464,0.204,240.110,6.000,0.000,1.000,18.0
2008-02-24,01:47:00,1.464,0.206,240.330,6.000,0.000,2.000,18.0
2008-02-24,01:48:00,1.470,0.208,240.920,6.000,0.000,1.000,17.0
2008-02-24,01:49:00,1.556,0.304,241.090,6.600,0.000,1.000,18.0
2008-02-24,01:50:00,1.546,0.312,241.100,6.400,0.000,2.000,18.0
2008-02-24,01:51:00,1.536,0.308,240.390,6.400,0.000,1.000,18.0
2008-02-24,01:52:00,1.536,0.310,240.470,6.400,0.000,1.000,17.0
2008-02-24,01:53:00,1.522,0.290,240.950,6.400,0.000,2.000,18.0
2008-02-24,01:54:00,1.442,0.178,240.960,6.000,0.000,1.000,18.0
2008-02-24,01:55:00,1.436,0.176,240.570,6.000,0.000,1.000,18.0
2008-02-24,01:56:00,1.434,0.176,240.490,6.000,0.000,2.000,18.0
2008-02-24,01:57:00,1.434,0.178,240.750,6.000,0.000,1.000,17.0
2008-02-24,01:58:00,1.416,0.140,241.600,5.800,0.000,1.000,18.0
2008-02-24,01:59:00,1.384,0.078,242.520,5.600,0.000,1.000,18.0
2008-02-24,02:00:00,1.380,0.078,242.330,5.600,0.000,2.000,18.0
2008-02-24,02:01:00,1.376,0.078,242.010,5.600,0.000,1.000,18.0
2008-02-24,02:02:00,1.376,0.078,242.040,5.600,0.000,1.000,18.0
2008-02-24,02:03:00,1.380,0.078,242.340,5.600,0.000,1.000,18.0
2008-02-24,02:04:00,1.382,0.080,242.640,5.600,0.000,1.000,18.0
2008-02-24,02:05:00,1.382,0.080,242.680,5.600,0.000,2.000,18.0
2008-02-24,02:06:00,1.378,0.062,243.250,5.600,0.000,1.000,19.0
2008-02-24,02:07:00,1.318,0.000,243.330,5.400,0.000,0.000,18.0
2008-02-24,02:08:00,1.316,0.000,243.160,5.400,0.000,0.000,18.0
2008-02-24,02:09:00,1.314,0.000,242.950,5.400,0.000,0.000,18.0
2008-02-24,02:10:00,1.312,0.000,242.830,5.400,0.000,0.000,18.0
2008-02-24,02:11:00,1.320,0.000,243.540,5.400,0.000,0.000,18.0
2008-02-24,02:12:00,1.322,0.000,243.800,5.400,0.000,0.000,18.0
2008-02-24,02:13:00,1.332,0.000,244.630,5.400,0.000,0.000,19.0
2008-02-24,02:14:00,1.334,0.000,244.880,5.400,0.000,0.000,18.0
2008-02-24,02:15:00,1.336,0.000,245.010,5.400,0.000,0.000,18.0
2008-02-24,02:16:00,1.338,0.000,245.170,5.400,0.000,0.000,19.0
2008-02-24,02:17:00,1.342,0.000,245.630,5.400,0.000,0.000,18.0
2008-02-24,02:18:00,1.344,0.000,245.810,5.400,0.000,0.000,19.0
2008-02-24,02:19:00,1.344,0.000,245.780,5.400,0.000,0.000,18.0
2008-02-24,02:20:00,1.340,0.000,245.420,5.400,0.000,0.000,19.0
2008-02-24,02:21:00,1.346,0.000,246.050,5.400,0.000,0.000,18.0
2008-02-24,02:22:00,1.342,0.000,245.650,5.400,0.000,0.000,19.0
2008-02-24,02:23:00,1.338,0.000,245.170,5.400,0.000,0.000,18.0
2008-02-24,02:24:00,1.330,0.000,244.560,5.400,0.000,0.000,19.0
2008-02-24,02:25:00,1.334,0.000,244.770,5.400,0.000,0.000,18.0
2008-02-24,02:26:00,1.338,0.000,245.150,5.400,0.000,0.000,18.0
2008-02-24,02:27:00,1.418,0.046,245.150,5.800,0.000,0.000,19.0
2008-02-24,02:28:00,1.446,0.100,244.930,5.800,0.000,0.000,18.0
2008-02-24,02:29:00,1.440,0.098,244.700,5.800,0.000,0.000,19.0
2008-02-24,02:30:00,1.438,0.100,244.730,5.800,0.000,0.000,18.0
2008-02-24,02:31:00,1.478,0.144,243.630,6.000,0.000,0.000,18.0
2008-02-24,02:32:00,1.498,0.202,243.430,6.200,0.000,0.000,18.0
2008-02-24,02:33:00,1.494,0.200,243.190,6.200,0.000,0.000,18.0
2008-02-24,02:34:00,1.498,0.200,243.530,6.200,0.000,0.000,19.0
2008-02-24,02:35:00,1.494,0.200,243.430,6.200,0.000,0.000,18.0
2008-02-24,02:36:00,1.484,0.198,242.700,6.000,0.000,0.000,18.0
2008-02-24,02:37:00,1.480,0.196,242.490,6.000,0.000,0.000,18.0
2008-02-24,02:38:00,1.480,0.198,242.800,6.000,0.000,0.000,18.0
2008-02-24,02:39:00,1.484,0.200,243.240,6.000,0.000,0.000,18.0
2008-02-24,02:40:00,1.478,0.186,243.800,6.000,0.000,0.000,18.0
2008-02-24,02:41:00,1.426,0.098,244.630,5.800,0.000,0.000,19.0
2008-02-24,02:42:00,1.422,0.098,244.220,5.800,0.000,0.000,18.0
2008-02-24,02:43:00,1.426,0.098,244.690,5.800,0.000,0.000,18.0
2008-02-24,02:44:00,1.366,0.000,245.130,5.600,0.000,0.000,19.0
2008-02-24,02:45:00,1.340,0.000,245.370,5.400,0.000,0.000,18.0
2008-02-24,02:46:00,1.334,0.000,244.890,5.400,0.000,0.000,19.0
2008-02-24,02:47:00,1.330,0.000,244.560,5.400,0.000,0.000,18.0
2008-02-24,02:48:00,1.328,0.000,244.360,5.400,0.000,0.000,18.0
2008-02-24,02:49:00,1.328,0.000,244.400,5.400,0.000,0.000,19.0
2008-02-24,02:50:00,1.322,0.000,243.770,5.400,0.000,0.000,18.0
2008-02-24,02:51:00,1.326,0.000,244.010,5.400,0.000,0.000,18.0
2008-02-24,02:52:00,1.322,0.000,243.780,5.400,0.000,0.000,18.0
2008-02-24,02:53:00,1.320,0.000,243.610,5.400,0.000,0.000,18.0
2008-02-24,02:54:00,1.330,0.000,244.340,5.400,0.000,0.000,19.0
2008-02-24,02:55:00,1.332,0.000,244.590,5.400,0.000,0.000,18.0
2008-02-24,02:56:00,1.332,0.000,244.600,5.400,0.000,0.000,18.0
2008-02-24,02:57:00,1.328,0.000,244.190,5.400,0.000,0.000,19.0
2008-02-24,02:58:00,1.320,0.000,243.610,5.400,0.000,0.000,18.0
2008-02-24,02:59:00,1.318,0.000,243.390,5.400,0.000,0.000,18.0
2008-02-24,03:00:00,1.326,0.000,244.020,5.400,0.000,0.000,18.0
2008-02-24,03:01:00,1.326,0.000,244.080,5.400,0.000,0.000,18.0
2008-02-24,03:02:00,1.324,0.000,243.970,5.400,0.000,0.000,19.0
2008-02-24,03:03:00,1.320,0.000,243.510,5.400,0.000,0.000,18.0
2008-02-24,03:04:00,1.314,0.000,242.990,5.400,0.000,0.000,18.0
2008-02-24,03:05:00,1.316,0.000,243.190,5.400,0.000,0.000,18.0
2008-02-24,03:06:00,1.312,0.000,242.820,5.400,0.000,0.000,18.0
2008-02-24,03:07:00,1.314,0.000,242.930,5.400,0.000,0.000,18.0
2008-02-24,03:08:00,1.316,0.000,243.070,5.400,0.000,0.000,18.0
2008-02-24,03:09:00,1.312,0.000,242.740,5.400,0.000,0.000,18.0
2008-02-24,03:10:00,1.312,0.000,242.690,5.400,0.000,0.000,19.0
2008-02-24,03:11:00,1.316,0.000,243.120,5.400,0.000,0.000,18.0
2008-02-24,03:12:00,1.314,0.000,243.030,5.400,0.000,0.000,18.0
2008-02-24,03:13:00,1.318,0.000,243.340,5.400,0.000,0.000,18.0
2008-02-24,03:14:00,1.410,0.062,243.540,5.800,0.000,0.000,18.0
2008-02-24,03:15:00,1.398,0.064,243.860,5.600,0.000,0.000,18.0
2008-02-24,03:16:00,1.388,0.060,242.810,5.600,0.000,0.000,18.0
2008-02-24,03:17:00,1.384,0.060,242.500,5.600,0.000,0.000,18.0
2008-02-24,03:18:00,1.462,0.128,244.030,6.000,0.000,0.000,19.0
2008-02-24,03:19:00,1.508,0.202,243.910,6.200,0.000,0.000,18.0
2008-02-24,03:20:00,1.508,0.204,244.460,6.200,0.000,0.000,18.0
2008-02-24,03:21:00,1.498,0.202,243.720,6.200,0.000,0.000,18.0
2008-02-24,03:22:00,1.496,0.192,244.380,6.000,0.000,0.000,19.0
2008-02-24,03:23:00,1.426,0.094,243.660,5.800,0.000,0.000,18.0
2008-02-24,03:24:00,1.428,0.096,244.030,5.800,0.000,0.000,18.0
2008-02-24,03:25:00,1.428,0.096,244.210,5.800,0.000,0.000,19.0
2008-02-24,03:26:00,1.422,0.096,243.700,5.800,0.000,0.000,18.0
2008-02-24,03:27:00,1.422,0.096,243.830,5.800,0.000,0.000,18.0
2008-02-24,03:28:00,1.420,0.094,243.750,5.800,0.000,0.000,18.0
2008-02-24,03:29:00,1.416,0.094,243.350,5.800,0.000,0.000,18.0
2008-02-24,03:30:00,1.422,0.096,243.970,5.800,0.000,0.000,19.0
2008-02-24,03:31:00,1.414,0.094,243.280,5.800,0.000,0.000,18.0
2008-02-24,03:32:00,1.404,0.092,242.580,5.800,0.000,0.000,18.0
2008-02-24,03:33:00,1.410,0.094,243.110,5.800,0.000,0.000,18.0
2008-02-24,03:34:00,1.412,0.094,243.310,5.800,0.000,0.000,18.0
2008-02-24,03:35:00,1.350,0.000,243.950,5.400,0.000,0.000,18.0
2008-02-24,03:36:00,1.318,0.000,243.420,5.400,0.000,0.000,18.0
2008-02-24,03:37:00,1.310,0.000,242.480,5.400,0.000,0.000,18.0
2008-02-24,03:38:00,1.314,0.000,243.030,5.400,0.000,0.000,19.0
2008-02-24,03:39:00,1.306,0.000,242.100,5.400,0.000,0.000,18.0
2008-02-24,03:40:00,1.302,0.000,241.760,5.400,0.000,0.000,18.0
2008-02-24,03:41:00,1.308,0.000,242.420,5.400,0.000,0.000,18.0
2008-02-24,03:42:00,1.308,0.000,242.320,5.400,0.000,0.000,18.0
2008-02-24,03:43:00,1.310,0.000,242.450,5.400,0.000,0.000,18.0
2008-02-24,03:44:00,1.320,0.000,243.610,5.400,0.000,0.000,18.0
2008-02-24,03:45:00,1.316,0.000,243.210,5.400,0.000,0.000,18.0
2008-02-24,03:46:00,1.310,0.000,242.530,5.400,0.000,0.000,18.0
2008-02-24,03:47:00,1.312,0.000,242.710,5.400,0.000,0.000,18.0
2008-02-24,03:48:00,1.308,0.000,242.380,5.400,0.000,0.000,18.0
2008-02-24,03:49:00,1.308,0.000,242.450,5.400,0.000,0.000,18.0
2008-02-24,03:50:00,1.310,0.000,242.600,5.400,0.000,0.000,18.0
2008-02-24,03:51:00,1.306,0.000,242.210,5.400,0.000,0.000,18.0
2008-02-24,03:52:00,1.318,0.000,243.390,5.400,0.000,0.000,18.0
2008-02-24,03:53:00,1.326,0.000,243.970,5.400,0.000,0.000,18.0
2008-02-24,03:54:00,1.326,0.000,244.000,5.400,0.000,0.000,19.0
2008-02-24,03:55:00,1.322,0.000,243.760,5.400,0.000,0.000,18.0
2008-02-24,03:56:00,1.342,0.000,242.660,5.400,0.000,0.000,18.0
2008-02-24,03:57:00,1.376,0.058,241.680,5.600,0.000,0.000,18.0
2008-02-24,03:58:00,1.384,0.060,242.480,5.600,0.000,0.000,18.0
2008-02-24,03:59:00,1.384,0.060,242.500,5.600,0.000,0.000,18.0
2008-02-24,04:00:00,1.384,0.060,242.430,5.600,0.000,0.000,18.0
2008-02-24,04:01:00,1.388,0.062,242.930,5.600,0.000,0.000,18.0
2008-02-24,04:02:00,1.386,0.060,242.970,5.600,0.000,0.000,18.0
2008-02-24,04:03:00,1.388,0.062,243.110,5.600,0.000,0.000,18.0
2008-02-24,04:04:00,1.390,0.062,243.480,5.600,0.000,0.000,19.0
2008-02-24,04:05:00,1.352,0.000,242.650,5.600,0.000,0.000,18.0
2008-02-24,04:06:00,1.310,0.000,242.570,5.400,0.000,0.000,18.0
2008-02-24,04:07:00,1.310,0.000,242.550,5.400,0.000,0.000,18.0
2008-02-24,04:08:00,1.306,0.000,242.170,5.400,0.000,0.000,18.0
2008-02-24,04:09:00,1.382,0.000,242.920,5.600,0.000,0.000,18.0
2008-02-24,04:10:00,1.424,0.092,242.840,5.800,0.000,0.000,18.0
2008-02-24,04:11:00,1.416,0.092,242.510,5.800,0.000,0.000,18.0
2008-02-24,04:12:00,1.410,0.090,242.030,5.800,0.000,0.000,18.0
2008-02-24,04:13:00,1.410,0.090,242.070,5.800,0.000,0.000,18.0
2008-02-24,04:14:00,1.412,0.090,242.310,5.800,0.000,0.000,18.0
2008-02-24,04:15:00,1.412,0.092,242.410,5.800,0.000,0.000,18.0
2008-02-24,04:16:00,1.410,0.090,242.330,5.800,0.000,0.000,18.0
2008-02-24,04:17:00,1.410,0.092,242.550,5.800,0.000,0.000,18.0
2008-02-24,04:18:00,1.424,0.096,243.910,5.800,0.000,0.000,18.0
2008-02-24,04:19:00,1.422,0.096,243.840,5.800,0.000,0.000,18.0
2008-02-24,04:20:00,1.408,0.092,242.570,5.800,0.000,0.000,18.0
2008-02-24,04:21:00,1.412,0.094,243.030,5.800,0.000,0.000,18.0
2008-02-24,04:22:00,1.420,0.096,243.880,5.800,0.000,0.000,19.0
2008-02-24,04:23:00,1.420,0.096,243.820,5.800,0.000,0.000,18.0
2008-02-24,04:24:00,1.446,0.100,244.280,5.800,0.000,0.000,18.0
2008-02-24,04:25:00,1.434,0.096,243.440,5.800,0.000,0.000,18.0
2008-02-24,04:26:00,1.330,0.000,244.100,5.400,0.000,0.000,19.0
2008-02-24,04:27:00,1.332,0.000,244.600,5.400,0.000,0.000,18.0
2008-02-24,04:28:00,1.330,0.000,244.480,5.400,0.000,0.000,18.0
2008-02-24,04:29:00,1.330,0.000,244.310,5.400,0.000,0.000,19.0
2008-02-24,04:30:00,1.332,0.000,244.540,5.400,0.000,0.000,18.0
2008-02-24,04:31:00,1.324,0.000,243.820,5.400,0.000,0.000,18.0
2008-02-24,04:32:00,1.324,0.000,243.960,5.400,0.000,0.000,18.0
2008-02-24,04:33:00,1.336,0.000,244.970,5.400,0.000,0.000,19.0
2008-02-24,04:34:00,1.328,0.000,244.250,5.400,0.000,0.000,18.0
2008-02-24,04:35:00,1.322,0.000,243.670,5.400,0.000,0.000,18.0
2008-02-24,04:36:00,1.308,0.000,242.400,5.400,0.000,0.000,18.0
2008-02-24,04:37:00,1.308,0.000,242.400,5.400,0.000,0.000,18.0
2008-02-24,04:38:00,1.316,0.000,243.130,5.400,0.000,0.000,18.0
2008-02-24,04:39:00,1.430,0.080,242.920,6.000,0.000,0.000,18.0
2008-02-24,04:40:00,1.468,0.186,242.800,6.000,0.000,1.000,19.0
2008-02-24,04:41:00,1.478,0.190,243.510,6.000,0.000,1.000,18.0
2008-02-24,04:42:00,1.472,0.188,243.170,6.000,0.000,2.000,18.0
2008-02-24,04:43:00,1.476,0.188,243.500,6.000,0.000,1.000,18.0
2008-02-24,04:44:00,1.474,0.188,243.450,6.000,0.000,1.000,18.0
2008-02-24,04:45:00,1.456,0.182,241.800,6.000,0.000,2.000,18.0
2008-02-24,04:46:00,1.452,0.182,241.630,6.000,0.000,1.000,18.0
2008-02-24,04:47:00,1.448,0.180,241.240,6.000,0.000,2.000,18.0
2008-02-24,04:48:00,1.390,0.104,240.330,5.800,0.000,1.000,18.0
2008-02-24,04:49:00,1.376,0.074,240.930,5.600,0.000,1.000,17.0
2008-02-24,04:50:00,1.378,0.074,241.220,5.600,0.000,2.000,18.0
2008-02-24,04:51:00,1.378,0.074,241.180,5.600,0.000,1.000,18.0
2008-02-24,04:52:00,1.394,0.080,242.820,5.600,0.000,2.000,18.0
2008-02-24,04:53:00,1.388,0.078,242.340,5.600,0.000,1.000,18.0
2008-02-24,04:54:00,1.384,0.076,241.980,5.600,0.000,1.000,18.0
2008-02-24,04:55:00,1.378,0.076,241.500,5.600,0.000,2.000,18.0
2008-02-24,04:56:00,1.374,0.074,241.400,5.600,0.000,1.000,18.0
2008-02-24,04:57:00,1.372,0.074,241.190,5.600,0.000,1.000,18.0
2008-02-24,04:58:00,1.372,0.074,241.240,5.600,0.000,1.000,18.0
2008-02-24,04:59:00,1.366,0.072,240.700,5.600,0.000,2.000,17.0
2008-02-24,05:00:00,1.392,0.084,241.470,5.800,0.000,1.000,18.0
2008-02-24,05:01:00,1.478,0.208,240.980,6.200,0.000,1.000,18.0
2008-02-24,05:02:00,1.472,0.206,240.680,6.000,0.000,2.000,18.0
2008-02-24,05:03:00,1.474,0.210,241.270,6.000,0.000,1.000,18.0
2008-02-24,05:04:00,1.478,0.212,241.750,6.000,0.000,1.000,18.0
2008-02-24,05:05:00,1.478,0.212,241.790,6.000,0.000,1.000,18.0
2008-02-24,05:06:00,1.486,0.216,242.830,6.200,0.000,1.000,18.0
2008-02-24,05:07:00,1.488,0.216,243.010,6.200,0.000,2.000,18.0
2008-02-24,05:08:00,1.474,0.212,241.970,6.000,0.000,1.000,18.0
2008-02-24,05:09:00,1.448,0.160,242.690,6.000,0.000,1.000,18.0
2008-02-24,05:10:00,1.410,0.092,242.760,5.800,0.000,0.000,18.0
2008-02-24,05:11:00,1.406,0.092,242.410,5.800,0.000,0.000,18.0
2008-02-24,05:12:00,1.410,0.094,242.930,5.800,0.000,0.000,18.0
2008-02-24,05:13:00,1.404,0.092,242.470,5.800,0.000,0.000,18.0
2008-02-24,05:14:00,1.406,0.092,242.700,5.800,0.000,0.000,18.0
2008-02-24,05:15:00,1.408,0.094,242.930,5.800,0.000,0.000,18.0
2008-02-24,05:16:00,1.400,0.090,242.200,5.800,0.000,0.000,18.0
2008-02-24,05:17:00,1.320,0.000,241.720,5.400,0.000,0.000,18.0
2008-02-24,05:18:00,1.298,0.046,241.370,5.400,0.000,0.000,18.0
2008-02-24,05:19:00,1.292,0.046,240.830,5.200,0.000,0.000,18.0
2008-02-24,05:20:00,1.304,0.000,241.890,5.400,0.000,0.000,18.0
2008-02-24,05:21:00,1.304,0.000,242.060,5.400,0.000,0.000,18.0
2008-02-24,05:22:00,1.310,0.000,242.500,5.400,0.000,0.000,18.0
2008-02-24,05:23:00,1.396,0.000,243.460,5.600,0.000,0.000,18.0
2008-02-24,05:24:00,1.390,0.062,243.190,5.600,0.000,0.000,18.0
2008-02-24,05:25:00,1.386,0.060,242.680,5.600,0.000,0.000,18.0
2008-02-24,05:26:00,1.388,0.060,242.840,5.600,0.000,0.000,18.0
2008-02-24,05:27:00,1.390,0.062,243.000,5.600,0.000,0.000,18.0
2008-02-24,05:28:00,1.386,0.062,242.960,5.600,0.000,0.000,18.0
2008-02-24,05:29:00,1.386,0.062,243.020,5.600,0.000,0.000,18.0
2008-02-24,05:30:00,1.378,0.060,242.330,5.600,0.000,0.000,18.0
2008-02-24,05:31:00,1.372,0.050,242.410,5.600,0.000,0.000,18.0
2008-02-24,05:32:00,1.308,0.000,242.360,5.400,0.000,0.000,18.0
2008-02-24,05:33:00,1.302,0.046,241.690,5.400,0.000,0.000,18.0
2008-02-24,05:34:00,1.304,0.000,241.990,5.400,0.000,0.000,18.0
2008-02-24,05:35:00,1.300,0.046,241.500,5.400,0.000,0.000,18.0
2008-02-24,05:36:00,1.298,0.046,241.310,5.400,0.000,0.000,18.0
2008-02-24,05:37:00,1.300,0.046,241.550,5.400,0.000,0.000,18.0
2008-02-24,05:38:00,1.304,0.000,242.030,5.400,0.000,0.000,18.0
2008-02-24,05:39:00,1.304,0.000,242.070,5.400,0.000,0.000,18.0
2008-02-24,05:40:00,1.312,0.000,242.720,5.400,0.000,0.000,18.0
2008-02-24,05:41:00,1.308,0.000,242.280,5.400,0.000,0.000,18.0
2008-02-24,05:42:00,1.312,0.000,242.650,5.400,0.000,0.000,18.0
2008-02-24,05:43:00,1.308,0.000,242.330,5.400,0.000,0.000,18.0
2008-02-24,05:44:00,1.304,0.000,242.040,5.400,0.000,0.000,18.0
2008-02-24,05:45:00,1.304,0.000,242.000,5.400,0.000,0.000,18.0
2008-02-24,05:46:00,1.302,0.046,241.820,5.400,0.000,0.000,18.0
2008-02-24,05:47:00,1.290,0.048,240.560,5.200,0.000,0.000,18.0
2008-02-24,05:48:00,1.292,0.048,240.790,5.200,0.000,0.000,17.0
2008-02-24,05:49:00,1.298,0.046,241.350,5.400,0.000,0.000,18.0
2008-02-24,05:50:00,1.294,0.046,241.080,5.200,0.000,0.000,18.0
2008-02-24,05:51:00,1.298,0.046,241.380,5.400,0.000,0.000,18.0
2008-02-24,05:52:00,1.380,0.000,241.210,5.600,0.000,0.000,18.0
2008-02-24,05:53:00,1.400,0.084,240.540,5.800,0.000,0.000,18.0
2008-02-24,05:54:00,1.404,0.088,241.400,5.800,0.000,0.000,17.0
2008-02-24,05:55:00,1.404,0.088,241.440,5.800,0.000,0.000,18.0
2008-02-24,05:56:00,1.406,0.088,241.750,5.800,0.000,0.000,18.0
2008-02-24,05:57:00,1.414,0.090,242.530,5.800,0.000,0.000,18.0
2008-02-24,05:58:00,1.422,0.092,243.100,5.800,0.000,0.000,18.0
2008-02-24,05:59:00,1.424,0.092,243.140,5.800,0.000,0.000,18.0
2008-02-24,06:00:00,1.422,0.092,243.080,5.800,0.000,0.000,19.0
2008-02-24,06:01:00,1.414,0.090,242.330,5.800,0.000,0.000,18.0
2008-02-24,06:02:00,1.412,0.090,242.350,5.800,0.000,0.000,18.0
2008-02-24,06:03:00,1.418,0.092,242.890,5.800,0.000,0.000,18.0
2008-02-24,06:04:00,1.416,0.092,242.960,5.800,0.000,0.000,18.0
2008-02-24,06:05:00,1.410,0.090,242.420,5.800,0.000,0.000,18.0
2008-02-24,06:06:00,1.408,0.090,242.250,5.800,0.000,0.000,18.0
2008-02-24,06:07:00,1.404,0.090,242.030,5.800,0.000,0.000,18.0
2008-02-24,06:08:00,1.440,0.112,242.070,6.000,0.000,0.000,18.0
2008-02-24,06:09:00,1.400,0.062,243.350,5.600,0.000,0.000,18.0
2008-02-24,06:10:00,1.402,0.062,243.560,5.600,0.000,0.000,18.0
2008-02-24,06:11:00,1.406,0.064,244.010,5.600,0.000,0.000,18.0
2008-02-24,06:12:00,1.406,0.064,244.180,5.600,0.000,0.000,19.0
2008-02-24,06:13:00,1.402,0.064,243.920,5.600,0.000,0.000,18.0
2008-02-24,06:14:00,1.408,0.066,244.660,5.600,0.000,0.000,18.0
2008-02-24,06:15:00,0.902,0.070,244.160,4.200,0.000,0.000,11.0
2008-02-24,06:16:00,0.298,0.070,244.100,1.200,0.000,0.000,0.0
2008-02-24,06:17:00,0.232,0.000,244.320,1.000,0.000,0.000,0.0
2008-02-24,06:18:00,0.232,0.000,244.750,1.000,0.000,0.000,0.0
2008-02-24,06:19:00,0.232,0.000,244.540,1.000,0.000,0.000,0.0
2008-02-24,06:20:00,0.232,0.000,244.950,1.000,0.000,0.000,0.0
2008-02-24,06:21:00,0.232,0.000,244.170,1.000,0.000,0.000,0.0
2008-02-24,06:22:00,0.230,0.000,243.910,1.000,0.000,0.000,0.0
2008-02-24,06:23:00,0.230,0.000,243.840,1.000,0.000,0.000,0.0
2008-02-24,06:24:00,0.230,0.000,243.310,1.000,0.000,0.000,0.0
2008-02-24,06:25:00,0.230,0.000,243.130,1.000,0.000,0.000,0.0
2008-02-24,06:26:00,0.230,0.000,243.380,1.000,0.000,0.000,0.0
2008-02-24,06:27:00,0.230,0.000,243.510,1.000,0.000,0.000,0.0
2008-02-24,06:28:00,0.230,0.000,243.860,1.000,0.000,0.000,0.0
2008-02-24,06:29:00,0.232,0.000,244.770,1.000,0.000,0.000,0.0
2008-02-24,06:30:00,0.230,0.000,243.930,1.000,0.000,0.000,0.0
2008-02-24,06:31:00,0.230,0.000,244.380,1.000,0.000,0.000,0.0
2008-02-24,06:32:00,0.230,0.000,244.230,1.000,0.000,0.000,0.0
2008-02-24,06:33:00,0.232,0.000,244.890,1.000,0.000,0.000,0.0
2008-02-24,06:34:00,0.232,0.000,245.290,1.000,0.000,0.000,0.0
2008-02-24,06:35:00,0.232,0.000,244.990,1.000,0.000,0.000,0.0
2008-02-24,06:36:00,0.232,0.000,244.510,1.000,0.000,0.000,0.0
2008-02-24,06:37:00,0.232,0.000,245.020,1.000,0.000,0.000,0.0
2008-02-24,06:38:00,0.232,0.000,245.800,1.000,0.000,0.000,0.0
2008-02-24,06:39:00,0.230,0.000,244.660,1.000,0.000,0.000,0.0
2008-02-24,06:40:00,0.232,0.000,244.920,1.000,0.000,0.000,0.0
2008-02-24,06:41:00,0.230,0.000,244.280,1.000,0.000,0.000,0.0
2008-02-24,06:42:00,0.230,0.000,243.870,1.000,0.000,0.000,0.0
2008-02-24,06:43:00,0.230,0.000,244.480,1.000,0.000,0.000,0.0
2008-02-24,06:44:00,0.350,0.100,244.220,1.600,0.000,0.000,0.0
2008-02-24,06:45:00,0.342,0.106,244.240,1.400,0.000,0.000,0.0
2008-02-24,06:46:00,0.342,0.110,245.080,1.400,0.000,0.000,0.0
2008-02-24,06:47:00,0.340,0.110,245.050,1.400,0.000,0.000,0.0
2008-02-24,06:48:00,0.340,0.110,245.240,1.400,0.000,0.000,0.0
2008-02-24,06:49:00,0.338,0.108,244.900,1.400,0.000,0.000,0.0
2008-02-24,06:50:00,0.362,0.122,244.550,1.600,0.000,0.000,0.0
2008-02-24,06:51:00,0.790,0.132,244.470,3.200,0.000,0.000,0.0
2008-02-24,06:52:00,3.438,0.120,241.760,15.000,0.000,0.000,0.0
2008-02-24,06:53:00,4.194,0.198,240.860,17.400,0.000,0.000,0.0
2008-02-24,06:54:00,4.482,0.212,241.100,19.200,0.000,0.000,0.0
2008-02-24,06:55:00,1.778,0.426,244.120,7.600,0.000,0.000,0.0
2008-02-24,06:56:00,2.876,0.426,242.540,12.000,0.000,0.000,0.0
2008-02-24,06:57:00,2.782,0.418,242.920,11.600,0.000,0.000,0.0
2008-02-24,06:58:00,2.562,0.408,241.370,10.800,0.000,0.000,0.0
2008-02-24,06:59:00,3.162,0.428,239.020,13.600,0.000,0.000,0.0
2008-02-24,07:00:00,2.768,0.432,239.290,12.000,0.000,0.000,0.0
2008-02-24,07:01:00,3.286,0.276,238.490,14.000,0.000,0.000,9.0
2008-02-24,07:02:00,3.220,0.194,238.270,13.600,0.000,0.000,18.0
2008-02-24,07:03:00,2.312,0.090,240.040,9.600,0.000,0.000,18.0
2008-02-24,07:04:00,2.302,0.092,240.390,9.400,0.000,0.000,18.0
2008-02-24,07:05:00,2.318,0.050,239.960,9.600,0.000,0.000,18.0
2008-02-24,07:06:00,2.314,0.000,240.560,9.600,0.000,0.000,18.0
2008-02-24,07:07:00,2.290,0.000,239.990,9.400,0.000,0.000,18.0
2008-02-24,07:08:00,2.290,0.000,239.570,9.400,0.000,0.000,17.0
2008-02-24,07:09:00,2.286,0.000,239.360,9.400,0.000,0.000,18.0
2008-02-24,07:10:00,2.280,0.000,239.090,9.400,0.000,0.000,17.0
2008-02-24,07:11:00,2.284,0.000,239.330,9.400,0.000,0.000,18.0
2008-02-24,07:12:00,2.336,0.000,239.540,9.600,0.000,0.000,18.0
2008-02-24,07:13:00,2.250,0.000,239.420,9.400,0.000,0.000,17.0
2008-02-24,07:14:00,2.192,0.000,240.950,9.000,0.000,0.000,18.0
2008-02-24,07:15:00,2.192,0.000,239.950,9.000,0.000,0.000,18.0
2008-02-24,07:16:00,2.568,0.000,238.990,10.800,0.000,0.000,17.0
2008-02-24,07:17:00,2.560,0.000,239.420,10.600,0.000,0.000,18.0
2008-02-24,07:18:00,2.386,0.000,239.120,10.000,0.000,0.000,18.0
2008-02-24,07:19:00,2.240,0.000,238.430,9.400,1.000,0.000,17.0
2008-02-24,07:20:00,3.136,0.000,238.430,13.800,14.000,0.000,17.0
2008-02-24,07:21:00,4.404,0.000,237.060,18.600,37.000,0.000,18.0
2008-02-24,07:22:00,4.390,0.000,236.630,18.400,38.000,0.000,17.0
2008-02-24,07:23:00,4.456,0.000,238.380,18.600,38.000,0.000,17.0
2008-02-24,07:24:00,4.440,0.000,238.310,18.600,38.000,0.000,18.0
2008-02-24,07:25:00,4.438,0.000,238.440,18.600,38.000,0.000,17.0
2008-02-24,07:26:00,4.432,0.000,238.380,18.600,38.000,0.000,18.0
2008-02-24,07:27:00,4.504,0.108,236.980,19.000,37.000,0.000,17.0
2008-02-24,07:28:00,4.492,0.116,237.400,18.800,38.000,0.000,17.0
2008-02-24,07:29:00,4.518,0.118,238.070,19.000,37.000,0.000,18.0
2008-02-24,07:30:00,4.020,0.122,238.270,17.200,32.000,0.000,17.0
2008-02-24,07:31:00,2.370,0.158,240.170,9.800,1.000,0.000,18.0
2008-02-24,07:32:00,2.310,0.170,240.170,9.600,1.000,0.000,17.0
2008-02-24,07:33:00,2.350,0.150,239.840,9.800,1.000,0.000,18.0
2008-02-24,07:34:00,3.234,0.138,239.290,14.200,14.000,0.000,18.0
2008-02-24,07:35:00,4.520,0.122,237.940,19.000,38.000,0.000,17.0
2008-02-24,07:36:00,3.904,0.128,238.110,16.800,29.000,0.000,17.0
2008-02-24,07:37:00,2.414,0.180,240.770,10.000,1.000,0.000,18.0
2008-02-24,07:38:00,2.376,0.184,241.040,9.800,1.000,0.000,18.0
2008-02-24,07:39:00,3.380,0.220,239.420,14.800,16.000,0.000,18.0
2008-02-24,07:40:00,4.760,0.198,239.220,19.800,38.000,0.000,17.0
2008-02-24,07:41:00,4.940,0.196,238.610,20.600,38.000,0.000,18.0
2008-02-24,07:42:00,4.864,0.196,238.360,20.400,37.000,0.000,17.0
2008-02-24,07:43:00,4.838,0.200,238.860,20.200,38.000,0.000,18.0
2008-02-24,07:44:00,4.816,0.198,238.480,20.200,38.000,0.000,17.0
2008-02-24,07:45:00,4.922,0.194,238.230,20.600,38.000,0.000,18.0
2008-02-24,07:46:00,4.790,0.174,238.430,20.200,37.000,0.000,17.0
2008-02-24,07:47:00,2.756,0.214,240.030,11.400,1.000,0.000,18.0
2008-02-24,07:48:00,2.676,0.218,240.580,11.000,1.000,2.000,17.0
2008-02-24,07:49:00,2.584,0.198,240.710,10.800,0.000,1.000,18.0
2008-02-24,07:50:00,2.602,0.126,239.990,10.800,0.000,2.000,18.0
2008-02-24,07:51:00,2.598,0.088,240.670,10.800,0.000,1.000,18.0
2008-02-24,07:52:00,2.554,0.092,241.540,10.600,0.000,1.000,18.0
2008-02-24,07:53:00,2.490,0.094,241.580,10.200,0.000,2.000,17.0
2008-02-24,07:54:00,2.452,0.098,242.660,10.000,0.000,1.000,19.0
2008-02-24,07:55:00,3.162,0.096,241.710,13.000,0.000,2.000,18.0
2008-02-24,07:56:00,3.456,0.086,239.190,14.400,0.000,1.000,17.0
2008-02-24,07:57:00,3.448,0.086,238.660,14.400,0.000,1.000,18.0
2008-02-24,07:58:00,3.436,0.086,238.510,14.400,0.000,2.000,17.0
2008-02-24,07:59:00,3.454,0.086,239.170,14.400,0.000,1.000,18.0
2008-02-24,08:00:00,3.502,0.088,239.970,14.600,0.000,1.000,17.0
2008-02-24,08:01:00,3.602,0.084,239.880,15.000,0.000,2.000,18.0
2008-02-24,08:02:00,3.164,0.076,240.860,13.000,0.000,1.000,18.0
2008-02-24,08:03:00,2.880,0.080,241.170,11.800,0.000,1.000,18.0
2008-02-24,08:04:00,2.918,0.108,240.300,12.000,0.000,2.000,17.0
2008-02-24,08:05:00,2.992,0.292,241.010,12.400,0.000,1.000,18.0
2008-02-24,08:06:00,2.588,0.098,241.300,10.600,0.000,1.000,18.0
2008-02-24,08:07:00,2.512,0.130,240.570,10.400,0.000,1.000,18.0
2008-02-24,08:08:00,2.922,0.280,240.730,12.200,0.000,2.000,17.0
2008-02-24,08:09:00,2.794,0.210,240.570,11.600,0.000,1.000,18.0
2008-02-24,08:10:00,2.530,0.080,240.440,10.400,0.000,1.000,18.0
2008-02-24,08:11:00,2.408,0.080,239.950,10.000,0.000,1.000,18.0
2008-02-24,08:12:00,2.402,0.080,239.630,10.000,0.000,2.000,17.0
2008-02-24,08:13:00,2.470,0.180,237.860,10.400,0.000,1.000,18.0
2008-02-24,08:14:00,2.482,0.210,238.960,10.400,0.000,1.000,17.0
2008-02-24,08:15:00,2.310,0.214,239.490,9.600,0.000,1.000,18.0
2008-02-24,08:16:00,2.360,0.222,241.270,9.800,0.000,2.000,18.0
2008-02-24,08:17:00,2.204,0.224,241.560,9.000,0.000,1.000,18.0
2008-02-24,08:18:00,2.206,0.226,241.750,9.000,0.000,1.000,17.0
2008-02-24,08:19:00,2.240,0.228,242.420,9.200,0.000,1.000,18.0
2008-02-24,08:20:00,2.496,0.226,242.550,10.200,0.000,1.000,19.0
2008-02-24,08:21:00,2.276,0.296,242.410,9.400,0.000,2.000,18.0
2008-02-24,08:22:00,2.500,0.332,242.440,10.400,0.000,1.000,18.0
2008-02-24,08:23:00,2.906,0.324,242.070,12.000,0.000,1.000,18.0
2008-02-24,08:24:00,2.420,0.334,242.550,10.000,0.000,1.000,18.0
2008-02-24,08:25:00,1.614,0.348,245.030,6.600,0.000,1.000,18.0
2008-02-24,08:26:00,1.562,0.332,245.510,6.400,0.000,1.000,18.0
2008-02-24,08:27:00,1.488,0.218,244.370,6.000,0.000,0.000,19.0
2008-02-24,08:28:00,1.490,0.218,244.730,6.000,0.000,0.000,18.0
2008-02-24,08:29:00,1.494,0.220,245.180,6.000,0.000,0.000,19.0
2008-02-24,08:30:00,1.478,0.214,243.850,6.000,0.000,0.000,18.0
2008-02-24,08:31:00,1.476,0.214,243.770,6.000,0.000,0.000,18.0
2008-02-24,08:32:00,1.468,0.212,243.160,6.000,0.000,0.000,18.0
2008-02-24,08:33:00,1.396,0.102,243.260,5.600,0.000,0.000,18.0
2008-02-24,08:34:00,1.660,0.000,243.160,7.000,0.000,0.000,18.0
2008-02-24,08:35:00,1.302,0.000,242.670,5.200,0.000,0.000,18.0
2008-02-24,08:36:00,1.288,0.000,241.440,5.200,0.000,0.000,18.0
2008-02-24,08:37:00,1.284,0.000,240.900,5.200,0.000,0.000,18.0
2008-02-24,08:38:00,1.276,0.000,240.330,5.200,0.000,0.000,18.0
2008-02-24,08:39:00,1.278,0.000,240.360,5.200,0.000,0.000,18.0
2008-02-24,08:40:00,1.276,0.000,240.260,5.200,0.000,0.000,17.0
2008-02-24,08:41:00,1.268,0.000,239.490,5.200,0.000,0.000,18.0
2008-02-24,08:42:00,1.284,0.000,240.880,5.200,0.000,0.000,18.0
2008-02-24,08:43:00,1.288,0.000,241.330,5.200,0.000,0.000,18.0
2008-02-24,08:44:00,1.282,0.000,240.840,5.200,0.000,0.000,17.0
2008-02-24,08:45:00,1.282,0.000,240.790,5.200,0.000,0.000,18.0
2008-02-24,08:46:00,1.288,0.000,241.310,5.200,0.000,0.000,18.0
2008-02-24,08:47:00,1.288,0.000,241.320,5.200,0.000,0.000,18.0
2008-02-24,08:48:00,1.294,0.000,242.030,5.200,0.000,0.000,18.0
2008-02-24,08:49:00,1.280,0.000,240.680,5.200,0.000,0.000,18.0
2008-02-24,08:50:00,1.268,0.000,239.490,5.200,0.000,0.000,17.0
2008-02-24,08:51:00,1.280,0.000,240.590,5.200,0.000,0.000,18.0
2008-02-24,08:52:00,1.282,0.000,240.820,5.200,0.000,0.000,18.0
2008-02-24,08:53:00,1.262,0.000,238.840,5.200,0.000,0.000,17.0
2008-02-24,08:54:00,1.268,0.000,239.370,5.200,0.000,0.000,18.0
2008-02-24,08:55:00,1.262,0.000,238.760,5.200,0.000,0.000,17.0
2008-02-24,08:56:00,1.256,0.000,238.220,5.200,0.000,0.000,18.0
2008-02-24,08:57:00,1.266,0.000,239.260,5.200,0.000,0.000,17.0
2008-02-24,08:58:00,1.266,0.000,239.180,5.200,0.000,0.000,18.0
2008-02-24,08:59:00,1.256,0.000,238.210,5.200,0.000,0.000,17.0
2008-02-24,09:00:00,1.260,0.000,238.490,5.200,0.000,0.000,18.0
2008-02-24,09:01:00,1.386,0.094,239.080,5.800,0.000,0.000,17.0
2008-02-24,09:02:00,1.368,0.092,238.750,5.600,0.000,0.000,18.0
2008-02-24,09:03:00,1.376,0.094,239.710,5.600,0.000,0.000,17.0
2008-02-24,09:04:00,1.374,0.094,239.550,5.600,0.000,0.000,18.0
2008-02-24,09:05:00,1.366,0.092,238.860,5.600,0.000,0.000,17.0
2008-02-24,09:06:00,1.424,0.132,240.450,6.000,0.000,0.000,18.0
2008-02-24,09:07:00,1.456,0.200,240.400,6.000,0.000,0.000,18.0
2008-02-24,09:08:00,1.444,0.196,239.460,6.000,0.000,0.000,18.0
2008-02-24,09:09:00,1.446,0.198,239.880,6.000,0.000,0.000,17.0
2008-02-24,09:10:00,1.446,0.198,240.010,6.000,0.000,0.000,18.0
2008-02-24,09:11:00,1.434,0.194,239.100,6.000,0.000,0.000,17.0
2008-02-24,09:12:00,1.432,0.194,238.960,6.000,0.000,0.000,18.0
2008-02-24,09:13:00,1.426,0.192,238.620,6.000,0.000,0.000,17.0
2008-02-24,09:14:00,1.416,0.190,237.830,6.000,0.000,0.000,18.0
2008-02-24,09:15:00,1.432,0.196,239.420,6.000,0.000,0.000,17.0
2008-02-24,09:16:00,1.438,0.200,240.190,6.000,0.000,0.000,18.0
2008-02-24,09:17:00,1.414,0.168,239.910,5.800,0.000,0.000,18.0
2008-02-24,09:18:00,1.374,0.098,240.650,5.600,0.000,0.000,17.0
2008-02-24,09:19:00,1.378,0.098,241.070,5.600,0.000,0.000,18.0
2008-02-24,09:20:00,1.374,0.098,240.680,5.600,0.000,0.000,18.0
2008-02-24,09:21:00,1.300,0.000,241.310,5.400,0.000,0.000,18.0
2008-02-24,09:22:00,1.278,0.000,240.270,5.200,0.000,0.000,18.0
2008-02-24,09:23:00,1.274,0.000,239.910,5.200,0.000,0.000,17.0
2008-02-24,09:24:00,1.266,0.000,239.080,5.200,0.000,0.000,18.0
2008-02-24,09:25:00,1.258,0.000,238.270,5.200,0.000,0.000,17.0
2008-02-24,09:26:00,1.252,0.000,237.840,5.200,0.000,0.000,18.0
2008-02-24,09:27:00,1.250,0.000,237.520,5.200,0.000,0.000,17.0
2008-02-24,09:28:00,1.238,0.000,236.440,5.200,0.000,0.000,17.0
2008-02-24,09:29:00,1.246,0.000,237.140,5.200,0.000,0.000,17.0
2008-02-24,09:30:00,1.248,0.000,237.380,5.200,0.000,0.000,18.0
2008-02-24,09:31:00,1.244,0.000,236.930,5.200,0.000,0.000,17.0
2008-02-24,09:32:00,1.248,0.000,237.360,5.200,0.000,0.000,17.0
2008-02-24,09:33:00,1.248,0.000,237.290,5.200,0.000,0.000,17.0
2008-02-24,09:34:00,1.250,0.000,237.580,5.200,0.000,0.000,18.0
2008-02-24,09:35:00,1.264,0.000,238.980,5.200,0.000,0.000,17.0
2008-02-24,09:36:00,1.272,0.000,239.730,5.200,0.000,0.000,18.0
2008-02-24,09:37:00,1.270,0.000,239.610,5.200,0.000,0.000,18.0
2008-02-24,09:38:00,1.260,0.000,238.450,5.200,0.000,0.000,17.0
2008-02-24,09:39:00,1.258,0.000,238.390,5.200,0.000,0.000,17.0
2008-02-24,09:40:00,1.264,0.000,238.850,5.200,0.000,0.000,18.0
2008-02-24,09:41:00,1.256,0.000,238.270,5.200,0.000,0.000,17.0
2008-02-24,09:42:00,1.248,0.000,237.270,5.200,0.000,0.000,18.0
2008-02-24,09:43:00,1.250,0.000,237.440,5.200,0.000,0.000,17.0
2008-02-24,09:44:00,1.244,0.000,236.870,5.200,0.000,0.000,17.0
2008-02-24,09:45:00,1.244,0.000,236.880,5.200,0.000,0.000,17.0
2008-02-24,09:46:00,1.248,0.000,237.270,5.200,0.000,0.000,18.0
2008-02-24,09:47:00,1.250,0.000,237.470,5.200,0.000,0.000,17.0
2008-02-24,09:48:00,1.234,0.000,235.840,5.200,0.000,0.000,17.0
2008-02-24,09:49:00,1.332,0.064,235.330,5.600,0.000,0.000,17.0
2008-02-24,09:50:00,1.376,0.116,235.290,5.800,0.000,0.000,17.0
2008-02-24,09:51:00,1.402,0.180,234.970,6.000,0.000,0.000,17.0
2008-02-24,09:52:00,1.408,0.182,235.570,6.000,0.000,0.000,17.0
2008-02-24,09:53:00,1.408,0.182,235.630,6.000,0.000,0.000,17.0
2008-02-24,09:54:00,1.404,0.180,235.520,6.000,0.000,0.000,17.0
2008-02-24,09:55:00,1.410,0.184,236.300,6.000,0.000,0.000,17.0
2008-02-24,09:56:00,1.410,0.184,236.580,6.000,0.000,0.000,17.0
2008-02-24,09:57:00,1.414,0.186,237.060,6.000,0.000,0.000,18.0
2008-02-24,09:58:00,1.396,0.180,235.540,5.800,0.000,0.000,17.0
2008-02-24,09:59:00,1.400,0.184,236.200,5.800,0.000,0.000,17.0
2008-02-24,10:00:00,1.418,0.190,237.870,6.000,0.000,0.000,17.0
2008-02-24,10:01:00,1.360,0.094,238.730,5.600,0.000,0.000,18.0
2008-02-24,10:02:00,1.350,0.090,238.060,5.600,0.000,0.000,17.0
2008-02-24,10:03:00,1.360,0.092,239.130,5.600,0.000,0.000,18.0
2008-02-24,10:04:00,1.358,0.092,238.930,5.600,0.000,0.000,17.0
2008-02-24,10:05:00,1.356,0.092,238.860,5.600,0.000,0.000,18.0
2008-02-24,10:06:00,1.358,0.092,239.010,5.600,0.000,0.000,17.0
2008-02-24,10:07:00,1.346,0.090,237.980,5.600,0.000,0.000,18.0
2008-02-24,10:08:00,1.320,0.050,238.040,5.400,0.000,0.000,17.0
2008-02-24,10:09:00,1.250,0.000,237.440,5.200,0.000,0.000,17.0
2008-02-24,10:10:00,1.242,0.000,236.710,5.200,0.000,0.000,17.0
2008-02-24,10:11:00,1.238,0.000,236.150,5.200,0.000,0.000,18.0
2008-02-24,10:12:00,1.238,0.000,236.210,5.200,0.000,0.000,17.0
2008-02-24,10:13:00,1.250,0.000,237.390,5.200,0.000,0.000,17.0
2008-02-24,10:14:00,1.256,0.000,237.900,5.200,0.000,0.000,17.0
2008-02-24,10:15:00,1.240,0.000,236.520,5.200,0.000,0.000,17.0
2008-02-24,10:16:00,1.244,0.000,236.850,5.200,0.000,0.000,18.0
2008-02-24,10:17:00,1.244,0.000,236.790,5.200,0.000,0.000,17.0
2008-02-24,10:18:00,1.246,0.000,237.050,5.200,0.000,0.000,17.0
2008-02-24,10:19:00,1.232,0.000,235.600,5.200,0.000,0.000,17.0
2008-02-24,10:20:00,1.224,0.000,234.720,5.200,0.000,0.000,17.0
2008-02-24,10:21:00,1.230,0.000,235.460,5.200,0.000,0.000,17.0
2008-02-24,10:22:00,1.238,0.000,236.300,5.200,0.000,0.000,17.0
2008-02-24,10:23:00,1.238,0.000,236.330,5.200,0.000,0.000,17.0
2008-02-24,10:24:00,1.234,0.000,235.840,5.200,0.000,0.000,17.0
2008-02-24,10:25:00,1.228,0.000,235.320,5.200,0.000,0.000,17.0
2008-02-24,10:26:00,1.218,0.000,234.140,5.200,0.000,0.000,17.0
2008-02-24,10:27:00,1.222,0.000,234.660,5.200,0.000,0.000,17.0
2008-02-24,10:28:00,1.224,0.000,234.870,5.200,0.000,0.000,17.0
2008-02-24,10:29:00,1.228,0.000,235.250,5.200,0.000,0.000,17.0
2008-02-24,10:30:00,1.246,0.000,236.940,5.200,0.000,0.000,17.0
2008-02-24,10:31:00,1.258,0.000,238.270,5.200,0.000,0.000,18.0
2008-02-24,10:32:00,1.258,0.000,238.310,5.200,0.000,0.000,17.0
2008-02-24,10:33:00,1.250,0.000,237.410,5.200,0.000,0.000,18.0
2008-02-24,10:34:00,1.302,0.000,236.850,5.400,0.000,0.000,17.0
2008-02-24,10:35:00,1.316,0.058,236.730,5.400,0.000,0.000,17.0
2008-02-24,10:36:00,1.320,0.060,237.150,5.400,0.000,0.000,17.0
2008-02-24,10:37:00,1.434,0.186,236.420,6.000,0.000,0.000,17.0
2008-02-24,10:38:00,1.418,0.184,236.340,6.000,0.000,0.000,17.0
2008-02-24,10:39:00,1.412,0.184,236.180,6.000,0.000,0.000,18.0
2008-02-24,10:40:00,1.406,0.182,235.770,6.000,0.000,0.000,17.0
2008-02-24,10:41:00,1.402,0.182,235.590,6.000,0.000,0.000,17.0
2008-02-24,10:42:00,1.398,0.182,235.400,6.000,0.000,0.000,17.0
2008-02-24,10:43:00,1.400,0.182,235.830,6.000,0.000,0.000,17.0
2008-02-24,10:44:00,0.670,0.108,237.060,3.400,0.000,0.000,7.0
2008-02-24,10:45:00,0.308,0.098,237.640,1.400,0.000,0.000,0.0
2008-02-24,10:46:00,0.306,0.098,237.210,1.200,0.000,0.000,0.0
2008-02-24,10:47:00,0.306,0.100,237.680,1.200,0.000,0.000,0.0
2008-02-24,10:48:00,0.310,0.106,240.000,1.400,0.000,0.000,0.0
2008-02-24,10:49:00,0.308,0.106,240.100,1.400,0.000,0.000,0.0
2008-02-24,10:50:00,0.308,0.108,240.540,1.400,0.000,0.000,0.0
2008-02-24,10:51:00,0.308,0.110,241.000,1.400,0.000,0.000,0.0
2008-02-24,10:52:00,0.308,0.110,241.100,1.400,0.000,0.000,0.0
2008-02-24,10:53:00,0.308,0.110,241.170,1.400,0.000,0.000,0.0
2008-02-24,10:54:00,0.308,0.110,241.350,1.400,0.000,0.000,0.0
2008-02-24,10:55:00,0.308,0.108,240.910,1.200,0.000,0.000,0.0
2008-02-24,10:56:00,0.226,0.000,240.430,1.000,0.000,0.000,0.0
2008-02-24,10:57:00,0.212,0.000,240.700,0.800,0.000,0.000,0.0
2008-02-24,10:58:00,0.214,0.000,241.220,0.800,0.000,0.000,0.0
2008-02-24,10:59:00,0.214,0.000,241.000,0.800,0.000,0.000,0.0
2008-02-24,11:00:00,0.212,0.000,240.440,0.800,0.000,0.000,0.0
2008-02-24,11:01:00,0.212,0.000,240.420,0.800,0.000,0.000,0.0
2008-02-24,11:02:00,0.232,0.000,239.840,1.200,0.000,0.000,0.0
2008-02-24,11:03:00,0.294,0.092,239.180,1.200,0.000,1.000,0.0
2008-02-24,11:04:00,0.294,0.092,238.550,1.200,0.000,1.000,0.0
2008-02-24,11:05:00,0.292,0.090,238.280,1.200,0.000,1.000,0.0
2008-02-24,11:06:00,0.292,0.092,238.570,1.200,0.000,2.000,0.0
2008-02-24,11:07:00,0.294,0.094,239.480,1.200,0.000,1.000,0.0
2008-02-24,11:08:00,0.294,0.094,239.570,1.200,0.000,1.000,0.0
2008-02-24,11:09:00,0.296,0.096,240.100,1.200,0.000,2.000,0.0
2008-02-24,11:10:00,0.294,0.094,239.550,1.200,0.000,1.000,0.0
2008-02-24,11:11:00,0.296,0.096,240.430,1.200,0.000,2.000,0.0
2008-02-24,11:12:00,0.296,0.098,240.770,1.200,0.000,1.000,0.0
2008-02-24,11:13:00,0.296,0.096,240.200,1.200,0.000,1.000,0.0
2008-02-24,11:14:00,0.294,0.094,239.750,1.200,0.000,2.000,0.0
2008-02-24,11:15:00,0.292,0.094,239.290,1.200,0.000,1.000,0.0
2008-02-24,11:16:00,0.292,0.092,238.850,1.200,0.000,2.000,0.0
2008-02-24,11:17:00,0.298,0.094,238.350,1.400,0.000,1.000,0.0
2008-02-24,11:18:00,0.376,0.194,238.300,1.800,0.000,1.000,0.0
2008-02-24,11:19:00,0.360,0.188,237.250,1.600,0.000,2.000,0.0
2008-02-24,11:20:00,0.360,0.188,237.710,1.600,0.000,1.000,0.0
2008-02-24,11:21:00,0.360,0.188,237.390,1.600,0.000,1.000,0.0
2008-02-24,11:22:00,0.360,0.190,238.340,1.600,0.000,1.000,0.0
2008-02-24,11:23:00,0.356,0.190,237.970,1.600,0.000,2.000,0.0
2008-02-24,11:24:00,0.354,0.190,238.090,1.600,0.000,1.000,0.0
2008-02-24,11:25:00,0.474,0.322,238.910,2.400,0.000,1.000,0.0
2008-02-24,11:26:00,0.462,0.324,239.030,2.200,0.000,1.000,0.0
2008-02-24,11:27:00,0.404,0.246,239.570,2.000,0.000,2.000,0.0
2008-02-24,11:28:00,0.390,0.226,239.790,1.800,0.000,1.000,0.0
2008-02-24,11:29:00,0.388,0.224,239.330,1.800,0.000,1.000,0.0
2008-02-24,11:30:00,0.386,0.224,239.500,1.800,0.000,1.000,0.0
2008-02-24,11:31:00,0.384,0.224,239.620,1.800,0.000,1.000,0.0
2008-02-24,11:32:00,0.384,0.226,239.670,1.800,0.000,2.000,0.0
2008-02-24,11:33:00,0.382,0.224,239.350,1.800,0.000,1.000,0.0
2008-02-24,11:34:00,0.356,0.186,239.700,1.600,0.000,1.000,0.0
2008-02-24,11:35:00,0.310,0.108,240.180,1.400,0.000,0.000,0.0
2008-02-24,11:36:00,0.308,0.106,239.660,1.400,0.000,0.000,0.0
2008-02-24,11:37:00,0.308,0.104,239.300,1.200,0.000,0.000,0.0
2008-02-24,11:38:00,0.308,0.106,239.890,1.200,0.000,0.000,0.0
2008-02-24,11:39:00,0.306,0.104,239.240,1.200,0.000,0.000,0.0
2008-02-24,11:40:00,0.304,0.102,238.630,1.200,0.000,0.000,0.0
2008-02-24,11:41:00,0.304,0.102,238.670,1.200,0.000,0.000,0.0
2008-02-24,11:42:00,0.304,0.102,238.560,1.200,0.000,0.000,0.0
2008-02-24,11:43:00,0.298,0.096,239.360,1.200,0.000,0.000,0.0
2008-02-24,11:44:00,0.212,0.000,239.650,0.800,0.000,0.000,0.0
2008-02-24,11:45:00,0.210,0.000,238.750,0.800,0.000,0.000,0.0
2008-02-24,11:46:00,0.210,0.000,238.790,0.800,0.000,0.000,0.0
2008-02-24,11:47:00,0.210,0.000,239.010,0.800,0.000,0.000,0.0
2008-02-24,11:48:00,0.210,0.000,239.200,0.800,0.000,0.000,0.0
2008-02-24,11:49:00,0.210,0.000,238.950,0.800,0.000,0.000,0.0
2008-02-24,11:50:00,0.210,0.000,238.760,0.800,0.000,0.000,0.0
2008-02-24,11:51:00,0.210,0.000,239.330,0.800,0.000,0.000,0.0
2008-02-24,11:52:00,0.212,0.000,239.790,0.800,0.000,0.000,0.0
2008-02-24,11:53:00,0.212,0.000,239.520,0.800,0.000,0.000,0.0
2008-02-24,11:54:00,0.212,0.000,239.530,0.800,0.000,0.000,0.0
2008-02-24,11:55:00,0.210,0.000,238.870,0.800,0.000,0.000,0.0
2008-02-24,11:56:00,0.210,0.000,239.200,0.800,0.000,0.000,0.0
2008-02-24,11:57:00,0.210,0.000,239.130,0.800,0.000,0.000,0.0
2008-02-24,11:58:00,0.212,0.000,239.610,0.800,0.000,0.000,0.0
2008-02-24,11:59:00,0.210,0.000,238.810,0.800,0.000,0.000,0.0
2008-02-24,12:00:00,0.208,0.000,237.390,0.800,0.000,0.000,0.0
2008-02-24,12:01:00,0.270,0.000,237.230,1.200,0.000,0.000,0.0
2008-02-24,12:02:00,0.284,0.072,237.470,1.200,0.000,0.000,0.0
2008-02-24,12:03:00,0.286,0.074,238.560,1.200,0.000,0.000,0.0
2008-02-24,12:04:00,0.286,0.074,238.400,1.200,0.000,0.000,0.0
2008-02-24,12:05:00,0.284,0.074,238.300,1.200,0.000,0.000,0.0
2008-02-24,12:06:00,0.282,0.070,236.760,1.200,0.000,0.000,0.0
2008-02-24,12:07:00,0.278,0.066,235.680,1.200,0.000,0.000,0.0
2008-02-24,12:08:00,0.276,0.068,235.760,1.200,0.000,0.000,0.0
2008-02-24,12:09:00,0.278,0.072,237.450,1.200,0.000,0.000,0.0
2008-02-24,12:10:00,0.246,0.000,235.890,1.000,0.000,0.000,0.0
2008-02-24,12:11:00,0.208,0.000,237.090,0.800,0.000,0.000,0.0
2008-02-24,12:12:00,0.206,0.000,236.430,0.800,0.000,0.000,0.0
2008-02-24,12:13:00,0.316,0.084,237.230,1.400,0.000,0.000,0.0
2008-02-24,12:14:00,0.318,0.100,237.880,1.400,0.000,0.000,0.0
2008-02-24,12:15:00,0.314,0.100,237.970,1.400,0.000,0.000,0.0
2008-02-24,12:16:00,0.314,0.102,238.450,1.400,0.000,0.000,0.0
2008-02-24,12:17:00,0.312,0.098,237.160,1.400,0.000,0.000,0.0
2008-02-24,12:18:00,0.314,0.104,238.870,1.400,0.000,0.000,0.0
2008-02-24,12:19:00,0.312,0.104,238.840,1.400,0.000,0.000,0.0
2008-02-24,12:20:00,0.310,0.102,238.740,1.400,0.000,0.000,0.0
2008-02-24,12:21:00,0.312,0.104,239.320,1.400,0.000,0.000,0.0
2008-02-24,12:22:00,0.308,0.102,238.540,1.400,0.000,0.000,0.0
2008-02-24,12:23:00,0.306,0.100,237.970,1.400,0.000,0.000,0.0
2008-02-24,12:24:00,0.308,0.104,239.020,1.400,0.000,0.000,0.0
2008-02-24,12:25:00,0.306,0.100,238.020,1.200,0.000,0.000,0.0
2008-02-24,12:26:00,0.304,0.100,238.100,1.200,0.000,0.000,0.0
2008-02-24,12:27:00,0.304,0.100,237.750,1.200,0.000,0.000,0.0
2008-02-24,12:28:00,0.302,0.098,237.140,1.200,0.000,0.000,0.0
2008-02-24,12:29:00,0.304,0.102,238.670,1.200,0.000,0.000,0.0
2008-02-24,12:30:00,0.302,0.102,238.200,1.200,0.000,0.000,0.0
2008-02-24,12:31:00,0.282,0.072,237.090,1.200,0.000,0.000,0.0
2008-02-24,12:32:00,0.210,0.000,238.030,0.800,0.000,0.000,0.0
2008-02-24,12:33:00,0.210,0.000,238.150,0.800,0.000,0.000,0.0
2008-02-24,12:34:00,0.208,0.000,237.490,0.800,0.000,0.000,0.0
2008-02-24,12:35:00,0.210,0.000,238.230,0.800,0.000,0.000,0.0
2008-02-24,12:36:00,0.210,0.000,238.420,0.800,0.000,0.000,0.0
2008-02-24,12:37:00,0.210,0.000,237.980,0.800,0.000,0.000,0.0
2008-02-24,12:38:00,0.210,0.000,238.540,0.800,0.000,0.000,0.0
2008-02-24,12:39:00,0.210,0.000,238.330,0.800,0.000,0.000,0.0
2008-02-24,12:40:00,0.208,0.000,237.870,0.800,0.000,0.000,0.0
2008-02-24,12:41:00,0.212,0.000,239.560,0.800,0.000,0.000,0.0
2008-02-24,12:42:00,0.210,0.000,238.860,0.800,0.000,0.000,0.0
2008-02-24,12:43:00,0.210,0.000,238.410,0.800,0.000,0.000,0.0
2008-02-24,12:44:00,0.210,0.000,238.190,0.800,0.000,0.000,0.0
2008-02-24,12:45:00,0.286,0.052,238.790,1.400,0.000,0.000,0.0
2008-02-24,12:46:00,0.284,0.072,237.920,1.200,0.000,0.000,0.0
2008-02-24,12:47:00,0.284,0.070,237.350,1.200,0.000,0.000,0.0
2008-02-24,12:48:00,0.284,0.070,236.870,1.200,0.000,0.000,0.0
2008-02-24,12:49:00,0.282,0.070,237.080,1.200,0.000,0.000,0.0
2008-02-24,12:50:00,0.282,0.072,238.030,1.200,0.000,0.000,0.0
2008-02-24,12:51:00,0.278,0.068,236.540,1.200,0.000,0.000,0.0
2008-02-24,12:52:00,0.278,0.068,236.480,1.200,0.000,0.000,0.0
2008-02-24,12:53:00,0.276,0.066,235.740,1.200,0.000,0.000,0.0
2008-02-24,12:54:00,0.228,0.000,236.610,1.000,0.000,0.000,0.0
2008-02-24,12:55:00,0.208,0.000,237.720,0.800,0.000,0.000,0.0
2008-02-24,12:56:00,0.210,0.000,237.960,0.800,0.000,0.000,0.0
2008-02-24,12:57:00,0.210,0.000,238.130,0.800,0.000,0.000,0.0
2008-02-24,12:58:00,0.210,0.000,239.070,0.800,0.000,0.000,0.0
2008-02-24,12:59:00,0.212,0.000,239.200,0.800,0.000,0.000,0.0
2008-02-24,13:00:00,0.212,0.000,240.000,0.800,0.000,0.000,0.0
2008-02-24,13:01:00,0.292,0.056,241.090,1.400,0.000,0.000,0.0
2008-02-24,13:02:00,0.326,0.112,241.530,1.400,0.000,0.000,0.0
2008-02-24,13:03:00,0.322,0.112,241.920,1.400,0.000,0.000,0.0
2008-02-24,13:04:00,0.322,0.112,241.780,1.400,0.000,0.000,0.0
2008-02-24,13:05:00,0.322,0.114,242.100,1.400,0.000,0.000,0.0
2008-02-24,13:06:00,0.320,0.114,242.240,1.400,0.000,0.000,0.0
2008-02-24,13:07:00,0.318,0.112,242.050,1.400,0.000,0.000,0.0
2008-02-24,13:08:00,0.316,0.112,241.900,1.400,0.000,0.000,0.0
2008-02-24,13:09:00,0.316,0.112,241.680,1.400,0.000,0.000,0.0
2008-02-24,13:10:00,0.314,0.110,241.580,1.400,0.000,0.000,0.0
2008-02-24,13:11:00,0.312,0.110,241.490,1.400,0.000,0.000,0.0
2008-02-24,13:12:00,0.312,0.110,241.060,1.400,0.000,0.000,0.0
2008-02-24,13:13:00,0.312,0.110,241.420,1.400,0.000,0.000,0.0
2008-02-24,13:14:00,0.312,0.112,241.910,1.400,0.000,0.000,0.0
2008-02-24,13:15:00,0.308,0.110,240.760,1.400,0.000,0.000,0.0
2008-02-24,13:16:00,0.308,0.108,240.590,1.400,0.000,0.000,0.0
2008-02-24,13:17:00,0.308,0.108,240.760,1.400,0.000,0.000,0.0
2008-02-24,13:18:00,0.308,0.110,241.070,1.200,0.000,0.000,0.0
2008-02-24,13:19:00,0.308,0.108,240.890,1.200,0.000,0.000,0.0
2008-02-24,13:20:00,0.222,0.000,241.710,1.000,0.000,0.000,0.0
2008-02-24,13:21:00,0.212,0.000,240.060,0.800,0.000,0.000,0.0
2008-02-24,13:22:00,0.212,0.000,239.700,0.800,0.000,0.000,0.0
2008-02-24,13:23:00,0.214,0.000,240.720,0.800,0.000,0.000,0.0
2008-02-24,13:24:00,0.214,0.000,241.230,0.800,0.000,0.000,0.0
2008-02-24,13:25:00,0.214,0.000,241.130,0.800,0.000,0.000,0.0
2008-02-24,13:26:00,0.214,0.000,240.960,0.800,0.000,0.000,0.0
2008-02-24,13:27:00,0.212,0.000,239.900,0.800,0.000,0.000,0.0
2008-02-24,13:28:00,0.212,0.000,240.170,0.800,0.000,0.000,0.0
2008-02-24,13:29:00,0.286,0.052,239.970,1.400,0.000,0.000,0.0
2008-02-24,13:30:00,0.288,0.078,240.050,1.200,0.000,0.000,0.0
2008-02-24,13:31:00,0.290,0.078,240.480,1.200,0.000,0.000,0.0
2008-02-24,13:32:00,0.290,0.078,240.610,1.200,0.000,0.000,0.0
2008-02-24,13:33:00,0.288,0.080,240.710,1.200,0.000,0.000,0.0
2008-02-24,13:34:00,0.286,0.078,240.480,1.200,0.000,0.000,0.0
2008-02-24,13:35:00,0.286,0.080,240.870,1.200,0.000,0.000,0.0
2008-02-24,13:36:00,0.286,0.080,240.900,1.200,0.000,0.000,0.0
2008-02-24,13:37:00,0.286,0.080,241.530,1.200,0.000,0.000,0.0
2008-02-24,13:38:00,0.240,0.000,242.370,1.000,0.000,0.000,0.0
2008-02-24,13:39:00,0.216,0.000,242.960,0.800,0.000,0.000,0.0
2008-02-24,13:40:00,0.216,0.000,242.930,0.800,0.000,0.000,0.0
2008-02-24,13:41:00,0.218,0.000,243.750,0.800,0.000,0.000,0.0
2008-02-24,13:42:00,0.218,0.000,243.570,0.800,0.000,0.000,0.0
2008-02-24,13:43:00,0.218,0.000,243.900,0.800,0.000,0.000,0.0
2008-02-24,13:44:00,0.218,0.000,243.750,0.800,0.000,0.000,0.0
2008-02-24,13:45:00,0.214,0.000,241.880,0.800,0.000,0.000,0.0
2008-02-24,13:46:00,0.214,0.000,241.720,0.800,0.000,0.000,0.0
2008-02-24,13:47:00,0.214,0.000,241.240,0.800,0.000,0.000,0.0
2008-02-24,13:48:00,0.214,0.000,240.790,0.800,0.000,0.000,0.0
2008-02-24,13:49:00,0.212,0.000,240.490,0.800,0.000,0.000,0.0
2008-02-24,13:50:00,0.336,0.108,240.320,1.400,0.000,0.000,0.0
2008-02-24,13:51:00,0.322,0.108,240.550,1.400,0.000,0.000,0.0
2008-02-24,13:52:00,0.320,0.108,240.560,1.400,0.000,0.000,0.0
2008-02-24,13:53:00,0.320,0.110,241.030,1.400,0.000,0.000,0.0
2008-02-24,13:54:00,0.318,0.110,241.050,1.400,0.000,0.000,0.0
2008-02-24,13:55:00,0.318,0.110,241.100,1.400,0.000,0.000,0.0
2008-02-24,13:56:00,0.316,0.108,240.570,1.400,0.000,0.000,0.0
2008-02-24,13:57:00,0.312,0.104,239.360,1.400,0.000,0.000,0.0
2008-02-24,13:58:00,0.314,0.110,241.180,1.400,0.000,0.000,0.0
2008-02-24,13:59:00,0.314,0.112,241.400,1.400,0.000,0.000,0.0
2008-02-24,14:00:00,0.312,0.110,241.020,1.400,0.000,0.000,0.0
2008-02-24,14:01:00,0.312,0.110,241.120,1.400,0.000,0.000,0.0
2008-02-24,14:02:00,0.312,0.112,241.510,1.400,0.000,0.000,0.0
2008-02-24,14:03:00,0.310,0.110,240.750,1.400,0.000,0.000,0.0
2008-02-24,14:04:00,0.308,0.108,240.620,1.400,0.000,0.000,0.0
2008-02-24,14:05:00,0.308,0.110,240.850,1.400,0.000,0.000,0.0
2008-02-24,14:06:00,0.348,0.146,241.530,1.600,0.000,0.000,0.0
2008-02-24,14:07:00,0.390,0.234,241.340,1.800,0.000,0.000,0.0
2008-02-24,14:08:00,0.360,0.188,240.900,1.600,0.000,2.000,0.0
2008-02-24,14:09:00,0.296,0.100,241.430,1.200,0.000,1.000,0.0
2008-02-24,14:10:00,0.296,0.098,241.220,1.200,0.000,1.000,0.0
2008-02-24,14:11:00,0.296,0.098,240.610,1.200,0.000,2.000,0.0
2008-02-24,14:12:00,0.296,0.098,240.570,1.200,0.000,1.000,0.0
2008-02-24,14:13:00,0.296,0.096,239.980,1.200,0.000,2.000,0.0
2008-02-24,14:14:00,0.384,0.194,239.750,1.800,0.000,1.000,0.0
2008-02-24,14:15:00,0.370,0.198,239.950,1.600,0.000,1.000,0.0
2008-02-24,14:16:00,0.370,0.198,239.740,1.600,0.000,2.000,0.0
2008-02-24,14:17:00,0.370,0.196,239.740,1.600,0.000,1.000,0.0
2008-02-24,14:18:00,0.368,0.194,239.110,1.600,0.000,1.000,0.0
2008-02-24,14:19:00,0.364,0.192,238.560,1.600,0.000,2.000,0.0
2008-02-24,14:20:00,0.364,0.194,239.140,1.600,0.000,1.000,0.0
2008-02-24,14:21:00,0.362,0.194,239.160,1.600,0.000,2.000,0.0
2008-02-24,14:22:00,0.362,0.196,239.810,1.600,0.000,1.000,0.0
2008-02-24,14:23:00,0.308,0.118,239.230,1.400,0.000,1.000,0.0
2008-02-24,14:24:00,0.290,0.092,239.370,1.200,0.000,2.000,0.0
2008-02-24,14:25:00,0.290,0.094,239.700,1.200,0.000,1.000,0.0
2008-02-24,14:26:00,0.290,0.096,240.530,1.200,0.000,1.000,0.0
2008-02-24,14:27:00,0.288,0.096,240.480,1.200,0.000,1.000,0.0
2008-02-24,14:28:00,0.288,0.096,240.910,1.200,0.000,2.000,0.0
2008-02-24,14:29:00,0.292,0.102,242.380,1.200,0.000,1.000,0.0
2008-02-24,14:30:00,0.292,0.104,243.100,1.200,0.000,1.000,0.0
2008-02-24,14:31:00,0.292,0.104,243.150,1.200,0.000,1.000,0.0
2008-02-24,14:32:00,0.292,0.106,243.690,1.200,0.000,2.000,0.0
2008-02-24,14:33:00,0.292,0.104,243.470,1.200,0.000,1.000,0.0
2008-02-24,14:34:00,0.292,0.106,243.860,1.200,0.000,1.000,0.0
2008-02-24,14:35:00,0.290,0.104,243.360,1.200,0.000,1.000,0.0
2008-02-24,14:36:00,0.290,0.102,243.050,1.200,0.000,1.000,0.0
2008-02-24,14:37:00,0.288,0.100,242.010,1.200,0.000,2.000,0.0
2008-02-24,14:38:00,0.326,0.134,242.430,1.600,0.000,1.000,0.0
2008-02-24,14:39:00,0.342,0.140,242.570,1.400,0.000,0.000,0.0
2008-02-24,14:40:00,0.324,0.116,242.720,1.400,0.000,0.000,0.0
2008-02-24,14:41:00,0.324,0.116,242.890,1.400,0.000,0.000,0.0
2008-02-24,14:42:00,0.322,0.116,242.690,1.400,0.000,0.000,0.0
2008-02-24,14:43:00,0.320,0.114,242.240,1.400,0.000,0.000,0.0
2008-02-24,14:44:00,0.320,0.114,242.180,1.400,0.000,0.000,0.0
2008-02-24,14:45:00,0.318,0.116,242.570,1.400,0.000,0.000,0.0
2008-02-24,14:46:00,0.316,0.114,242.110,1.400,0.000,0.000,0.0
2008-02-24,14:47:00,0.316,0.112,241.690,1.400,0.000,0.000,0.0
2008-02-24,14:48:00,0.316,0.116,242.800,1.400,0.000,0.000,0.0
2008-02-24,14:49:00,0.316,0.118,243.260,1.400,0.000,0.000,0.0
2008-02-24,14:50:00,0.316,0.118,243.290,1.400,0.000,0.000,0.0
2008-02-24,14:51:00,0.312,0.112,241.390,1.400,0.000,0.000,0.0
2008-02-24,14:52:00,0.312,0.114,242.330,1.400,0.000,0.000,0.0
2008-02-24,14:53:00,0.312,0.116,242.490,1.400,0.000,0.000,0.0
2008-02-24,14:54:00,0.312,0.118,242.890,1.400,0.000,0.000,0.0
2008-02-24,14:55:00,0.312,0.118,242.890,1.400,0.000,0.000,0.0
2008-02-24,14:56:00,0.312,0.120,243.640,1.400,0.000,0.000,0.0
2008-02-24,14:57:00,0.236,0.000,243.710,1.000,0.000,0.000,0.0
2008-02-24,14:58:00,0.216,0.000,242.460,0.800,0.000,0.000,0.0
2008-02-24,14:59:00,0.314,0.090,243.220,1.400,0.000,0.000,0.0
2008-02-24,15:00:00,0.294,0.088,243.300,1.200,0.000,0.000,0.0
2008-02-24,15:01:00,0.294,0.088,243.080,1.200,0.000,0.000,0.0
2008-02-24,15:02:00,0.294,0.084,242.420,1.200,0.000,0.000,0.0
2008-02-24,15:03:00,0.286,0.078,239.820,1.200,0.000,0.000,0.0
2008-02-24,15:04:00,0.286,0.080,240.380,1.200,0.000,0.000,0.0
2008-02-24,15:05:00,0.286,0.080,240.340,1.200,0.000,0.000,0.0
2008-02-24,15:06:00,0.284,0.080,240.420,1.200,0.000,0.000,0.0
2008-02-24,15:07:00,0.284,0.080,240.610,1.200,0.000,0.000,0.0
2008-02-24,15:08:00,0.212,0.000,239.820,0.800,0.000,0.000,0.0
2008-02-24,15:09:00,0.214,0.000,241.450,0.800,0.000,0.000,0.0
2008-02-24,15:10:00,0.214,0.000,241.870,0.800,0.000,0.000,0.0
2008-02-24,15:11:00,0.214,0.000,241.450,0.800,0.000,0.000,0.0
2008-02-24,15:12:00,0.214,0.000,241.850,0.800,0.000,0.000,0.0
2008-02-24,15:13:00,0.214,0.000,241.750,0.800,0.000,0.000,0.0
2008-02-24,15:14:00,0.216,0.000,242.020,0.800,0.000,0.000,0.0
2008-02-24,15:15:00,0.216,0.000,241.960,0.800,0.000,0.000,0.0
2008-02-24,15:16:00,0.214,0.000,241.740,0.800,0.000,0.000,0.0
2008-02-24,15:17:00,0.214,0.000,241.810,0.800,0.000,0.000,0.0
2008-02-24,15:18:00,0.214,0.000,241.800,0.800,0.000,0.000,0.0
2008-02-24,15:19:00,0.216,0.000,242.070,0.800,0.000,0.000,0.0
2008-02-24,15:20:00,0.216,0.000,242.510,0.800,0.000,0.000,0.0
2008-02-24,15:21:00,0.216,0.000,242.070,0.800,0.000,0.000,0.0
2008-02-24,15:22:00,0.214,0.000,241.460,0.800,0.000,0.000,0.0
2008-02-24,15:23:00,0.216,0.000,242.330,0.800,0.000,0.000,0.0
2008-02-24,15:24:00,0.216,0.000,242.330,0.800,0.000,0.000,0.0
2008-02-24,15:25:00,0.216,0.000,241.770,0.800,0.000,0.000,0.0
2008-02-24,15:26:00,0.216,0.000,241.840,0.800,0.000,0.000,0.0
2008-02-24,15:27:00,0.262,0.000,241.480,1.200,0.000,0.000,0.0
2008-02-24,15:28:00,0.326,0.112,241.450,1.400,0.000,0.000,0.0
2008-02-24,15:29:00,0.322,0.110,241.400,1.400,0.000,0.000,0.0
2008-02-24,15:30:00,0.320,0.108,240.630,1.400,0.000,0.000,0.0
2008-02-24,15:31:00,0.320,0.110,241.050,1.400,0.000,0.000,0.0
2008-02-24,15:32:00,0.320,0.112,241.500,1.400,0.000,0.000,0.0
2008-02-24,15:33:00,0.318,0.112,241.700,1.400,0.000,0.000,0.0
2008-02-24,15:34:00,0.318,0.114,241.940,1.400,0.000,0.000,0.0
2008-02-24,15:35:00,0.318,0.116,242.840,1.400,0.000,0.000,0.0
2008-02-24,15:36:00,0.318,0.118,243.110,1.400,0.000,0.000,0.0
2008-02-24,15:37:00,0.318,0.118,243.440,1.400,0.000,0.000,0.0
2008-02-24,15:38:00,0.318,0.120,243.930,1.400,0.000,0.000,0.0
2008-02-24,15:39:00,0.316,0.118,243.270,1.400,0.000,0.000,0.0
2008-02-24,15:40:00,0.314,0.118,243.340,1.400,0.000,0.000,0.0
2008-02-24,15:41:00,0.314,0.120,243.580,1.400,0.000,0.000,0.0
2008-02-24,15:42:00,0.314,0.118,243.440,1.400,0.000,0.000,0.0
2008-02-24,15:43:00,0.338,0.132,242.760,1.600,0.000,0.000,0.0
2008-02-24,15:44:00,0.388,0.220,242.520,1.800,0.000,0.000,0.0
2008-02-24,15:45:00,0.386,0.220,242.490,1.800,0.000,0.000,0.0
2008-02-24,15:46:00,0.308,0.106,242.570,1.400,0.000,0.000,0.0
2008-02-24,15:47:00,0.292,0.086,242.680,1.200,0.000,0.000,0.0
2008-02-24,15:48:00,0.292,0.084,242.430,1.200,0.000,0.000,0.0
2008-02-24,15:49:00,0.290,0.084,242.080,1.200,0.000,0.000,0.0
2008-02-24,15:50:00,0.288,0.084,242.140,1.200,0.000,0.000,0.0
2008-02-24,15:51:00,0.288,0.084,242.230,1.200,0.000,0.000,0.0
2008-02-24,15:52:00,0.286,0.082,241.930,1.200,0.000,0.000,0.0
2008-02-24,15:53:00,0.224,0.000,242.800,0.800,0.000,0.000,0.0
2008-02-24,15:54:00,0.218,0.000,243.570,0.800,0.000,0.000,0.0
2008-02-24,15:55:00,0.216,0.000,242.710,0.800,0.000,0.000,0.0
2008-02-24,15:56:00,0.216,0.000,242.510,0.800,0.000,0.000,0.0
2008-02-24,15:57:00,0.216,0.000,242.200,0.800,0.000,0.000,0.0
2008-02-24,15:58:00,0.214,0.000,241.670,0.800,0.000,0.000,0.0
2008-02-24,15:59:00,0.214,0.000,241.470,0.800,0.000,0.000,0.0
2008-02-24,16:00:00,0.214,0.000,241.260,0.800,0.000,0.000,0.0
2008-02-24,16:01:00,0.214,0.000,241.080,0.800,0.000,0.000,0.0
2008-02-24,16:02:00,0.214,0.000,241.150,0.800,0.000,0.000,0.0
2008-02-24,16:03:00,0.214,0.000,241.530,0.800,0.000,0.000,0.0
2008-02-24,16:04:00,0.216,0.000,241.770,0.800,0.000,0.000,0.0
2008-02-24,16:05:00,0.218,0.000,243.210,0.800,0.000,0.000,0.0
2008-02-24,16:06:00,0.218,0.000,243.530,0.800,0.000,0.000,0.0
2008-02-24,16:07:00,0.218,0.000,244.100,0.800,0.000,0.000,0.0
2008-02-24,16:08:00,0.218,0.000,243.960,0.800,0.000,0.000,0.0
2008-02-24,16:09:00,0.220,0.000,244.680,0.800,0.000,0.000,0.0
2008-02-24,16:10:00,0.220,0.000,245.330,0.800,0.000,0.000,0.0
2008-02-24,16:11:00,0.220,0.000,244.650,0.800,0.000,0.000,0.0
2008-02-24,16:12:00,0.220,0.000,244.710,0.800,0.000,0.000,0.0
2008-02-24,16:13:00,0.220,0.000,244.610,0.800,0.000,0.000,0.0
2008-02-24,16:14:00,0.218,0.000,244.300,0.800,0.000,0.000,0.0
2008-02-24,16:15:00,0.218,0.000,244.050,0.800,0.000,0.000,0.0
2008-02-24,16:16:00,0.218,0.000,243.690,0.800,0.000,0.000,0.0
2008-02-24,16:17:00,0.336,0.112,243.350,1.400,0.000,0.000,0.0
2008-02-24,16:18:00,0.328,0.120,243.550,1.400,0.000,0.000,0.0
2008-02-24,16:19:00,0.326,0.120,243.730,1.400,0.000,0.000,0.0
2008-02-24,16:20:00,0.326,0.120,243.970,1.400,0.000,0.000,0.0
2008-02-24,16:21:00,0.324,0.120,244.000,1.400,0.000,0.000,0.0
2008-02-24,16:22:00,0.322,0.116,243.040,1.400,0.000,0.000,0.0
2008-02-24,16:23:00,0.318,0.116,242.590,1.400,0.000,0.000,0.0
2008-02-24,16:24:00,0.320,0.118,243.230,1.400,0.000,0.000,0.0
2008-02-24,16:25:00,0.316,0.116,242.630,1.400,0.000,0.000,0.0
2008-02-24,16:26:00,0.314,0.112,241.940,1.400,0.000,0.000,0.0
2008-02-24,16:27:00,0.316,0.116,242.520,1.400,0.000,0.000,0.0
2008-02-24,16:28:00,0.332,0.120,242.220,1.600,0.000,0.000,0.0
2008-02-24,16:29:00,0.390,0.216,241.730,1.800,0.000,0.000,0.0
2008-02-24,16:30:00,0.386,0.212,240.740,1.800,0.000,0.000,0.0
2008-02-24,16:31:00,0.386,0.212,240.620,1.800,0.000,0.000,0.0
2008-02-24,16:32:00,0.384,0.212,240.770,1.800,0.000,0.000,0.0
2008-02-24,16:33:00,0.382,0.212,240.490,1.800,0.000,0.000,0.0
2008-02-24,16:34:00,0.380,0.210,239.950,1.800,0.000,0.000,0.0
2008-02-24,16:35:00,0.304,0.106,240.620,1.400,0.000,0.000,0.0
2008-02-24,16:36:00,0.286,0.082,241.230,1.200,0.000,0.000,0.0
2008-02-24,16:37:00,0.284,0.080,240.710,1.200,0.000,0.000,0.0
2008-02-24,16:38:00,0.220,0.000,240.260,0.800,0.000,0.000,0.0
2008-02-24,16:39:00,0.214,0.000,240.550,0.800,0.000,0.000,0.0
2008-02-24,16:40:00,0.214,0.000,240.670,0.800,0.000,0.000,0.0
2008-02-24,16:41:00,0.214,0.000,240.740,0.800,0.000,0.000,0.0
2008-02-24,16:42:00,0.214,0.000,241.450,0.800,0.000,0.000,0.0
2008-02-24,16:43:00,0.214,0.000,241.030,0.800,0.000,0.000,0.0
2008-02-24,16:44:00,0.214,0.000,241.600,0.800,0.000,0.000,0.0
2008-02-24,16:45:00,0.216,0.000,241.790,0.800,0.000,0.000,0.0
2008-02-24,16:46:00,0.216,0.000,242.300,0.800,0.000,0.000,0.0
2008-02-24,16:47:00,0.216,0.000,242.110,0.800,0.000,0.000,0.0
2008-02-24,16:48:00,0.216,0.000,242.350,0.800,0.000,0.000,0.0
2008-02-24,16:49:00,0.216,0.000,242.120,0.800,0.000,0.000,0.0
2008-02-24,16:50:00,0.216,0.000,242.450,0.800,0.000,0.000,0.0
2008-02-24,16:51:00,0.216,0.000,242.880,0.800,0.000,0.000,0.0
2008-02-24,16:52:00,0.216,0.000,242.410,0.800,0.000,0.000,0.0
2008-02-24,16:53:00,0.216,0.000,242.460,0.800,0.000,0.000,0.0
2008-02-24,16:54:00,0.216,0.000,242.280,0.800,0.000,0.000,0.0
2008-02-24,16:55:00,0.216,0.000,242.430,0.800,0.000,0.000,0.0
2008-02-24,16:56:00,0.214,0.000,241.350,0.800,0.000,0.000,0.0
2008-02-24,16:57:00,0.214,0.000,241.260,0.800,0.000,0.000,0.0
2008-02-24,16:58:00,0.214,0.000,240.970,0.800,0.000,0.000,0.0
2008-02-24,16:59:00,0.214,0.000,240.890,0.800,0.000,0.000,0.0
2008-02-24,17:00:00,0.212,0.000,240.270,0.800,0.000,0.000,0.0
2008-02-24,17:01:00,0.212,0.000,239.480,0.800,0.000,0.000,0.0
2008-02-24,17:02:00,0.212,0.000,239.300,0.800,0.000,0.000,0.0
2008-02-24,17:03:00,0.212,0.000,239.450,0.800,0.000,0.000,0.0
2008-02-24,17:04:00,0.212,0.000,240.040,0.800,0.000,0.000,0.0
2008-02-24,17:05:00,0.212,0.000,240.320,0.800,0.000,0.000,0.0
2008-02-24,17:06:00,0.258,0.000,240.400,1.200,0.000,0.000,0.0
2008-02-24,17:07:00,0.326,0.110,241.260,1.400,0.000,0.000,0.0
2008-02-24,17:08:00,0.322,0.110,241.400,1.400,0.000,0.000,0.0
2008-02-24,17:09:00,0.342,0.120,240.190,1.600,0.000,0.000,0.0
2008-02-24,17:10:00,0.398,0.226,239.600,1.800,0.000,0.000,0.0
2008-02-24,17:11:00,0.400,0.226,239.440,1.800,0.000,2.000,0.0
2008-02-24,17:12:00,0.394,0.224,239.130,1.800,0.000,1.000,0.0
2008-02-24,17:13:00,0.422,0.240,239.130,2.000,0.000,2.000,0.0
2008-02-24,17:14:00,0.470,0.328,239.340,2.400,0.000,1.000,0.0
2008-02-24,17:15:00,0.468,0.326,239.100,2.400,0.000,1.000,0.0
2008-02-24,17:16:00,0.468,0.326,239.090,2.400,0.000,2.000,0.0
2008-02-24,17:17:00,0.464,0.324,238.570,2.400,0.000,1.000,0.0
2008-02-24,17:18:00,0.462,0.324,238.590,2.200,0.000,2.000,0.0
2008-02-24,17:19:00,0.460,0.322,238.290,2.200,0.000,1.000,0.0
2008-02-24,17:20:00,0.458,0.322,238.340,2.200,0.000,1.000,0.0
2008-02-24,17:21:00,0.454,0.320,237.750,2.200,0.000,2.000,0.0
2008-02-24,17:22:00,0.450,0.312,237.110,2.200,0.000,1.000,0.0
2008-02-24,17:23:00,0.384,0.218,237.930,1.800,0.000,1.000,0.0
2008-02-24,17:24:00,0.372,0.206,238.860,1.800,0.000,2.000,0.0
2008-02-24,17:25:00,0.292,0.094,239.190,1.200,0.000,1.000,0.0
2008-02-24,17:26:00,0.288,0.088,237.660,1.200,0.000,1.000,0.0
2008-02-24,17:27:00,0.286,0.088,237.450,1.200,0.000,2.000,0.0
2008-02-24,17:28:00,0.286,0.088,237.190,1.200,0.000,1.000,0.0
2008-02-24,17:29:00,0.284,0.086,237.010,1.200,0.000,1.000,0.0
2008-02-24,17:30:00,0.282,0.086,236.540,1.200,0.000,2.000,0.0
2008-02-24,17:31:00,0.284,0.088,236.900,1.200,0.000,1.000,0.0
2008-02-24,17:32:00,0.284,0.088,237.530,1.200,0.000,1.000,0.0
2008-02-24,17:33:00,0.282,0.088,237.420,1.200,0.000,1.000,0.0
2008-02-24,17:34:00,0.282,0.088,237.070,1.200,0.000,1.000,0.0
2008-02-24,17:35:00,0.280,0.084,236.090,1.200,0.000,2.000,0.0
2008-02-24,17:36:00,0.280,0.084,236.060,1.200,0.000,1.000,0.0
2008-02-24,17:37:00,0.282,0.088,237.260,1.200,0.000,1.000,0.0
2008-02-24,17:38:00,0.278,0.084,236.120,1.200,0.000,1.000,0.0
2008-02-24,17:39:00,0.278,0.086,236.460,1.200,0.000,1.000,0.0
2008-02-24,17:40:00,0.278,0.086,236.430,1.200,0.000,2.000,0.0
2008-02-24,17:41:00,0.278,0.086,236.870,1.200,0.000,1.000,0.0
2008-02-24,17:42:00,0.244,0.000,237.020,1.000,0.000,1.000,0.0
2008-02-24,17:43:00,0.210,0.000,237.810,0.800,0.000,0.000,0.0
2008-02-24,17:44:00,0.208,0.000,237.520,0.800,0.000,0.000,0.0
2008-02-24,17:45:00,0.208,0.000,236.460,0.800,0.000,0.000,0.0
2008-02-24,17:46:00,0.206,0.000,236.090,0.800,0.000,0.000,0.0
2008-02-24,17:47:00,0.208,0.000,236.710,0.800,0.000,0.000,0.0
2008-02-24,17:48:00,0.206,0.000,236.250,0.800,0.000,0.000,0.0
2008-02-24,17:49:00,0.208,0.000,236.420,0.800,0.000,0.000,0.0
2008-02-24,17:50:00,0.206,0.000,236.200,0.800,0.000,0.000,0.0
2008-02-24,17:51:00,0.208,0.000,237.470,0.800,0.000,0.000,0.0
2008-02-24,17:52:00,0.212,0.000,239.390,0.800,0.000,0.000,0.0
2008-02-24,17:53:00,0.210,0.000,238.720,0.800,0.000,0.000,0.0
2008-02-24,17:54:00,0.208,0.000,237.500,0.800,0.000,0.000,0.0
2008-02-24,17:55:00,0.210,0.000,238.590,0.800,0.000,0.000,0.0
2008-02-24,17:56:00,0.210,0.000,239.010,0.800,0.000,0.000,0.0
2008-02-24,17:57:00,0.304,0.068,238.560,1.400,0.000,0.000,0.0
2008-02-24,17:58:00,0.342,0.108,237.960,1.600,0.000,0.000,0.0
2008-02-24,17:59:00,0.392,0.202,238.220,1.800,0.000,0.000,0.0
2008-02-24,18:00:00,0.386,0.194,236.180,1.800,0.000,0.000,0.0
2008-02-24,18:01:00,0.388,0.200,237.560,1.800,0.000,0.000,0.0
2008-02-24,18:02:00,0.386,0.196,236.910,1.800,0.000,0.000,0.0
2008-02-24,18:03:00,0.382,0.196,236.540,1.800,0.000,0.000,0.0
2008-02-24,18:04:00,0.380,0.196,236.880,1.800,0.000,0.000,0.0
2008-02-24,18:05:00,0.378,0.196,236.850,1.800,0.000,0.000,0.0
2008-02-24,18:06:00,0.376,0.194,236.360,1.800,0.000,0.000,0.0
2008-02-24,18:07:00,0.364,0.182,235.400,1.600,0.000,0.000,0.0
2008-02-24,18:08:00,0.304,0.096,236.370,1.200,0.000,0.000,0.0
2008-02-24,18:09:00,0.302,0.092,235.300,1.200,0.000,0.000,0.0
2008-02-24,18:10:00,0.300,0.092,234.920,1.200,0.000,0.000,0.0
2008-02-24,18:11:00,0.300,0.094,235.190,1.200,0.000,0.000,0.0
2008-02-24,18:12:00,0.300,0.094,235.750,1.200,0.000,0.000,0.0
2008-02-24,18:13:00,0.300,0.096,236.360,1.200,0.000,0.000,0.0
2008-02-24,18:14:00,0.302,0.100,237.790,1.200,0.000,0.000,0.0
2008-02-24,18:15:00,0.224,0.000,237.490,1.000,0.000,0.000,0.0
2008-02-24,18:16:00,0.208,0.000,237.430,0.800,0.000,0.000,0.0
2008-02-24,18:17:00,0.208,0.000,236.780,0.800,0.000,0.000,0.0
2008-02-24,18:18:00,0.206,0.000,235.940,0.800,0.000,0.000,0.0
2008-02-24,18:19:00,0.206,0.000,235.240,0.800,0.000,0.000,0.0
2008-02-24,18:20:00,0.206,0.000,236.170,0.800,0.000,0.000,0.0
2008-02-24,18:21:00,0.206,0.000,236.150,0.800,0.000,0.000,0.0
2008-02-24,18:22:00,0.206,0.000,236.050,0.800,0.000,0.000,0.0
2008-02-24,18:23:00,0.206,0.000,236.330,0.800,0.000,0.000,0.0
2008-02-24,18:24:00,0.208,0.000,236.710,0.800,0.000,0.000,0.0
2008-02-24,18:25:00,0.206,0.000,235.980,0.800,0.000,0.000,0.0
2008-02-24,18:26:00,0.206,0.000,235.720,0.800,0.000,0.000,0.0
2008-02-24,18:27:00,0.206,0.000,235.420,0.800,0.000,0.000,0.0
2008-02-24,18:28:00,0.206,0.000,235.690,0.800,0.000,0.000,0.0
2008-02-24,18:29:00,0.206,0.000,235.740,0.800,0.000,0.000,0.0
2008-02-24,18:30:00,0.206,0.000,235.530,0.800,0.000,0.000,0.0
2008-02-24,18:31:00,0.204,0.000,234.490,0.800,0.000,0.000,0.0
2008-02-24,18:32:00,0.204,0.000,234.340,0.800,0.000,0.000,0.0
2008-02-24,18:33:00,0.204,0.000,234.090,0.800,0.000,0.000,0.0
2008-02-24,18:34:00,0.204,0.000,233.830,0.800,0.000,0.000,0.0
2008-02-24,18:35:00,0.204,0.000,233.920,0.800,0.000,0.000,0.0
2008-02-24,18:36:00,0.204,0.000,233.720,0.800,0.000,0.000,0.0
2008-02-24,18:37:00,0.202,0.000,233.390,0.800,0.000,0.000,0.0
2008-02-24,18:38:00,0.202,0.000,232.790,0.800,0.000,0.000,0.0
2008-02-24,18:39:00,0.202,0.000,233.520,0.800,0.000,0.000,0.0
2008-02-24,18:40:00,0.206,0.000,236.330,0.800,0.000,0.000,0.0
2008-02-24,18:41:00,0.206,0.000,236.050,0.800,0.000,0.000,0.0
2008-02-24,18:42:00,0.208,0.000,236.930,0.800,0.000,0.000,0.0
2008-02-24,18:43:00,0.228,0.000,237.330,1.200,0.000,0.000,0.0
2008-02-24,18:44:00,0.284,0.068,236.850,1.200,0.000,0.000,0.0
2008-02-24,18:45:00,0.282,0.068,236.550,1.200,0.000,0.000,0.0
2008-02-24,18:46:00,0.282,0.068,236.620,1.200,0.000,0.000,0.0
2008-02-24,18:47:00,0.284,0.068,236.640,1.200,0.000,0.000,0.0
2008-02-24,18:48:00,0.336,0.118,235.940,1.600,0.000,0.000,0.0
2008-02-24,18:49:00,0.390,0.196,236.530,1.800,0.000,0.000,0.0
2008-02-24,18:50:00,0.384,0.194,236.080,1.800,0.000,0.000,0.0
2008-02-24,18:51:00,0.384,0.196,236.900,1.800,0.000,0.000,0.0
2008-02-24,18:52:00,0.356,0.162,237.490,1.600,0.000,0.000,0.0
2008-02-24,18:53:00,0.310,0.096,236.480,1.400,0.000,0.000,0.0
2008-02-24,18:54:00,0.312,0.098,237.540,1.400,0.000,0.000,0.0
2008-02-24,18:55:00,1.152,0.086,236.180,5.200,0.000,0.000,12.0
2008-02-24,18:56:00,1.368,0.082,235.480,5.800,0.000,0.000,17.0
2008-02-24,18:57:00,1.356,0.084,235.660,5.600,0.000,0.000,18.0
2008-02-24,18:58:00,1.352,0.084,236.380,5.600,0.000,0.000,17.0
2008-02-24,18:59:00,1.348,0.086,236.740,5.600,0.000,0.000,18.0
2008-02-24,19:00:00,1.350,0.086,237.240,5.600,0.000,0.000,17.0
2008-02-24,19:01:00,1.348,0.088,237.430,5.600,0.000,0.000,17.0
2008-02-24,19:02:00,1.342,0.086,236.960,5.600,0.000,0.000,18.0
2008-02-24,19:03:00,1.342,0.086,237.040,5.600,0.000,0.000,17.0
2008-02-24,19:04:00,1.338,0.086,236.880,5.600,0.000,0.000,17.0
2008-02-24,19:05:00,1.340,0.086,237.090,5.600,0.000,0.000,17.0
2008-02-24,19:06:00,1.274,0.000,237.290,5.200,0.000,0.000,18.0
2008-02-24,19:07:00,1.246,0.000,236.930,5.200,0.000,0.000,17.0
2008-02-24,19:08:00,1.234,0.000,235.810,5.200,0.000,0.000,17.0
2008-02-24,19:09:00,1.234,0.000,235.840,5.200,0.000,0.000,17.0
2008-02-24,19:10:00,1.238,0.000,236.170,5.200,0.000,0.000,17.0
2008-02-24,19:11:00,1.232,0.000,235.560,5.200,0.000,0.000,17.0
2008-02-24,19:12:00,1.234,0.000,235.730,5.200,0.000,0.000,17.0
2008-02-24,19:13:00,1.224,0.000,234.830,5.200,0.000,0.000,17.0
2008-02-24,19:14:00,1.230,0.000,235.330,5.200,0.000,0.000,17.0
2008-02-24,19:15:00,1.222,0.000,234.570,5.200,0.000,0.000,17.0
2008-02-24,19:16:00,1.226,0.000,234.990,5.200,0.000,0.000,17.0
2008-02-24,19:17:00,1.238,0.000,236.120,5.200,0.000,0.000,17.0
2008-02-24,19:18:00,1.228,0.000,235.230,5.200,0.000,0.000,17.0
2008-02-24,19:19:00,1.232,0.000,235.680,5.200,0.000,0.000,17.0
2008-02-24,19:20:00,1.236,0.000,236.060,5.200,0.000,0.000,17.0
2008-02-24,19:21:00,1.242,0.000,236.640,5.200,0.000,0.000,18.0
2008-02-24,19:22:00,1.238,0.000,236.230,5.200,0.000,0.000,17.0
2008-02-24,19:23:00,1.230,0.000,235.490,5.200,0.000,0.000,17.0
2008-02-24,19:24:00,1.236,0.000,236.110,5.200,0.000,0.000,17.0
2008-02-24,19:25:00,1.234,0.000,235.750,5.200,0.000,0.000,17.0
2008-02-24,19:26:00,1.234,0.000,235.920,5.200,0.000,0.000,17.0
2008-02-24,19:27:00,1.232,0.000,235.630,5.200,0.000,0.000,17.0
2008-02-24,19:28:00,1.254,0.000,235.250,5.200,0.000,0.000,17.0
2008-02-24,19:29:00,1.304,0.056,235.460,5.400,0.000,0.000,17.0
2008-02-24,19:30:00,1.304,0.056,235.570,5.400,0.000,0.000,17.0
2008-02-24,19:31:00,1.294,0.054,234.560,5.400,0.000,0.000,17.0
2008-02-24,19:32:00,1.300,0.054,235.150,5.400,0.000,0.000,17.0
2008-02-24,19:33:00,1.308,0.056,236.190,5.400,0.000,0.000,17.0
2008-02-24,19:34:00,1.308,0.056,236.210,5.400,0.000,0.000,17.0
2008-02-24,19:35:00,1.300,0.056,235.650,5.400,0.000,0.000,17.0
2008-02-24,19:36:00,1.300,0.056,235.660,5.400,0.000,0.000,17.0
2008-02-24,19:37:00,1.262,0.000,235.170,5.200,0.000,0.000,17.0
2008-02-24,19:38:00,1.230,0.000,235.470,5.200,0.000,0.000,17.0
2008-02-24,19:39:00,0.634,0.000,236.080,3.400,0.000,0.000,8.0
2008-02-24,19:40:00,0.284,0.000,237.130,1.200,0.000,0.000,0.0
2008-02-24,19:41:00,0.318,0.096,236.830,1.400,0.000,0.000,0.0
2008-02-24,19:42:00,0.316,0.098,237.040,1.400,0.000,0.000,0.0
2008-02-24,19:43:00,0.314,0.098,237.250,1.400,0.000,0.000,0.0
2008-02-24,19:44:00,0.314,0.098,237.140,1.400,0.000,0.000,0.0
2008-02-24,19:45:00,0.312,0.096,236.740,1.400,0.000,0.000,0.0
2008-02-24,19:46:00,0.310,0.096,236.720,1.400,0.000,0.000,0.0
2008-02-24,19:47:00,0.310,0.098,237.040,1.400,0.000,0.000,0.0
2008-02-24,19:48:00,0.308,0.098,237.160,1.400,0.000,0.000,0.0
2008-02-24,19:49:00,0.306,0.098,236.940,1.400,0.000,0.000,0.0
2008-02-24,19:50:00,0.306,0.098,237.230,1.200,0.000,0.000,0.0
2008-02-24,19:51:00,0.304,0.096,236.580,1.200,0.000,0.000,0.0
2008-02-24,19:52:00,0.302,0.094,235.850,1.200,0.000,0.000,0.0
2008-02-24,19:53:00,0.302,0.096,236.590,1.200,0.000,0.000,0.0
2008-02-24,19:54:00,0.302,0.096,236.990,1.200,0.000,0.000,0.0
2008-02-24,19:55:00,0.302,0.096,236.440,1.200,0.000,0.000,0.0
2008-02-24,19:56:00,0.300,0.094,236.040,1.200,0.000,0.000,0.0
2008-02-24,19:57:00,0.288,0.078,234.990,1.200,0.000,0.000,0.0
2008-02-24,19:58:00,0.208,0.000,236.300,0.800,0.000,0.000,0.0
2008-02-24,19:59:00,0.208,0.000,237.210,0.800,0.000,0.000,0.0
2008-02-24,20:00:00,0.208,0.000,237.450,0.800,0.000,0.000,0.0
2008-02-24,20:01:00,0.210,0.000,237.730,0.800,0.000,0.000,0.0
2008-02-24,20:02:00,0.208,0.000,236.830,0.800,0.000,0.000,0.0
2008-02-24,20:03:00,0.208,0.000,236.860,0.800,0.000,0.000,0.0
2008-02-24,20:04:00,0.208,0.000,237.250,0.800,0.000,0.000,0.0
2008-02-24,20:05:00,0.208,0.000,237.060,0.800,0.000,0.000,0.0
2008-02-24,20:06:00,0.208,0.000,237.180,0.800,0.000,0.000,0.0
2008-02-24,20:07:00,0.210,0.000,237.600,0.800,0.000,0.000,0.0
2008-02-24,20:08:00,0.210,0.000,237.900,0.800,0.000,0.000,0.0
2008-02-24,20:09:00,0.210,0.000,238.320,0.800,0.000,0.000,0.0
2008-02-24,20:10:00,0.210,0.000,238.330,0.800,0.000,0.000,0.0
2008-02-24,20:11:00,0.208,0.000,237.720,0.800,0.000,0.000,0.0
2008-02-24,20:12:00,0.208,0.000,237.740,0.800,0.000,0.000,0.0
2008-02-24,20:13:00,0.286,0.056,237.270,1.400,0.000,0.000,0.0
2008-02-24,20:14:00,0.364,0.164,238.040,1.800,0.000,1.000,0.0
2008-02-24,20:15:00,0.364,0.188,237.280,1.600,0.000,1.000,0.0
2008-02-24,20:16:00,0.364,0.186,237.160,1.600,0.000,1.000,0.0
2008-02-24,20:17:00,0.366,0.188,237.470,1.600,0.000,2.000,0.0
2008-02-24,20:18:00,0.366,0.190,238.040,1.600,0.000,1.000,0.0
2008-02-24,20:19:00,0.366,0.192,238.200,1.600,0.000,2.000,0.0
2008-02-24,20:20:00,0.364,0.190,238.110,1.600,0.000,1.000,0.0
2008-02-24,20:21:00,0.362,0.190,237.700,1.600,0.000,1.000,0.0
2008-02-24,20:22:00,0.358,0.182,237.360,1.600,0.000,2.000,0.0
2008-02-24,20:23:00,0.292,0.088,237.680,1.200,0.000,1.000,0.0
2008-02-24,20:24:00,0.292,0.090,238.250,1.200,0.000,2.000,0.0
2008-02-24,20:25:00,0.292,0.086,237.400,1.200,0.000,1.000,0.0
2008-02-24,20:26:00,0.290,0.086,237.270,1.200,0.000,1.000,0.0
2008-02-24,20:27:00,0.290,0.086,237.390,1.200,0.000,2.000,0.0
2008-02-24,20:28:00,0.290,0.088,238.280,1.200,0.000,1.000,0.0
2008-02-24,20:29:00,0.288,0.088,237.510,1.200,0.000,1.000,0.0
2008-02-24,20:30:00,0.286,0.086,237.110,1.200,0.000,2.000,0.0
2008-02-24,20:31:00,0.286,0.088,237.700,1.200,0.000,1.000,0.0
2008-02-24,20:32:00,0.326,0.120,238.400,1.600,0.000,1.000,0.0
2008-02-24,20:33:00,0.396,0.216,237.750,1.800,0.000,1.000,0.0
2008-02-24,20:34:00,0.392,0.216,237.390,1.800,0.000,2.000,0.0
2008-02-24,20:35:00,0.390,0.218,238.230,1.800,0.000,1.000,0.0
2008-02-24,20:36:00,0.388,0.216,237.710,1.800,0.000,1.000,0.0
2008-02-24,20:37:00,0.386,0.216,237.780,1.800,0.000,1.000,0.0
2008-02-24,20:38:00,0.384,0.214,237.320,1.800,0.000,2.000,0.0
2008-02-24,20:39:00,0.380,0.210,236.300,1.800,0.000,1.000,0.0
2008-02-24,20:40:00,0.380,0.214,237.270,1.800,0.000,1.000,0.0
2008-02-24,20:41:00,0.382,0.222,239.070,1.800,0.000,1.000,0.0
2008-02-24,20:42:00,0.382,0.224,239.450,1.800,0.000,1.000,0.0
2008-02-24,20:43:00,0.382,0.226,239.880,1.800,0.000,2.000,0.0
2008-02-24,20:44:00,0.358,0.186,239.440,1.600,0.000,1.000,0.0
2008-02-24,20:45:00,0.308,0.104,239.810,1.400,0.000,0.000,0.0
2008-02-24,20:46:00,0.308,0.106,240.130,1.400,0.000,0.000,0.0
2008-02-24,20:47:00,0.304,0.100,238.280,1.200,0.000,0.000,0.0
2008-02-24,20:48:00,0.302,0.096,236.840,1.200,0.000,0.000,0.0
2008-02-24,20:49:00,0.302,0.096,237.190,1.200,0.000,0.000,0.0
2008-02-24,20:50:00,0.210,0.000,237.650,0.800,0.000,0.000,0.0
2008-02-24,20:51:00,0.210,0.000,238.880,0.800,0.000,0.000,0.0
2008-02-24,20:52:00,0.210,0.000,238.560,0.800,0.000,0.000,0.0
2008-02-24,20:53:00,0.210,0.000,238.480,0.800,0.000,0.000,0.0
2008-02-24,20:54:00,0.212,0.000,239.040,0.800,0.000,0.000,0.0
2008-02-24,20:55:00,0.210,0.000,238.830,0.800,0.000,0.000,0.0
2008-02-24,20:56:00,0.208,0.000,237.500,0.800,0.000,0.000,0.0
2008-02-24,20:57:00,0.208,0.000,237.560,0.800,0.000,0.000,0.0
2008-02-24,20:58:00,0.208,0.000,237.580,0.800,0.000,0.000,0.0
2008-02-24,20:59:00,0.236,0.000,239.140,1.200,0.000,0.000,0.0
2008-02-24,21:00:00,0.288,0.074,239.380,1.200,0.000,0.000,0.0
2008-02-24,21:01:00,0.284,0.072,237.770,1.200,0.000,0.000,0.0
2008-02-24,21:02:00,0.286,0.072,238.100,1.200,0.000,0.000,0.0
2008-02-24,21:03:00,0.286,0.074,238.810,1.200,0.000,0.000,0.0
2008-02-24,21:04:00,0.284,0.072,238.110,1.200,0.000,0.000,0.0
2008-02-24,21:05:00,0.284,0.074,239.250,1.200,0.000,0.000,0.0
2008-02-24,21:06:00,0.282,0.076,239.390,1.200,0.000,0.000,0.0
2008-02-24,21:07:00,0.282,0.074,238.870,1.200,0.000,0.000,0.0
2008-02-24,21:08:00,0.256,0.000,237.960,1.000,0.000,0.000,0.0
2008-02-24,21:09:00,0.210,0.000,238.160,0.800,0.000,0.000,0.0
2008-02-24,21:10:00,0.210,0.000,238.050,0.800,0.000,0.000,0.0
2008-02-24,21:11:00,0.210,0.000,238.330,0.800,0.000,0.000,0.0
2008-02-24,21:12:00,0.210,0.000,238.610,0.800,0.000,0.000,0.0
2008-02-24,21:13:00,0.208,0.000,237.670,0.800,0.000,0.000,0.0
2008-02-24,21:14:00,0.208,0.000,237.140,0.800,0.000,0.000,0.0
2008-02-24,21:15:00,0.208,0.000,237.680,0.800,0.000,0.000,0.0
2008-02-24,21:16:00,0.208,0.000,237.250,0.800,0.000,0.000,0.0
2008-02-24,21:17:00,0.210,0.000,238.470,0.800,0.000,0.000,0.0
2008-02-24,21:18:00,0.210,0.000,239.070,0.800,0.000,0.000,0.0
2008-02-24,21:19:00,0.210,0.000,238.880,0.800,0.000,0.000,0.0
2008-02-24,21:20:00,0.210,0.000,238.920,0.800,0.000,0.000,0.0
2008-02-24,21:21:00,0.212,0.000,240.010,0.800,0.000,0.000,0.0
2008-02-24,21:22:00,0.212,0.000,239.870,0.800,0.000,0.000,0.0
2008-02-24,21:23:00,0.212,0.000,239.670,0.800,0.000,0.000,0.0
2008-02-24,21:24:00,0.212,0.000,239.790,0.800,0.000,0.000,0.0
2008-02-24,21:25:00,0.270,0.000,239.590,1.200,0.000,0.000,0.0
2008-02-24,21:26:00,0.324,0.104,240.030,1.400,0.000,0.000,0.0
2008-02-24,21:27:00,0.320,0.106,239.990,1.400,0.000,0.000,0.0
2008-02-24,21:28:00,0.320,0.106,240.020,1.400,0.000,0.000,0.0
2008-02-24,21:29:00,0.318,0.106,240.130,1.400,0.000,0.000,0.0
2008-02-24,21:30:00,0.318,0.106,240.300,1.400,0.000,0.000,0.0
2008-02-24,21:31:00,0.316,0.108,240.860,1.400,0.000,0.000,0.0
2008-02-24,21:32:00,0.316,0.110,241.270,1.400,0.000,0.000,0.0
2008-02-24,21:33:00,0.312,0.104,239.220,1.400,0.000,0.000,0.0
2008-02-24,21:34:00,0.310,0.104,239.010,1.400,0.000,0.000,0.0
2008-02-24,21:35:00,0.310,0.102,238.820,1.400,0.000,0.000,0.0
2008-02-24,21:36:00,0.308,0.102,238.660,1.400,0.000,0.000,0.0
2008-02-24,21:37:00,0.304,0.094,236.460,1.200,0.000,0.000,0.0
2008-02-24,21:38:00,0.302,0.094,236.230,1.200,0.000,0.000,0.0
2008-02-24,21:39:00,0.302,0.096,236.570,1.200,0.000,0.000,0.0
2008-02-24,21:40:00,0.304,0.098,237.650,1.200,0.000,0.000,0.0
2008-02-24,21:41:00,0.304,0.100,238.330,1.200,0.000,0.000,0.0
2008-02-24,21:42:00,0.272,0.056,239.320,1.200,0.000,0.000,0.0
2008-02-24,21:43:00,0.212,0.000,239.780,0.800,0.000,0.000,0.0
2008-02-24,21:44:00,0.212,0.000,239.230,0.800,0.000,0.000,0.0
2008-02-24,21:45:00,0.210,0.000,239.090,0.800,0.000,0.000,0.0
2008-02-24,21:46:00,0.300,0.068,239.420,1.400,0.000,0.000,0.0
2008-02-24,21:47:00,0.288,0.076,239.980,1.200,0.000,0.000,0.0
2008-02-24,21:48:00,0.288,0.074,239.050,1.200,0.000,0.000,0.0
2008-02-24,21:49:00,0.286,0.074,238.900,1.200,0.000,0.000,0.0
2008-02-24,21:50:00,0.286,0.074,238.750,1.200,0.000,0.000,0.0
2008-02-24,21:51:00,0.282,0.072,238.090,1.200,0.000,0.000,0.0
2008-02-24,21:52:00,0.280,0.070,237.400,1.200,0.000,0.000,0.0
2008-02-24,21:53:00,0.280,0.072,237.990,1.200,0.000,0.000,0.0
2008-02-24,21:54:00,0.266,0.052,237.770,1.200,0.000,0.000,0.0
2008-02-24,21:55:00,0.210,0.000,237.900,0.800,0.000,0.000,0.0
2008-02-24,21:56:00,0.208,0.000,237.470,0.800,0.000,0.000,0.0
2008-02-24,21:57:00,0.208,0.000,236.910,0.800,0.000,0.000,0.0
2008-02-24,21:58:00,0.208,0.000,236.850,0.800,0.000,0.000,0.0
2008-02-24,21:59:00,0.208,0.000,236.920,0.800,0.000,0.000,0.0
2008-02-24,22:00:00,0.210,0.000,238.130,0.800,0.000,0.000,0.0
2008-02-24,22:01:00,0.210,0.000,237.900,0.800,0.000,0.000,0.0
2008-02-24,22:02:00,0.210,0.000,238.300,0.800,0.000,0.000,0.0
2008-02-24,22:03:00,0.210,0.000,238.550,0.800,0.000,0.000,0.0
2008-02-24,22:04:00,0.210,0.000,238.190,0.800,0.000,0.000,0.0
2008-02-24,22:05:00,0.210,0.000,238.110,0.800,0.000,0.000,0.0
2008-02-24,22:06:00,0.210,0.000,237.820,0.800,0.000,0.000,0.0
2008-02-24,22:07:00,0.210,0.000,238.080,0.800,0.000,0.000,0.0
2008-02-24,22:08:00,0.210,0.000,237.870,0.800,0.000,0.000,0.0
2008-02-24,22:09:00,0.208,0.000,237.200,0.800,0.000,0.000,0.0
2008-02-24,22:10:00,0.208,0.000,237.370,0.800,0.000,0.000,0.0
2008-02-24,22:11:00,0.210,0.000,237.960,0.800,0.000,0.000,0.0
2008-02-24,22:12:00,0.208,0.000,237.220,0.800,0.000,0.000,0.0
2008-02-24,22:13:00,0.208,0.000,237.350,0.800,0.000,0.000,0.0
2008-02-24,22:14:00,0.208,0.000,237.380,0.800,0.000,0.000,0.0
2008-02-24,22:15:00,0.208,0.000,237.260,0.800,0.000,0.000,0.0
2008-02-24,22:16:00,0.208,0.000,237.230,0.800,0.000,0.000,0.0
2008-02-24,22:17:00,0.208,0.000,236.900,0.800,0.000,0.000,0.0
2008-02-24,22:18:00,0.240,0.000,237.120,1.200,0.000,0.000,0.0
2008-02-24,22:19:00,0.320,0.098,237.550,1.400,0.000,0.000,0.0
2008-02-24,22:20:00,0.318,0.098,237.860,1.400,0.000,0.000,0.0
2008-02-24,22:21:00,0.316,0.100,238.140,1.400,0.000,0.000,0.0
2008-02-24,22:22:00,0.316,0.102,238.710,1.400,0.000,0.000,0.0
2008-02-24,22:23:00,0.316,0.104,239.270,1.400,0.000,0.000,0.0
2008-02-24,22:24:00,0.316,0.106,239.920,1.400,0.000,0.000,0.0
2008-02-24,22:25:00,0.316,0.106,240.160,1.400,0.000,0.000,0.0
2008-02-24,22:26:00,0.316,0.108,240.760,1.400,0.000,0.000,0.0
2008-02-24,22:27:00,0.314,0.108,240.790,1.400,0.000,0.000,0.0
2008-02-24,22:28:00,0.314,0.108,240.700,1.400,0.000,0.000,0.0
2008-02-24,22:29:00,0.312,0.108,240.830,1.400,0.000,0.000,0.0
2008-02-24,22:30:00,0.312,0.108,240.960,1.400,0.000,0.000,0.0
2008-02-24,22:31:00,0.310,0.108,240.800,1.400,0.000,0.000,0.0
2008-02-24,22:32:00,0.388,0.192,240.710,1.800,0.000,0.000,0.0
2008-02-24,22:33:00,0.386,0.212,240.840,1.800,0.000,0.000,0.0
2008-02-24,22:34:00,0.384,0.210,240.710,1.800,0.000,0.000,0.0
2008-02-24,22:35:00,0.376,0.200,240.340,1.800,0.000,0.000,0.0
2008-02-24,22:36:00,0.288,0.078,240.190,1.200,0.000,0.000,0.0
2008-02-24,22:37:00,0.286,0.076,240.140,1.200,0.000,0.000,0.0
2008-02-24,22:38:00,0.284,0.076,239.750,1.200,0.000,0.000,0.0
2008-02-24,22:39:00,0.282,0.076,239.530,1.200,0.000,0.000,0.0
2008-02-24,22:40:00,0.282,0.074,239.190,1.200,0.000,0.000,0.0
2008-02-24,22:41:00,0.218,0.000,239.770,0.800,0.000,0.000,0.0
2008-02-24,22:42:00,0.214,0.000,240.600,0.800,0.000,0.000,0.0
2008-02-24,22:43:00,0.214,0.000,240.910,0.800,0.000,0.000,0.0
2008-02-24,22:44:00,0.214,0.000,240.870,0.800,0.000,0.000,0.0
2008-02-24,22:45:00,0.214,0.000,240.770,0.800,0.000,0.000,0.0
2008-02-24,22:46:00,0.214,0.000,240.620,0.800,0.000,0.000,0.0
2008-02-24,22:47:00,0.214,0.000,240.650,0.800,0.000,0.000,0.0
2008-02-24,22:48:00,0.214,0.000,240.770,0.800,0.000,0.000,0.0
2008-02-24,22:49:00,0.214,0.000,240.820,0.800,0.000,0.000,0.0
2008-02-24,22:50:00,0.214,0.000,241.270,0.800,0.000,0.000,0.0
2008-02-24,22:51:00,0.214,0.000,241.120,0.800,0.000,0.000,0.0
2008-02-24,22:52:00,0.214,0.000,240.770,0.800,0.000,0.000,0.0
2008-02-24,22:53:00,0.212,0.000,240.170,0.800,0.000,0.000,0.0
2008-02-24,22:54:00,0.212,0.000,239.610,0.800,0.000,0.000,0.0
2008-02-24,22:55:00,0.212,0.000,239.830,0.800,0.000,0.000,0.0
2008-02-24,22:56:00,0.212,0.000,240.240,0.800,0.000,0.000,0.0
2008-02-24,22:57:00,0.214,0.000,240.920,0.800,0.000,0.000,0.0
2008-02-24,22:58:00,0.212,0.000,240.110,0.800,0.000,0.000,0.0
2008-02-24,22:59:00,0.212,0.000,239.940,0.800,0.000,0.000,0.0
2008-02-24,23:00:00,0.210,0.000,238.810,0.800,0.000,0.000,0.0
2008-02-24,23:01:00,0.210,0.000,238.750,0.800,0.000,0.000,0.0
2008-02-24,23:02:00,0.212,0.000,239.240,0.800,0.000,0.000,0.0
2008-02-24,23:03:00,0.214,0.000,240.750,0.800,0.000,0.000,0.0
2008-02-24,23:04:00,0.214,0.000,240.570,0.800,0.000,0.000,0.0
2008-02-24,23:05:00,0.214,0.000,241.320,0.800,0.000,0.000,0.0
2008-02-24,23:06:00,0.216,0.000,241.970,0.800,0.000,0.000,0.0
2008-02-24,23:07:00,0.214,0.000,241.650,0.800,0.000,0.000,0.0
2008-02-24,23:08:00,0.216,0.000,242.180,0.800,0.000,0.000,0.0
2008-02-24,23:09:00,0.216,0.000,242.210,0.800,0.000,0.000,0.0
2008-02-24,23:10:00,0.216,0.000,242.220,0.800,0.000,0.000,0.0
2008-02-24,23:11:00,0.216,0.000,242.470,0.800,0.000,0.000,0.0
2008-02-24,23:12:00,0.318,0.072,242.840,1.600,0.000,0.000,0.0
2008-02-24,23:13:00,0.410,0.236,242.100,1.800,0.000,0.000,0.0
2008-02-24,23:14:00,0.410,0.240,242.870,1.800,0.000,1.000,0.0
2008-02-24,23:15:00,0.406,0.240,242.940,1.800,0.000,2.000,0.0
2008-02-24,23:16:00,0.404,0.238,242.500,1.800,0.000,1.000,0.0
2008-02-24,23:17:00,0.404,0.238,242.440,1.800,0.000,1.000,0.0
2008-02-24,23:18:00,0.446,0.276,243.150,2.200,0.000,2.000,0.0
2008-02-24,23:19:00,0.480,0.348,243.200,2.400,0.000,1.000,0.0
2008-02-24,23:20:00,0.480,0.350,243.480,2.400,0.000,2.000,0.0
2008-02-24,23:21:00,0.478,0.348,243.270,2.400,0.000,1.000,0.0
2008-02-24,23:22:00,0.474,0.342,242.420,2.400,0.000,1.000,0.0
2008-02-24,23:23:00,0.470,0.340,241.830,2.400,0.000,2.000,0.0
2008-02-24,23:24:00,0.468,0.342,242.280,2.400,0.000,1.000,0.0
2008-02-24,23:25:00,0.468,0.346,242.940,2.400,0.000,2.000,0.0
2008-02-24,23:26:00,0.466,0.346,242.840,2.400,0.000,1.000,0.0
2008-02-24,23:27:00,0.438,0.310,243.570,2.200,0.000,1.000,0.0
2008-02-24,23:28:00,0.394,0.244,243.650,1.800,0.000,2.000,0.0
2008-02-24,23:29:00,0.324,0.142,243.870,1.400,0.000,1.000,0.0
2008-02-24,23:30:00,0.298,0.106,244.050,1.200,0.000,1.000,0.0
2008-02-24,23:31:00,0.296,0.104,243.470,1.200,0.000,2.000,0.0
2008-02-24,23:32:00,0.294,0.102,243.100,1.200,0.000,1.000,0.0
2008-02-24,23:33:00,0.294,0.104,243.690,1.200,0.000,1.000,0.0
2008-02-24,23:34:00,0.294,0.104,243.700,1.200,0.000,1.000,0.0
2008-02-24,23:35:00,0.294,0.106,244.130,1.200,0.000,2.000,0.0
2008-02-24,23:36:00,0.294,0.104,244.030,1.200,0.000,1.000,0.0
2008-02-24,23:37:00,0.294,0.104,244.070,1.200,0.000,1.000,0.0
2008-02-24,23:38:00,0.292,0.104,243.730,1.200,0.000,1.000,0.0
2008-02-24,23:39:00,0.292,0.104,243.800,1.200,0.000,2.000,0.0
2008-02-24,23:40:00,0.292,0.104,243.840,1.200,0.000,1.000,0.0
2008-02-24,23:41:00,0.292,0.106,244.090,1.200,0.000,1.000,0.0
2008-02-24,23:42:00,0.290,0.104,243.640,1.200,0.000,1.000,0.0
2008-02-24,23:43:00,0.290,0.104,243.490,1.200,0.000,1.000,0.0
2008-02-24,23:44:00,0.290,0.104,243.840,1.200,0.000,2.000,0.0
2008-02-24,23:45:00,0.230,0.000,244.060,1.000,0.000,0.000,0.0
2008-02-24,23:46:00,0.218,0.000,243.170,0.800,0.000,0.000,0.0
2008-02-24,23:47:00,0.218,0.000,243.430,0.800,0.000,0.000,0.0
2008-02-24,23:48:00,0.218,0.000,243.640,0.800,0.000,0.000,0.0
2008-02-24,23:49:00,0.218,0.000,243.010,0.800,0.000,0.000,0.0
2008-02-24,23:50:00,0.218,0.000,242.980,0.800,0.000,0.000,0.0
2008-02-24,23:51:00,0.216,0.000,242.680,0.800,0.000,0.000,0.0
2008-02-24,23:52:00,0.216,0.000,242.590,0.800,0.000,0.000,0.0
2008-02-24,23:53:00,0.218,0.000,243.560,0.800,0.000,0.000,0.0
2008-02-24,23:54:00,0.218,0.000,244.080,0.800,0.000,0.000,0.0
2008-02-24,23:55:00,0.218,0.000,243.940,0.800,0.000,0.000,0.0
2008-02-24,23:56:00,0.218,0.000,244.020,0.800,0.000,0.000,0.0
2008-02-24,23:57:00,0.218,0.000,243.530,0.800,0.000,0.000,0.0
2008-02-24,23:58:00,0.218,0.000,243.870,0.800,0.000,0.000,0.0
2008-02-24,23:59:00,0.220,0.000,244.730,0.800,0.000,0.000,0.0
