Date,Time,Global_active_power,Global_reactive_power,Voltage,Global_intensity,Sub_metering_1,Sub_metering_2,Sub_metering_3
2009-11-29,00:00:00,0.660,0.330,243.740,3.000,0.000,1.000,1.0
2009-11-29,00:01:00,0.576,0.202,243.520,2.400,0.000,1.000,0.0
2009-11-29,00:02:00,0.498,0.086,243.600,2.000,0.000,2.000,1.0
2009-11-29,00:03:00,0.496,0.086,243.560,2.000,0.000,1.000,1.0
2009-11-29,00:04:00,0.496,0.086,243.620,2.000,0.000,1.000,0.0
2009-11-29,00:05:00,0.496,0.086,243.500,2.000,0.000,1.000,1.0
2009-11-29,00:06:00,0.496,0.086,243.550,2.000,0.000,2.000,1.0
2009-11-29,00:07:00,0.496,0.086,243.730,2.000,0.000,1.000,0.0
2009-11-29,00:08:00,0.496,0.086,243.650,2.000,0.000,1.000,1.0
2009-11-29,00:09:00,0.430,0.000,243.830,1.800,0.000,0.000,0.0
2009-11-29,00:10:00,0.422,0.000,243.890,1.600,0.000,0.000,1.0
2009-11-29,00:11:00,0.424,0.000,244.090,1.600,0.000,0.000,1.0
2009-11-29,00:12:00,0.422,0.000,243.980,1.600,0.000,0.000,0.0
2009-11-29,00:13:00,0.420,0.000,242.750,1.600,0.000,0.000,1.0
2009-11-29,00:14:00,0.418,0.000,241.980,1.600,0.000,0.000,1.0
2009-11-29,00:15:00,0.418,0.000,242.360,1.600,0.000,0.000,0.0
2009-11-29,00:16:00,0.420,0.000,242.720,1.600,0.000,0.000,1.0
2009-11-29,00:17:00,0.418,0.000,242.610,1.600,0.000,0.000,1.0
2009-11-29,00:18:00,0.418,0.000,242.600,1.600,0.000,0.000,0.0
2009-11-29,00:19:00,0.420,0.000,242.840,1.600,0.000,0.000,1.0
2009-11-29,00:20:00,0.420,0.000,243.240,1.600,0.000,0.000,1.0
2009-11-29,00:21:00,0.422,0.000,243.540,1.600,0.000,0.000,0.0
2009-11-29,00:22:00,0.538,0.092,243.080,2.200,0.000,0.000,1.0
2009-11-29,00:23:00,0.526,0.096,242.810,2.200,0.000,0.000,1.0
2009-11-29,00:24:00,0.524,0.096,242.700,2.200,0.000,0.000,0.0
2009-11-29,00:25:00,0.522,0.094,242.420,2.200,0.000,0.000,1.0
2009-11-29,00:26:00,0.520,0.096,242.410,2.200,0.000,0.000,1.0
2009-11-29,00:27:00,0.518,0.096,242.470,2.000,0.000,0.000,0.0
2009-11-29,00:28:00,0.518,0.096,242.630,2.000,0.000,0.000,1.0
2009-11-29,00:29:00,0.516,0.096,242.320,2.000,0.000,0.000,1.0
2009-11-29,00:30:00,0.516,0.096,242.720,2.000,0.000,0.000,0.0
2009-11-29,00:31:00,0.516,0.096,242.820,2.000,0.000,0.000,1.0
2009-11-29,00:32:00,0.514,0.096,242.730,2.000,0.000,0.000,1.0
2009-11-29,00:33:00,0.514,0.098,242.930,2.000,0.000,0.000,0.0
2009-11-29,00:34:00,0.512,0.096,242.420,2.000,0.000,0.000,1.0
2009-11-29,00:35:00,0.514,0.096,242.650,2.000,0.000,0.000,1.0
2009-11-29,00:36:00,0.512,0.096,242.480,2.000,0.000,0.000,0.0
2009-11-29,00:37:00,0.446,0.000,242.820,1.800,0.000,0.000,1.0
2009-11-29,00:38:00,0.422,0.000,243.290,1.600,0.000,0.000,1.0
2009-11-29,00:39:00,0.422,0.000,243.440,1.600,0.000,0.000,0.0
2009-11-29,00:40:00,0.420,0.000,243.160,1.600,0.000,0.000,1.0
2009-11-29,00:41:00,0.482,0.000,242.480,2.000,0.000,0.000,1.0
2009-11-29,00:42:00,0.496,0.064,242.410,2.000,0.000,0.000,0.0
2009-11-29,00:43:00,0.776,0.164,242.610,3.400,0.000,0.000,5.0
2009-11-29,00:44:00,1.088,0.256,242.760,4.600,0.000,0.000,11.0
2009-11-29,00:45:00,1.112,0.254,242.700,4.600,0.000,0.000,11.0
2009-11-29,00:46:00,1.126,0.248,242.050,4.600,0.000,0.000,11.0
2009-11-29,00:47:00,1.132,0.250,242.290,4.800,0.000,0.000,11.0
2009-11-29,00:48:00,0.642,0.112,243.590,2.800,0.000,0.000,4.0
2009-11-29,00:49:00,0.494,0.070,244.130,2.000,0.000,0.000,0.0
2009-11-29,00:50:00,0.494,0.070,244.670,2.000,0.000,0.000,1.0
2009-11-29,00:51:00,0.592,0.070,244.550,2.400,0.000,0.000,1.0
2009-11-29,00:52:00,0.668,0.074,244.520,2.800,0.000,0.000,0.0
2009-11-29,00:53:00,1.088,0.068,244.220,4.400,0.000,0.000,1.0
2009-11-29,00:54:00,0.722,0.000,243.350,3.000,0.000,0.000,1.0
2009-11-29,00:55:00,0.568,0.176,242.780,2.400,0.000,0.000,0.0
2009-11-29,00:56:00,0.842,0.000,243.040,3.600,0.000,0.000,1.0
2009-11-29,00:57:00,0.936,0.000,243.400,3.800,0.000,0.000,1.0
2009-11-29,00:58:00,1.020,0.110,243.380,4.200,0.000,0.000,0.0
2009-11-29,00:59:00,0.766,0.112,243.580,3.200,0.000,0.000,1.0
2009-11-29,01:00:00,0.506,0.134,244.250,2.000,0.000,0.000,1.0
2009-11-29,01:01:00,0.638,0.136,243.590,2.600,0.000,0.000,0.0
2009-11-29,01:02:00,0.554,0.120,243.720,2.200,0.000,0.000,1.0
2009-11-29,01:03:00,0.552,0.104,243.930,2.200,0.000,0.000,1.0
2009-11-29,01:04:00,0.552,0.104,244.370,2.200,0.000,0.000,0.0
2009-11-29,01:05:00,0.550,0.104,244.130,2.200,0.000,0.000,1.0
2009-11-29,01:06:00,0.546,0.104,243.880,2.200,0.000,0.000,1.0
2009-11-29,01:07:00,0.472,0.106,244.010,2.000,0.000,0.000,0.0
2009-11-29,01:08:00,0.434,0.106,243.840,1.800,0.000,0.000,1.0
2009-11-29,01:09:00,0.434,0.106,244.030,1.800,0.000,0.000,1.0
2009-11-29,01:10:00,0.434,0.106,244.210,1.800,0.000,0.000,0.0
2009-11-29,01:11:00,0.434,0.106,244.130,1.800,0.000,0.000,1.0
2009-11-29,01:12:00,0.434,0.106,244.460,1.800,0.000,0.000,1.0
2009-11-29,01:13:00,0.316,0.000,245.420,1.200,0.000,0.000,0.0
2009-11-29,01:14:00,0.234,0.000,244.840,1.000,0.000,0.000,1.0
2009-11-29,01:15:00,0.234,0.000,244.940,1.000,0.000,0.000,1.0
2009-11-29,01:16:00,0.234,0.000,245.380,1.000,0.000,0.000,0.0
2009-11-29,01:17:00,0.236,0.000,245.280,1.000,0.000,0.000,1.0
2009-11-29,01:18:00,0.236,0.000,245.840,1.000,0.000,0.000,1.0
2009-11-29,01:19:00,0.236,0.000,245.770,1.000,0.000,0.000,0.0
2009-11-29,01:20:00,0.236,0.000,246.120,1.000,0.000,0.000,1.0
2009-11-29,01:21:00,0.236,0.000,245.490,1.000,0.000,0.000,1.0
2009-11-29,01:22:00,0.236,0.000,245.820,1.000,0.000,0.000,0.0
2009-11-29,01:23:00,0.236,0.000,245.540,1.000,0.000,0.000,1.0
2009-11-29,01:24:00,0.234,0.000,244.550,1.000,0.000,0.000,1.0
2009-11-29,01:25:00,0.232,0.000,244.340,1.000,0.000,0.000,0.0
2009-11-29,01:26:00,0.234,0.000,244.600,1.000,0.000,0.000,1.0
2009-11-29,01:27:00,0.234,0.000,244.250,1.000,0.000,0.000,1.0
2009-11-29,01:28:00,0.234,0.000,244.540,1.000,0.000,0.000,0.0
2009-11-29,01:29:00,0.234,0.000,244.120,1.000,0.000,0.000,1.0
2009-11-29,01:30:00,0.234,0.000,244.540,1.000,0.000,0.000,1.0
2009-11-29,01:31:00,0.234,0.000,244.780,1.000,0.000,0.000,0.0
2009-11-29,01:32:00,0.234,0.000,244.630,1.000,0.000,0.000,1.0
2009-11-29,01:33:00,0.234,0.000,244.250,1.000,0.000,0.000,1.0
2009-11-29,01:34:00,0.350,0.082,243.590,1.600,0.000,0.000,0.0
2009-11-29,01:35:00,0.418,0.212,243.510,1.800,0.000,0.000,1.0
2009-11-29,01:36:00,0.414,0.212,243.520,1.800,0.000,0.000,1.0
2009-11-29,01:37:00,0.414,0.212,243.570,1.800,0.000,0.000,0.0
2009-11-29,01:38:00,0.410,0.212,243.550,1.800,0.000,0.000,1.0
2009-11-29,01:39:00,0.408,0.210,243.270,1.800,0.000,0.000,1.0
2009-11-29,01:40:00,0.404,0.210,243.000,1.800,0.000,0.000,0.0
2009-11-29,01:41:00,0.402,0.212,243.500,1.800,0.000,0.000,1.0
2009-11-29,01:42:00,0.402,0.212,243.600,1.800,0.000,0.000,1.0
2009-11-29,01:43:00,0.400,0.212,243.560,1.800,0.000,0.000,0.0
2009-11-29,01:44:00,0.396,0.210,243.140,1.800,0.000,0.000,1.0
2009-11-29,01:45:00,0.396,0.210,243.120,1.800,0.000,0.000,1.0
2009-11-29,01:46:00,0.396,0.210,242.760,1.800,0.000,0.000,0.0
2009-11-29,01:47:00,0.330,0.110,243.210,1.400,0.000,0.000,1.0
2009-11-29,01:48:00,0.328,0.108,244.350,1.400,0.000,0.000,1.0
2009-11-29,01:49:00,0.256,0.000,244.250,1.000,0.000,0.000,0.0
2009-11-29,01:50:00,0.232,0.000,243.990,1.000,0.000,0.000,1.0
2009-11-29,01:51:00,0.232,0.000,243.750,1.000,0.000,0.000,1.0
2009-11-29,01:52:00,0.232,0.000,243.520,1.000,0.000,0.000,0.0
2009-11-29,01:53:00,0.230,0.000,243.010,1.000,0.000,0.000,1.0
2009-11-29,01:54:00,0.232,0.000,244.480,1.000,0.000,0.000,1.0
2009-11-29,01:55:00,0.232,0.000,244.510,1.000,0.000,0.000,0.0
2009-11-29,01:56:00,0.234,0.000,245.130,1.000,0.000,0.000,1.0
2009-11-29,01:57:00,0.232,0.000,245.030,1.000,0.000,0.000,1.0
2009-11-29,01:58:00,0.234,0.000,244.900,1.000,0.000,0.000,0.0
2009-11-29,01:59:00,0.232,0.000,244.960,1.000,0.000,0.000,1.0
2009-11-29,02:00:00,0.256,0.000,245.860,1.200,0.000,0.000,1.0
2009-11-29,02:01:00,0.320,0.100,245.950,1.400,0.000,1.000,0.0
2009-11-29,02:02:00,0.320,0.100,245.650,1.200,0.000,1.000,1.0
2009-11-29,02:03:00,0.318,0.098,245.740,1.200,0.000,1.000,1.0
2009-11-29,02:04:00,0.320,0.098,245.630,1.200,0.000,2.000,0.0
2009-11-29,02:05:00,0.320,0.098,244.960,1.200,0.000,1.000,1.0
2009-11-29,02:06:00,0.318,0.098,244.970,1.200,0.000,2.000,1.0
2009-11-29,02:07:00,0.318,0.098,245.120,1.200,0.000,1.000,0.0
2009-11-29,02:08:00,0.320,0.098,245.170,1.200,0.000,2.000,1.0
2009-11-29,02:09:00,0.318,0.096,245.010,1.200,0.000,1.000,1.0
2009-11-29,02:10:00,0.386,0.168,245.240,1.800,0.000,1.000,0.0
2009-11-29,02:11:00,0.426,0.236,244.730,2.000,0.000,2.000,1.0
2009-11-29,02:12:00,0.422,0.234,244.300,1.800,0.000,1.000,1.0
2009-11-29,02:13:00,0.420,0.238,245.220,1.800,0.000,2.000,0.0
2009-11-29,02:14:00,0.420,0.240,245.630,1.800,0.000,1.000,1.0
2009-11-29,02:15:00,0.416,0.238,245.420,1.800,0.000,1.000,1.0
2009-11-29,02:16:00,0.412,0.238,245.140,1.800,0.000,2.000,0.0
2009-11-29,02:17:00,0.410,0.238,245.140,1.800,0.000,1.000,1.0
2009-11-29,02:18:00,0.408,0.238,245.170,1.800,0.000,1.000,1.0
2009-11-29,02:19:00,0.406,0.238,245.240,1.800,0.000,2.000,0.0
2009-11-29,02:20:00,0.408,0.242,246.330,1.800,0.000,1.000,1.0
2009-11-29,02:21:00,0.406,0.242,245.930,1.800,0.000,1.000,1.0
2009-11-29,02:22:00,0.404,0.240,245.610,1.800,0.000,2.000,1.0
2009-11-29,02:23:00,0.404,0.242,245.870,1.800,0.000,1.000,0.0
2009-11-29,02:24:00,0.402,0.240,245.510,1.800,0.000,1.000,1.0
2009-11-29,02:25:00,0.338,0.144,245.350,1.400,0.000,1.000,1.0
2009-11-29,02:26:00,0.308,0.098,245.670,1.200,0.000,2.000,0.0
2009-11-29,02:27:00,0.308,0.098,245.850,1.200,0.000,1.000,1.0
2009-11-29,02:28:00,0.348,0.134,245.800,1.600,0.000,1.000,1.0
2009-11-29,02:29:00,0.316,0.090,245.900,1.200,0.000,0.000,0.0
2009-11-29,02:30:00,0.312,0.082,246.190,1.200,0.000,0.000,1.0
2009-11-29,02:31:00,0.310,0.080,245.800,1.200,0.000,0.000,1.0
2009-11-29,02:32:00,0.310,0.080,246.070,1.200,0.000,0.000,0.0
2009-11-29,02:33:00,0.310,0.082,246.500,1.200,0.000,0.000,1.0
2009-11-29,02:34:00,0.308,0.082,246.630,1.200,0.000,0.000,1.0
2009-11-29,02:35:00,0.306,0.082,246.860,1.200,0.000,0.000,0.0
2009-11-29,02:36:00,0.306,0.082,246.690,1.200,0.000,0.000,1.0
2009-11-29,02:37:00,0.304,0.082,246.360,1.200,0.000,0.000,1.0
2009-11-29,02:38:00,0.304,0.080,246.080,1.200,0.000,0.000,0.0
2009-11-29,02:39:00,0.302,0.080,246.110,1.200,0.000,0.000,1.0
2009-11-29,02:40:00,0.248,0.000,247.120,1.000,0.000,0.000,1.0
2009-11-29,02:41:00,0.232,0.000,246.440,0.800,0.000,0.000,0.0
2009-11-29,02:42:00,0.232,0.000,246.180,0.800,0.000,0.000,1.0
2009-11-29,02:43:00,0.232,0.000,246.080,0.800,0.000,0.000,1.0
2009-11-29,02:44:00,0.232,0.000,245.840,0.800,0.000,0.000,0.0
2009-11-29,02:45:00,0.232,0.000,246.210,0.800,0.000,0.000,1.0
2009-11-29,02:46:00,0.232,0.000,246.400,0.800,0.000,0.000,1.0
2009-11-29,02:47:00,0.344,0.098,246.110,1.400,0.000,0.000,0.0
2009-11-29,02:48:00,0.342,0.114,246.200,1.400,0.000,0.000,1.0
2009-11-29,02:49:00,0.338,0.112,246.070,1.400,0.000,0.000,1.0
2009-11-29,02:50:00,0.336,0.112,245.380,1.400,0.000,0.000,0.0
2009-11-29,02:51:00,0.334,0.112,245.390,1.400,0.000,0.000,1.0
2009-11-29,02:52:00,0.334,0.114,245.900,1.400,0.000,0.000,1.0
2009-11-29,02:53:00,0.330,0.112,245.250,1.400,0.000,0.000,0.0
2009-11-29,02:54:00,0.328,0.110,244.810,1.400,0.000,0.000,1.0
2009-11-29,02:55:00,0.326,0.108,244.180,1.400,0.000,0.000,1.0
2009-11-29,02:56:00,0.326,0.108,244.320,1.400,0.000,0.000,0.0
2009-11-29,02:57:00,0.324,0.108,244.060,1.400,0.000,0.000,1.0
2009-11-29,02:58:00,0.324,0.108,244.140,1.400,0.000,0.000,1.0
2009-11-29,02:59:00,0.326,0.110,244.740,1.400,0.000,0.000,0.0
2009-11-29,03:00:00,0.326,0.110,244.970,1.400,0.000,0.000,1.0
2009-11-29,03:01:00,0.304,0.078,244.940,1.200,0.000,0.000,1.0
2009-11-29,03:02:00,0.230,0.000,244.990,0.800,0.000,0.000,0.0
2009-11-29,03:03:00,0.230,0.000,244.600,0.800,0.000,0.000,1.0
2009-11-29,03:04:00,0.230,0.000,245.210,0.800,0.000,0.000,1.0
2009-11-29,03:05:00,0.232,0.000,245.570,0.800,0.000,0.000,0.0
2009-11-29,03:06:00,0.232,0.000,245.870,0.800,0.000,0.000,1.0
2009-11-29,03:07:00,0.232,0.000,246.300,0.800,0.000,0.000,1.0
2009-11-29,03:08:00,0.232,0.000,245.940,0.800,0.000,0.000,0.0
2009-11-29,03:09:00,0.230,0.000,245.210,0.800,0.000,0.000,1.0
2009-11-29,03:10:00,0.232,0.000,245.560,0.800,0.000,0.000,1.0
2009-11-29,03:11:00,0.232,0.000,246.540,0.800,0.000,0.000,0.0
2009-11-29,03:12:00,0.556,0.094,245.850,2.600,0.000,0.000,6.0
2009-11-29,03:13:00,0.818,0.178,245.200,3.400,0.000,0.000,11.0
2009-11-29,03:14:00,0.842,0.178,245.230,3.400,0.000,0.000,10.0
2009-11-29,03:15:00,0.868,0.176,245.390,3.600,0.000,0.000,12.0
2009-11-29,03:16:00,0.874,0.172,245.050,3.600,0.000,0.000,11.0
2009-11-29,03:17:00,0.414,0.000,245.740,2.000,0.000,0.000,4.0
2009-11-29,03:18:00,0.232,0.000,246.170,0.800,0.000,0.000,1.0
2009-11-29,03:19:00,0.232,0.000,246.300,0.800,0.000,0.000,1.0
2009-11-29,03:20:00,0.232,0.000,246.710,0.800,0.000,0.000,0.0
2009-11-29,03:21:00,0.232,0.000,246.490,0.800,0.000,0.000,1.0
2009-11-29,03:22:00,0.292,0.000,245.490,1.400,0.000,0.000,1.0
2009-11-29,03:23:00,0.340,0.108,245.050,1.600,0.000,0.000,0.0
2009-11-29,03:24:00,0.420,0.220,245.400,1.800,0.000,0.000,1.0
2009-11-29,03:25:00,0.418,0.222,246.030,1.800,0.000,0.000,1.0
2009-11-29,03:26:00,0.414,0.222,246.060,1.800,0.000,0.000,0.0
2009-11-29,03:27:00,0.412,0.224,246.140,1.800,0.000,0.000,1.0
2009-11-29,03:28:00,0.406,0.220,245.470,1.800,0.000,0.000,1.0
2009-11-29,03:29:00,0.406,0.222,245.860,1.800,0.000,0.000,0.0
2009-11-29,03:30:00,0.406,0.226,247.020,1.800,0.000,0.000,1.0
2009-11-29,03:31:00,0.406,0.230,247.530,1.800,0.000,0.000,1.0
2009-11-29,03:32:00,0.404,0.230,247.560,1.800,0.000,0.000,0.0
2009-11-29,03:33:00,0.398,0.222,247.690,1.800,0.000,0.000,1.0
2009-11-29,03:34:00,0.330,0.118,247.060,1.400,0.000,0.000,1.0
2009-11-29,03:35:00,0.328,0.116,246.620,1.400,0.000,0.000,0.0
2009-11-29,03:36:00,0.330,0.118,247.210,1.400,0.000,0.000,1.0
2009-11-29,03:37:00,0.332,0.120,247.960,1.400,0.000,0.000,1.0
2009-11-29,03:38:00,0.274,0.000,248.040,1.200,0.000,0.000,1.0
2009-11-29,03:39:00,0.234,0.000,247.880,0.800,0.000,0.000,0.0
2009-11-29,03:40:00,0.234,0.000,247.730,1.000,0.000,0.000,1.0
2009-11-29,03:41:00,0.234,0.000,247.390,1.000,0.000,0.000,1.0
2009-11-29,03:42:00,0.234,0.000,247.130,0.800,0.000,0.000,0.0
2009-11-29,03:43:00,0.234,0.000,246.760,0.800,0.000,0.000,1.0
2009-11-29,03:44:00,0.234,0.000,246.810,0.800,0.000,0.000,1.0
2009-11-29,03:45:00,0.234,0.000,246.870,0.800,0.000,0.000,0.0
2009-11-29,03:46:00,0.234,0.000,247.030,0.800,0.000,0.000,1.0
2009-11-29,03:47:00,0.234,0.000,247.010,0.800,0.000,0.000,1.0
2009-11-29,03:48:00,0.234,0.000,246.770,0.800,0.000,0.000,0.0
2009-11-29,03:49:00,0.234,0.000,247.070,0.800,0.000,0.000,1.0
2009-11-29,03:50:00,0.234,0.000,247.290,1.000,0.000,0.000,1.0
2009-11-29,03:51:00,0.234,0.000,247.760,1.000,0.000,0.000,0.0
2009-11-29,03:52:00,0.236,0.000,247.860,1.000,0.000,0.000,1.0
2009-11-29,03:53:00,0.234,0.000,247.650,1.000,0.000,0.000,1.0
2009-11-29,03:54:00,0.234,0.000,247.390,0.800,0.000,0.000,0.0
2009-11-29,03:55:00,0.236,0.000,248.510,1.000,0.000,0.000,1.0
2009-11-29,03:56:00,0.238,0.000,249.160,1.000,0.000,0.000,1.0
2009-11-29,03:57:00,0.236,0.000,249.010,1.000,0.000,0.000,0.0
2009-11-29,03:58:00,0.236,0.000,248.520,1.000,0.000,0.000,1.0
2009-11-29,03:59:00,0.236,0.000,248.210,1.000,0.000,0.000,1.0
2009-11-29,04:00:00,0.292,0.000,248.780,1.200,0.000,0.000,1.0
2009-11-29,04:01:00,0.350,0.120,248.670,1.400,0.000,0.000,0.0
2009-11-29,04:02:00,0.346,0.122,248.960,1.400,0.000,0.000,1.0
2009-11-29,04:03:00,0.344,0.124,249.220,1.400,0.000,0.000,1.0
2009-11-29,04:04:00,0.344,0.124,249.190,1.400,0.000,0.000,0.0
2009-11-29,04:05:00,0.342,0.124,249.070,1.400,0.000,0.000,1.0
2009-11-29,04:06:00,0.338,0.120,248.300,1.400,0.000,0.000,1.0
2009-11-29,04:07:00,0.336,0.118,247.660,1.400,0.000,0.000,0.0
2009-11-29,04:08:00,0.336,0.120,247.870,1.400,0.000,0.000,1.0
2009-11-29,04:09:00,0.334,0.118,247.560,1.400,0.000,0.000,1.0
2009-11-29,04:10:00,0.334,0.118,247.780,1.400,0.000,0.000,0.0
2009-11-29,04:11:00,0.332,0.118,247.490,1.400,0.000,0.000,1.0
2009-11-29,04:12:00,0.330,0.116,246.680,1.400,0.000,0.000,1.0
2009-11-29,04:13:00,0.330,0.114,246.540,1.400,0.000,0.000,0.0
2009-11-29,04:14:00,0.324,0.106,246.420,1.400,0.000,0.000,1.0
2009-11-29,04:15:00,0.234,0.000,246.510,1.000,0.000,0.000,1.0
2009-11-29,04:16:00,0.276,0.000,246.250,1.200,0.000,0.000,1.0
2009-11-29,04:17:00,0.312,0.080,246.200,1.200,0.000,0.000,0.0
2009-11-29,04:18:00,0.312,0.082,246.610,1.200,0.000,0.000,1.0
2009-11-29,04:19:00,0.310,0.080,246.360,1.200,0.000,0.000,1.0
2009-11-29,04:20:00,0.310,0.080,246.180,1.200,0.000,0.000,0.0
2009-11-29,04:21:00,0.368,0.148,246.350,1.600,0.000,0.000,1.0
2009-11-29,04:22:00,0.394,0.210,246.380,1.800,0.000,1.000,1.0
2009-11-29,04:23:00,0.390,0.212,246.740,1.800,0.000,2.000,0.0
2009-11-29,04:24:00,0.390,0.210,246.470,1.800,0.000,1.000,1.0
2009-11-29,04:25:00,0.392,0.210,246.500,1.800,0.000,1.000,1.0
2009-11-29,04:26:00,0.390,0.210,246.380,1.800,0.000,2.000,0.0
2009-11-29,04:27:00,0.368,0.176,246.370,1.600,0.000,1.000,1.0
2009-11-29,04:28:00,0.320,0.100,246.480,1.200,0.000,2.000,1.0
2009-11-29,04:29:00,0.318,0.098,245.800,1.200,0.000,1.000,0.0
2009-11-29,04:30:00,0.320,0.100,246.180,1.200,0.000,2.000,1.0
2009-11-29,04:31:00,0.318,0.100,245.990,1.200,0.000,1.000,1.0
2009-11-29,04:32:00,0.318,0.098,245.750,1.200,0.000,1.000,0.0
2009-11-29,04:33:00,0.316,0.098,245.870,1.200,0.000,2.000,1.0
2009-11-29,04:34:00,0.316,0.100,246.050,1.200,0.000,1.000,1.0
2009-11-29,04:35:00,0.316,0.100,246.170,1.200,0.000,2.000,0.0
2009-11-29,04:36:00,0.314,0.100,246.340,1.200,0.000,1.000,1.0
2009-11-29,04:37:00,0.402,0.198,245.890,1.800,0.000,1.000,1.0
2009-11-29,04:38:00,0.422,0.240,245.710,1.800,0.000,2.000,0.0
2009-11-29,04:39:00,0.416,0.238,245.490,1.800,0.000,1.000,1.0
2009-11-29,04:40:00,0.416,0.242,246.130,1.800,0.000,1.000,1.0
2009-11-29,04:41:00,0.412,0.240,245.940,1.800,0.000,2.000,0.0
2009-11-29,04:42:00,0.410,0.242,246.000,1.800,0.000,1.000,1.0
2009-11-29,04:43:00,0.408,0.240,245.850,1.800,0.000,1.000,1.0
2009-11-29,04:44:00,0.406,0.240,245.850,1.800,0.000,1.000,0.0
2009-11-29,04:45:00,0.404,0.240,245.740,1.800,0.000,2.000,1.0
2009-11-29,04:46:00,0.404,0.242,246.030,1.800,0.000,1.000,1.0
2009-11-29,04:47:00,0.404,0.244,246.390,1.800,0.000,1.000,0.0
2009-11-29,04:48:00,0.402,0.244,246.580,1.800,0.000,1.000,1.0
2009-11-29,04:49:00,0.368,0.186,247.050,1.600,0.000,1.000,1.0
2009-11-29,04:50:00,0.330,0.118,247.570,1.400,0.000,0.000,0.0
2009-11-29,04:51:00,0.296,0.068,248.210,1.200,0.000,0.000,1.0
2009-11-29,04:52:00,0.234,0.000,247.640,1.000,0.000,0.000,1.0
2009-11-29,04:53:00,0.236,0.000,247.930,1.000,0.000,0.000,1.0
2009-11-29,04:54:00,0.236,0.000,248.240,1.000,0.000,0.000,0.0
2009-11-29,04:55:00,0.234,0.000,247.810,1.000,0.000,0.000,1.0
2009-11-29,04:56:00,0.234,0.000,247.300,0.800,0.000,0.000,1.0
2009-11-29,04:57:00,0.234,0.000,247.210,0.800,0.000,0.000,0.0
2009-11-29,04:58:00,0.234,0.000,246.810,0.800,0.000,0.000,1.0
2009-11-29,04:59:00,0.234,0.000,247.100,0.800,0.000,0.000,1.0
2009-11-29,05:00:00,0.234,0.000,247.540,0.800,0.000,0.000,0.0
2009-11-29,05:01:00,0.232,0.000,246.610,0.800,0.000,0.000,1.0
2009-11-29,05:02:00,0.232,0.000,246.480,0.800,0.000,0.000,1.0
2009-11-29,05:03:00,0.232,0.000,246.480,0.800,0.000,0.000,0.0
2009-11-29,05:04:00,0.232,0.000,246.330,0.800,0.000,0.000,1.0
2009-11-29,05:05:00,0.232,0.000,246.170,0.800,0.000,0.000,1.0
2009-11-29,05:06:00,0.234,0.000,246.780,0.800,0.000,0.000,0.0
2009-11-29,05:07:00,0.234,0.000,246.830,0.800,0.000,0.000,1.0
2009-11-29,05:08:00,0.232,0.000,246.670,0.800,0.000,0.000,1.0
2009-11-29,05:09:00,0.276,0.000,246.240,1.200,0.000,0.000,0.0
2009-11-29,05:10:00,0.310,0.082,246.570,1.200,0.000,0.000,1.0
2009-11-29,05:11:00,0.310,0.080,246.100,1.200,0.000,0.000,1.0
2009-11-29,05:12:00,0.310,0.080,246.090,1.200,0.000,0.000,0.0
2009-11-29,05:13:00,0.308,0.080,246.050,1.200,0.000,0.000,1.0
2009-11-29,05:14:00,0.394,0.174,245.710,1.800,0.000,0.000,1.0
2009-11-29,05:15:00,0.416,0.222,245.940,1.800,0.000,0.000,0.0
2009-11-29,05:16:00,0.410,0.222,245.850,1.800,0.000,0.000,1.0
2009-11-29,05:17:00,0.408,0.222,245.710,1.800,0.000,0.000,1.0
2009-11-29,05:18:00,0.406,0.222,245.830,1.800,0.000,0.000,0.0
2009-11-29,05:19:00,0.404,0.222,245.780,1.800,0.000,0.000,1.0
2009-11-29,05:20:00,0.362,0.160,245.990,1.600,0.000,0.000,1.0
2009-11-29,05:21:00,0.332,0.114,246.240,1.400,0.000,0.000,0.0
2009-11-29,05:22:00,0.330,0.114,246.240,1.400,0.000,0.000,1.0
2009-11-29,05:23:00,0.328,0.114,245.990,1.400,0.000,0.000,1.0
2009-11-29,05:24:00,0.328,0.112,245.530,1.400,0.000,0.000,0.0
2009-11-29,05:25:00,0.328,0.114,246.120,1.400,0.000,0.000,1.0
2009-11-29,05:26:00,0.328,0.114,245.990,1.400,0.000,0.000,1.0
2009-11-29,05:27:00,0.326,0.112,245.750,1.400,0.000,0.000,1.0
2009-11-29,05:28:00,0.288,0.058,245.370,1.200,0.000,0.000,0.0
2009-11-29,05:29:00,0.232,0.000,245.640,0.800,0.000,0.000,1.0
2009-11-29,05:30:00,0.232,0.000,246.030,0.800,0.000,0.000,1.0
2009-11-29,05:31:00,0.232,0.000,245.940,0.800,0.000,0.000,0.0
2009-11-29,05:32:00,0.232,0.000,246.420,0.800,0.000,0.000,1.0
2009-11-29,05:33:00,0.234,0.000,246.780,0.800,0.000,0.000,1.0
2009-11-29,05:34:00,0.232,0.000,246.720,0.800,0.000,0.000,0.0
2009-11-29,05:35:00,0.234,0.000,246.970,0.800,0.000,0.000,1.0
2009-11-29,05:36:00,0.234,0.000,247.830,1.000,0.000,0.000,1.0
2009-11-29,05:37:00,0.234,0.000,247.650,1.000,0.000,0.000,0.0
2009-11-29,05:38:00,0.236,0.000,247.850,1.000,0.000,0.000,1.0
2009-11-29,05:39:00,0.236,0.000,247.880,1.000,0.000,0.000,1.0
2009-11-29,05:40:00,0.236,0.000,248.160,1.000,0.000,0.000,0.0
2009-11-29,05:41:00,0.234,0.000,247.640,1.000,0.000,0.000,1.0
2009-11-29,05:42:00,0.236,0.000,247.770,1.000,0.000,0.000,1.0
2009-11-29,05:43:00,0.234,0.000,247.360,0.800,0.000,0.000,0.0
2009-11-29,05:44:00,0.234,0.000,247.160,0.800,0.000,0.000,1.0
2009-11-29,05:45:00,0.232,0.000,246.640,0.800,0.000,0.000,1.0
2009-11-29,05:46:00,0.234,0.000,246.730,0.800,0.000,0.000,0.0
2009-11-29,05:47:00,0.234,0.000,246.730,0.800,0.000,0.000,1.0
2009-11-29,05:48:00,0.234,0.000,247.380,0.800,0.000,0.000,1.0
2009-11-29,05:49:00,0.234,0.000,247.060,0.800,0.000,0.000,0.0
2009-11-29,05:50:00,0.234,0.000,246.860,0.800,0.000,0.000,1.0
2009-11-29,05:51:00,0.312,0.058,247.000,1.400,0.000,0.000,1.0
2009-11-29,05:52:00,0.344,0.114,246.470,1.400,0.000,0.000,1.0
2009-11-29,05:53:00,0.340,0.116,246.580,1.400,0.000,0.000,0.0
2009-11-29,05:54:00,0.340,0.116,246.770,1.400,0.000,0.000,1.0
2009-11-29,05:55:00,0.338,0.116,246.860,1.400,0.000,0.000,1.0
2009-11-29,05:56:00,0.336,0.116,246.530,1.400,0.000,0.000,0.0
2009-11-29,05:57:00,0.332,0.114,245.690,1.400,0.000,0.000,1.0
2009-11-29,05:58:00,0.330,0.112,245.280,1.400,0.000,0.000,1.0
2009-11-29,05:59:00,0.330,0.112,245.420,1.400,0.000,0.000,0.0
2009-11-29,06:00:00,0.330,0.114,246.000,1.400,0.000,0.000,1.0
2009-11-29,06:01:00,0.330,0.116,246.690,1.400,0.000,0.000,1.0
2009-11-29,06:02:00,0.330,0.116,246.850,1.400,0.000,0.000,0.0
2009-11-29,06:03:00,0.902,0.338,246.420,4.000,0.000,0.000,10.0
2009-11-29,06:04:00,1.014,0.416,246.180,4.400,0.000,0.000,11.0
2009-11-29,06:05:00,0.998,0.372,245.790,4.200,0.000,0.000,11.0
2009-11-29,06:06:00,0.956,0.294,246.290,4.000,0.000,0.000,12.0
2009-11-29,06:07:00,0.622,0.182,246.430,3.000,0.000,0.000,6.0
2009-11-29,06:08:00,0.308,0.082,246.010,1.200,0.000,0.000,1.0
2009-11-29,06:09:00,0.306,0.080,245.670,1.200,0.000,0.000,0.0
2009-11-29,06:10:00,0.306,0.084,246.680,1.200,0.000,0.000,1.0
2009-11-29,06:11:00,0.306,0.084,246.780,1.200,0.000,0.000,1.0
2009-11-29,06:12:00,0.304,0.080,245.750,1.200,0.000,0.000,0.0
2009-11-29,06:13:00,0.302,0.080,245.770,1.200,0.000,0.000,1.0
2009-11-29,06:14:00,0.302,0.080,245.790,1.200,0.000,0.000,1.0
2009-11-29,06:15:00,0.238,0.000,245.090,1.000,0.000,0.000,1.0
2009-11-29,06:16:00,0.230,0.000,244.850,0.800,0.000,0.000,0.0
2009-11-29,06:17:00,0.232,0.000,245.470,0.800,0.000,0.000,1.0
2009-11-29,06:18:00,0.232,0.000,245.730,0.800,0.000,0.000,1.0
2009-11-29,06:19:00,0.232,0.000,245.520,0.800,0.000,0.000,0.0
2009-11-29,06:20:00,0.232,0.000,245.940,0.800,0.000,0.000,1.0
2009-11-29,06:21:00,0.232,0.000,245.810,0.800,0.000,0.000,1.0
2009-11-29,06:22:00,0.230,0.000,245.220,0.800,0.000,0.000,0.0
2009-11-29,06:23:00,0.230,0.000,245.060,0.800,0.000,0.000,1.0
2009-11-29,06:24:00,0.232,0.000,245.700,0.800,0.000,0.000,1.0
2009-11-29,06:25:00,0.232,0.000,245.870,0.800,0.000,0.000,0.0
2009-11-29,06:26:00,0.232,0.000,246.060,0.800,0.000,0.000,1.0
2009-11-29,06:27:00,0.232,0.000,246.540,0.800,0.000,0.000,1.0
2009-11-29,06:28:00,0.282,0.000,246.270,1.200,0.000,0.000,0.0
2009-11-29,06:29:00,0.344,0.114,246.240,1.400,0.000,0.000,1.0
2009-11-29,06:30:00,0.340,0.116,246.640,1.400,0.000,0.000,1.0
2009-11-29,06:31:00,0.338,0.114,246.070,1.400,0.000,0.000,0.0
2009-11-29,06:32:00,0.336,0.114,246.250,1.400,0.000,0.000,1.0
2009-11-29,06:33:00,0.336,0.114,246.330,1.400,0.000,0.000,1.0
2009-11-29,06:34:00,0.332,0.114,245.880,1.400,0.000,0.000,0.0
2009-11-29,06:35:00,0.332,0.114,246.150,1.400,0.000,0.000,1.0
2009-11-29,06:36:00,0.332,0.116,246.500,1.400,0.000,0.000,1.0
2009-11-29,06:37:00,0.332,0.116,246.880,1.400,0.000,0.000,0.0
2009-11-29,06:38:00,0.330,0.116,246.390,1.400,0.000,0.000,1.0
2009-11-29,06:39:00,0.332,0.118,247.450,1.400,0.000,0.000,1.0
2009-11-29,06:40:00,0.332,0.120,247.620,1.400,0.000,0.000,0.0
2009-11-29,06:41:00,0.330,0.116,246.810,1.400,0.000,0.000,1.0
2009-11-29,06:42:00,0.324,0.086,246.840,1.400,0.000,0.000,1.0
2009-11-29,06:43:00,0.320,0.102,246.730,1.200,0.000,0.000,0.0
2009-11-29,06:44:00,0.320,0.104,247.000,1.200,0.000,2.000,1.0
2009-11-29,06:45:00,0.318,0.102,246.830,1.200,0.000,1.000,1.0
2009-11-29,06:46:00,0.320,0.102,246.770,1.200,0.000,2.000,0.0
2009-11-29,06:47:00,0.320,0.102,246.640,1.200,0.000,1.000,1.0
2009-11-29,06:48:00,0.320,0.102,246.780,1.200,0.000,2.000,1.0
2009-11-29,06:49:00,0.320,0.104,247.200,1.200,0.000,1.000,1.0
2009-11-29,06:50:00,0.320,0.104,247.140,1.200,0.000,1.000,0.0
2009-11-29,06:51:00,0.322,0.104,247.440,1.400,0.000,2.000,1.0
2009-11-29,06:52:00,0.330,0.104,247.520,1.400,0.000,1.000,1.0
2009-11-29,06:53:00,0.326,0.102,246.420,1.400,0.000,2.000,0.0
2009-11-29,06:54:00,0.324,0.100,245.690,1.400,0.000,1.000,1.0
2009-11-29,06:55:00,0.322,0.100,245.740,1.400,0.000,2.000,1.0
2009-11-29,06:56:00,0.322,0.100,245.670,1.400,0.000,1.000,0.0
2009-11-29,06:57:00,0.320,0.098,245.590,1.200,0.000,1.000,1.0
2009-11-29,06:58:00,0.396,0.184,245.430,1.800,0.000,2.000,1.0
2009-11-29,06:59:00,0.394,0.206,245.210,1.800,0.000,1.000,0.0
2009-11-29,07:00:00,0.392,0.206,244.900,1.800,0.000,1.000,1.0
2009-11-29,07:01:00,0.390,0.206,245.050,1.800,0.000,2.000,1.0
2009-11-29,07:02:00,0.390,0.208,245.610,1.800,0.000,1.000,0.0
2009-11-29,07:03:00,0.388,0.206,245.400,1.800,0.000,1.000,1.0
2009-11-29,07:04:00,0.384,0.204,244.730,1.800,0.000,1.000,1.0
2009-11-29,07:05:00,0.382,0.202,244.200,1.600,0.000,2.000,0.0
2009-11-29,07:06:00,0.496,0.334,243.900,2.400,0.000,1.000,1.0
2009-11-29,07:07:00,0.488,0.342,244.320,2.400,0.000,1.000,1.0
2009-11-29,07:08:00,0.454,0.298,245.060,2.200,0.000,1.000,0.0
2009-11-29,07:09:00,0.414,0.238,245.210,1.800,0.000,2.000,1.0
2009-11-29,07:10:00,0.412,0.238,245.310,1.800,0.000,1.000,1.0
2009-11-29,07:11:00,0.338,0.114,245.780,1.400,0.000,0.000,0.0
2009-11-29,07:12:00,0.336,0.110,245.170,1.400,0.000,0.000,1.0
2009-11-29,07:13:00,0.334,0.110,244.820,1.400,0.000,0.000,1.0
2009-11-29,07:14:00,0.334,0.112,245.310,1.400,0.000,0.000,0.0
2009-11-29,07:15:00,0.332,0.110,245.170,1.400,0.000,0.000,1.0
2009-11-29,07:16:00,0.330,0.110,244.770,1.400,0.000,0.000,1.0
2009-11-29,07:17:00,0.330,0.110,244.950,1.400,0.000,0.000,0.0
2009-11-29,07:18:00,0.330,0.110,244.660,1.400,0.000,0.000,1.0
2009-11-29,07:19:00,0.328,0.108,244.280,1.400,0.000,0.000,1.0
2009-11-29,07:20:00,0.254,0.000,245.500,1.000,0.000,0.000,0.0
2009-11-29,07:21:00,0.236,0.000,245.420,1.000,0.000,0.000,1.0
2009-11-29,07:22:00,0.234,0.000,245.330,1.000,0.000,0.000,1.0
2009-11-29,07:23:00,0.234,0.000,245.260,1.000,0.000,0.000,0.0
2009-11-29,07:24:00,0.234,0.000,245.030,1.000,0.000,0.000,1.0
2009-11-29,07:25:00,0.234,0.000,245.430,1.000,0.000,0.000,1.0
2009-11-29,07:26:00,0.232,0.000,245.360,0.800,0.000,0.000,0.0
2009-11-29,07:27:00,0.226,0.000,244.640,0.800,0.000,0.000,1.0
2009-11-29,07:28:00,0.228,0.000,245.010,0.800,0.000,0.000,1.0
2009-11-29,07:29:00,0.230,0.000,245.040,0.800,0.000,0.000,0.0
2009-11-29,07:30:00,0.234,0.000,244.950,1.000,0.000,0.000,1.0
2009-11-29,07:31:00,0.234,0.000,244.890,1.000,0.000,0.000,1.0
2009-11-29,07:32:00,0.232,0.000,244.560,0.800,0.000,0.000,0.0
2009-11-29,07:33:00,0.226,0.000,244.750,0.800,0.000,0.000,1.0
2009-11-29,07:34:00,0.226,0.000,244.780,0.800,0.000,0.000,1.0
2009-11-29,07:35:00,0.226,0.000,244.270,0.800,0.000,0.000,0.0
2009-11-29,07:36:00,0.226,0.000,244.430,0.800,0.000,0.000,1.0
2009-11-29,07:37:00,0.230,0.000,244.640,0.800,0.000,0.000,1.0
2009-11-29,07:38:00,0.232,0.000,243.650,1.000,0.000,0.000,0.0
2009-11-29,07:39:00,0.232,0.000,244.250,1.000,0.000,0.000,1.0
2009-11-29,07:40:00,0.228,0.000,245.470,0.800,0.000,0.000,1.0
2009-11-29,07:41:00,0.226,0.000,244.820,0.800,0.000,0.000,0.0
2009-11-29,07:42:00,0.228,0.000,244.830,0.800,0.000,0.000,1.0
2009-11-29,07:43:00,0.302,0.048,244.540,1.400,0.000,0.000,1.0
2009-11-29,07:44:00,0.342,0.104,243.560,1.400,0.000,0.000,0.0
2009-11-29,07:45:00,0.338,0.104,243.230,1.400,0.000,0.000,1.0
2009-11-29,07:46:00,0.336,0.104,243.030,1.400,0.000,0.000,1.0
2009-11-29,07:47:00,0.330,0.106,243.980,1.400,0.000,0.000,0.0
2009-11-29,07:48:00,0.328,0.108,244.360,1.400,0.000,0.000,1.0
2009-11-29,07:49:00,0.326,0.106,243.930,1.400,0.000,0.000,1.0
2009-11-29,07:50:00,0.328,0.108,244.630,1.400,0.000,0.000,0.0
2009-11-29,07:51:00,0.372,0.140,244.050,1.600,0.000,0.000,1.0
2009-11-29,07:52:00,0.408,0.214,243.800,1.800,0.000,0.000,1.0
2009-11-29,07:53:00,0.404,0.214,244.020,1.800,0.000,0.000,0.0
2009-11-29,07:54:00,0.400,0.214,243.980,1.800,0.000,0.000,1.0
2009-11-29,07:55:00,0.398,0.212,243.660,1.800,0.000,0.000,1.0
2009-11-29,07:56:00,0.396,0.212,243.650,1.800,0.000,0.000,0.0
2009-11-29,07:57:00,0.362,0.162,245.060,1.600,0.000,0.000,1.0
2009-11-29,07:58:00,0.310,0.080,245.580,1.200,0.000,0.000,1.0
2009-11-29,07:59:00,0.310,0.080,246.070,1.200,0.000,0.000,0.0
2009-11-29,08:00:00,0.304,0.082,246.370,1.200,0.000,0.000,1.0
2009-11-29,08:01:00,0.392,0.076,245.640,1.600,0.000,0.000,1.0
2009-11-29,08:02:00,0.408,0.078,246.190,1.600,0.000,0.000,0.0
2009-11-29,08:03:00,0.348,0.000,245.700,1.400,0.000,0.000,1.0
2009-11-29,08:04:00,0.340,0.000,245.280,1.400,0.000,0.000,1.0
2009-11-29,08:05:00,0.344,0.000,245.540,1.400,0.000,0.000,0.0
2009-11-29,08:06:00,0.342,0.000,245.300,1.400,0.000,0.000,1.0
2009-11-29,08:07:00,0.338,0.000,245.540,1.400,0.000,0.000,1.0
2009-11-29,08:08:00,0.338,0.000,246.250,1.400,0.000,0.000,0.0
2009-11-29,08:09:00,0.336,0.000,245.800,1.400,0.000,0.000,1.0
2009-11-29,08:10:00,0.338,0.000,246.320,1.400,0.000,0.000,1.0
2009-11-29,08:11:00,0.340,0.000,245.400,1.400,0.000,0.000,0.0
2009-11-29,08:12:00,0.526,0.000,245.120,2.200,0.000,0.000,1.0
2009-11-29,08:13:00,0.760,0.000,245.520,3.200,0.000,0.000,1.0
2009-11-29,08:14:00,2.508,0.058,243.140,10.800,0.000,0.000,0.0
2009-11-29,08:15:00,2.512,0.000,242.850,10.800,0.000,0.000,15.0
2009-11-29,08:16:00,2.524,0.000,243.120,10.400,0.000,0.000,20.0
2009-11-29,08:17:00,2.506,0.000,242.890,10.200,0.000,0.000,19.0
2009-11-29,08:18:00,3.136,0.000,242.300,13.200,0.000,0.000,19.0
2009-11-29,08:19:00,3.276,0.000,242.440,13.800,0.000,0.000,19.0
2009-11-29,08:20:00,3.156,0.082,243.270,13.200,0.000,0.000,18.0
2009-11-29,08:21:00,3.378,0.170,243.080,14.200,0.000,0.000,19.0
2009-11-29,08:22:00,3.240,0.164,243.120,13.600,0.000,0.000,19.0
2009-11-29,08:23:00,2.824,0.130,242.230,11.800,0.000,0.000,19.0
2009-11-29,08:24:00,2.244,0.128,243.260,9.200,0.000,0.000,18.0
2009-11-29,08:25:00,2.062,0.142,243.790,8.400,0.000,0.000,19.0
2009-11-29,08:26:00,1.958,0.108,243.120,8.000,0.000,0.000,19.0
2009-11-29,08:27:00,2.004,0.108,243.100,8.200,0.000,0.000,19.0
2009-11-29,08:28:00,2.018,0.110,243.980,8.200,0.000,0.000,19.0
2009-11-29,08:29:00,2.020,0.108,243.360,8.200,0.000,0.000,19.0
2009-11-29,08:30:00,2.020,0.110,243.910,8.200,0.000,0.000,18.0
2009-11-29,08:31:00,2.020,0.108,243.620,8.200,0.000,0.000,19.0
2009-11-29,08:32:00,2.030,0.110,243.950,8.200,0.000,0.000,19.0
2009-11-29,08:33:00,2.030,0.110,243.970,8.200,0.000,0.000,19.0
2009-11-29,08:34:00,1.994,0.092,243.230,8.200,0.000,0.000,19.0
2009-11-29,08:35:00,1.908,0.000,242.690,7.800,0.000,0.000,19.0
2009-11-29,08:36:00,1.978,0.000,242.760,8.200,0.000,0.000,18.0
2009-11-29,08:37:00,1.982,0.074,242.720,8.200,0.000,0.000,19.0
2009-11-29,08:38:00,1.980,0.076,242.800,8.000,0.000,0.000,19.0
2009-11-29,08:39:00,1.990,0.078,243.080,8.200,0.000,0.000,18.0
2009-11-29,08:40:00,1.996,0.078,243.770,8.200,0.000,0.000,19.0
2009-11-29,08:41:00,1.996,0.080,244.000,8.200,0.000,0.000,19.0
2009-11-29,08:42:00,1.986,0.076,243.320,8.000,0.000,0.000,19.0
2009-11-29,08:43:00,1.984,0.078,243.400,8.000,0.000,0.000,19.0
2009-11-29,08:44:00,1.976,0.078,243.350,8.000,0.000,0.000,18.0
2009-11-29,08:45:00,1.968,0.076,242.750,8.000,0.000,0.000,19.0
2009-11-29,08:46:00,1.972,0.076,242.340,8.000,0.000,0.000,19.0
2009-11-29,08:47:00,1.972,0.074,242.010,8.000,0.000,0.000,18.0
2009-11-29,08:48:00,1.948,0.058,241.670,8.000,0.000,0.000,19.0
2009-11-29,08:49:00,1.884,0.000,241.230,7.800,0.000,0.000,18.0
2009-11-29,08:50:00,1.898,0.000,242.050,7.800,0.000,0.000,19.0
2009-11-29,08:51:00,1.910,0.000,242.810,7.800,0.000,0.000,19.0
2009-11-29,08:52:00,1.912,0.000,243.380,7.800,0.000,0.000,18.0
2009-11-29,08:53:00,1.916,0.000,243.260,7.800,0.000,0.000,19.0
2009-11-29,08:54:00,1.908,0.000,242.460,7.800,0.000,0.000,19.0
2009-11-29,08:55:00,1.898,0.000,241.970,7.800,0.000,0.000,18.0
2009-11-29,08:56:00,1.900,0.000,242.660,7.800,0.000,0.000,19.0
2009-11-29,08:57:00,1.944,0.000,242.400,8.000,0.000,0.000,19.0
2009-11-29,08:58:00,2.534,0.288,241.620,10.400,0.000,0.000,28.0
2009-11-29,08:59:00,2.514,0.278,240.680,10.400,0.000,0.000,28.0
2009-11-29,09:00:00,2.522,0.266,239.340,10.600,0.000,0.000,28.0
2009-11-29,09:01:00,2.520,0.260,238.880,10.600,0.000,0.000,29.0
2009-11-29,09:02:00,2.516,0.260,238.770,10.600,0.000,0.000,28.0
2009-11-29,09:03:00,1.416,0.090,239.580,5.800,0.000,0.000,19.0
2009-11-29,09:04:00,1.380,0.088,240.020,5.600,0.000,0.000,18.0
2009-11-29,09:05:00,1.416,0.120,240.150,5.800,0.000,0.000,19.0
2009-11-29,09:06:00,1.458,0.208,239.550,6.000,0.000,0.000,18.0
2009-11-29,09:07:00,1.450,0.206,238.640,6.000,0.000,2.000,18.0
2009-11-29,09:08:00,1.440,0.202,237.670,6.000,0.000,1.000,18.0
2009-11-29,09:09:00,1.426,0.198,236.860,6.000,0.000,2.000,18.0
2009-11-29,09:10:00,1.428,0.200,237.170,6.000,0.000,1.000,18.0
2009-11-29,09:11:00,1.442,0.204,238.470,6.000,0.000,1.000,18.0
2009-11-29,09:12:00,1.380,0.108,239.060,5.800,0.000,2.000,18.0
2009-11-29,09:13:00,1.460,0.066,238.840,6.000,0.000,1.000,18.0
2009-11-29,09:14:00,1.486,0.062,238.040,6.200,0.000,2.000,18.0
2009-11-29,09:15:00,1.484,0.064,238.170,6.200,0.000,1.000,18.0
2009-11-29,09:16:00,0.662,0.074,238.900,3.200,0.000,1.000,5.0
2009-11-29,09:17:00,0.432,0.074,238.410,1.800,0.000,2.000,1.0
2009-11-29,09:18:00,0.428,0.074,238.040,1.800,0.000,1.000,0.0
2009-11-29,09:19:00,0.430,0.072,238.240,1.800,0.000,2.000,1.0
2009-11-29,09:20:00,0.438,0.076,238.990,1.800,0.000,1.000,1.0
2009-11-29,09:21:00,0.436,0.076,239.250,1.800,0.000,1.000,0.0
2009-11-29,09:22:00,0.434,0.076,239.260,1.800,0.000,2.000,1.0
2009-11-29,09:23:00,0.428,0.076,239.140,1.800,0.000,1.000,1.0
2009-11-29,09:24:00,0.426,0.076,239.080,1.800,0.000,1.000,0.0
2009-11-29,09:25:00,0.426,0.078,239.270,1.800,0.000,1.000,1.0
2009-11-29,09:26:00,0.430,0.080,240.750,1.800,0.000,2.000,1.0
2009-11-29,09:27:00,0.436,0.080,240.430,1.800,0.000,1.000,0.0
2009-11-29,09:28:00,0.428,0.082,240.940,1.800,0.000,1.000,1.0
2009-11-29,09:29:00,0.402,0.086,240.830,1.600,0.000,1.000,0.0
2009-11-29,09:30:00,0.400,0.086,240.950,1.600,0.000,2.000,1.0
2009-11-29,09:31:00,0.508,0.182,240.220,2.200,0.000,1.000,1.0
2009-11-29,09:32:00,0.494,0.186,239.950,2.200,0.000,1.000,0.0
2009-11-29,09:33:00,0.496,0.186,239.990,2.200,0.000,1.000,1.0
2009-11-29,09:34:00,0.432,0.074,239.890,1.800,0.000,0.000,1.0
2009-11-29,09:35:00,0.518,0.162,239.660,2.200,0.000,0.000,0.0
2009-11-29,09:36:00,0.528,0.196,239.860,2.200,0.000,0.000,1.0
2009-11-29,09:37:00,0.520,0.196,239.580,2.200,0.000,0.000,1.0
2009-11-29,09:38:00,0.502,0.196,239.730,2.200,0.000,0.000,0.0
2009-11-29,09:39:00,0.494,0.196,239.740,2.200,0.000,0.000,1.0
2009-11-29,09:40:00,0.548,0.194,238.970,2.400,0.000,0.000,1.0
2009-11-29,09:41:00,0.578,0.194,239.230,2.400,0.000,0.000,0.0
2009-11-29,09:42:00,0.578,0.196,239.790,2.400,0.000,0.000,1.0
2009-11-29,09:43:00,0.520,0.134,240.330,2.200,0.000,0.000,0.0
2009-11-29,09:44:00,0.420,0.096,240.310,1.800,0.000,0.000,1.0
2009-11-29,09:45:00,0.420,0.096,240.240,1.800,0.000,0.000,1.0
2009-11-29,09:46:00,0.420,0.096,240.460,1.800,0.000,0.000,0.0
2009-11-29,09:47:00,0.424,0.096,240.290,1.800,0.000,0.000,1.0
2009-11-29,09:48:00,0.426,0.096,240.330,1.800,0.000,0.000,1.0
2009-11-29,09:49:00,0.486,0.076,239.970,2.000,0.000,0.000,0.0
2009-11-29,09:50:00,0.612,0.000,240.040,2.400,0.000,0.000,1.0
2009-11-29,09:51:00,0.610,0.000,239.840,2.400,0.000,0.000,1.0
2009-11-29,09:52:00,0.558,0.000,239.480,2.400,0.000,0.000,0.0
2009-11-29,09:53:00,0.396,0.000,238.980,1.600,0.000,0.000,1.0
2009-11-29,09:54:00,0.626,0.000,239.810,2.600,0.000,0.000,1.0
2009-11-29,09:55:00,0.652,0.046,240.080,2.600,0.000,0.000,0.0
2009-11-29,09:56:00,0.534,0.054,240.310,2.200,0.000,1.000,1.0
2009-11-29,09:57:00,0.676,0.056,239.970,2.800,0.000,1.000,1.0
2009-11-29,09:58:00,0.678,0.056,240.380,2.800,0.000,1.000,0.0
2009-11-29,09:59:00,2.182,0.068,237.460,10.000,0.000,24.000,1.0
2009-11-29,10:00:00,2.866,0.072,237.160,12.000,0.000,38.000,0.0
2009-11-29,10:01:00,2.906,0.072,238.760,12.000,0.000,38.000,1.0
2009-11-29,10:02:00,2.926,0.070,239.730,12.200,0.000,38.000,1.0
2009-11-29,10:03:00,2.950,0.074,240.090,12.200,0.000,38.000,0.0
2009-11-29,10:04:00,2.994,0.000,241.100,12.400,0.000,39.000,1.0
2009-11-29,10:05:00,2.798,0.064,241.980,11.400,0.000,39.000,1.0
2009-11-29,10:06:00,2.772,0.062,240.920,11.400,0.000,39.000,0.0
2009-11-29,10:07:00,2.762,0.062,240.610,11.400,0.000,39.000,1.0
2009-11-29,10:08:00,1.914,0.070,241.930,9.000,0.000,26.000,1.0
2009-11-29,10:09:00,0.514,0.086,243.930,2.000,0.000,1.000,0.0
2009-11-29,10:10:00,0.510,0.086,243.980,2.000,0.000,1.000,1.0
2009-11-29,10:11:00,0.470,0.130,243.580,2.000,0.000,1.000,1.0
2009-11-29,10:12:00,0.496,0.156,243.050,2.200,0.000,0.000,0.0
2009-11-29,10:13:00,0.544,0.224,244.170,2.400,0.000,1.000,1.0
2009-11-29,10:14:00,0.572,0.204,243.770,2.400,0.000,1.000,1.0
2009-11-29,10:15:00,0.596,0.198,243.210,2.600,0.000,1.000,0.0
2009-11-29,10:16:00,0.594,0.198,243.330,2.600,0.000,2.000,1.0
2009-11-29,10:17:00,0.578,0.226,243.570,2.400,0.000,1.000,1.0
2009-11-29,10:18:00,0.552,0.246,243.030,2.400,0.000,1.000,0.0
2009-11-29,10:19:00,0.546,0.232,242.600,2.400,0.000,1.000,1.0
2009-11-29,10:20:00,0.526,0.204,243.300,2.200,0.000,0.000,1.0
2009-11-29,10:21:00,0.554,0.210,244.560,2.400,0.000,1.000,0.0
2009-11-29,10:22:00,0.586,0.204,244.960,2.400,0.000,1.000,1.0
2009-11-29,10:23:00,0.566,0.180,244.390,2.400,0.000,2.000,1.0
2009-11-29,10:24:00,0.484,0.064,243.040,2.000,0.000,1.000,0.0
2009-11-29,10:25:00,0.448,0.102,242.750,1.800,0.000,1.000,1.0
2009-11-29,10:26:00,0.626,0.126,243.030,2.600,0.000,3.000,1.0
2009-11-29,10:27:00,0.878,0.276,243.210,3.800,0.000,6.000,0.0
2009-11-29,10:28:00,0.936,0.324,243.110,4.000,0.000,4.000,1.0
2009-11-29,10:29:00,0.940,0.326,242.550,4.000,0.000,5.000,1.0
2009-11-29,10:30:00,0.866,0.314,242.810,3.800,0.000,4.000,0.0
2009-11-29,10:31:00,0.654,0.264,242.900,2.800,0.000,0.000,1.0
2009-11-29,10:32:00,1.204,0.236,241.700,5.600,0.000,0.000,9.0
2009-11-29,10:33:00,1.688,0.126,241.450,7.000,0.000,0.000,19.0
2009-11-29,10:34:00,1.666,0.122,241.000,6.800,0.000,0.000,19.0
2009-11-29,10:35:00,1.666,0.122,241.950,6.800,0.000,0.000,19.0
2009-11-29,10:36:00,1.664,0.120,242.100,6.800,0.000,0.000,19.0
2009-11-29,10:37:00,1.662,0.120,242.170,6.800,0.000,0.000,19.0
2009-11-29,10:38:00,1.650,0.118,241.900,6.800,0.000,0.000,18.0
2009-11-29,10:39:00,1.680,0.134,242.510,6.800,0.000,0.000,19.0
2009-11-29,10:40:00,1.762,0.252,242.540,7.200,0.000,0.000,19.0
2009-11-29,10:41:00,1.762,0.252,242.750,7.200,0.000,0.000,19.0
2009-11-29,10:42:00,1.766,0.252,243.040,7.200,0.000,0.000,18.0
2009-11-29,10:43:00,1.770,0.252,243.270,7.200,0.000,0.000,19.0
2009-11-29,10:44:00,1.760,0.248,241.780,7.200,0.000,0.000,19.0
2009-11-29,10:45:00,1.766,0.246,241.570,7.400,0.000,0.000,18.0
2009-11-29,10:46:00,2.030,0.242,241.870,8.400,0.000,0.000,19.0
2009-11-29,10:47:00,2.018,0.240,241.260,8.400,0.000,0.000,18.0
2009-11-29,10:48:00,2.020,0.240,241.420,8.400,0.000,0.000,19.0
2009-11-29,10:49:00,2.028,0.240,241.690,8.400,0.000,0.000,18.0
2009-11-29,10:50:00,2.038,0.242,242.340,8.400,0.000,0.000,19.0
2009-11-29,10:51:00,2.032,0.240,242.080,8.400,0.000,0.000,19.0
2009-11-29,10:52:00,2.026,0.240,242.160,8.400,0.000,0.000,18.0
2009-11-29,10:53:00,2.076,0.240,242.650,8.600,0.000,0.000,19.0
2009-11-29,10:54:00,2.090,0.240,242.340,8.600,0.000,0.000,19.0
2009-11-29,10:55:00,2.086,0.240,242.120,8.600,0.000,0.000,18.0
2009-11-29,10:56:00,2.090,0.240,242.010,8.600,0.000,0.000,19.0
2009-11-29,10:57:00,2.086,0.238,241.770,8.600,0.000,0.000,18.0
2009-11-29,10:58:00,2.138,0.234,240.550,8.800,0.000,0.000,19.0
2009-11-29,10:59:00,2.170,0.234,240.570,9.000,0.000,0.000,18.0
2009-11-29,11:00:00,2.182,0.234,241.330,9.000,0.000,0.000,18.0
2009-11-29,11:01:00,2.180,0.234,241.270,9.000,0.000,0.000,19.0
2009-11-29,11:02:00,2.182,0.236,241.400,9.000,0.000,0.000,18.0
2009-11-29,11:03:00,2.142,0.234,240.710,8.800,0.000,0.000,19.0
2009-11-29,11:04:00,2.060,0.194,242.030,8.400,0.000,0.000,18.0
2009-11-29,11:05:00,2.086,0.200,242.210,8.600,0.000,0.000,19.0
2009-11-29,11:06:00,2.052,0.206,241.040,8.400,0.000,0.000,18.0
2009-11-29,11:07:00,2.060,0.206,241.570,8.400,0.000,0.000,19.0
2009-11-29,11:08:00,2.054,0.206,241.190,8.400,0.000,0.000,18.0
2009-11-29,11:09:00,2.054,0.206,241.260,8.400,0.000,0.000,19.0
2009-11-29,11:10:00,2.060,0.206,241.150,8.600,0.000,0.000,18.0
2009-11-29,11:11:00,2.058,0.206,241.170,8.400,0.000,0.000,19.0
2009-11-29,11:12:00,2.056,0.206,241.290,8.400,0.000,0.000,18.0
2009-11-29,11:13:00,2.050,0.206,241.250,8.400,0.000,0.000,19.0
2009-11-29,11:14:00,2.050,0.206,241.280,8.400,0.000,0.000,18.0
2009-11-29,11:15:00,2.060,0.206,242.040,8.400,0.000,0.000,19.0
2009-11-29,11:16:00,2.062,0.208,242.160,8.400,0.000,0.000,18.0
2009-11-29,11:17:00,1.948,0.126,242.590,8.000,0.000,0.000,19.0
2009-11-29,11:18:00,2.016,0.050,240.840,8.400,0.000,0.000,19.0
2009-11-29,11:19:00,2.108,0.084,240.570,8.800,0.000,1.000,18.0
2009-11-29,11:20:00,3.760,0.080,239.720,16.000,0.000,30.000,18.0
2009-11-29,11:21:00,3.984,0.092,239.810,16.600,0.000,37.000,18.0
2009-11-29,11:22:00,3.738,0.198,240.140,16.000,0.000,28.000,19.0
2009-11-29,11:23:00,4.174,0.230,239.990,17.400,0.000,38.000,18.0
2009-11-29,11:24:00,5.236,0.196,239.550,23.200,0.000,53.000,18.0
2009-11-29,11:25:00,6.326,0.210,238.060,26.400,0.000,73.000,18.0
2009-11-29,11:26:00,6.296,0.192,237.870,26.400,0.000,73.000,18.0
2009-11-29,11:27:00,6.294,0.206,237.710,26.400,0.000,72.000,18.0
2009-11-29,11:28:00,6.388,0.300,238.030,26.800,0.000,75.000,18.0
2009-11-29,11:29:00,6.382,0.328,238.180,26.800,0.000,75.000,18.0
2009-11-29,11:30:00,6.402,0.312,238.790,26.800,0.000,74.000,18.0
2009-11-29,11:31:00,6.436,0.334,239.360,26.800,0.000,76.000,18.0
2009-11-29,11:32:00,6.404,0.314,238.940,26.800,0.000,74.000,18.0
2009-11-29,11:33:00,5.310,0.338,239.020,23.000,0.000,59.000,18.0
2009-11-29,11:34:00,3.314,0.388,241.410,14.000,0.000,21.000,21.0
2009-11-29,11:35:00,4.854,0.538,241.060,20.200,0.000,39.000,28.0
2009-11-29,11:36:00,3.916,0.590,242.720,16.400,0.000,23.000,29.0
2009-11-29,11:37:00,4.466,0.602,241.970,18.800,0.000,31.000,29.0
2009-11-29,11:38:00,4.162,0.562,241.980,17.400,0.000,27.000,30.0
2009-11-29,11:39:00,3.912,0.480,240.590,16.400,0.000,27.000,25.0
2009-11-29,11:40:00,3.572,0.348,241.050,15.000,0.000,30.000,19.0
2009-11-29,11:41:00,3.330,0.370,241.380,14.000,0.000,25.000,18.0
2009-11-29,11:42:00,3.590,0.370,240.840,15.200,0.000,30.000,19.0
2009-11-29,11:43:00,2.960,0.410,241.290,12.400,0.000,24.000,18.0
2009-11-29,11:44:00,3.346,0.480,241.310,14.200,0.000,31.000,19.0
2009-11-29,11:45:00,2.986,0.470,242.890,12.600,0.000,23.000,18.0
2009-11-29,11:46:00,3.274,0.370,241.810,13.800,0.000,30.000,19.0
2009-11-29,11:47:00,3.224,0.234,241.590,13.600,0.000,25.000,18.0
2009-11-29,11:48:00,3.462,0.212,241.210,14.600,0.000,29.000,19.0
2009-11-29,11:49:00,3.274,0.232,241.400,13.800,0.000,25.000,18.0
2009-11-29,11:50:00,3.538,0.246,241.080,14.800,0.000,31.000,19.0
2009-11-29,11:51:00,3.218,0.268,241.710,13.400,0.000,23.000,18.0
2009-11-29,11:52:00,3.766,0.226,241.840,15.800,0.000,35.000,19.0
2009-11-29,11:53:00,3.542,0.220,242.080,14.800,0.000,30.000,18.0
2009-11-29,11:54:00,3.674,0.200,241.390,15.400,0.000,33.000,19.0
2009-11-29,11:55:00,3.844,0.224,242.340,16.000,0.000,32.000,18.0
2009-11-29,11:56:00,3.338,0.174,242.450,14.400,0.000,25.000,19.0
2009-11-29,11:57:00,2.434,0.150,244.630,10.000,0.000,7.000,19.0
2009-11-29,11:58:00,3.032,0.120,244.220,12.400,0.000,17.000,19.0
2009-11-29,11:59:00,2.338,0.148,243.420,9.600,0.000,5.000,19.0
2009-11-29,12:00:00,2.304,0.120,243.570,9.400,0.000,4.000,19.0
2009-11-29,12:01:00,2.330,0.144,243.310,9.600,0.000,5.000,18.0
2009-11-29,12:02:00,2.428,0.218,242.930,10.000,0.000,3.000,19.0
2009-11-29,12:03:00,2.410,0.198,242.670,9.800,0.000,1.000,19.0
2009-11-29,12:04:00,2.482,0.194,242.820,10.200,0.000,1.000,19.0
2009-11-29,12:05:00,2.482,0.194,242.910,10.200,0.000,2.000,18.0
2009-11-29,12:06:00,2.684,0.238,242.810,11.400,0.000,4.000,19.0
2009-11-29,12:07:00,4.348,0.112,239.980,18.000,0.000,36.000,18.0
2009-11-29,12:08:00,3.842,0.126,240.880,16.400,0.000,27.000,19.0
2009-11-29,12:09:00,4.370,0.114,240.850,18.000,0.000,36.000,18.0
2009-11-29,12:10:00,4.166,0.316,241.260,17.600,0.000,31.000,18.0
2009-11-29,12:11:00,3.382,0.300,241.620,14.000,0.000,15.000,19.0
2009-11-29,12:12:00,4.588,0.306,240.510,19.000,0.000,35.000,18.0
2009-11-29,12:13:00,3.698,0.298,242.020,15.400,0.000,22.000,19.0
2009-11-29,12:14:00,4.024,0.306,240.720,16.800,0.000,28.000,18.0
2009-11-29,12:15:00,3.808,0.286,240.880,16.000,0.000,25.000,19.0
2009-11-29,12:16:00,3.770,0.302,240.730,15.800,0.000,24.000,18.0
2009-11-29,12:17:00,3.952,0.280,240.850,16.600,0.000,28.000,19.0
2009-11-29,12:18:00,3.652,0.302,241.250,15.200,0.000,22.000,18.0
2009-11-29,12:19:00,3.968,0.278,241.040,16.600,0.000,28.000,18.0
2009-11-29,12:20:00,3.636,0.298,240.750,15.200,0.000,21.000,19.0
2009-11-29,12:21:00,3.696,0.276,240.360,15.800,0.000,29.000,14.0
2009-11-29,12:22:00,2.548,0.306,241.310,10.800,0.000,21.000,1.0
2009-11-29,12:23:00,2.752,0.160,241.210,11.600,0.000,27.000,1.0
2009-11-29,12:24:00,2.512,0.166,240.650,10.600,0.000,22.000,0.0
2009-11-29,12:25:00,2.702,0.144,240.710,11.400,0.000,27.000,1.0
2009-11-29,12:26:00,2.580,0.246,240.440,11.000,0.000,23.000,1.0
2009-11-29,12:27:00,2.888,0.368,240.170,12.400,0.000,25.000,0.0
2009-11-29,12:28:00,4.204,0.638,240.090,17.800,0.000,24.000,1.0
2009-11-29,12:29:00,3.208,0.604,241.040,13.800,0.000,12.000,1.0
2009-11-29,12:30:00,2.982,0.584,241.180,12.600,0.000,9.000,0.0
2009-11-29,12:31:00,3.016,0.434,241.490,12.800,0.000,21.000,1.0
2009-11-29,12:32:00,2.704,0.274,242.700,11.200,0.000,35.000,1.0
2009-11-29,12:33:00,0.978,0.268,243.540,4.400,0.000,6.000,0.0
2009-11-29,12:34:00,0.858,0.298,244.180,3.600,0.000,4.000,1.0
2009-11-29,12:35:00,1.982,0.544,243.190,8.800,0.000,3.000,1.0
2009-11-29,12:36:00,2.304,0.572,242.330,9.800,0.000,4.000,0.0
2009-11-29,12:37:00,1.176,0.334,243.290,5.800,0.000,3.000,1.0
2009-11-29,12:38:00,0.850,0.298,244.190,3.600,0.000,3.000,1.0
2009-11-29,12:39:00,0.804,0.272,245.040,3.400,0.000,3.000,0.0
2009-11-29,12:40:00,0.662,0.188,245.480,2.800,0.000,4.000,1.0
2009-11-29,12:41:00,0.574,0.180,245.820,2.600,0.000,2.000,1.0
2009-11-29,12:42:00,0.510,0.210,245.730,2.200,0.000,0.000,0.0
2009-11-29,12:43:00,0.522,0.212,245.200,2.400,0.000,0.000,1.0
2009-11-29,12:44:00,0.492,0.202,244.020,2.200,0.000,0.000,1.0
2009-11-29,12:45:00,0.508,0.206,243.550,2.200,0.000,0.000,0.0
2009-11-29,12:46:00,0.486,0.198,242.740,2.200,0.000,0.000,1.0
2009-11-29,12:47:00,0.504,0.204,243.090,2.200,0.000,0.000,1.0
2009-11-29,12:48:00,0.488,0.198,242.520,2.200,0.000,0.000,0.0
2009-11-29,12:49:00,0.508,0.206,243.570,2.200,0.000,1.000,1.0
2009-11-29,12:50:00,0.492,0.206,244.760,2.200,0.000,0.000,1.0
2009-11-29,12:51:00,0.500,0.206,243.550,2.200,0.000,0.000,0.0
2009-11-29,12:52:00,0.482,0.202,243.550,2.200,0.000,0.000,1.0
2009-11-29,12:53:00,0.500,0.212,244.710,2.200,0.000,0.000,1.0
2009-11-29,12:54:00,0.432,0.122,244.400,2.000,0.000,0.000,0.0
2009-11-29,12:55:00,0.430,0.104,244.660,1.800,0.000,1.000,1.0
2009-11-29,12:56:00,0.438,0.104,244.600,1.800,0.000,0.000,1.0
2009-11-29,12:57:00,0.422,0.102,245.390,1.800,0.000,0.000,0.0
2009-11-29,12:58:00,0.432,0.106,245.150,1.800,0.000,0.000,1.0
2009-11-29,12:59:00,0.412,0.098,244.340,1.800,0.000,0.000,1.0
2009-11-29,13:00:00,0.430,0.104,244.690,1.800,0.000,1.000,0.0
2009-11-29,13:01:00,0.416,0.106,246.970,1.800,0.000,0.000,1.0
2009-11-29,13:02:00,0.388,0.000,247.000,1.600,0.000,0.000,1.0
2009-11-29,13:03:00,0.328,0.000,245.640,1.400,0.000,0.000,0.0
2009-11-29,13:04:00,0.346,0.000,245.960,1.600,0.000,0.000,1.0
2009-11-29,13:05:00,0.326,0.000,246.830,1.400,0.000,0.000,1.0
2009-11-29,13:06:00,0.338,0.000,245.800,1.400,0.000,0.000,0.0
2009-11-29,13:07:00,0.320,0.000,245.940,1.400,0.000,0.000,1.0
2009-11-29,13:08:00,0.338,0.000,245.790,1.400,0.000,1.000,1.0
2009-11-29,13:09:00,0.322,0.000,246.520,1.400,0.000,0.000,0.0
2009-11-29,13:10:00,0.354,0.000,246.330,1.600,0.000,0.000,1.0
2009-11-29,13:11:00,0.338,0.000,246.950,1.400,0.000,0.000,1.0
2009-11-29,13:12:00,0.344,0.000,246.130,1.600,0.000,0.000,0.0
2009-11-29,13:13:00,0.320,0.000,246.410,1.400,0.000,0.000,1.0
2009-11-29,13:14:00,0.338,0.000,245.430,1.400,0.000,1.000,1.0
2009-11-29,13:15:00,0.320,0.000,245.720,1.400,0.000,0.000,0.0
2009-11-29,13:16:00,0.338,0.000,245.920,1.400,0.000,0.000,1.0
2009-11-29,13:17:00,0.326,0.000,246.510,1.400,0.000,0.000,1.0
2009-11-29,13:18:00,0.344,0.000,245.130,1.600,0.000,0.000,0.0
2009-11-29,13:19:00,0.326,0.000,244.940,1.400,0.000,0.000,1.0
2009-11-29,13:20:00,0.370,0.000,244.870,1.600,0.000,1.000,1.0
2009-11-29,13:21:00,0.430,0.100,245.420,1.800,0.000,0.000,0.0
2009-11-29,13:22:00,0.442,0.104,244.760,2.000,0.000,0.000,1.0
2009-11-29,13:23:00,0.490,0.168,243.990,2.200,0.000,0.000,1.0
2009-11-29,13:24:00,0.518,0.204,243.350,2.400,0.000,0.000,0.0
2009-11-29,13:25:00,0.512,0.204,243.620,2.200,0.000,0.000,1.0
2009-11-29,13:26:00,0.512,0.208,244.150,2.200,0.000,0.000,1.0
2009-11-29,13:27:00,1.062,0.202,244.140,5.200,0.000,1.000,0.0
2009-11-29,13:28:00,1.044,0.228,244.140,5.200,0.000,0.000,1.0
2009-11-29,13:29:00,1.042,0.228,244.000,5.200,0.000,0.000,1.0
2009-11-29,13:30:00,0.898,0.224,243.360,4.600,0.000,0.000,0.0
2009-11-29,13:31:00,0.514,0.208,244.040,2.400,0.000,0.000,1.0
2009-11-29,13:32:00,0.740,0.198,244.050,3.200,0.000,0.000,1.0
2009-11-29,13:33:00,0.876,0.204,244.500,3.600,0.000,1.000,0.0
2009-11-29,13:34:00,0.844,0.198,244.430,3.600,0.000,0.000,1.0
2009-11-29,13:35:00,0.866,0.202,244.270,3.600,0.000,0.000,1.0
2009-11-29,13:36:00,0.842,0.196,244.060,3.600,0.000,0.000,0.0
2009-11-29,13:37:00,0.858,0.202,244.050,3.600,0.000,0.000,1.0
2009-11-29,13:38:00,0.838,0.196,243.640,3.600,0.000,0.000,1.0
2009-11-29,13:39:00,0.910,0.232,244.750,3.800,0.000,1.000,0.0
2009-11-29,13:40:00,0.946,0.330,245.680,4.000,0.000,1.000,1.0
2009-11-29,13:41:00,1.106,0.370,245.160,4.800,0.000,5.000,1.0
2009-11-29,13:42:00,1.022,0.252,244.120,4.200,0.000,5.000,0.0
2009-11-29,13:43:00,1.030,0.268,243.560,4.400,0.000,4.000,1.0
2009-11-29,13:44:00,1.028,0.244,243.100,4.400,0.000,5.000,1.0
2009-11-29,13:45:00,1.034,0.258,242.160,4.400,0.000,5.000,0.0
2009-11-29,13:46:00,1.038,0.246,242.840,4.400,0.000,4.000,1.0
2009-11-29,13:47:00,1.112,0.270,244.460,4.600,0.000,5.000,1.0
2009-11-29,13:48:00,1.098,0.252,244.540,4.600,0.000,5.000,0.0
2009-11-29,13:49:00,0.928,0.190,245.100,3.800,0.000,2.000,1.0
2009-11-29,13:50:00,0.940,0.192,245.350,4.000,0.000,1.000,1.0
2009-11-29,13:51:00,1.082,0.184,245.180,4.400,0.000,2.000,0.0
2009-11-29,13:52:00,1.026,0.198,244.000,4.200,0.000,1.000,1.0
2009-11-29,13:53:00,1.634,0.216,243.510,7.200,0.000,2.000,10.0
2009-11-29,13:54:00,2.186,0.200,244.400,9.000,2.000,1.000,19.0
2009-11-29,13:55:00,2.146,0.182,243.530,8.800,1.000,2.000,20.0
2009-11-29,13:56:00,2.592,0.344,242.880,10.800,1.000,1.000,26.0
2009-11-29,13:57:00,2.700,0.372,242.710,11.200,1.000,2.000,29.0
2009-11-29,13:58:00,2.914,0.462,242.160,12.200,2.000,1.000,29.0
2009-11-29,13:59:00,2.874,0.520,242.270,12.000,1.000,2.000,30.0
2009-11-29,14:00:00,2.710,0.516,243.330,11.400,1.000,1.000,29.0
2009-11-29,14:01:00,2.128,0.346,244.420,8.800,1.000,1.000,19.0
2009-11-29,14:02:00,2.128,0.352,244.200,8.800,2.000,2.000,18.0
2009-11-29,14:03:00,2.092,0.342,243.530,8.600,1.000,1.000,19.0
2009-11-29,14:04:00,2.110,0.348,243.780,8.800,1.000,2.000,19.0
2009-11-29,14:05:00,2.096,0.348,243.580,8.600,1.000,1.000,19.0
2009-11-29,14:06:00,2.108,0.350,243.830,8.800,2.000,2.000,19.0
2009-11-29,14:07:00,2.078,0.338,242.850,8.600,1.000,1.000,19.0
2009-11-29,14:08:00,2.112,0.350,243.800,8.800,1.000,1.000,18.0
2009-11-29,14:09:00,2.098,0.346,244.170,8.600,1.000,2.000,19.0
2009-11-29,14:10:00,2.044,0.228,244.470,8.400,1.000,0.000,19.0
2009-11-29,14:11:00,2.026,0.256,244.840,8.200,2.000,0.000,19.0
2009-11-29,14:12:00,2.018,0.256,245.000,8.200,0.000,0.000,19.0
2009-11-29,14:13:00,2.030,0.230,244.490,8.200,2.000,0.000,19.0
2009-11-29,14:14:00,3.558,0.210,242.560,15.200,25.000,0.000,19.0
2009-11-29,14:15:00,4.264,0.196,241.810,17.600,39.000,0.000,19.0
2009-11-29,14:16:00,4.288,0.202,242.040,17.600,39.000,1.000,18.0
2009-11-29,14:17:00,4.286,0.198,242.540,17.600,39.000,0.000,19.0
2009-11-29,14:18:00,4.294,0.200,242.480,17.600,38.000,0.000,18.0
2009-11-29,14:19:00,4.278,0.200,242.860,17.600,39.000,0.000,19.0
2009-11-29,14:20:00,4.260,0.204,242.820,17.400,39.000,0.000,19.0
2009-11-29,14:21:00,4.224,0.202,241.770,17.400,39.000,0.000,18.0
2009-11-29,14:22:00,4.246,0.200,242.560,17.400,39.000,1.000,19.0
2009-11-29,14:23:00,4.236,0.202,241.850,17.400,38.000,0.000,19.0
2009-11-29,14:24:00,4.204,0.196,241.710,17.400,39.000,0.000,18.0
2009-11-29,14:25:00,3.976,0.202,241.320,16.600,36.000,0.000,19.0
2009-11-29,14:26:00,1.992,0.228,243.540,8.200,1.000,0.000,18.0
2009-11-29,14:27:00,2.012,0.234,243.940,8.200,2.000,0.000,19.0
2009-11-29,14:28:00,1.986,0.218,243.650,8.200,1.000,0.000,19.0
2009-11-29,14:29:00,2.002,0.222,243.290,8.200,1.000,1.000,19.0
2009-11-29,14:30:00,1.992,0.218,243.690,8.200,1.000,0.000,19.0
2009-11-29,14:31:00,2.090,0.224,244.030,8.600,1.000,0.000,19.0
2009-11-29,14:32:00,2.034,0.146,244.540,8.200,2.000,0.000,18.0
2009-11-29,14:33:00,1.918,0.088,244.460,7.800,1.000,0.000,19.0
2009-11-29,14:34:00,1.902,0.082,244.690,7.800,1.000,0.000,19.0
2009-11-29,14:35:00,1.694,0.092,245.370,7.200,1.000,1.000,16.0
2009-11-29,14:36:00,0.812,0.098,246.470,3.200,2.000,0.000,1.0
2009-11-29,14:37:00,0.828,0.102,246.000,3.400,1.000,0.000,1.0
2009-11-29,14:38:00,0.814,0.098,246.540,3.200,1.000,0.000,0.0
2009-11-29,14:39:00,0.826,0.106,247.040,3.400,1.000,0.000,1.0
2009-11-29,14:40:00,0.810,0.102,247.260,3.200,2.000,0.000,1.0
2009-11-29,14:41:00,0.828,0.108,247.640,3.400,1.000,0.000,0.0
2009-11-29,14:42:00,0.888,0.098,246.790,3.600,1.000,0.000,1.0
2009-11-29,14:43:00,0.938,0.102,246.490,3.800,1.000,1.000,1.0
2009-11-29,14:44:00,0.916,0.084,245.940,3.800,2.000,0.000,0.0
2009-11-29,14:45:00,0.876,0.000,245.920,3.600,1.000,0.000,1.0
2009-11-29,14:46:00,0.854,0.000,246.040,3.400,1.000,0.000,1.0
2009-11-29,14:47:00,0.872,0.000,246.590,3.600,1.000,0.000,1.0
2009-11-29,14:48:00,0.852,0.000,246.280,3.400,2.000,0.000,0.0
2009-11-29,14:49:00,0.906,0.000,246.010,3.600,1.000,1.000,1.0
2009-11-29,14:50:00,0.972,0.134,246.560,4.000,1.000,0.000,1.0
2009-11-29,14:51:00,0.978,0.136,246.830,4.000,1.000,0.000,0.0
2009-11-29,14:52:00,0.984,0.138,246.890,4.000,2.000,0.000,1.0
2009-11-29,14:53:00,0.964,0.132,246.890,3.800,1.000,0.000,1.0
2009-11-29,14:54:00,0.972,0.138,246.700,4.000,1.000,1.000,0.0
2009-11-29,14:55:00,0.956,0.132,247.030,3.800,1.000,0.000,1.0
2009-11-29,14:56:00,0.970,0.138,247.070,4.000,2.000,0.000,1.0
2009-11-29,14:57:00,0.946,0.134,247.140,3.800,1.000,0.000,0.0
2009-11-29,14:58:00,0.960,0.142,247.450,3.800,1.000,0.000,1.0
2009-11-29,14:59:00,0.958,0.134,247.260,3.800,2.000,0.000,1.0
2009-11-29,15:00:00,0.972,0.142,247.380,4.000,1.000,0.000,0.0
2009-11-29,15:01:00,0.950,0.134,247.230,3.800,1.000,0.000,1.0
2009-11-29,15:02:00,0.960,0.138,246.850,4.000,1.000,1.000,1.0
2009-11-29,15:03:00,0.944,0.130,246.380,3.800,2.000,0.000,0.0
2009-11-29,15:04:00,0.956,0.136,246.140,3.800,1.000,0.000,1.0
2009-11-29,15:05:00,0.938,0.124,244.900,3.800,1.000,0.000,1.0
2009-11-29,15:06:00,0.954,0.130,244.630,4.000,1.000,0.000,0.0
2009-11-29,15:07:00,0.938,0.122,244.460,3.800,1.000,0.000,1.0
2009-11-29,15:08:00,0.948,0.128,244.100,3.800,2.000,1.000,1.0
2009-11-29,15:09:00,0.930,0.122,244.480,3.800,1.000,0.000,0.0
2009-11-29,15:10:00,0.952,0.132,245.560,3.800,1.000,0.000,1.0
2009-11-29,15:11:00,0.938,0.128,245.920,3.800,1.000,0.000,1.0
2009-11-29,15:12:00,0.940,0.136,246.120,3.800,2.000,0.000,0.0
2009-11-29,15:13:00,0.836,0.130,245.680,3.400,1.000,0.000,1.0
2009-11-29,15:14:00,0.852,0.134,245.490,3.400,1.000,0.000,1.0
2009-11-29,15:15:00,0.810,0.096,245.180,3.400,1.000,0.000,0.0
2009-11-29,15:16:00,0.754,0.000,245.440,3.000,1.000,1.000,1.0
2009-11-29,15:17:00,0.736,0.000,246.240,3.000,2.000,0.000,1.0
2009-11-29,15:18:00,0.750,0.000,246.620,3.000,1.000,0.000,0.0
2009-11-29,15:19:00,0.708,0.000,246.480,2.800,0.000,0.000,1.0
2009-11-29,15:20:00,0.728,0.000,245.940,3.000,1.000,0.000,1.0
2009-11-29,15:21:00,0.696,0.000,245.510,2.800,0.000,0.000,1.0
2009-11-29,15:22:00,0.718,0.000,245.160,3.000,1.000,1.000,0.0
2009-11-29,15:23:00,0.770,0.066,245.570,3.200,1.000,0.000,1.0
2009-11-29,15:24:00,0.816,0.104,245.290,3.400,1.000,0.000,1.0
2009-11-29,15:25:00,0.836,0.108,245.110,3.400,1.000,0.000,0.0
2009-11-29,15:26:00,0.812,0.096,244.680,3.400,2.000,0.000,1.0
2009-11-29,15:27:00,0.828,0.100,245.210,3.400,1.000,1.000,1.0
2009-11-29,15:28:00,0.816,0.096,245.530,3.400,1.000,0.000,0.0
2009-11-29,15:29:00,0.832,0.104,245.780,3.400,1.000,0.000,1.0
2009-11-29,15:30:00,0.806,0.094,245.100,3.200,1.000,0.000,1.0
2009-11-29,15:31:00,0.796,0.116,244.510,3.200,1.000,0.000,0.0
2009-11-29,15:32:00,0.774,0.124,244.570,3.200,1.000,0.000,1.0
2009-11-29,15:33:00,0.840,0.204,244.910,3.600,1.000,0.000,1.0
2009-11-29,15:34:00,0.908,0.248,245.590,3.800,1.000,0.000,0.0
2009-11-29,15:35:00,2.326,0.226,243.830,10.600,23.000,1.000,1.0
2009-11-29,15:36:00,3.160,0.204,242.420,13.000,39.000,0.000,1.0
2009-11-29,15:37:00,3.178,0.212,242.650,13.000,38.000,0.000,0.0
2009-11-29,15:38:00,3.132,0.202,241.690,13.000,39.000,0.000,1.0
2009-11-29,15:39:00,3.120,0.202,240.650,13.000,38.000,0.000,1.0
2009-11-29,15:40:00,3.124,0.202,241.710,12.800,39.000,0.000,0.0
2009-11-29,15:41:00,3.144,0.208,242.070,13.000,38.000,1.000,1.0
2009-11-29,15:42:00,3.138,0.204,242.340,12.800,39.000,0.000,0.0
2009-11-29,15:43:00,3.152,0.208,242.000,13.000,38.000,0.000,1.0
2009-11-29,15:44:00,3.112,0.200,241.300,12.800,39.000,0.000,1.0
2009-11-29,15:45:00,3.138,0.210,242.120,13.000,38.000,0.000,0.0
2009-11-29,15:46:00,3.120,0.204,242.100,12.800,39.000,0.000,1.0
2009-11-29,15:47:00,3.122,0.186,242.260,12.800,38.000,0.000,1.0
2009-11-29,15:48:00,2.594,0.110,243.660,11.200,32.000,0.000,0.0
2009-11-29,15:49:00,0.782,0.128,246.240,3.200,0.000,1.000,1.0
2009-11-29,15:50:00,0.774,0.124,246.290,3.200,0.000,0.000,1.0
2009-11-29,15:51:00,0.782,0.126,246.120,3.200,0.000,0.000,0.0
2009-11-29,15:52:00,0.808,0.162,246.140,3.400,1.000,0.000,1.0
2009-11-29,15:53:00,0.782,0.140,245.880,3.200,0.000,0.000,1.0
2009-11-29,15:54:00,0.864,0.224,245.870,3.600,0.000,2.000,0.0
2009-11-29,15:55:00,0.848,0.248,245.980,3.600,0.000,1.000,1.0
2009-11-29,15:56:00,0.866,0.260,247.030,3.600,0.000,2.000,1.0
2009-11-29,15:57:00,0.848,0.252,246.620,3.600,0.000,1.000,0.0
2009-11-29,15:58:00,0.862,0.252,247.160,3.600,0.000,2.000,1.0
2009-11-29,15:59:00,0.758,0.110,246.720,3.000,0.000,2.000,1.0
2009-11-29,16:00:00,0.776,0.116,247.090,3.200,0.000,1.000,1.0
2009-11-29,16:01:00,0.756,0.110,246.710,3.000,0.000,2.000,0.0
2009-11-29,16:02:00,0.774,0.116,246.580,3.200,0.000,2.000,1.0
2009-11-29,16:03:00,0.756,0.110,246.790,3.000,0.000,1.000,1.0
2009-11-29,16:04:00,0.770,0.114,246.140,3.200,0.000,2.000,0.0
2009-11-29,16:05:00,0.758,0.108,246.200,3.000,0.000,1.000,1.0
2009-11-29,16:06:00,0.772,0.110,245.170,3.200,0.000,2.000,1.0
2009-11-29,16:07:00,0.752,0.104,245.010,3.000,0.000,1.000,0.0
2009-11-29,16:08:00,0.768,0.108,244.740,3.200,0.000,2.000,1.0
2009-11-29,16:09:00,1.250,0.100,244.860,6.800,0.000,1.000,1.0
2009-11-29,16:10:00,3.638,0.084,243.000,14.800,0.000,2.000,0.0
2009-11-29,16:11:00,1.128,0.104,245.600,6.000,0.000,1.000,1.0
2009-11-29,16:12:00,0.838,0.148,246.390,3.400,0.000,2.000,1.0
2009-11-29,16:13:00,0.832,0.146,247.110,3.400,0.000,1.000,0.0
2009-11-29,16:14:00,0.850,0.154,247.450,3.400,0.000,2.000,1.0
2009-11-29,16:15:00,0.828,0.144,246.600,3.400,0.000,1.000,1.0
2009-11-29,16:16:00,0.866,0.164,246.670,3.600,0.000,2.000,0.0
2009-11-29,16:17:00,0.934,0.286,246.750,4.000,0.000,1.000,1.0
2009-11-29,16:18:00,0.954,0.298,247.480,4.000,0.000,2.000,1.0
2009-11-29,16:19:00,1.344,0.446,246.750,5.800,0.000,1.000,7.0
2009-11-29,16:20:00,1.574,0.502,245.470,6.600,0.000,1.000,11.0
2009-11-29,16:21:00,1.638,0.488,244.900,7.000,0.000,2.000,11.0
2009-11-29,16:22:00,1.612,0.516,245.300,6.800,0.000,1.000,11.0
2009-11-29,16:23:00,1.596,0.518,244.600,6.800,0.000,1.000,12.0
2009-11-29,16:24:00,0.922,0.264,245.480,3.800,0.000,0.000,0.0
2009-11-29,16:25:00,0.934,0.266,244.910,4.000,0.000,0.000,1.0
2009-11-29,16:26:00,0.918,0.264,245.620,3.800,0.000,0.000,1.0
2009-11-29,16:27:00,0.934,0.270,245.690,4.000,0.000,0.000,0.0
2009-11-29,16:28:00,0.854,0.238,245.240,3.600,0.000,0.000,1.0
2009-11-29,16:29:00,0.848,0.232,245.200,3.600,0.000,0.000,1.0
2009-11-29,16:30:00,0.830,0.228,245.300,3.400,0.000,0.000,0.0
2009-11-29,16:31:00,0.844,0.230,244.800,3.600,0.000,1.000,1.0
2009-11-29,16:32:00,0.828,0.228,245.420,3.400,0.000,0.000,1.0
2009-11-29,16:33:00,0.850,0.240,246.380,3.600,0.000,0.000,0.0
2009-11-29,16:34:00,0.828,0.230,245.690,3.400,0.000,0.000,1.0
2009-11-29,16:35:00,0.852,0.238,246.220,3.600,0.000,0.000,1.0
2009-11-29,16:36:00,0.876,0.230,246.070,3.600,0.000,0.000,0.0
2009-11-29,16:37:00,0.936,0.242,246.640,3.800,0.000,1.000,1.0
2009-11-29,16:38:00,0.946,0.234,243.940,4.000,0.000,0.000,1.0
2009-11-29,16:39:00,0.966,0.232,242.670,4.200,0.000,0.000,0.0
2009-11-29,16:40:00,0.950,0.232,243.660,4.000,0.000,0.000,1.0
2009-11-29,16:41:00,0.900,0.136,243.720,3.800,0.000,0.000,1.0
2009-11-29,16:42:00,0.860,0.094,244.090,3.600,0.000,0.000,0.0
2009-11-29,16:43:00,0.856,0.072,243.810,3.600,0.000,1.000,1.0
2009-11-29,16:44:00,0.790,0.000,243.520,3.200,0.000,0.000,1.0
2009-11-29,16:45:00,0.806,0.000,243.310,3.400,0.000,0.000,0.0
2009-11-29,16:46:00,0.786,0.000,242.840,3.200,0.000,0.000,1.0
2009-11-29,16:47:00,0.808,0.000,243.640,3.400,0.000,0.000,1.0
2009-11-29,16:48:00,0.794,0.000,244.620,3.200,0.000,0.000,0.0
2009-11-29,16:49:00,0.812,0.000,244.550,3.400,0.000,0.000,1.0
2009-11-29,16:50:00,0.792,0.000,244.330,3.200,0.000,0.000,1.0
2009-11-29,16:51:00,0.792,0.000,244.250,3.200,0.000,1.000,0.0
2009-11-29,16:52:00,0.744,0.000,244.540,3.000,0.000,0.000,1.0
2009-11-29,16:53:00,0.774,0.000,244.870,3.200,0.000,0.000,1.0
2009-11-29,16:54:00,0.928,0.000,243.940,3.800,0.000,0.000,0.0
2009-11-29,16:55:00,0.946,0.000,243.860,3.800,0.000,0.000,1.0
2009-11-29,16:56:00,0.878,0.000,244.010,3.600,0.000,1.000,1.0
2009-11-29,16:57:00,0.876,0.000,243.130,3.600,0.000,0.000,0.0
2009-11-29,16:58:00,0.906,0.000,242.760,3.800,0.000,0.000,1.0
2009-11-29,16:59:00,0.940,0.000,241.870,4.000,0.000,0.000,1.0
2009-11-29,17:00:00,1.012,0.090,242.430,4.200,0.000,0.000,0.0
2009-11-29,17:01:00,0.984,0.080,241.180,4.000,0.000,0.000,1.0
2009-11-29,17:02:00,0.996,0.084,240.430,4.200,0.000,0.000,1.0
2009-11-29,17:03:00,0.978,0.078,240.610,4.000,0.000,0.000,0.0
2009-11-29,17:04:00,0.994,0.084,240.580,4.200,0.000,1.000,1.0
2009-11-29,17:05:00,0.980,0.078,240.610,4.000,0.000,0.000,1.0
2009-11-29,17:06:00,0.996,0.082,240.140,4.200,0.000,0.000,0.0
2009-11-29,17:07:00,0.978,0.076,239.900,4.000,0.000,0.000,1.0
2009-11-29,17:08:00,0.980,0.092,240.200,4.000,0.000,0.000,1.0
2009-11-29,17:09:00,0.926,0.106,240.340,3.800,0.000,0.000,0.0
2009-11-29,17:10:00,0.780,0.110,240.860,3.400,0.000,1.000,1.0
2009-11-29,17:11:00,1.166,0.098,241.220,4.800,0.000,0.000,0.0
2009-11-29,17:12:00,1.182,0.102,241.110,5.000,0.000,0.000,1.0
2009-11-29,17:13:00,1.156,0.100,241.290,4.800,0.000,0.000,1.0
2009-11-29,17:14:00,1.166,0.110,241.380,4.800,0.000,0.000,0.0
2009-11-29,17:15:00,1.148,0.104,241.460,4.800,0.000,0.000,1.0
2009-11-29,17:16:00,1.158,0.106,240.500,4.800,0.000,0.000,1.0
2009-11-29,17:17:00,1.136,0.100,239.830,4.800,0.000,0.000,0.0
2009-11-29,17:18:00,1.158,0.106,240.450,4.800,0.000,1.000,1.0
2009-11-29,17:19:00,1.224,0.188,241.270,5.200,0.000,0.000,1.0
2009-11-29,17:20:00,1.246,0.214,241.640,5.200,0.000,0.000,0.0
2009-11-29,17:21:00,1.232,0.210,241.490,5.200,0.000,0.000,1.0
2009-11-29,17:22:00,1.174,0.112,241.220,4.800,0.000,0.000,1.0
2009-11-29,17:23:00,1.150,0.078,241.220,4.800,0.000,0.000,0.0
2009-11-29,17:24:00,1.130,0.072,240.310,4.600,0.000,1.000,1.0
2009-11-29,17:25:00,1.134,0.072,239.230,4.800,0.000,0.000,1.0
2009-11-29,17:26:00,1.122,0.070,240.000,4.600,0.000,0.000,0.0
2009-11-29,17:27:00,1.132,0.074,239.610,4.800,0.000,0.000,1.0
2009-11-29,17:28:00,1.112,0.070,239.930,4.600,0.000,0.000,1.0
2009-11-29,17:29:00,1.128,0.074,239.660,4.800,0.000,0.000,0.0
2009-11-29,17:30:00,1.116,0.070,240.450,4.600,0.000,0.000,1.0
2009-11-29,17:31:00,1.130,0.076,240.060,4.800,0.000,1.000,0.0
2009-11-29,17:32:00,1.108,0.068,239.600,4.600,0.000,0.000,1.0
2009-11-29,17:33:00,1.128,0.076,240.120,4.600,0.000,0.000,1.0
2009-11-29,17:34:00,1.118,0.074,241.230,4.600,0.000,0.000,0.0
2009-11-29,17:35:00,1.110,0.000,241.250,4.600,0.000,0.000,1.0
2009-11-29,17:36:00,1.076,0.000,243.950,4.400,0.000,0.000,1.0
2009-11-29,17:37:00,1.104,0.000,245.300,4.400,0.000,1.000,0.0
2009-11-29,17:38:00,1.086,0.000,245.270,4.400,0.000,0.000,1.0
2009-11-29,17:39:00,1.094,0.000,244.130,4.400,0.000,0.000,1.0
2009-11-29,17:40:00,1.124,0.000,243.470,4.600,0.000,0.000,0.0
2009-11-29,17:41:00,1.202,0.118,244.200,5.000,0.000,0.000,1.0
2009-11-29,17:42:00,1.184,0.114,244.430,4.800,0.000,0.000,1.0
2009-11-29,17:43:00,1.198,0.120,244.360,5.000,0.000,1.000,0.0
2009-11-29,17:44:00,1.174,0.112,244.100,4.800,0.000,0.000,1.0
2009-11-29,17:45:00,1.186,0.116,243.790,4.800,0.000,0.000,1.0
2009-11-29,17:46:00,1.164,0.110,243.630,4.800,0.000,0.000,0.0
2009-11-29,17:47:00,1.176,0.112,242.780,4.800,0.000,0.000,1.0
2009-11-29,17:48:00,1.162,0.108,243.350,4.800,0.000,0.000,1.0
2009-11-29,17:49:00,1.184,0.120,244.510,4.800,0.000,0.000,0.0
2009-11-29,17:50:00,1.168,0.112,244.170,4.800,0.000,0.000,1.0
2009-11-29,17:51:00,1.186,0.118,243.640,4.800,0.000,1.000,1.0
2009-11-29,17:52:00,1.172,0.114,243.600,4.800,0.000,0.000,0.0
2009-11-29,17:53:00,1.172,0.114,243.070,4.800,0.000,0.000,1.0
2009-11-29,17:54:00,1.172,0.112,242.650,4.800,0.000,0.000,1.0
2009-11-29,17:55:00,1.158,0.110,243.450,4.800,0.000,0.000,0.0
2009-11-29,17:56:00,1.176,0.116,243.630,4.800,0.000,1.000,1.0
2009-11-29,17:57:00,1.166,0.112,244.220,4.800,0.000,0.000,1.0
2009-11-29,17:58:00,1.184,0.118,244.130,4.800,0.000,0.000,0.0
2009-11-29,17:59:00,1.150,0.104,241.520,4.800,0.000,0.000,1.0
2009-11-29,18:00:00,1.164,0.110,241.470,4.800,0.000,0.000,1.0
2009-11-29,18:01:00,1.136,0.102,240.550,4.800,0.000,0.000,0.0
2009-11-29,18:02:00,1.084,0.000,240.560,4.600,0.000,0.000,1.0
2009-11-29,18:03:00,1.048,0.000,240.860,4.400,0.000,0.000,1.0
2009-11-29,18:04:00,1.066,0.000,240.910,4.400,0.000,1.000,0.0
2009-11-29,18:05:00,1.050,0.000,240.620,4.400,0.000,0.000,1.0
2009-11-29,18:06:00,1.070,0.000,240.420,4.400,0.000,0.000,1.0
2009-11-29,18:07:00,1.046,0.000,240.000,4.400,0.000,0.000,0.0
2009-11-29,18:08:00,1.058,0.000,239.660,4.400,0.000,0.000,1.0
2009-11-29,18:09:00,1.084,0.000,239.740,4.600,0.000,1.000,1.0
2009-11-29,18:10:00,1.132,0.090,238.810,4.800,0.000,2.000,0.0
2009-11-29,18:11:00,1.178,0.148,239.180,5.000,0.000,1.000,1.0
2009-11-29,18:12:00,1.214,0.194,239.280,5.200,0.000,2.000,0.0
2009-11-29,18:13:00,1.154,0.194,239.640,4.800,0.000,1.000,1.0
2009-11-29,18:14:00,1.176,0.204,240.850,5.000,0.000,2.000,1.0
2009-11-29,18:15:00,1.156,0.200,241.230,4.800,0.000,1.000,0.0
2009-11-29,18:16:00,1.168,0.204,241.000,4.800,0.000,2.000,1.0
2009-11-29,18:17:00,1.144,0.198,240.640,4.800,0.000,2.000,1.0
2009-11-29,18:18:00,1.162,0.204,240.790,4.800,0.000,1.000,0.0
2009-11-29,18:19:00,1.142,0.198,240.530,4.800,0.000,2.000,1.0
2009-11-29,18:20:00,1.258,0.234,242.010,5.200,0.000,2.000,1.0
2009-11-29,18:21:00,1.352,0.336,242.470,5.800,0.000,1.000,0.0
2009-11-29,18:22:00,1.370,0.340,242.330,5.800,0.000,2.000,1.0
2009-11-29,18:23:00,1.338,0.326,240.430,5.800,0.000,1.000,1.0
2009-11-29,18:24:00,1.318,0.318,238.820,5.600,0.000,2.000,0.0
2009-11-29,18:25:00,1.326,0.320,238.530,5.800,0.000,1.000,1.0
2009-11-29,18:26:00,1.310,0.320,239.290,5.600,0.000,2.000,1.0
2009-11-29,18:27:00,1.300,0.278,239.190,5.600,0.000,1.000,0.0
2009-11-29,18:28:00,1.240,0.214,238.460,5.200,0.000,1.000,1.0
2009-11-29,18:29:00,1.678,0.226,238.270,7.200,0.000,2.000,0.0
2009-11-29,18:30:00,1.736,0.222,237.570,7.400,0.000,1.000,1.0
2009-11-29,18:31:00,1.752,0.226,237.540,7.400,0.000,2.000,1.0
2009-11-29,18:32:00,1.750,0.230,239.220,7.400,0.000,1.000,0.0
2009-11-29,18:33:00,1.778,0.240,240.280,7.400,0.000,2.000,1.0
2009-11-29,18:34:00,1.758,0.232,240.070,7.400,0.000,1.000,1.0
2009-11-29,18:35:00,2.236,0.242,240.840,9.400,0.000,1.000,0.0
2009-11-29,18:36:00,2.326,0.238,240.930,9.600,0.000,2.000,1.0
2009-11-29,18:37:00,2.304,0.244,240.930,9.600,0.000,1.000,1.0
2009-11-29,18:38:00,2.220,0.126,240.930,9.200,0.000,0.000,0.0
2009-11-29,18:39:00,2.224,0.122,240.930,9.200,0.000,1.000,1.0
2009-11-29,18:40:00,2.354,0.112,240.150,9.800,0.000,0.000,1.0
2009-11-29,18:41:00,2.550,0.116,240.160,10.600,0.000,0.000,0.0
2009-11-29,18:42:00,2.478,0.000,240.570,10.200,0.000,0.000,1.0
2009-11-29,18:43:00,2.436,0.000,239.700,10.200,0.000,0.000,1.0
2009-11-29,18:44:00,2.254,0.000,239.510,9.400,0.000,0.000,0.0
2009-11-29,18:45:00,2.130,0.000,238.960,8.800,0.000,0.000,1.0
2009-11-29,18:46:00,2.038,0.000,238.690,8.400,0.000,0.000,0.0
2009-11-29,18:47:00,2.060,0.000,239.010,8.600,0.000,1.000,1.0
2009-11-29,18:48:00,2.046,0.000,239.280,8.400,0.000,0.000,1.0
2009-11-29,18:49:00,2.072,0.000,239.970,8.600,0.000,0.000,0.0
2009-11-29,18:50:00,2.060,0.000,240.990,8.400,0.000,0.000,1.0
2009-11-29,18:51:00,2.054,0.000,240.850,8.400,0.000,0.000,1.0
2009-11-29,18:52:00,2.192,0.000,240.550,9.000,0.000,0.000,0.0
2009-11-29,18:53:00,2.248,0.000,239.870,9.400,0.000,1.000,1.0
2009-11-29,18:54:00,2.240,0.000,239.080,9.400,0.000,0.000,1.0
2009-11-29,18:55:00,2.208,0.000,238.030,9.200,0.000,0.000,0.0
2009-11-29,18:56:00,2.242,0.000,239.450,9.400,0.000,0.000,1.0
2009-11-29,18:57:00,2.218,0.000,238.950,9.200,0.000,0.000,1.0
2009-11-29,18:58:00,2.218,0.000,238.850,9.200,0.000,1.000,0.0
2009-11-29,18:59:00,2.184,0.000,239.030,9.000,0.000,0.000,1.0
2009-11-29,19:00:00,2.208,0.000,239.470,9.200,0.000,0.000,0.0
2009-11-29,19:01:00,2.558,0.110,238.660,10.600,0.000,0.000,1.0
2009-11-29,19:02:00,2.590,0.120,238.580,10.800,0.000,0.000,1.0
2009-11-29,19:03:00,3.220,0.374,238.880,13.600,0.000,0.000,10.0
2009-11-29,19:04:00,3.276,0.390,239.160,13.800,0.000,0.000,10.0
2009-11-29,19:05:00,3.288,0.384,239.220,13.800,0.000,0.000,11.0
2009-11-29,19:06:00,3.314,0.406,237.640,14.000,0.000,1.000,11.0
2009-11-29,19:07:00,3.488,0.556,237.480,14.800,0.000,0.000,12.0
2009-11-29,19:08:00,2.890,0.404,238.570,12.200,0.000,0.000,1.0
2009-11-29,19:09:00,2.856,0.390,237.980,12.000,0.000,0.000,0.0
2009-11-29,19:10:00,2.872,0.392,238.300,12.000,0.000,0.000,1.0
2009-11-29,19:11:00,2.858,0.386,238.830,12.000,0.000,0.000,1.0
2009-11-29,19:12:00,2.876,0.388,238.910,12.000,0.000,1.000,0.0
2009-11-29,19:13:00,2.864,0.382,239.150,12.000,0.000,0.000,1.0
2009-11-29,19:14:00,2.872,0.382,238.470,12.000,0.000,0.000,0.0
2009-11-29,19:15:00,2.850,0.374,238.420,12.000,0.000,0.000,1.0
2009-11-29,19:16:00,2.860,0.378,238.420,12.000,0.000,0.000,1.0
2009-11-29,19:17:00,3.058,0.444,238.660,13.000,0.000,0.000,0.0
2009-11-29,19:18:00,2.976,0.506,239.400,12.600,0.000,0.000,1.0
2009-11-29,19:19:00,2.876,0.376,240.300,12.000,0.000,0.000,1.0
2009-11-29,19:20:00,2.890,0.380,239.870,12.000,0.000,1.000,0.0
2009-11-29,19:21:00,2.872,0.372,239.760,12.000,0.000,0.000,1.0
2009-11-29,19:22:00,2.828,0.292,239.700,11.800,0.000,0.000,1.0
2009-11-29,19:23:00,2.514,0.242,239.370,10.400,0.000,0.000,0.0
2009-11-29,19:24:00,2.418,0.238,237.030,10.200,0.000,0.000,1.0
2009-11-29,19:25:00,2.376,0.242,237.970,10.000,0.000,0.000,1.0
2009-11-29,19:26:00,2.162,0.250,237.600,9.000,0.000,1.000,0.0
2009-11-29,19:27:00,1.728,0.128,237.820,7.400,0.000,0.000,1.0
2009-11-29,19:28:00,1.346,0.062,237.850,5.600,0.000,0.000,0.0
2009-11-29,19:29:00,1.320,0.162,237.300,5.800,0.000,0.000,1.0
2009-11-29,19:30:00,0.636,0.058,238.090,2.600,0.000,0.000,1.0
2009-11-29,19:31:00,0.654,0.064,238.370,2.800,0.000,0.000,0.0
2009-11-29,19:32:00,0.636,0.060,238.780,2.600,0.000,0.000,1.0
2009-11-29,19:33:00,0.654,0.064,238.950,2.800,0.000,1.000,1.0
2009-11-29,19:34:00,0.632,0.058,238.260,2.600,0.000,0.000,0.0
2009-11-29,19:35:00,0.656,0.064,238.810,2.800,0.000,0.000,1.0
2009-11-29,19:36:00,0.642,0.060,239.130,2.600,0.000,0.000,1.0
2009-11-29,19:37:00,0.636,0.000,240.490,2.600,0.000,0.000,0.0
2009-11-29,19:38:00,0.576,0.000,240.490,2.400,0.000,0.000,1.0
2009-11-29,19:39:00,0.590,0.000,239.640,2.400,0.000,1.000,0.0
2009-11-29,19:40:00,0.572,0.000,239.800,2.400,0.000,0.000,1.0
2009-11-29,19:41:00,0.704,0.092,239.560,3.000,0.000,0.000,1.0
2009-11-29,19:42:00,0.680,0.092,239.980,2.800,0.000,0.000,0.0
2009-11-29,19:43:00,0.700,0.100,241.170,2.800,0.000,0.000,1.0
2009-11-29,19:44:00,0.676,0.092,239.940,2.800,0.000,0.000,1.0
2009-11-29,19:45:00,0.690,0.096,239.560,2.800,0.000,1.000,0.0
2009-11-29,19:46:00,0.666,0.088,238.610,2.800,0.000,0.000,1.0
2009-11-29,19:47:00,0.660,0.084,237.340,2.800,0.000,0.000,1.0
2009-11-29,19:48:00,0.660,0.084,237.300,2.800,0.000,0.000,0.0
2009-11-29,19:49:00,0.660,0.086,237.710,2.800,0.000,0.000,1.0
2009-11-29,19:50:00,0.660,0.086,237.890,2.800,0.000,0.000,1.0
2009-11-29,19:51:00,0.656,0.086,237.400,2.800,0.000,0.000,0.0
2009-11-29,19:52:00,0.654,0.086,237.080,2.800,0.000,0.000,1.0
2009-11-29,19:53:00,0.654,0.084,237.130,2.800,0.000,0.000,0.0
2009-11-29,19:54:00,0.656,0.086,237.540,2.800,0.000,0.000,1.0
2009-11-29,19:55:00,0.656,0.086,237.540,2.800,0.000,0.000,1.0
2009-11-29,19:56:00,0.658,0.086,238.100,2.800,0.000,0.000,0.0
2009-11-29,19:57:00,0.658,0.088,238.370,2.800,0.000,0.000,1.0
2009-11-29,19:58:00,0.654,0.086,237.370,2.800,0.000,0.000,1.0
2009-11-29,19:59:00,0.650,0.082,236.340,2.800,0.000,0.000,0.0
2009-11-29,20:00:00,0.652,0.084,236.910,2.800,0.000,0.000,1.0
2009-11-29,20:01:00,0.652,0.084,237.200,2.800,0.000,0.000,0.0
2009-11-29,20:02:00,0.598,0.000,237.180,2.600,0.000,0.000,1.0
2009-11-29,20:03:00,0.564,0.000,237.360,2.400,0.000,0.000,1.0
2009-11-29,20:04:00,0.564,0.000,237.450,2.400,0.000,0.000,0.0
2009-11-29,20:05:00,0.562,0.000,237.010,2.400,0.000,0.000,1.0
2009-11-29,20:06:00,0.570,0.000,239.430,2.400,0.000,0.000,1.0
2009-11-29,20:07:00,0.572,0.000,240.090,2.400,0.000,0.000,0.0
2009-11-29,20:08:00,0.568,0.000,238.940,2.400,0.000,0.000,1.0
2009-11-29,20:09:00,0.572,0.000,238.270,2.400,0.000,0.000,1.0
2009-11-29,20:10:00,0.716,0.000,238.800,3.000,0.000,0.000,0.0
2009-11-29,20:11:00,0.964,0.046,238.850,4.000,0.000,0.000,1.0
2009-11-29,20:12:00,0.904,0.000,239.010,3.800,0.000,0.000,1.0
2009-11-29,20:13:00,1.394,0.052,238.670,6.200,0.000,0.000,10.0
2009-11-29,20:14:00,1.848,0.048,238.480,7.600,0.000,0.000,19.0
2009-11-29,20:15:00,1.828,0.046,238.130,7.600,0.000,0.000,18.0
2009-11-29,20:16:00,1.800,0.000,236.980,7.600,0.000,0.000,18.0
2009-11-29,20:17:00,1.796,0.046,237.380,7.400,0.000,0.000,19.0
2009-11-29,20:18:00,1.802,0.048,238.300,7.400,0.000,0.000,18.0
2009-11-29,20:19:00,1.814,0.050,239.340,7.600,0.000,0.000,18.0
2009-11-29,20:20:00,1.806,0.050,239.020,7.400,0.000,0.000,18.0
2009-11-29,20:21:00,1.902,0.144,239.100,8.000,0.000,0.000,18.0
2009-11-29,20:22:00,2.104,0.180,239.360,8.800,0.000,0.000,19.0
2009-11-29,20:23:00,2.084,0.178,239.020,8.600,0.000,0.000,18.0
2009-11-29,20:24:00,2.072,0.176,238.490,8.600,0.000,0.000,18.0
2009-11-29,20:25:00,2.070,0.176,238.510,8.600,0.000,0.000,18.0
2009-11-29,20:26:00,2.282,0.266,238.540,9.600,0.000,0.000,18.0
2009-11-29,20:27:00,2.484,0.288,237.850,10.400,0.000,1.000,18.0
2009-11-29,20:28:00,2.552,0.288,238.030,10.800,0.000,2.000,18.0
2009-11-29,20:29:00,3.144,0.284,237.580,13.200,0.000,1.000,18.0
2009-11-29,20:30:00,3.114,0.332,237.650,13.200,0.000,1.000,18.0
2009-11-29,20:31:00,3.382,0.278,237.840,14.200,0.000,2.000,18.0
2009-11-29,20:32:00,3.484,0.276,238.140,14.600,0.000,1.000,18.0
2009-11-29,20:33:00,3.484,0.290,238.940,14.600,0.000,2.000,18.0
2009-11-29,20:34:00,3.462,0.300,238.530,14.400,0.000,1.000,18.0
2009-11-29,20:35:00,3.510,0.310,238.080,14.800,0.000,2.000,18.0
2009-11-29,20:36:00,3.394,0.312,237.930,14.200,0.000,1.000,18.0
2009-11-29,20:37:00,2.990,0.322,239.250,12.600,0.000,1.000,18.0
2009-11-29,20:38:00,2.612,0.324,239.670,11.000,0.000,2.000,18.0
2009-11-29,20:39:00,2.498,0.324,239.280,10.400,0.000,1.000,19.0
2009-11-29,20:40:00,2.516,0.320,238.980,10.600,0.000,1.000,18.0
2009-11-29,20:41:00,2.528,0.324,239.480,10.600,0.000,2.000,18.0
2009-11-29,20:42:00,2.532,0.324,239.610,10.600,0.000,1.000,18.0
2009-11-29,20:43:00,2.522,0.322,239.120,10.600,0.000,1.000,18.0
2009-11-29,20:44:00,2.440,0.220,238.740,10.200,0.000,2.000,18.0
2009-11-29,20:45:00,2.568,0.186,238.210,10.800,0.000,1.000,18.0
2009-11-29,20:46:00,2.530,0.186,238.270,10.600,0.000,1.000,19.0
2009-11-29,20:47:00,2.402,0.186,237.940,10.000,0.000,1.000,18.0
2009-11-29,20:48:00,2.400,0.186,237.940,10.000,0.000,2.000,17.0
2009-11-29,20:49:00,2.474,0.188,238.510,10.400,0.000,1.000,19.0
2009-11-29,20:50:00,2.656,0.232,238.370,11.200,0.000,1.000,20.0
2009-11-29,20:51:00,3.098,0.294,238.370,13.000,0.000,1.000,27.0
2009-11-29,20:52:00,3.042,0.256,238.930,12.800,0.000,2.000,29.0
2009-11-29,20:53:00,2.868,0.266,239.900,12.000,0.000,1.000,29.0
2009-11-29,20:54:00,2.770,0.224,240.360,11.400,0.000,1.000,28.0
2009-11-29,20:55:00,2.506,0.070,241.200,10.400,0.000,0.000,25.0
2009-11-29,20:56:00,2.198,0.000,241.800,9.000,0.000,0.000,19.0
2009-11-29,20:57:00,2.210,0.000,242.260,9.000,0.000,0.000,18.0
2009-11-29,20:58:00,2.130,0.000,242.050,8.800,0.000,0.000,19.0
2009-11-29,20:59:00,1.754,0.000,242.450,7.200,0.000,0.000,19.0
2009-11-29,21:00:00,1.872,0.000,243.680,7.600,0.000,0.000,18.0
2009-11-29,21:01:00,1.824,0.000,242.720,7.400,0.000,0.000,19.0
2009-11-29,21:02:00,1.842,0.000,242.390,7.600,0.000,0.000,19.0
2009-11-29,21:03:00,1.842,0.116,242.480,7.600,0.000,0.000,18.0
2009-11-29,21:04:00,1.808,0.118,243.060,7.400,0.000,0.000,19.0
2009-11-29,21:05:00,1.718,0.120,243.040,7.000,0.000,0.000,19.0
2009-11-29,21:06:00,1.694,0.120,243.260,7.000,0.000,0.000,19.0
2009-11-29,21:07:00,1.694,0.122,243.480,7.000,0.000,0.000,18.0
2009-11-29,21:08:00,1.696,0.122,243.630,7.000,0.000,0.000,19.0
2009-11-29,21:09:00,1.688,0.120,243.100,7.000,0.000,0.000,19.0
2009-11-29,21:10:00,1.686,0.124,243.930,6.800,0.000,0.000,19.0
2009-11-29,21:11:00,1.670,0.134,243.650,6.800,0.000,0.000,19.0
2009-11-29,21:12:00,1.654,0.152,243.250,6.800,0.000,0.000,18.0
2009-11-29,21:13:00,1.648,0.150,242.820,6.800,0.000,0.000,19.0
2009-11-29,21:14:00,1.644,0.148,242.420,6.800,0.000,0.000,19.0
2009-11-29,21:15:00,1.634,0.146,241.690,6.800,0.000,0.000,18.0
2009-11-29,21:16:00,1.630,0.144,241.320,6.800,0.000,0.000,19.0
2009-11-29,21:17:00,1.632,0.146,241.630,6.800,0.000,0.000,18.0
2009-11-29,21:18:00,1.632,0.146,241.580,6.800,0.000,0.000,19.0
2009-11-29,21:19:00,1.634,0.146,241.830,6.800,0.000,0.000,18.0
2009-11-29,21:20:00,1.620,0.142,240.670,6.600,0.000,0.000,19.0
2009-11-29,21:21:00,1.606,0.138,239.720,6.600,0.000,0.000,18.0
2009-11-29,21:22:00,1.604,0.140,239.820,6.600,0.000,0.000,18.0
2009-11-29,21:23:00,1.524,0.000,239.340,6.400,0.000,0.000,19.0
2009-11-29,21:24:00,1.512,0.000,239.660,6.200,0.000,0.000,18.0
2009-11-29,21:25:00,1.554,0.000,239.950,6.400,0.000,0.000,18.0
2009-11-29,21:26:00,1.594,0.110,239.990,6.600,0.000,0.000,18.0
2009-11-29,21:27:00,1.606,0.112,240.620,6.600,0.000,0.000,19.0
2009-11-29,21:28:00,1.602,0.112,240.310,6.600,0.000,0.000,18.0
2009-11-29,21:29:00,1.612,0.114,241.310,6.600,0.000,0.000,18.0
2009-11-29,21:30:00,1.606,0.114,240.930,6.600,0.000,0.000,19.0
2009-11-29,21:31:00,1.598,0.112,240.590,6.600,0.000,0.000,18.0
2009-11-29,21:32:00,1.584,0.110,240.010,6.600,0.000,0.000,19.0
2009-11-29,21:33:00,1.596,0.114,241.150,6.600,0.000,0.000,18.0
2009-11-29,21:34:00,1.600,0.114,241.510,6.600,0.000,0.000,19.0
2009-11-29,21:35:00,1.608,0.114,241.670,6.600,0.000,0.000,18.0
2009-11-29,21:36:00,1.610,0.116,241.970,6.600,0.000,0.000,19.0
2009-11-29,21:37:00,1.604,0.116,242.020,6.600,0.000,0.000,18.0
2009-11-29,21:38:00,1.600,0.116,241.650,6.600,0.000,0.000,19.0
2009-11-29,21:39:00,1.592,0.114,241.080,6.600,0.000,0.000,18.0
2009-11-29,21:40:00,1.604,0.116,242.040,6.600,0.000,0.000,19.0
2009-11-29,21:41:00,1.592,0.114,240.830,6.600,0.000,0.000,18.0
2009-11-29,21:42:00,1.698,0.236,239.930,7.000,0.000,0.000,19.0
2009-11-29,21:43:00,1.686,0.240,239.490,7.000,0.000,0.000,18.0
2009-11-29,21:44:00,1.670,0.216,240.060,7.000,0.000,0.000,18.0
2009-11-29,21:45:00,1.610,0.140,239.680,6.600,0.000,0.000,18.0
2009-11-29,21:46:00,1.580,0.156,239.730,6.600,0.000,0.000,19.0
2009-11-29,21:47:00,1.562,0.164,239.760,6.400,0.000,0.000,18.0
2009-11-29,21:48:00,1.560,0.164,239.510,6.400,0.000,0.000,18.0
2009-11-29,21:49:00,1.570,0.166,239.930,6.600,0.000,0.000,18.0
2009-11-29,21:50:00,1.568,0.166,239.860,6.600,0.000,0.000,18.0
2009-11-29,21:51:00,1.566,0.168,240.370,6.400,0.000,0.000,19.0
2009-11-29,21:52:00,1.562,0.166,240.010,6.400,0.000,0.000,18.0
2009-11-29,21:53:00,1.552,0.164,239.220,6.400,0.000,0.000,18.0
2009-11-29,21:54:00,1.544,0.162,238.650,6.400,0.000,0.000,18.0
2009-11-29,21:55:00,1.538,0.160,238.100,6.400,0.000,0.000,18.0
2009-11-29,21:56:00,1.540,0.158,237.940,6.400,0.000,0.000,18.0
2009-11-29,21:57:00,1.542,0.158,237.820,6.400,0.000,0.000,18.0
2009-11-29,21:58:00,1.534,0.156,237.280,6.400,0.000,0.000,18.0
2009-11-29,21:59:00,1.550,0.160,238.650,6.400,0.000,0.000,18.0
2009-11-29,22:00:00,1.548,0.162,239.020,6.400,0.000,0.000,18.0
2009-11-29,22:01:00,1.550,0.162,239.260,6.400,0.000,0.000,19.0
2009-11-29,22:02:00,1.470,0.052,240.210,6.000,0.000,0.000,18.0
2009-11-29,22:03:00,1.420,0.000,240.670,5.800,0.000,0.000,18.0
2009-11-29,22:04:00,1.424,0.000,240.580,5.800,0.000,0.000,19.0
2009-11-29,22:05:00,1.420,0.000,240.840,5.800,0.000,0.000,18.0
2009-11-29,22:06:00,1.424,0.000,241.190,5.800,0.000,0.000,19.0
2009-11-29,22:07:00,1.422,0.000,241.110,5.800,0.000,0.000,18.0
2009-11-29,22:08:00,1.428,0.000,241.540,5.800,0.000,0.000,18.0
2009-11-29,22:09:00,1.422,0.000,241.150,5.800,0.000,0.000,19.0
2009-11-29,22:10:00,1.426,0.000,241.340,5.800,0.000,0.000,18.0
2009-11-29,22:11:00,1.426,0.000,241.120,5.800,0.000,0.000,19.0
2009-11-29,22:12:00,1.422,0.000,240.450,5.800,0.000,0.000,18.0
2009-11-29,22:13:00,1.416,0.000,239.950,5.800,0.000,0.000,19.0
2009-11-29,22:14:00,1.424,0.000,241.320,5.800,0.000,0.000,18.0
2009-11-29,22:15:00,1.430,0.000,242.230,5.800,0.000,0.000,19.0
2009-11-29,22:16:00,1.426,0.000,242.240,5.800,0.000,0.000,18.0
2009-11-29,22:17:00,1.430,0.000,242.700,5.800,0.000,0.000,19.0
2009-11-29,22:18:00,1.464,0.000,242.580,6.000,0.000,0.000,19.0
2009-11-29,22:19:00,1.506,0.106,242.160,6.200,0.000,0.000,18.0
2009-11-29,22:20:00,1.504,0.106,242.510,6.200,0.000,0.000,19.0
2009-11-29,22:21:00,1.620,0.236,242.670,6.600,0.000,0.000,19.0
2009-11-29,22:22:00,1.614,0.244,242.860,6.600,0.000,0.000,18.0
2009-11-29,22:23:00,1.582,0.234,240.520,6.600,0.000,0.000,19.0
2009-11-29,22:24:00,1.576,0.234,240.230,6.600,0.000,0.000,18.0
2009-11-29,22:25:00,1.590,0.240,241.740,6.600,0.000,0.000,19.0
2009-11-29,22:26:00,1.592,0.240,241.800,6.600,0.000,0.000,18.0
2009-11-29,22:27:00,1.594,0.240,241.780,6.600,0.000,0.000,19.0
2009-11-29,22:28:00,1.590,0.238,241.560,6.600,0.000,0.000,18.0
2009-11-29,22:29:00,1.596,0.242,242.230,6.600,0.000,0.000,19.0
2009-11-29,22:30:00,1.594,0.242,242.200,6.600,0.000,0.000,18.0
2009-11-29,22:31:00,1.596,0.244,242.760,6.600,0.000,0.000,19.0
2009-11-29,22:32:00,1.594,0.244,242.940,6.600,0.000,0.000,19.0
2009-11-29,22:33:00,1.592,0.244,242.840,6.600,0.000,0.000,19.0
2009-11-29,22:34:00,1.592,0.244,242.760,6.600,0.000,0.000,18.0
2009-11-29,22:35:00,1.590,0.244,242.830,6.600,0.000,0.000,19.0
2009-11-29,22:36:00,1.596,0.246,243.380,6.600,0.000,0.000,19.0
2009-11-29,22:37:00,1.594,0.246,243.280,6.600,0.000,0.000,19.0
2009-11-29,22:38:00,0.588,0.156,243.940,3.000,0.000,0.000,3.0
2009-11-29,22:39:00,0.434,0.150,243.750,1.800,0.000,0.000,1.0
2009-11-29,22:40:00,0.386,0.122,243.590,1.600,0.000,0.000,1.0
2009-11-29,22:41:00,0.328,0.000,243.510,1.400,0.000,0.000,0.0
2009-11-29,22:42:00,0.298,0.000,243.640,1.200,0.000,0.000,1.0
2009-11-29,22:43:00,0.298,0.000,244.100,1.200,0.000,0.000,1.0
2009-11-29,22:44:00,0.346,0.000,244.000,1.600,0.000,0.000,0.0
2009-11-29,22:45:00,0.382,0.110,243.240,1.600,0.000,0.000,1.0
2009-11-29,22:46:00,0.380,0.110,243.290,1.600,0.000,2.000,1.0
2009-11-29,22:47:00,0.374,0.108,243.060,1.600,0.000,1.000,0.0
2009-11-29,22:48:00,0.376,0.108,243.090,1.600,0.000,2.000,1.0
2009-11-29,22:49:00,0.376,0.108,243.190,1.600,0.000,1.000,1.0
2009-11-29,22:50:00,0.378,0.108,243.280,1.600,0.000,1.000,0.0
2009-11-29,22:51:00,0.376,0.106,242.610,1.600,0.000,2.000,1.0
2009-11-29,22:52:00,0.376,0.106,242.660,1.600,0.000,1.000,1.0
2009-11-29,22:53:00,0.374,0.106,242.200,1.600,0.000,2.000,0.0
2009-11-29,22:54:00,0.374,0.104,241.880,1.600,0.000,1.000,1.0
2009-11-29,22:55:00,0.504,0.152,242.100,2.400,0.000,2.000,2.0
2009-11-29,22:56:00,0.966,0.294,242.180,4.200,0.000,1.000,11.0
2009-11-29,22:57:00,0.986,0.290,242.000,4.200,0.000,1.000,11.0
2009-11-29,22:58:00,1.006,0.286,241.760,4.200,0.000,2.000,11.0
2009-11-29,22:59:00,1.010,0.286,241.870,4.200,0.000,1.000,11.0
2009-11-29,23:00:00,0.864,0.334,241.980,4.000,0.000,1.000,8.0
2009-11-29,23:01:00,0.476,0.244,243.010,2.200,0.000,2.000,1.0
2009-11-29,23:02:00,0.472,0.246,243.040,2.200,0.000,1.000,0.0
2009-11-29,23:03:00,0.468,0.244,242.860,2.200,0.000,1.000,1.0
2009-11-29,23:04:00,0.466,0.242,242.610,2.200,0.000,2.000,1.0
2009-11-29,23:05:00,0.464,0.242,242.260,2.200,0.000,1.000,0.0
2009-11-29,23:06:00,0.462,0.242,242.260,2.200,0.000,1.000,1.0
2009-11-29,23:07:00,0.460,0.240,242.240,2.200,0.000,1.000,1.0
2009-11-29,23:08:00,0.460,0.242,242.520,2.200,0.000,2.000,0.0
2009-11-29,23:09:00,0.460,0.246,243.160,2.200,0.000,1.000,1.0
2009-11-29,23:10:00,0.460,0.248,243.860,2.200,0.000,1.000,1.0
2009-11-29,23:11:00,0.462,0.250,244.350,2.200,0.000,1.000,0.0
2009-11-29,23:12:00,0.496,0.278,244.460,2.400,0.000,2.000,1.0
2009-11-29,23:13:00,0.480,0.254,245.120,2.200,0.000,0.000,1.0
2009-11-29,23:14:00,0.468,0.234,245.060,2.200,0.000,0.000,0.0
2009-11-29,23:15:00,0.468,0.234,245.110,2.200,0.000,0.000,1.0
2009-11-29,23:16:00,0.466,0.234,244.770,2.000,0.000,0.000,1.0
2009-11-29,23:17:00,0.464,0.236,245.070,2.000,0.000,0.000,0.0
2009-11-29,23:18:00,0.462,0.236,245.170,2.000,0.000,0.000,1.0
2009-11-29,23:19:00,0.444,0.208,245.840,2.000,0.000,0.000,1.0
2009-11-29,23:20:00,0.370,0.098,245.940,1.600,0.000,0.000,0.0
2009-11-29,23:21:00,0.368,0.096,245.210,1.600,0.000,0.000,1.0
2009-11-29,23:22:00,0.368,0.098,245.500,1.600,0.000,0.000,1.0
2009-11-29,23:23:00,0.366,0.098,245.400,1.600,0.000,0.000,0.0
2009-11-29,23:24:00,0.366,0.098,245.610,1.600,0.000,0.000,1.0
2009-11-29,23:25:00,0.366,0.098,245.700,1.600,0.000,0.000,1.0
2009-11-29,23:26:00,0.366,0.098,245.540,1.600,0.000,0.000,0.0
2009-11-29,23:27:00,0.366,0.098,245.670,1.600,0.000,0.000,1.0
2009-11-29,23:28:00,0.366,0.098,245.450,1.600,0.000,0.000,1.0
2009-11-29,23:29:00,0.324,0.000,245.580,1.400,0.000,0.000,0.0
2009-11-29,23:30:00,0.296,0.000,245.160,1.200,0.000,0.000,1.0
2009-11-29,23:31:00,0.296,0.000,245.020,1.200,0.000,0.000,1.0
2009-11-29,23:32:00,0.296,0.000,245.020,1.200,0.000,0.000,0.0
2009-11-29,23:33:00,0.296,0.000,245.090,1.200,0.000,0.000,1.0
2009-11-29,23:34:00,0.296,0.000,245.090,1.200,0.000,0.000,1.0
2009-11-29,23:35:00,0.296,0.000,245.050,1.200,0.000,0.000,0.0
2009-11-29,23:36:00,0.296,0.000,244.950,1.200,0.000,0.000,1.0
2009-11-29,23:37:00,0.294,0.000,244.460,1.200,0.000,0.000,1.0
2009-11-29,23:38:00,0.294,0.000,243.840,1.200,0.000,0.000,0.0
2009-11-29,23:39:00,0.398,0.102,244.330,1.800,0.000,0.000,1.0
2009-11-29,23:40:00,0.404,0.128,245.330,1.800,0.000,0.000,1.0
2009-11-29,23:41:00,0.402,0.128,245.320,1.800,0.000,0.000,0.0
2009-11-29,23:42:00,0.400,0.126,245.020,1.600,0.000,0.000,1.0
2009-11-29,23:43:00,0.398,0.128,245.370,1.600,0.000,0.000,1.0
2009-11-29,23:44:00,0.398,0.128,245.490,1.600,0.000,0.000,0.0
2009-11-29,23:45:00,0.396,0.126,245.150,1.600,0.000,0.000,1.0
2009-11-29,23:46:00,0.394,0.126,245.250,1.600,0.000,0.000,1.0
2009-11-29,23:47:00,0.394,0.128,245.650,1.600,0.000,0.000,0.0
2009-11-29,23:48:00,0.394,0.130,245.740,1.600,0.000,0.000,1.0
2009-11-29,23:49:00,0.394,0.130,245.930,1.600,0.000,0.000,1.0
2009-11-29,23:50:00,0.392,0.132,245.870,1.600,0.000,0.000,0.0
2009-11-29,23:51:00,0.392,0.132,245.840,1.600,0.000,0.000,1.0
2009-11-29,23:52:00,0.390,0.128,245.050,1.600,0.000,0.000,1.0
2009-11-29,23:53:00,0.388,0.128,244.720,1.600,0.000,0.000,1.0
2009-11-29,23:54:00,0.390,0.130,245.280,1.600,0.000,0.000,0.0
2009-11-29,23:55:00,0.390,0.130,245.410,1.600,0.000,0.000,1.0
2009-11-29,23:56:00,0.390,0.130,245.350,1.600,0.000,0.000,1.0
2009-11-29,23:57:00,0.390,0.132,245.910,1.600,0.000,0.000,0.0
2009-11-29,23:58:00,0.332,0.000,246.110,1.400,0.000,0.000,1.0
2009-11-29,23:59:00,0.296,0.000,245.630,1.200,0.000,0.000,1.0
