Date,Time,Global_active_power,Global_reactive_power,Voltage,Global_intensity,Sub_metering_1,Sub_metering_2,Sub_metering_3
2008-10-19,00:00:00,3.518,0.588,238.800,15.000,0.000,1.000,1.0
2008-10-19,00:01:00,4.110,0.626,238.010,17.400,0.000,1.000,0.0
2008-10-19,00:02:00,4.104,0.628,238.040,17.400,0.000,2.000,1.0
2008-10-19,00:03:00,4.040,0.634,238.350,17.200,0.000,1.000,1.0
2008-10-19,00:04:00,3.660,0.600,238.470,15.600,0.000,2.000,0.0
2008-10-19,00:05:00,3.606,0.518,238.590,15.200,0.000,1.000,1.0
2008-10-19,00:06:00,3.536,0.398,238.030,15.000,0.000,1.000,0.0
2008-10-19,00:07:00,3.574,0.398,238.110,15.000,0.000,2.000,1.0
2008-10-19,00:08:00,3.564,0.384,238.120,15.000,0.000,1.000,1.0
2008-10-19,00:09:00,3.508,0.298,238.160,14.800,0.000,1.000,0.0
2008-10-19,00:10:00,3.960,0.304,237.590,16.600,0.000,2.000,1.0
2008-10-19,00:11:00,4.144,0.308,236.620,17.600,0.000,1.000,1.0
2008-10-19,00:12:00,4.070,0.308,236.770,17.200,0.000,1.000,0.0
2008-10-19,00:13:00,4.102,0.314,237.070,17.400,0.000,1.000,1.0
2008-10-19,00:14:00,3.630,0.324,238.050,15.200,0.000,1.000,1.0
2008-10-19,00:15:00,4.132,0.526,237.310,17.800,0.000,3.000,0.0
2008-10-19,00:16:00,5.608,0.444,235.800,24.200,0.000,28.000,1.0
2008-10-19,00:17:00,5.526,0.370,236.180,23.400,0.000,37.000,1.0
2008-10-19,00:18:00,5.008,0.330,237.440,21.400,0.000,29.000,0.0
2008-10-19,00:19:00,5.508,0.264,237.250,23.200,0.000,36.000,1.0
2008-10-19,00:20:00,5.002,0.248,238.110,21.400,0.000,28.000,0.0
2008-10-19,00:21:00,5.380,0.266,237.600,22.600,0.000,36.000,1.0
2008-10-19,00:22:00,5.182,0.310,237.790,21.800,0.000,36.000,1.0
2008-10-19,00:23:00,5.264,0.366,237.380,22.200,0.000,37.000,0.0
2008-10-19,00:24:00,5.162,0.342,237.530,21.800,0.000,36.000,1.0
2008-10-19,00:25:00,5.152,0.358,237.850,21.600,0.000,36.000,1.0
2008-10-19,00:26:00,5.134,0.340,237.690,21.600,0.000,36.000,0.0
2008-10-19,00:27:00,5.154,0.360,238.240,21.600,0.000,37.000,1.0
2008-10-19,00:28:00,5.156,0.344,238.570,21.600,0.000,36.000,1.0
2008-10-19,00:29:00,5.146,0.336,238.770,21.600,0.000,37.000,0.0
2008-10-19,00:30:00,4.988,0.222,239.180,20.800,0.000,37.000,1.0
2008-10-19,00:31:00,5.130,0.254,239.060,21.400,0.000,36.000,1.0
2008-10-19,00:32:00,5.442,0.260,238.420,22.800,0.000,37.000,0.0
2008-10-19,00:33:00,5.062,0.278,239.220,21.200,0.000,37.000,1.0
2008-10-19,00:34:00,3.882,0.260,240.370,16.200,0.000,17.000,1.0
2008-10-19,00:35:00,4.838,0.240,239.400,20.200,0.000,33.000,0.0
2008-10-19,00:36:00,5.028,0.218,239.200,21.000,0.000,37.000,1.0
2008-10-19,00:37:00,5.452,0.232,238.450,23.000,0.000,26.000,16.0
2008-10-19,00:38:00,5.280,0.212,238.410,22.200,0.000,23.000,19.0
2008-10-19,00:39:00,5.968,0.216,236.440,25.200,0.000,36.000,18.0
2008-10-19,00:40:00,5.556,0.194,236.500,23.600,0.000,28.000,18.0
2008-10-19,00:41:00,5.446,0.212,236.670,23.000,0.000,22.000,18.0
2008-10-19,00:42:00,6.310,0.294,235.600,26.800,0.000,35.000,18.0
2008-10-19,00:43:00,6.910,0.436,234.770,29.400,0.000,33.000,26.0
2008-10-19,00:44:00,6.392,0.446,235.680,27.200,0.000,16.000,28.0
2008-10-19,00:45:00,7.348,0.446,234.770,31.400,0.000,36.000,28.0
2008-10-19,00:46:00,7.034,0.376,235.500,29.800,0.000,35.000,28.0
2008-10-19,00:47:00,5.926,0.414,236.820,25.000,0.000,18.000,29.0
2008-10-19,00:48:00,6.276,0.298,235.730,26.600,0.000,31.000,20.0
2008-10-19,00:49:00,6.194,0.300,235.660,26.400,0.000,34.000,18.0
2008-10-19,00:50:00,5.230,0.296,236.720,22.000,0.000,16.000,18.0
2008-10-19,00:51:00,6.304,0.274,234.260,26.800,0.000,34.000,17.0
2008-10-19,00:52:00,6.008,0.178,234.610,25.600,0.000,33.000,18.0
2008-10-19,00:53:00,5.226,0.210,236.240,22.200,0.000,16.000,18.0
2008-10-19,00:54:00,6.280,0.178,235.120,26.600,0.000,36.000,17.0
2008-10-19,00:55:00,6.298,0.318,234.460,27.000,0.000,27.000,18.0
2008-10-19,00:56:00,5.974,0.252,234.220,25.600,0.000,21.000,17.0
2008-10-19,00:57:00,6.798,0.240,233.630,29.000,0.000,35.000,17.0
2008-10-19,00:58:00,6.710,0.224,234.200,28.600,0.000,35.000,18.0
2008-10-19,00:59:00,5.400,0.262,236.190,22.800,0.000,17.000,18.0
2008-10-19,01:00:00,6.618,0.394,235.150,28.200,0.000,32.000,17.0
2008-10-19,01:01:00,6.322,0.450,236.960,26.800,0.000,26.000,18.0
2008-10-19,01:02:00,6.466,0.420,237.210,27.600,3.000,23.000,18.0
2008-10-19,01:03:00,8.890,0.398,234.200,38.000,37.000,36.000,17.0
2008-10-19,01:04:00,8.162,0.386,234.090,35.000,37.000,25.000,18.0
2008-10-19,01:05:00,8.268,0.410,234.090,35.400,36.000,23.000,17.0
2008-10-19,01:06:00,8.960,0.378,233.040,38.400,37.000,35.000,17.0
2008-10-19,01:07:00,8.256,0.406,233.910,35.400,36.000,24.000,18.0
2008-10-19,01:08:00,8.412,0.384,233.770,36.000,37.000,24.000,17.0
2008-10-19,01:09:00,8.836,0.394,232.900,38.000,36.000,34.000,17.0
2008-10-19,01:10:00,7.312,0.398,235.100,31.400,29.000,16.000,18.0
2008-10-19,01:11:00,6.914,0.418,235.380,29.400,2.000,33.000,18.0
2008-10-19,01:12:00,6.504,0.404,235.890,27.600,1.000,29.000,17.0
2008-10-19,01:13:00,6.128,0.434,236.410,26.000,1.000,20.000,18.0
2008-10-19,01:14:00,6.924,0.432,235.160,29.400,1.000,36.000,18.0
2008-10-19,01:15:00,5.776,0.446,236.500,24.600,1.000,21.000,17.0
2008-10-19,01:16:00,6.492,0.412,235.640,27.800,2.000,28.000,18.0
2008-10-19,01:17:00,8.812,0.402,233.460,37.800,37.000,34.000,17.0
2008-10-19,01:18:00,7.942,0.386,234.120,33.800,36.000,16.000,18.0
2008-10-19,01:19:00,6.664,0.310,235.710,28.200,4.000,34.000,17.0
2008-10-19,01:20:00,5.934,0.254,236.390,25.200,1.000,24.000,18.0
2008-10-19,01:21:00,6.626,0.250,235.190,28.600,4.000,27.000,18.0
2008-10-19,01:22:00,8.716,0.210,233.040,37.400,37.000,35.000,17.0
2008-10-19,01:23:00,9.134,0.312,232.590,39.400,36.000,43.000,17.0
2008-10-19,01:24:00,10.290,0.302,230.900,44.600,35.000,66.000,17.0
2008-10-19,01:25:00,10.064,0.324,231.480,43.400,36.000,69.000,17.0
2008-10-19,01:26:00,9.114,0.296,232.110,39.200,36.000,51.000,17.0
2008-10-19,01:27:00,9.938,0.282,228.480,43.400,35.000,67.000,17.0
2008-10-19,01:28:00,9.106,0.306,229.210,39.800,34.000,63.000,17.0
2008-10-19,01:29:00,8.702,0.322,229.650,38.000,35.000,54.000,16.0
2008-10-19,01:30:00,9.322,0.332,228.630,40.800,34.000,68.000,17.0
2008-10-19,01:31:00,6.176,0.562,232.890,27.400,1.000,46.000,17.0
2008-10-19,01:32:00,4.934,0.360,234.540,21.200,0.000,25.000,18.0
2008-10-19,01:33:00,6.898,0.350,232.470,30.000,0.000,57.000,17.0
2008-10-19,01:34:00,4.386,0.420,235.280,18.800,1.000,20.000,17.0
2008-10-19,01:35:00,5.216,0.394,234.480,22.200,0.000,33.000,18.0
2008-10-19,01:36:00,4.256,0.364,235.460,18.200,0.000,20.000,18.0
2008-10-19,01:37:00,4.214,0.364,235.160,18.200,0.000,18.000,17.0
2008-10-19,01:38:00,3.376,0.270,235.520,14.400,0.000,5.000,18.0
2008-10-19,01:39:00,3.250,0.268,235.660,13.800,0.000,4.000,17.0
2008-10-19,01:40:00,3.232,0.314,235.630,13.800,0.000,5.000,18.0
2008-10-19,01:41:00,3.242,0.436,235.860,13.800,0.000,6.000,18.0
2008-10-19,01:42:00,3.288,0.446,236.270,14.000,0.000,6.000,17.0
2008-10-19,01:43:00,3.232,0.400,236.500,13.600,0.000,5.000,18.0
2008-10-19,01:44:00,3.298,0.424,236.510,14.000,0.000,6.000,18.0
2008-10-19,01:45:00,3.280,0.396,237.080,13.800,0.000,5.000,18.0
2008-10-19,01:46:00,3.340,0.426,237.800,14.000,0.000,7.000,18.0
2008-10-19,01:47:00,3.292,0.412,237.720,13.800,0.000,6.000,18.0
2008-10-19,01:48:00,3.474,0.482,237.420,14.800,0.000,7.000,18.0
2008-10-19,01:49:00,3.330,0.462,237.560,14.200,0.000,10.000,18.0
2008-10-19,01:50:00,3.640,0.506,237.490,15.400,0.000,11.000,17.0
2008-10-19,01:51:00,3.090,0.568,237.530,13.400,0.000,10.000,10.0
2008-10-19,01:52:00,2.646,0.644,237.480,11.400,0.000,10.000,1.0
2008-10-19,01:53:00,2.226,0.582,238.070,9.600,0.000,6.000,1.0
2008-10-19,01:54:00,2.314,0.570,237.810,10.000,0.000,5.000,0.0
2008-10-19,01:55:00,2.254,0.556,237.370,9.600,0.000,4.000,1.0
2008-10-19,01:56:00,1.976,0.574,237.970,8.600,0.000,5.000,1.0
2008-10-19,01:57:00,1.956,0.572,238.880,8.400,0.000,5.000,0.0
2008-10-19,01:58:00,1.916,0.588,239.350,8.400,0.000,5.000,1.0
2008-10-19,01:59:00,2.208,0.572,239.370,9.400,0.000,4.000,1.0
2008-10-19,02:00:00,1.984,0.582,239.030,8.600,0.000,5.000,0.0
2008-10-19,02:01:00,2.002,0.574,239.180,8.600,0.000,5.000,1.0
2008-10-19,02:02:00,1.986,0.584,239.170,8.600,0.000,5.000,1.0
2008-10-19,02:03:00,2.116,0.570,239.130,9.000,0.000,4.000,0.0
2008-10-19,02:04:00,2.100,0.584,239.380,9.000,0.000,5.000,1.0
2008-10-19,02:05:00,2.120,0.574,239.480,9.000,0.000,5.000,0.0
2008-10-19,02:06:00,2.058,0.600,239.760,8.800,0.000,4.000,1.0
2008-10-19,02:07:00,2.018,0.606,239.610,8.800,0.000,5.000,1.0
2008-10-19,02:08:00,1.930,0.502,239.380,8.200,0.000,4.000,0.0
2008-10-19,02:09:00,1.966,0.490,239.010,8.400,0.000,3.000,1.0
2008-10-19,02:10:00,1.886,0.444,238.730,8.000,0.000,3.000,1.0
2008-10-19,02:11:00,1.804,0.360,239.170,7.600,0.000,4.000,0.0
2008-10-19,02:12:00,1.650,0.376,239.720,7.000,0.000,3.000,1.0
2008-10-19,02:13:00,1.698,0.296,240.140,7.200,0.000,4.000,1.0
2008-10-19,02:14:00,1.458,0.086,239.900,6.000,0.000,0.000,0.0
2008-10-19,02:15:00,1.420,0.062,240.120,6.000,0.000,0.000,1.0
2008-10-19,02:16:00,1.272,0.074,240.520,5.200,0.000,0.000,1.0
2008-10-19,02:17:00,1.270,0.074,240.610,5.200,0.000,0.000,0.0
2008-10-19,02:18:00,1.268,0.074,240.380,5.200,0.000,0.000,1.0
2008-10-19,02:19:00,1.148,0.076,240.670,4.800,0.000,0.000,1.0
2008-10-19,02:20:00,1.122,0.076,241.320,4.600,0.000,0.000,0.0
2008-10-19,02:21:00,1.108,0.076,241.380,4.600,0.000,0.000,1.0
2008-10-19,02:22:00,1.076,0.078,241.370,4.400,0.000,0.000,1.0
2008-10-19,02:23:00,1.072,0.084,241.460,4.400,0.000,0.000,0.0
2008-10-19,02:24:00,1.084,0.088,242.110,4.400,0.000,0.000,1.0
2008-10-19,02:25:00,1.092,0.086,242.460,4.400,0.000,0.000,1.0
2008-10-19,02:26:00,0.992,0.000,242.400,4.000,0.000,0.000,0.0
2008-10-19,02:27:00,0.850,0.000,242.590,3.400,0.000,0.000,1.0
2008-10-19,02:28:00,0.888,0.000,242.050,3.600,0.000,0.000,1.0
2008-10-19,02:29:00,0.888,0.000,242.020,3.600,0.000,0.000,0.0
2008-10-19,02:30:00,0.884,0.000,242.010,3.600,0.000,0.000,1.0
2008-10-19,02:31:00,0.836,0.000,241.990,3.400,0.000,0.000,1.0
2008-10-19,02:32:00,0.836,0.000,242.250,3.400,0.000,0.000,0.0
2008-10-19,02:33:00,0.908,0.000,242.170,3.800,0.000,0.000,1.0
2008-10-19,02:34:00,0.836,0.000,242.400,3.400,0.000,0.000,1.0
2008-10-19,02:35:00,0.840,0.000,242.710,3.400,0.000,0.000,0.0
2008-10-19,02:36:00,0.838,0.000,242.200,3.400,0.000,0.000,1.0
2008-10-19,02:37:00,0.840,0.000,242.870,3.400,0.000,0.000,1.0
2008-10-19,02:38:00,0.844,0.000,243.630,3.400,0.000,0.000,0.0
2008-10-19,02:39:00,0.844,0.000,243.380,3.400,0.000,0.000,1.0
2008-10-19,02:40:00,0.842,0.000,243.270,3.400,0.000,0.000,1.0
2008-10-19,02:41:00,0.844,0.000,243.760,3.400,0.000,0.000,0.0
2008-10-19,02:42:00,0.846,0.000,243.960,3.400,0.000,0.000,1.0
2008-10-19,02:43:00,0.882,0.000,243.900,3.600,0.000,0.000,1.0
2008-10-19,02:44:00,0.956,0.136,244.020,4.000,0.000,0.000,0.0
2008-10-19,02:45:00,0.950,0.134,243.360,3.800,0.000,0.000,1.0
2008-10-19,02:46:00,0.948,0.134,243.530,3.800,0.000,0.000,1.0
2008-10-19,02:47:00,0.942,0.132,242.990,3.800,0.000,0.000,0.0
2008-10-19,02:48:00,0.938,0.132,242.300,3.800,0.000,0.000,1.0
2008-10-19,02:49:00,0.934,0.130,242.100,3.800,0.000,0.000,1.0
2008-10-19,02:50:00,1.048,0.160,242.050,4.400,0.000,0.000,2.0
2008-10-19,02:51:00,1.500,0.262,241.460,6.200,0.000,0.000,10.0
2008-10-19,02:52:00,1.174,0.256,242.000,4.800,0.000,0.000,11.0
2008-10-19,02:53:00,1.178,0.234,241.800,5.000,0.000,0.000,11.0
2008-10-19,02:54:00,1.154,0.214,241.510,4.800,0.000,0.000,12.0
2008-10-19,02:55:00,0.874,0.166,242.210,3.800,0.000,0.000,8.0
2008-10-19,02:56:00,0.482,0.090,242.540,2.000,0.000,0.000,1.0
2008-10-19,02:57:00,0.482,0.090,242.280,2.000,0.000,0.000,0.0
2008-10-19,02:58:00,0.478,0.088,241.490,2.000,0.000,0.000,1.0
2008-10-19,02:59:00,0.478,0.088,241.920,2.000,0.000,0.000,0.0
2008-10-19,03:00:00,0.478,0.088,242.000,2.000,0.000,0.000,1.0
2008-10-19,03:01:00,0.478,0.088,242.130,2.000,0.000,0.000,1.0
2008-10-19,03:02:00,0.420,0.000,242.110,1.800,0.000,0.000,0.0
2008-10-19,03:03:00,0.408,0.000,242.010,1.800,0.000,0.000,1.0
2008-10-19,03:04:00,0.460,0.058,242.100,1.800,0.000,0.000,1.0
2008-10-19,03:05:00,0.460,0.060,242.670,1.800,0.000,0.000,0.0
2008-10-19,03:06:00,0.460,0.058,242.390,1.800,0.000,0.000,1.0
2008-10-19,03:07:00,0.458,0.058,242.180,1.800,0.000,0.000,1.0
2008-10-19,03:08:00,0.456,0.058,242.290,1.800,0.000,0.000,1.0
2008-10-19,03:09:00,0.454,0.060,242.540,1.800,0.000,0.000,0.0
2008-10-19,03:10:00,0.454,0.060,242.680,1.800,0.000,0.000,1.0
2008-10-19,03:11:00,0.452,0.060,242.570,1.800,0.000,0.000,1.0
2008-10-19,03:12:00,0.450,0.058,242.470,1.800,0.000,0.000,0.0
2008-10-19,03:13:00,0.452,0.060,243.100,1.800,0.000,0.000,1.0
2008-10-19,03:14:00,0.420,0.000,243.100,1.800,0.000,0.000,1.0
2008-10-19,03:15:00,0.382,0.000,243.250,1.600,0.000,0.000,0.0
2008-10-19,03:16:00,0.380,0.000,242.770,1.600,0.000,0.000,1.0
2008-10-19,03:17:00,0.380,0.000,242.420,1.600,0.000,0.000,1.0
2008-10-19,03:18:00,0.380,0.000,242.720,1.600,0.000,0.000,0.0
2008-10-19,03:19:00,0.380,0.000,242.980,1.600,0.000,0.000,1.0
2008-10-19,03:20:00,0.378,0.000,242.410,1.600,0.000,0.000,1.0
2008-10-19,03:21:00,0.378,0.000,242.770,1.600,0.000,0.000,0.0
2008-10-19,03:22:00,0.378,0.000,242.480,1.600,0.000,0.000,1.0
2008-10-19,03:23:00,0.378,0.000,242.610,1.600,0.000,0.000,1.0
2008-10-19,03:24:00,0.378,0.046,242.600,1.600,0.000,0.000,0.0
2008-10-19,03:25:00,0.378,0.000,242.680,1.600,0.000,0.000,1.0
2008-10-19,03:26:00,0.378,0.000,242.600,1.600,0.000,0.000,1.0
2008-10-19,03:27:00,0.378,0.000,242.600,1.600,0.000,0.000,0.0
2008-10-19,03:28:00,0.376,0.046,242.090,1.600,0.000,0.000,1.0
2008-10-19,03:29:00,0.376,0.046,242.050,1.600,0.000,0.000,1.0
2008-10-19,03:30:00,0.374,0.046,241.570,1.600,0.000,0.000,0.0
2008-10-19,03:31:00,0.374,0.046,241.290,1.600,0.000,0.000,1.0
2008-10-19,03:32:00,0.450,0.000,240.940,2.000,0.000,1.000,1.0
2008-10-19,03:33:00,0.460,0.074,240.990,1.800,0.000,1.000,0.0
2008-10-19,03:34:00,0.458,0.072,241.050,1.800,0.000,2.000,1.0
2008-10-19,03:35:00,0.458,0.074,241.340,1.800,0.000,1.000,1.0
2008-10-19,03:36:00,0.560,0.180,241.120,2.400,0.000,2.000,0.0
2008-10-19,03:37:00,0.570,0.210,241.590,2.400,0.000,1.000,1.0
2008-10-19,03:38:00,0.568,0.212,242.060,2.400,0.000,2.000,1.0
2008-10-19,03:39:00,0.566,0.212,242.170,2.400,0.000,1.000,0.0
2008-10-19,03:40:00,0.566,0.214,242.560,2.400,0.000,1.000,1.0
2008-10-19,03:41:00,0.562,0.212,242.320,2.400,0.000,2.000,1.0
2008-10-19,03:42:00,0.560,0.212,242.090,2.400,0.000,1.000,0.0
2008-10-19,03:43:00,0.558,0.210,241.790,2.400,0.000,2.000,1.0
2008-10-19,03:44:00,0.554,0.208,241.560,2.400,0.000,1.000,1.0
2008-10-19,03:45:00,0.552,0.208,241.460,2.400,0.000,2.000,0.0
2008-10-19,03:46:00,0.548,0.206,240.860,2.400,0.000,1.000,1.0
2008-10-19,03:47:00,0.546,0.206,240.720,2.400,0.000,1.000,1.0
2008-10-19,03:48:00,0.546,0.206,241.060,2.400,0.000,2.000,0.0
2008-10-19,03:49:00,0.544,0.206,241.150,2.400,0.000,1.000,1.0
2008-10-19,03:50:00,0.542,0.206,241.120,2.400,0.000,1.000,0.0
2008-10-19,03:51:00,0.438,0.210,241.160,2.000,0.000,2.000,1.0
2008-10-19,03:52:00,0.498,0.272,241.000,2.400,0.000,1.000,1.0
2008-10-19,03:53:00,0.512,0.318,241.930,2.400,0.000,1.000,0.0
2008-10-19,03:54:00,0.482,0.274,241.700,2.200,0.000,2.000,1.0
2008-10-19,03:55:00,0.416,0.180,241.480,1.800,0.000,1.000,1.0
2008-10-19,03:56:00,0.416,0.182,241.740,1.800,0.000,1.000,0.0
2008-10-19,03:57:00,0.402,0.162,241.940,1.800,0.000,1.000,1.0
2008-10-19,03:58:00,0.340,0.060,241.950,1.400,0.000,0.000,1.0
2008-10-19,03:59:00,0.338,0.060,241.570,1.400,0.000,0.000,0.0
2008-10-19,04:00:00,0.338,0.060,241.710,1.400,0.000,0.000,1.0
2008-10-19,04:01:00,0.338,0.060,241.810,1.400,0.000,0.000,1.0
2008-10-19,04:02:00,0.320,0.000,242.030,1.400,0.000,0.000,0.0
2008-10-19,04:03:00,0.266,0.000,241.890,1.000,0.000,0.000,1.0
2008-10-19,04:04:00,0.268,0.000,242.230,1.000,0.000,0.000,1.0
2008-10-19,04:05:00,0.268,0.000,242.500,1.000,0.000,0.000,0.0
2008-10-19,04:06:00,0.266,0.000,242.310,1.000,0.000,0.000,1.0
2008-10-19,04:07:00,0.266,0.000,242.070,1.000,0.000,0.000,1.0
2008-10-19,04:08:00,0.266,0.000,241.900,1.000,0.000,0.000,0.0
2008-10-19,04:09:00,0.266,0.000,241.780,1.000,0.000,0.000,1.0
2008-10-19,04:10:00,0.266,0.000,241.800,1.000,0.000,0.000,1.0
2008-10-19,04:11:00,0.266,0.000,242.030,1.000,0.000,0.000,0.0
2008-10-19,04:12:00,0.266,0.000,241.960,1.000,0.000,0.000,1.0
2008-10-19,04:13:00,0.264,0.000,241.540,1.000,0.000,0.000,1.0
2008-10-19,04:14:00,0.264,0.000,241.390,1.000,0.000,0.000,0.0
2008-10-19,04:15:00,0.266,0.000,241.540,1.000,0.000,0.000,1.0
2008-10-19,04:16:00,0.266,0.000,241.630,1.000,0.000,0.000,1.0
2008-10-19,04:17:00,0.266,0.000,241.560,1.000,0.000,0.000,0.0
2008-10-19,04:18:00,0.266,0.000,241.470,1.000,0.000,0.000,1.0
2008-10-19,04:19:00,0.266,0.000,241.750,1.000,0.000,0.000,1.0
2008-10-19,04:20:00,0.264,0.000,241.510,1.000,0.000,0.000,0.0
2008-10-19,04:21:00,0.266,0.000,241.730,1.000,0.000,0.000,1.0
2008-10-19,04:22:00,0.266,0.000,241.830,1.000,0.000,0.000,1.0
2008-10-19,04:23:00,0.266,0.000,241.810,1.000,0.000,0.000,0.0
2008-10-19,04:24:00,0.266,0.000,241.850,1.000,0.000,0.000,1.0
2008-10-19,04:25:00,0.264,0.000,241.610,1.000,0.000,0.000,1.0
2008-10-19,04:26:00,0.266,0.000,242.070,1.000,0.000,0.000,0.0
2008-10-19,04:27:00,0.266,0.000,242.250,1.000,0.000,0.000,1.0
2008-10-19,04:28:00,0.264,0.000,241.820,1.000,0.000,0.000,1.0
2008-10-19,04:29:00,0.330,0.000,241.480,1.400,0.000,0.000,0.0
2008-10-19,04:30:00,0.378,0.088,241.770,1.600,0.000,0.000,1.0
2008-10-19,04:31:00,0.372,0.088,241.540,1.600,0.000,0.000,1.0
2008-10-19,04:32:00,0.372,0.088,241.760,1.600,0.000,0.000,0.0
2008-10-19,04:33:00,0.370,0.088,241.200,1.600,0.000,0.000,1.0
2008-10-19,04:34:00,0.370,0.090,242.050,1.600,0.000,0.000,1.0
2008-10-19,04:35:00,0.368,0.092,242.510,1.600,0.000,0.000,0.0
2008-10-19,04:36:00,0.366,0.090,242.080,1.600,0.000,0.000,1.0
2008-10-19,04:37:00,0.364,0.086,241.050,1.600,0.000,0.000,1.0
2008-10-19,04:38:00,0.362,0.086,240.990,1.600,0.000,0.000,0.0
2008-10-19,04:39:00,0.360,0.084,240.260,1.400,0.000,0.000,1.0
2008-10-19,04:40:00,0.434,0.162,240.320,2.000,0.000,0.000,1.0
2008-10-19,04:41:00,0.436,0.188,240.470,2.000,0.000,0.000,0.0
2008-10-19,04:42:00,0.436,0.188,240.540,2.000,0.000,0.000,1.0
2008-10-19,04:43:00,0.434,0.188,240.700,2.000,0.000,0.000,1.0
2008-10-19,04:44:00,0.434,0.192,241.430,2.000,0.000,0.000,0.0
2008-10-19,04:45:00,0.432,0.192,241.490,2.000,0.000,0.000,1.0
2008-10-19,04:46:00,0.432,0.194,241.680,1.800,0.000,0.000,1.0
2008-10-19,04:47:00,0.414,0.172,241.560,1.800,0.000,0.000,0.0
2008-10-19,04:48:00,0.336,0.058,241.670,1.400,0.000,0.000,1.0
2008-10-19,04:49:00,0.334,0.058,241.710,1.400,0.000,0.000,1.0
2008-10-19,04:50:00,0.308,0.000,241.610,1.200,0.000,0.000,0.0
2008-10-19,04:51:00,0.264,0.000,241.410,1.000,0.000,0.000,1.0
2008-10-19,04:52:00,0.262,0.000,240.990,1.000,0.000,0.000,1.0
2008-10-19,04:53:00,0.262,0.000,241.280,1.000,0.000,0.000,0.0
2008-10-19,04:54:00,0.264,0.000,241.320,1.000,0.000,0.000,1.0
2008-10-19,04:55:00,0.264,0.000,241.720,1.000,0.000,0.000,1.0
2008-10-19,04:56:00,0.264,0.000,241.850,1.000,0.000,0.000,0.0
2008-10-19,04:57:00,0.264,0.000,241.830,1.000,0.000,0.000,1.0
2008-10-19,04:58:00,0.262,0.000,241.290,1.000,0.000,0.000,1.0
2008-10-19,04:59:00,0.262,0.046,240.810,1.000,0.000,0.000,0.0
2008-10-19,05:00:00,0.264,0.000,241.060,1.000,0.000,0.000,1.0
2008-10-19,05:01:00,0.262,0.000,240.980,1.000,0.000,0.000,1.0
2008-10-19,05:02:00,0.262,0.000,241.090,1.000,0.000,0.000,0.0
2008-10-19,05:03:00,0.262,0.000,240.910,1.000,0.000,0.000,1.0
2008-10-19,05:04:00,0.262,0.000,241.140,1.000,0.000,0.000,1.0
2008-10-19,05:05:00,0.262,0.000,241.130,1.000,0.000,0.000,0.0
2008-10-19,05:06:00,0.262,0.000,241.080,1.000,0.000,0.000,1.0
2008-10-19,05:07:00,0.262,0.046,240.640,1.000,0.000,0.000,1.0
2008-10-19,05:08:00,0.262,0.046,240.730,1.000,0.000,0.000,0.0
2008-10-19,05:09:00,0.262,0.046,240.870,1.000,0.000,0.000,1.0
2008-10-19,05:10:00,0.262,0.000,241.320,1.000,0.000,0.000,1.0
2008-10-19,05:11:00,0.262,0.000,241.410,1.000,0.000,0.000,0.0
2008-10-19,05:12:00,0.264,0.000,241.680,1.000,0.000,0.000,1.0
2008-10-19,05:13:00,0.264,0.000,241.730,1.000,0.000,0.000,1.0
2008-10-19,05:14:00,0.264,0.000,241.980,1.000,0.000,0.000,0.0
2008-10-19,05:15:00,0.264,0.000,242.290,1.000,0.000,0.000,1.0
2008-10-19,05:16:00,0.264,0.000,241.920,1.000,0.000,0.000,1.0
2008-10-19,05:17:00,0.264,0.000,241.830,1.000,0.000,0.000,0.0
2008-10-19,05:18:00,0.264,0.000,241.690,1.000,0.000,0.000,1.0
2008-10-19,05:19:00,0.264,0.000,241.990,1.000,0.000,0.000,0.0
2008-10-19,05:20:00,0.264,0.000,242.370,1.000,0.000,0.000,1.0
2008-10-19,05:21:00,0.264,0.000,242.240,1.000,0.000,0.000,1.0
2008-10-19,05:22:00,0.324,0.000,242.200,1.400,0.000,0.000,0.0
2008-10-19,05:23:00,0.712,0.168,241.650,3.200,0.000,0.000,6.0
2008-10-19,05:24:00,0.950,0.206,240.120,4.000,0.000,0.000,10.0
2008-10-19,05:25:00,0.972,0.204,239.980,4.000,0.000,0.000,11.0
2008-10-19,05:26:00,0.992,0.200,239.550,4.200,0.000,0.000,11.0
2008-10-19,05:27:00,1.058,0.264,239.790,4.600,0.000,0.000,11.0
2008-10-19,05:28:00,0.664,0.276,240.380,3.200,0.000,2.000,5.0
2008-10-19,05:29:00,0.522,0.310,240.290,2.400,0.000,1.000,0.0
2008-10-19,05:30:00,0.520,0.308,239.890,2.400,0.000,2.000,1.0
2008-10-19,05:31:00,0.522,0.312,240.570,2.400,0.000,1.000,1.0
2008-10-19,05:32:00,0.522,0.314,240.870,2.400,0.000,1.000,0.0
2008-10-19,05:33:00,0.520,0.314,240.900,2.400,0.000,2.000,1.0
2008-10-19,05:34:00,0.518,0.316,241.340,2.400,0.000,1.000,1.0
2008-10-19,05:35:00,0.518,0.320,242.150,2.400,0.000,2.000,0.0
2008-10-19,05:36:00,0.516,0.320,242.130,2.400,0.000,1.000,1.0
2008-10-19,05:37:00,0.512,0.318,241.690,2.400,0.000,2.000,1.0
2008-10-19,05:38:00,0.498,0.296,241.430,2.400,0.000,1.000,0.0
2008-10-19,05:39:00,0.440,0.210,241.140,2.000,0.000,2.000,1.0
2008-10-19,05:40:00,0.406,0.162,241.170,1.800,0.000,1.000,1.0
2008-10-19,05:41:00,0.346,0.078,241.790,1.400,0.000,1.000,0.0
2008-10-19,05:42:00,0.344,0.076,241.750,1.400,0.000,2.000,1.0
2008-10-19,05:43:00,0.342,0.076,241.450,1.400,0.000,1.000,1.0
2008-10-19,05:44:00,0.342,0.076,241.540,1.400,0.000,2.000,0.0
2008-10-19,05:45:00,0.340,0.076,241.720,1.400,0.000,1.000,1.0
2008-10-19,05:46:00,0.340,0.076,241.610,1.400,0.000,1.000,1.0
2008-10-19,05:47:00,0.340,0.078,241.920,1.400,0.000,1.000,0.0
2008-10-19,05:48:00,0.338,0.076,241.480,1.400,0.000,2.000,1.0
2008-10-19,05:49:00,0.338,0.074,241.120,1.400,0.000,1.000,1.0
2008-10-19,05:50:00,0.338,0.074,241.110,1.400,0.000,1.000,0.0
2008-10-19,05:51:00,0.336,0.074,240.700,1.400,0.000,2.000,1.0
2008-10-19,05:52:00,0.314,0.000,241.040,1.200,0.000,1.000,1.0
2008-10-19,05:53:00,0.262,0.000,240.700,1.000,0.000,0.000,0.0
2008-10-19,05:54:00,0.260,0.046,239.950,1.000,0.000,0.000,1.0
2008-10-19,05:55:00,0.260,0.046,239.700,1.000,0.000,0.000,1.0
2008-10-19,05:56:00,0.266,0.046,239.780,1.000,0.000,0.000,0.0
2008-10-19,05:57:00,0.268,0.046,239.940,1.200,0.000,0.000,1.0
2008-10-19,05:58:00,0.268,0.000,240.540,1.200,0.000,0.000,1.0
2008-10-19,05:59:00,0.268,0.046,240.350,1.200,0.000,0.000,0.0
2008-10-19,06:00:00,0.268,0.000,240.510,1.200,0.000,0.000,1.0
2008-10-19,06:01:00,0.268,0.000,240.410,1.000,0.000,0.000,1.0
2008-10-19,06:02:00,0.266,0.046,240.380,1.000,0.000,0.000,0.0
2008-10-19,06:03:00,0.268,0.046,240.470,1.000,0.000,0.000,1.0
2008-10-19,06:04:00,0.268,0.046,240.650,1.000,0.000,0.000,0.0
2008-10-19,06:05:00,0.268,0.000,240.890,1.000,0.000,0.000,1.0
2008-10-19,06:06:00,0.268,0.046,240.750,1.000,0.000,0.000,1.0
2008-10-19,06:07:00,0.268,0.000,241.310,1.000,0.000,0.000,0.0
2008-10-19,06:08:00,0.268,0.000,241.450,1.000,0.000,0.000,1.0
2008-10-19,06:09:00,0.266,0.046,240.730,1.000,0.000,0.000,1.0
2008-10-19,06:10:00,0.266,0.046,240.520,1.000,0.000,0.000,0.0
2008-10-19,06:11:00,0.266,0.046,240.740,1.000,0.000,0.000,1.0
2008-10-19,06:12:00,0.268,0.000,241.330,1.000,0.000,0.000,1.0
2008-10-19,06:13:00,0.268,0.000,241.190,1.000,0.000,0.000,0.0
2008-10-19,06:14:00,0.266,0.046,240.930,1.000,0.000,0.000,1.0
2008-10-19,06:15:00,0.266,0.046,241.070,1.000,0.000,0.000,1.0
2008-10-19,06:16:00,0.390,0.086,241.440,1.600,0.000,0.000,0.0
2008-10-19,06:17:00,0.452,0.166,241.610,2.000,0.000,0.000,1.0
2008-10-19,06:18:00,0.448,0.188,240.530,2.000,0.000,0.000,1.0
2008-10-19,06:19:00,0.448,0.188,240.510,2.000,0.000,0.000,0.0
2008-10-19,06:20:00,0.446,0.188,240.280,2.000,0.000,0.000,1.0
2008-10-19,06:21:00,0.444,0.186,240.280,2.000,0.000,0.000,1.0
2008-10-19,06:22:00,0.440,0.186,240.090,2.000,0.000,0.000,0.0
2008-10-19,06:23:00,0.440,0.190,241.060,2.000,0.000,0.000,1.0
2008-10-19,06:24:00,0.458,0.188,240.900,2.000,0.000,0.000,1.0
2008-10-19,06:25:00,0.436,0.192,241.400,2.000,0.000,0.000,0.0
2008-10-19,06:26:00,0.436,0.194,242.000,2.000,0.000,0.000,1.0
2008-10-19,06:27:00,0.398,0.140,242.310,1.800,0.000,0.000,1.0
2008-10-19,06:28:00,0.360,0.090,242.210,1.400,0.000,0.000,0.0
2008-10-19,06:29:00,0.356,0.088,241.910,1.400,0.000,0.000,1.0
2008-10-19,06:30:00,0.356,0.088,241.790,1.400,0.000,0.000,1.0
2008-10-19,06:31:00,0.356,0.088,241.680,1.400,0.000,0.000,0.0
2008-10-19,06:32:00,0.354,0.088,241.500,1.400,0.000,0.000,1.0
2008-10-19,06:33:00,0.354,0.088,241.490,1.400,0.000,0.000,1.0
2008-10-19,06:34:00,0.272,0.000,242.260,1.200,0.000,0.000,0.0
2008-10-19,06:35:00,0.268,0.000,242.980,1.000,0.000,0.000,1.0
2008-10-19,06:36:00,0.268,0.000,242.450,1.000,0.000,0.000,1.0
2008-10-19,06:37:00,0.268,0.000,242.800,1.000,0.000,0.000,0.0
2008-10-19,06:38:00,0.262,0.000,242.580,1.000,0.000,0.000,1.0
2008-10-19,06:39:00,0.262,0.000,242.530,1.000,0.000,0.000,1.0
2008-10-19,06:40:00,0.262,0.000,242.760,1.000,0.000,0.000,0.0
2008-10-19,06:41:00,0.262,0.000,242.610,1.000,0.000,0.000,1.0
2008-10-19,06:42:00,0.260,0.000,242.120,1.000,0.000,0.000,1.0
2008-10-19,06:43:00,0.266,0.000,241.800,1.000,0.000,0.000,0.0
2008-10-19,06:44:00,0.266,0.046,241.030,1.000,0.000,0.000,1.0
2008-10-19,06:45:00,0.266,0.046,241.160,1.000,0.000,0.000,1.0
2008-10-19,06:46:00,0.260,0.046,241.260,1.000,0.000,0.000,0.0
2008-10-19,06:47:00,0.260,0.000,241.850,1.000,0.000,0.000,1.0
2008-10-19,06:48:00,0.260,0.000,242.050,1.000,0.000,0.000,1.0
2008-10-19,06:49:00,0.260,0.046,241.160,1.000,0.000,0.000,0.0
2008-10-19,06:50:00,0.258,0.046,240.780,1.000,0.000,0.000,1.0
2008-10-19,06:51:00,0.264,0.046,240.280,1.000,0.000,0.000,1.0
2008-10-19,06:52:00,0.264,0.046,240.650,1.000,0.000,0.000,0.0
2008-10-19,06:53:00,0.270,0.000,243.110,1.000,0.000,0.000,1.0
2008-10-19,06:54:00,0.262,0.000,242.960,1.000,0.000,0.000,1.0
2008-10-19,06:55:00,0.262,0.000,242.920,1.000,0.000,0.000,0.0
2008-10-19,06:56:00,0.262,0.000,243.080,1.000,0.000,0.000,1.0
2008-10-19,06:57:00,0.264,0.000,243.650,1.000,0.000,0.000,1.0
2008-10-19,06:58:00,0.262,0.000,243.190,1.000,0.000,0.000,0.0
2008-10-19,06:59:00,0.268,0.046,242.240,1.000,0.000,0.000,1.0
2008-10-19,07:00:00,0.268,0.046,242.110,1.000,0.000,0.000,1.0
2008-10-19,07:01:00,0.268,0.046,242.170,1.000,0.000,0.000,0.0
2008-10-19,07:02:00,0.260,0.046,242.070,1.000,0.000,0.000,1.0
2008-10-19,07:03:00,0.260,0.046,242.260,1.000,0.000,0.000,1.0
2008-10-19,07:04:00,0.260,0.046,242.310,1.000,0.000,0.000,0.0
2008-10-19,07:05:00,0.298,0.000,242.340,1.400,0.000,0.000,1.0
2008-10-19,07:06:00,0.338,0.056,241.320,1.400,0.000,0.000,1.0
2008-10-19,07:07:00,0.342,0.056,241.270,1.400,0.000,0.000,0.0
2008-10-19,07:08:00,0.344,0.056,241.480,1.400,0.000,0.000,1.0
2008-10-19,07:09:00,0.348,0.060,241.530,1.400,0.000,0.000,1.0
2008-10-19,07:10:00,0.458,0.194,241.680,2.000,0.000,0.000,0.0
2008-10-19,07:11:00,0.446,0.194,242.410,2.000,0.000,0.000,1.0
2008-10-19,07:12:00,0.442,0.194,242.470,2.000,0.000,0.000,1.0
2008-10-19,07:13:00,0.440,0.192,242.070,2.000,0.000,0.000,0.0
2008-10-19,07:14:00,0.440,0.192,241.650,2.000,0.000,0.000,1.0
2008-10-19,07:15:00,0.442,0.192,241.770,2.000,0.000,0.000,1.0
2008-10-19,07:16:00,0.374,0.094,241.560,1.600,0.000,0.000,0.0
2008-10-19,07:17:00,0.366,0.088,241.840,1.600,0.000,0.000,1.0
2008-10-19,07:18:00,0.360,0.084,241.320,1.400,0.000,0.000,1.0
2008-10-19,07:19:00,0.360,0.086,241.640,1.400,0.000,0.000,0.0
2008-10-19,07:20:00,0.360,0.086,241.880,1.400,0.000,0.000,1.0
2008-10-19,07:21:00,0.358,0.086,241.920,1.400,0.000,0.000,1.0
2008-10-19,07:22:00,0.364,0.090,242.620,1.400,0.000,0.000,0.0
2008-10-19,07:23:00,0.366,0.090,242.940,1.600,0.000,0.000,1.0
2008-10-19,07:24:00,0.366,0.090,242.890,1.600,0.000,0.000,1.0
2008-10-19,07:25:00,0.426,0.166,242.870,2.000,0.000,0.000,0.0
2008-10-19,07:26:00,0.444,0.216,243.220,2.000,0.000,1.000,1.0
2008-10-19,07:27:00,0.444,0.220,243.850,2.000,0.000,2.000,1.0
2008-10-19,07:28:00,0.424,0.186,243.130,1.800,0.000,1.000,0.0
2008-10-19,07:29:00,0.350,0.080,243.260,1.400,0.000,1.000,1.0
2008-10-19,07:30:00,0.356,0.080,243.070,1.400,0.000,2.000,1.0
2008-10-19,07:31:00,0.354,0.078,242.490,1.400,0.000,1.000,0.0
2008-10-19,07:32:00,0.354,0.076,241.870,1.400,0.000,2.000,1.0
2008-10-19,07:33:00,0.346,0.074,241.450,1.400,0.000,1.000,1.0
2008-10-19,07:34:00,0.346,0.074,241.530,1.400,0.000,2.000,0.0
2008-10-19,07:35:00,0.346,0.076,242.220,1.400,0.000,1.000,1.0
2008-10-19,07:36:00,0.346,0.078,242.740,1.400,0.000,2.000,1.0
2008-10-19,07:37:00,0.346,0.080,243.290,1.400,0.000,1.000,0.0
2008-10-19,07:38:00,0.354,0.080,243.490,1.400,0.000,2.000,1.0
2008-10-19,07:39:00,0.350,0.080,243.300,1.400,0.000,1.000,1.0
2008-10-19,07:40:00,0.350,0.080,243.160,1.400,0.000,1.000,0.0
2008-10-19,07:41:00,0.342,0.080,243.700,1.400,0.000,2.000,1.0
2008-10-19,07:42:00,0.342,0.078,243.130,1.400,0.000,1.000,1.0
2008-10-19,07:43:00,0.340,0.078,242.910,1.400,0.000,1.000,0.0
2008-10-19,07:44:00,0.340,0.078,243.050,1.400,0.000,2.000,1.0
2008-10-19,07:45:00,0.338,0.078,242.510,1.400,0.000,1.000,1.0
2008-10-19,07:46:00,0.344,0.078,242.800,1.400,0.000,1.000,0.0
2008-10-19,07:47:00,0.344,0.078,242.720,1.400,0.000,2.000,1.0
2008-10-19,07:48:00,0.344,0.076,242.450,1.400,0.000,1.000,1.0
2008-10-19,07:49:00,0.336,0.076,242.310,1.400,0.000,1.000,0.0
2008-10-19,07:50:00,0.264,0.000,242.700,1.000,0.000,0.000,1.0
2008-10-19,07:51:00,0.262,0.000,242.610,1.000,0.000,0.000,1.0
2008-10-19,07:52:00,0.262,0.000,242.540,1.000,0.000,0.000,0.0
2008-10-19,07:53:00,0.310,0.000,242.370,1.400,0.000,0.000,1.0
2008-10-19,07:54:00,0.342,0.060,242.170,1.400,0.000,0.000,1.0
2008-10-19,07:55:00,0.346,0.060,242.260,1.400,0.000,0.000,0.0
2008-10-19,07:56:00,0.346,0.060,242.790,1.400,0.000,0.000,1.0
2008-10-19,07:57:00,0.342,0.062,243.380,1.400,0.000,0.000,1.0
2008-10-19,07:58:00,0.338,0.060,242.840,1.400,0.000,0.000,0.0
2008-10-19,07:59:00,0.426,0.056,242.320,1.800,0.000,0.000,1.0
2008-10-19,08:00:00,0.334,0.058,242.400,1.400,0.000,0.000,1.0
2008-10-19,08:01:00,0.332,0.058,241.980,1.400,0.000,0.000,0.0
2008-10-19,08:02:00,0.338,0.060,242.920,1.400,0.000,0.000,1.0
2008-10-19,08:03:00,0.412,0.132,242.980,1.800,0.000,0.000,1.0
2008-10-19,08:04:00,0.386,0.100,243.740,1.600,0.000,0.000,0.0
2008-10-19,08:05:00,0.376,0.094,243.950,1.600,0.000,0.000,1.0
2008-10-19,08:06:00,0.372,0.094,244.160,1.600,0.000,0.000,1.0
2008-10-19,08:07:00,0.374,0.100,245.160,1.600,0.000,0.000,0.0
2008-10-19,08:08:00,0.370,0.094,244.050,1.600,0.000,0.000,1.0
2008-10-19,08:09:00,0.368,0.096,244.180,1.600,0.000,0.000,1.0
2008-10-19,08:10:00,0.368,0.092,243.310,1.600,0.000,0.000,1.0
2008-10-19,08:11:00,0.374,0.096,244.330,1.600,0.000,0.000,0.0
2008-10-19,08:12:00,0.372,0.098,244.450,1.600,0.000,0.000,1.0
2008-10-19,08:13:00,0.368,0.094,243.940,1.600,0.000,0.000,1.0
2008-10-19,08:14:00,0.374,0.100,243.990,1.800,0.000,0.000,0.0
2008-10-19,08:15:00,0.940,0.240,243.620,4.000,0.000,0.000,10.0
2008-10-19,08:16:00,0.970,0.232,243.050,4.000,0.000,0.000,11.0
2008-10-19,08:17:00,0.996,0.234,243.270,4.200,0.000,0.000,11.0
2008-10-19,08:18:00,1.010,0.240,243.860,4.200,0.000,0.000,12.0
2008-10-19,08:19:00,0.758,0.182,243.900,3.400,0.000,0.000,8.0
2008-10-19,08:20:00,0.366,0.098,244.190,1.600,0.000,0.000,0.0
2008-10-19,08:21:00,0.362,0.096,244.240,1.400,0.000,0.000,1.0
2008-10-19,08:22:00,0.294,0.000,244.780,1.200,0.000,0.000,1.0
2008-10-19,08:23:00,0.274,0.000,245.220,1.200,0.000,0.000,0.0
2008-10-19,08:24:00,0.300,0.058,244.790,1.200,0.000,0.000,1.0
2008-10-19,08:25:00,0.296,0.056,244.680,1.200,0.000,0.000,1.0
2008-10-19,08:26:00,0.302,0.060,244.690,1.200,0.000,0.000,0.0
2008-10-19,08:27:00,0.306,0.060,244.050,1.200,0.000,0.000,1.0
2008-10-19,08:28:00,0.304,0.062,243.050,1.200,0.000,0.000,1.0
2008-10-19,08:29:00,0.302,0.062,242.660,1.200,0.000,0.000,0.0
2008-10-19,08:30:00,0.296,0.064,242.460,1.200,0.000,0.000,1.0
2008-10-19,08:31:00,0.426,0.066,241.700,1.800,0.000,0.000,1.0
2008-10-19,08:32:00,0.630,0.070,241.530,2.600,0.000,0.000,0.0
2008-10-19,08:33:00,0.632,0.070,241.910,2.600,0.000,0.000,1.0
2008-10-19,08:34:00,0.636,0.068,242.680,2.600,0.000,0.000,1.0
2008-10-19,08:35:00,0.674,0.068,242.640,2.800,0.000,0.000,0.0
2008-10-19,08:36:00,0.644,0.068,243.090,2.600,0.000,0.000,1.0
2008-10-19,08:37:00,0.672,0.068,243.190,2.800,0.000,0.000,1.0
2008-10-19,08:38:00,0.672,0.066,243.750,2.800,0.000,0.000,0.0
2008-10-19,08:39:00,0.636,0.066,243.090,2.600,0.000,0.000,1.0
2008-10-19,08:40:00,0.694,0.000,243.040,2.800,0.000,0.000,1.0
2008-10-19,08:41:00,0.714,0.000,243.520,2.800,0.000,0.000,0.0
2008-10-19,08:42:00,0.714,0.048,243.130,2.800,0.000,0.000,1.0
2008-10-19,08:43:00,0.720,0.050,243.180,3.000,0.000,0.000,1.0
2008-10-19,08:44:00,0.720,0.052,243.610,2.800,0.000,0.000,0.0
2008-10-19,08:45:00,0.716,0.052,243.490,2.800,0.000,0.000,1.0
2008-10-19,08:46:00,0.710,0.052,243.900,2.800,0.000,0.000,1.0
2008-10-19,08:47:00,0.708,0.052,243.550,2.800,0.000,0.000,0.0
2008-10-19,08:48:00,0.704,0.050,242.980,2.800,0.000,0.000,1.0
2008-10-19,08:49:00,0.702,0.048,242.530,2.800,0.000,0.000,1.0
2008-10-19,08:50:00,0.826,0.186,242.200,3.400,0.000,0.000,0.0
2008-10-19,08:51:00,0.812,0.180,241.280,3.400,0.000,0.000,1.0
2008-10-19,08:52:00,0.770,0.120,241.370,3.200,0.000,0.000,1.0
2008-10-19,08:53:00,0.744,0.080,242.400,3.000,0.000,0.000,0.0
2008-10-19,08:54:00,0.736,0.080,242.020,3.000,0.000,0.000,1.0
2008-10-19,08:55:00,0.730,0.076,240.800,3.000,0.000,0.000,1.0
2008-10-19,08:56:00,0.728,0.076,241.060,3.000,0.000,0.000,0.0
2008-10-19,08:57:00,0.728,0.076,241.350,3.000,0.000,0.000,1.0
2008-10-19,08:58:00,0.730,0.078,241.890,3.000,0.000,0.000,1.0
2008-10-19,08:59:00,0.734,0.078,241.410,3.000,0.000,0.000,0.0
2008-10-19,09:00:00,0.702,0.080,241.800,2.800,0.000,0.000,1.0
2008-10-19,09:01:00,0.646,0.078,241.440,2.600,0.000,0.000,1.0
2008-10-19,09:02:00,0.714,0.088,241.430,3.000,0.000,0.000,0.0
2008-10-19,09:03:00,1.952,0.130,239.980,9.200,0.000,18.000,1.0
2008-10-19,09:04:00,2.872,0.112,238.080,12.000,0.000,36.000,1.0
2008-10-19,09:05:00,2.356,0.118,238.900,10.600,0.000,28.000,0.0
2008-10-19,09:06:00,2.832,0.112,237.970,11.800,0.000,37.000,1.0
2008-10-19,09:07:00,2.142,0.122,239.080,9.600,0.000,27.000,1.0
2008-10-19,09:08:00,2.888,0.116,238.680,12.000,0.000,37.000,0.0
2008-10-19,09:09:00,2.848,0.000,238.650,11.800,0.000,37.000,1.0
2008-10-19,09:10:00,2.872,0.000,239.310,12.000,0.000,36.000,1.0
2008-10-19,09:11:00,2.832,0.000,239.100,11.800,0.000,37.000,0.0
2008-10-19,09:12:00,2.832,0.000,239.310,11.800,0.000,36.000,1.0
2008-10-19,09:13:00,2.812,0.000,238.950,11.600,0.000,37.000,1.0
2008-10-19,09:14:00,3.390,0.000,238.480,14.200,0.000,36.000,14.0
2008-10-19,09:15:00,3.612,0.000,237.900,15.000,0.000,37.000,18.0
2008-10-19,09:16:00,3.660,0.000,237.920,15.400,0.000,36.000,19.0
2008-10-19,09:17:00,3.592,0.000,238.080,15.000,0.000,36.000,18.0
2008-10-19,09:18:00,2.766,0.000,238.620,11.800,0.000,25.000,18.0
2008-10-19,09:19:00,2.928,0.000,238.880,12.400,0.000,25.000,19.0
2008-10-19,09:20:00,3.574,0.000,237.890,15.000,0.000,37.000,18.0
2008-10-19,09:21:00,3.614,0.096,238.200,15.000,0.000,38.000,18.0
2008-10-19,09:22:00,3.916,0.106,238.560,16.400,0.000,37.000,18.0
2008-10-19,09:23:00,4.304,0.156,238.130,18.000,0.000,38.000,18.0
2008-10-19,09:24:00,2.502,0.112,239.620,10.400,0.000,21.000,18.0
2008-10-19,09:25:00,3.392,0.102,239.050,14.200,0.000,32.000,18.0
2008-10-19,09:26:00,3.634,0.100,238.820,15.200,0.000,38.000,18.0
2008-10-19,09:27:00,3.672,0.176,237.320,15.400,0.000,38.000,18.0
2008-10-19,09:28:00,3.666,0.194,237.300,15.400,0.000,37.000,18.0
2008-10-19,09:29:00,3.682,0.194,237.880,15.400,0.000,38.000,18.0
2008-10-19,09:30:00,3.688,0.198,237.920,15.400,0.000,38.000,18.0
2008-10-19,09:31:00,3.684,0.192,237.680,15.400,0.000,37.000,18.0
2008-10-19,09:32:00,2.594,0.210,238.750,11.000,0.000,21.000,18.0
2008-10-19,09:33:00,3.534,0.152,238.180,15.000,0.000,32.000,18.0
2008-10-19,09:34:00,2.902,0.164,238.580,12.200,0.000,24.000,18.0
2008-10-19,09:35:00,3.344,0.150,237.970,14.200,0.000,28.000,18.0
2008-10-19,09:36:00,2.992,0.162,238.540,12.600,0.000,26.000,18.0
2008-10-19,09:37:00,2.576,0.158,239.580,11.200,0.000,18.000,19.0
2008-10-19,09:38:00,1.842,0.144,240.210,7.600,0.000,5.000,18.0
2008-10-19,09:39:00,1.762,0.060,240.070,7.200,0.000,5.000,18.0
2008-10-19,09:40:00,1.798,0.080,240.320,7.400,0.000,5.000,18.0
2008-10-19,09:41:00,1.760,0.064,241.010,7.200,0.000,4.000,19.0
2008-10-19,09:42:00,1.784,0.082,240.650,7.400,0.000,5.000,18.0
2008-10-19,09:43:00,1.744,0.060,240.280,7.200,0.000,5.000,19.0
2008-10-19,09:44:00,1.188,0.116,241.120,5.400,0.000,5.000,9.0
2008-10-19,09:45:00,0.758,0.198,240.740,3.200,0.000,4.000,1.0
2008-10-19,09:46:00,0.890,0.152,240.290,3.600,0.000,1.000,0.0
2008-10-19,09:47:00,0.924,0.158,240.480,3.800,0.000,2.000,1.0
2008-10-19,09:48:00,0.936,0.144,240.290,3.800,0.000,1.000,1.0
2008-10-19,09:49:00,1.538,0.282,239.510,7.200,0.000,2.000,0.0
2008-10-19,09:50:00,2.344,0.448,238.610,10.000,0.000,2.000,1.0
2008-10-19,09:51:00,3.554,0.346,237.690,15.800,0.000,18.000,1.0
2008-10-19,09:52:00,4.432,0.338,236.420,18.800,0.000,37.000,0.0
2008-10-19,09:53:00,4.404,0.334,236.360,18.600,0.000,38.000,1.0
2008-10-19,09:54:00,4.318,0.334,236.470,18.200,0.000,37.000,0.0
2008-10-19,09:55:00,4.346,0.338,237.370,18.400,0.000,37.000,1.0
2008-10-19,09:56:00,4.358,0.332,237.600,18.400,0.000,38.000,1.0
2008-10-19,09:57:00,4.330,0.328,236.970,18.200,0.000,38.000,0.0
2008-10-19,09:58:00,4.302,0.326,236.370,18.200,0.000,37.000,1.0
2008-10-19,09:59:00,4.110,0.288,236.200,17.600,0.000,37.000,1.0
2008-10-19,10:00:00,4.260,0.318,235.080,18.200,0.000,37.000,0.0
2008-10-19,10:01:00,2.000,0.000,237.330,9.800,0.000,26.000,1.0
2008-10-19,10:02:00,0.718,0.000,238.500,3.800,0.000,1.000,1.0
2008-10-19,10:03:00,2.652,0.228,237.260,11.800,0.000,31.000,0.0
2008-10-19,10:04:00,1.330,0.454,238.490,6.200,0.000,1.000,1.0
2008-10-19,10:05:00,1.286,0.452,236.600,6.000,0.000,1.000,0.0
2008-10-19,10:06:00,1.294,0.428,236.570,6.000,0.000,0.000,1.0
2008-10-19,10:07:00,1.356,0.430,239.010,6.200,0.000,1.000,1.0
2008-10-19,10:08:00,1.374,0.424,238.480,6.400,0.000,2.000,0.0
2008-10-19,10:09:00,0.518,0.092,237.860,2.400,0.000,1.000,1.0
2008-10-19,10:10:00,0.522,0.050,238.930,2.200,0.000,1.000,1.0
2008-10-19,10:11:00,0.544,0.000,237.400,2.400,0.000,1.000,0.0
2008-10-19,10:12:00,0.536,0.000,239.540,2.200,0.000,1.000,1.0
2008-10-19,10:13:00,0.508,0.000,239.000,2.000,0.000,1.000,1.0
2008-10-19,10:14:00,1.436,0.060,238.250,7.400,0.000,12.000,0.0
2008-10-19,10:15:00,2.822,0.000,237.150,11.800,0.000,37.000,1.0
2008-10-19,10:16:00,2.518,0.000,237.360,11.200,0.000,29.000,1.0
2008-10-19,10:17:00,3.050,0.000,237.660,12.800,0.000,37.000,0.0
2008-10-19,10:18:00,2.556,0.088,238.380,11.400,0.000,28.000,1.0
2008-10-19,10:19:00,3.282,0.108,237.270,13.800,0.000,40.000,0.0
2008-10-19,10:20:00,3.362,0.140,236.770,14.200,0.000,43.000,1.0
2008-10-19,10:21:00,3.306,0.118,236.530,13.800,0.000,41.000,1.0
2008-10-19,10:22:00,3.034,0.142,236.820,13.000,0.000,39.000,0.0
2008-10-19,10:23:00,1.838,0.122,238.520,7.800,0.000,22.000,1.0
2008-10-19,10:24:00,2.722,0.072,237.990,11.400,0.000,36.000,1.0
2008-10-19,10:25:00,1.882,0.050,238.950,8.200,0.000,24.000,0.0
2008-10-19,10:26:00,2.272,0.198,238.980,9.800,0.000,26.000,1.0
2008-10-19,10:27:00,2.106,0.086,238.100,9.200,0.000,27.000,1.0
2008-10-19,10:28:00,1.890,0.092,237.570,8.200,0.000,22.000,0.0
2008-10-19,10:29:00,2.548,0.066,236.620,10.800,0.000,35.000,1.0
2008-10-19,10:30:00,1.480,0.090,236.980,6.200,0.000,16.000,0.0
2008-10-19,10:31:00,2.592,0.064,235.830,11.000,0.000,34.000,1.0
2008-10-19,10:32:00,1.666,0.096,238.820,7.200,0.000,20.000,1.0
2008-10-19,10:33:00,2.364,0.076,238.610,10.000,0.000,30.000,0.0
2008-10-19,10:34:00,1.752,0.096,238.770,7.600,0.000,21.000,1.0
2008-10-19,10:35:00,2.400,0.072,238.190,10.200,0.000,28.000,1.0
2008-10-19,10:36:00,1.730,0.096,239.630,7.400,0.000,22.000,0.0
2008-10-19,10:37:00,2.302,0.078,239.500,9.800,0.000,29.000,1.0
2008-10-19,10:38:00,1.708,0.098,240.240,7.200,0.000,21.000,1.0
2008-10-19,10:39:00,2.336,0.080,240.120,10.000,0.000,29.000,0.0
2008-10-19,10:40:00,1.590,0.098,240.460,6.600,0.000,19.000,1.0
2008-10-19,10:41:00,2.470,0.078,239.430,10.400,0.000,31.000,1.0
2008-10-19,10:42:00,1.502,0.086,239.080,6.200,0.000,18.000,0.0
2008-10-19,10:43:00,2.420,0.064,237.670,10.400,0.000,32.000,1.0
2008-10-19,10:44:00,1.486,0.082,237.790,6.200,0.000,17.000,1.0
2008-10-19,10:45:00,3.284,0.048,235.850,14.200,0.000,32.000,12.0
2008-10-19,10:46:00,2.460,0.058,236.620,10.400,0.000,17.000,19.0
2008-10-19,10:47:00,3.380,0.070,236.390,14.400,0.000,31.000,18.0
2008-10-19,10:48:00,2.456,0.056,237.300,10.200,0.000,17.000,18.0
2008-10-19,10:49:00,3.438,0.070,236.190,14.600,0.000,33.000,18.0
2008-10-19,10:50:00,2.448,0.054,237.620,10.200,0.000,16.000,18.0
2008-10-19,10:51:00,3.398,0.064,235.450,14.400,0.000,32.000,18.0
2008-10-19,10:52:00,2.420,0.052,236.140,10.200,0.000,16.000,17.0
2008-10-19,10:53:00,3.222,0.066,234.720,13.800,0.000,30.000,18.0
2008-10-19,10:54:00,2.732,0.000,235.880,11.800,0.000,18.000,20.0
2008-10-19,10:55:00,3.732,0.000,233.970,16.000,0.000,30.000,27.0
2008-10-19,10:56:00,3.270,0.000,235.190,14.000,0.000,18.000,27.0
2008-10-19,10:57:00,3.984,0.124,234.340,17.200,0.000,27.000,28.0
2008-10-19,10:58:00,3.828,0.130,234.210,16.400,0.000,21.000,28.0
2008-10-19,10:59:00,3.694,0.116,234.630,16.000,0.000,24.000,28.0
2008-10-19,11:00:00,3.406,0.000,235.160,14.600,0.000,25.000,17.0
2008-10-19,11:01:00,2.722,0.000,235.870,11.600,0.000,20.000,18.0
2008-10-19,11:02:00,3.376,0.092,235.400,14.400,0.000,30.000,17.0
2008-10-19,11:03:00,2.648,0.162,236.630,11.200,0.000,18.000,18.0
2008-10-19,11:04:00,3.436,0.156,236.010,14.600,0.000,30.000,18.0
2008-10-19,11:05:00,2.808,0.158,236.110,12.000,0.000,18.000,18.0
2008-10-19,11:06:00,3.338,0.148,235.650,14.400,0.000,30.000,17.0
2008-10-19,11:07:00,2.968,0.160,236.730,12.600,0.000,22.000,18.0
2008-10-19,11:08:00,2.686,0.152,236.380,11.800,0.000,22.000,18.0
2008-10-19,11:09:00,1.828,0.172,237.460,7.600,0.000,5.000,18.0
2008-10-19,11:10:00,1.814,0.122,238.610,7.600,0.000,5.000,18.0
2008-10-19,11:11:00,1.774,0.078,238.680,7.400,0.000,5.000,18.0
2008-10-19,11:12:00,1.734,0.064,238.170,7.200,0.000,5.000,18.0
2008-10-19,11:13:00,1.702,0.100,238.440,7.000,0.000,5.000,18.0
2008-10-19,11:14:00,1.592,0.098,237.130,6.600,0.000,4.000,18.0
2008-10-19,11:15:00,1.614,0.110,236.610,6.800,0.000,5.000,18.0
2008-10-19,11:16:00,1.534,0.086,236.270,6.400,0.000,4.000,17.0
2008-10-19,11:17:00,1.392,0.052,236.720,5.800,0.000,2.000,18.0
2008-10-19,11:18:00,1.396,0.062,236.880,5.800,0.000,1.000,18.0
2008-10-19,11:19:00,1.410,0.082,237.180,6.000,0.000,2.000,18.0
2008-10-19,11:20:00,1.518,0.194,237.780,6.400,0.000,1.000,18.0
2008-10-19,11:21:00,1.502,0.192,238.050,6.200,0.000,2.000,18.0
2008-10-19,11:22:00,1.520,0.196,238.370,6.400,0.000,1.000,18.0
2008-10-19,11:23:00,1.496,0.192,238.540,6.200,0.000,1.000,18.0
2008-10-19,11:24:00,1.506,0.194,238.140,6.400,0.000,2.000,18.0
2008-10-19,11:25:00,1.310,0.190,238.040,5.800,0.000,1.000,16.0
2008-10-19,11:26:00,0.460,0.210,239.530,2.000,0.000,2.000,1.0
2008-10-19,11:27:00,0.442,0.210,240.190,2.000,0.000,1.000,0.0
2008-10-19,11:28:00,0.460,0.210,239.720,2.000,0.000,2.000,1.0
2008-10-19,11:29:00,0.448,0.214,241.100,2.000,0.000,1.000,1.0
2008-10-19,11:30:00,0.464,0.214,240.400,2.000,0.000,1.000,0.0
2008-10-19,11:31:00,0.440,0.206,239.370,2.000,0.000,2.000,1.0
2008-10-19,11:32:00,0.400,0.114,240.440,1.800,0.000,0.000,1.0
2008-10-19,11:33:00,0.364,0.088,240.390,1.600,0.000,0.000,0.0
2008-10-19,11:34:00,0.380,0.092,240.020,1.600,0.000,1.000,1.0
2008-10-19,11:35:00,0.370,0.088,239.870,1.600,0.000,0.000,1.0
2008-10-19,11:36:00,0.370,0.088,239.080,1.600,0.000,0.000,0.0
2008-10-19,11:37:00,0.378,0.088,239.230,1.600,0.000,0.000,1.0
2008-10-19,11:38:00,0.358,0.082,238.560,1.400,0.000,0.000,1.0
2008-10-19,11:39:00,0.302,0.000,238.350,1.200,0.000,1.000,0.0
2008-10-19,11:40:00,0.266,0.000,239.120,1.000,0.000,0.000,1.0
2008-10-19,11:41:00,0.286,0.000,240.110,1.200,0.000,0.000,1.0
2008-10-19,11:42:00,0.310,0.000,239.940,1.400,0.000,0.000,0.0
2008-10-19,11:43:00,0.362,0.060,239.830,1.600,0.000,0.000,1.0
2008-10-19,11:44:00,0.344,0.058,239.680,1.400,0.000,0.000,1.0
2008-10-19,11:45:00,0.362,0.064,240.380,1.600,0.000,1.000,0.0
2008-10-19,11:46:00,0.344,0.058,240.250,1.400,0.000,0.000,1.0
2008-10-19,11:47:00,0.360,0.062,239.630,1.400,0.000,0.000,1.0
2008-10-19,11:48:00,0.342,0.058,240.070,1.400,0.000,0.000,0.0
2008-10-19,11:49:00,0.358,0.062,239.820,1.400,0.000,0.000,1.0
2008-10-19,11:50:00,0.338,0.056,239.300,1.400,0.000,0.000,1.0
2008-10-19,11:51:00,0.358,0.062,239.520,1.400,0.000,0.000,0.0
2008-10-19,11:52:00,0.338,0.058,239.670,1.400,0.000,0.000,1.0
2008-10-19,11:53:00,0.358,0.064,240.060,1.400,0.000,1.000,1.0
2008-10-19,11:54:00,0.336,0.058,238.900,1.400,0.000,0.000,0.0
2008-10-19,11:55:00,0.354,0.062,239.330,1.400,0.000,0.000,1.0
2008-10-19,11:56:00,0.288,0.000,239.530,1.200,0.000,0.000,0.0
2008-10-19,11:57:00,0.278,0.000,238.770,1.200,0.000,0.000,1.0
2008-10-19,11:58:00,0.260,0.000,239.450,1.000,0.000,0.000,1.0
2008-10-19,11:59:00,0.280,0.000,239.250,1.200,0.000,1.000,0.0
2008-10-19,12:00:00,0.260,0.000,238.880,1.000,0.000,0.000,1.0
2008-10-19,12:01:00,0.280,0.000,239.080,1.200,0.000,0.000,1.0
2008-10-19,12:02:00,0.262,0.000,240.200,1.000,0.000,0.000,0.0
2008-10-19,12:03:00,0.280,0.000,240.530,1.200,0.000,0.000,1.0
2008-10-19,12:04:00,0.260,0.000,239.710,1.000,0.000,0.000,1.0
2008-10-19,12:05:00,0.280,0.000,239.440,1.200,0.000,1.000,0.0
2008-10-19,12:06:00,0.274,0.000,240.400,1.200,0.000,0.000,1.0
2008-10-19,12:07:00,0.270,0.000,240.600,1.200,0.000,0.000,1.0
2008-10-19,12:08:00,0.280,0.000,240.130,1.200,0.000,0.000,0.0
2008-10-19,12:09:00,0.262,0.000,240.020,1.000,0.000,0.000,1.0
2008-10-19,12:10:00,0.282,0.000,240.250,1.200,0.000,1.000,1.0
2008-10-19,12:11:00,0.366,0.064,240.390,1.600,0.000,0.000,0.0
2008-10-19,12:12:00,0.392,0.092,239.970,1.600,0.000,0.000,1.0
2008-10-19,12:13:00,0.368,0.088,239.980,1.600,0.000,0.000,1.0
2008-10-19,12:14:00,0.386,0.092,240.140,1.600,0.000,0.000,0.0
2008-10-19,12:15:00,0.366,0.088,239.700,1.600,0.000,0.000,1.0
2008-10-19,12:16:00,0.536,0.150,239.430,2.400,0.000,3.000,1.0
2008-10-19,12:17:00,0.564,0.144,239.660,2.400,0.000,3.000,0.0
2008-10-19,12:18:00,0.572,0.162,239.870,2.400,0.000,4.000,1.0
2008-10-19,12:19:00,0.562,0.142,239.260,2.400,0.000,3.000,1.0
2008-10-19,12:20:00,0.566,0.156,238.660,2.400,0.000,4.000,0.0
2008-10-19,12:21:00,0.560,0.140,239.200,2.400,0.000,3.000,1.0
2008-10-19,12:22:00,0.568,0.160,239.760,2.400,0.000,4.000,0.0
2008-10-19,12:23:00,0.562,0.144,240.230,2.400,0.000,3.000,1.0
2008-10-19,12:24:00,0.406,0.104,240.750,1.800,0.000,1.000,1.0
2008-10-19,12:25:00,0.360,0.088,240.570,1.400,0.000,0.000,0.0
2008-10-19,12:26:00,0.374,0.092,239.840,1.600,0.000,0.000,1.0
2008-10-19,12:27:00,0.356,0.088,239.670,1.400,0.000,0.000,1.0
2008-10-19,12:28:00,0.374,0.094,240.320,1.600,0.000,1.000,0.0
2008-10-19,12:29:00,0.448,0.186,240.500,2.000,0.000,0.000,1.0
2008-10-19,12:30:00,0.390,0.116,240.890,1.600,0.000,0.000,1.0
2008-10-19,12:31:00,0.358,0.068,241.020,1.400,0.000,0.000,0.0
2008-10-19,12:32:00,0.340,0.062,241.050,1.400,0.000,0.000,1.0
2008-10-19,12:33:00,0.358,0.066,240.850,1.400,0.000,0.000,1.0
2008-10-19,12:34:00,0.336,0.062,240.870,1.400,0.000,0.000,0.0
2008-10-19,12:35:00,0.354,0.068,241.440,1.400,0.000,1.000,1.0
2008-10-19,12:36:00,0.338,0.062,241.440,1.400,0.000,0.000,1.0
2008-10-19,12:37:00,0.352,0.068,241.170,1.400,0.000,0.000,0.0
2008-10-19,12:38:00,0.334,0.064,241.490,1.400,0.000,0.000,1.0
2008-10-19,12:39:00,0.352,0.068,241.890,1.400,0.000,0.000,1.0
2008-10-19,12:40:00,0.336,0.068,243.000,1.400,0.000,0.000,0.0
2008-10-19,12:41:00,0.356,0.072,242.980,1.400,0.000,1.000,1.0
2008-10-19,12:42:00,0.306,0.000,243.830,1.200,0.000,0.000,1.0
2008-10-19,12:43:00,0.290,0.000,244.620,1.200,0.000,0.000,0.0
2008-10-19,12:44:00,0.268,0.000,244.330,1.000,0.000,0.000,1.0
2008-10-19,12:45:00,0.288,0.000,243.540,1.200,0.000,0.000,1.0
2008-10-19,12:46:00,0.268,0.000,243.500,1.000,0.000,0.000,0.0
2008-10-19,12:47:00,0.286,0.000,242.970,1.200,0.000,1.000,1.0
2008-10-19,12:48:00,0.266,0.000,242.730,1.000,0.000,0.000,1.0
2008-10-19,12:49:00,0.284,0.000,242.160,1.200,0.000,0.000,0.0
2008-10-19,12:50:00,0.266,0.000,241.950,1.000,0.000,0.000,1.0
2008-10-19,12:51:00,0.282,0.000,241.530,1.200,0.000,0.000,1.0
2008-10-19,12:52:00,0.268,0.000,241.960,1.000,0.000,0.000,0.0
2008-10-19,12:53:00,0.284,0.000,242.280,1.200,0.000,1.000,1.0
2008-10-19,12:54:00,0.266,0.000,241.790,1.000,0.000,0.000,1.0
2008-10-19,12:55:00,0.354,0.000,240.780,1.600,0.000,1.000,0.0
2008-10-19,12:56:00,0.352,0.082,241.180,1.400,0.000,1.000,1.0
2008-10-19,12:57:00,0.370,0.086,241.350,1.600,0.000,2.000,1.0
2008-10-19,12:58:00,0.354,0.084,242.300,1.400,0.000,2.000,0.0
2008-10-19,12:59:00,0.372,0.092,242.870,1.600,0.000,1.000,1.0
2008-10-19,13:00:00,0.364,0.084,242.190,1.600,0.000,2.000,1.0
2008-10-19,13:01:00,0.362,0.090,243.160,1.600,0.000,2.000,0.0
2008-10-19,13:02:00,0.372,0.090,242.360,1.600,0.000,1.000,1.0
2008-10-19,13:03:00,0.456,0.194,242.440,2.000,0.000,2.000,1.0
2008-10-19,13:04:00,0.480,0.228,242.840,2.200,0.000,2.000,0.0
2008-10-19,13:05:00,0.456,0.218,241.600,2.000,0.000,1.000,1.0
2008-10-19,13:06:00,0.476,0.226,242.830,2.200,0.000,2.000,1.0
2008-10-19,13:07:00,0.456,0.224,243.320,2.000,0.000,1.000,0.0
2008-10-19,13:08:00,0.876,0.322,242.680,4.000,0.000,2.000,7.0
2008-10-19,13:09:00,1.050,0.360,242.700,4.600,0.000,1.000,11.0
2008-10-19,13:10:00,1.090,0.348,241.380,4.600,0.000,2.000,11.0
2008-10-19,13:11:00,1.092,0.346,241.750,4.600,0.000,1.000,11.0
2008-10-19,13:12:00,1.116,0.356,242.250,4.800,0.000,2.000,12.0
2008-10-19,13:13:00,0.502,0.234,242.880,2.400,0.000,1.000,2.0
2008-10-19,13:14:00,0.460,0.228,242.930,2.000,0.000,2.000,1.0
2008-10-19,13:15:00,0.474,0.248,242.690,2.200,0.000,1.000,1.0
2008-10-19,13:16:00,0.532,0.330,242.470,2.600,0.000,2.000,0.0
2008-10-19,13:17:00,0.512,0.324,242.190,2.400,0.000,1.000,1.0
2008-10-19,13:18:00,0.528,0.324,241.480,2.600,0.000,2.000,1.0
2008-10-19,13:19:00,0.510,0.322,241.810,2.400,0.000,1.000,0.0
2008-10-19,13:20:00,0.526,0.328,241.990,2.600,0.000,2.000,1.0
2008-10-19,13:21:00,0.508,0.326,242.820,2.400,0.000,1.000,1.0
2008-10-19,13:22:00,0.456,0.220,242.380,2.200,0.000,1.000,0.0
2008-10-19,13:23:00,0.338,0.066,242.690,1.400,0.000,0.000,1.0
2008-10-19,13:24:00,0.354,0.068,241.440,1.400,0.000,0.000,1.0
2008-10-19,13:25:00,0.336,0.064,241.510,1.400,0.000,0.000,0.0
2008-10-19,13:26:00,0.354,0.072,242.810,1.400,0.000,0.000,1.0
2008-10-19,13:27:00,0.334,0.066,241.650,1.400,0.000,0.000,1.0
2008-10-19,13:28:00,0.350,0.068,240.570,1.400,0.000,1.000,0.0
2008-10-19,13:29:00,0.272,0.000,241.510,1.200,0.000,0.000,1.0
2008-10-19,13:30:00,0.282,0.000,241.300,1.200,0.000,0.000,1.0
2008-10-19,13:31:00,0.278,0.000,241.390,1.200,0.000,0.000,0.0
2008-10-19,13:32:00,0.272,0.000,241.950,1.200,0.000,0.000,1.0
2008-10-19,13:33:00,0.284,0.000,241.720,1.200,0.000,0.000,1.0
2008-10-19,13:34:00,0.266,0.000,242.290,1.000,0.000,1.000,0.0
2008-10-19,13:35:00,0.286,0.000,242.300,1.200,0.000,0.000,1.0
2008-10-19,13:36:00,0.266,0.000,242.240,1.000,0.000,0.000,1.0
2008-10-19,13:37:00,0.284,0.000,242.450,1.200,0.000,0.000,0.0
2008-10-19,13:38:00,0.262,0.000,240.820,1.000,0.000,0.000,1.0
2008-10-19,13:39:00,0.280,0.000,239.830,1.200,0.000,1.000,1.0
2008-10-19,13:40:00,0.262,0.000,240.560,1.000,0.000,0.000,0.0
2008-10-19,13:41:00,0.282,0.000,241.310,1.200,0.000,0.000,1.0
2008-10-19,13:42:00,0.266,0.000,241.620,1.000,0.000,0.000,1.0
2008-10-19,13:43:00,0.284,0.000,242.490,1.200,0.000,0.000,0.0
2008-10-19,13:44:00,0.266,0.000,242.580,1.000,0.000,0.000,1.0
2008-10-19,13:45:00,0.284,0.000,242.500,1.200,0.000,0.000,1.0
2008-10-19,13:46:00,0.266,0.000,242.590,1.000,0.000,0.000,0.0
2008-10-19,13:47:00,0.286,0.000,242.250,1.200,0.000,1.000,1.0
2008-10-19,13:48:00,0.266,0.000,241.770,1.000,0.000,0.000,1.0
2008-10-19,13:49:00,0.284,0.000,242.060,1.200,0.000,0.000,0.0
2008-10-19,13:50:00,0.266,0.000,241.880,1.000,0.000,0.000,1.0
2008-10-19,13:51:00,0.282,0.000,241.520,1.200,0.000,0.000,1.0
2008-10-19,13:52:00,0.266,0.000,241.210,1.000,0.000,0.000,0.0
2008-10-19,13:53:00,0.284,0.000,242.180,1.200,0.000,1.000,1.0
2008-10-19,13:54:00,0.268,0.000,242.590,1.000,0.000,0.000,1.0
2008-10-19,13:55:00,0.286,0.000,242.330,1.200,0.000,0.000,0.0
2008-10-19,13:56:00,0.358,0.054,243.240,1.600,0.000,0.000,1.0
2008-10-19,13:57:00,0.400,0.108,243.990,1.600,0.000,0.000,1.0
2008-10-19,13:58:00,0.378,0.104,244.350,1.600,0.000,0.000,1.0
2008-10-19,13:59:00,0.396,0.108,244.420,1.600,0.000,1.000,0.0
2008-10-19,14:00:00,0.378,0.100,243.320,1.600,0.000,0.000,1.0
2008-10-19,14:01:00,0.386,0.102,242.560,1.600,0.000,0.000,1.0
2008-10-19,14:02:00,0.386,0.102,242.500,1.600,0.000,0.000,0.0
2008-10-19,14:03:00,0.402,0.120,242.950,1.800,0.000,0.000,1.0
2008-10-19,14:04:00,0.466,0.210,243.450,2.000,0.000,0.000,1.0
2008-10-19,14:05:00,0.446,0.202,242.900,2.000,0.000,0.000,0.0
2008-10-19,14:06:00,0.460,0.206,242.370,2.000,0.000,1.000,1.0
2008-10-19,14:07:00,0.452,0.200,242.410,2.000,0.000,0.000,1.0
2008-10-19,14:08:00,0.494,0.204,242.260,2.200,0.000,0.000,0.0
2008-10-19,14:09:00,0.488,0.196,241.560,2.200,0.000,0.000,1.0
2008-10-19,14:10:00,0.504,0.200,241.410,2.200,0.000,0.000,1.0
2008-10-19,14:11:00,0.444,0.198,241.680,2.000,0.000,0.000,0.0
2008-10-19,14:12:00,0.464,0.204,242.110,2.000,0.000,1.000,1.0
2008-10-19,14:13:00,0.562,0.198,242.790,2.400,0.000,0.000,1.0
2008-10-19,14:14:00,0.634,0.194,242.170,2.600,0.000,0.000,0.0
2008-10-19,14:15:00,1.528,0.254,241.350,7.600,0.000,15.000,1.0
2008-10-19,14:16:00,2.566,0.106,239.360,10.600,0.000,36.000,1.0
2008-10-19,14:17:00,2.040,0.108,239.910,9.200,0.000,29.000,0.0
2008-10-19,14:18:00,2.492,0.000,239.260,10.400,0.000,36.000,1.0
2008-10-19,14:19:00,1.952,0.000,240.950,9.000,0.000,29.000,0.0
2008-10-19,14:20:00,2.492,0.000,241.280,10.200,0.000,37.000,1.0
2008-10-19,14:21:00,2.520,0.000,242.410,10.400,0.000,37.000,1.0
2008-10-19,14:22:00,2.520,0.000,242.870,10.200,0.000,38.000,0.0
2008-10-19,14:23:00,2.528,0.000,242.870,10.400,0.000,38.000,1.0
2008-10-19,14:24:00,2.522,0.000,243.080,10.200,0.000,37.000,1.0
2008-10-19,14:25:00,2.526,0.000,242.890,10.400,0.000,38.000,0.0
2008-10-19,14:26:00,2.514,0.000,242.660,10.200,0.000,37.000,1.0
2008-10-19,14:27:00,2.520,0.000,242.630,10.200,0.000,38.000,1.0
2008-10-19,14:28:00,2.512,0.000,242.520,10.200,0.000,38.000,0.0
2008-10-19,14:29:00,2.520,0.000,242.660,10.200,0.000,37.000,1.0
2008-10-19,14:30:00,2.508,0.000,242.250,10.200,0.000,38.000,1.0
2008-10-19,14:31:00,2.510,0.000,242.120,10.200,0.000,37.000,0.0
2008-10-19,14:32:00,1.706,0.000,242.850,7.400,0.000,26.000,1.0
2008-10-19,14:33:00,1.896,0.000,242.670,8.200,0.000,26.000,1.0
2008-10-19,14:34:00,1.524,0.000,242.970,6.600,0.000,22.000,0.0
2008-10-19,14:35:00,2.090,0.000,242.820,8.800,0.000,29.000,1.0
2008-10-19,14:36:00,2.070,0.000,242.420,8.800,0.000,32.000,1.0
2008-10-19,14:37:00,1.548,0.000,243.970,6.600,0.000,20.000,1.0
2008-10-19,14:38:00,2.520,0.000,242.680,10.200,0.000,38.000,0.0
2008-10-19,14:39:00,1.988,0.000,242.070,8.600,0.000,30.000,1.0
2008-10-19,14:40:00,1.586,0.000,241.790,6.800,0.000,21.000,0.0
2008-10-19,14:41:00,2.258,0.000,241.120,9.400,0.000,35.000,1.0
2008-10-19,14:42:00,1.424,0.148,242.140,6.000,0.000,18.000,1.0
2008-10-19,14:43:00,2.666,0.236,240.820,11.000,0.000,38.000,0.0
2008-10-19,14:44:00,1.572,0.280,241.770,6.600,0.000,22.000,1.0
2008-10-19,14:45:00,2.332,0.272,241.210,10.000,0.000,32.000,1.0
2008-10-19,14:46:00,1.454,0.282,241.830,6.000,0.000,19.000,0.0
2008-10-19,14:47:00,2.202,0.274,241.430,9.400,0.000,31.000,1.0
2008-10-19,14:48:00,1.688,0.330,244.150,7.200,0.000,20.000,1.0
2008-10-19,14:49:00,2.352,0.388,243.270,10.000,0.000,33.000,0.0
2008-10-19,14:50:00,1.790,0.394,243.250,7.800,0.000,21.000,1.0
2008-10-19,14:51:00,2.098,0.386,242.660,9.000,0.000,30.000,1.0
2008-10-19,14:52:00,2.024,0.390,242.720,8.800,0.000,25.000,0.0
2008-10-19,14:53:00,1.906,0.388,242.540,8.200,0.000,26.000,1.0
2008-10-19,14:54:00,2.202,0.388,242.710,9.400,0.000,28.000,1.0
2008-10-19,14:55:00,1.442,0.396,243.700,6.400,0.000,20.000,0.0
2008-10-19,14:56:00,0.730,0.420,244.730,3.400,0.000,5.000,1.0
2008-10-19,14:57:00,0.692,0.410,245.230,3.200,0.000,5.000,1.0
2008-10-19,14:58:00,0.728,0.414,244.190,3.400,0.000,5.000,1.0
2008-10-19,14:59:00,0.768,0.402,244.080,3.600,0.000,5.000,0.0
2008-10-19,15:00:00,0.804,0.410,243.950,3.600,0.000,5.000,1.0
2008-10-19,15:01:00,0.784,0.394,242.900,3.600,0.000,5.000,1.0
2008-10-19,15:02:00,0.766,0.372,243.650,3.400,0.000,4.000,0.0
2008-10-19,15:03:00,0.676,0.244,241.950,3.000,0.000,5.000,1.0
2008-10-19,15:04:00,0.414,0.094,242.580,1.800,0.000,2.000,1.0
2008-10-19,15:05:00,0.518,0.120,241.940,2.400,0.000,1.000,1.0
2008-10-19,15:06:00,1.002,0.218,240.970,4.200,0.000,1.000,11.0
2008-10-19,15:07:00,1.228,0.334,241.320,5.200,0.000,2.000,11.0
2008-10-19,15:08:00,1.324,0.216,241.510,5.600,0.000,1.000,11.0
2008-10-19,15:09:00,1.396,0.224,241.730,5.800,0.000,1.000,12.0
2008-10-19,15:10:00,1.970,0.206,241.860,8.600,0.000,19.000,6.0
2008-10-19,15:11:00,2.640,0.128,240.740,11.000,0.000,39.000,1.0
2008-10-19,15:12:00,2.620,0.134,239.490,10.800,0.000,38.000,1.0
2008-10-19,15:13:00,2.582,0.074,239.220,10.800,0.000,37.000,0.0
2008-10-19,15:14:00,2.560,0.000,240.060,10.600,0.000,37.000,1.0
2008-10-19,15:15:00,1.438,0.000,240.670,6.000,0.000,20.000,1.0
2008-10-19,15:16:00,2.244,0.000,239.110,9.600,0.000,30.000,0.0
2008-10-19,15:17:00,1.628,0.000,240.370,7.000,0.000,23.000,1.0
2008-10-19,15:18:00,0.558,0.000,242.200,2.400,0.000,4.000,1.0
2008-10-19,15:19:00,0.534,0.000,242.860,2.200,0.000,4.000,0.0
2008-10-19,15:20:00,0.544,0.000,242.540,2.200,0.000,3.000,1.0
2008-10-19,15:21:00,0.542,0.000,242.720,2.200,0.000,4.000,1.0
2008-10-19,15:22:00,0.500,0.000,242.030,2.000,0.000,3.000,0.0
2008-10-19,15:23:00,0.512,0.000,240.640,2.200,0.000,3.000,1.0
2008-10-19,15:24:00,0.488,0.000,241.730,2.000,0.000,3.000,1.0
2008-10-19,15:25:00,0.512,0.000,241.770,2.000,0.000,4.000,0.0
2008-10-19,15:26:00,0.320,0.000,242.120,1.400,0.000,0.000,1.0
2008-10-19,15:27:00,0.320,0.000,243.210,1.400,0.000,0.000,1.0
2008-10-19,15:28:00,0.306,0.000,241.840,1.200,0.000,1.000,0.0
2008-10-19,15:29:00,0.324,0.000,243.420,1.400,0.000,0.000,1.0
2008-10-19,15:30:00,0.304,0.000,243.320,1.200,0.000,0.000,1.0
2008-10-19,15:31:00,0.322,0.000,242.450,1.400,0.000,0.000,0.0
2008-10-19,15:32:00,0.304,0.000,242.900,1.200,0.000,0.000,1.0
2008-10-19,15:33:00,0.322,0.000,242.400,1.400,0.000,1.000,1.0
2008-10-19,15:34:00,0.302,0.000,241.980,1.200,0.000,0.000,0.0
2008-10-19,15:35:00,0.344,0.000,242.520,1.600,0.000,0.000,1.0
2008-10-19,15:36:00,0.380,0.076,241.720,1.600,0.000,0.000,1.0
2008-10-19,15:37:00,0.444,0.126,242.160,2.000,0.000,0.000,0.0
2008-10-19,15:38:00,0.492,0.212,242.450,2.200,0.000,0.000,1.0
2008-10-19,15:39:00,0.506,0.218,242.500,2.200,0.000,1.000,1.0
2008-10-19,15:40:00,0.486,0.216,243.220,2.200,0.000,0.000,0.0
2008-10-19,15:41:00,0.500,0.216,242.060,2.200,0.000,0.000,1.0
2008-10-19,15:42:00,0.476,0.206,241.120,2.200,0.000,0.000,1.0
2008-10-19,15:43:00,0.494,0.214,241.850,2.200,0.000,0.000,0.0
2008-10-19,15:44:00,0.474,0.210,241.740,2.200,0.000,0.000,1.0
2008-10-19,15:45:00,0.490,0.214,241.750,2.200,0.000,0.000,1.0
2008-10-19,15:46:00,0.472,0.214,242.600,2.200,0.000,0.000,0.0
2008-10-19,15:47:00,0.488,0.216,242.150,2.200,0.000,1.000,1.0
2008-10-19,15:48:00,0.438,0.164,241.670,2.000,0.000,0.000,1.0
2008-10-19,15:49:00,0.418,0.112,242.120,1.800,0.000,0.000,0.0
2008-10-19,15:50:00,0.398,0.108,241.860,1.800,0.000,0.000,1.0
2008-10-19,15:51:00,0.416,0.112,242.110,1.800,0.000,0.000,1.0
2008-10-19,15:52:00,0.398,0.108,242.330,1.600,0.000,0.000,0.0
2008-10-19,15:53:00,0.414,0.110,241.570,1.800,0.000,1.000,1.0
2008-10-19,15:54:00,0.396,0.108,241.850,1.600,0.000,0.000,1.0
2008-10-19,15:55:00,0.414,0.112,241.910,1.800,0.000,0.000,0.0
2008-10-19,15:56:00,0.402,0.108,241.710,1.800,0.000,0.000,1.0
2008-10-19,15:57:00,0.408,0.110,241.880,1.800,0.000,0.000,1.0
2008-10-19,15:58:00,0.336,0.000,242.610,1.400,0.000,0.000,0.0
2008-10-19,15:59:00,0.302,0.000,241.740,1.200,0.000,1.000,1.0
2008-10-19,16:00:00,0.322,0.000,242.650,1.400,0.000,0.000,1.0
2008-10-19,16:01:00,0.302,0.000,242.140,1.200,0.000,0.000,0.0
2008-10-19,16:02:00,0.320,0.000,241.750,1.400,0.000,0.000,1.0
2008-10-19,16:03:00,0.302,0.000,241.760,1.200,0.000,0.000,1.0
2008-10-19,16:04:00,0.320,0.000,242.120,1.400,0.000,1.000,0.0
2008-10-19,16:05:00,0.298,0.000,240.790,1.200,0.000,0.000,1.0
2008-10-19,16:06:00,0.362,0.000,241.770,1.600,0.000,0.000,1.0
2008-10-19,16:07:00,0.298,0.000,241.500,1.200,0.000,0.000,0.0
2008-10-19,16:08:00,0.318,0.000,242.610,1.400,0.000,0.000,1.0
2008-10-19,16:09:00,0.296,0.000,242.630,1.200,0.000,0.000,1.0
2008-10-19,16:10:00,0.314,0.000,243.130,1.400,0.000,0.000,0.0
2008-10-19,16:11:00,0.294,0.000,242.660,1.200,0.000,0.000,1.0
2008-10-19,16:12:00,0.312,0.000,241.820,1.400,0.000,1.000,1.0
2008-10-19,16:13:00,0.296,0.000,242.920,1.200,0.000,0.000,0.0
2008-10-19,16:14:00,0.314,0.000,242.400,1.400,0.000,0.000,1.0
2008-10-19,16:15:00,0.296,0.000,242.840,1.200,0.000,0.000,1.0
2008-10-19,16:16:00,0.314,0.000,243.070,1.400,0.000,0.000,0.0
2008-10-19,16:17:00,0.294,0.000,242.270,1.200,0.000,0.000,1.0
2008-10-19,16:18:00,0.316,0.000,243.320,1.400,0.000,1.000,1.0
2008-10-19,16:19:00,0.296,0.000,242.680,1.200,0.000,0.000,0.0
2008-10-19,16:20:00,0.316,0.000,243.510,1.400,0.000,0.000,1.0
2008-10-19,16:21:00,0.298,0.000,243.260,1.200,0.000,0.000,1.0
2008-10-19,16:22:00,0.386,0.050,242.470,1.800,0.000,0.000,0.0
2008-10-19,16:23:00,0.374,0.078,243.070,1.600,0.000,0.000,1.0
2008-10-19,16:24:00,0.424,0.082,242.510,1.800,0.000,1.000,1.0
2008-10-19,16:25:00,0.518,0.120,242.820,2.200,0.000,1.000,0.0
2008-10-19,16:26:00,0.584,0.146,243.150,2.400,0.000,3.000,1.0
2008-10-19,16:27:00,0.578,0.152,241.960,2.400,0.000,4.000,1.0
2008-10-19,16:28:00,0.598,0.138,242.100,2.600,0.000,3.000,0.0
2008-10-19,16:29:00,0.636,0.150,241.490,2.800,0.000,4.000,1.0
2008-10-19,16:30:00,0.628,0.134,241.020,2.600,0.000,3.000,1.0
2008-10-19,16:31:00,0.694,0.218,241.860,3.000,0.000,4.000,0.0
2008-10-19,16:32:00,0.732,0.266,240.830,3.200,0.000,3.000,1.0
2008-10-19,16:33:00,0.680,0.256,240.590,3.200,0.000,3.000,1.0
2008-10-19,16:34:00,0.564,0.244,242.100,2.600,0.000,1.000,0.0
2008-10-19,16:35:00,0.572,0.234,241.780,2.600,0.000,2.000,1.0
2008-10-19,16:36:00,0.546,0.230,241.720,2.400,0.000,1.000,1.0
2008-10-19,16:37:00,0.566,0.238,242.440,2.600,0.000,2.000,0.0
2008-10-19,16:38:00,0.544,0.236,242.870,2.400,0.000,2.000,1.0
2008-10-19,16:39:00,0.556,0.244,243.270,2.600,0.000,2.000,1.0
2008-10-19,16:40:00,0.536,0.234,242.760,2.400,0.000,1.000,0.0
2008-10-19,16:41:00,0.552,0.238,242.410,2.600,0.000,2.000,1.0
2008-10-19,16:42:00,0.534,0.236,243.240,2.400,0.000,1.000,1.0
2008-10-19,16:43:00,0.552,0.242,243.510,2.600,0.000,2.000,0.0
2008-10-19,16:44:00,0.528,0.232,242.480,2.400,0.000,1.000,1.0
2008-10-19,16:45:00,0.546,0.238,242.550,2.400,0.000,2.000,1.0
2008-10-19,16:46:00,0.526,0.230,241.940,2.400,0.000,1.000,0.0
2008-10-19,16:47:00,0.544,0.238,242.230,2.400,0.000,2.000,1.0
2008-10-19,16:48:00,0.524,0.232,242.230,2.400,0.000,1.000,1.0
2008-10-19,16:49:00,0.542,0.238,242.510,2.400,0.000,2.000,0.0
2008-10-19,16:50:00,0.526,0.234,242.230,2.400,0.000,1.000,1.0
2008-10-19,16:51:00,0.486,0.168,242.700,2.200,0.000,2.000,1.0
2008-10-19,16:52:00,0.444,0.102,242.540,2.000,0.000,1.000,0.0
2008-10-19,16:53:00,0.428,0.096,242.110,1.800,0.000,2.000,1.0
2008-10-19,16:54:00,0.442,0.098,241.300,2.000,0.000,1.000,1.0
2008-10-19,16:55:00,0.424,0.094,241.450,1.800,0.000,2.000,0.0
2008-10-19,16:56:00,0.470,0.108,241.770,2.200,0.000,1.000,1.0
2008-10-19,16:57:00,1.020,0.220,241.120,4.400,0.000,1.000,10.0
2008-10-19,16:58:00,1.058,0.226,241.350,4.400,0.000,2.000,11.0
2008-10-19,16:59:00,1.068,0.220,241.290,4.400,0.000,1.000,12.0
2008-10-19,17:00:00,1.098,0.228,241.690,4.600,0.000,2.000,11.0
2008-10-19,17:01:00,0.944,0.136,242.890,4.000,0.000,0.000,11.0
2008-10-19,17:02:00,0.372,0.000,243.310,1.600,0.000,1.000,1.0
2008-10-19,17:03:00,0.354,0.000,243.460,1.600,0.000,0.000,0.0
2008-10-19,17:04:00,0.394,0.000,242.950,1.800,0.000,0.000,1.0
2008-10-19,17:05:00,0.410,0.000,242.230,1.800,0.000,0.000,1.0
2008-10-19,17:06:00,0.432,0.000,242.920,1.800,0.000,0.000,0.0
2008-10-19,17:07:00,0.412,0.000,242.520,1.800,0.000,0.000,1.0
2008-10-19,17:08:00,0.492,0.000,238.100,2.200,0.000,0.000,1.0
2008-10-19,17:09:00,0.466,0.058,232.580,2.000,0.000,0.000,0.0
2008-10-19,17:10:00,0.482,0.060,231.830,2.200,0.000,1.000,1.0
2008-10-19,17:11:00,0.464,0.056,231.570,2.000,0.000,0.000,1.0
2008-10-19,17:12:00,0.480,0.058,231.460,2.200,0.000,0.000,0.0
2008-10-19,17:13:00,0.460,0.054,231.590,2.000,0.000,0.000,1.0
2008-10-19,17:14:00,0.478,0.056,231.620,2.200,0.000,0.000,0.0
2008-10-19,17:15:00,0.412,0.052,231.540,1.800,0.000,0.000,1.0
2008-10-19,17:16:00,0.366,0.058,231.270,1.600,0.000,1.000,1.0
2008-10-19,17:17:00,0.348,0.056,232.240,1.600,0.000,0.000,0.0
2008-10-19,17:18:00,0.366,0.060,232.740,1.600,0.000,0.000,1.0
2008-10-19,17:19:00,0.348,0.058,233.320,1.600,0.000,0.000,0.0
2008-10-19,17:20:00,0.302,0.000,233.080,1.400,0.000,0.000,1.0
2008-10-19,17:21:00,0.288,0.000,233.140,1.200,0.000,0.000,1.0
2008-10-19,17:22:00,0.290,0.000,232.760,1.200,0.000,1.000,0.0
2008-10-19,17:23:00,0.296,0.000,231.610,1.400,0.000,0.000,1.0
2008-10-19,17:24:00,0.376,0.054,231.600,1.800,0.000,0.000,0.0
2008-10-19,17:25:00,0.406,0.084,231.490,1.800,0.000,0.000,1.0
2008-10-19,17:26:00,0.386,0.082,232.780,1.600,0.000,0.000,1.0
2008-10-19,17:27:00,0.410,0.094,236.430,1.800,0.000,0.000,0.0
2008-10-19,17:28:00,0.392,0.094,237.820,1.600,0.000,0.000,1.0
2008-10-19,17:29:00,0.412,0.104,239.490,1.800,0.000,1.000,1.0
2008-10-19,17:30:00,0.394,0.100,240.080,1.600,0.000,0.000,0.0
2008-10-19,17:31:00,0.410,0.104,239.660,1.800,0.000,0.000,1.0
2008-10-19,17:32:00,0.392,0.102,240.360,1.600,0.000,0.000,1.0
2008-10-19,17:33:00,0.408,0.104,239.670,1.800,0.000,0.000,0.0
2008-10-19,17:34:00,0.390,0.102,240.310,1.600,0.000,0.000,1.0
2008-10-19,17:35:00,0.406,0.104,239.810,1.800,0.000,1.000,1.0
2008-10-19,17:36:00,0.388,0.102,240.100,1.600,0.000,0.000,0.0
2008-10-19,17:37:00,0.406,0.108,240.630,1.800,0.000,0.000,1.0
2008-10-19,17:38:00,0.386,0.100,239.790,1.600,0.000,0.000,1.0
2008-10-19,17:39:00,0.404,0.104,239.620,1.800,0.000,0.000,0.0
2008-10-19,17:40:00,0.386,0.102,240.090,1.600,0.000,0.000,1.0
2008-10-19,17:41:00,0.404,0.106,239.930,1.800,0.000,1.000,1.0
2008-10-19,17:42:00,0.386,0.102,240.360,1.600,0.000,0.000,0.0
2008-10-19,17:43:00,0.368,0.054,239.150,1.600,0.000,0.000,1.0
2008-10-19,17:44:00,0.290,0.000,239.400,1.200,0.000,0.000,0.0
2008-10-19,17:45:00,0.308,0.000,239.180,1.400,0.000,0.000,1.0
2008-10-19,17:46:00,0.290,0.000,239.240,1.200,0.000,0.000,1.0
2008-10-19,17:47:00,0.308,0.000,239.300,1.400,0.000,0.000,0.0
2008-10-19,17:48:00,0.292,0.000,239.850,1.200,0.000,0.000,1.0
2008-10-19,17:49:00,0.310,0.000,239.720,1.400,0.000,1.000,1.0
2008-10-19,17:50:00,0.288,0.000,238.560,1.200,0.000,0.000,0.0
2008-10-19,17:51:00,0.306,0.000,238.160,1.400,0.000,0.000,1.0
2008-10-19,17:52:00,0.302,0.000,239.000,1.400,0.000,0.000,1.0
2008-10-19,17:53:00,0.302,0.000,237.950,1.400,0.000,0.000,0.0
2008-10-19,17:54:00,0.402,0.064,238.410,1.800,0.000,1.000,1.0
2008-10-19,17:55:00,0.372,0.066,238.390,1.600,0.000,0.000,1.0
2008-10-19,17:56:00,0.390,0.072,238.680,1.600,0.000,0.000,0.0
2008-10-19,17:57:00,0.374,0.072,240.330,1.600,0.000,0.000,1.0
2008-10-19,17:58:00,0.386,0.078,240.670,1.600,0.000,0.000,1.0
2008-10-19,17:59:00,0.366,0.074,241.150,1.600,0.000,0.000,0.0
2008-10-19,18:00:00,0.382,0.074,239.690,1.600,0.000,1.000,1.0
2008-10-19,18:01:00,0.362,0.070,239.730,1.600,0.000,0.000,1.0
2008-10-19,18:02:00,0.380,0.076,240.190,1.600,0.000,0.000,0.0
2008-10-19,18:03:00,0.362,0.070,240.150,1.600,0.000,0.000,1.0
2008-10-19,18:04:00,0.378,0.074,239.530,1.600,0.000,0.000,1.0
2008-10-19,18:05:00,0.322,0.000,239.900,1.400,0.000,0.000,0.0
2008-10-19,18:06:00,0.308,0.000,238.860,1.400,0.000,0.000,1.0
2008-10-19,18:07:00,0.290,0.000,239.640,1.200,0.000,0.000,0.0
2008-10-19,18:08:00,0.314,0.000,238.750,1.400,0.000,1.000,1.0
2008-10-19,18:09:00,0.296,0.000,238.980,1.200,0.000,0.000,1.0
2008-10-19,18:10:00,0.314,0.000,239.240,1.400,0.000,0.000,0.0
2008-10-19,18:11:00,0.330,0.000,238.950,1.400,0.000,0.000,1.0
2008-10-19,18:12:00,0.366,0.000,239.190,1.600,0.000,0.000,1.0
2008-10-19,18:13:00,0.346,0.000,239.770,1.600,0.000,0.000,0.0
2008-10-19,18:14:00,0.366,0.000,240.110,1.600,0.000,1.000,1.0
2008-10-19,18:15:00,0.348,0.000,240.680,1.600,0.000,0.000,1.0
2008-10-19,18:16:00,0.376,0.000,239.580,1.800,0.000,0.000,0.0
2008-10-19,18:17:00,0.448,0.094,238.570,2.000,0.000,0.000,1.0
2008-10-19,18:18:00,0.462,0.098,238.550,2.000,0.000,0.000,1.0
2008-10-19,18:19:00,0.436,0.096,238.840,2.000,0.000,0.000,0.0
2008-10-19,18:20:00,0.454,0.102,239.250,2.000,0.000,1.000,1.0
2008-10-19,18:21:00,0.434,0.098,239.250,2.000,0.000,0.000,1.0
2008-10-19,18:22:00,0.452,0.102,239.250,2.000,0.000,0.000,0.0
2008-10-19,18:23:00,0.454,0.100,239.200,2.000,0.000,0.000,1.0
2008-10-19,18:24:00,0.440,0.100,239.560,2.000,0.000,0.000,1.0
2008-10-19,18:25:00,0.454,0.102,238.760,2.000,0.000,0.000,0.0
2008-10-19,18:26:00,0.482,0.144,239.550,2.200,0.000,1.000,1.0
2008-10-19,18:27:00,0.538,0.220,238.750,2.400,0.000,2.000,1.0
2008-10-19,18:28:00,0.518,0.216,238.660,2.400,0.000,1.000,0.0
2008-10-19,18:29:00,0.536,0.220,238.920,2.400,0.000,2.000,1.0
2008-10-19,18:30:00,0.514,0.212,237.830,2.400,0.000,2.000,0.0
2008-10-19,18:31:00,0.534,0.220,238.380,2.400,0.000,1.000,1.0
2008-10-19,18:32:00,0.508,0.218,239.580,2.400,0.000,2.000,1.0
2008-10-19,18:33:00,0.526,0.218,238.780,2.400,0.000,2.000,0.0
2008-10-19,18:34:00,0.506,0.214,238.630,2.400,0.000,1.000,1.0
2008-10-19,18:35:00,0.522,0.220,238.670,2.400,0.000,2.000,1.0
2008-10-19,18:36:00,0.438,0.120,238.410,2.000,0.000,1.000,0.0
2008-10-19,18:37:00,0.430,0.088,238.410,2.000,0.000,2.000,1.0
2008-10-19,18:38:00,0.414,0.086,238.360,1.800,0.000,1.000,1.0
2008-10-19,18:39:00,0.428,0.088,237.650,2.000,0.000,2.000,0.0
2008-10-19,18:40:00,0.438,0.102,238.040,2.000,0.000,1.000,1.0
2008-10-19,18:41:00,0.872,0.186,237.500,3.800,0.000,2.000,1.0
2008-10-19,18:42:00,1.002,0.180,237.330,4.200,0.000,1.000,0.0
2008-10-19,18:43:00,1.014,0.184,236.840,4.400,0.000,2.000,1.0
2008-10-19,18:44:00,0.988,0.176,235.920,4.200,0.000,1.000,0.0
2008-10-19,18:45:00,1.006,0.180,236.200,4.400,0.000,2.000,1.0
2008-10-19,18:46:00,0.986,0.178,236.780,4.200,0.000,1.000,1.0
2008-10-19,18:47:00,0.996,0.182,236.800,4.200,0.000,1.000,0.0
2008-10-19,18:48:00,0.974,0.180,237.360,4.200,0.000,2.000,1.0
2008-10-19,18:49:00,0.980,0.180,236.120,4.200,0.000,1.000,1.0
2008-10-19,18:50:00,0.948,0.174,235.200,4.000,0.000,1.000,0.0
2008-10-19,18:51:00,0.972,0.182,236.390,4.200,0.000,2.000,1.0
2008-10-19,18:52:00,0.946,0.162,236.010,4.000,0.000,1.000,1.0
2008-10-19,18:53:00,0.900,0.000,235.650,3.800,0.000,1.000,0.0
2008-10-19,18:54:00,1.166,0.000,236.770,4.800,0.000,0.000,1.0
2008-10-19,18:55:00,1.150,0.000,236.980,4.800,0.000,0.000,0.0
2008-10-19,18:56:00,1.162,0.000,237.140,4.800,0.000,1.000,1.0
2008-10-19,18:57:00,1.154,0.000,237.030,4.800,0.000,0.000,1.0
2008-10-19,18:58:00,1.224,0.000,237.350,5.200,0.000,0.000,0.0
2008-10-19,18:59:00,1.616,0.000,237.200,6.800,0.000,0.000,7.0
2008-10-19,19:00:00,1.812,0.062,236.620,7.600,0.000,0.000,11.0
2008-10-19,19:01:00,1.820,0.058,236.580,7.600,0.000,0.000,10.0
2008-10-19,19:02:00,1.854,0.060,236.300,7.800,0.000,1.000,12.0
2008-10-19,19:03:00,1.834,0.050,235.550,7.800,0.000,0.000,11.0
2008-10-19,19:04:00,1.502,0.000,235.360,6.400,0.000,0.000,6.0
2008-10-19,19:05:00,1.152,0.000,236.540,4.800,0.000,0.000,1.0
2008-10-19,19:06:00,1.414,0.000,237.330,6.000,0.000,0.000,1.0
2008-10-19,19:07:00,1.490,0.000,237.890,6.200,0.000,0.000,0.0
2008-10-19,19:08:00,1.508,0.000,237.200,6.400,0.000,1.000,1.0
2008-10-19,19:09:00,1.544,0.000,236.050,6.600,0.000,0.000,0.0
2008-10-19,19:10:00,1.592,0.082,235.320,6.800,0.000,0.000,1.0
2008-10-19,19:11:00,1.570,0.076,235.110,6.600,0.000,0.000,1.0
2008-10-19,19:12:00,1.586,0.082,235.080,6.600,0.000,0.000,0.0
2008-10-19,19:13:00,1.568,0.076,235.330,6.600,0.000,0.000,1.0
2008-10-19,19:14:00,1.578,0.080,234.680,6.600,0.000,0.000,1.0
2008-10-19,19:15:00,1.556,0.072,233.760,6.600,0.000,0.000,0.0
2008-10-19,19:16:00,1.596,0.076,234.240,6.800,0.000,1.000,1.0
2008-10-19,19:17:00,1.564,0.076,235.170,6.600,0.000,0.000,0.0
2008-10-19,19:18:00,1.574,0.078,234.790,6.600,0.000,0.000,1.0
2008-10-19,19:19:00,1.734,0.226,234.950,7.400,0.000,0.000,1.0
2008-10-19,19:20:00,1.800,0.264,234.630,7.600,0.000,0.000,0.0
2008-10-19,19:21:00,1.864,0.306,233.620,8.000,0.000,0.000,1.0
2008-10-19,19:22:00,1.972,0.434,233.280,8.600,0.000,1.000,1.0
2008-10-19,19:23:00,2.018,0.456,233.670,8.800,0.000,0.000,0.0
2008-10-19,19:24:00,2.042,0.504,233.580,9.000,0.000,0.000,1.0
2008-10-19,19:25:00,2.058,0.486,233.160,9.000,0.000,0.000,0.0
2008-10-19,19:26:00,2.244,0.332,234.010,9.800,0.000,0.000,6.0
2008-10-19,19:27:00,2.908,0.328,233.880,12.400,0.000,1.000,18.0
2008-10-19,19:28:00,2.910,0.326,233.130,12.400,0.000,0.000,18.0
2008-10-19,19:29:00,3.024,0.296,233.440,13.000,0.000,0.000,17.0
2008-10-19,19:30:00,2.746,0.194,232.900,11.800,0.000,0.000,18.0
2008-10-19,19:31:00,2.914,0.196,233.260,12.400,0.000,0.000,17.0
2008-10-19,19:32:00,2.762,0.194,233.450,11.800,0.000,0.000,18.0
2008-10-19,19:33:00,2.678,0.194,232.760,11.400,0.000,0.000,17.0
2008-10-19,19:34:00,2.668,0.190,233.330,11.400,0.000,0.000,17.0
2008-10-19,19:35:00,2.676,0.194,232.870,11.400,0.000,1.000,18.0
2008-10-19,19:36:00,2.866,0.188,232.810,12.200,0.000,0.000,17.0
2008-10-19,19:37:00,2.958,0.190,232.010,12.800,0.000,0.000,17.0
2008-10-19,19:38:00,2.428,0.190,232.450,10.400,0.000,0.000,17.0
2008-10-19,19:39:00,2.376,0.190,231.480,10.200,0.000,0.000,17.0
2008-10-19,19:40:00,2.350,0.186,231.170,10.200,0.000,0.000,17.0
2008-10-19,19:41:00,2.366,0.188,231.110,10.200,0.000,1.000,17.0
2008-10-19,19:42:00,2.348,0.184,231.080,10.200,0.000,0.000,17.0
2008-10-19,19:43:00,2.376,0.190,231.610,10.200,0.000,0.000,17.0
2008-10-19,19:44:00,2.346,0.166,231.740,10.000,0.000,0.000,17.0
2008-10-19,19:45:00,2.340,0.096,233.260,10.000,0.000,0.000,18.0
2008-10-19,19:46:00,2.304,0.070,234.160,9.800,0.000,0.000,17.0
2008-10-19,19:47:00,2.132,0.050,233.640,9.000,0.000,1.000,17.0
2008-10-19,19:48:00,2.134,0.054,234.930,9.000,0.000,0.000,18.0
2008-10-19,19:49:00,2.154,0.048,235.010,9.000,0.000,0.000,18.0
2008-10-19,19:50:00,2.110,0.054,233.460,9.000,0.000,0.000,17.0
2008-10-19,19:51:00,2.124,0.050,233.020,9.000,0.000,0.000,17.0
2008-10-19,19:52:00,2.310,0.100,232.340,9.800,0.000,0.000,17.0
2008-10-19,19:53:00,2.340,0.102,233.060,10.000,0.000,0.000,18.0
2008-10-19,19:54:00,2.326,0.098,232.590,10.000,0.000,0.000,17.0
2008-10-19,19:55:00,2.354,0.098,234.710,10.000,0.000,1.000,17.0
2008-10-19,19:56:00,2.384,0.102,235.670,10.000,0.000,0.000,18.0
2008-10-19,19:57:00,2.378,0.098,236.430,10.000,0.000,0.000,18.0
2008-10-19,19:58:00,2.394,0.102,236.260,10.000,0.000,0.000,17.0
2008-10-19,19:59:00,2.366,0.096,235.700,10.000,0.000,0.000,18.0
2008-10-19,20:00:00,2.384,0.100,235.760,10.000,0.000,1.000,18.0
2008-10-19,20:01:00,2.370,0.096,235.930,10.000,0.000,0.000,17.0
2008-10-19,20:02:00,2.444,0.154,235.950,10.400,0.000,0.000,18.0
2008-10-19,20:03:00,1.368,0.108,238.750,5.800,0.000,0.000,3.0
2008-10-19,20:04:00,1.286,0.094,239.120,5.400,0.000,0.000,1.0
2008-10-19,20:05:00,1.258,0.088,238.650,5.200,0.000,0.000,1.0
2008-10-19,20:06:00,1.254,0.090,237.500,5.200,0.000,1.000,0.0
2008-10-19,20:07:00,1.236,0.086,237.770,5.200,0.000,0.000,1.0
2008-10-19,20:08:00,1.262,0.092,238.850,5.200,0.000,0.000,1.0
2008-10-19,20:09:00,1.244,0.088,239.040,5.200,0.000,0.000,0.0
2008-10-19,20:10:00,1.318,0.094,239.580,5.400,0.000,0.000,1.0
2008-10-19,20:11:00,1.532,0.090,239.120,6.400,0.000,0.000,1.0
2008-10-19,20:12:00,1.774,0.138,239.200,7.400,0.000,0.000,0.0
2008-10-19,20:13:00,1.790,0.174,238.070,7.600,0.000,0.000,1.0
2008-10-19,20:14:00,1.734,0.236,237.430,7.400,0.000,1.000,1.0
2008-10-19,20:15:00,2.062,0.220,236.150,8.800,0.000,0.000,0.0
2008-10-19,20:16:00,2.128,0.224,235.920,9.000,0.000,0.000,1.0
2008-10-19,20:17:00,2.100,0.218,235.330,9.000,0.000,0.000,1.0
2008-10-19,20:18:00,2.106,0.220,234.450,9.000,0.000,0.000,0.0
2008-10-19,20:19:00,2.078,0.214,234.020,8.800,0.000,0.000,1.0
2008-10-19,20:20:00,2.210,0.270,234.250,9.400,0.000,1.000,0.0
2008-10-19,20:21:00,2.388,0.332,235.460,10.200,0.000,2.000,1.0
2008-10-19,20:22:00,2.696,0.338,236.260,11.400,0.000,2.000,1.0
2008-10-19,20:23:00,2.686,0.334,236.440,11.400,0.000,1.000,0.0
2008-10-19,20:24:00,2.694,0.336,236.200,11.400,0.000,2.000,1.0
2008-10-19,20:25:00,2.704,0.336,236.660,11.400,0.000,1.000,1.0
2008-10-19,20:26:00,2.688,0.334,236.830,11.400,0.000,2.000,0.0
2008-10-19,20:27:00,2.656,0.256,237.710,11.200,0.000,2.000,1.0
2008-10-19,20:28:00,2.494,0.198,236.950,10.600,0.000,1.000,1.0
2008-10-19,20:29:00,2.122,0.168,237.420,8.800,0.000,2.000,0.0
2008-10-19,20:30:00,2.100,0.162,237.260,8.800,0.000,1.000,1.0
2008-10-19,20:31:00,2.108,0.166,236.770,8.800,0.000,2.000,0.0
2008-10-19,20:32:00,2.094,0.162,237.280,8.800,0.000,1.000,1.0
2008-10-19,20:33:00,2.104,0.158,236.850,8.800,0.000,2.000,1.0
2008-10-19,20:34:00,2.020,0.062,236.910,8.400,0.000,1.000,0.0
2008-10-19,20:35:00,2.028,0.064,236.210,8.600,0.000,2.000,1.0
2008-10-19,20:36:00,2.028,0.062,237.320,8.400,0.000,1.000,1.0
2008-10-19,20:37:00,2.006,0.062,236.040,8.400,0.000,2.000,0.0
2008-10-19,20:38:00,1.842,0.064,237.480,7.600,0.000,1.000,1.0
2008-10-19,20:39:00,1.866,0.070,238.000,7.800,0.000,2.000,1.0
2008-10-19,20:40:00,1.842,0.064,237.610,7.600,0.000,1.000,0.0
2008-10-19,20:41:00,1.852,0.068,236.880,7.800,0.000,2.000,1.0
2008-10-19,20:42:00,1.844,0.066,237.920,7.600,0.000,1.000,0.0
2008-10-19,20:43:00,1.866,0.072,238.570,7.800,0.000,1.000,1.0
2008-10-19,20:44:00,1.850,0.070,239.330,7.600,0.000,2.000,1.0
2008-10-19,20:45:00,1.860,0.074,238.660,7.800,0.000,1.000,0.0
2008-10-19,20:46:00,1.838,0.000,240.820,7.600,0.000,1.000,1.0
2008-10-19,20:47:00,1.784,0.000,239.580,7.400,0.000,0.000,1.0
2008-10-19,20:48:00,1.756,0.048,238.720,7.200,0.000,0.000,0.0
2008-10-19,20:49:00,1.786,0.000,239.700,7.400,0.000,1.000,1.0
2008-10-19,20:50:00,1.764,0.048,239.500,7.200,0.000,0.000,1.0
2008-10-19,20:51:00,1.866,0.000,239.520,7.800,0.000,0.000,0.0
2008-10-19,20:52:00,1.886,0.082,239.060,7.800,0.000,0.000,1.0
2008-10-19,20:53:00,1.958,0.090,238.280,8.200,0.000,0.000,1.0
2008-10-19,20:54:00,1.900,0.084,238.390,8.000,0.000,0.000,0.0
2008-10-19,20:55:00,1.892,0.090,240.260,7.800,0.000,1.000,1.0
2008-10-19,20:56:00,2.016,0.086,240.510,8.400,0.000,0.000,1.0
2008-10-19,20:57:00,1.918,0.078,240.760,8.000,0.000,0.000,0.0
2008-10-19,20:58:00,1.940,0.082,240.830,8.000,0.000,0.000,1.0
2008-10-19,20:59:00,2.116,0.084,240.300,8.800,0.000,0.000,1.0
2008-10-19,21:00:00,2.230,0.088,240.010,9.200,0.000,1.000,0.0
2008-10-19,21:01:00,2.136,0.088,240.300,8.800,0.000,0.000,1.0
2008-10-19,21:02:00,1.970,0.094,241.510,8.200,0.000,0.000,1.0
2008-10-19,21:03:00,1.960,0.086,241.190,8.000,0.000,0.000,0.0
2008-10-19,21:04:00,1.910,0.092,241.140,7.800,0.000,0.000,1.0
2008-10-19,21:05:00,1.854,0.172,239.420,7.800,0.000,0.000,1.0
2008-10-19,21:06:00,1.744,0.190,239.100,7.200,0.000,0.000,0.0
2008-10-19,21:07:00,1.932,0.234,240.280,8.200,0.000,0.000,3.0
2008-10-19,21:08:00,2.468,0.324,239.620,10.400,0.000,1.000,11.0
2008-10-19,21:09:00,2.328,0.304,239.360,9.800,0.000,0.000,11.0
2008-10-19,21:10:00,2.362,0.302,238.560,10.000,0.000,0.000,11.0
2008-10-19,21:11:00,2.330,0.278,237.510,9.800,0.000,0.000,11.0
2008-10-19,21:12:00,1.946,0.110,237.920,8.200,0.000,0.000,7.0
2008-10-19,21:13:00,1.620,0.054,238.770,6.800,0.000,0.000,0.0
2008-10-19,21:14:00,1.648,0.062,239.610,6.800,0.000,1.000,1.0
2008-10-19,21:15:00,1.626,0.056,239.370,6.800,0.000,0.000,1.0
2008-10-19,21:16:00,1.640,0.060,239.150,6.800,0.000,0.000,0.0
2008-10-19,21:17:00,1.620,0.056,239.200,6.800,0.000,0.000,1.0
2008-10-19,21:18:00,1.644,0.062,239.800,6.800,0.000,0.000,1.0
2008-10-19,21:19:00,1.554,0.052,237.140,6.600,0.000,0.000,0.0
2008-10-19,21:20:00,1.246,0.000,237.900,5.200,0.000,1.000,1.0
2008-10-19,21:21:00,1.220,0.000,238.650,5.000,0.000,0.000,1.0
2008-10-19,21:22:00,1.128,0.000,238.240,4.800,0.000,0.000,0.0
2008-10-19,21:23:00,1.142,0.000,238.130,4.800,0.000,0.000,1.0
2008-10-19,21:24:00,1.240,0.000,238.980,5.200,0.000,0.000,1.0
2008-10-19,21:25:00,1.238,0.000,239.230,5.200,0.000,0.000,0.0
2008-10-19,21:26:00,1.236,0.000,239.420,5.200,0.000,1.000,1.0
2008-10-19,21:27:00,1.242,0.000,238.750,5.200,0.000,0.000,0.0
2008-10-19,21:28:00,1.342,0.046,238.200,5.600,0.000,0.000,1.0
2008-10-19,21:29:00,1.600,0.046,237.440,6.600,0.000,0.000,1.0
2008-10-19,21:30:00,1.586,0.052,237.790,6.600,0.000,0.000,0.0
2008-10-19,21:31:00,1.606,0.048,237.860,6.800,0.000,0.000,1.0
2008-10-19,21:32:00,2.360,0.000,237.180,10.200,0.000,0.000,1.0
2008-10-19,21:33:00,1.800,0.000,237.180,7.800,0.000,1.000,0.0
2008-10-19,21:34:00,1.586,0.000,238.170,6.600,0.000,0.000,1.0
2008-10-19,21:35:00,1.612,0.000,238.620,6.800,0.000,0.000,1.0
2008-10-19,21:36:00,1.592,0.000,238.100,6.600,0.000,0.000,0.0
2008-10-19,21:37:00,1.758,0.106,237.890,7.400,0.000,0.000,1.0
2008-10-19,21:38:00,2.174,0.124,237.660,9.600,0.000,0.000,1.0
2008-10-19,21:39:00,2.198,0.132,236.610,9.600,0.000,1.000,0.0
2008-10-19,21:40:00,1.650,0.098,236.030,7.000,0.000,0.000,1.0
2008-10-19,21:41:00,1.676,0.104,236.750,7.000,0.000,0.000,1.0
2008-10-19,21:42:00,1.676,0.106,238.670,7.000,0.000,0.000,0.0
2008-10-19,21:43:00,1.694,0.108,238.310,7.000,0.000,0.000,1.0
2008-10-19,21:44:00,1.670,0.104,238.380,7.000,0.000,0.000,0.0
2008-10-19,21:45:00,1.682,0.108,237.960,7.000,0.000,1.000,1.0
2008-10-19,21:46:00,1.664,0.104,238.240,7.000,0.000,0.000,1.0
2008-10-19,21:47:00,1.696,0.112,239.330,7.000,0.000,0.000,0.0
2008-10-19,21:48:00,1.678,0.110,239.730,7.000,0.000,0.000,1.0
2008-10-19,21:49:00,1.700,0.116,239.980,7.000,0.000,0.000,1.0
2008-10-19,21:50:00,1.690,0.110,239.100,7.000,0.000,0.000,0.0
2008-10-19,21:51:00,1.690,0.112,238.060,7.000,0.000,0.000,1.0
2008-10-19,21:52:00,1.682,0.190,238.870,7.000,0.000,0.000,1.0
2008-10-19,21:53:00,1.486,0.218,239.690,6.200,0.000,1.000,0.0
2008-10-19,21:54:00,1.448,0.244,238.930,6.200,0.000,0.000,1.0
2008-10-19,21:55:00,1.570,0.262,239.060,6.600,0.000,0.000,1.0
2008-10-19,21:56:00,1.566,0.254,238.520,6.600,0.000,0.000,0.0
2008-10-19,21:57:00,1.596,0.242,238.190,6.800,0.000,0.000,1.0
2008-10-19,21:58:00,1.646,0.244,237.410,7.000,0.000,1.000,1.0
2008-10-19,21:59:00,1.682,0.212,237.430,7.200,0.000,0.000,0.0
2008-10-19,22:00:00,1.702,0.112,237.210,7.200,0.000,0.000,1.0
2008-10-19,22:01:00,1.524,0.114,237.660,6.400,0.000,0.000,0.0
2008-10-19,22:02:00,1.674,0.116,236.740,7.200,0.000,0.000,1.0
2008-10-19,22:03:00,1.426,0.110,237.260,6.000,0.000,0.000,1.0
2008-10-19,22:04:00,1.440,0.116,237.820,6.000,0.000,1.000,0.0
2008-10-19,22:05:00,1.436,0.114,239.250,6.000,0.000,0.000,1.0
2008-10-19,22:06:00,1.406,0.050,239.320,5.800,0.000,0.000,1.0
2008-10-19,22:07:00,1.358,0.000,238.820,5.600,0.000,0.000,0.0
2008-10-19,22:08:00,1.378,0.000,238.750,5.800,0.000,0.000,1.0
2008-10-19,22:09:00,1.358,0.000,238.060,5.600,0.000,0.000,1.0
2008-10-19,22:10:00,1.392,0.000,239.430,5.800,0.000,1.000,0.0
2008-10-19,22:11:00,1.144,0.000,239.850,4.800,0.000,0.000,1.0
2008-10-19,22:12:00,1.140,0.000,238.890,4.800,0.000,0.000,1.0
2008-10-19,22:13:00,1.134,0.000,239.430,4.800,0.000,0.000,0.0
2008-10-19,22:14:00,1.000,0.000,238.210,4.200,0.000,0.000,1.0
2008-10-19,22:15:00,0.992,0.000,238.110,4.200,0.000,0.000,1.0
2008-10-19,22:16:00,0.996,0.104,238.490,4.200,0.000,2.000,0.0
2008-10-19,22:17:00,0.966,0.096,239.300,4.000,0.000,2.000,1.0
2008-10-19,22:18:00,0.992,0.104,241.330,4.200,0.000,1.000,1.0
2008-10-19,22:19:00,0.972,0.098,240.830,4.000,0.000,2.000,0.0
2008-10-19,22:20:00,0.990,0.100,239.580,4.200,0.000,2.000,1.0
2008-10-19,22:21:00,0.976,0.098,240.140,4.200,0.000,1.000,1.0
2008-10-19,22:22:00,1.002,0.106,241.600,4.200,0.000,2.000,0.0
2008-10-19,22:23:00,1.096,0.224,242.330,4.600,0.000,1.000,1.0
2008-10-19,22:24:00,1.110,0.242,241.910,4.800,0.000,2.000,1.0
2008-10-19,22:25:00,1.092,0.236,241.640,4.600,0.000,1.000,0.0
2008-10-19,22:26:00,1.092,0.236,240.980,4.600,0.000,2.000,1.0
2008-10-19,22:27:00,1.096,0.238,240.970,4.600,0.000,2.000,1.0
2008-10-19,22:28:00,1.070,0.228,239.820,4.600,0.000,1.000,0.0
2008-10-19,22:29:00,1.082,0.228,238.810,4.600,0.000,2.000,1.0
2008-10-19,22:30:00,1.060,0.224,238.960,4.600,0.000,1.000,0.0
2008-10-19,22:31:00,1.054,0.220,238.040,4.600,0.000,2.000,1.0
2008-10-19,22:32:00,1.050,0.220,237.910,4.600,0.000,1.000,1.0
2008-10-19,22:33:00,1.052,0.222,238.430,4.600,0.000,1.000,0.0
2008-10-19,22:34:00,1.052,0.222,238.840,4.600,0.000,1.000,1.0
2008-10-19,22:35:00,1.056,0.226,239.680,4.600,0.000,2.000,1.0
2008-10-19,22:36:00,1.060,0.228,240.110,4.600,0.000,1.000,0.0
2008-10-19,22:37:00,1.056,0.228,240.020,4.600,0.000,1.000,1.0
2008-10-19,22:38:00,1.064,0.234,241.440,4.600,0.000,1.000,1.0
2008-10-19,22:39:00,1.160,0.338,241.740,5.000,0.000,2.000,0.0
2008-10-19,22:40:00,1.140,0.342,242.730,5.000,0.000,1.000,1.0
2008-10-19,22:41:00,1.110,0.282,242.880,4.800,0.000,1.000,1.0
2008-10-19,22:42:00,1.138,0.198,243.610,4.800,0.000,0.000,0.0
2008-10-19,22:43:00,1.026,0.088,244.020,4.200,0.000,0.000,1.0
2008-10-19,22:44:00,0.976,0.088,244.430,4.000,0.000,0.000,1.0
2008-10-19,22:45:00,0.888,0.088,244.160,3.600,0.000,0.000,0.0
2008-10-19,22:46:00,0.864,0.090,244.370,3.600,0.000,0.000,1.0
2008-10-19,22:47:00,0.862,0.086,243.720,3.600,0.000,0.000,1.0
2008-10-19,22:48:00,0.864,0.086,243.570,3.600,0.000,0.000,0.0
2008-10-19,22:49:00,0.864,0.088,243.760,3.600,0.000,0.000,1.0
2008-10-19,22:50:00,0.858,0.086,242.890,3.600,0.000,0.000,1.0
2008-10-19,22:51:00,0.846,0.082,241.680,3.600,0.000,0.000,0.0
2008-10-19,22:52:00,0.832,0.062,242.300,3.400,0.000,0.000,1.0
2008-10-19,22:53:00,0.774,0.000,241.470,3.200,0.000,0.000,1.0
2008-10-19,22:54:00,0.778,0.000,242.280,3.200,0.000,0.000,0.0
2008-10-19,22:55:00,0.780,0.000,242.880,3.200,0.000,0.000,1.0
2008-10-19,22:56:00,0.776,0.000,242.160,3.200,0.000,0.000,1.0
2008-10-19,22:57:00,0.778,0.000,242.660,3.200,0.000,0.000,0.0
2008-10-19,22:58:00,0.776,0.000,242.620,3.200,0.000,0.000,1.0
2008-10-19,22:59:00,0.742,0.000,242.150,3.200,0.000,0.000,1.0
2008-10-19,23:00:00,0.692,0.000,242.970,2.800,0.000,0.000,0.0
2008-10-19,23:01:00,0.692,0.000,243.080,2.800,0.000,0.000,1.0
2008-10-19,23:02:00,0.694,0.000,243.540,2.800,0.000,0.000,1.0
2008-10-19,23:03:00,0.692,0.000,243.220,2.800,0.000,0.000,0.0
2008-10-19,23:04:00,1.082,0.052,243.690,4.600,0.000,0.000,7.0
2008-10-19,23:05:00,1.158,0.108,244.490,4.800,0.000,0.000,11.0
2008-10-19,23:06:00,1.270,0.100,243.340,5.200,0.000,0.000,11.0
2008-10-19,23:07:00,1.390,0.240,244.170,5.800,0.000,0.000,11.0
2008-10-19,23:08:00,1.356,0.242,244.810,5.600,0.000,0.000,12.0
2008-10-19,23:09:00,0.734,0.104,245.480,3.000,0.000,0.000,1.0
2008-10-19,23:10:00,0.732,0.102,245.370,3.000,0.000,0.000,1.0
2008-10-19,23:11:00,0.732,0.104,245.450,3.000,0.000,0.000,0.0
2008-10-19,23:12:00,0.730,0.104,245.510,3.000,0.000,0.000,1.0
2008-10-19,23:13:00,0.732,0.100,244.950,3.000,0.000,0.000,1.0
2008-10-19,23:14:00,0.906,0.100,245.770,3.800,0.000,0.000,0.0
2008-10-19,23:15:00,1.376,0.096,245.110,5.600,0.000,0.000,1.0
2008-10-19,23:16:00,1.372,0.096,245.050,5.600,0.000,0.000,1.0
2008-10-19,23:17:00,1.370,0.096,244.990,5.600,0.000,0.000,0.0
2008-10-19,23:18:00,1.362,0.092,244.160,5.600,0.000,0.000,1.0
2008-10-19,23:19:00,1.368,0.096,245.100,5.600,0.000,0.000,1.0
2008-10-19,23:20:00,1.366,0.094,244.860,5.600,0.000,0.000,0.0
2008-10-19,23:21:00,1.368,0.096,245.120,5.600,0.000,0.000,1.0
2008-10-19,23:22:00,1.366,0.096,245.020,5.600,0.000,0.000,1.0
2008-10-19,23:23:00,0.890,0.100,245.370,3.800,0.000,0.000,0.0
2008-10-19,23:24:00,0.740,0.096,245.060,3.000,0.000,0.000,1.0
2008-10-19,23:25:00,0.694,0.098,244.760,2.800,0.000,0.000,1.0
2008-10-19,23:26:00,0.720,0.108,244.470,3.000,0.000,0.000,0.0
2008-10-19,23:27:00,1.250,0.060,243.890,5.400,0.000,0.000,1.0
2008-10-19,23:28:00,0.988,0.062,243.760,4.400,0.000,0.000,1.0
2008-10-19,23:29:00,0.378,0.064,242.040,1.600,0.000,0.000,0.0
2008-10-19,23:30:00,0.394,0.064,241.870,1.600,0.000,0.000,1.0
2008-10-19,23:31:00,0.390,0.064,241.760,1.600,0.000,0.000,1.0
2008-10-19,23:32:00,0.388,0.064,241.840,1.600,0.000,0.000,0.0
2008-10-19,23:33:00,0.388,0.066,242.340,1.600,0.000,0.000,1.0
2008-10-19,23:34:00,0.376,0.064,241.960,1.600,0.000,0.000,1.0
2008-10-19,23:35:00,0.366,0.062,241.490,1.400,0.000,0.000,0.0
2008-10-19,23:36:00,0.366,0.062,241.270,1.400,0.000,0.000,1.0
2008-10-19,23:37:00,0.364,0.062,241.540,1.400,0.000,0.000,1.0
2008-10-19,23:38:00,0.322,0.064,241.890,1.400,0.000,0.000,0.0
2008-10-19,23:39:00,0.316,0.056,242.550,1.200,0.000,0.000,1.0
2008-10-19,23:40:00,0.252,0.000,242.770,1.000,0.000,0.000,1.0
2008-10-19,23:41:00,0.254,0.000,243.250,1.000,0.000,0.000,1.0
2008-10-19,23:42:00,0.254,0.000,243.420,1.000,0.000,0.000,0.0
2008-10-19,23:43:00,0.254,0.000,243.730,1.000,0.000,0.000,1.0
2008-10-19,23:44:00,0.254,0.000,243.880,1.000,0.000,0.000,1.0
2008-10-19,23:45:00,0.254,0.000,244.470,1.000,0.000,0.000,0.0
2008-10-19,23:46:00,0.254,0.000,244.070,1.000,0.000,0.000,1.0
2008-10-19,23:47:00,0.256,0.000,244.460,1.000,0.000,0.000,1.0
2008-10-19,23:48:00,0.256,0.000,244.750,1.000,0.000,0.000,0.0
2008-10-19,23:49:00,0.256,0.000,245.050,1.000,0.000,0.000,1.0
2008-10-19,23:50:00,0.256,0.000,244.930,1.000,0.000,0.000,1.0
2008-10-19,23:51:00,0.334,0.046,244.290,1.400,0.000,0.000,0.0
2008-10-19,23:52:00,0.364,0.100,243.850,1.600,0.000,0.000,1.0
2008-10-19,23:53:00,0.356,0.094,241.950,1.400,0.000,0.000,1.0
2008-10-19,23:54:00,0.354,0.092,240.450,1.400,0.000,0.000,0.0
2008-10-19,23:55:00,0.352,0.092,240.710,1.400,0.000,0.000,1.0
2008-10-19,23:56:00,0.352,0.094,240.920,1.400,0.000,0.000,1.0
2008-10-19,23:57:00,0.350,0.094,240.940,1.400,0.000,0.000,0.0
2008-10-19,23:58:00,0.350,0.094,241.370,1.400,0.000,0.000,1.0
2008-10-19,23:59:00,0.348,0.094,241.270,1.400,0.000,0.000,1.0
