Date,Time,Global_active_power,Global_reactive_power,Voltage,Global_intensity,Sub_metering_1,Sub_metering_2,Sub_metering_3
2008-10-21,00:00:00,0.416,0.100,241.900,1.800,0.000,1.000,0.0
2008-10-21,00:01:00,0.424,0.088,241.780,1.800,0.000,2.000,1.0
2008-10-21,00:02:00,0.404,0.084,241.960,1.800,0.000,1.000,1.0
2008-10-21,00:03:00,0.424,0.090,241.820,1.800,0.000,2.000,0.0
2008-10-21,00:04:00,0.402,0.084,241.810,1.800,0.000,1.000,1.0
2008-10-21,00:05:00,0.422,0.090,242.360,1.800,0.000,1.000,1.0
2008-10-21,00:06:00,0.402,0.086,242.330,1.800,0.000,2.000,0.0
2008-10-21,00:07:00,0.422,0.090,242.070,1.800,0.000,1.000,1.0
2008-10-21,00:08:00,0.402,0.084,241.990,1.800,0.000,2.000,1.0
2008-10-21,00:09:00,0.420,0.090,241.640,1.800,0.000,1.000,0.0
2008-10-21,00:10:00,0.400,0.086,241.980,1.800,0.000,1.000,1.0
2008-10-21,00:11:00,0.420,0.090,242.140,1.800,0.000,2.000,1.0
2008-10-21,00:12:00,0.400,0.084,241.780,1.800,0.000,1.000,0.0
2008-10-21,00:13:00,0.378,0.000,241.200,1.600,0.000,1.000,1.0
2008-10-21,00:14:00,0.326,0.000,241.290,1.400,0.000,0.000,1.0
2008-10-21,00:15:00,0.376,0.000,241.490,1.800,0.000,0.000,0.0
2008-10-21,00:16:00,0.402,0.066,241.450,1.800,0.000,0.000,1.0
2008-10-21,00:17:00,0.422,0.072,241.610,1.800,0.000,1.000,1.0
2008-10-21,00:18:00,0.404,0.068,242.040,1.800,0.000,0.000,0.0
2008-10-21,00:19:00,0.422,0.072,242.170,1.800,0.000,0.000,1.0
2008-10-21,00:20:00,0.398,0.064,240.700,1.800,0.000,0.000,1.0
2008-10-21,00:21:00,0.416,0.068,240.540,1.800,0.000,0.000,0.0
2008-10-21,00:22:00,0.396,0.062,240.190,1.800,0.000,0.000,1.0
2008-10-21,00:23:00,0.414,0.066,240.140,1.800,0.000,1.000,0.0
2008-10-21,00:24:00,0.394,0.062,240.460,1.600,0.000,0.000,1.0
2008-10-21,00:25:00,0.412,0.068,240.370,1.800,0.000,0.000,1.0
2008-10-21,00:26:00,0.392,0.062,239.920,1.600,0.000,0.000,0.0
2008-10-21,00:27:00,0.354,0.000,239.610,1.600,0.000,0.000,1.0
2008-10-21,00:28:00,0.336,0.000,239.230,1.600,0.000,0.000,1.0
2008-10-21,00:29:00,0.328,0.000,240.370,1.400,0.000,1.000,0.0
2008-10-21,00:30:00,0.344,0.000,240.550,1.600,0.000,0.000,1.0
2008-10-21,00:31:00,0.324,0.000,240.690,1.400,0.000,0.000,1.0
2008-10-21,00:32:00,0.344,0.000,241.110,1.600,0.000,0.000,0.0
2008-10-21,00:33:00,0.418,0.060,240.950,1.800,0.000,0.000,1.0
2008-10-21,00:34:00,0.454,0.098,240.880,2.000,0.000,1.000,1.0
2008-10-21,00:35:00,0.432,0.094,241.130,1.800,0.000,0.000,0.0
2008-10-21,00:36:00,0.450,0.098,241.130,2.000,0.000,0.000,1.0
2008-10-21,00:37:00,0.428,0.094,241.040,1.800,0.000,0.000,1.0
2008-10-21,00:38:00,0.446,0.100,241.290,2.000,0.000,0.000,0.0
2008-10-21,00:39:00,0.428,0.096,241.630,1.800,0.000,0.000,1.0
2008-10-21,00:40:00,0.446,0.102,241.640,2.000,0.000,1.000,1.0
2008-10-21,00:41:00,0.424,0.096,241.410,1.800,0.000,0.000,0.0
2008-10-21,00:42:00,0.442,0.100,241.290,2.000,0.000,0.000,1.0
2008-10-21,00:43:00,0.624,0.138,240.740,3.000,0.000,0.000,3.0
2008-10-21,00:44:00,1.044,0.220,240.190,4.400,0.000,0.000,11.0
2008-10-21,00:45:00,1.048,0.218,240.490,4.400,0.000,0.000,11.0
2008-10-21,00:46:00,1.092,0.218,240.350,4.600,0.000,0.000,12.0
2008-10-21,00:47:00,1.082,0.220,241.170,4.600,0.000,0.000,11.0
2008-10-21,00:48:00,0.962,0.200,241.570,4.200,0.000,1.000,11.0
2008-10-21,00:49:00,0.420,0.098,242.190,1.800,0.000,0.000,0.0
2008-10-21,00:50:00,0.440,0.104,242.110,2.000,0.000,0.000,1.0
2008-10-21,00:51:00,0.420,0.100,242.430,1.800,0.000,0.000,0.0
2008-10-21,00:52:00,0.406,0.056,242.500,1.800,0.000,0.000,1.0
2008-10-21,00:53:00,0.328,0.000,242.970,1.400,0.000,0.000,1.0
2008-10-21,00:54:00,0.348,0.000,242.980,1.600,0.000,1.000,0.0
2008-10-21,00:55:00,0.328,0.000,243.000,1.400,0.000,0.000,1.0
2008-10-21,00:56:00,0.346,0.000,242.520,1.600,0.000,0.000,1.0
2008-10-21,00:57:00,0.332,0.000,242.800,1.400,0.000,0.000,1.0
2008-10-21,00:58:00,0.340,0.000,242.380,1.400,0.000,0.000,0.0
2008-10-21,00:59:00,0.344,0.000,241.960,1.600,0.000,0.000,1.0
2008-10-21,01:00:00,0.328,0.000,241.700,1.400,0.000,1.000,0.0
2008-10-21,01:01:00,0.344,0.000,241.830,1.600,0.000,0.000,1.0
2008-10-21,01:02:00,0.326,0.000,242.000,1.400,0.000,0.000,1.0
2008-10-21,01:03:00,0.376,0.000,242.060,1.800,0.000,0.000,0.0
2008-10-21,01:04:00,0.404,0.068,242.230,1.800,0.000,0.000,1.0
2008-10-21,01:05:00,0.422,0.074,242.400,1.800,0.000,1.000,1.0
2008-10-21,01:06:00,0.402,0.068,242.190,1.800,0.000,0.000,0.0
2008-10-21,01:07:00,0.422,0.074,242.150,1.800,0.000,0.000,1.0
2008-10-21,01:08:00,0.400,0.068,241.910,1.800,0.000,0.000,1.0
2008-10-21,01:09:00,0.418,0.074,242.100,1.800,0.000,0.000,0.0
2008-10-21,01:10:00,0.398,0.070,242.180,1.800,0.000,0.000,1.0
2008-10-21,01:11:00,0.416,0.074,242.300,1.800,0.000,1.000,1.0
2008-10-21,01:12:00,0.396,0.068,242.120,1.600,0.000,0.000,0.0
2008-10-21,01:13:00,0.416,0.072,242.100,1.800,0.000,0.000,1.0
2008-10-21,01:14:00,0.394,0.068,241.780,1.600,0.000,0.000,1.0
2008-10-21,01:15:00,0.356,0.000,242.230,1.600,0.000,0.000,0.0
2008-10-21,01:16:00,0.326,0.000,242.070,1.400,0.000,0.000,1.0
2008-10-21,01:17:00,0.346,0.000,242.260,1.600,0.000,1.000,1.0
2008-10-21,01:18:00,0.326,0.000,242.350,1.400,0.000,0.000,0.0
2008-10-21,01:19:00,0.346,0.000,242.620,1.600,0.000,0.000,1.0
2008-10-21,01:20:00,0.326,0.000,242.130,1.400,0.000,0.000,1.0
2008-10-21,01:21:00,0.346,0.000,241.990,1.600,0.000,0.000,0.0
2008-10-21,01:22:00,0.326,0.000,242.080,1.400,0.000,0.000,1.0
2008-10-21,01:23:00,0.346,0.000,242.100,1.600,0.000,1.000,1.0
2008-10-21,01:24:00,0.326,0.000,241.810,1.400,0.000,0.000,0.0
2008-10-21,01:25:00,0.382,0.000,242.580,1.800,0.000,0.000,1.0
2008-10-21,01:26:00,0.438,0.102,242.760,1.800,0.000,0.000,1.0
2008-10-21,01:27:00,0.454,0.106,242.540,2.000,0.000,0.000,0.0
2008-10-21,01:28:00,0.440,0.100,241.760,2.000,0.000,0.000,1.0
2008-10-21,01:29:00,0.442,0.100,241.390,2.000,0.000,0.000,1.0
2008-10-21,01:30:00,0.448,0.100,241.260,2.000,0.000,1.000,0.0
2008-10-21,01:31:00,0.428,0.096,241.310,1.800,0.000,0.000,1.0
2008-10-21,01:32:00,0.446,0.102,241.620,2.000,0.000,0.000,1.0
2008-10-21,01:33:00,0.426,0.096,241.810,1.800,0.000,0.000,0.0
2008-10-21,01:34:00,0.444,0.102,241.740,2.000,0.000,0.000,1.0
2008-10-21,01:35:00,0.424,0.094,241.360,1.800,0.000,0.000,1.0
2008-10-21,01:36:00,0.442,0.100,241.600,2.000,0.000,1.000,0.0
2008-10-21,01:37:00,0.422,0.094,241.400,1.800,0.000,0.000,1.0
2008-10-21,01:38:00,0.440,0.100,241.240,2.000,0.000,0.000,1.0
2008-10-21,01:39:00,0.498,0.182,240.960,2.400,0.000,1.000,0.0
2008-10-21,01:40:00,0.524,0.218,240.390,2.400,0.000,2.000,1.0
2008-10-21,01:41:00,0.502,0.210,239.780,2.200,0.000,2.000,1.0
2008-10-21,01:42:00,0.522,0.216,239.990,2.400,0.000,1.000,0.0
2008-10-21,01:43:00,0.502,0.210,239.860,2.200,0.000,2.000,1.0
2008-10-21,01:44:00,0.516,0.208,239.870,2.400,0.000,2.000,1.0
2008-10-21,01:45:00,0.410,0.080,240.170,1.800,0.000,1.000,0.0
2008-10-21,01:46:00,0.428,0.084,240.140,1.800,0.000,2.000,1.0
2008-10-21,01:47:00,0.408,0.078,240.140,1.800,0.000,1.000,1.0
2008-10-21,01:48:00,0.426,0.084,239.830,1.800,0.000,2.000,0.0
2008-10-21,01:49:00,0.406,0.078,239.880,1.800,0.000,1.000,1.0
2008-10-21,01:50:00,0.426,0.084,240.030,1.800,0.000,2.000,1.0
2008-10-21,01:51:00,0.406,0.080,240.250,1.800,0.000,2.000,0.0
2008-10-21,01:52:00,0.470,0.124,240.270,2.200,0.000,1.000,1.0
2008-10-21,01:53:00,0.478,0.182,239.940,2.200,0.000,2.000,1.0
2008-10-21,01:54:00,0.492,0.182,238.540,2.200,0.000,1.000,0.0
2008-10-21,01:55:00,0.472,0.176,238.170,2.200,0.000,1.000,1.0
2008-10-21,01:56:00,0.494,0.188,240.210,2.200,0.000,2.000,1.0
2008-10-21,01:57:00,0.478,0.192,242.380,2.200,0.000,1.000,0.0
2008-10-21,01:58:00,0.496,0.198,242.720,2.200,0.000,2.000,1.0
2008-10-21,01:59:00,0.486,0.196,242.790,2.200,0.000,1.000,1.0
2008-10-21,02:00:00,0.480,0.194,242.420,2.200,0.000,2.000,0.0
2008-10-21,02:01:00,0.490,0.196,242.320,2.200,0.000,1.000,1.0
2008-10-21,02:02:00,0.470,0.192,242.080,2.200,0.000,2.000,1.0
2008-10-21,02:03:00,0.488,0.194,241.890,2.200,0.000,1.000,0.0
2008-10-21,02:04:00,0.408,0.098,241.950,1.800,0.000,1.000,1.0
2008-10-21,02:05:00,0.418,0.090,242.080,1.800,0.000,2.000,1.0
2008-10-21,02:06:00,0.390,0.070,241.980,1.600,0.000,1.000,0.0
2008-10-21,02:07:00,0.346,0.000,242.560,1.600,0.000,0.000,1.0
2008-10-21,02:08:00,0.328,0.000,243.110,1.400,0.000,0.000,1.0
2008-10-21,02:09:00,0.346,0.000,242.170,1.600,0.000,1.000,0.0
2008-10-21,02:10:00,0.328,0.000,242.500,1.400,0.000,0.000,1.0
2008-10-21,02:11:00,0.348,0.000,243.150,1.600,0.000,0.000,1.0
2008-10-21,02:12:00,0.328,0.000,243.150,1.400,0.000,0.000,0.0
2008-10-21,02:13:00,0.348,0.000,242.830,1.600,0.000,0.000,1.0
2008-10-21,02:14:00,0.328,0.000,242.710,1.400,0.000,0.000,1.0
2008-10-21,02:15:00,0.348,0.000,243.090,1.600,0.000,1.000,0.0
2008-10-21,02:16:00,0.330,0.000,243.940,1.400,0.000,0.000,1.0
2008-10-21,02:17:00,0.350,0.000,243.850,1.600,0.000,0.000,1.0
2008-10-21,02:18:00,0.430,0.074,243.890,2.000,0.000,0.000,0.0
2008-10-21,02:19:00,0.520,0.126,244.060,2.400,0.000,0.000,1.0
2008-10-21,02:20:00,1.046,0.246,243.570,4.400,0.000,0.000,11.0
2008-10-21,02:21:00,1.082,0.250,243.530,4.600,0.000,1.000,11.0
2008-10-21,02:22:00,1.092,0.242,243.420,4.600,0.000,0.000,12.0
2008-10-21,02:23:00,1.116,0.244,243.150,4.600,0.000,0.000,11.0
2008-10-21,02:24:00,1.100,0.240,243.050,4.600,0.000,0.000,12.0
2008-10-21,02:25:00,0.472,0.116,243.810,2.000,0.000,0.000,2.0
2008-10-21,02:26:00,0.430,0.106,243.960,1.800,0.000,0.000,1.0
2008-10-21,02:27:00,0.448,0.112,244.170,2.000,0.000,1.000,0.0
2008-10-21,02:28:00,0.428,0.106,244.200,1.800,0.000,0.000,1.0
2008-10-21,02:29:00,0.450,0.114,245.020,2.000,0.000,0.000,1.0
2008-10-21,02:30:00,0.444,0.112,244.500,2.000,0.000,0.000,0.0
2008-10-21,02:31:00,0.432,0.110,244.730,1.800,0.000,0.000,1.0
2008-10-21,02:32:00,0.446,0.114,244.630,2.000,0.000,1.000,1.0
2008-10-21,02:33:00,0.426,0.108,244.560,1.800,0.000,0.000,0.0
2008-10-21,02:34:00,0.446,0.114,244.670,2.000,0.000,0.000,1.0
2008-10-21,02:35:00,0.426,0.110,245.050,1.800,0.000,0.000,1.0
2008-10-21,02:36:00,0.446,0.116,245.260,2.000,0.000,0.000,0.0
2008-10-21,02:37:00,0.354,0.000,244.250,1.600,0.000,0.000,1.0
2008-10-21,02:38:00,0.350,0.000,243.780,1.600,0.000,1.000,1.0
2008-10-21,02:39:00,0.330,0.000,243.780,1.400,0.000,0.000,1.0
2008-10-21,02:40:00,0.350,0.000,243.700,1.600,0.000,0.000,0.0
2008-10-21,02:41:00,0.330,0.000,243.610,1.400,0.000,0.000,1.0
2008-10-21,02:42:00,0.432,0.064,243.490,2.000,0.000,0.000,1.0
2008-10-21,02:43:00,0.404,0.072,243.100,1.800,0.000,0.000,0.0
2008-10-21,02:44:00,0.424,0.076,242.800,1.800,0.000,1.000,1.0
2008-10-21,02:45:00,0.406,0.072,243.450,1.800,0.000,0.000,1.0
2008-10-21,02:46:00,0.424,0.078,243.350,1.800,0.000,0.000,0.0
2008-10-21,02:47:00,0.402,0.072,243.190,1.800,0.000,0.000,1.0
2008-10-21,02:48:00,0.420,0.076,243.000,1.800,0.000,0.000,1.0
2008-10-21,02:49:00,0.400,0.070,242.970,1.800,0.000,0.000,0.0
2008-10-21,02:50:00,0.418,0.074,242.670,1.800,0.000,1.000,1.0
2008-10-21,02:51:00,0.398,0.070,242.680,1.800,0.000,0.000,1.0
2008-10-21,02:52:00,0.416,0.074,242.750,1.800,0.000,0.000,0.0
2008-10-21,02:53:00,0.368,0.000,243.440,1.600,0.000,0.000,1.0
2008-10-21,02:54:00,0.346,0.000,242.550,1.600,0.000,0.000,1.0
2008-10-21,02:55:00,0.328,0.000,242.650,1.400,0.000,0.000,0.0
2008-10-21,02:56:00,0.346,0.000,242.260,1.600,0.000,1.000,1.0
2008-10-21,02:57:00,0.326,0.000,242.000,1.400,0.000,0.000,1.0
2008-10-21,02:58:00,0.346,0.000,242.540,1.600,0.000,0.000,0.0
2008-10-21,02:59:00,0.334,0.000,242.600,1.400,0.000,0.000,1.0
2008-10-21,03:00:00,0.340,0.000,242.710,1.400,0.000,0.000,1.0
2008-10-21,03:01:00,0.348,0.000,242.820,1.600,0.000,0.000,0.0
2008-10-21,03:02:00,0.328,0.000,243.210,1.400,0.000,1.000,1.0
2008-10-21,03:03:00,0.350,0.000,243.720,1.600,0.000,0.000,1.0
2008-10-21,03:04:00,0.330,0.000,243.780,1.400,0.000,0.000,0.0
2008-10-21,03:05:00,0.348,0.000,243.380,1.600,0.000,0.000,1.0
2008-10-21,03:06:00,0.328,0.000,243.360,1.400,0.000,0.000,1.0
2008-10-21,03:07:00,0.348,0.000,243.140,1.600,0.000,1.000,0.0
2008-10-21,03:08:00,0.326,0.000,242.250,1.400,0.000,0.000,1.0
2008-10-21,03:09:00,0.344,0.000,241.450,1.600,0.000,0.000,1.0
2008-10-21,03:10:00,0.406,0.000,241.480,1.800,0.000,0.000,0.0
2008-10-21,03:11:00,0.456,0.100,241.670,2.000,0.000,0.000,1.0
2008-10-21,03:12:00,0.432,0.094,241.540,1.800,0.000,0.000,1.0
2008-10-21,03:13:00,0.450,0.100,241.270,2.000,0.000,0.000,0.0
2008-10-21,03:14:00,0.430,0.094,240.890,1.800,0.000,0.000,1.0
2008-10-21,03:15:00,0.448,0.098,241.080,2.000,0.000,1.000,1.0
2008-10-21,03:16:00,0.428,0.094,241.490,1.800,0.000,0.000,0.0
2008-10-21,03:17:00,0.446,0.100,241.640,2.000,0.000,0.000,1.0
2008-10-21,03:18:00,0.426,0.094,241.580,1.800,0.000,0.000,1.0
2008-10-21,03:19:00,0.444,0.100,241.570,2.000,0.000,0.000,0.0
2008-10-21,03:20:00,0.424,0.098,242.250,1.800,0.000,0.000,1.0
2008-10-21,03:21:00,0.442,0.102,242.100,2.000,0.000,1.000,1.0
2008-10-21,03:22:00,0.422,0.098,242.270,1.800,0.000,0.000,0.0
2008-10-21,03:23:00,0.442,0.102,242.180,2.000,0.000,0.000,1.0
2008-10-21,03:24:00,0.420,0.096,241.490,1.800,0.000,0.000,1.0
2008-10-21,03:25:00,0.438,0.100,241.110,2.000,0.000,0.000,0.0
2008-10-21,03:26:00,0.420,0.096,241.480,1.800,0.000,0.000,1.0
2008-10-21,03:27:00,0.440,0.104,242.200,2.000,0.000,1.000,1.0
2008-10-21,03:28:00,0.420,0.098,242.160,1.800,0.000,0.000,0.0
2008-10-21,03:29:00,0.372,0.000,242.710,1.600,0.000,0.000,1.0
2008-10-21,03:30:00,0.338,0.000,243.190,1.400,0.000,0.000,1.0
2008-10-21,03:31:00,0.338,0.000,243.460,1.400,0.000,0.000,0.0
2008-10-21,03:32:00,0.436,0.070,243.040,2.000,0.000,0.000,1.0
2008-10-21,03:33:00,0.434,0.090,242.130,2.000,0.000,1.000,1.0
2008-10-21,03:34:00,0.510,0.196,242.180,2.200,0.000,2.000,0.0
2008-10-21,03:35:00,0.488,0.190,242.000,2.200,0.000,1.000,1.0
2008-10-21,03:36:00,0.506,0.196,242.300,2.200,0.000,2.000,1.0
2008-10-21,03:37:00,0.486,0.190,242.260,2.200,0.000,2.000,0.0
2008-10-21,03:38:00,0.506,0.196,242.400,2.200,0.000,1.000,1.0
2008-10-21,03:39:00,0.484,0.190,242.220,2.200,0.000,2.000,1.0
2008-10-21,03:40:00,0.502,0.194,241.920,2.200,0.000,2.000,0.0
2008-10-21,03:41:00,0.482,0.190,241.850,2.200,0.000,1.000,1.0
2008-10-21,03:42:00,0.500,0.194,241.820,2.200,0.000,2.000,1.0
2008-10-21,03:43:00,0.436,0.122,241.980,2.000,0.000,1.000,0.0
2008-10-21,03:44:00,0.430,0.090,242.110,1.800,0.000,2.000,1.0
2008-10-21,03:45:00,0.408,0.084,241.780,1.800,0.000,1.000,1.0
2008-10-21,03:46:00,0.426,0.088,241.510,1.800,0.000,2.000,0.0
2008-10-21,03:47:00,0.406,0.084,241.790,1.800,0.000,1.000,1.0
2008-10-21,03:48:00,0.424,0.088,241.510,1.800,0.000,2.000,1.0
2008-10-21,03:49:00,0.404,0.082,241.290,1.800,0.000,1.000,0.0
2008-10-21,03:50:00,0.424,0.088,241.970,1.800,0.000,2.000,1.0
2008-10-21,03:51:00,0.404,0.084,242.210,1.800,0.000,1.000,1.0
2008-10-21,03:52:00,0.422,0.090,241.810,1.800,0.000,2.000,0.0
2008-10-21,03:53:00,0.402,0.084,241.650,1.800,0.000,1.000,1.0
2008-10-21,03:54:00,0.422,0.088,241.770,1.800,0.000,2.000,0.0
2008-10-21,03:55:00,0.402,0.084,242.220,1.800,0.000,1.000,1.0
2008-10-21,03:56:00,0.420,0.090,242.080,1.800,0.000,2.000,1.0
2008-10-21,03:57:00,0.542,0.120,242.040,2.600,0.000,1.000,2.0
2008-10-21,03:58:00,1.026,0.222,241.760,4.400,0.000,1.000,11.0
2008-10-21,03:59:00,1.026,0.214,241.700,4.400,0.000,2.000,11.0
2008-10-21,04:00:00,1.072,0.218,241.510,4.600,0.000,1.000,11.0
2008-10-21,04:01:00,1.010,0.108,242.320,4.200,0.000,0.000,12.0
2008-10-21,04:02:00,0.844,0.068,242.370,3.600,0.000,1.000,10.0
2008-10-21,04:03:00,0.442,0.070,242.160,2.000,0.000,0.000,1.0
2008-10-21,04:04:00,0.438,0.098,242.280,1.800,0.000,0.000,0.0
2008-10-21,04:05:00,0.452,0.102,241.630,2.000,0.000,0.000,1.0
2008-10-21,04:06:00,0.432,0.098,241.600,1.800,0.000,0.000,1.0
2008-10-21,04:07:00,0.450,0.102,241.510,2.000,0.000,1.000,0.0
2008-10-21,04:08:00,0.428,0.094,241.090,1.800,0.000,0.000,1.0
2008-10-21,04:09:00,0.446,0.100,241.110,2.000,0.000,0.000,1.0
2008-10-21,04:10:00,0.426,0.096,241.150,1.800,0.000,0.000,0.0
2008-10-21,04:11:00,0.444,0.102,241.230,2.000,0.000,0.000,1.0
2008-10-21,04:12:00,0.424,0.094,240.990,1.800,0.000,0.000,1.0
2008-10-21,04:13:00,0.442,0.098,240.830,2.000,0.000,1.000,0.0
2008-10-21,04:14:00,0.422,0.094,240.650,1.800,0.000,0.000,1.0
2008-10-21,04:15:00,0.440,0.100,240.820,2.000,0.000,0.000,1.0
2008-10-21,04:16:00,0.420,0.094,240.940,1.800,0.000,0.000,0.0
2008-10-21,04:17:00,0.438,0.098,240.510,2.000,0.000,0.000,1.0
2008-10-21,04:18:00,0.418,0.090,239.630,1.800,0.000,0.000,1.0
2008-10-21,04:19:00,0.436,0.098,240.110,2.000,0.000,1.000,0.0
2008-10-21,04:20:00,0.418,0.096,240.880,1.800,0.000,0.000,1.0
2008-10-21,04:21:00,0.496,0.154,240.460,2.200,0.000,0.000,1.0
2008-10-21,04:22:00,0.412,0.080,240.840,1.800,0.000,0.000,0.0
2008-10-21,04:23:00,0.420,0.070,240.860,1.800,0.000,0.000,1.0
2008-10-21,04:24:00,0.402,0.066,241.040,1.800,0.000,0.000,1.0
2008-10-21,04:25:00,0.420,0.070,240.750,1.800,0.000,1.000,0.0
2008-10-21,04:26:00,0.400,0.066,240.860,1.800,0.000,0.000,1.0
2008-10-21,04:27:00,0.418,0.070,240.620,1.800,0.000,0.000,1.0
2008-10-21,04:28:00,0.396,0.064,240.380,1.800,0.000,0.000,0.0
2008-10-21,04:29:00,0.414,0.068,239.880,1.800,0.000,0.000,1.0
2008-10-21,04:30:00,0.396,0.064,239.870,1.800,0.000,0.000,1.0
2008-10-21,04:31:00,0.408,0.066,239.830,1.800,0.000,1.000,0.0
2008-10-21,04:32:00,0.398,0.052,240.210,1.800,0.000,0.000,1.0
2008-10-21,04:33:00,0.326,0.000,239.960,1.400,0.000,0.000,1.0
2008-10-21,04:34:00,0.342,0.000,240.050,1.600,0.000,0.000,0.0
2008-10-21,04:35:00,0.324,0.000,240.530,1.400,0.000,0.000,1.0
2008-10-21,04:36:00,0.342,0.000,239.750,1.600,0.000,0.000,0.0
2008-10-21,04:37:00,0.322,0.000,239.740,1.400,0.000,0.000,1.0
2008-10-21,04:38:00,0.344,0.000,240.480,1.600,0.000,1.000,1.0
2008-10-21,04:39:00,0.324,0.000,240.990,1.400,0.000,0.000,0.0
2008-10-21,04:40:00,0.346,0.000,241.520,1.600,0.000,0.000,1.0
2008-10-21,04:41:00,0.326,0.000,241.300,1.400,0.000,0.000,1.0
2008-10-21,04:42:00,0.344,0.000,241.260,1.600,0.000,0.000,0.0
2008-10-21,04:43:00,0.326,0.000,241.450,1.400,0.000,0.000,1.0
2008-10-21,04:44:00,0.344,0.000,241.150,1.600,0.000,1.000,1.0
2008-10-21,04:45:00,0.326,0.000,241.430,1.400,0.000,0.000,0.0
2008-10-21,04:46:00,0.866,0.000,241.180,4.200,0.000,0.000,8.0
2008-10-21,04:47:00,1.432,0.048,240.010,6.000,0.000,0.000,19.0
2008-10-21,04:48:00,1.432,0.000,239.490,6.000,0.000,0.000,19.0
2008-10-21,04:49:00,1.406,0.050,240.130,5.800,0.000,0.000,19.0
2008-10-21,04:50:00,1.420,0.000,240.300,5.800,0.000,1.000,18.0
2008-10-21,04:51:00,1.398,0.050,240.340,5.800,0.000,0.000,19.0
2008-10-21,04:52:00,1.414,0.000,240.280,5.800,0.000,0.000,18.0
2008-10-21,04:53:00,1.390,0.050,239.940,5.800,0.000,0.000,18.0
2008-10-21,04:54:00,1.406,0.046,239.660,5.800,0.000,0.000,19.0
2008-10-21,04:55:00,1.466,0.000,239.640,6.000,0.000,0.000,18.0
2008-10-21,04:56:00,1.514,0.084,239.660,6.200,0.000,1.000,18.0
2008-10-21,04:57:00,1.496,0.082,240.120,6.200,0.000,0.000,19.0
2008-10-21,04:58:00,1.514,0.088,240.170,6.200,0.000,0.000,18.0
2008-10-21,04:59:00,1.490,0.082,239.950,6.200,0.000,0.000,18.0
2008-10-21,05:00:00,1.502,0.084,239.450,6.200,0.000,0.000,18.0
2008-10-21,05:01:00,1.490,0.082,239.560,6.200,0.000,0.000,19.0
2008-10-21,05:02:00,1.490,0.082,239.330,6.200,0.000,1.000,18.0
2008-10-21,05:03:00,1.500,0.086,239.570,6.200,0.000,0.000,18.0
2008-10-21,05:04:00,1.484,0.082,240.030,6.200,0.000,0.000,18.0
2008-10-21,05:05:00,1.484,0.082,240.160,6.200,0.000,0.000,19.0
2008-10-21,05:06:00,1.486,0.082,240.330,6.200,0.000,0.000,18.0
2008-10-21,05:07:00,1.484,0.082,240.190,6.200,0.000,0.000,18.0
2008-10-21,05:08:00,1.480,0.082,240.040,6.200,0.000,0.000,18.0
2008-10-21,05:09:00,1.484,0.082,240.350,6.200,0.000,0.000,19.0
2008-10-21,05:10:00,1.480,0.082,240.110,6.200,0.000,0.000,18.0
2008-10-21,05:11:00,1.532,0.134,239.780,6.400,0.000,0.000,18.0
2008-10-21,05:12:00,1.548,0.182,239.520,6.400,0.000,0.000,19.0
2008-10-21,05:13:00,1.544,0.180,239.120,6.400,0.000,0.000,18.0
2008-10-21,05:14:00,1.468,0.068,239.350,6.000,0.000,0.000,18.0
2008-10-21,05:15:00,1.460,0.052,239.900,6.000,0.000,0.000,18.0
2008-10-21,05:16:00,1.458,0.052,239.820,6.000,0.000,0.000,18.0
2008-10-21,05:17:00,1.450,0.050,239.300,6.000,0.000,0.000,19.0
2008-10-21,05:18:00,1.452,0.052,239.520,6.000,0.000,0.000,18.0
2008-10-21,05:19:00,1.464,0.054,240.680,6.000,0.000,0.000,18.0
2008-10-21,05:20:00,1.472,0.056,241.610,6.000,0.000,0.000,19.0
2008-10-21,05:21:00,1.474,0.058,241.760,6.000,0.000,0.000,18.0
2008-10-21,05:22:00,1.472,0.058,241.730,6.000,0.000,0.000,19.0
2008-10-21,05:23:00,1.408,0.000,241.870,5.800,0.000,0.000,18.0
2008-10-21,05:24:00,1.404,0.046,241.600,5.800,0.000,0.000,19.0
2008-10-21,05:25:00,1.402,0.046,241.420,5.800,0.000,0.000,18.0
2008-10-21,05:26:00,1.396,0.046,240.950,5.800,0.000,0.000,19.0
2008-10-21,05:27:00,1.388,0.050,240.120,5.800,0.000,0.000,18.0
2008-10-21,05:28:00,1.426,0.000,239.290,6.000,0.000,0.000,18.0
2008-10-21,05:29:00,1.464,0.070,239.290,6.000,0.000,1.000,18.0
2008-10-21,05:30:00,1.274,0.070,239.270,5.600,0.000,2.000,17.0
2008-10-21,05:31:00,0.410,0.082,240.420,1.800,0.000,1.000,0.0
2008-10-21,05:32:00,0.412,0.082,240.580,1.800,0.000,1.000,1.0
2008-10-21,05:33:00,0.410,0.080,240.430,1.800,0.000,2.000,1.0
2008-10-21,05:34:00,0.410,0.080,240.500,1.800,0.000,1.000,0.0
2008-10-21,05:35:00,0.410,0.082,240.540,1.800,0.000,2.000,1.0
2008-10-21,05:36:00,0.700,0.146,240.570,3.200,0.000,1.000,5.0
2008-10-21,05:37:00,1.012,0.202,240.160,4.200,0.000,2.000,10.0
2008-10-21,05:38:00,1.036,0.202,240.160,4.400,0.000,1.000,11.0
2008-10-21,05:39:00,1.060,0.206,240.510,4.400,0.000,1.000,12.0
2008-10-21,05:40:00,1.064,0.204,240.380,4.400,0.000,2.000,12.0
2008-10-21,05:41:00,0.828,0.160,240.650,3.800,0.000,1.000,8.0
2008-10-21,05:42:00,0.404,0.082,240.530,1.800,0.000,2.000,1.0
2008-10-21,05:43:00,0.402,0.082,240.470,1.800,0.000,1.000,0.0
2008-10-21,05:44:00,0.400,0.080,239.890,1.800,0.000,1.000,1.0
2008-10-21,05:45:00,0.400,0.078,239.780,1.800,0.000,2.000,1.0
2008-10-21,05:46:00,0.400,0.078,239.780,1.800,0.000,1.000,0.0
2008-10-21,05:47:00,0.478,0.160,239.500,2.200,0.000,1.000,1.0
2008-10-21,05:48:00,0.508,0.208,239.520,2.200,0.000,1.000,1.0
2008-10-21,05:49:00,0.502,0.208,239.410,2.200,0.000,2.000,0.0
2008-10-21,05:50:00,0.502,0.208,239.570,2.200,0.000,1.000,1.0
2008-10-21,05:51:00,0.500,0.210,239.780,2.200,0.000,1.000,1.0
2008-10-21,05:52:00,0.500,0.212,240.230,2.200,0.000,1.000,0.0
2008-10-21,05:53:00,0.498,0.212,240.530,2.200,0.000,2.000,1.0
2008-10-21,05:54:00,0.498,0.214,240.940,2.200,0.000,1.000,1.0
2008-10-21,05:55:00,0.494,0.210,239.900,2.200,0.000,1.000,0.0
2008-10-21,05:56:00,0.432,0.100,240.010,1.800,0.000,0.000,1.0
2008-10-21,05:57:00,0.428,0.090,239.680,1.800,0.000,0.000,1.0
2008-10-21,05:58:00,0.424,0.088,238.790,1.800,0.000,0.000,0.0
2008-10-21,05:59:00,0.422,0.088,238.880,1.800,0.000,0.000,1.0
2008-10-21,06:00:00,0.422,0.088,238.840,1.800,0.000,0.000,0.0
2008-10-21,06:01:00,0.422,0.090,238.960,1.800,0.000,0.000,1.0
2008-10-21,06:02:00,0.480,0.146,239.360,2.200,0.000,0.000,1.0
2008-10-21,06:03:00,0.498,0.192,239.280,2.200,0.000,0.000,0.0
2008-10-21,06:04:00,0.496,0.190,238.990,2.200,0.000,0.000,1.0
2008-10-21,06:05:00,0.496,0.192,239.310,2.200,0.000,0.000,1.0
2008-10-21,06:06:00,0.404,0.062,239.080,1.800,0.000,0.000,0.0
2008-10-21,06:07:00,0.400,0.060,238.710,1.800,0.000,0.000,1.0
2008-10-21,06:08:00,0.396,0.058,238.070,1.800,0.000,0.000,1.0
2008-10-21,06:09:00,0.396,0.058,238.200,1.800,0.000,0.000,0.0
2008-10-21,06:10:00,0.394,0.058,238.070,1.800,0.000,0.000,1.0
2008-10-21,06:11:00,0.394,0.058,238.100,1.800,0.000,0.000,1.0
2008-10-21,06:12:00,0.394,0.058,238.460,1.800,0.000,0.000,0.0
2008-10-21,06:13:00,0.394,0.058,238.560,1.800,0.000,0.000,1.0
2008-10-21,06:14:00,0.326,0.000,238.250,1.400,0.000,0.000,1.0
2008-10-21,06:15:00,0.326,0.000,238.820,1.400,0.000,0.000,0.0
2008-10-21,06:16:00,0.328,0.000,239.990,1.400,0.000,0.000,1.0
2008-10-21,06:17:00,0.326,0.000,239.920,1.400,0.000,0.000,1.0
2008-10-21,06:18:00,0.328,0.000,240.470,1.400,0.000,0.000,0.0
2008-10-21,06:19:00,0.328,0.000,240.770,1.400,0.000,0.000,1.0
2008-10-21,06:20:00,0.328,0.000,240.940,1.400,0.000,0.000,0.0
2008-10-21,06:21:00,0.328,0.000,240.080,1.400,0.000,0.000,1.0
2008-10-21,06:22:00,0.326,0.000,239.810,1.400,0.000,0.000,1.0
2008-10-21,06:23:00,0.326,0.000,239.460,1.400,0.000,0.000,0.0
2008-10-21,06:24:00,0.324,0.000,238.970,1.400,0.000,0.000,1.0
2008-10-21,06:25:00,0.318,0.000,238.940,1.400,0.000,0.000,1.0
2008-10-21,06:26:00,0.320,0.000,239.210,1.400,0.000,0.000,0.0
2008-10-21,06:27:00,0.318,0.000,239.100,1.400,0.000,0.000,1.0
2008-10-21,06:28:00,0.320,0.000,239.270,1.400,0.000,0.000,1.0
2008-10-21,06:29:00,0.320,0.000,239.360,1.400,0.000,0.000,0.0
2008-10-21,06:30:00,0.320,0.000,239.050,1.400,0.000,0.000,1.0
2008-10-21,06:31:00,0.318,0.000,238.590,1.400,0.000,0.000,1.0
2008-10-21,06:32:00,0.318,0.000,238.080,1.400,0.000,0.000,0.0
2008-10-21,06:33:00,0.322,0.000,238.970,1.400,0.000,0.000,1.0
2008-10-21,06:34:00,0.326,0.000,239.580,1.400,0.000,0.000,1.0
2008-10-21,06:35:00,0.326,0.000,239.470,1.400,0.000,0.000,0.0
2008-10-21,06:36:00,0.322,0.000,239.190,1.400,0.000,0.000,1.0
2008-10-21,06:37:00,0.318,0.000,238.620,1.400,0.000,0.000,1.0
2008-10-21,06:38:00,0.318,0.000,238.500,1.400,0.000,0.000,0.0
2008-10-21,06:39:00,0.362,0.000,237.860,1.600,0.000,0.000,1.0
2008-10-21,06:40:00,0.428,0.082,237.630,1.800,0.000,0.000,0.0
2008-10-21,06:41:00,0.424,0.082,237.570,1.800,0.000,0.000,1.0
2008-10-21,06:42:00,0.426,0.082,237.600,1.800,0.000,0.000,1.0
2008-10-21,06:43:00,0.428,0.084,237.730,1.800,0.000,0.000,0.0
2008-10-21,06:44:00,0.426,0.082,237.530,1.800,0.000,0.000,1.0
2008-10-21,06:45:00,0.552,0.110,237.450,2.600,0.000,0.000,1.0
2008-10-21,06:46:00,1.388,0.102,236.650,5.800,0.000,0.000,0.0
2008-10-21,06:47:00,1.386,0.102,236.360,5.800,0.000,0.000,1.0
2008-10-21,06:48:00,2.978,0.086,234.460,12.800,0.000,0.000,11.0
2008-10-21,06:49:00,3.350,0.082,234.140,14.200,0.000,0.000,18.0
2008-10-21,06:50:00,3.200,0.116,234.390,13.600,0.000,0.000,18.0
2008-10-21,06:51:00,3.094,0.216,237.430,13.000,0.000,0.000,18.0
2008-10-21,06:52:00,5.500,0.224,235.190,24.600,0.000,0.000,18.0
2008-10-21,06:53:00,6.052,0.232,234.770,25.800,0.000,0.000,17.0
2008-10-21,06:54:00,5.760,0.220,234.930,24.400,0.000,0.000,18.0
2008-10-21,06:55:00,4.298,0.234,236.040,19.000,0.000,0.000,17.0
2008-10-21,06:56:00,3.640,0.276,236.660,15.600,0.000,0.000,18.0
2008-10-21,06:57:00,3.826,0.242,236.390,16.400,0.000,0.000,18.0
2008-10-21,06:58:00,3.344,0.206,236.370,14.400,0.000,0.000,18.0
2008-10-21,06:59:00,2.580,0.084,236.650,10.800,0.000,0.000,18.0
2008-10-21,07:00:00,2.518,0.084,235.530,10.600,0.000,0.000,17.0
2008-10-21,07:01:00,2.502,0.086,236.230,10.600,0.000,0.000,18.0
2008-10-21,07:02:00,2.492,0.086,235.860,10.600,0.000,0.000,18.0
2008-10-21,07:03:00,2.516,0.084,236.010,10.600,0.000,0.000,17.0
2008-10-21,07:04:00,2.536,0.086,236.300,10.800,0.000,0.000,18.0
2008-10-21,07:05:00,2.524,0.084,235.440,10.600,0.000,0.000,18.0
2008-10-21,07:06:00,2.630,0.100,234.970,11.200,0.000,0.000,18.0
2008-10-21,07:07:00,3.102,0.176,234.810,13.200,0.000,0.000,28.0
2008-10-21,07:08:00,3.118,0.176,234.900,13.200,0.000,0.000,27.0
2008-10-21,07:09:00,3.144,0.156,235.270,13.400,0.000,0.000,28.0
2008-10-21,07:10:00,3.112,0.082,235.450,13.200,0.000,0.000,29.0
2008-10-21,07:11:00,3.120,0.084,235.160,13.200,0.000,0.000,28.0
2008-10-21,07:12:00,2.640,0.000,236.720,11.200,0.000,0.000,21.0
2008-10-21,07:13:00,2.480,0.000,236.550,10.400,0.000,0.000,18.0
2008-10-21,07:14:00,2.470,0.000,236.520,10.400,0.000,0.000,17.0
2008-10-21,07:15:00,2.460,0.000,235.610,10.400,0.000,0.000,18.0
2008-10-21,07:16:00,2.452,0.000,235.240,10.400,0.000,0.000,18.0
2008-10-21,07:17:00,2.460,0.000,235.720,10.400,0.000,0.000,17.0
2008-10-21,07:18:00,2.478,0.000,236.560,10.400,0.000,0.000,18.0
2008-10-21,07:19:00,2.448,0.000,235.150,10.400,0.000,0.000,18.0
2008-10-21,07:20:00,2.446,0.000,235.260,10.400,0.000,0.000,17.0
2008-10-21,07:21:00,2.596,0.000,235.860,11.000,0.000,0.000,18.0
2008-10-21,07:22:00,2.748,0.000,236.050,11.600,0.000,0.000,18.0
2008-10-21,07:23:00,2.646,0.000,235.800,11.200,0.000,0.000,17.0
2008-10-21,07:24:00,2.506,0.066,235.230,10.600,0.000,0.000,18.0
2008-10-21,07:25:00,2.666,0.102,234.850,11.400,0.000,2.000,17.0
2008-10-21,07:26:00,2.612,0.102,234.640,11.200,0.000,1.000,18.0
2008-10-21,07:27:00,2.498,0.106,235.590,10.600,0.000,2.000,17.0
2008-10-21,07:28:00,2.260,0.106,234.670,9.800,0.000,1.000,16.0
2008-10-21,07:29:00,1.470,0.112,235.950,6.200,0.000,2.000,0.0
2008-10-21,07:30:00,1.480,0.116,237.600,6.200,0.000,1.000,1.0
2008-10-21,07:31:00,1.560,0.184,238.470,6.600,0.000,1.000,1.0
2008-10-21,07:32:00,1.618,0.274,237.850,6.800,0.000,2.000,0.0
2008-10-21,07:33:00,1.628,0.274,238.170,7.000,0.000,1.000,1.0
2008-10-21,07:34:00,1.666,0.272,237.910,7.000,0.000,2.000,0.0
2008-10-21,07:35:00,1.654,0.272,237.880,7.000,0.000,1.000,1.0
2008-10-21,07:36:00,1.648,0.272,237.530,7.000,0.000,1.000,1.0
2008-10-21,07:37:00,1.664,0.270,237.930,7.000,0.000,2.000,0.0
2008-10-21,07:38:00,1.692,0.244,237.310,7.200,0.000,1.000,1.0
2008-10-21,07:39:00,1.774,0.236,236.520,7.600,0.000,1.000,1.0
2008-10-21,07:40:00,2.858,0.228,236.030,12.200,0.000,2.000,0.0
2008-10-21,07:41:00,2.620,0.228,236.320,11.200,0.000,1.000,1.0
2008-10-21,07:42:00,2.050,0.246,237.050,8.800,0.000,1.000,1.0
2008-10-21,07:43:00,2.546,0.328,236.170,11.000,0.000,2.000,6.0
2008-10-21,07:44:00,3.154,0.322,235.520,13.400,0.000,1.000,18.0
2008-10-21,07:45:00,2.938,0.308,235.670,12.600,0.000,1.000,18.0
2008-10-21,07:46:00,2.958,0.272,235.220,12.600,0.000,1.000,18.0
2008-10-21,07:47:00,2.892,0.272,235.010,12.400,0.000,2.000,18.0
2008-10-21,07:48:00,2.886,0.270,234.880,12.400,0.000,1.000,18.0
2008-10-21,07:49:00,2.880,0.272,234.780,12.200,0.000,1.000,17.0
2008-10-21,07:50:00,2.900,0.272,235.160,12.400,0.000,1.000,18.0
2008-10-21,07:51:00,3.126,0.090,234.790,13.400,0.000,0.000,17.0
2008-10-21,07:52:00,3.086,0.000,235.110,13.000,0.000,0.000,18.0
2008-10-21,07:53:00,3.076,0.000,234.180,13.200,0.000,0.000,17.0
2008-10-21,07:54:00,3.016,0.000,233.740,12.800,0.000,0.000,18.0
2008-10-21,07:55:00,2.964,0.000,234.380,12.600,0.000,0.000,17.0
2008-10-21,07:56:00,2.940,0.100,234.170,12.600,0.000,0.000,18.0
2008-10-21,07:57:00,2.696,0.000,233.230,11.600,0.000,0.000,17.0
2008-10-21,07:58:00,2.866,0.000,233.150,12.200,0.000,0.000,17.0
2008-10-21,07:59:00,2.906,0.000,233.980,12.400,0.000,0.000,18.0
2008-10-21,08:00:00,2.904,0.000,232.970,12.400,0.000,1.000,17.0
2008-10-21,08:01:00,3.586,0.000,233.360,15.800,0.000,9.000,17.0
2008-10-21,08:02:00,4.904,0.000,234.790,20.800,0.000,37.000,18.0
2008-10-21,08:03:00,4.720,0.000,235.200,20.000,0.000,37.000,17.0
2008-10-21,08:04:00,4.378,0.000,234.720,18.600,0.000,37.000,18.0
2008-10-21,08:05:00,4.346,0.054,235.110,18.400,0.000,37.000,17.0
2008-10-21,08:06:00,4.352,0.150,234.350,18.600,0.000,37.000,18.0
2008-10-21,08:07:00,4.348,0.100,234.370,18.400,0.000,37.000,17.0
2008-10-21,08:08:00,4.232,0.118,234.790,18.000,0.000,37.000,18.0
2008-10-21,08:09:00,4.234,0.132,235.170,18.000,0.000,37.000,17.0
2008-10-21,08:10:00,4.796,0.000,234.640,20.400,0.000,37.000,27.0
2008-10-21,08:11:00,4.768,0.000,234.360,20.200,0.000,37.000,27.0
2008-10-21,08:12:00,4.874,0.000,234.040,20.800,0.000,36.000,28.0
2008-10-21,08:13:00,3.356,0.066,236.650,14.200,0.000,2.000,29.0
2008-10-21,08:14:00,3.214,0.066,236.800,13.600,0.000,1.000,28.0
2008-10-21,08:15:00,3.018,0.068,236.500,12.800,0.000,1.000,27.0
2008-10-21,08:16:00,2.524,0.000,237.200,10.600,0.000,1.000,18.0
2008-10-21,08:17:00,2.492,0.000,236.790,10.400,0.000,0.000,18.0
2008-10-21,08:18:00,2.520,0.000,236.340,10.600,0.000,1.000,17.0
2008-10-21,08:19:00,2.544,0.000,237.210,10.600,0.000,1.000,18.0
2008-10-21,08:20:00,2.556,0.000,236.860,10.800,0.000,2.000,18.0
2008-10-21,08:21:00,2.556,0.000,236.620,10.800,0.000,1.000,18.0
2008-10-21,08:22:00,2.534,0.000,236.690,10.600,0.000,1.000,18.0
2008-10-21,08:23:00,2.528,0.000,237.070,10.600,0.000,1.000,18.0
2008-10-21,08:24:00,2.576,0.064,237.470,10.800,0.000,1.000,17.0
2008-10-21,08:25:00,2.650,0.116,237.750,11.000,0.000,1.000,18.0
2008-10-21,08:26:00,2.662,0.112,237.860,11.200,0.000,1.000,18.0
2008-10-21,08:27:00,2.654,0.106,236.750,11.200,0.000,1.000,18.0
2008-10-21,08:28:00,2.650,0.106,236.630,11.200,0.000,1.000,18.0
2008-10-21,08:29:00,2.802,0.134,236.560,11.800,0.000,1.000,18.0
2008-10-21,08:30:00,2.884,0.158,236.600,12.200,0.000,2.000,18.0
2008-10-21,08:31:00,3.118,0.202,236.380,13.200,0.000,7.000,17.0
2008-10-21,08:32:00,3.134,0.202,237.230,13.200,0.000,6.000,18.0
2008-10-21,08:33:00,3.136,0.204,236.900,13.200,0.000,7.000,18.0
2008-10-21,08:34:00,3.134,0.206,235.780,13.200,0.000,6.000,18.0
2008-10-21,08:35:00,2.786,0.148,235.600,11.800,0.000,2.000,17.0
2008-10-21,08:36:00,2.756,0.112,237.220,11.600,0.000,0.000,18.0
2008-10-21,08:37:00,2.750,0.116,237.170,11.600,0.000,0.000,18.0
2008-10-21,08:38:00,2.758,0.116,237.660,11.600,0.000,0.000,18.0
2008-10-21,08:39:00,2.782,0.116,237.550,11.600,0.000,0.000,18.0
2008-10-21,08:40:00,2.762,0.118,237.940,11.600,0.000,0.000,18.0
2008-10-21,08:41:00,2.766,0.118,238.180,11.600,0.000,0.000,18.0
2008-10-21,08:42:00,2.770,0.120,238.330,11.600,0.000,0.000,18.0
2008-10-21,08:43:00,2.850,0.210,238.240,12.000,0.000,0.000,18.0
2008-10-21,08:44:00,2.776,0.118,238.460,11.600,0.000,0.000,18.0
2008-10-21,08:45:00,2.756,0.090,238.250,11.600,0.000,0.000,18.0
2008-10-21,08:46:00,2.754,0.088,237.340,11.600,0.000,0.000,18.0
2008-10-21,08:47:00,2.738,0.086,236.610,11.600,0.000,0.000,18.0
2008-10-21,08:48:00,2.740,0.086,236.790,11.600,0.000,0.000,17.0
2008-10-21,08:49:00,2.734,0.086,236.560,11.600,0.000,0.000,18.0
2008-10-21,08:50:00,2.754,0.088,237.600,11.600,0.000,0.000,18.0
2008-10-21,08:51:00,2.738,0.086,236.810,11.600,0.000,0.000,18.0
2008-10-21,08:52:00,2.848,0.084,236.290,12.000,0.000,0.000,18.0
2008-10-21,08:53:00,3.978,0.076,235.670,16.800,0.000,0.000,17.0
2008-10-21,08:54:00,3.970,0.074,235.410,16.800,0.000,0.000,18.0
2008-10-21,08:55:00,3.974,0.076,235.570,16.800,0.000,0.000,18.0
2008-10-21,08:56:00,3.822,0.076,235.630,16.200,0.000,0.000,17.0
2008-10-21,08:57:00,2.684,0.000,236.630,11.200,0.000,0.000,18.0
2008-10-21,08:58:00,2.664,0.000,236.390,11.200,0.000,0.000,18.0
2008-10-21,08:59:00,2.672,0.000,236.850,11.200,0.000,0.000,18.0
2008-10-21,09:00:00,2.668,0.000,236.670,11.200,0.000,0.000,17.0
2008-10-21,09:01:00,2.672,0.000,237.750,11.200,0.000,0.000,18.0
2008-10-21,09:02:00,2.662,0.000,237.440,11.200,0.000,0.000,18.0
2008-10-21,09:03:00,2.662,0.000,237.440,11.200,0.000,0.000,18.0
2008-10-21,09:04:00,2.658,0.000,237.200,11.200,0.000,0.000,18.0
2008-10-21,09:05:00,2.648,0.000,236.760,11.200,0.000,0.000,18.0
2008-10-21,09:06:00,2.644,0.000,236.570,11.200,0.000,0.000,18.0
2008-10-21,09:07:00,2.432,0.000,236.210,10.200,0.000,0.000,17.0
2008-10-21,09:08:00,2.550,0.046,236.020,10.800,0.000,0.000,27.0
2008-10-21,09:09:00,2.482,0.000,236.650,10.400,0.000,0.000,27.0
2008-10-21,09:10:00,2.476,0.000,234.600,10.400,0.000,0.000,29.0
2008-10-21,09:11:00,2.168,0.000,235.600,9.200,0.000,0.000,28.0
2008-10-21,09:12:00,2.004,0.000,236.530,8.400,0.000,0.000,28.0
2008-10-21,09:13:00,1.738,0.000,237.180,7.400,0.000,0.000,25.0
2008-10-21,09:14:00,1.366,0.052,237.860,5.600,0.000,0.000,18.0
2008-10-21,09:15:00,1.356,0.054,237.020,5.600,0.000,0.000,18.0
2008-10-21,09:16:00,1.366,0.052,238.020,5.800,0.000,0.000,18.0
2008-10-21,09:17:00,1.436,0.000,237.620,6.000,0.000,0.000,18.0
2008-10-21,09:18:00,1.502,0.086,238.430,6.200,0.000,0.000,18.0
2008-10-21,09:19:00,1.570,0.198,239.130,6.600,0.000,1.000,18.0
2008-10-21,09:20:00,1.560,0.196,238.570,6.600,0.000,1.000,18.0
2008-10-21,09:21:00,1.558,0.196,238.430,6.600,0.000,2.000,18.0
2008-10-21,09:22:00,1.562,0.198,238.820,6.600,0.000,1.000,19.0
2008-10-21,09:23:00,1.568,0.200,239.360,6.600,0.000,2.000,18.0
2008-10-21,09:24:00,1.562,0.198,239.090,6.600,0.000,1.000,18.0
2008-10-21,09:25:00,1.564,0.200,239.350,6.600,0.000,1.000,18.0
2008-10-21,09:26:00,1.562,0.200,239.400,6.600,0.000,2.000,18.0
2008-10-21,09:27:00,1.552,0.196,238.550,6.600,0.000,1.000,18.0
2008-10-21,09:28:00,1.542,0.192,237.650,6.400,0.000,2.000,18.0
2008-10-21,09:29:00,1.542,0.194,237.920,6.400,0.000,1.000,18.0
2008-10-21,09:30:00,1.634,0.294,237.910,7.000,0.000,2.000,18.0
2008-10-21,09:31:00,1.614,0.292,237.820,6.800,0.000,1.000,18.0
2008-10-21,09:32:00,1.614,0.294,238.000,6.800,0.000,1.000,18.0
2008-10-21,09:33:00,1.616,0.294,238.090,6.800,0.000,2.000,18.0
2008-10-21,09:34:00,2.410,0.488,237.360,11.000,0.000,1.000,18.0
2008-10-21,09:35:00,3.064,0.632,236.730,13.200,0.000,1.000,18.0
2008-10-21,09:36:00,3.048,0.620,237.150,13.200,0.000,2.000,18.0
2008-10-21,09:37:00,2.958,0.496,237.340,12.600,0.000,1.000,18.0
2008-10-21,09:38:00,2.952,0.492,237.280,12.600,0.000,1.000,18.0
2008-10-21,09:39:00,2.924,0.488,236.540,12.600,0.000,1.000,17.0
2008-10-21,09:40:00,2.918,0.486,236.260,12.600,0.000,2.000,18.0
2008-10-21,09:41:00,2.908,0.482,236.240,12.400,0.000,1.000,18.0
2008-10-21,09:42:00,2.920,0.482,236.760,12.600,0.000,1.000,18.0
2008-10-21,09:43:00,2.888,0.446,236.570,12.400,0.000,1.000,17.0
2008-10-21,09:44:00,2.840,0.380,236.200,12.200,0.000,2.000,18.0
2008-10-21,09:45:00,2.828,0.352,236.490,12.000,0.000,1.000,18.0
2008-10-21,09:46:00,2.768,0.264,236.050,11.800,0.000,0.000,18.0
2008-10-21,09:47:00,2.770,0.262,236.200,11.800,0.000,0.000,17.0
2008-10-21,09:48:00,2.762,0.262,235.690,11.800,0.000,0.000,18.0
2008-10-21,09:49:00,2.766,0.260,235.740,11.800,0.000,0.000,18.0
2008-10-21,09:50:00,2.774,0.262,236.280,11.800,0.000,0.000,17.0
2008-10-21,09:51:00,2.764,0.258,235.780,11.800,0.000,0.000,18.0
2008-10-21,09:52:00,2.666,0.240,236.240,11.400,0.000,0.000,18.0
2008-10-21,09:53:00,2.120,0.118,236.990,9.600,0.000,0.000,18.0
2008-10-21,09:54:00,2.424,0.184,237.540,10.600,0.000,0.000,18.0
2008-10-21,09:55:00,2.788,0.260,237.040,11.800,0.000,0.000,17.0
2008-10-21,09:56:00,2.786,0.260,236.910,11.800,0.000,0.000,18.0
2008-10-21,09:57:00,2.780,0.260,237.130,11.800,0.000,0.000,18.0
2008-10-21,09:58:00,1.372,0.052,238.510,5.800,0.000,0.000,18.0
2008-10-21,09:59:00,1.372,0.052,238.520,5.800,0.000,0.000,18.0
2008-10-21,10:00:00,1.370,0.052,238.270,5.800,0.000,0.000,18.0
2008-10-21,10:01:00,1.378,0.050,239.080,5.800,0.000,0.000,18.0
2008-10-21,10:02:00,1.376,0.050,238.930,5.800,0.000,0.000,19.0
2008-10-21,10:03:00,1.382,0.050,239.130,5.800,0.000,0.000,18.0
2008-10-21,10:04:00,1.392,0.050,239.820,5.800,0.000,0.000,18.0
2008-10-21,10:05:00,1.386,0.050,239.240,5.800,0.000,0.000,18.0
2008-10-21,10:06:00,1.376,0.052,238.450,5.800,0.000,0.000,18.0
2008-10-21,10:07:00,1.378,0.052,239.130,5.800,0.000,0.000,18.0
2008-10-21,10:08:00,1.374,0.052,238.640,5.800,0.000,0.000,18.0
2008-10-21,10:09:00,1.380,0.052,239.340,5.800,0.000,0.000,19.0
2008-10-21,10:10:00,1.448,0.000,238.520,6.000,0.000,0.000,18.0
2008-10-21,10:11:00,1.480,0.076,238.350,6.200,0.000,0.000,18.0
2008-10-21,10:12:00,1.478,0.078,238.650,6.200,0.000,0.000,18.0
2008-10-21,10:13:00,1.464,0.074,237.410,6.200,0.000,0.000,18.0
2008-10-21,10:14:00,1.464,0.076,237.570,6.200,0.000,0.000,18.0
2008-10-21,10:15:00,1.460,0.074,237.310,6.200,0.000,0.000,17.0
2008-10-21,10:16:00,1.518,0.120,238.260,6.400,0.000,0.000,18.0
2008-10-21,10:17:00,1.542,0.176,238.100,6.400,0.000,0.000,18.0
2008-10-21,10:18:00,1.548,0.180,238.470,6.400,0.000,0.000,19.0
2008-10-21,10:19:00,1.554,0.182,238.830,6.400,0.000,0.000,18.0
2008-10-21,10:20:00,1.548,0.180,238.420,6.400,0.000,0.000,18.0
2008-10-21,10:21:00,2.064,0.296,237.600,9.400,0.000,0.000,18.0
2008-10-21,10:22:00,1.684,0.210,237.930,7.400,0.000,0.000,18.0
2008-10-21,10:23:00,2.522,0.402,237.430,11.200,0.000,0.000,17.0
2008-10-21,10:24:00,2.848,0.472,236.720,12.400,0.000,0.000,18.0
2008-10-21,10:25:00,1.526,0.176,237.830,6.400,0.000,0.000,18.0
2008-10-21,10:26:00,1.526,0.176,237.930,6.400,0.000,0.000,18.0
2008-10-21,10:27:00,1.514,0.172,236.960,6.400,0.000,0.000,18.0
2008-10-21,10:28:00,1.518,0.174,237.330,6.400,0.000,0.000,18.0
2008-10-21,10:29:00,1.520,0.174,237.570,6.400,0.000,0.000,18.0
2008-10-21,10:30:00,1.440,0.064,237.380,6.000,0.000,0.000,18.0
2008-10-21,10:31:00,1.360,0.052,237.360,5.600,0.000,0.000,18.0
2008-10-21,10:32:00,1.356,0.052,236.970,5.600,0.000,0.000,17.0
2008-10-21,10:33:00,1.362,0.052,237.370,5.600,0.000,0.000,18.0
2008-10-21,10:34:00,1.366,0.052,237.290,5.800,0.000,0.000,18.0
2008-10-21,10:35:00,1.366,0.052,237.420,5.800,0.000,0.000,18.0
2008-10-21,10:36:00,1.364,0.052,237.820,5.600,0.000,0.000,18.0
2008-10-21,10:37:00,1.364,0.052,237.900,5.600,0.000,0.000,18.0
2008-10-21,10:38:00,1.366,0.052,237.990,5.600,0.000,0.000,18.0
2008-10-21,10:39:00,1.936,0.050,237.370,8.200,0.000,0.000,27.0
2008-10-21,10:40:00,1.962,0.050,237.150,8.200,0.000,0.000,28.0
2008-10-21,10:41:00,2.014,0.048,237.130,8.400,0.000,0.000,28.0
2008-10-21,10:42:00,2.126,0.048,237.070,9.000,0.000,0.000,29.0
2008-10-21,10:43:00,2.002,0.046,236.680,8.400,0.000,0.000,28.0
2008-10-21,10:44:00,1.656,0.000,236.880,7.000,0.000,0.000,21.0
2008-10-21,10:45:00,1.392,0.054,236.620,5.800,0.000,0.000,18.0
2008-10-21,10:46:00,1.350,0.054,236.580,5.600,0.000,0.000,18.0
2008-10-21,10:47:00,1.370,0.054,236.830,5.800,0.000,0.000,18.0
2008-10-21,10:48:00,1.486,0.056,236.360,6.200,0.000,0.000,18.0
2008-10-21,10:49:00,1.486,0.056,236.450,6.200,0.000,0.000,17.0
2008-10-21,10:50:00,1.758,0.054,236.190,7.400,0.000,0.000,18.0
2008-10-21,10:51:00,1.776,0.054,236.520,7.400,0.000,0.000,18.0
2008-10-21,10:52:00,1.870,0.054,236.680,7.800,0.000,0.000,18.0
2008-10-21,10:53:00,1.946,0.056,236.940,8.200,0.000,0.000,17.0
2008-10-21,10:54:00,1.948,0.056,236.410,8.200,0.000,0.000,18.0
2008-10-21,10:55:00,1.940,0.056,236.110,8.200,0.000,0.000,18.0
2008-10-21,10:56:00,1.948,0.056,236.410,8.200,0.000,0.000,18.0
2008-10-21,10:57:00,1.942,0.056,235.900,8.200,0.000,0.000,17.0
2008-10-21,10:58:00,1.922,0.056,236.450,8.000,0.000,0.000,18.0
2008-10-21,10:59:00,1.960,0.054,237.180,8.200,0.000,0.000,18.0
2008-10-21,11:00:00,1.958,0.054,237.150,8.200,0.000,0.000,18.0
2008-10-21,11:01:00,1.954,0.056,236.890,8.200,0.000,0.000,18.0
2008-10-21,11:02:00,1.948,0.056,236.440,8.200,0.000,0.000,17.0
2008-10-21,11:03:00,2.016,0.000,235.960,8.600,0.000,0.000,18.0
2008-10-21,11:04:00,2.122,0.168,235.750,9.000,0.000,0.000,18.0
2008-10-21,11:05:00,3.018,0.390,234.580,13.200,0.000,0.000,17.0
2008-10-21,11:06:00,3.214,0.430,233.650,14.000,0.000,0.000,17.0
2008-10-21,11:07:00,3.210,0.424,233.330,14.000,0.000,0.000,18.0
2008-10-21,11:08:00,3.204,0.420,233.280,13.800,0.000,0.000,17.0
2008-10-21,11:09:00,3.174,0.414,233.840,13.800,0.000,0.000,17.0
2008-10-21,11:10:00,3.114,0.408,233.000,13.600,0.000,0.000,18.0
2008-10-21,11:11:00,3.122,0.412,233.860,13.600,0.000,0.000,17.0
2008-10-21,11:12:00,2.710,0.314,234.590,11.800,0.000,0.000,18.0
2008-10-21,11:13:00,2.108,0.168,236.200,8.800,0.000,0.000,17.0
2008-10-21,11:14:00,2.010,0.208,236.220,8.600,0.000,0.000,18.0
2008-10-21,11:15:00,1.772,0.282,235.820,7.600,0.000,1.000,18.0
2008-10-21,11:16:00,1.754,0.266,235.160,7.400,0.000,1.000,17.0
2008-10-21,11:17:00,1.694,0.180,234.790,7.200,0.000,2.000,18.0
2008-10-21,11:18:00,1.706,0.184,235.830,7.200,0.000,1.000,17.0
2008-10-21,11:19:00,2.154,0.468,235.980,9.600,0.000,2.000,18.0
2008-10-21,11:20:00,2.524,0.686,234.630,11.200,0.000,1.000,18.0
2008-10-21,11:21:00,2.516,0.684,234.570,11.200,0.000,1.000,17.0
2008-10-21,11:22:00,2.502,0.678,234.260,11.200,0.000,2.000,18.0
2008-10-21,11:23:00,2.472,0.624,234.770,11.000,0.000,1.000,17.0
2008-10-21,11:24:00,2.404,0.560,233.690,10.800,0.000,2.000,17.0
2008-10-21,11:25:00,2.406,0.562,233.760,10.800,0.000,1.000,18.0
2008-10-21,11:26:00,2.392,0.550,233.430,10.600,0.000,1.000,17.0
2008-10-21,11:27:00,2.392,0.552,233.540,10.600,0.000,2.000,17.0
2008-10-21,11:28:00,2.388,0.550,233.420,10.600,0.000,1.000,18.0
2008-10-21,11:29:00,2.298,0.492,235.200,10.200,0.000,2.000,17.0
2008-10-21,11:30:00,2.442,0.562,236.020,10.800,0.000,1.000,18.0
2008-10-21,11:31:00,2.306,0.484,237.320,10.200,0.000,1.000,18.0
2008-10-21,11:32:00,2.108,0.348,238.000,9.200,0.000,1.000,18.0
2008-10-21,11:33:00,1.646,0.062,239.100,6.800,0.000,2.000,18.0
2008-10-21,11:34:00,1.656,0.064,239.780,6.800,0.000,1.000,18.0
2008-10-21,11:35:00,1.666,0.068,240.650,6.800,0.000,1.000,19.0
2008-10-21,11:36:00,1.652,0.064,239.640,6.800,0.000,2.000,18.0
2008-10-21,11:37:00,1.656,0.066,240.540,6.800,0.000,1.000,18.0
2008-10-21,11:38:00,1.650,0.064,240.040,6.800,0.000,1.000,18.0
2008-10-21,11:39:00,1.640,0.062,239.270,6.800,0.000,1.000,19.0
2008-10-21,11:40:00,1.638,0.062,239.080,6.800,0.000,2.000,18.0
2008-10-21,11:41:00,1.584,0.000,239.790,6.600,0.000,0.000,18.0
2008-10-21,11:42:00,1.574,0.054,239.790,6.600,0.000,0.000,18.0
2008-10-21,11:43:00,1.572,0.054,239.620,6.600,0.000,0.000,19.0
2008-10-21,11:44:00,1.576,0.054,239.880,6.600,0.000,0.000,18.0
2008-10-21,11:45:00,1.582,0.054,240.330,6.600,0.000,0.000,18.0
2008-10-21,11:46:00,1.582,0.052,240.340,6.600,0.000,0.000,18.0
2008-10-21,11:47:00,1.870,0.050,240.390,7.800,0.000,0.000,19.0
2008-10-21,11:48:00,1.970,0.146,239.730,8.200,0.000,0.000,18.0
2008-10-21,11:49:00,1.986,0.150,239.690,8.200,0.000,0.000,18.0
2008-10-21,11:50:00,2.056,0.222,239.230,8.600,0.000,0.000,18.0
2008-10-21,11:51:00,2.060,0.246,239.520,8.600,0.000,0.000,19.0
2008-10-21,11:52:00,2.062,0.248,239.530,8.600,0.000,0.000,18.0
2008-10-21,11:53:00,2.056,0.248,239.110,8.600,0.000,0.000,18.0
2008-10-21,11:54:00,2.046,0.246,238.610,8.600,0.000,0.000,18.0
2008-10-21,11:55:00,2.056,0.252,239.360,8.600,0.000,0.000,18.0
2008-10-21,11:56:00,2.056,0.254,239.960,8.600,0.000,0.000,19.0
2008-10-21,11:57:00,2.144,0.364,238.610,9.000,0.000,0.000,18.0
2008-10-21,11:58:00,2.140,0.378,238.410,9.000,0.000,0.000,18.0
2008-10-21,11:59:00,1.704,0.180,239.540,7.200,0.000,0.000,18.0
2008-10-21,12:00:00,1.648,0.176,238.700,6.800,0.000,0.000,18.0
2008-10-21,12:01:00,1.652,0.178,239.170,6.800,0.000,0.000,18.0
2008-10-21,12:02:00,1.622,0.118,240.560,6.800,0.000,0.000,19.0
2008-10-21,12:03:00,1.600,0.080,240.370,6.600,0.000,0.000,18.0
2008-10-21,12:04:00,1.600,0.080,240.310,6.600,0.000,0.000,18.0
2008-10-21,12:05:00,1.596,0.080,240.050,6.600,0.000,0.000,18.0
2008-10-21,12:06:00,1.590,0.078,239.600,6.600,0.000,0.000,19.0
2008-10-21,12:07:00,1.588,0.078,239.460,6.600,0.000,0.000,18.0
2008-10-21,12:08:00,1.592,0.080,239.970,6.600,0.000,0.000,18.0
2008-10-21,12:09:00,1.584,0.078,239.360,6.600,0.000,0.000,18.0
2008-10-21,12:10:00,1.582,0.078,239.310,6.600,0.000,0.000,19.0
2008-10-21,12:11:00,1.590,0.082,240.060,6.600,0.000,0.000,18.0
2008-10-21,12:12:00,1.576,0.078,239.440,6.600,0.000,0.000,18.0
2008-10-21,12:13:00,1.576,0.078,239.420,6.600,0.000,0.000,18.0
2008-10-21,12:14:00,2.108,0.186,239.400,8.800,0.000,0.000,27.0
2008-10-21,12:15:00,2.104,0.204,240.150,8.800,0.000,0.000,28.0
2008-10-21,12:16:00,2.074,0.144,239.890,8.600,0.000,0.000,29.0
2008-10-21,12:17:00,2.050,0.074,240.930,8.400,0.000,0.000,29.0
2008-10-21,12:18:00,2.056,0.074,240.900,8.400,0.000,0.000,29.0
2008-10-21,12:19:00,1.674,0.000,241.110,7.000,0.000,0.000,24.0
2008-10-21,12:20:00,1.406,0.048,241.340,5.800,0.000,0.000,19.0
2008-10-21,12:21:00,1.402,0.048,241.060,5.800,0.000,0.000,18.0
2008-10-21,12:22:00,1.402,0.048,241.110,5.800,0.000,0.000,19.0
2008-10-21,12:23:00,2.678,0.054,242.060,11.800,0.000,0.000,18.0
2008-10-21,12:24:00,2.016,0.050,242.480,9.200,0.000,0.000,19.0
2008-10-21,12:25:00,1.552,0.046,242.760,6.600,0.000,0.000,19.0
2008-10-21,12:26:00,1.602,0.048,242.620,7.000,0.000,0.000,18.0
2008-10-21,12:27:00,1.408,0.048,242.110,5.800,0.000,0.000,19.0
2008-10-21,12:28:00,1.408,0.048,242.180,5.800,0.000,0.000,18.0
2008-10-21,12:29:00,1.404,0.048,241.800,5.800,0.000,0.000,19.0
2008-10-21,12:30:00,1.408,0.048,242.200,5.800,0.000,0.000,19.0
2008-10-21,12:31:00,1.416,0.048,242.440,5.800,0.000,0.000,18.0
2008-10-21,12:32:00,1.400,0.048,241.530,5.800,0.000,0.000,19.0
2008-10-21,12:33:00,1.396,0.050,241.020,5.800,0.000,0.000,18.0
2008-10-21,12:34:00,1.398,0.048,240.570,5.800,0.000,0.000,19.0
2008-10-21,12:35:00,1.446,0.000,241.000,6.000,0.000,0.000,18.0
2008-10-21,12:36:00,1.478,0.054,241.250,6.000,0.000,0.000,18.0
2008-10-21,12:37:00,1.476,0.054,241.510,6.000,0.000,0.000,19.0
2008-10-21,12:38:00,1.468,0.050,240.670,6.000,0.000,0.000,18.0
2008-10-21,12:39:00,1.470,0.052,241.070,6.000,0.000,0.000,19.0
2008-10-21,12:40:00,1.468,0.052,240.870,6.000,0.000,0.000,18.0
2008-10-21,12:41:00,1.442,0.048,238.720,6.000,0.000,0.000,18.0
2008-10-21,12:42:00,1.442,0.046,238.690,6.000,0.000,0.000,18.0
2008-10-21,12:43:00,1.444,0.048,238.950,6.000,0.000,0.000,19.0
2008-10-21,12:44:00,1.442,0.048,238.950,6.000,0.000,0.000,18.0
2008-10-21,12:45:00,1.440,0.046,238.790,6.000,0.000,0.000,18.0
2008-10-21,12:46:00,1.442,0.048,238.900,6.000,0.000,0.000,18.0
2008-10-21,12:47:00,1.442,0.048,239.050,6.000,0.000,0.000,18.0
2008-10-21,12:48:00,1.386,0.000,238.700,5.800,0.000,0.000,18.0
2008-10-21,12:49:00,1.374,0.052,238.940,5.800,0.000,0.000,18.0
2008-10-21,12:50:00,1.474,0.054,238.500,6.200,0.000,0.000,18.0
2008-10-21,12:51:00,1.484,0.078,238.900,6.200,0.000,0.000,18.0
2008-10-21,12:52:00,1.480,0.078,238.990,6.200,0.000,0.000,19.0
2008-10-21,12:53:00,1.482,0.078,239.170,6.200,0.000,0.000,18.0
2008-10-21,12:54:00,1.474,0.076,238.620,6.200,0.000,0.000,18.0
2008-10-21,12:55:00,1.478,0.080,239.190,6.200,0.000,0.000,18.0
2008-10-21,12:56:00,1.478,0.080,239.180,6.200,0.000,0.000,18.0
2008-10-21,12:57:00,1.478,0.080,239.340,6.200,0.000,0.000,18.0
2008-10-21,12:58:00,1.468,0.078,238.510,6.200,0.000,0.000,18.0
2008-10-21,12:59:00,1.470,0.078,238.750,6.200,0.000,0.000,18.0
2008-10-21,13:00:00,1.468,0.078,238.740,6.200,0.000,0.000,19.0
2008-10-21,13:01:00,1.476,0.080,239.460,6.200,0.000,0.000,18.0
2008-10-21,13:02:00,1.472,0.078,239.140,6.200,0.000,0.000,18.0
2008-10-21,13:03:00,1.470,0.078,239.030,6.200,0.000,0.000,18.0
2008-10-21,13:04:00,1.468,0.078,238.980,6.000,0.000,0.000,18.0
2008-10-21,13:05:00,1.472,0.078,239.360,6.200,0.000,0.000,18.0
2008-10-21,13:06:00,1.470,0.078,239.130,6.000,0.000,0.000,18.0
2008-10-21,13:07:00,1.470,0.078,239.200,6.000,0.000,0.000,19.0
2008-10-21,13:08:00,1.474,0.078,239.610,6.200,0.000,0.000,18.0
2008-10-21,13:09:00,1.472,0.078,239.380,6.200,0.000,0.000,18.0
2008-10-21,13:10:00,1.424,0.000,238.800,6.000,0.000,0.000,18.0
2008-10-21,13:11:00,1.466,0.066,239.420,6.000,0.000,1.000,18.0
2008-10-21,13:12:00,1.450,0.064,238.210,6.000,0.000,1.000,18.0
2008-10-21,13:13:00,1.448,0.064,237.930,6.000,0.000,2.000,18.0
2008-10-21,13:14:00,1.450,0.064,237.930,6.000,0.000,1.000,18.0
2008-10-21,13:15:00,1.450,0.064,237.980,6.000,0.000,2.000,18.0
2008-10-21,13:16:00,1.446,0.062,237.650,6.000,0.000,1.000,18.0
2008-10-21,13:17:00,1.442,0.062,237.350,6.000,0.000,2.000,18.0
2008-10-21,13:18:00,1.444,0.062,237.570,6.000,0.000,1.000,18.0
2008-10-21,13:19:00,1.444,0.062,237.480,6.000,0.000,1.000,18.0
2008-10-21,13:20:00,1.440,0.062,237.140,6.000,0.000,2.000,18.0
2008-10-21,13:21:00,1.456,0.066,237.080,6.200,0.000,1.000,18.0
2008-10-21,13:22:00,1.518,0.162,237.560,6.400,0.000,2.000,18.0
2008-10-21,13:23:00,1.522,0.164,238.100,6.400,0.000,1.000,18.0
2008-10-21,13:24:00,1.522,0.166,238.340,6.400,0.000,1.000,18.0
2008-10-21,13:25:00,1.526,0.168,238.810,6.400,0.000,2.000,18.0
2008-10-21,13:26:00,1.520,0.166,238.490,6.400,0.000,1.000,18.0
2008-10-21,13:27:00,1.520,0.166,238.610,6.400,0.000,1.000,18.0
2008-10-21,13:28:00,1.524,0.168,239.200,6.400,0.000,2.000,18.0
2008-10-21,13:29:00,1.526,0.170,239.610,6.400,0.000,1.000,18.0
2008-10-21,13:30:00,1.534,0.174,240.390,6.400,0.000,1.000,19.0
2008-10-21,13:31:00,1.526,0.174,239.800,6.400,0.000,2.000,18.0
2008-10-21,13:32:00,1.530,0.174,240.220,6.400,0.000,1.000,18.0
2008-10-21,13:33:00,1.528,0.174,240.230,6.400,0.000,1.000,18.0
2008-10-21,13:34:00,1.496,0.122,240.300,6.200,0.000,1.000,19.0
2008-10-21,13:35:00,1.456,0.068,239.820,6.000,0.000,2.000,18.0
2008-10-21,13:36:00,1.442,0.056,239.210,6.000,0.000,1.000,18.0
2008-10-21,13:37:00,1.372,0.052,238.600,5.800,0.000,0.000,18.0
2008-10-21,13:38:00,1.372,0.050,238.680,5.800,0.000,0.000,18.0
2008-10-21,13:39:00,1.372,0.052,238.610,5.800,0.000,0.000,18.0
2008-10-21,13:40:00,1.376,0.050,238.980,5.800,0.000,0.000,18.0
2008-10-21,13:41:00,1.376,0.052,239.030,5.800,0.000,0.000,19.0
2008-10-21,13:42:00,1.382,0.050,239.520,5.800,0.000,0.000,18.0
2008-10-21,13:43:00,1.450,0.000,239.330,6.000,0.000,0.000,18.0
2008-10-21,13:44:00,1.490,0.080,239.490,6.200,0.000,0.000,18.0
2008-10-21,13:45:00,1.864,0.154,238.730,7.800,0.000,0.000,24.0
2008-10-21,13:46:00,2.072,0.186,238.300,8.600,0.000,0.000,28.0
2008-10-21,13:47:00,2.112,0.194,239.300,8.800,0.000,0.000,29.0
2008-10-21,13:48:00,2.130,0.194,239.490,8.800,0.000,0.000,29.0
2008-10-21,13:49:00,2.118,0.182,238.070,8.800,0.000,0.000,28.0
2008-10-21,13:50:00,1.852,0.136,238.300,7.800,0.000,0.000,26.0
2008-10-21,13:51:00,1.476,0.078,239.260,6.200,0.000,0.000,18.0
2008-10-21,13:52:00,1.484,0.082,239.980,6.200,0.000,0.000,18.0
2008-10-21,13:53:00,1.486,0.084,240.250,6.200,0.000,0.000,18.0
2008-10-21,13:54:00,1.484,0.084,240.180,6.200,0.000,0.000,19.0
2008-10-21,13:55:00,1.480,0.082,239.910,6.200,0.000,0.000,18.0
2008-10-21,13:56:00,1.478,0.082,239.810,6.200,0.000,0.000,18.0
2008-10-21,13:57:00,1.496,0.088,241.500,6.200,0.000,0.000,19.0
2008-10-21,13:58:00,1.490,0.084,241.000,6.200,0.000,0.000,18.0
2008-10-21,13:59:00,1.486,0.084,240.720,6.200,0.000,0.000,19.0
2008-10-21,14:00:00,1.480,0.082,240.090,6.200,0.000,0.000,18.0
2008-10-21,14:01:00,1.464,0.080,238.700,6.000,0.000,0.000,18.0
2008-10-21,14:02:00,1.508,0.090,242.750,6.200,0.000,0.000,19.0
2008-10-21,14:03:00,1.432,0.000,243.170,5.800,0.000,0.000,18.0
2008-10-21,14:04:00,1.424,0.000,243.650,5.800,0.000,0.000,19.0
2008-10-21,14:05:00,1.424,0.000,243.610,5.800,0.000,0.000,19.0
2008-10-21,14:06:00,1.426,0.000,243.800,5.800,0.000,0.000,19.0
2008-10-21,14:07:00,1.422,0.000,243.400,5.800,0.000,0.000,19.0
2008-10-21,14:08:00,1.472,0.000,242.420,6.000,0.000,0.000,18.0
2008-10-21,14:09:00,1.494,0.058,243.060,6.000,0.000,0.000,19.0
2008-10-21,14:10:00,1.492,0.058,242.890,6.000,0.000,0.000,19.0
2008-10-21,14:11:00,1.478,0.056,241.600,6.000,0.000,0.000,18.0
2008-10-21,14:12:00,1.184,0.060,242.420,5.200,0.000,0.000,15.0
2008-10-21,14:13:00,0.404,0.070,243.650,1.800,0.000,0.000,1.0
2008-10-21,14:14:00,0.402,0.070,243.240,1.800,0.000,0.000,1.0
2008-10-21,14:15:00,0.404,0.074,244.590,1.800,0.000,0.000,0.0
2008-10-21,14:16:00,0.402,0.074,244.660,1.800,0.000,0.000,1.0
2008-10-21,14:17:00,0.400,0.072,244.030,1.800,0.000,0.000,1.0
2008-10-21,14:18:00,0.402,0.074,244.510,1.800,0.000,0.000,0.0
2008-10-21,14:19:00,0.402,0.074,244.900,1.800,0.000,0.000,1.0
2008-10-21,14:20:00,0.392,0.060,245.720,1.600,0.000,0.000,1.0
2008-10-21,14:21:00,0.334,0.000,246.330,1.400,0.000,0.000,0.0
2008-10-21,14:22:00,0.334,0.000,246.440,1.400,0.000,0.000,1.0
2008-10-21,14:23:00,0.334,0.000,245.810,1.400,0.000,0.000,1.0
2008-10-21,14:24:00,0.332,0.000,245.150,1.400,0.000,0.000,0.0
2008-10-21,14:25:00,0.332,0.000,245.300,1.400,0.000,0.000,1.0
2008-10-21,14:26:00,0.332,0.000,245.690,1.400,0.000,0.000,1.0
2008-10-21,14:27:00,0.332,0.000,244.780,1.400,0.000,0.000,0.0
2008-10-21,14:28:00,0.332,0.000,245.130,1.400,0.000,0.000,1.0
2008-10-21,14:29:00,0.332,0.000,245.150,1.400,0.000,0.000,1.0
2008-10-21,14:30:00,0.332,0.000,244.490,1.400,0.000,0.000,0.0
2008-10-21,14:31:00,0.330,0.000,243.740,1.400,0.000,0.000,1.0
2008-10-21,14:32:00,0.330,0.000,243.750,1.400,0.000,0.000,1.0
2008-10-21,14:33:00,0.332,0.000,244.470,1.400,0.000,0.000,1.0
2008-10-21,14:34:00,0.332,0.000,244.560,1.400,0.000,0.000,0.0
2008-10-21,14:35:00,0.332,0.000,245.070,1.400,0.000,0.000,1.0
2008-10-21,14:36:00,0.332,0.000,245.400,1.400,0.000,0.000,1.0
2008-10-21,14:37:00,0.332,0.000,245.360,1.400,0.000,0.000,0.0
2008-10-21,14:38:00,0.448,0.094,245.090,2.000,0.000,0.000,1.0
2008-10-21,14:39:00,0.442,0.104,244.780,1.800,0.000,0.000,1.0
2008-10-21,14:40:00,0.442,0.106,245.640,1.800,0.000,0.000,0.0
2008-10-21,14:41:00,0.442,0.112,246.890,1.800,0.000,0.000,1.0
2008-10-21,14:42:00,0.436,0.104,244.620,1.800,0.000,0.000,1.0
2008-10-21,14:43:00,0.434,0.102,243.870,1.800,0.000,0.000,0.0
2008-10-21,14:44:00,0.432,0.100,243.290,1.800,0.000,0.000,1.0
2008-10-21,14:45:00,0.432,0.102,243.700,1.800,0.000,0.000,1.0
2008-10-21,14:46:00,0.430,0.100,243.460,1.800,0.000,0.000,0.0
2008-10-21,14:47:00,0.430,0.102,243.810,1.800,0.000,0.000,1.0
2008-10-21,14:48:00,0.428,0.102,243.470,1.800,0.000,0.000,1.0
2008-10-21,14:49:00,0.426,0.102,243.700,1.800,0.000,0.000,0.0
2008-10-21,14:50:00,0.426,0.102,243.460,1.800,0.000,0.000,1.0
2008-10-21,14:51:00,0.424,0.100,243.250,1.800,0.000,0.000,1.0
2008-10-21,14:52:00,0.426,0.102,243.340,1.800,0.000,0.000,0.0
2008-10-21,14:53:00,0.432,0.102,243.100,1.800,0.000,0.000,1.0
2008-10-21,14:54:00,0.430,0.100,242.890,1.800,0.000,0.000,1.0
2008-10-21,14:55:00,0.430,0.100,243.030,1.800,0.000,0.000,0.0
2008-10-21,14:56:00,0.516,0.198,242.980,2.400,0.000,0.000,1.0
2008-10-21,14:57:00,0.490,0.192,243.510,2.200,0.000,0.000,1.0
2008-10-21,14:58:00,0.406,0.072,244.130,1.800,0.000,0.000,0.0
2008-10-21,14:59:00,0.406,0.072,244.220,1.800,0.000,0.000,1.0
2008-10-21,15:00:00,0.404,0.072,243.770,1.800,0.000,0.000,1.0
2008-10-21,15:01:00,0.402,0.070,243.270,1.800,0.000,0.000,0.0
2008-10-21,15:02:00,0.402,0.070,243.510,1.800,0.000,0.000,1.0
2008-10-21,15:03:00,0.400,0.068,243.340,1.800,0.000,0.000,1.0
2008-10-21,15:04:00,0.400,0.070,243.710,1.800,0.000,0.000,0.0
2008-10-21,15:05:00,0.400,0.072,244.010,1.600,0.000,0.000,1.0
2008-10-21,15:06:00,0.434,0.100,243.740,2.000,0.000,0.000,1.0
2008-10-21,15:07:00,0.486,0.196,243.640,2.200,0.000,1.000,0.0
2008-10-21,15:08:00,0.462,0.152,243.920,2.000,0.000,1.000,1.0
2008-10-21,15:09:00,0.424,0.094,244.470,1.800,0.000,2.000,1.0
2008-10-21,15:10:00,0.424,0.092,244.400,1.800,0.000,1.000,1.0
2008-10-21,15:11:00,0.422,0.090,243.420,1.800,0.000,2.000,0.0
2008-10-21,15:12:00,0.422,0.090,243.320,1.800,0.000,1.000,1.0
2008-10-21,15:13:00,0.422,0.090,243.540,1.800,0.000,1.000,1.0
2008-10-21,15:14:00,0.414,0.090,243.290,1.800,0.000,2.000,0.0
2008-10-21,15:15:00,0.412,0.086,242.710,1.800,0.000,1.000,1.0
2008-10-21,15:16:00,0.412,0.086,242.650,1.800,0.000,2.000,1.0
2008-10-21,15:17:00,0.410,0.086,242.510,1.800,0.000,1.000,0.0
2008-10-21,15:18:00,0.408,0.086,242.260,1.800,0.000,2.000,1.0
2008-10-21,15:19:00,0.410,0.086,242.780,1.800,0.000,1.000,1.0
2008-10-21,15:20:00,0.408,0.086,242.630,1.800,0.000,1.000,0.0
2008-10-21,15:21:00,0.408,0.086,242.920,1.800,0.000,2.000,1.0
2008-10-21,15:22:00,0.408,0.084,242.370,1.800,0.000,1.000,1.0
2008-10-21,15:23:00,0.410,0.084,241.820,1.800,0.000,1.000,0.0
2008-10-21,15:24:00,0.410,0.084,241.970,1.800,0.000,2.000,1.0
2008-10-21,15:25:00,0.408,0.084,242.060,1.800,0.000,1.000,1.0
2008-10-21,15:26:00,0.408,0.084,242.000,1.800,0.000,1.000,0.0
2008-10-21,15:27:00,0.408,0.084,242.000,1.800,0.000,2.000,1.0
2008-10-21,15:28:00,0.406,0.082,241.290,1.800,0.000,1.000,1.0
2008-10-21,15:29:00,0.404,0.082,241.210,1.800,0.000,1.000,0.0
2008-10-21,15:30:00,0.402,0.080,241.070,1.800,0.000,1.000,1.0
2008-10-21,15:31:00,0.460,0.142,241.100,2.000,0.000,2.000,0.0
2008-10-21,15:32:00,1.180,0.328,240.540,5.200,0.000,1.000,9.0
2008-10-21,15:33:00,1.364,0.226,240.460,5.800,0.000,0.000,11.0
2008-10-21,15:34:00,1.392,0.220,240.630,5.800,0.000,0.000,11.0
2008-10-21,15:35:00,1.408,0.224,241.050,5.800,0.000,0.000,12.0
2008-10-21,15:36:00,1.408,0.220,240.810,5.800,0.000,0.000,11.0
2008-10-21,15:37:00,0.902,0.126,241.170,4.000,0.000,0.000,4.0
2008-10-21,15:38:00,0.758,0.098,241.680,3.200,0.000,0.000,1.0
2008-10-21,15:39:00,0.754,0.098,241.300,3.200,0.000,0.000,1.0
2008-10-21,15:40:00,0.752,0.098,241.540,3.200,0.000,0.000,0.0
2008-10-21,15:41:00,0.754,0.098,241.490,3.200,0.000,0.000,1.0
2008-10-21,15:42:00,0.748,0.094,240.760,3.200,0.000,0.000,1.0
2008-10-21,15:43:00,0.788,0.128,240.840,3.400,0.000,0.000,0.0
2008-10-21,15:44:00,0.818,0.196,240.360,3.400,0.000,0.000,1.0
2008-10-21,15:45:00,0.814,0.194,240.010,3.400,0.000,0.000,1.0
2008-10-21,15:46:00,0.812,0.192,239.560,3.400,0.000,0.000,0.0
2008-10-21,15:47:00,0.812,0.194,240.120,3.400,0.000,0.000,1.0
2008-10-21,15:48:00,0.812,0.196,240.330,3.400,0.000,0.000,1.0
2008-10-21,15:49:00,0.814,0.198,241.040,3.400,0.000,0.000,0.0
2008-10-21,15:50:00,0.812,0.200,241.370,3.400,0.000,0.000,1.0
2008-10-21,15:51:00,0.726,0.072,241.750,3.000,0.000,0.000,1.0
2008-10-21,15:52:00,0.720,0.068,242.300,3.000,0.000,0.000,0.0
2008-10-21,15:53:00,0.724,0.068,241.940,3.000,0.000,0.000,1.0
2008-10-21,15:54:00,0.722,0.068,241.730,3.000,0.000,0.000,1.0
2008-10-21,15:55:00,0.724,0.068,242.020,3.000,0.000,0.000,0.0
2008-10-21,15:56:00,0.698,0.000,242.370,2.800,0.000,0.000,1.0
2008-10-21,15:57:00,0.648,0.000,242.460,2.600,0.000,0.000,1.0
2008-10-21,15:58:00,0.648,0.000,242.960,2.600,0.000,0.000,0.0
2008-10-21,15:59:00,0.650,0.000,242.080,2.600,0.000,0.000,1.0
2008-10-21,16:00:00,0.650,0.000,241.780,2.600,0.000,0.000,1.0
2008-10-21,16:01:00,0.650,0.000,241.500,2.600,0.000,0.000,0.0
2008-10-21,16:02:00,0.652,0.000,241.840,2.600,0.000,0.000,1.0
2008-10-21,16:03:00,0.652,0.000,242.750,2.600,0.000,0.000,1.0
2008-10-21,16:04:00,0.654,0.000,242.540,2.800,0.000,0.000,0.0
2008-10-21,16:05:00,0.652,0.000,242.590,2.600,0.000,0.000,1.0
2008-10-21,16:06:00,0.648,0.000,241.970,2.600,0.000,0.000,1.0
2008-10-21,16:07:00,0.652,0.000,242.420,2.600,0.000,0.000,0.0
2008-10-21,16:08:00,0.650,0.000,242.250,2.600,0.000,0.000,1.0
2008-10-21,16:09:00,0.648,0.000,242.650,2.600,0.000,0.000,1.0
2008-10-21,16:10:00,0.646,0.000,242.290,2.600,0.000,0.000,0.0
2008-10-21,16:11:00,0.646,0.000,242.550,2.600,0.000,0.000,1.0
2008-10-21,16:12:00,0.646,0.000,242.530,2.600,0.000,0.000,1.0
2008-10-21,16:13:00,0.646,0.000,242.060,2.600,0.000,0.000,0.0
2008-10-21,16:14:00,0.644,0.000,242.080,2.600,0.000,0.000,1.0
2008-10-21,16:15:00,0.642,0.000,241.500,2.600,0.000,0.000,1.0
2008-10-21,16:16:00,0.640,0.000,240.800,2.600,0.000,0.000,0.0
2008-10-21,16:17:00,0.640,0.000,240.630,2.600,0.000,0.000,1.0
2008-10-21,16:18:00,0.638,0.000,240.190,2.600,0.000,0.000,1.0
2008-10-21,16:19:00,0.642,0.000,240.860,2.600,0.000,0.000,0.0
2008-10-21,16:20:00,0.640,0.000,240.600,2.600,0.000,0.000,1.0
2008-10-21,16:21:00,0.640,0.000,240.950,2.600,0.000,0.000,1.0
2008-10-21,16:22:00,0.642,0.000,241.320,2.600,0.000,0.000,0.0
2008-10-21,16:23:00,0.644,0.000,241.690,2.600,0.000,0.000,1.0
2008-10-21,16:24:00,0.760,0.092,241.680,3.200,0.000,0.000,1.0
2008-10-21,16:25:00,0.754,0.098,241.720,3.200,0.000,0.000,0.0
2008-10-21,16:26:00,0.748,0.098,241.300,3.200,0.000,0.000,1.0
2008-10-21,16:27:00,0.584,0.096,241.000,2.600,0.000,0.000,1.0
2008-10-21,16:28:00,0.426,0.094,240.530,1.800,0.000,0.000,0.0
2008-10-21,16:29:00,0.424,0.092,240.250,1.800,0.000,0.000,1.0
2008-10-21,16:30:00,0.422,0.092,239.840,1.800,0.000,0.000,1.0
2008-10-21,16:31:00,0.472,0.134,240.040,2.200,0.000,0.000,0.0
2008-10-21,16:32:00,0.498,0.192,240.360,2.200,0.000,0.000,1.0
2008-10-21,16:33:00,0.498,0.192,240.280,2.200,0.000,0.000,1.0
2008-10-21,16:34:00,0.496,0.194,240.580,2.200,0.000,0.000,0.0
2008-10-21,16:35:00,0.492,0.190,239.650,2.200,0.000,0.000,1.0
2008-10-21,16:36:00,0.492,0.194,240.460,2.200,0.000,0.000,0.0
2008-10-21,16:37:00,0.492,0.196,240.840,2.200,0.000,0.000,1.0
2008-10-21,16:38:00,0.490,0.196,241.030,2.200,0.000,0.000,1.0
2008-10-21,16:39:00,0.488,0.196,240.570,2.200,0.000,0.000,0.0
2008-10-21,16:40:00,0.490,0.202,242.000,2.200,0.000,0.000,1.0
2008-10-21,16:41:00,0.490,0.204,242.670,2.200,0.000,0.000,1.0
2008-10-21,16:42:00,0.490,0.204,242.750,2.200,0.000,0.000,0.0
2008-10-21,16:43:00,0.466,0.172,242.830,2.000,0.000,0.000,1.0
2008-10-21,16:44:00,0.380,0.046,241.100,1.600,0.000,0.000,1.0
2008-10-21,16:45:00,0.324,0.000,240.700,1.400,0.000,0.000,0.0
2008-10-21,16:46:00,0.324,0.000,240.720,1.400,0.000,0.000,1.0
2008-10-21,16:47:00,0.326,0.000,241.590,1.400,0.000,0.000,1.0
2008-10-21,16:48:00,0.326,0.000,242.290,1.400,0.000,0.000,0.0
2008-10-21,16:49:00,0.326,0.000,241.990,1.400,0.000,0.000,1.0
2008-10-21,16:50:00,0.326,0.000,241.800,1.400,0.000,0.000,1.0
2008-10-21,16:51:00,0.326,0.000,241.870,1.400,0.000,0.000,0.0
2008-10-21,16:52:00,0.324,0.000,241.310,1.400,0.000,0.000,1.0
2008-10-21,16:53:00,0.326,0.000,242.200,1.400,0.000,0.000,1.0
2008-10-21,16:54:00,0.326,0.000,242.640,1.400,0.000,0.000,0.0
2008-10-21,16:55:00,0.324,0.000,241.460,1.400,0.000,0.000,1.0
2008-10-21,16:56:00,0.326,0.000,242.060,1.400,0.000,0.000,1.0
2008-10-21,16:57:00,0.324,0.000,241.350,1.400,0.000,0.000,0.0
2008-10-21,16:58:00,0.324,0.000,241.450,1.400,0.000,0.000,1.0
2008-10-21,16:59:00,0.324,0.000,241.780,1.400,0.000,0.000,1.0
2008-10-21,17:00:00,0.326,0.000,241.890,1.400,0.000,0.000,0.0
2008-10-21,17:01:00,0.324,0.000,240.970,1.400,0.000,0.000,1.0
2008-10-21,17:02:00,0.322,0.000,240.460,1.400,0.000,0.000,1.0
2008-10-21,17:03:00,0.392,0.000,239.430,1.800,0.000,0.000,0.0
2008-10-21,17:04:00,0.410,0.080,240.290,1.800,0.000,2.000,1.0
2008-10-21,17:05:00,0.408,0.080,240.140,1.800,0.000,1.000,1.0
2008-10-21,17:06:00,0.408,0.080,239.830,1.800,0.000,1.000,0.0
2008-10-21,17:07:00,0.410,0.084,240.900,1.800,0.000,2.000,1.0
2008-10-21,17:08:00,0.410,0.082,240.280,1.800,0.000,1.000,1.0
2008-10-21,17:09:00,0.410,0.082,240.330,1.800,0.000,2.000,0.0
2008-10-21,17:10:00,0.410,0.082,240.430,1.800,0.000,1.000,1.0
2008-10-21,17:11:00,0.408,0.082,240.470,1.800,0.000,2.000,1.0
2008-10-21,17:12:00,0.408,0.084,240.860,1.800,0.000,1.000,0.0
2008-10-21,17:13:00,0.408,0.084,241.310,1.800,0.000,2.000,1.0
2008-10-21,17:14:00,0.406,0.084,240.290,1.800,0.000,1.000,1.0
2008-10-21,17:15:00,0.404,0.080,239.550,1.800,0.000,1.000,0.0
2008-10-21,17:16:00,0.426,0.096,240.480,2.000,0.000,2.000,1.0
2008-10-21,17:17:00,0.514,0.216,240.700,2.400,0.000,1.000,1.0
2008-10-21,17:18:00,0.512,0.216,240.880,2.400,0.000,2.000,0.0
2008-10-21,17:19:00,0.508,0.216,240.850,2.200,0.000,1.000,1.0
2008-10-21,17:20:00,0.598,0.320,241.410,2.800,0.000,1.000,1.0
2008-10-21,17:21:00,0.578,0.320,240.640,2.800,0.000,2.000,0.0
2008-10-21,17:22:00,0.578,0.324,241.300,2.800,0.000,1.000,1.0
2008-10-21,17:23:00,0.982,0.404,240.300,4.600,0.000,1.000,7.0
2008-10-21,17:24:00,1.174,0.438,240.310,5.200,0.000,1.000,10.0
2008-10-21,17:25:00,1.200,0.442,240.570,5.200,0.000,2.000,11.0
2008-10-21,17:26:00,1.216,0.440,240.500,5.400,0.000,1.000,12.0
2008-10-21,17:27:00,1.222,0.444,240.930,5.400,0.000,1.000,11.0
2008-10-21,17:28:00,0.790,0.360,240.600,3.800,0.000,1.000,6.0
2008-10-21,17:29:00,0.532,0.276,242.040,2.400,0.000,1.000,0.0
2008-10-21,17:30:00,0.490,0.206,242.210,2.200,0.000,0.000,1.0
2008-10-21,17:31:00,0.490,0.208,242.580,2.200,0.000,0.000,1.0
2008-10-21,17:32:00,0.492,0.174,242.050,2.200,0.000,0.000,0.0
2008-10-21,17:33:00,0.482,0.098,241.240,2.000,0.000,0.000,1.0
2008-10-21,17:34:00,0.484,0.100,242.110,2.000,0.000,0.000,1.0
2008-10-21,17:35:00,0.482,0.098,241.650,2.000,0.000,0.000,0.0
2008-10-21,17:36:00,0.446,0.046,241.470,2.000,0.000,0.000,1.0
2008-10-21,17:37:00,0.388,0.000,241.240,1.600,0.000,0.000,1.0
2008-10-21,17:38:00,0.610,0.000,241.240,3.600,0.000,0.000,0.0
2008-10-21,17:39:00,0.388,0.000,241.050,1.600,0.000,0.000,1.0
2008-10-21,17:40:00,0.390,0.000,241.650,1.600,0.000,0.000,1.0
2008-10-21,17:41:00,0.390,0.000,242.230,1.600,0.000,0.000,0.0
2008-10-21,17:42:00,0.390,0.000,242.110,1.600,0.000,0.000,1.0
2008-10-21,17:43:00,0.390,0.000,241.540,1.600,0.000,0.000,1.0
2008-10-21,17:44:00,0.386,0.000,239.940,1.600,0.000,0.000,0.0
2008-10-21,17:45:00,0.388,0.000,240.870,1.600,0.000,0.000,1.0
2008-10-21,17:46:00,0.386,0.000,240.000,1.600,0.000,0.000,1.0
2008-10-21,17:47:00,0.386,0.000,239.580,1.600,0.000,0.000,0.0
2008-10-21,17:48:00,0.388,0.000,240.710,1.600,0.000,0.000,1.0
2008-10-21,17:49:00,0.386,0.000,239.790,1.600,0.000,0.000,1.0
2008-10-21,17:50:00,0.388,0.000,240.540,1.600,0.000,0.000,0.0
2008-10-21,17:51:00,0.390,0.000,241.800,1.600,0.000,0.000,1.0
2008-10-21,17:52:00,0.388,0.000,241.270,1.600,0.000,0.000,1.0
2008-10-21,17:53:00,0.386,0.000,239.980,1.600,0.000,0.000,0.0
2008-10-21,17:54:00,0.388,0.000,240.760,1.600,0.000,0.000,1.0
2008-10-21,17:55:00,0.390,0.000,241.550,1.600,0.000,0.000,1.0
2008-10-21,17:56:00,0.388,0.000,241.030,1.600,0.000,0.000,0.0
2008-10-21,17:57:00,0.388,0.000,241.080,1.600,0.000,0.000,1.0
2008-10-21,17:58:00,0.390,0.000,241.180,1.600,0.000,0.000,1.0
2008-10-21,17:59:00,0.394,0.000,240.420,1.600,0.000,0.000,0.0
2008-10-21,18:00:00,0.394,0.000,240.530,1.600,0.000,0.000,1.0
2008-10-21,18:01:00,0.394,0.000,240.430,1.600,0.000,0.000,1.0
2008-10-21,18:02:00,0.388,0.000,238.200,1.600,0.000,0.000,0.0
2008-10-21,18:03:00,0.386,0.000,237.740,1.600,0.000,0.000,1.0
2008-10-21,18:04:00,0.382,0.000,238.110,1.600,0.000,0.000,1.0
2008-10-21,18:05:00,0.382,0.000,238.470,1.600,0.000,0.000,0.0
2008-10-21,18:06:00,0.382,0.000,237.930,1.600,0.000,0.000,1.0
2008-10-21,18:07:00,0.380,0.000,237.610,1.600,0.000,0.000,0.0
2008-10-21,18:08:00,0.456,0.000,237.570,2.000,0.000,0.000,1.0
2008-10-21,18:09:00,0.454,0.058,236.770,2.000,0.000,0.000,1.0
2008-10-21,18:10:00,0.542,0.144,236.600,2.400,0.000,0.000,0.0
2008-10-21,18:11:00,0.562,0.182,236.410,2.400,0.000,0.000,1.0
2008-10-21,18:12:00,0.560,0.186,237.150,2.400,0.000,0.000,1.0
2008-10-21,18:13:00,0.560,0.188,237.760,2.400,0.000,0.000,0.0
2008-10-21,18:14:00,0.562,0.188,237.560,2.400,0.000,0.000,1.0
2008-10-21,18:15:00,0.574,0.186,237.100,2.600,0.000,0.000,1.0
2008-10-21,18:16:00,0.902,0.186,237.830,3.800,0.000,0.000,0.0
2008-10-21,18:17:00,0.896,0.186,237.420,3.800,0.000,0.000,1.0
2008-10-21,18:18:00,0.894,0.186,237.610,3.800,0.000,0.000,0.0
2008-10-21,18:19:00,0.896,0.188,238.100,3.800,0.000,0.000,1.0
2008-10-21,18:20:00,0.860,0.136,238.230,3.600,0.000,0.000,1.0
2008-10-21,18:21:00,0.838,0.084,237.820,3.600,0.000,0.000,0.0
2008-10-21,18:22:00,0.800,0.082,237.660,3.400,0.000,0.000,1.0
2008-10-21,18:23:00,0.854,0.084,238.040,3.600,0.000,0.000,1.0
2008-10-21,18:24:00,0.860,0.082,238.030,3.600,0.000,0.000,0.0
2008-10-21,18:25:00,0.862,0.084,238.380,3.600,0.000,0.000,1.0
2008-10-21,18:26:00,0.854,0.084,238.560,3.600,0.000,0.000,1.0
2008-10-21,18:27:00,0.814,0.084,238.080,3.400,0.000,0.000,0.0
2008-10-21,18:28:00,0.816,0.084,237.820,3.400,0.000,0.000,1.0
2008-10-21,18:29:00,0.800,0.000,238.780,3.400,0.000,0.000,1.0
2008-10-21,18:30:00,0.888,0.000,238.440,4.000,0.000,0.000,0.0
2008-10-21,18:31:00,0.892,0.000,237.620,4.000,0.000,0.000,1.0
2008-10-21,18:32:00,0.896,0.000,237.610,4.000,0.000,0.000,1.0
2008-10-21,18:33:00,0.890,0.000,237.370,4.000,0.000,0.000,0.0
2008-10-21,18:34:00,0.884,0.000,237.430,4.000,0.000,0.000,1.0
2008-10-21,18:35:00,0.882,0.000,236.730,4.000,0.000,0.000,0.0
2008-10-21,18:36:00,0.882,0.000,237.090,4.000,0.000,0.000,1.0
2008-10-21,18:37:00,0.904,0.000,237.230,4.000,0.000,0.000,1.0
2008-10-21,18:38:00,1.156,0.152,237.230,5.000,0.000,0.000,0.0
2008-10-21,18:39:00,1.722,0.138,235.950,8.200,0.000,8.000,1.0
2008-10-21,18:40:00,3.104,0.000,233.910,13.200,0.000,36.000,1.0
2008-10-21,18:41:00,2.816,0.000,234.700,12.600,0.000,27.000,0.0
2008-10-21,18:42:00,3.326,0.000,234.630,14.200,0.000,35.000,1.0
2008-10-21,18:43:00,2.896,0.000,235.360,12.600,0.000,27.000,0.0
2008-10-21,18:44:00,3.698,0.000,233.910,15.800,0.000,35.000,1.0
2008-10-21,18:45:00,3.706,0.000,233.380,15.800,0.000,36.000,1.0
2008-10-21,18:46:00,3.696,0.000,234.640,15.800,0.000,35.000,0.0
2008-10-21,18:47:00,3.734,0.000,234.660,15.800,0.000,36.000,1.0
2008-10-21,18:48:00,3.802,0.000,233.580,16.200,0.000,35.000,1.0
2008-10-21,18:49:00,3.898,0.000,234.790,16.600,0.000,35.000,0.0
2008-10-21,18:50:00,3.886,0.000,234.980,16.400,0.000,36.000,1.0
2008-10-21,18:51:00,3.892,0.000,234.940,16.600,0.000,35.000,0.0
2008-10-21,18:52:00,3.856,0.000,233.960,16.400,0.000,35.000,1.0
2008-10-21,18:53:00,3.860,0.000,233.740,16.400,0.000,36.000,1.0
2008-10-21,18:54:00,3.926,0.048,233.770,16.800,0.000,35.000,0.0
2008-10-21,18:55:00,3.934,0.082,233.740,16.800,0.000,35.000,1.0
2008-10-21,18:56:00,4.010,0.066,234.470,17.000,0.000,35.000,1.0
2008-10-21,18:57:00,4.222,0.178,233.930,18.000,0.000,37.000,0.0
2008-10-21,18:58:00,4.030,0.174,233.860,17.200,0.000,37.000,1.0
2008-10-21,18:59:00,4.062,0.194,234.410,17.400,0.000,37.000,0.0
2008-10-21,19:00:00,4.056,0.176,234.570,17.200,0.000,36.000,1.0
2008-10-21,19:01:00,4.054,0.192,234.370,17.200,0.000,37.000,1.0
2008-10-21,19:02:00,4.054,0.178,234.780,17.200,0.000,37.000,0.0
2008-10-21,19:03:00,4.192,0.312,235.500,17.800,0.000,37.000,1.0
2008-10-21,19:04:00,3.928,0.316,236.190,16.600,0.000,37.000,1.0
2008-10-21,19:05:00,3.864,0.332,236.190,16.400,0.000,38.000,0.0
2008-10-21,19:06:00,2.794,0.332,237.230,11.800,0.000,18.000,1.0
2008-10-21,19:07:00,4.074,0.270,236.180,17.400,0.000,34.000,0.0
2008-10-21,19:08:00,4.154,0.222,236.170,17.600,0.000,37.000,1.0
2008-10-21,19:09:00,4.176,0.238,236.900,17.600,0.000,38.000,1.0
2008-10-21,19:10:00,2.912,0.244,239.360,12.200,0.000,20.000,0.0
2008-10-21,19:11:00,3.670,0.238,238.140,15.600,0.000,33.000,1.0
2008-10-21,19:12:00,4.024,0.222,238.400,17.000,0.000,37.000,1.0
2008-10-21,19:13:00,3.038,0.248,239.080,12.800,0.000,18.000,0.0
2008-10-21,19:14:00,4.148,0.218,237.100,17.600,0.000,35.000,1.0
2008-10-21,19:15:00,4.104,0.238,236.840,17.400,0.000,37.000,1.0
2008-10-21,19:16:00,3.504,0.326,238.130,14.800,0.000,18.000,8.0
2008-10-21,19:17:00,4.944,0.492,236.070,21.000,0.000,35.000,10.0
2008-10-21,19:18:00,4.692,0.520,236.760,20.000,0.000,31.000,12.0
2008-10-21,19:19:00,4.198,0.536,238.310,17.800,0.000,21.000,12.0
2008-10-21,19:20:00,5.298,0.500,237.200,22.400,0.000,38.000,11.0
2008-10-21,19:21:00,3.538,0.420,239.810,14.800,0.000,20.000,2.0
2008-10-21,19:22:00,4.168,0.362,238.430,17.600,0.000,32.000,0.0
2008-10-21,19:23:00,3.640,0.272,238.290,15.400,0.000,28.000,1.0
2008-10-21,19:24:00,3.726,0.268,238.900,15.800,0.000,25.000,1.0
2008-10-21,19:25:00,3.776,0.268,238.220,16.000,0.000,30.000,0.0
2008-10-21,19:26:00,3.548,0.252,237.470,15.200,0.000,23.000,1.0
2008-10-21,19:27:00,4.106,0.202,235.740,17.600,0.000,35.000,1.0
2008-10-21,19:28:00,3.214,0.212,237.570,13.600,0.000,17.000,0.0
2008-10-21,19:29:00,4.532,0.260,234.650,19.400,0.000,36.000,1.0
2008-10-21,19:30:00,3.252,0.208,235.220,14.000,0.000,21.000,1.0
2008-10-21,19:31:00,4.044,0.200,236.190,17.200,0.000,31.000,0.0
2008-10-21,19:32:00,3.338,0.204,237.090,14.400,0.000,23.000,1.0
2008-10-21,19:33:00,2.150,0.284,238.810,9.200,0.000,6.000,0.0
2008-10-21,19:34:00,2.166,0.328,239.310,9.200,0.000,4.000,1.0
2008-10-21,19:35:00,2.130,0.328,238.200,9.000,0.000,5.000,1.0
2008-10-21,19:36:00,2.262,0.230,238.070,9.600,0.000,4.000,0.0
2008-10-21,19:37:00,2.188,0.204,238.200,9.200,0.000,4.000,1.0
2008-10-21,19:38:00,2.122,0.212,239.160,9.000,0.000,4.000,1.0
2008-10-21,19:39:00,2.080,0.198,238.530,8.800,0.000,3.000,0.0
2008-10-21,19:40:00,2.100,0.202,237.650,8.800,0.000,3.000,1.0
2008-10-21,19:41:00,1.882,0.150,238.080,8.000,0.000,1.000,1.0
2008-10-21,19:42:00,1.902,0.158,238.460,8.000,0.000,0.000,0.0
2008-10-21,19:43:00,1.882,0.150,238.400,8.000,0.000,0.000,1.0
2008-10-21,19:44:00,1.910,0.152,239.110,8.000,0.000,0.000,1.0
2008-10-21,19:45:00,1.888,0.152,239.360,8.000,0.000,0.000,0.0
2008-10-21,19:46:00,1.918,0.156,240.280,8.000,0.000,1.000,1.0
2008-10-21,19:47:00,1.898,0.150,240.330,8.000,0.000,0.000,1.0
2008-10-21,19:48:00,1.920,0.156,240.680,8.000,0.000,0.000,0.0
2008-10-21,19:49:00,1.966,0.152,240.410,8.200,0.000,0.000,1.0
2008-10-21,19:50:00,1.818,0.158,240.200,7.600,0.000,0.000,1.0
2008-10-21,19:51:00,2.686,0.392,239.600,12.000,0.000,0.000,0.0
2008-10-21,19:52:00,2.410,0.378,240.430,10.800,0.000,1.000,1.0
2008-10-21,19:53:00,2.456,0.446,240.770,11.000,0.000,0.000,1.0
2008-10-21,19:54:00,3.352,0.564,238.490,14.400,0.000,0.000,0.0
2008-10-21,19:55:00,1.852,0.298,240.320,8.000,0.000,0.000,1.0
2008-10-21,19:56:00,1.800,0.290,240.280,7.600,0.000,0.000,0.0
2008-10-21,19:57:00,1.782,0.288,240.860,7.600,0.000,0.000,1.0
2008-10-21,19:58:00,1.800,0.290,240.680,7.600,0.000,1.000,1.0
2008-10-21,19:59:00,1.776,0.286,240.310,7.400,0.000,0.000,0.0
2008-10-21,20:00:00,1.796,0.292,240.520,7.600,0.000,0.000,1.0
2008-10-21,20:01:00,1.776,0.288,240.710,7.400,0.000,0.000,1.0
2008-10-21,20:02:00,1.786,0.288,239.550,7.600,0.000,0.000,0.0
2008-10-21,20:03:00,1.766,0.284,239.770,7.400,0.000,0.000,1.0
2008-10-21,20:04:00,1.770,0.264,239.950,7.400,0.000,1.000,1.0
2008-10-21,20:05:00,1.692,0.182,239.010,7.200,0.000,0.000,0.0
2008-10-21,20:06:00,1.602,0.140,239.680,6.800,0.000,0.000,1.0
2008-10-21,20:07:00,1.438,0.076,239.300,6.000,0.000,0.000,1.0
2008-10-21,20:08:00,1.460,0.080,239.780,6.200,0.000,0.000,0.0
2008-10-21,20:09:00,1.450,0.078,239.620,6.200,0.000,0.000,1.0
2008-10-21,20:10:00,1.456,0.082,240.850,6.200,0.000,1.000,1.0
2008-10-21,20:11:00,1.474,0.086,241.670,6.200,0.000,0.000,0.0
2008-10-21,20:12:00,1.452,0.078,241.250,6.000,0.000,0.000,1.0
2008-10-21,20:13:00,1.440,0.000,242.200,6.000,0.000,0.000,1.0
2008-10-21,20:14:00,1.360,0.052,241.330,5.800,0.000,0.000,0.0
2008-10-21,20:15:00,1.370,0.050,240.150,5.800,0.000,1.000,1.0
2008-10-21,20:16:00,1.410,0.056,240.090,6.000,0.000,0.000,1.0
2008-10-21,20:17:00,1.490,0.050,241.340,6.200,0.000,0.000,0.0
2008-10-21,20:18:00,2.076,0.064,241.900,8.600,0.000,0.000,1.0
2008-10-21,20:19:00,2.348,0.064,240.330,9.800,0.000,0.000,1.0
2008-10-21,20:20:00,2.310,0.070,239.380,9.600,0.000,0.000,0.0
2008-10-21,20:21:00,2.340,0.060,240.140,9.800,0.000,1.000,1.0
2008-10-21,20:22:00,2.752,0.000,239.590,11.600,0.000,0.000,8.0
2008-10-21,20:23:00,3.254,0.000,238.320,13.600,0.000,0.000,19.0
2008-10-21,20:24:00,3.422,0.000,238.370,14.400,0.000,0.000,19.0
2008-10-21,20:25:00,3.424,0.000,238.250,14.400,0.000,0.000,18.0
2008-10-21,20:26:00,3.396,0.000,238.290,14.200,0.000,0.000,18.0
2008-10-21,20:27:00,3.396,0.000,237.630,14.200,0.000,0.000,18.0
2008-10-21,20:28:00,3.380,0.000,237.820,14.200,0.000,0.000,18.0
2008-10-21,20:29:00,3.446,0.060,238.400,14.400,0.000,1.000,18.0
2008-10-21,20:30:00,3.258,0.048,237.160,13.800,0.000,0.000,18.0
2008-10-21,20:31:00,3.278,0.000,236.450,13.800,1.000,0.000,18.0
2008-10-21,20:32:00,4.440,0.000,235.530,19.400,14.000,0.000,18.0
2008-10-21,20:33:00,5.660,0.000,234.460,24.000,37.000,0.000,17.0
2008-10-21,20:34:00,5.654,0.000,234.630,24.000,37.000,0.000,18.0
2008-10-21,20:35:00,6.156,0.068,234.580,26.200,37.000,1.000,17.0
2008-10-21,20:36:00,5.972,0.064,234.120,25.400,37.000,0.000,18.0
2008-10-21,20:37:00,5.530,0.068,234.430,23.600,36.000,0.000,17.0
2008-10-21,20:38:00,5.422,0.064,235.030,23.000,37.000,0.000,18.0
2008-10-21,20:39:00,5.474,0.066,236.290,23.200,37.000,0.000,17.0
2008-10-21,20:40:00,5.474,0.068,236.410,23.200,37.000,0.000,18.0
2008-10-21,20:41:00,5.484,0.068,236.740,23.200,38.000,0.000,18.0
2008-10-21,20:42:00,5.462,0.070,236.560,23.000,37.000,0.000,18.0
2008-10-21,20:43:00,4.586,0.100,238.150,19.800,27.000,0.000,18.0
2008-10-21,20:44:00,2.978,0.132,238.440,12.600,1.000,0.000,18.0
2008-10-21,20:45:00,2.992,0.108,237.460,12.600,1.000,0.000,18.0
2008-10-21,20:46:00,3.670,0.124,237.740,16.000,9.000,0.000,18.0
2008-10-21,20:47:00,5.380,0.216,236.470,22.800,37.000,0.000,17.0
2008-10-21,20:48:00,4.982,0.210,236.880,21.200,34.000,0.000,18.0
2008-10-21,20:49:00,3.200,0.230,239.010,13.400,1.000,0.000,18.0
2008-10-21,20:50:00,2.930,0.110,239.650,12.200,1.000,0.000,19.0
2008-10-21,20:51:00,3.756,0.090,238.070,16.400,11.000,0.000,18.0
2008-10-21,20:52:00,5.332,0.070,236.170,22.600,37.000,0.000,17.0
2008-10-21,20:53:00,5.492,0.068,236.510,23.200,37.000,0.000,18.0
2008-10-21,20:54:00,5.290,0.070,236.750,22.400,37.000,0.000,18.0
2008-10-21,20:55:00,5.066,0.074,236.810,21.400,37.000,0.000,18.0
2008-10-21,20:56:00,5.098,0.058,236.850,21.400,38.000,0.000,18.0
2008-10-21,20:57:00,5.138,0.052,236.540,21.600,36.000,0.000,17.0
2008-10-21,20:58:00,5.112,0.054,236.580,21.600,38.000,0.000,18.0
2008-10-21,20:59:00,5.566,0.146,235.890,23.600,36.000,0.000,25.0
2008-10-21,21:00:00,5.740,0.212,236.650,24.200,37.000,0.000,28.0
2008-10-21,21:01:00,4.352,0.306,238.020,18.800,15.000,1.000,29.0
2008-10-21,21:02:00,3.656,0.338,238.920,15.400,1.000,1.000,29.0
2008-10-21,21:03:00,3.642,0.306,238.560,15.400,0.000,2.000,29.0
2008-10-21,21:04:00,3.156,0.256,240.310,13.200,1.000,1.000,21.0
2008-10-21,21:05:00,3.020,0.192,240.820,12.600,0.000,2.000,18.0
2008-10-21,21:06:00,3.032,0.194,241.610,12.600,0.000,1.000,18.0
2008-10-21,21:07:00,2.956,0.074,241.960,12.200,0.000,2.000,19.0
2008-10-21,21:08:00,3.020,0.056,241.670,12.600,0.000,1.000,19.0
2008-10-21,21:09:00,3.014,0.052,241.090,12.600,0.000,2.000,18.0
2008-10-21,21:10:00,3.094,0.050,238.670,13.000,0.000,1.000,18.0
2008-10-21,21:11:00,2.992,0.048,238.430,12.600,0.000,1.000,18.0
2008-10-21,21:12:00,2.968,0.048,238.440,12.600,0.000,2.000,18.0
2008-10-21,21:13:00,2.952,0.046,237.970,12.400,0.000,1.000,18.0
2008-10-21,21:14:00,3.024,0.060,237.810,12.800,0.000,1.000,18.0
2008-10-21,21:15:00,2.970,0.000,237.030,12.600,0.000,2.000,18.0
2008-10-21,21:16:00,2.928,0.000,236.710,12.400,0.000,1.000,18.0
2008-10-21,21:17:00,2.898,0.000,235.820,12.400,0.000,1.000,18.0
2008-10-21,21:18:00,3.114,0.150,235.810,13.200,0.000,2.000,17.0
2008-10-21,21:19:00,2.968,0.140,235.840,12.600,0.000,1.000,18.0
2008-10-21,21:20:00,2.834,0.146,236.720,12.000,0.000,1.000,18.0
2008-10-21,21:21:00,2.828,0.146,237.540,12.000,0.000,1.000,18.0
2008-10-21,21:22:00,2.834,0.150,237.850,12.000,0.000,2.000,17.0
2008-10-21,21:23:00,2.848,0.152,238.060,12.000,0.000,1.000,18.0
2008-10-21,21:24:00,2.840,0.152,238.120,12.000,0.000,1.000,18.0
2008-10-21,21:25:00,2.864,0.156,238.760,12.000,0.000,1.000,19.0
2008-10-21,21:26:00,2.862,0.156,238.590,12.000,0.000,2.000,18.0
2008-10-21,21:27:00,2.842,0.154,238.250,12.000,0.000,1.000,18.0
2008-10-21,21:28:00,2.782,0.046,238.730,11.800,0.000,0.000,18.0
2008-10-21,21:29:00,2.780,0.000,239.020,11.600,0.000,0.000,18.0
2008-10-21,21:30:00,2.782,0.000,239.110,11.600,0.000,0.000,18.0
2008-10-21,21:31:00,2.922,0.000,235.110,12.600,0.000,0.000,18.0
2008-10-21,21:32:00,2.862,0.000,235.010,12.200,0.000,0.000,17.0
2008-10-21,21:33:00,2.738,0.064,235.600,11.800,0.000,0.000,18.0
2008-10-21,21:34:00,2.678,0.064,236.570,11.400,0.000,0.000,18.0
2008-10-21,21:35:00,2.682,0.064,237.110,11.400,0.000,0.000,17.0
2008-10-21,21:36:00,2.690,0.062,237.630,11.400,0.000,0.000,18.0
2008-10-21,21:37:00,2.700,0.062,237.940,11.400,0.000,0.000,18.0
2008-10-21,21:38:00,2.704,0.060,237.980,11.400,0.000,0.000,18.0
2008-10-21,21:39:00,2.698,0.060,238.240,11.400,0.000,0.000,18.0
2008-10-21,21:40:00,2.336,0.000,238.210,10.000,0.000,0.000,13.0
2008-10-21,21:41:00,1.768,0.072,237.950,7.600,0.000,0.000,0.0
2008-10-21,21:42:00,1.762,0.074,238.220,7.600,0.000,0.000,1.0
2008-10-21,21:43:00,1.758,0.074,238.130,7.600,0.000,0.000,1.0
2008-10-21,21:44:00,1.748,0.074,237.960,7.400,0.000,0.000,0.0
2008-10-21,21:45:00,1.756,0.076,238.950,7.400,0.000,0.000,1.0
2008-10-21,21:46:00,1.752,0.076,239.470,7.400,0.000,0.000,1.0
2008-10-21,21:47:00,1.742,0.076,238.910,7.400,0.000,0.000,0.0
2008-10-21,21:48:00,1.734,0.072,238.070,7.400,0.000,0.000,1.0
2008-10-21,21:49:00,1.910,0.068,237.660,8.200,0.000,0.000,1.0
2008-10-21,21:50:00,2.038,0.066,237.980,8.600,0.000,0.000,0.0
2008-10-21,21:51:00,1.990,0.064,237.680,8.400,0.000,0.000,1.0
2008-10-21,21:52:00,1.906,0.064,237.860,8.000,0.000,0.000,0.0
2008-10-21,21:53:00,1.518,0.070,238.740,6.400,0.000,0.000,1.0
2008-10-21,21:54:00,1.514,0.070,238.170,6.400,0.000,0.000,1.0
2008-10-21,21:55:00,1.508,0.068,237.530,6.400,0.000,0.000,0.0
2008-10-21,21:56:00,1.516,0.070,237.360,6.400,0.000,0.000,1.0
2008-10-21,21:57:00,1.526,0.070,238.310,6.400,0.000,0.000,1.0
2008-10-21,21:58:00,1.526,0.070,238.440,6.400,0.000,0.000,0.0
2008-10-21,21:59:00,1.528,0.072,239.110,6.400,0.000,0.000,1.0
2008-10-21,22:00:00,1.460,0.000,238.810,6.200,0.000,0.000,1.0
2008-10-21,22:01:00,1.486,0.000,238.350,6.200,0.000,0.000,0.0
2008-10-21,22:02:00,1.502,0.000,238.240,6.200,0.000,0.000,1.0
2008-10-21,22:03:00,1.498,0.000,238.320,6.200,0.000,0.000,1.0
2008-10-21,22:04:00,1.490,0.000,237.200,6.200,0.000,0.000,0.0
2008-10-21,22:05:00,1.482,0.000,236.860,6.200,0.000,0.000,1.0
2008-10-21,22:06:00,1.676,0.000,237.100,7.200,0.000,0.000,1.0
2008-10-21,22:07:00,1.486,0.000,237.150,6.200,0.000,0.000,0.0
2008-10-21,22:08:00,1.498,0.000,236.790,6.400,0.000,0.000,1.0
2008-10-21,22:09:00,1.642,0.000,236.330,7.000,0.000,0.000,0.0
2008-10-21,22:10:00,1.614,0.000,236.640,6.800,0.000,0.000,1.0
2008-10-21,22:11:00,1.550,0.052,237.820,6.600,0.000,0.000,1.0
2008-10-21,22:12:00,1.544,0.068,238.080,6.400,0.000,0.000,0.0
2008-10-21,22:13:00,1.716,0.066,237.820,7.200,0.000,0.000,1.0
2008-10-21,22:14:00,1.742,0.064,237.980,7.200,0.000,0.000,1.0
2008-10-21,22:15:00,1.494,0.000,237.860,6.200,0.000,0.000,0.0
2008-10-21,22:16:00,1.498,0.000,237.380,6.200,0.000,0.000,1.0
2008-10-21,22:17:00,1.464,0.000,237.990,6.200,0.000,0.000,1.0
2008-10-21,22:18:00,1.452,0.000,240.670,6.000,0.000,0.000,0.0
2008-10-21,22:19:00,1.338,0.000,240.790,5.600,0.000,0.000,1.0
2008-10-21,22:20:00,0.932,0.000,240.900,3.800,0.000,0.000,1.0
2008-10-21,22:21:00,0.920,0.000,240.910,3.800,0.000,0.000,0.0
2008-10-21,22:22:00,0.910,0.000,240.860,3.800,0.000,0.000,1.0
2008-10-21,22:23:00,0.912,0.000,241.120,3.800,0.000,0.000,1.0
2008-10-21,22:24:00,0.910,0.000,240.680,3.800,0.000,0.000,0.0
2008-10-21,22:25:00,0.910,0.000,240.390,3.800,0.000,0.000,1.0
2008-10-21,22:26:00,0.912,0.000,239.910,3.800,0.000,0.000,0.0
2008-10-21,22:27:00,0.914,0.000,240.100,3.800,0.000,0.000,1.0
2008-10-21,22:28:00,0.916,0.000,240.590,3.800,0.000,0.000,1.0
2008-10-21,22:29:00,0.918,0.000,240.360,3.800,0.000,0.000,0.0
2008-10-21,22:30:00,0.920,0.000,240.900,3.800,0.000,0.000,1.0
2008-10-21,22:31:00,0.916,0.000,240.710,3.800,0.000,0.000,1.0
2008-10-21,22:32:00,0.912,0.000,240.890,3.800,0.000,0.000,0.0
2008-10-21,22:33:00,0.932,0.000,240.190,3.800,0.000,0.000,1.0
2008-10-21,22:34:00,1.016,0.114,239.730,4.200,0.000,0.000,1.0
2008-10-21,22:35:00,1.012,0.112,239.540,4.200,0.000,0.000,0.0
2008-10-21,22:36:00,1.010,0.114,240.120,4.200,0.000,0.000,1.0
2008-10-21,22:37:00,1.016,0.114,240.520,4.200,0.000,0.000,1.0
2008-10-21,22:38:00,1.012,0.114,240.260,4.200,0.000,0.000,0.0
2008-10-21,22:39:00,1.014,0.116,240.740,4.200,0.000,0.000,1.0
2008-10-21,22:40:00,1.012,0.114,240.410,4.200,0.000,0.000,1.0
2008-10-21,22:41:00,1.010,0.116,240.340,4.200,0.000,0.000,0.0
2008-10-21,22:42:00,0.850,0.118,240.650,3.600,0.000,0.000,1.0
2008-10-21,22:43:00,0.852,0.120,241.320,3.600,0.000,0.000,1.0
2008-10-21,22:44:00,0.870,0.130,241.320,3.600,0.000,0.000,0.0
2008-10-21,22:45:00,0.994,0.234,241.160,4.200,0.000,0.000,1.0
2008-10-21,22:46:00,0.992,0.258,240.960,4.200,0.000,0.000,1.0
2008-10-21,22:47:00,0.990,0.258,240.670,4.200,0.000,0.000,0.0
2008-10-21,22:48:00,0.990,0.258,240.700,4.200,0.000,0.000,1.0
2008-10-21,22:49:00,0.988,0.256,240.390,4.200,0.000,0.000,1.0
2008-10-21,22:50:00,1.518,0.362,239.500,6.600,0.000,0.000,8.0
2008-10-21,22:51:00,1.644,0.376,240.120,7.000,0.000,0.000,11.0
2008-10-21,22:52:00,1.656,0.372,241.370,7.000,0.000,0.000,11.0
2008-10-21,22:53:00,1.554,0.304,241.200,6.600,0.000,0.000,12.0
2008-10-21,22:54:00,1.494,0.222,240.570,6.200,0.000,0.000,11.0
2008-10-21,22:55:00,0.996,0.206,241.110,4.200,0.000,0.000,3.0
2008-10-21,22:56:00,0.924,0.224,241.270,3.800,0.000,2.000,1.0
2008-10-21,22:57:00,0.922,0.224,241.490,3.800,0.000,1.000,1.0
2008-10-21,22:58:00,0.924,0.226,241.620,3.800,0.000,1.000,0.0
2008-10-21,22:59:00,0.864,0.132,241.210,3.600,0.000,2.000,1.0
2008-10-21,23:00:00,0.854,0.116,240.530,3.600,0.000,1.000,0.0
2008-10-21,23:01:00,0.852,0.116,240.450,3.600,0.000,2.000,1.0
2008-10-21,23:02:00,0.858,0.118,241.320,3.600,0.000,1.000,1.0
2008-10-21,23:03:00,0.856,0.120,241.540,3.600,0.000,2.000,0.0
2008-10-21,23:04:00,0.858,0.120,241.660,3.600,0.000,1.000,1.0
2008-10-21,23:05:00,0.790,0.122,242.230,3.200,0.000,2.000,1.0
2008-10-21,23:06:00,0.754,0.124,242.780,3.000,0.000,1.000,0.0
2008-10-21,23:07:00,0.754,0.124,243.010,3.000,0.000,1.000,1.0
2008-10-21,23:08:00,0.756,0.126,243.470,3.200,0.000,2.000,1.0
2008-10-21,23:09:00,0.760,0.128,244.050,3.200,0.000,1.000,1.0
2008-10-21,23:10:00,0.756,0.126,243.430,3.000,0.000,1.000,0.0
2008-10-21,23:11:00,0.736,0.126,243.980,3.000,0.000,2.000,1.0
2008-10-21,23:12:00,0.716,0.126,244.210,3.000,0.000,1.000,1.0
2008-10-21,23:13:00,0.714,0.126,243.920,2.800,0.000,1.000,0.0
2008-10-21,23:14:00,0.712,0.124,243.250,2.800,0.000,2.000,1.0
2008-10-21,23:15:00,0.706,0.118,243.190,2.800,0.000,1.000,1.0
2008-10-21,23:16:00,0.680,0.090,243.770,2.800,0.000,1.000,0.0
2008-10-21,23:17:00,0.678,0.090,243.830,2.800,0.000,1.000,1.0
2008-10-21,23:18:00,0.686,0.090,244.060,2.800,0.000,2.000,1.0
2008-10-21,23:19:00,0.686,0.090,243.950,2.800,0.000,1.000,0.0
2008-10-21,23:20:00,0.680,0.090,244.090,2.800,0.000,1.000,1.0
2008-10-21,23:21:00,0.672,0.080,244.260,2.800,0.000,1.000,1.0
2008-10-21,23:22:00,0.606,0.000,244.430,2.400,0.000,0.000,0.0
2008-10-21,23:23:00,0.608,0.000,244.690,2.400,0.000,0.000,1.0
2008-10-21,23:24:00,0.604,0.000,244.620,2.400,0.000,0.000,1.0
2008-10-21,23:25:00,0.606,0.000,244.620,2.400,0.000,0.000,0.0
2008-10-21,23:26:00,0.604,0.000,245.050,2.400,0.000,0.000,1.0
2008-10-21,23:27:00,0.702,0.076,245.000,2.800,0.000,0.000,1.0
2008-10-21,23:28:00,0.716,0.104,244.420,3.000,0.000,0.000,0.0
2008-10-21,23:29:00,0.714,0.104,244.280,2.800,0.000,0.000,1.0
2008-10-21,23:30:00,0.780,0.178,243.450,3.200,0.000,0.000,1.0
2008-10-21,23:31:00,0.782,0.206,243.350,3.200,0.000,0.000,0.0
2008-10-21,23:32:00,0.780,0.204,243.150,3.200,0.000,0.000,1.0
2008-10-21,23:33:00,0.778,0.206,243.150,3.200,0.000,0.000,1.0
2008-10-21,23:34:00,0.776,0.206,243.130,3.200,0.000,0.000,0.0
2008-10-21,23:35:00,0.778,0.208,243.920,3.200,0.000,0.000,1.0
2008-10-21,23:36:00,0.772,0.208,243.650,3.200,0.000,0.000,1.0
2008-10-21,23:37:00,0.768,0.206,243.310,3.200,0.000,0.000,0.0
2008-10-21,23:38:00,0.770,0.206,243.520,3.200,0.000,0.000,1.0
2008-10-21,23:39:00,0.768,0.208,243.680,3.200,0.000,0.000,1.0
2008-10-21,23:40:00,0.764,0.208,243.700,3.200,0.000,0.000,0.0
2008-10-21,23:41:00,0.762,0.206,243.540,3.200,0.000,0.000,1.0
2008-10-21,23:42:00,0.768,0.210,244.290,3.200,0.000,0.000,1.0
2008-10-21,23:43:00,0.722,0.136,244.330,3.000,0.000,0.000,1.0
2008-10-21,23:44:00,0.700,0.102,244.300,2.800,0.000,0.000,0.0
2008-10-21,23:45:00,0.702,0.104,244.730,2.800,0.000,0.000,1.0
2008-10-21,23:46:00,0.702,0.104,244.760,2.800,0.000,0.000,1.0
2008-10-21,23:47:00,0.614,0.000,244.760,2.400,0.000,0.000,0.0
2008-10-21,23:48:00,0.608,0.000,244.830,2.400,0.000,0.000,1.0
2008-10-21,23:49:00,0.598,0.000,244.870,2.400,0.000,0.000,1.0
2008-10-21,23:50:00,0.590,0.000,245.180,2.400,0.000,0.000,0.0
2008-10-21,23:51:00,1.078,0.000,244.440,4.600,0.000,0.000,1.0
2008-10-21,23:52:00,0.604,0.000,245.330,2.400,0.000,0.000,1.0
2008-10-21,23:53:00,0.608,0.000,245.760,2.400,0.000,0.000,0.0
2008-10-21,23:54:00,0.610,0.000,246.320,2.400,0.000,0.000,1.0
2008-10-21,23:55:00,0.606,0.000,245.580,2.400,0.000,0.000,1.0
2008-10-21,23:56:00,0.594,0.000,245.090,2.400,0.000,0.000,0.0
2008-10-21,23:57:00,0.528,0.000,243.830,2.200,0.000,0.000,1.0
2008-10-21,23:58:00,0.246,0.000,244.020,1.000,0.000,0.000,1.0
2008-10-21,23:59:00,0.246,0.000,244.320,1.000,0.000,0.000,0.0
