Date,Time,Global_active_power,Global_reactive_power,Voltage,Global_intensity,Sub_metering_1,Sub_metering_2,Sub_metering_3
2008-10-08,00:00:00,0.500,0.244,243.360,2.200,0.000,2.000,0.0
2008-10-08,00:01:00,0.428,0.126,243.380,1.800,0.000,0.000,1.0
2008-10-08,00:02:00,0.424,0.118,243.280,1.800,0.000,0.000,1.0
2008-10-08,00:03:00,0.422,0.118,243.210,1.800,0.000,0.000,0.0
2008-10-08,00:04:00,0.420,0.118,243.120,1.800,0.000,0.000,1.0
2008-10-08,00:05:00,0.418,0.118,243.250,1.800,0.000,0.000,1.0
2008-10-08,00:06:00,0.420,0.118,243.510,1.800,0.000,0.000,0.0
2008-10-08,00:07:00,0.380,0.058,243.350,1.600,0.000,0.000,1.0
2008-10-08,00:08:00,0.326,0.000,243.520,1.400,0.000,0.000,1.0
2008-10-08,00:09:00,0.326,0.000,244.010,1.400,0.000,0.000,1.0
2008-10-08,00:10:00,0.328,0.000,244.280,1.400,0.000,0.000,0.0
2008-10-08,00:11:00,0.330,0.000,244.810,1.400,0.000,0.000,1.0
2008-10-08,00:12:00,0.330,0.000,244.900,1.400,0.000,0.000,1.0
2008-10-08,00:13:00,0.330,0.000,245.040,1.400,0.000,0.000,0.0
2008-10-08,00:14:00,0.330,0.000,244.870,1.400,0.000,0.000,1.0
2008-10-08,00:15:00,0.374,0.000,244.610,1.600,0.000,0.000,1.0
2008-10-08,00:16:00,0.404,0.086,243.350,1.600,0.000,0.000,0.0
2008-10-08,00:17:00,0.402,0.086,243.200,1.600,0.000,0.000,1.0
2008-10-08,00:18:00,0.402,0.086,243.380,1.600,0.000,0.000,1.0
2008-10-08,00:19:00,0.402,0.086,243.400,1.600,0.000,0.000,0.0
2008-10-08,00:20:00,0.394,0.086,243.130,1.600,0.000,0.000,1.0
2008-10-08,00:21:00,0.394,0.088,243.440,1.600,0.000,0.000,1.0
2008-10-08,00:22:00,0.396,0.090,244.310,1.600,0.000,0.000,0.0
2008-10-08,00:23:00,0.398,0.090,244.540,1.600,0.000,0.000,1.0
2008-10-08,00:24:00,0.396,0.090,244.250,1.600,0.000,0.000,1.0
2008-10-08,00:25:00,0.392,0.086,243.170,1.600,0.000,0.000,0.0
2008-10-08,00:26:00,0.392,0.086,243.210,1.600,0.000,0.000,1.0
2008-10-08,00:27:00,0.392,0.086,243.280,1.600,0.000,0.000,1.0
2008-10-08,00:28:00,0.364,0.000,244.130,1.400,0.000,0.000,0.0
2008-10-08,00:29:00,0.326,0.000,244.550,1.400,0.000,0.000,1.0
2008-10-08,00:30:00,0.326,0.000,244.510,1.400,0.000,0.000,1.0
2008-10-08,00:31:00,0.326,0.000,244.070,1.400,0.000,0.000,0.0
2008-10-08,00:32:00,0.326,0.000,243.910,1.400,0.000,0.000,1.0
2008-10-08,00:33:00,0.326,0.000,244.240,1.400,0.000,0.000,1.0
2008-10-08,00:34:00,0.448,0.120,244.420,2.000,0.000,0.000,0.0
2008-10-08,00:35:00,0.436,0.120,244.060,1.800,0.000,0.000,1.0
2008-10-08,00:36:00,0.430,0.118,243.630,1.800,0.000,0.000,1.0
2008-10-08,00:37:00,0.430,0.118,243.660,1.800,0.000,0.000,0.0
2008-10-08,00:38:00,0.428,0.118,243.500,1.800,0.000,0.000,1.0
2008-10-08,00:39:00,0.428,0.118,243.490,1.800,0.000,0.000,1.0
2008-10-08,00:40:00,0.424,0.116,242.990,1.800,0.000,0.000,0.0
2008-10-08,00:41:00,0.424,0.116,243.070,1.800,0.000,0.000,1.0
2008-10-08,00:42:00,0.424,0.116,243.300,1.800,0.000,0.000,1.0
2008-10-08,00:43:00,0.422,0.116,243.110,1.800,0.000,0.000,1.0
2008-10-08,00:44:00,0.420,0.114,242.610,1.800,0.000,0.000,0.0
2008-10-08,00:45:00,0.418,0.110,242.050,1.800,0.000,0.000,1.0
2008-10-08,00:46:00,0.418,0.112,242.140,1.800,0.000,0.000,0.0
2008-10-08,00:47:00,0.416,0.112,242.140,1.800,0.000,0.000,1.0
2008-10-08,00:48:00,0.416,0.112,242.160,1.800,0.000,0.000,1.0
2008-10-08,00:49:00,0.416,0.112,242.300,1.800,0.000,0.000,0.0
2008-10-08,00:50:00,0.398,0.088,242.440,1.600,0.000,0.000,1.0
2008-10-08,00:51:00,0.322,0.000,242.610,1.400,0.000,0.000,1.0
2008-10-08,00:52:00,0.322,0.000,242.370,1.400,0.000,0.000,0.0
2008-10-08,00:53:00,0.322,0.000,242.440,1.400,0.000,0.000,1.0
2008-10-08,00:54:00,0.322,0.000,242.560,1.400,0.000,0.000,1.0
2008-10-08,00:55:00,0.324,0.000,242.820,1.400,0.000,0.000,1.0
2008-10-08,00:56:00,0.310,0.000,243.320,1.200,0.000,0.000,0.0
2008-10-08,00:57:00,0.300,0.000,241.510,1.200,0.000,0.000,1.0
2008-10-08,00:58:00,0.262,0.000,239.750,1.000,0.000,0.000,0.0
2008-10-08,00:59:00,0.252,0.000,240.460,1.000,0.000,0.000,1.0
2008-10-08,01:00:00,0.340,0.072,240.340,1.600,0.000,0.000,1.0
2008-10-08,01:01:00,0.328,0.078,240.510,1.400,0.000,0.000,0.0
2008-10-08,01:02:00,0.328,0.078,240.470,1.400,0.000,0.000,1.0
2008-10-08,01:03:00,0.328,0.078,240.550,1.400,0.000,0.000,1.0
2008-10-08,01:04:00,0.326,0.080,240.700,1.400,0.000,0.000,0.0
2008-10-08,01:05:00,0.326,0.080,240.880,1.400,0.000,0.000,1.0
2008-10-08,01:06:00,0.324,0.080,240.880,1.400,0.000,0.000,1.0
2008-10-08,01:07:00,0.324,0.082,241.330,1.400,0.000,0.000,0.0
2008-10-08,01:08:00,0.324,0.082,241.640,1.400,0.000,0.000,1.0
2008-10-08,01:09:00,0.324,0.084,241.930,1.400,0.000,0.000,1.0
2008-10-08,01:10:00,0.324,0.084,242.040,1.400,0.000,0.000,0.0
2008-10-08,01:11:00,0.324,0.084,242.180,1.400,0.000,0.000,1.0
2008-10-08,01:12:00,0.284,0.000,242.310,1.200,0.000,0.000,1.0
2008-10-08,01:13:00,0.256,0.000,242.420,1.000,0.000,0.000,0.0
2008-10-08,01:14:00,0.254,0.000,241.860,1.000,0.000,0.000,1.0
2008-10-08,01:15:00,0.254,0.000,241.940,1.000,0.000,0.000,1.0
2008-10-08,01:16:00,0.254,0.000,242.010,1.000,0.000,0.000,0.0
2008-10-08,01:17:00,0.320,0.000,242.060,1.400,0.000,0.000,1.0
2008-10-08,01:18:00,0.366,0.114,242.290,1.600,0.000,0.000,1.0
2008-10-08,01:19:00,0.364,0.116,242.680,1.600,0.000,0.000,0.0
2008-10-08,01:20:00,0.362,0.116,243.050,1.600,0.000,0.000,1.0
2008-10-08,01:21:00,0.736,0.294,242.240,3.600,0.000,0.000,5.0
2008-10-08,01:22:00,1.058,0.368,242.040,4.600,0.000,2.000,11.0
2008-10-08,01:23:00,1.082,0.366,241.850,4.600,0.000,1.000,11.0
2008-10-08,01:24:00,1.104,0.360,241.340,4.800,0.000,1.000,12.0
2008-10-08,01:25:00,1.104,0.356,241.000,4.800,0.000,2.000,11.0
2008-10-08,01:26:00,0.932,0.324,241.060,4.200,0.000,1.000,10.0
2008-10-08,01:27:00,0.438,0.236,241.670,2.000,0.000,2.000,1.0
2008-10-08,01:28:00,0.436,0.236,241.680,2.000,0.000,1.000,0.0
2008-10-08,01:29:00,0.434,0.236,241.640,2.000,0.000,2.000,1.0
2008-10-08,01:30:00,0.434,0.234,241.490,2.000,0.000,1.000,1.0
2008-10-08,01:31:00,0.432,0.236,241.700,2.000,0.000,1.000,0.0
2008-10-08,01:32:00,0.432,0.236,241.750,2.000,0.000,2.000,1.0
2008-10-08,01:33:00,0.430,0.236,241.840,2.000,0.000,1.000,1.0
2008-10-08,01:34:00,0.352,0.124,241.830,1.600,0.000,2.000,0.0
2008-10-08,01:35:00,0.334,0.102,242.090,1.400,0.000,1.000,1.0
2008-10-08,01:36:00,0.332,0.100,241.760,1.400,0.000,1.000,1.0
2008-10-08,01:37:00,0.332,0.100,242.070,1.400,0.000,2.000,0.0
2008-10-08,01:38:00,0.332,0.100,242.070,1.400,0.000,1.000,1.0
2008-10-08,01:39:00,0.330,0.100,241.890,1.400,0.000,1.000,1.0
2008-10-08,01:40:00,0.330,0.100,241.780,1.400,0.000,1.000,0.0
2008-10-08,01:41:00,0.330,0.100,241.840,1.400,0.000,2.000,1.0
2008-10-08,01:42:00,0.310,0.068,241.940,1.200,0.000,1.000,1.0
2008-10-08,01:43:00,0.254,0.000,241.960,1.000,0.000,0.000,0.0
2008-10-08,01:44:00,0.318,0.000,241.700,1.400,0.000,0.000,1.0
2008-10-08,01:45:00,0.330,0.082,241.660,1.400,0.000,0.000,1.0
2008-10-08,01:46:00,0.332,0.082,241.940,1.400,0.000,0.000,0.0
2008-10-08,01:47:00,0.332,0.082,241.920,1.400,0.000,0.000,1.0
2008-10-08,01:48:00,0.330,0.084,242.260,1.400,0.000,0.000,1.0
2008-10-08,01:49:00,0.328,0.084,242.460,1.400,0.000,0.000,0.0
2008-10-08,01:50:00,0.328,0.084,242.540,1.400,0.000,0.000,1.0
2008-10-08,01:51:00,0.328,0.086,242.930,1.400,0.000,0.000,1.0
2008-10-08,01:52:00,0.326,0.084,242.620,1.400,0.000,0.000,0.0
2008-10-08,01:53:00,0.326,0.084,242.630,1.400,0.000,0.000,1.0
2008-10-08,01:54:00,0.324,0.082,241.980,1.400,0.000,0.000,1.0
2008-10-08,01:55:00,0.322,0.082,241.730,1.400,0.000,0.000,0.0
2008-10-08,01:56:00,0.278,0.000,240.900,1.200,0.000,0.000,1.0
2008-10-08,01:57:00,0.254,0.000,241.670,1.000,0.000,0.000,1.0
2008-10-08,01:58:00,0.254,0.000,241.820,1.000,0.000,0.000,0.0
2008-10-08,01:59:00,0.256,0.000,242.740,1.000,0.000,0.000,1.0
2008-10-08,02:00:00,0.256,0.000,242.710,1.000,0.000,0.000,1.0
2008-10-08,02:01:00,0.360,0.092,242.720,1.600,0.000,0.000,0.0
2008-10-08,02:02:00,0.368,0.116,242.710,1.600,0.000,0.000,1.0
2008-10-08,02:03:00,0.364,0.118,243.310,1.600,0.000,0.000,1.0
2008-10-08,02:04:00,0.362,0.118,243.090,1.600,0.000,0.000,0.0
2008-10-08,02:05:00,0.360,0.116,242.710,1.600,0.000,0.000,1.0
2008-10-08,02:06:00,0.358,0.116,242.610,1.600,0.000,0.000,1.0
2008-10-08,02:07:00,0.358,0.116,242.630,1.400,0.000,0.000,0.0
2008-10-08,02:08:00,0.356,0.116,242.680,1.400,0.000,0.000,1.0
2008-10-08,02:09:00,0.356,0.118,242.930,1.400,0.000,0.000,1.0
2008-10-08,02:10:00,0.354,0.116,242.590,1.400,0.000,0.000,0.0
2008-10-08,02:11:00,0.354,0.116,242.490,1.400,0.000,0.000,1.0
2008-10-08,02:12:00,0.352,0.114,242.430,1.400,0.000,0.000,1.0
2008-10-08,02:13:00,0.352,0.114,242.420,1.400,0.000,0.000,0.0
2008-10-08,02:14:00,0.352,0.116,242.750,1.400,0.000,0.000,1.0
2008-10-08,02:15:00,0.352,0.118,243.060,1.400,0.000,0.000,1.0
2008-10-08,02:16:00,0.352,0.118,243.060,1.400,0.000,0.000,0.0
2008-10-08,02:17:00,0.332,0.088,243.690,1.400,0.000,0.000,1.0
2008-10-08,02:18:00,0.258,0.000,243.410,1.000,0.000,0.000,1.0
2008-10-08,02:19:00,0.258,0.000,243.520,1.000,0.000,0.000,0.0
2008-10-08,02:20:00,0.258,0.000,243.580,1.000,0.000,0.000,1.0
2008-10-08,02:21:00,0.258,0.000,244.240,1.000,0.000,0.000,1.0
2008-10-08,02:22:00,0.258,0.000,243.570,1.000,0.000,0.000,0.0
2008-10-08,02:23:00,0.258,0.000,243.350,1.000,0.000,0.000,1.0
2008-10-08,02:24:00,0.258,0.000,243.250,1.000,0.000,0.000,1.0
2008-10-08,02:25:00,0.258,0.000,243.250,1.000,0.000,0.000,0.0
2008-10-08,02:26:00,0.256,0.000,242.680,1.000,0.000,0.000,1.0
2008-10-08,02:27:00,0.256,0.000,242.710,1.000,0.000,0.000,1.0
2008-10-08,02:28:00,0.296,0.000,243.500,1.400,0.000,0.000,0.0
2008-10-08,02:29:00,0.334,0.088,243.620,1.400,0.000,0.000,1.0
2008-10-08,02:30:00,0.336,0.090,244.050,1.400,0.000,0.000,1.0
2008-10-08,02:31:00,0.336,0.090,244.120,1.400,0.000,0.000,0.0
2008-10-08,02:32:00,0.334,0.090,244.050,1.400,0.000,0.000,1.0
2008-10-08,02:33:00,0.332,0.086,243.380,1.400,0.000,0.000,1.0
2008-10-08,02:34:00,0.328,0.082,242.130,1.400,0.000,0.000,0.0
2008-10-08,02:35:00,0.326,0.082,241.870,1.400,0.000,0.000,1.0
2008-10-08,02:36:00,0.324,0.082,241.790,1.400,0.000,0.000,1.0
2008-10-08,02:37:00,0.324,0.080,241.570,1.400,0.000,0.000,0.0
2008-10-08,02:38:00,0.322,0.080,241.250,1.400,0.000,0.000,1.0
2008-10-08,02:39:00,0.322,0.078,240.720,1.400,0.000,0.000,1.0
2008-10-08,02:40:00,0.274,0.000,240.680,1.200,0.000,0.000,0.0
2008-10-08,02:41:00,0.252,0.000,240.910,1.000,0.000,0.000,1.0
2008-10-08,02:42:00,0.252,0.000,241.070,1.000,0.000,0.000,1.0
2008-10-08,02:43:00,0.254,0.000,241.220,1.000,0.000,0.000,0.0
2008-10-08,02:44:00,0.254,0.000,241.360,1.000,0.000,0.000,1.0
2008-10-08,02:45:00,0.342,0.068,241.660,1.600,0.000,0.000,1.0
2008-10-08,02:46:00,0.364,0.108,241.060,1.600,0.000,0.000,0.0
2008-10-08,02:47:00,0.360,0.110,241.170,1.600,0.000,0.000,1.0
2008-10-08,02:48:00,0.358,0.108,240.990,1.400,0.000,0.000,1.0
2008-10-08,02:49:00,0.358,0.108,241.060,1.400,0.000,0.000,0.0
2008-10-08,02:50:00,0.356,0.108,240.990,1.400,0.000,0.000,1.0
2008-10-08,02:51:00,0.356,0.110,241.350,1.400,0.000,0.000,1.0
2008-10-08,02:52:00,0.354,0.110,241.380,1.400,0.000,0.000,0.0
2008-10-08,02:53:00,0.352,0.108,241.030,1.400,0.000,0.000,1.0
2008-10-08,02:54:00,0.352,0.110,241.300,1.400,0.000,0.000,1.0
2008-10-08,02:55:00,0.350,0.110,241.330,1.400,0.000,0.000,0.0
2008-10-08,02:56:00,0.350,0.108,240.860,1.400,0.000,0.000,1.0
2008-10-08,02:57:00,0.350,0.108,241.090,1.400,0.000,0.000,1.0
2008-10-08,02:58:00,0.350,0.112,241.900,1.400,0.000,0.000,0.0
2008-10-08,02:59:00,0.786,0.206,241.470,3.600,0.000,0.000,8.0
2008-10-08,03:00:00,0.964,0.236,241.080,4.000,0.000,0.000,10.0
2008-10-08,03:01:00,0.970,0.202,240.470,4.000,0.000,0.000,12.0
2008-10-08,03:02:00,0.914,0.098,240.730,3.800,0.000,0.000,11.0
2008-10-08,03:03:00,1.014,0.208,240.800,4.200,0.000,0.000,12.0
2008-10-08,03:04:00,0.618,0.148,240.810,3.000,0.000,1.000,6.0
2008-10-08,03:05:00,0.336,0.096,240.110,1.400,0.000,2.000,1.0
2008-10-08,03:06:00,0.338,0.096,240.240,1.400,0.000,1.000,1.0
2008-10-08,03:07:00,0.340,0.098,240.860,1.400,0.000,2.000,0.0
2008-10-08,03:08:00,0.340,0.096,240.640,1.400,0.000,1.000,1.0
2008-10-08,03:09:00,0.338,0.096,240.000,1.400,0.000,1.000,1.0
2008-10-08,03:10:00,0.338,0.096,240.050,1.400,0.000,2.000,0.0
2008-10-08,03:11:00,0.338,0.096,240.120,1.400,0.000,1.000,1.0
2008-10-08,03:12:00,0.414,0.178,239.900,2.000,0.000,2.000,1.0
2008-10-08,03:13:00,0.410,0.198,240.170,1.800,0.000,1.000,0.0
2008-10-08,03:14:00,0.412,0.198,240.360,1.800,0.000,2.000,1.0
2008-10-08,03:15:00,0.410,0.198,240.050,1.800,0.000,1.000,0.0
2008-10-08,03:16:00,0.406,0.196,239.850,1.800,0.000,1.000,1.0
2008-10-08,03:17:00,0.404,0.196,239.830,1.800,0.000,2.000,1.0
2008-10-08,03:18:00,0.402,0.196,239.840,1.800,0.000,1.000,0.0
2008-10-08,03:19:00,0.398,0.194,239.380,1.800,0.000,1.000,1.0
2008-10-08,03:20:00,0.396,0.194,239.250,1.800,0.000,1.000,1.0
2008-10-08,03:21:00,0.396,0.194,239.230,1.800,0.000,2.000,0.0
2008-10-08,03:22:00,0.394,0.194,239.200,1.800,0.000,1.000,1.0
2008-10-08,03:23:00,0.366,0.152,239.460,1.600,0.000,1.000,1.0
2008-10-08,03:24:00,0.300,0.052,239.930,1.200,0.000,1.000,0.0
2008-10-08,03:25:00,0.250,0.000,239.990,1.000,0.000,0.000,1.0
2008-10-08,03:26:00,0.252,0.000,240.250,1.000,0.000,0.000,1.0
2008-10-08,03:27:00,0.252,0.000,240.690,1.000,0.000,0.000,0.0
2008-10-08,03:28:00,0.252,0.000,240.370,1.000,0.000,0.000,1.0
2008-10-08,03:29:00,0.330,0.056,240.650,1.400,0.000,0.000,1.0
2008-10-08,03:30:00,0.364,0.108,240.650,1.600,0.000,0.000,0.0
2008-10-08,03:31:00,0.358,0.106,240.290,1.600,0.000,0.000,1.0
2008-10-08,03:32:00,0.358,0.108,240.510,1.400,0.000,0.000,1.0
2008-10-08,03:33:00,0.356,0.108,240.680,1.400,0.000,0.000,0.0
2008-10-08,03:34:00,0.354,0.108,240.580,1.400,0.000,0.000,1.0
2008-10-08,03:35:00,0.354,0.108,240.460,1.400,0.000,0.000,1.0
2008-10-08,03:36:00,0.352,0.106,240.150,1.400,0.000,0.000,0.0
2008-10-08,03:37:00,0.350,0.104,239.770,1.400,0.000,0.000,1.0
2008-10-08,03:38:00,0.348,0.104,239.760,1.400,0.000,0.000,1.0
2008-10-08,03:39:00,0.348,0.104,239.540,1.400,0.000,0.000,0.0
2008-10-08,03:40:00,0.346,0.104,239.570,1.400,0.000,0.000,1.0
2008-10-08,03:41:00,0.348,0.106,240.300,1.400,0.000,0.000,1.0
2008-10-08,03:42:00,0.346,0.106,239.910,1.400,0.000,0.000,0.0
2008-10-08,03:43:00,0.346,0.106,240.200,1.400,0.000,0.000,1.0
2008-10-08,03:44:00,0.344,0.104,239.750,1.400,0.000,0.000,0.0
2008-10-08,03:45:00,0.320,0.070,239.700,1.400,0.000,0.000,1.0
2008-10-08,03:46:00,0.250,0.000,239.830,1.000,0.000,0.000,1.0
2008-10-08,03:47:00,0.250,0.000,240.020,1.000,0.000,0.000,0.0
2008-10-08,03:48:00,0.250,0.000,239.810,1.000,0.000,0.000,1.0
2008-10-08,03:49:00,0.250,0.000,239.040,1.000,0.000,0.000,1.0
2008-10-08,03:50:00,0.250,0.000,239.390,1.000,0.000,0.000,0.0
2008-10-08,03:51:00,0.250,0.000,239.340,1.000,0.000,0.000,1.0
2008-10-08,03:52:00,0.250,0.000,239.270,1.000,0.000,0.000,1.0
2008-10-08,03:53:00,0.250,0.000,239.390,1.000,0.000,0.000,0.0
2008-10-08,03:54:00,0.250,0.000,239.430,1.000,0.000,0.000,1.0
2008-10-08,03:55:00,0.250,0.000,239.300,1.000,0.000,0.000,1.0
2008-10-08,03:56:00,0.342,0.076,239.110,1.600,0.000,0.000,0.0
2008-10-08,03:57:00,0.324,0.074,239.070,1.400,0.000,0.000,1.0
2008-10-08,03:58:00,0.326,0.074,239.300,1.400,0.000,0.000,1.0
2008-10-08,03:59:00,0.324,0.074,239.070,1.400,0.000,0.000,0.0
2008-10-08,04:00:00,0.324,0.076,239.400,1.400,0.000,0.000,1.0
2008-10-08,04:01:00,0.324,0.076,239.430,1.400,0.000,0.000,1.0
2008-10-08,04:02:00,0.322,0.074,239.210,1.400,0.000,0.000,0.0
2008-10-08,04:03:00,0.320,0.076,239.120,1.400,0.000,0.000,1.0
2008-10-08,04:04:00,0.320,0.076,239.190,1.400,0.000,0.000,0.0
2008-10-08,04:05:00,0.320,0.074,239.130,1.400,0.000,0.000,1.0
2008-10-08,04:06:00,0.320,0.076,239.690,1.400,0.000,0.000,1.0
2008-10-08,04:07:00,0.270,0.000,239.830,1.200,0.000,0.000,0.0
2008-10-08,04:08:00,0.252,0.000,239.720,1.000,0.000,0.000,1.0
2008-10-08,04:09:00,0.252,0.000,240.040,1.000,0.000,0.000,1.0
2008-10-08,04:10:00,0.252,0.000,240.250,1.000,0.000,0.000,0.0
2008-10-08,04:11:00,0.252,0.000,240.310,1.000,0.000,0.000,1.0
2008-10-08,04:12:00,0.252,0.000,239.990,1.000,0.000,0.000,1.0
2008-10-08,04:13:00,0.350,0.078,239.350,1.600,0.000,0.000,0.0
2008-10-08,04:14:00,0.360,0.104,239.350,1.600,0.000,0.000,1.0
2008-10-08,04:15:00,0.356,0.104,239.340,1.600,0.000,0.000,1.0
2008-10-08,04:16:00,0.356,0.106,240.130,1.400,0.000,0.000,0.0
2008-10-08,04:17:00,0.356,0.108,240.560,1.400,0.000,0.000,1.0
2008-10-08,04:18:00,0.356,0.108,240.550,1.400,0.000,0.000,1.0
2008-10-08,04:19:00,0.354,0.108,240.580,1.400,0.000,0.000,0.0
2008-10-08,04:20:00,0.354,0.108,240.730,1.400,0.000,0.000,1.0
2008-10-08,04:21:00,0.352,0.108,240.680,1.400,0.000,0.000,1.0
2008-10-08,04:22:00,0.368,0.108,240.020,1.600,0.000,0.000,0.0
2008-10-08,04:23:00,0.372,0.106,240.000,1.600,0.000,0.000,1.0
2008-10-08,04:24:00,0.356,0.106,240.050,1.600,0.000,0.000,1.0
2008-10-08,04:25:00,0.348,0.106,240.080,1.400,0.000,0.000,0.0
2008-10-08,04:26:00,0.346,0.104,239.640,1.400,0.000,0.000,1.0
2008-10-08,04:27:00,0.346,0.106,239.820,1.400,0.000,0.000,1.0
2008-10-08,04:28:00,0.346,0.106,239.790,1.400,0.000,0.000,0.0
2008-10-08,04:29:00,0.302,0.000,240.100,1.200,0.000,0.000,1.0
2008-10-08,04:30:00,0.250,0.000,239.510,1.000,0.000,0.000,0.0
2008-10-08,04:31:00,0.250,0.000,239.470,1.000,0.000,0.000,1.0
2008-10-08,04:32:00,0.252,0.000,240.640,1.000,0.000,0.000,1.0
2008-10-08,04:33:00,0.252,0.000,240.690,1.000,0.000,0.000,0.0
2008-10-08,04:34:00,0.252,0.000,240.580,1.000,0.000,0.000,1.0
2008-10-08,04:35:00,0.252,0.000,240.550,1.000,0.000,0.000,1.0
2008-10-08,04:36:00,0.252,0.000,240.650,1.000,0.000,0.000,0.0
2008-10-08,04:37:00,0.252,0.000,240.870,1.000,0.000,0.000,1.0
2008-10-08,04:38:00,0.252,0.000,241.090,1.000,0.000,0.000,1.0
2008-10-08,04:39:00,0.690,0.068,240.650,3.000,0.000,0.000,7.0
2008-10-08,04:40:00,0.898,0.120,240.310,3.800,0.000,0.000,11.0
2008-10-08,04:41:00,0.964,0.190,239.470,4.000,0.000,0.000,11.0
2008-10-08,04:42:00,0.982,0.190,239.430,4.200,0.000,0.000,12.0
2008-10-08,04:43:00,0.986,0.188,239.220,4.200,0.000,0.000,11.0
2008-10-08,04:44:00,0.712,0.142,239.480,3.200,0.000,0.000,8.0
2008-10-08,04:45:00,0.392,0.152,239.520,1.800,0.000,0.000,1.0
2008-10-08,04:46:00,0.408,0.196,239.130,1.800,0.000,1.000,0.0
2008-10-08,04:47:00,0.404,0.194,238.720,1.800,0.000,2.000,1.0
2008-10-08,04:48:00,0.404,0.192,238.190,1.800,0.000,1.000,1.0
2008-10-08,04:49:00,0.404,0.192,238.160,1.800,0.000,2.000,0.0
2008-10-08,04:50:00,0.404,0.192,238.580,1.800,0.000,1.000,1.0
2008-10-08,04:51:00,0.400,0.188,238.800,1.800,0.000,2.000,1.0
2008-10-08,04:52:00,0.336,0.092,239.120,1.400,0.000,1.000,0.0
2008-10-08,04:53:00,0.336,0.092,239.250,1.400,0.000,1.000,1.0
2008-10-08,04:54:00,0.334,0.092,239.070,1.400,0.000,2.000,1.0
2008-10-08,04:55:00,0.334,0.092,239.060,1.400,0.000,1.000,0.0
2008-10-08,04:56:00,0.332,0.090,238.770,1.400,0.000,2.000,1.0
2008-10-08,04:57:00,0.406,0.164,238.320,1.800,0.000,1.000,1.0
2008-10-08,04:58:00,0.440,0.220,238.400,2.000,0.000,1.000,0.0
2008-10-08,04:59:00,0.436,0.220,238.630,2.000,0.000,2.000,1.0
2008-10-08,05:00:00,0.434,0.220,238.800,2.000,0.000,1.000,1.0
2008-10-08,05:01:00,0.432,0.222,239.110,2.000,0.000,1.000,0.0
2008-10-08,05:02:00,0.430,0.224,239.690,2.000,0.000,2.000,1.0
2008-10-08,05:03:00,0.428,0.224,239.570,2.000,0.000,1.000,0.0
2008-10-08,05:04:00,0.428,0.226,240.270,2.000,0.000,1.000,1.0
2008-10-08,05:05:00,0.426,0.228,240.440,2.000,0.000,1.000,1.0
2008-10-08,05:06:00,0.408,0.198,240.190,1.800,0.000,1.000,0.0
2008-10-08,05:07:00,0.348,0.106,239.990,1.400,0.000,0.000,1.0
2008-10-08,05:08:00,0.348,0.104,239.880,1.400,0.000,0.000,1.0
2008-10-08,05:09:00,0.346,0.104,239.870,1.400,0.000,0.000,0.0
2008-10-08,05:10:00,0.348,0.108,240.470,1.400,0.000,0.000,1.0
2008-10-08,05:11:00,0.348,0.108,240.900,1.400,0.000,0.000,1.0
2008-10-08,05:12:00,0.346,0.106,240.500,1.400,0.000,0.000,0.0
2008-10-08,05:13:00,0.312,0.060,240.230,1.400,0.000,0.000,1.0
2008-10-08,05:14:00,0.252,0.000,241.090,1.000,0.000,0.000,1.0
2008-10-08,05:15:00,0.254,0.000,241.400,1.000,0.000,0.000,0.0
2008-10-08,05:16:00,0.252,0.000,241.030,1.000,0.000,0.000,1.0
2008-10-08,05:17:00,0.252,0.000,240.850,1.000,0.000,0.000,1.0
2008-10-08,05:18:00,0.250,0.000,239.930,1.000,0.000,0.000,0.0
2008-10-08,05:19:00,0.250,0.000,239.240,1.000,0.000,0.000,1.0
2008-10-08,05:20:00,0.248,0.000,238.910,1.000,0.000,0.000,1.0
2008-10-08,05:21:00,0.248,0.000,238.950,1.000,0.000,0.000,0.0
2008-10-08,05:22:00,0.250,0.000,239.010,1.000,0.000,0.000,1.0
2008-10-08,05:23:00,0.250,0.000,238.980,1.000,0.000,0.000,1.0
2008-10-08,05:24:00,0.250,0.000,239.100,1.000,0.000,0.000,0.0
2008-10-08,05:25:00,0.280,0.000,239.710,1.200,0.000,0.000,1.0
2008-10-08,05:26:00,0.326,0.074,239.610,1.400,0.000,0.000,1.0
2008-10-08,05:27:00,0.326,0.074,239.160,1.400,0.000,0.000,0.0
2008-10-08,05:28:00,0.326,0.074,239.190,1.400,0.000,0.000,1.0
2008-10-08,05:29:00,0.326,0.074,239.350,1.400,0.000,0.000,0.0
2008-10-08,05:30:00,0.324,0.074,239.360,1.400,0.000,0.000,1.0
2008-10-08,05:31:00,0.324,0.076,239.780,1.400,0.000,0.000,1.0
2008-10-08,05:32:00,0.322,0.076,239.770,1.400,0.000,0.000,0.0
2008-10-08,05:33:00,0.322,0.076,240.090,1.400,0.000,0.000,1.0
2008-10-08,05:34:00,0.322,0.076,239.970,1.400,0.000,0.000,1.0
2008-10-08,05:35:00,0.322,0.078,240.590,1.400,0.000,0.000,0.0
2008-10-08,05:36:00,0.316,0.072,240.970,1.400,0.000,0.000,1.0
2008-10-08,05:37:00,0.252,0.000,240.890,1.000,0.000,0.000,1.0
2008-10-08,05:38:00,0.252,0.000,240.460,1.000,0.000,0.000,0.0
2008-10-08,05:39:00,0.252,0.000,240.580,1.000,0.000,0.000,1.0
2008-10-08,05:40:00,0.252,0.000,240.470,1.000,0.000,0.000,1.0
2008-10-08,05:41:00,0.274,0.000,240.560,1.200,0.000,0.000,0.0
2008-10-08,05:42:00,0.364,0.106,240.390,1.600,0.000,0.000,1.0
2008-10-08,05:43:00,0.360,0.106,240.190,1.600,0.000,0.000,1.0
2008-10-08,05:44:00,0.358,0.106,240.150,1.400,0.000,0.000,0.0
2008-10-08,05:45:00,0.356,0.104,239.770,1.400,0.000,0.000,1.0
2008-10-08,05:46:00,0.354,0.102,239.320,1.400,0.000,0.000,1.0
2008-10-08,05:47:00,0.352,0.104,239.510,1.400,0.000,0.000,0.0
2008-10-08,05:48:00,0.352,0.106,240.130,1.400,0.000,0.000,1.0
2008-10-08,05:49:00,0.352,0.106,240.110,1.400,0.000,0.000,1.0
2008-10-08,05:50:00,0.350,0.106,240.240,1.400,0.000,0.000,0.0
2008-10-08,05:51:00,0.350,0.106,240.220,1.400,0.000,0.000,1.0
2008-10-08,05:52:00,0.348,0.104,239.730,1.400,0.000,0.000,1.0
2008-10-08,05:53:00,0.346,0.102,239.280,1.400,0.000,0.000,0.0
2008-10-08,05:54:00,0.344,0.102,239.040,1.400,0.000,0.000,1.0
2008-10-08,05:55:00,0.344,0.100,239.000,1.400,0.000,0.000,1.0
2008-10-08,05:56:00,0.348,0.100,238.400,1.400,0.000,0.000,0.0
2008-10-08,05:57:00,0.350,0.100,238.480,1.400,0.000,0.000,1.0
2008-10-08,05:58:00,0.260,0.000,238.830,1.000,0.000,0.000,0.0
2008-10-08,05:59:00,0.256,0.000,238.910,1.000,0.000,0.000,1.0
2008-10-08,06:00:00,0.256,0.000,239.000,1.000,0.000,0.000,1.0
2008-10-08,06:01:00,0.256,0.000,239.640,1.000,0.000,0.000,0.0
2008-10-08,06:02:00,0.334,0.000,239.450,1.400,0.000,0.000,1.0
2008-10-08,06:03:00,0.338,0.000,239.120,1.400,0.000,0.000,1.0
2008-10-08,06:04:00,0.338,0.000,239.340,1.400,0.000,0.000,0.0
2008-10-08,06:05:00,0.336,0.000,238.590,1.400,0.000,0.000,1.0
2008-10-08,06:06:00,0.334,0.000,238.220,1.400,0.000,0.000,1.0
2008-10-08,06:07:00,0.388,0.000,237.810,1.600,0.000,0.000,0.0
2008-10-08,06:08:00,0.548,0.000,237.580,2.200,0.000,0.000,1.0
2008-10-08,06:09:00,0.546,0.000,237.210,2.200,0.000,0.000,1.0
2008-10-08,06:10:00,0.546,0.000,237.350,2.200,0.000,0.000,0.0
2008-10-08,06:11:00,1.264,0.000,236.390,5.800,0.000,0.000,10.0
2008-10-08,06:12:00,1.706,0.054,236.200,7.200,0.000,0.000,19.0
2008-10-08,06:13:00,3.094,0.058,234.990,13.400,0.000,0.000,18.0
2008-10-08,06:14:00,2.432,0.052,235.320,10.400,0.000,0.000,18.0
2008-10-08,06:15:00,2.746,0.072,235.220,12.000,0.000,0.000,18.0
2008-10-08,06:16:00,2.238,0.050,235.710,9.400,0.000,0.000,17.0
2008-10-08,06:17:00,2.256,0.052,236.420,9.400,0.000,0.000,18.0
2008-10-08,06:18:00,2.324,0.052,236.230,9.800,0.000,0.000,18.0
2008-10-08,06:19:00,2.106,0.054,236.830,8.800,0.000,0.000,18.0
2008-10-08,06:20:00,2.058,0.054,236.750,8.600,0.000,0.000,18.0
2008-10-08,06:21:00,1.718,0.060,238.720,7.200,0.000,0.000,18.0
2008-10-08,06:22:00,1.538,0.064,240.000,6.400,0.000,0.000,18.0
2008-10-08,06:23:00,1.546,0.066,240.600,6.400,0.000,0.000,18.0
2008-10-08,06:24:00,1.854,0.092,240.400,7.800,0.000,0.000,24.0
2008-10-08,06:25:00,2.080,0.084,240.300,8.600,0.000,0.000,28.0
2008-10-08,06:26:00,2.168,0.148,239.960,9.000,0.000,0.000,29.0
2008-10-08,06:27:00,2.242,0.216,239.450,9.400,0.000,0.000,29.0
2008-10-08,06:28:00,2.302,0.326,239.140,9.600,0.000,1.000,29.0
2008-10-08,06:29:00,2.154,0.296,238.650,9.200,0.000,1.000,28.0
2008-10-08,06:30:00,1.674,0.210,239.120,7.000,0.000,2.000,18.0
2008-10-08,06:31:00,1.740,0.208,238.820,7.200,0.000,1.000,18.0
2008-10-08,06:32:00,1.754,0.210,239.550,7.200,0.000,2.000,18.0
2008-10-08,06:33:00,1.806,0.208,239.210,7.600,0.000,1.000,18.0
2008-10-08,06:34:00,1.886,0.206,239.010,7.800,0.000,1.000,18.0
2008-10-08,06:35:00,1.966,0.204,238.880,8.200,0.000,2.000,19.0
2008-10-08,06:36:00,1.968,0.206,239.140,8.200,0.000,1.000,18.0
2008-10-08,06:37:00,1.966,0.208,239.500,8.200,0.000,2.000,18.0
2008-10-08,06:38:00,1.962,0.208,239.490,8.200,0.000,1.000,18.0
2008-10-08,06:39:00,1.962,0.208,239.560,8.200,0.000,1.000,18.0
2008-10-08,06:40:00,1.952,0.204,239.010,8.200,0.000,2.000,18.0
2008-10-08,06:41:00,1.952,0.206,239.090,8.200,0.000,1.000,19.0
2008-10-08,06:42:00,1.952,0.206,239.200,8.200,0.000,1.000,18.0
2008-10-08,06:43:00,1.896,0.114,239.880,7.800,0.000,2.000,18.0
2008-10-08,06:44:00,1.868,0.076,239.830,7.800,0.000,1.000,18.0
2008-10-08,06:45:00,1.858,0.074,239.110,7.600,0.000,1.000,18.0
2008-10-08,06:46:00,1.874,0.072,238.660,7.800,0.000,2.000,19.0
2008-10-08,06:47:00,1.930,0.070,238.490,8.000,0.000,1.000,18.0
2008-10-08,06:48:00,1.924,0.070,237.980,8.000,0.000,1.000,18.0
2008-10-08,06:49:00,1.882,0.000,238.370,7.800,0.000,1.000,18.0
2008-10-08,06:50:00,1.868,0.000,239.150,7.800,0.000,0.000,18.0
2008-10-08,06:51:00,1.872,0.000,239.470,7.800,0.000,0.000,18.0
2008-10-08,06:52:00,1.850,0.000,239.520,7.600,0.000,0.000,18.0
2008-10-08,06:53:00,1.906,0.000,240.550,7.800,0.000,0.000,19.0
2008-10-08,06:54:00,1.906,0.046,239.280,8.000,0.000,0.000,18.0
2008-10-08,06:55:00,2.416,0.048,238.390,10.000,0.000,0.000,18.0
2008-10-08,06:56:00,2.500,0.052,237.180,10.400,0.000,0.000,18.0
2008-10-08,06:57:00,2.904,0.054,236.530,12.400,0.000,0.000,17.0
2008-10-08,06:58:00,3.350,0.000,235.870,14.200,0.000,0.000,18.0
2008-10-08,06:59:00,3.280,0.000,236.270,14.000,0.000,0.000,18.0
2008-10-08,07:00:00,2.566,0.046,236.750,10.800,0.000,0.000,18.0
2008-10-08,07:01:00,2.562,0.046,236.520,10.800,0.000,0.000,17.0
2008-10-08,07:02:00,2.432,0.048,236.540,10.200,0.000,0.000,18.0
2008-10-08,07:03:00,2.352,0.048,236.520,9.800,0.000,0.000,18.0
2008-10-08,07:04:00,2.140,0.050,237.570,9.000,0.000,0.000,18.0
2008-10-08,07:05:00,1.728,0.052,237.090,7.200,0.000,0.000,18.0
2008-10-08,07:06:00,1.728,0.052,237.190,7.200,0.000,0.000,18.0
2008-10-08,07:07:00,1.720,0.050,236.530,7.200,0.000,0.000,17.0
2008-10-08,07:08:00,1.702,0.046,235.210,7.200,0.000,0.000,18.0
2008-10-08,07:09:00,1.692,0.046,234.590,7.200,0.000,0.000,17.0
2008-10-08,07:10:00,1.836,0.046,234.700,7.800,0.000,0.000,18.0
2008-10-08,07:11:00,1.860,0.000,233.890,7.800,0.000,0.000,17.0
2008-10-08,07:12:00,1.804,0.000,234.280,7.600,0.000,0.000,18.0
2008-10-08,07:13:00,1.862,0.074,234.970,7.800,0.000,0.000,17.0
2008-10-08,07:14:00,1.958,0.072,235.050,8.200,0.000,0.000,18.0
2008-10-08,07:15:00,1.962,0.074,235.440,8.200,0.000,0.000,18.0
2008-10-08,07:16:00,1.962,0.074,235.460,8.200,0.000,0.000,17.0
2008-10-08,07:17:00,1.910,0.078,236.380,8.000,0.000,0.000,18.0
2008-10-08,07:18:00,1.850,0.046,235.800,7.800,0.000,0.000,18.0
2008-10-08,07:19:00,2.064,0.076,235.680,8.800,0.000,0.000,20.0
2008-10-08,07:20:00,2.448,0.130,234.920,10.400,0.000,0.000,28.0
2008-10-08,07:21:00,2.472,0.132,235.270,10.400,0.000,0.000,28.0
2008-10-08,07:22:00,2.504,0.138,236.030,10.600,0.000,0.000,28.0
2008-10-08,07:23:00,2.506,0.136,235.920,10.600,0.000,0.000,29.0
2008-10-08,07:24:00,2.510,0.138,236.010,10.600,0.000,0.000,28.0
2008-10-08,07:25:00,2.152,0.086,236.900,9.200,0.000,0.000,24.0
2008-10-08,07:26:00,2.056,0.000,236.840,8.600,0.000,0.000,17.0
2008-10-08,07:27:00,2.140,0.000,237.320,9.000,0.000,0.000,18.0
2008-10-08,07:28:00,2.080,0.000,236.750,8.800,0.000,0.000,18.0
2008-10-08,07:29:00,2.018,0.000,236.400,8.400,0.000,0.000,18.0
2008-10-08,07:30:00,1.946,0.050,235.850,8.200,0.000,0.000,18.0
2008-10-08,07:31:00,1.900,0.070,237.240,8.000,0.000,0.000,17.0
2008-10-08,07:32:00,1.954,0.056,237.580,8.200,0.000,0.000,18.0
2008-10-08,07:33:00,1.958,0.056,237.720,8.200,0.000,0.000,18.0
2008-10-08,07:34:00,1.936,0.058,236.220,8.200,0.000,0.000,18.0
2008-10-08,07:35:00,1.938,0.056,236.490,8.200,0.000,0.000,18.0
2008-10-08,07:36:00,1.920,0.050,236.390,8.000,0.000,0.000,18.0
2008-10-08,07:37:00,1.922,0.050,236.490,8.000,0.000,0.000,17.0
2008-10-08,07:38:00,1.932,0.048,237.230,8.000,0.000,0.000,18.0
2008-10-08,07:39:00,1.956,0.000,237.190,8.200,0.000,0.000,18.0
2008-10-08,07:40:00,2.002,0.048,236.840,8.400,0.000,0.000,18.0
2008-10-08,07:41:00,2.000,0.048,236.600,8.400,0.000,0.000,18.0
2008-10-08,07:42:00,2.008,0.050,237.170,8.400,0.000,0.000,18.0
2008-10-08,07:43:00,2.010,0.050,237.410,8.400,0.000,0.000,17.0
2008-10-08,07:44:00,2.010,0.050,237.530,8.400,0.000,0.000,18.0
2008-10-08,07:45:00,2.132,0.046,236.800,9.000,0.000,0.000,18.0
2008-10-08,07:46:00,2.392,0.088,236.830,10.000,0.000,0.000,18.0
2008-10-08,07:47:00,2.382,0.096,236.430,10.000,0.000,0.000,18.0
2008-10-08,07:48:00,2.378,0.096,236.260,10.000,0.000,0.000,17.0
2008-10-08,07:49:00,2.370,0.094,235.870,10.000,0.000,0.000,18.0
2008-10-08,07:50:00,2.424,0.092,235.450,10.200,0.000,0.000,18.0
2008-10-08,07:51:00,2.434,0.094,236.100,10.200,0.000,0.000,17.0
2008-10-08,07:52:00,2.434,0.094,236.100,10.200,0.000,0.000,18.0
2008-10-08,07:53:00,2.398,0.000,236.600,10.000,0.000,0.000,18.0
2008-10-08,07:54:00,2.300,0.000,236.390,9.600,0.000,0.000,18.0
2008-10-08,07:55:00,3.372,0.000,235.610,14.600,0.000,0.000,17.0
2008-10-08,07:56:00,3.182,0.000,235.760,13.600,0.000,0.000,18.0
2008-10-08,07:57:00,4.080,0.052,234.930,17.400,0.000,0.000,18.0
2008-10-08,07:58:00,4.616,0.000,234.420,19.800,0.000,0.000,17.0
2008-10-08,07:59:00,4.536,0.098,233.960,19.400,0.000,0.000,17.0
2008-10-08,08:00:00,4.262,0.106,233.950,18.400,0.000,0.000,18.0
2008-10-08,08:01:00,2.854,0.068,235.120,12.200,0.000,0.000,17.0
2008-10-08,08:02:00,2.656,0.070,235.680,11.200,0.000,0.000,18.0
2008-10-08,08:03:00,2.648,0.070,235.390,11.200,0.000,0.000,18.0
2008-10-08,08:04:00,2.666,0.072,235.820,11.200,0.000,0.000,17.0
2008-10-08,08:05:00,2.638,0.072,235.630,11.200,0.000,0.000,18.0
2008-10-08,08:06:00,2.384,0.076,235.930,10.000,0.000,0.000,18.0
2008-10-08,08:07:00,2.430,0.076,236.460,10.200,0.000,0.000,17.0
2008-10-08,08:08:00,2.346,0.074,235.260,9.800,0.000,0.000,18.0
2008-10-08,08:09:00,2.096,0.082,237.150,8.800,0.000,0.000,18.0
2008-10-08,08:10:00,1.808,0.264,237.990,7.800,0.000,0.000,18.0
2008-10-08,08:11:00,1.574,0.404,238.610,6.800,0.000,1.000,18.0
2008-10-08,08:12:00,1.506,0.260,238.900,6.400,0.000,2.000,18.0
2008-10-08,08:13:00,1.470,0.206,237.860,6.200,0.000,1.000,18.0
2008-10-08,08:14:00,1.476,0.208,238.420,6.200,0.000,1.000,18.0
2008-10-08,08:15:00,1.482,0.210,239.070,6.200,0.000,2.000,18.0
2008-10-08,08:16:00,1.394,0.090,238.680,5.800,0.000,1.000,18.0
2008-10-08,08:17:00,1.384,0.078,238.630,5.800,0.000,2.000,18.0
2008-10-08,08:18:00,1.972,0.192,238.730,8.200,0.000,1.000,27.0
2008-10-08,08:19:00,2.088,0.292,238.840,8.800,0.000,1.000,29.0
2008-10-08,08:20:00,2.122,0.300,239.810,8.800,0.000,2.000,29.0
2008-10-08,08:21:00,2.132,0.300,239.840,9.000,0.000,1.000,29.0
2008-10-08,08:22:00,2.146,0.308,240.590,9.000,0.000,2.000,29.0
2008-10-08,08:23:00,1.780,0.242,240.360,7.600,0.000,1.000,25.0
2008-10-08,08:24:00,1.476,0.190,241.150,6.000,0.000,1.000,18.0
2008-10-08,08:25:00,1.472,0.190,241.040,6.000,0.000,2.000,19.0
2008-10-08,08:26:00,1.470,0.190,240.930,6.000,0.000,1.000,18.0
2008-10-08,08:27:00,1.460,0.186,240.110,6.000,0.000,1.000,18.0
2008-10-08,08:28:00,1.462,0.188,240.500,6.000,0.000,1.000,19.0
2008-10-08,08:29:00,1.466,0.190,240.900,6.000,0.000,2.000,18.0
2008-10-08,08:30:00,1.462,0.188,240.550,6.000,0.000,1.000,19.0
2008-10-08,08:31:00,1.410,0.100,240.700,5.800,0.000,0.000,18.0
2008-10-08,08:32:00,1.390,0.066,240.850,5.600,0.000,0.000,18.0
2008-10-08,08:33:00,1.362,0.000,241.310,5.600,0.000,0.000,19.0
2008-10-08,08:34:00,1.312,0.000,239.850,5.400,0.000,0.000,18.0
2008-10-08,08:35:00,1.296,0.000,238.330,5.400,0.000,0.000,18.0
2008-10-08,08:36:00,1.292,0.000,237.860,5.400,0.000,0.000,18.0
2008-10-08,08:37:00,1.300,0.000,238.600,5.400,0.000,0.000,18.0
2008-10-08,08:38:00,1.298,0.000,238.410,5.400,0.000,0.000,18.0
2008-10-08,08:39:00,1.294,0.000,238.160,5.400,0.000,0.000,18.0
2008-10-08,08:40:00,1.306,0.000,239.200,5.400,0.000,0.000,18.0
2008-10-08,08:41:00,1.298,0.000,238.500,5.400,0.000,0.000,18.0
2008-10-08,08:42:00,1.296,0.000,238.370,5.400,0.000,0.000,18.0
2008-10-08,08:43:00,1.334,0.000,238.620,5.600,0.000,0.000,19.0
2008-10-08,08:44:00,1.410,0.090,238.740,5.800,0.000,0.000,18.0
2008-10-08,08:45:00,1.408,0.090,238.680,5.800,0.000,0.000,18.0
2008-10-08,08:46:00,1.402,0.090,238.530,5.800,0.000,0.000,18.0
2008-10-08,08:47:00,1.404,0.090,238.690,5.800,0.000,0.000,18.0
2008-10-08,08:48:00,1.400,0.088,238.530,5.800,0.000,0.000,18.0
2008-10-08,08:49:00,1.404,0.090,238.950,5.800,0.000,0.000,18.0
2008-10-08,08:50:00,1.400,0.090,238.730,5.800,0.000,0.000,18.0
2008-10-08,08:51:00,1.388,0.086,237.780,5.800,0.000,0.000,18.0
2008-10-08,08:52:00,1.390,0.086,238.030,5.800,0.000,0.000,18.0
2008-10-08,08:53:00,1.382,0.084,237.280,5.800,0.000,0.000,18.0
2008-10-08,08:54:00,1.378,0.084,236.980,5.800,0.000,0.000,18.0
2008-10-08,08:55:00,1.388,0.086,237.990,5.800,0.000,0.000,18.0
2008-10-08,08:56:00,1.386,0.086,237.970,5.800,0.000,0.000,18.0
2008-10-08,08:57:00,1.392,0.088,238.590,5.800,0.000,0.000,18.0
2008-10-08,08:58:00,1.394,0.088,238.720,5.800,0.000,0.000,18.0
2008-10-08,08:59:00,1.396,0.090,238.890,5.800,0.000,0.000,18.0
2008-10-08,09:00:00,1.352,0.000,239.180,5.600,0.000,0.000,18.0
2008-10-08,09:01:00,1.308,0.000,239.310,5.400,0.000,0.000,18.0
2008-10-08,09:02:00,1.312,0.000,239.690,5.400,0.000,0.000,19.0
2008-10-08,09:03:00,1.306,0.000,239.160,5.400,0.000,0.000,18.0
2008-10-08,09:04:00,1.286,0.000,237.400,5.400,0.000,0.000,18.0
2008-10-08,09:05:00,1.308,0.000,239.510,5.400,0.000,0.000,18.0
2008-10-08,09:06:00,1.308,0.000,239.420,5.400,0.000,0.000,18.0
2008-10-08,09:07:00,1.346,0.000,238.230,5.600,0.000,0.000,18.0
2008-10-08,09:08:00,1.372,0.060,238.450,5.600,0.000,0.000,18.0
2008-10-08,09:09:00,1.372,0.060,238.380,5.600,0.000,0.000,18.0
2008-10-08,09:10:00,1.374,0.060,238.540,5.600,0.000,0.000,18.0
2008-10-08,09:11:00,1.370,0.060,238.350,5.600,0.000,0.000,18.0
2008-10-08,09:12:00,1.372,0.060,238.640,5.600,0.000,0.000,18.0
2008-10-08,09:13:00,1.368,0.060,238.440,5.600,0.000,0.000,18.0
2008-10-08,09:14:00,1.366,0.060,238.380,5.600,0.000,0.000,18.0
2008-10-08,09:15:00,1.362,0.060,238.090,5.600,0.000,0.000,18.0
2008-10-08,09:16:00,1.394,0.068,241.010,5.800,0.000,0.000,19.0
2008-10-08,09:17:00,1.390,0.066,240.710,5.600,0.000,0.000,18.0
2008-10-08,09:18:00,1.392,0.066,240.940,5.800,0.000,0.000,19.0
2008-10-08,09:19:00,1.386,0.062,240.730,5.600,0.000,0.000,18.0
2008-10-08,09:20:00,1.322,0.000,240.680,5.400,0.000,0.000,18.0
2008-10-08,09:21:00,1.318,0.000,240.330,5.400,0.000,0.000,19.0
2008-10-08,09:22:00,1.314,0.000,240.080,5.400,0.000,0.000,18.0
2008-10-08,09:23:00,1.320,0.000,240.490,5.400,0.000,0.000,18.0
2008-10-08,09:24:00,1.318,0.000,240.370,5.400,0.000,0.000,19.0
2008-10-08,09:25:00,1.322,0.000,240.670,5.400,0.000,0.000,18.0
2008-10-08,09:26:00,1.320,0.000,240.530,5.400,0.000,0.000,19.0
2008-10-08,09:27:00,1.318,0.000,240.270,5.400,0.000,0.000,18.0
2008-10-08,09:28:00,1.300,0.000,238.660,5.400,0.000,0.000,18.0
2008-10-08,09:29:00,1.352,0.000,237.770,5.600,0.000,0.000,18.0
2008-10-08,09:30:00,1.392,0.084,236.990,5.800,0.000,0.000,18.0
2008-10-08,09:31:00,1.388,0.084,236.990,5.800,0.000,0.000,18.0
2008-10-08,09:32:00,1.400,0.088,238.190,5.800,0.000,0.000,18.0
2008-10-08,09:33:00,1.394,0.088,237.870,5.800,0.000,0.000,18.0
2008-10-08,09:34:00,1.394,0.088,237.920,5.800,0.000,0.000,18.0
2008-10-08,09:35:00,1.404,0.090,239.040,5.800,0.000,0.000,18.0
2008-10-08,09:36:00,1.414,0.094,240.000,5.800,0.000,0.000,18.0
2008-10-08,09:37:00,1.414,0.094,240.160,5.800,0.000,0.000,18.0
2008-10-08,09:38:00,1.412,0.094,240.030,5.800,0.000,0.000,19.0
2008-10-08,09:39:00,1.408,0.094,239.760,5.800,0.000,0.000,18.0
2008-10-08,09:40:00,1.406,0.092,239.630,5.800,0.000,0.000,18.0
2008-10-08,09:41:00,1.404,0.092,239.550,5.800,0.000,0.000,18.0
2008-10-08,09:42:00,1.404,0.092,239.570,5.800,0.000,0.000,18.0
2008-10-08,09:43:00,1.402,0.092,239.500,5.800,0.000,0.000,19.0
2008-10-08,09:44:00,1.386,0.088,238.100,5.800,0.000,0.000,18.0
2008-10-08,09:45:00,1.690,0.146,238.410,7.200,0.000,0.000,22.0
2008-10-08,09:46:00,1.936,0.118,238.080,8.000,0.000,0.000,28.0
2008-10-08,09:47:00,1.930,0.068,238.450,8.000,0.000,0.000,28.0
2008-10-08,09:48:00,1.956,0.070,238.730,8.200,0.000,0.000,29.0
2008-10-08,09:49:00,1.962,0.068,238.760,8.200,0.000,0.000,29.0
2008-10-08,09:50:00,1.966,0.068,238.560,8.200,0.000,0.000,29.0
2008-10-08,09:51:00,1.308,0.000,238.820,5.400,0.000,0.000,19.0
2008-10-08,09:52:00,1.368,0.000,238.290,5.800,0.000,0.000,18.0
2008-10-08,09:53:00,1.392,0.080,238.690,5.800,0.000,2.000,19.0
2008-10-08,09:54:00,1.460,0.158,238.840,6.000,0.000,1.000,18.0
2008-10-08,09:55:00,1.464,0.184,239.110,6.000,0.000,1.000,18.0
2008-10-08,09:56:00,1.462,0.182,238.910,6.000,0.000,2.000,18.0
2008-10-08,09:57:00,1.462,0.182,238.930,6.000,0.000,1.000,18.0
2008-10-08,09:58:00,1.458,0.182,238.740,6.000,0.000,2.000,18.0
2008-10-08,09:59:00,1.456,0.180,238.580,6.000,0.000,1.000,18.0
2008-10-08,10:00:00,1.448,0.180,238.100,6.000,0.000,2.000,18.0
2008-10-08,10:01:00,1.442,0.178,237.630,6.000,0.000,1.000,18.0
2008-10-08,10:02:00,1.446,0.178,238.170,6.000,0.000,1.000,18.0
2008-10-08,10:03:00,1.446,0.180,238.250,6.000,0.000,2.000,18.0
2008-10-08,10:04:00,1.440,0.178,237.910,6.000,0.000,1.000,18.0
2008-10-08,10:05:00,1.444,0.178,238.010,6.000,0.000,1.000,18.0
2008-10-08,10:06:00,1.384,0.096,237.100,5.800,0.000,2.000,18.0
2008-10-08,10:07:00,1.370,0.074,237.140,5.800,0.000,1.000,18.0
2008-10-08,10:08:00,1.368,0.074,237.150,5.600,0.000,1.000,18.0
2008-10-08,10:09:00,1.364,0.074,237.000,5.600,0.000,2.000,18.0
2008-10-08,10:10:00,1.370,0.076,237.620,5.600,0.000,1.000,17.0
2008-10-08,10:11:00,1.358,0.074,237.110,5.600,0.000,1.000,18.0
2008-10-08,10:12:00,1.362,0.074,237.450,5.600,0.000,1.000,18.0
2008-10-08,10:13:00,1.332,0.000,237.910,5.600,0.000,1.000,18.0
2008-10-08,10:14:00,1.300,0.000,238.670,5.400,0.000,0.000,18.0
2008-10-08,10:15:00,1.388,0.060,237.600,5.800,0.000,0.000,18.0
2008-10-08,10:16:00,1.394,0.086,237.280,5.800,0.000,0.000,18.0
2008-10-08,10:17:00,1.392,0.086,237.390,5.800,0.000,0.000,18.0
2008-10-08,10:18:00,1.390,0.084,237.260,5.800,0.000,0.000,18.0
2008-10-08,10:19:00,1.392,0.086,237.600,5.800,0.000,0.000,18.0
2008-10-08,10:20:00,1.400,0.088,238.070,5.800,0.000,0.000,18.0
2008-10-08,10:21:00,1.396,0.086,237.720,5.800,0.000,0.000,18.0
2008-10-08,10:22:00,1.398,0.088,238.030,5.800,0.000,0.000,18.0
2008-10-08,10:23:00,1.404,0.090,238.590,5.800,0.000,0.000,18.0
2008-10-08,10:24:00,1.408,0.092,239.140,5.800,0.000,0.000,18.0
2008-10-08,10:25:00,1.394,0.088,238.010,5.800,0.000,0.000,18.0
2008-10-08,10:26:00,1.384,0.086,237.440,5.800,0.000,0.000,18.0
2008-10-08,10:27:00,1.380,0.086,237.340,5.800,0.000,0.000,18.0
2008-10-08,10:28:00,1.382,0.086,237.670,5.800,0.000,0.000,18.0
2008-10-08,10:29:00,1.388,0.088,238.210,5.800,0.000,0.000,18.0
2008-10-08,10:30:00,1.378,0.084,237.280,5.800,0.000,0.000,18.0
2008-10-08,10:31:00,1.386,0.086,238.160,5.800,0.000,0.000,18.0
2008-10-08,10:32:00,1.306,0.000,239.330,5.400,0.000,0.000,18.0
2008-10-08,10:33:00,1.312,0.000,239.840,5.400,0.000,0.000,18.0
2008-10-08,10:34:00,1.314,0.000,240.060,5.400,0.000,0.000,18.0
2008-10-08,10:35:00,1.314,0.000,239.650,5.400,0.000,0.000,18.0
2008-10-08,10:36:00,1.320,0.000,240.080,5.400,0.000,0.000,19.0
2008-10-08,10:37:00,1.324,0.000,240.350,5.400,0.000,0.000,18.0
2008-10-08,10:38:00,1.328,0.000,240.730,5.400,0.000,0.000,18.0
2008-10-08,10:39:00,1.320,0.000,240.110,5.400,0.000,0.000,19.0
2008-10-08,10:40:00,1.372,0.000,240.300,5.600,0.000,0.000,18.0
2008-10-08,10:41:00,1.390,0.064,240.280,5.800,0.000,0.000,18.0
2008-10-08,10:42:00,1.384,0.064,239.720,5.800,0.000,0.000,19.0
2008-10-08,10:43:00,1.382,0.062,239.460,5.600,0.000,0.000,18.0
2008-10-08,10:44:00,1.382,0.062,239.550,5.600,0.000,0.000,18.0
2008-10-08,10:45:00,1.384,0.064,239.580,5.800,0.000,0.000,18.0
2008-10-08,10:46:00,1.400,0.062,239.220,5.800,0.000,0.000,18.0
2008-10-08,10:47:00,1.382,0.062,239.360,5.600,0.000,0.000,19.0
2008-10-08,10:48:00,2.138,0.066,238.730,9.400,0.000,0.000,18.0
2008-10-08,10:49:00,1.946,0.088,239.640,8.400,0.000,0.000,18.0
2008-10-08,10:50:00,1.574,0.066,239.950,6.800,0.000,0.000,18.0
2008-10-08,10:51:00,1.418,0.062,239.230,6.000,0.000,0.000,18.0
2008-10-08,10:52:00,1.474,0.058,238.360,6.200,0.000,0.000,18.0
2008-10-08,10:53:00,1.818,0.086,238.140,8.000,0.000,0.000,18.0
2008-10-08,10:54:00,1.496,0.058,238.110,6.400,0.000,0.000,18.0
2008-10-08,10:55:00,1.360,0.058,238.050,5.600,0.000,0.000,18.0
2008-10-08,10:56:00,1.418,0.122,237.440,6.000,0.000,0.000,18.0
2008-10-08,10:57:00,1.468,0.188,237.930,6.200,0.000,0.000,18.0
2008-10-08,10:58:00,1.466,0.188,238.140,6.200,0.000,0.000,18.0
2008-10-08,10:59:00,1.478,0.194,239.510,6.200,0.000,0.000,19.0
2008-10-08,11:00:00,1.426,0.100,240.560,5.800,0.000,0.000,18.0
2008-10-08,11:01:00,1.428,0.098,241.120,5.800,0.000,0.000,18.0
2008-10-08,11:02:00,1.422,0.096,240.630,5.800,0.000,0.000,19.0
2008-10-08,11:03:00,1.426,0.096,241.050,5.800,0.000,0.000,18.0
2008-10-08,11:04:00,1.406,0.092,239.560,5.800,0.000,0.000,18.0
2008-10-08,11:05:00,1.412,0.094,240.150,5.800,0.000,0.000,19.0
2008-10-08,11:06:00,1.404,0.094,239.630,5.800,0.000,0.000,18.0
2008-10-08,11:07:00,1.398,0.092,239.170,5.800,0.000,0.000,18.0
2008-10-08,11:08:00,1.396,0.092,238.990,5.800,0.000,0.000,18.0
2008-10-08,11:09:00,1.396,0.090,238.940,5.800,0.000,0.000,18.0
2008-10-08,11:10:00,1.404,0.088,238.560,5.800,0.000,0.000,18.0
2008-10-08,11:11:00,1.410,0.088,238.350,5.800,0.000,0.000,18.0
2008-10-08,11:12:00,1.392,0.090,238.810,5.800,0.000,0.000,19.0
2008-10-08,11:13:00,1.398,0.092,239.360,5.800,0.000,0.000,18.0
2008-10-08,11:14:00,1.344,0.000,239.620,5.600,0.000,0.000,18.0
2008-10-08,11:15:00,1.298,0.000,238.610,5.400,0.000,0.000,18.0
2008-10-08,11:16:00,1.298,0.000,238.670,5.400,0.000,0.000,18.0
2008-10-08,11:17:00,1.298,0.000,238.540,5.400,0.000,0.000,18.0
2008-10-08,11:18:00,1.300,0.000,238.760,5.400,0.000,0.000,18.0
2008-10-08,11:19:00,1.298,0.000,238.570,5.400,0.000,0.000,18.0
2008-10-08,11:20:00,1.288,0.000,237.550,5.400,0.000,0.000,18.0
2008-10-08,11:21:00,1.282,0.000,237.020,5.400,0.000,0.000,18.0
2008-10-08,11:22:00,1.280,0.000,236.810,5.400,0.000,0.000,18.0
2008-10-08,11:23:00,1.288,0.000,237.530,5.400,0.000,0.000,18.0
2008-10-08,11:24:00,1.292,0.000,238.020,5.400,0.000,0.000,18.0
2008-10-08,11:25:00,1.378,0.052,238.040,5.800,0.000,0.000,18.0
2008-10-08,11:26:00,1.376,0.062,238.910,5.600,0.000,0.000,18.0
2008-10-08,11:27:00,1.384,0.062,239.460,5.800,0.000,0.000,18.0
2008-10-08,11:28:00,1.374,0.062,238.730,5.600,0.000,0.000,18.0
2008-10-08,11:29:00,1.374,0.062,238.880,5.600,0.000,0.000,18.0
2008-10-08,11:30:00,1.374,0.062,238.940,5.600,0.000,0.000,18.0
2008-10-08,11:31:00,1.364,0.060,238.170,5.600,0.000,0.000,18.0
2008-10-08,11:32:00,1.362,0.060,238.150,5.600,0.000,0.000,18.0
2008-10-08,11:33:00,1.370,0.060,238.120,5.600,0.000,0.000,18.0
2008-10-08,11:34:00,1.890,0.164,236.990,8.000,0.000,0.000,26.0
2008-10-08,11:35:00,2.052,0.272,236.440,8.600,0.000,1.000,28.0
2008-10-08,11:36:00,2.088,0.272,236.560,8.800,0.000,1.000,28.0
2008-10-08,11:37:00,2.082,0.274,236.650,8.800,0.000,1.000,28.0
2008-10-08,11:38:00,2.156,0.346,235.760,9.200,0.000,2.000,29.0
2008-10-08,11:39:00,1.748,0.330,236.170,7.600,0.000,1.000,22.0
2008-10-08,11:40:00,1.534,0.300,236.490,6.600,0.000,2.000,18.0
2008-10-08,11:41:00,1.530,0.300,236.240,6.600,0.000,1.000,17.0
2008-10-08,11:42:00,1.528,0.298,236.200,6.600,0.000,2.000,18.0
2008-10-08,11:43:00,1.530,0.300,236.520,6.600,0.000,1.000,18.0
2008-10-08,11:44:00,1.530,0.300,236.660,6.600,0.000,1.000,18.0
2008-10-08,11:45:00,1.526,0.300,236.640,6.400,0.000,2.000,17.0
2008-10-08,11:46:00,1.526,0.300,236.720,6.400,0.000,1.000,18.0
2008-10-08,11:47:00,1.534,0.306,237.800,6.400,0.000,1.000,18.0
2008-10-08,11:48:00,1.614,0.306,238.070,6.800,0.000,2.000,18.0
2008-10-08,11:49:00,1.710,0.302,237.370,7.200,0.000,1.000,18.0
2008-10-08,11:50:00,1.708,0.300,237.190,7.200,0.000,1.000,18.0
2008-10-08,11:51:00,1.708,0.302,237.200,7.200,0.000,2.000,18.0
2008-10-08,11:52:00,2.180,0.288,236.390,10.000,0.000,9.000,18.0
2008-10-08,11:53:00,2.346,0.286,236.480,10.800,0.000,12.000,17.0
2008-10-08,11:54:00,1.704,0.300,237.220,7.200,0.000,1.000,18.0
2008-10-08,11:55:00,1.578,0.300,237.280,6.800,0.000,2.000,18.0
2008-10-08,11:56:00,1.422,0.124,237.610,6.000,0.000,0.000,18.0
2008-10-08,11:57:00,1.360,0.058,237.600,5.600,0.000,0.000,18.0
2008-10-08,11:58:00,1.350,0.056,237.150,5.600,0.000,0.000,18.0
2008-10-08,11:59:00,1.356,0.058,237.760,5.600,0.000,0.000,18.0
2008-10-08,12:00:00,1.418,0.056,237.900,5.800,0.000,0.000,18.0
2008-10-08,12:01:00,1.434,0.052,237.250,6.000,0.000,0.000,18.0
2008-10-08,12:02:00,1.428,0.050,236.670,6.000,0.000,0.000,17.0
2008-10-08,12:03:00,1.428,0.052,236.790,6.000,0.000,0.000,18.0
2008-10-08,12:04:00,1.426,0.050,236.560,6.000,0.000,0.000,18.0
2008-10-08,12:05:00,1.424,0.050,236.490,6.000,0.000,0.000,18.0
2008-10-08,12:06:00,1.424,0.050,236.300,6.000,0.000,0.000,17.0
2008-10-08,12:07:00,1.342,0.056,236.550,5.600,0.000,0.000,18.0
2008-10-08,12:08:00,1.356,0.058,237.650,5.600,0.000,0.000,18.0
2008-10-08,12:09:00,1.352,0.058,237.440,5.600,0.000,0.000,18.0
2008-10-08,12:10:00,1.348,0.056,237.060,5.600,0.000,0.000,18.0
2008-10-08,12:11:00,1.350,0.056,237.270,5.600,0.000,0.000,18.0
2008-10-08,12:12:00,1.352,0.058,237.550,5.600,0.000,0.000,18.0
2008-10-08,12:13:00,1.356,0.058,237.870,5.600,0.000,0.000,18.0
2008-10-08,12:14:00,1.364,0.060,238.720,5.600,0.000,0.000,18.0
2008-10-08,12:15:00,1.356,0.058,237.960,5.600,0.000,0.000,18.0
2008-10-08,12:16:00,1.348,0.052,237.320,5.600,0.000,0.000,18.0
2008-10-08,12:17:00,1.300,0.000,237.690,5.400,0.000,0.000,18.0
2008-10-08,12:18:00,1.282,0.000,237.030,5.400,0.000,0.000,17.0
2008-10-08,12:19:00,1.286,0.000,237.420,5.400,0.000,0.000,18.0
2008-10-08,12:20:00,1.294,0.000,237.600,5.400,0.000,0.000,18.0
2008-10-08,12:21:00,1.404,0.088,237.330,5.800,0.000,0.000,18.0
2008-10-08,12:22:00,1.398,0.088,237.790,5.800,0.000,0.000,18.0
2008-10-08,12:23:00,1.404,0.090,238.610,5.800,0.000,0.000,18.0
2008-10-08,12:24:00,1.402,0.090,238.570,5.800,0.000,0.000,18.0
2008-10-08,12:25:00,1.398,0.090,238.450,5.800,0.000,0.000,18.0
2008-10-08,12:26:00,1.404,0.090,238.610,5.800,0.000,0.000,18.0
2008-10-08,12:27:00,1.388,0.088,237.740,5.800,0.000,0.000,18.0
2008-10-08,12:28:00,1.400,0.092,238.820,5.800,0.000,0.000,18.0
2008-10-08,12:29:00,1.400,0.092,239.020,5.800,0.000,0.000,19.0
2008-10-08,12:30:00,1.400,0.092,239.010,5.800,0.000,0.000,18.0
2008-10-08,12:31:00,1.400,0.092,239.250,5.800,0.000,0.000,18.0
2008-10-08,12:32:00,1.398,0.092,239.100,5.800,0.000,0.000,18.0
2008-10-08,12:33:00,1.398,0.092,239.130,5.800,0.000,0.000,18.0
2008-10-08,12:34:00,1.398,0.092,239.170,5.800,0.000,0.000,18.0
2008-10-08,12:35:00,1.402,0.094,238.840,5.800,0.000,0.000,18.0
2008-10-08,12:36:00,1.404,0.088,238.480,5.800,0.000,0.000,18.0
2008-10-08,12:37:00,2.714,0.074,236.750,12.200,0.000,18.000,18.0
2008-10-08,12:38:00,4.356,0.050,235.540,18.600,0.000,36.000,18.0
2008-10-08,12:39:00,3.862,0.000,236.330,16.400,0.000,36.000,18.0
2008-10-08,12:40:00,4.098,0.000,236.570,17.400,0.000,37.000,17.0
2008-10-08,12:41:00,3.490,0.054,237.590,14.600,0.000,36.000,18.0
2008-10-08,12:42:00,3.480,0.054,237.290,14.600,0.000,36.000,18.0
2008-10-08,12:43:00,3.462,0.056,236.730,14.600,0.000,36.000,18.0
2008-10-08,12:44:00,2.308,0.046,238.080,10.600,0.000,20.000,18.0
2008-10-08,12:45:00,1.370,0.000,239.460,5.600,0.000,0.000,18.0
2008-10-08,12:46:00,3.344,0.046,237.740,14.200,0.000,30.000,18.0
2008-10-08,12:47:00,3.558,0.000,237.580,14.800,0.000,36.000,18.0
2008-10-08,12:48:00,1.392,0.060,239.050,5.800,0.000,3.000,18.0
2008-10-08,12:49:00,1.382,0.060,238.840,5.800,0.000,0.000,18.0
2008-10-08,12:50:00,1.382,0.060,238.920,5.800,0.000,0.000,18.0
2008-10-08,12:51:00,1.380,0.060,238.910,5.800,0.000,0.000,18.0
2008-10-08,12:52:00,1.380,0.060,238.950,5.800,0.000,0.000,19.0
2008-10-08,12:53:00,1.386,0.062,239.660,5.800,0.000,0.000,18.0
2008-10-08,12:54:00,1.404,0.088,239.910,5.800,0.000,1.000,18.0
2008-10-08,12:55:00,1.446,0.106,239.110,6.000,0.000,1.000,18.0
2008-10-08,12:56:00,1.376,0.078,238.350,5.800,0.000,0.000,18.0
2008-10-08,12:57:00,1.380,0.062,238.540,5.800,0.000,0.000,18.0
2008-10-08,12:58:00,1.376,0.060,238.760,5.600,0.000,1.000,18.0
2008-10-08,12:59:00,1.380,0.062,239.250,5.600,0.000,0.000,19.0
2008-10-08,13:00:00,1.330,0.000,239.240,5.400,0.000,0.000,18.0
2008-10-08,13:01:00,1.310,0.000,238.400,5.400,0.000,0.000,18.0
2008-10-08,13:02:00,1.314,0.000,238.360,5.400,0.000,0.000,18.0
2008-10-08,13:03:00,1.408,0.000,238.360,5.800,0.000,1.000,18.0
2008-10-08,13:04:00,1.424,0.000,238.740,6.000,0.000,1.000,18.0
2008-10-08,13:05:00,1.476,0.088,239.160,6.200,0.000,0.000,18.0
2008-10-08,13:06:00,1.462,0.080,239.010,6.000,0.000,0.000,18.0
2008-10-08,13:07:00,1.466,0.082,239.570,6.000,0.000,0.000,18.0
2008-10-08,13:08:00,1.458,0.082,239.330,6.000,0.000,0.000,19.0
2008-10-08,13:09:00,1.446,0.080,238.590,6.000,0.000,0.000,18.0
2008-10-08,13:10:00,1.452,0.088,238.880,6.000,0.000,1.000,18.0
2008-10-08,13:11:00,1.470,0.098,238.630,6.200,0.000,0.000,18.0
2008-10-08,13:12:00,1.656,0.134,238.470,7.000,0.000,3.000,18.0
2008-10-08,13:13:00,1.660,0.138,239.240,6.800,0.000,4.000,18.0
2008-10-08,13:14:00,1.620,0.136,239.380,6.800,0.000,4.000,18.0
2008-10-08,13:15:00,1.460,0.102,240.110,6.000,0.000,0.000,19.0
2008-10-08,13:16:00,1.470,0.100,240.330,6.000,0.000,0.000,18.0
2008-10-08,13:17:00,1.540,0.212,240.890,6.400,0.000,1.000,18.0
2008-10-08,13:18:00,1.528,0.210,240.210,6.400,0.000,2.000,19.0
2008-10-08,13:19:00,1.526,0.210,240.190,6.400,0.000,1.000,18.0
2008-10-08,13:20:00,1.690,0.204,239.320,7.000,0.000,2.000,18.0
2008-10-08,13:21:00,1.550,0.204,239.160,6.400,0.000,1.000,18.0
2008-10-08,13:22:00,1.436,0.082,239.740,6.000,0.000,2.000,18.0
2008-10-08,13:23:00,1.432,0.074,239.820,6.000,0.000,1.000,19.0
2008-10-08,13:24:00,1.890,0.164,238.990,8.000,0.000,2.000,25.0
2008-10-08,13:25:00,2.034,0.188,239.230,8.400,0.000,1.000,28.0
2008-10-08,13:26:00,2.058,0.186,239.020,8.600,0.000,2.000,29.0
2008-10-08,13:27:00,2.072,0.184,238.760,8.600,0.000,1.000,29.0
2008-10-08,13:28:00,2.140,0.252,238.500,9.000,0.000,1.000,29.0
2008-10-08,13:29:00,1.598,0.194,239.500,6.800,0.000,2.000,21.0
2008-10-08,13:30:00,1.502,0.180,240.180,6.200,0.000,1.000,18.0
2008-10-08,13:31:00,1.498,0.178,240.010,6.200,0.000,1.000,18.0
2008-10-08,13:32:00,1.492,0.178,239.840,6.200,0.000,2.000,18.0
2008-10-08,13:33:00,1.494,0.178,240.140,6.200,0.000,1.000,19.0
2008-10-08,13:34:00,0.686,0.190,240.960,3.400,0.000,1.000,6.0
2008-10-08,13:35:00,0.430,0.190,240.810,2.000,0.000,2.000,1.0
2008-10-08,13:36:00,0.430,0.190,240.880,2.000,0.000,1.000,0.0
2008-10-08,13:37:00,0.418,0.176,240.580,1.800,0.000,1.000,1.0
2008-10-08,13:38:00,0.350,0.070,240.890,1.400,0.000,0.000,1.0
2008-10-08,13:39:00,0.348,0.070,240.430,1.400,0.000,0.000,0.0
2008-10-08,13:40:00,0.350,0.070,240.670,1.400,0.000,0.000,1.0
2008-10-08,13:41:00,0.308,0.000,241.190,1.200,0.000,0.000,0.0
2008-10-08,13:42:00,0.280,0.000,241.160,1.200,0.000,0.000,1.0
2008-10-08,13:43:00,0.280,0.000,241.370,1.200,0.000,0.000,1.0
2008-10-08,13:44:00,0.272,0.000,241.110,1.200,0.000,0.000,0.0
2008-10-08,13:45:00,0.262,0.000,241.150,1.000,0.000,0.000,1.0
2008-10-08,13:46:00,0.260,0.000,240.930,1.000,0.000,0.000,1.0
2008-10-08,13:47:00,0.262,0.000,241.270,1.000,0.000,0.000,0.0
2008-10-08,13:48:00,0.324,0.000,241.270,1.400,0.000,0.000,1.0
2008-10-08,13:49:00,0.372,0.102,241.070,1.600,0.000,0.000,1.0
2008-10-08,13:50:00,0.368,0.102,241.220,1.600,0.000,0.000,0.0
2008-10-08,13:51:00,0.368,0.104,241.800,1.600,0.000,0.000,1.0
2008-10-08,13:52:00,0.364,0.102,240.830,1.600,0.000,0.000,1.0
2008-10-08,13:53:00,0.364,0.102,240.980,1.600,0.000,0.000,0.0
2008-10-08,13:54:00,0.400,0.102,241.250,1.600,0.000,0.000,1.0
2008-10-08,13:55:00,0.654,0.094,240.230,2.600,0.000,0.000,1.0
2008-10-08,13:56:00,0.658,0.098,241.130,2.600,0.000,0.000,0.0
2008-10-08,13:57:00,0.772,0.146,242.100,3.200,0.000,1.000,1.0
2008-10-08,13:58:00,2.628,0.128,239.290,11.400,0.000,30.000,1.0
2008-10-08,13:59:00,2.654,0.146,238.450,11.400,0.000,37.000,0.0
2008-10-08,14:00:00,2.338,0.108,237.210,10.400,0.000,28.000,1.0
2008-10-08,14:01:00,2.552,0.122,236.600,10.800,0.000,36.000,1.0
2008-10-08,14:02:00,2.710,0.100,236.910,13.200,0.000,37.000,0.0
2008-10-08,14:03:00,4.712,0.110,234.950,20.000,0.000,72.000,1.0
2008-10-08,14:04:00,4.714,0.094,235.520,20.000,0.000,72.000,1.0
2008-10-08,14:05:00,4.700,0.108,235.010,20.000,0.000,72.000,0.0
2008-10-08,14:06:00,4.612,0.000,235.430,19.600,0.000,72.000,1.0
2008-10-08,14:07:00,4.656,0.000,236.200,19.600,0.000,73.000,0.0
2008-10-08,14:08:00,4.598,0.000,234.770,19.600,0.000,72.000,1.0
2008-10-08,14:09:00,4.648,0.000,235.850,19.600,0.000,72.000,1.0
2008-10-08,14:10:00,4.696,0.000,237.490,19.600,0.000,73.000,0.0
2008-10-08,14:11:00,4.754,0.000,237.230,20.000,0.000,74.000,1.0
2008-10-08,14:12:00,2.640,0.090,240.910,10.800,0.000,40.000,1.0
2008-10-08,14:13:00,2.872,0.110,241.440,12.200,0.000,40.000,0.0
2008-10-08,14:14:00,3.690,0.110,240.050,16.000,0.000,58.000,1.0
2008-10-08,14:15:00,2.636,0.156,241.450,10.800,0.000,38.000,1.0
2008-10-08,14:16:00,2.610,0.138,241.310,10.800,0.000,38.000,0.0
2008-10-08,14:17:00,2.654,0.124,241.890,10.800,0.000,38.000,1.0
2008-10-08,14:18:00,2.646,0.102,241.500,10.800,0.000,39.000,1.0
2008-10-08,14:19:00,2.654,0.114,240.800,11.000,0.000,38.000,0.0
2008-10-08,14:20:00,2.636,0.102,240.260,10.800,0.000,39.000,1.0
2008-10-08,14:21:00,2.410,0.162,240.870,10.200,0.000,36.000,0.0
2008-10-08,14:22:00,1.446,0.160,242.450,6.000,0.000,18.000,1.0
2008-10-08,14:23:00,2.606,0.114,242.060,10.600,0.000,37.000,1.0
2008-10-08,14:24:00,2.584,0.000,242.790,10.600,0.000,38.000,0.0
2008-10-08,14:25:00,1.934,0.000,244.210,8.200,0.000,29.000,1.0
2008-10-08,14:26:00,1.852,0.000,242.810,8.000,0.000,25.000,1.0
2008-10-08,14:27:00,2.586,0.000,241.070,10.600,0.000,39.000,0.0
2008-10-08,14:28:00,2.566,0.000,241.030,10.600,0.000,38.000,1.0
2008-10-08,14:29:00,1.492,0.064,242.100,6.400,0.000,22.000,1.0
2008-10-08,14:30:00,2.442,0.076,241.360,10.400,0.000,35.000,0.0
2008-10-08,14:31:00,2.800,0.086,241.160,11.600,0.000,42.000,1.0
2008-10-08,14:32:00,1.754,0.098,242.330,7.400,0.000,26.000,1.0
2008-10-08,14:33:00,2.562,0.230,242.030,10.800,0.000,35.000,0.0
2008-10-08,14:34:00,2.812,0.200,241.780,11.600,0.000,41.000,1.0
2008-10-08,14:35:00,1.416,0.180,243.190,5.800,0.000,18.000,1.0
2008-10-08,14:36:00,2.438,0.136,241.100,10.200,0.000,33.000,0.0
2008-10-08,14:37:00,2.124,0.158,240.900,9.200,0.000,31.000,1.0
2008-10-08,14:38:00,1.678,0.144,241.250,7.200,0.000,21.000,1.0
2008-10-08,14:39:00,2.614,0.154,240.960,10.800,0.000,37.000,0.0
2008-10-08,14:40:00,2.028,0.132,239.430,8.800,0.000,29.000,1.0
2008-10-08,14:41:00,1.718,0.150,238.830,7.600,0.000,22.000,1.0
2008-10-08,14:42:00,2.644,0.210,239.130,11.000,0.000,37.000,0.0
2008-10-08,14:43:00,1.672,0.276,239.920,7.200,0.000,24.000,1.0
2008-10-08,14:44:00,2.240,0.248,239.420,9.600,0.000,30.000,1.0
2008-10-08,14:45:00,2.202,0.266,239.320,9.600,0.000,32.000,0.0
2008-10-08,14:46:00,1.726,0.256,239.990,7.600,0.000,21.000,1.0
2008-10-08,14:47:00,2.666,0.262,239.450,11.000,0.000,39.000,1.0
2008-10-08,14:48:00,1.600,0.260,240.570,6.800,0.000,22.000,0.0
2008-10-08,14:49:00,2.326,0.264,240.120,10.000,0.000,32.000,1.0
2008-10-08,14:50:00,1.760,0.126,240.890,7.600,0.000,26.000,1.0
2008-10-08,14:51:00,1.990,0.140,240.310,8.600,0.000,27.000,0.0
2008-10-08,14:52:00,1.956,0.122,240.650,8.400,0.000,30.000,1.0
2008-10-08,14:53:00,1.814,0.146,241.150,7.800,0.000,24.000,1.0
2008-10-08,14:54:00,2.120,0.224,240.430,9.200,0.000,31.000,0.0
2008-10-08,14:55:00,1.798,0.250,241.080,7.800,0.000,23.000,1.0
2008-10-08,14:56:00,2.024,0.230,241.290,8.800,0.000,30.000,1.0
2008-10-08,14:57:00,1.882,0.254,241.750,8.200,0.000,24.000,0.0
2008-10-08,14:58:00,2.048,0.228,240.790,8.800,0.000,30.000,1.0
2008-10-08,14:59:00,1.846,0.250,241.210,8.000,0.000,24.000,1.0
2008-10-08,15:00:00,1.874,0.228,240.680,8.200,0.000,27.000,0.0
2008-10-08,15:01:00,1.914,0.242,241.040,8.400,0.000,25.000,1.0
2008-10-08,15:02:00,1.680,0.232,241.200,7.200,0.000,24.000,0.0
2008-10-08,15:03:00,1.952,0.234,240.370,9.000,0.000,25.000,1.0
2008-10-08,15:04:00,1.432,0.234,241.150,6.000,0.000,20.000,1.0
2008-10-08,15:05:00,1.908,0.234,240.190,8.800,0.000,25.000,0.0
2008-10-08,15:06:00,1.478,0.130,240.870,6.200,0.000,21.000,1.0
2008-10-08,15:07:00,1.760,0.138,241.180,8.200,0.000,24.000,1.0
2008-10-08,15:08:00,1.540,0.130,241.400,6.600,0.000,23.000,0.0
2008-10-08,15:09:00,1.984,0.202,240.520,9.400,0.000,21.000,6.0
2008-10-08,15:10:00,2.188,0.184,240.590,9.400,0.000,24.000,11.0
2008-10-08,15:11:00,2.176,0.138,240.370,9.600,0.000,19.000,12.0
2008-10-08,15:12:00,2.240,0.122,239.920,9.600,0.000,23.000,12.0
2008-10-08,15:13:00,2.192,0.140,240.860,9.800,0.000,19.000,12.0
2008-10-08,15:14:00,1.786,0.050,241.610,8.000,0.000,23.000,5.0
2008-10-08,15:15:00,1.522,0.000,241.530,7.200,0.000,19.000,1.0
2008-10-08,15:16:00,1.400,0.000,241.490,6.000,0.000,21.000,1.0
2008-10-08,15:17:00,1.504,0.000,241.160,7.200,0.000,21.000,0.0
2008-10-08,15:18:00,1.544,0.000,241.290,6.800,0.000,19.000,1.0
2008-10-08,15:19:00,1.368,0.152,241.230,6.400,0.000,18.000,1.0
2008-10-08,15:20:00,1.892,0.138,240.870,8.200,0.000,26.000,0.0
2008-10-08,15:21:00,0.674,0.164,242.310,3.000,0.000,6.000,1.0
2008-10-08,15:22:00,0.602,0.158,242.240,2.400,0.000,4.000,1.0
2008-10-08,15:23:00,0.582,0.168,242.240,2.400,0.000,3.000,0.0
2008-10-08,15:24:00,0.584,0.156,242.490,2.400,0.000,4.000,1.0
2008-10-08,15:25:00,0.586,0.168,242.450,2.400,0.000,4.000,1.0
2008-10-08,15:26:00,0.578,0.160,243.150,2.400,0.000,3.000,0.0
2008-10-08,15:27:00,0.590,0.172,242.530,2.400,0.000,5.000,1.0
2008-10-08,15:28:00,0.564,0.156,242.530,2.400,0.000,3.000,1.0
2008-10-08,15:29:00,0.400,0.122,243.180,1.800,0.000,1.000,0.0
2008-10-08,15:30:00,0.356,0.110,243.140,1.400,0.000,0.000,1.0
2008-10-08,15:31:00,0.378,0.116,243.670,1.600,0.000,0.000,1.0
2008-10-08,15:32:00,0.364,0.112,243.370,1.600,0.000,0.000,0.0
2008-10-08,15:33:00,0.368,0.112,242.860,1.600,0.000,1.000,1.0
2008-10-08,15:34:00,0.374,0.112,242.880,1.600,0.000,0.000,1.0
2008-10-08,15:35:00,0.354,0.106,242.650,1.400,0.000,0.000,0.0
2008-10-08,15:36:00,0.368,0.078,242.580,1.600,0.000,0.000,1.0
2008-10-08,15:37:00,0.336,0.078,243.080,1.400,0.000,0.000,1.0
2008-10-08,15:38:00,0.356,0.082,243.320,1.400,0.000,1.000,0.0
2008-10-08,15:39:00,0.338,0.080,243.980,1.400,0.000,0.000,1.0
2008-10-08,15:40:00,0.354,0.082,243.210,1.400,0.000,0.000,1.0
2008-10-08,15:41:00,0.332,0.076,242.600,1.400,0.000,0.000,0.0
2008-10-08,15:42:00,0.352,0.080,242.710,1.400,0.000,0.000,1.0
2008-10-08,15:43:00,0.330,0.076,242.330,1.400,0.000,0.000,1.0
2008-10-08,15:44:00,0.348,0.078,242.080,1.400,0.000,1.000,0.0
2008-10-08,15:45:00,0.328,0.074,241.900,1.400,0.000,0.000,1.0
2008-10-08,15:46:00,0.346,0.078,241.890,1.400,0.000,0.000,1.0
2008-10-08,15:47:00,0.326,0.074,242.090,1.400,0.000,0.000,0.0
2008-10-08,15:48:00,0.290,0.000,241.730,1.200,0.000,0.000,1.0
2008-10-08,15:49:00,0.256,0.000,241.870,1.000,0.000,0.000,1.0
2008-10-08,15:50:00,0.276,0.000,241.670,1.200,0.000,1.000,0.0
2008-10-08,15:51:00,0.258,0.000,242.340,1.000,0.000,0.000,1.0
2008-10-08,15:52:00,0.278,0.000,242.470,1.200,0.000,0.000,1.0
2008-10-08,15:53:00,0.258,0.000,242.150,1.000,0.000,0.000,0.0
2008-10-08,15:54:00,0.276,0.000,241.960,1.200,0.000,0.000,1.0
2008-10-08,15:55:00,0.258,0.000,241.970,1.000,0.000,0.000,1.0
2008-10-08,15:56:00,0.278,0.000,242.590,1.200,0.000,1.000,0.0
2008-10-08,15:57:00,0.258,0.000,242.610,1.000,0.000,0.000,1.0
2008-10-08,15:58:00,0.278,0.000,242.710,1.200,0.000,0.000,1.0
2008-10-08,15:59:00,0.258,0.000,242.080,1.000,0.000,0.000,0.0
2008-10-08,16:00:00,0.280,0.000,242.200,1.200,0.000,0.000,1.0
2008-10-08,16:01:00,0.258,0.000,242.470,1.000,0.000,0.000,1.0
2008-10-08,16:02:00,0.278,0.000,242.660,1.200,0.000,1.000,0.0
2008-10-08,16:03:00,0.326,0.000,242.670,1.400,0.000,0.000,1.0
2008-10-08,16:04:00,0.380,0.110,242.820,1.600,0.000,0.000,1.0
2008-10-08,16:05:00,0.388,0.114,243.070,1.600,0.000,0.000,0.0
2008-10-08,16:06:00,0.368,0.112,243.880,1.600,0.000,0.000,1.0
2008-10-08,16:07:00,0.386,0.116,243.800,1.600,0.000,0.000,1.0
2008-10-08,16:08:00,0.362,0.104,242.030,1.600,0.000,0.000,0.0
2008-10-08,16:09:00,0.382,0.116,243.600,1.600,0.000,1.000,1.0
2008-10-08,16:10:00,0.360,0.110,243.060,1.600,0.000,0.000,1.0
2008-10-08,16:11:00,0.380,0.116,243.620,1.600,0.000,0.000,0.0
2008-10-08,16:12:00,0.358,0.110,243.240,1.400,0.000,0.000,1.0
2008-10-08,16:13:00,0.376,0.114,242.890,1.600,0.000,0.000,1.0
2008-10-08,16:14:00,0.432,0.194,243.870,2.000,0.000,2.000,0.0
2008-10-08,16:15:00,0.468,0.240,243.400,2.200,0.000,1.000,1.0
2008-10-08,16:16:00,0.530,0.330,243.470,2.600,0.000,2.000,1.0
2008-10-08,16:17:00,0.542,0.348,243.580,2.600,0.000,2.000,0.0
2008-10-08,16:18:00,0.522,0.344,243.800,2.600,0.000,1.000,1.0
2008-10-08,16:19:00,0.540,0.348,243.640,2.600,0.000,2.000,1.0
2008-10-08,16:20:00,0.472,0.274,243.380,2.200,0.000,2.000,0.0
2008-10-08,16:21:00,0.442,0.212,243.900,2.000,0.000,2.000,1.0
2008-10-08,16:22:00,0.420,0.206,243.780,1.800,0.000,1.000,1.0
2008-10-08,16:23:00,0.436,0.208,243.330,2.000,0.000,2.000,0.0
2008-10-08,16:24:00,0.416,0.208,244.040,1.800,0.000,1.000,1.0
2008-10-08,16:25:00,0.434,0.212,244.150,2.000,0.000,2.000,1.0
2008-10-08,16:26:00,0.414,0.208,244.250,1.800,0.000,1.000,0.0
2008-10-08,16:27:00,0.430,0.210,243.590,2.000,0.000,2.000,1.0
2008-10-08,16:28:00,0.446,0.176,243.460,2.000,0.000,2.000,1.0
2008-10-08,16:29:00,0.564,0.164,243.340,2.400,0.000,6.000,0.0
2008-10-08,16:30:00,0.560,0.164,242.910,2.400,0.000,5.000,1.0
2008-10-08,16:31:00,0.560,0.162,243.360,2.400,0.000,5.000,1.0
2008-10-08,16:32:00,0.552,0.160,242.050,2.400,0.000,5.000,0.0
2008-10-08,16:33:00,0.554,0.158,242.440,2.400,0.000,5.000,1.0
2008-10-08,16:34:00,0.552,0.164,242.520,2.400,0.000,4.000,1.0
2008-10-08,16:35:00,0.552,0.156,242.380,2.200,0.000,5.000,0.0
2008-10-08,16:36:00,0.486,0.128,242.660,2.000,0.000,5.000,1.0
2008-10-08,16:37:00,0.258,0.000,242.650,1.000,0.000,0.000,1.0
2008-10-08,16:38:00,0.278,0.000,242.870,1.200,0.000,0.000,0.0
2008-10-08,16:39:00,0.512,0.000,242.900,2.000,0.000,0.000,1.0
2008-10-08,16:40:00,0.562,0.000,242.660,2.200,0.000,0.000,1.0
2008-10-08,16:41:00,0.562,0.000,243.150,2.200,0.000,0.000,1.0
2008-10-08,16:42:00,0.668,0.000,243.060,2.800,0.000,2.000,0.0
2008-10-08,16:43:00,2.788,0.000,240.900,11.600,0.000,33.000,1.0
2008-10-08,16:44:00,2.594,0.000,241.490,11.200,0.000,34.000,0.0
2008-10-08,16:45:00,2.580,0.000,240.990,11.000,0.000,31.000,1.0
2008-10-08,16:46:00,3.084,0.130,240.050,13.000,0.000,37.000,10.0
2008-10-08,16:47:00,2.888,0.130,241.180,12.400,0.000,29.000,11.0
2008-10-08,16:48:00,3.402,0.278,240.680,14.200,0.000,37.000,12.0
2008-10-08,16:49:00,3.406,0.268,241.390,14.000,0.000,37.000,12.0
2008-10-08,16:50:00,3.378,0.278,241.480,14.000,0.000,37.000,12.0
2008-10-08,16:51:00,2.732,0.142,242.170,11.200,0.000,38.000,0.0
2008-10-08,16:52:00,2.740,0.160,242.100,11.200,0.000,37.000,1.0
2008-10-08,16:53:00,2.482,0.142,241.850,10.400,0.000,35.000,1.0
2008-10-08,16:54:00,1.544,0.174,242.620,6.400,0.000,17.000,0.0
2008-10-08,16:55:00,2.708,0.136,241.010,11.200,0.000,37.000,1.0
2008-10-08,16:56:00,1.734,0.172,242.650,7.400,0.000,22.000,1.0
2008-10-08,16:57:00,2.294,0.144,242.180,9.800,0.000,29.000,0.0
2008-10-08,16:58:00,2.096,0.166,242.170,9.000,0.000,29.000,1.0
2008-10-08,16:59:00,2.006,0.220,241.780,8.600,0.000,23.000,1.0
2008-10-08,17:00:00,2.310,0.266,241.940,9.800,0.000,30.000,0.0
2008-10-08,17:01:00,1.868,0.254,242.350,8.000,0.000,21.000,1.0
2008-10-08,17:02:00,2.808,0.264,242.080,11.600,0.000,38.000,1.0
2008-10-08,17:03:00,1.626,0.244,240.260,6.800,0.000,19.000,0.0
2008-10-08,17:04:00,2.440,0.216,239.080,10.400,0.000,31.000,1.0
2008-10-08,17:05:00,1.464,0.114,240.800,6.000,0.000,18.000,1.0
2008-10-08,17:06:00,2.274,0.120,239.340,9.800,0.000,31.000,0.0
2008-10-08,17:07:00,1.436,0.112,240.280,6.000,0.000,17.000,1.0
2008-10-08,17:08:00,2.222,0.118,239.300,9.600,0.000,29.000,1.0
2008-10-08,17:09:00,1.676,0.104,239.330,7.200,0.000,20.000,0.0
2008-10-08,17:10:00,1.808,0.124,239.730,7.800,0.000,24.000,1.0
2008-10-08,17:11:00,2.046,0.000,239.820,8.800,0.000,26.000,1.0
2008-10-08,17:12:00,1.382,0.000,240.370,5.600,0.000,18.000,0.0
2008-10-08,17:13:00,2.008,0.000,240.040,8.600,0.000,28.000,1.0
2008-10-08,17:14:00,1.618,0.000,240.780,7.000,0.000,19.000,1.0
2008-10-08,17:15:00,1.654,0.000,240.800,7.400,0.000,23.000,0.0
2008-10-08,17:16:00,1.898,0.000,240.030,8.200,0.000,25.000,1.0
2008-10-08,17:17:00,1.150,0.000,241.340,5.000,0.000,13.000,1.0
2008-10-08,17:18:00,1.996,0.000,240.570,8.600,0.000,27.000,0.0
2008-10-08,17:19:00,1.292,0.000,241.290,5.800,0.000,14.000,1.0
2008-10-08,17:20:00,1.918,0.000,240.960,8.200,0.000,27.000,1.0
2008-10-08,17:21:00,1.366,0.000,240.240,6.400,0.000,18.000,0.0
2008-10-08,17:22:00,1.918,0.000,239.380,8.400,0.000,25.000,1.0
2008-10-08,17:23:00,1.462,0.000,240.280,6.600,0.000,19.000,0.0
2008-10-08,17:24:00,1.834,0.000,239.010,8.200,0.000,23.000,1.0
2008-10-08,17:25:00,1.556,0.000,239.300,7.000,0.000,21.000,1.0
2008-10-08,17:26:00,1.680,0.000,239.640,7.600,0.000,21.000,0.0
2008-10-08,17:27:00,1.562,0.000,239.220,7.000,0.000,23.000,1.0
2008-10-08,17:28:00,1.892,0.000,238.540,8.600,0.000,26.000,1.0
2008-10-08,17:29:00,1.256,0.000,239.180,5.200,0.000,17.000,0.0
2008-10-08,17:30:00,2.192,0.072,237.830,10.400,0.000,27.000,1.0
2008-10-08,17:31:00,2.446,0.000,237.760,10.200,0.000,36.000,1.0
2008-10-08,17:32:00,1.988,0.068,238.010,9.200,0.000,28.000,0.0
2008-10-08,17:33:00,2.556,0.120,237.920,10.600,0.000,36.000,1.0
2008-10-08,17:34:00,1.260,0.146,239.060,5.800,0.000,17.000,1.0
2008-10-08,17:35:00,1.524,0.188,239.570,7.200,0.000,20.000,0.0
2008-10-08,17:36:00,0.666,0.292,241.060,3.000,0.000,5.000,1.0
2008-10-08,17:37:00,0.792,0.252,240.610,3.400,0.000,5.000,1.0
2008-10-08,17:38:00,0.816,0.226,237.820,3.600,0.000,5.000,0.0
2008-10-08,17:39:00,0.838,0.212,237.450,3.600,0.000,5.000,1.0
2008-10-08,17:40:00,0.822,0.238,239.820,3.600,0.000,5.000,0.0
2008-10-08,17:41:00,0.842,0.230,240.210,3.600,0.000,5.000,1.0
2008-10-08,17:42:00,0.882,0.304,240.210,3.800,0.000,5.000,1.0
2008-10-08,17:43:00,0.838,0.314,240.210,3.600,0.000,4.000,0.0
2008-10-08,17:44:00,0.686,0.282,239.770,3.000,0.000,2.000,1.0
2008-10-08,17:45:00,0.704,0.286,239.810,3.200,0.000,1.000,1.0
2008-10-08,17:46:00,0.680,0.280,239.370,3.000,0.000,2.000,0.0
2008-10-08,17:47:00,0.696,0.284,239.450,3.200,0.000,2.000,1.0
2008-10-08,17:48:00,0.674,0.282,239.770,3.000,0.000,1.000,1.0
2008-10-08,17:49:00,0.620,0.186,239.960,2.600,0.000,2.000,0.0
2008-10-08,17:50:00,0.578,0.152,240.320,2.400,0.000,1.000,1.0
2008-10-08,17:51:00,0.592,0.156,240.030,2.600,0.000,2.000,1.0
2008-10-08,17:52:00,0.572,0.154,240.370,2.400,0.000,1.000,0.0
2008-10-08,17:53:00,0.592,0.160,240.970,2.600,0.000,2.000,1.0
2008-10-08,17:54:00,0.516,0.072,241.020,2.200,0.000,1.000,1.0
2008-10-08,17:55:00,0.524,0.056,240.830,2.200,0.000,1.000,0.0
2008-10-08,17:56:00,0.504,0.052,241.040,2.000,0.000,2.000,1.0
2008-10-08,17:57:00,0.520,0.052,239.820,2.200,0.000,1.000,1.0
2008-10-08,17:58:00,0.500,0.050,240.010,2.000,0.000,2.000,0.0
2008-10-08,17:59:00,0.518,0.052,240.450,2.200,0.000,1.000,1.0
2008-10-08,18:00:00,0.426,0.068,240.350,1.800,0.000,0.000,1.0
2008-10-08,18:01:00,0.444,0.064,239.760,1.800,0.000,0.000,0.0
2008-10-08,18:02:00,0.436,0.068,238.180,1.800,0.000,0.000,1.0
2008-10-08,18:03:00,0.466,0.064,238.460,2.000,0.000,1.000,1.0
2008-10-08,18:04:00,0.498,0.064,237.710,2.200,0.000,0.000,0.0
2008-10-08,18:05:00,0.484,0.068,238.090,2.200,0.000,0.000,1.0
2008-10-08,18:06:00,0.506,0.064,238.170,2.200,0.000,0.000,0.0
2008-10-08,18:07:00,0.486,0.066,238.260,2.200,0.000,0.000,1.0
2008-10-08,18:08:00,0.502,0.062,238.340,2.200,0.000,1.000,1.0
2008-10-08,18:09:00,0.474,0.066,237.600,2.000,0.000,0.000,0.0
2008-10-08,18:10:00,0.494,0.062,238.100,2.200,0.000,0.000,1.0
2008-10-08,18:11:00,0.472,0.066,238.070,2.000,0.000,0.000,1.0
2008-10-08,18:12:00,0.490,0.062,237.720,2.200,0.000,0.000,0.0
2008-10-08,18:13:00,0.482,0.066,238.010,2.000,0.000,0.000,1.0
2008-10-08,18:14:00,0.490,0.062,237.690,2.200,0.000,1.000,1.0
2008-10-08,18:15:00,0.474,0.064,238.330,2.000,0.000,0.000,0.0
2008-10-08,18:16:00,0.494,0.062,237.470,2.200,0.000,0.000,1.0
2008-10-08,18:17:00,0.558,0.000,236.300,2.400,0.000,0.000,1.0
2008-10-08,18:18:00,0.602,0.062,236.820,2.600,0.000,0.000,0.0
2008-10-08,18:19:00,0.578,0.058,236.610,2.400,0.000,0.000,1.0
2008-10-08,18:20:00,0.596,0.064,236.900,2.600,0.000,1.000,0.0
2008-10-08,18:21:00,0.710,0.088,237.440,3.200,0.000,0.000,3.0
2008-10-08,18:22:00,1.208,0.178,237.940,5.200,0.000,0.000,10.0
2008-10-08,18:23:00,1.212,0.174,238.170,5.200,0.000,0.000,12.0
2008-10-08,18:24:00,1.258,0.176,237.940,5.400,0.000,0.000,11.0
2008-10-08,18:25:00,1.284,0.204,237.690,5.400,0.000,0.000,12.0
2008-10-08,18:26:00,1.100,0.232,237.210,5.000,0.000,1.000,9.0
2008-10-08,18:27:00,0.648,0.164,238.260,2.800,0.000,0.000,0.0
2008-10-08,18:28:00,0.666,0.164,237.460,3.000,0.000,0.000,1.0
2008-10-08,18:29:00,0.642,0.162,237.640,2.800,0.000,0.000,1.0
2008-10-08,18:30:00,0.654,0.166,237.560,2.800,0.000,0.000,0.0
2008-10-08,18:31:00,0.638,0.162,237.440,2.800,0.000,0.000,1.0
2008-10-08,18:32:00,0.644,0.164,237.390,2.800,0.000,1.000,0.0
2008-10-08,18:33:00,0.648,0.168,238.050,2.800,0.000,0.000,1.0
2008-10-08,18:34:00,0.540,0.000,237.520,2.400,0.000,0.000,1.0
2008-10-08,18:35:00,0.550,0.000,237.630,2.400,0.000,0.000,0.0
2008-10-08,18:36:00,0.528,0.000,237.980,2.200,0.000,0.000,1.0
2008-10-08,18:37:00,0.456,0.000,237.730,2.000,0.000,1.000,1.0
2008-10-08,18:38:00,0.400,0.062,237.690,1.800,0.000,0.000,0.0
2008-10-08,18:39:00,0.416,0.058,237.950,1.800,0.000,0.000,1.0
2008-10-08,18:40:00,0.276,0.000,238.450,1.200,0.000,0.000,1.0
2008-10-08,18:41:00,0.284,0.000,238.250,1.200,0.000,0.000,0.0
2008-10-08,18:42:00,0.270,0.000,239.140,1.200,0.000,0.000,1.0
2008-10-08,18:43:00,0.464,0.000,238.130,2.000,0.000,3.000,1.0
2008-10-08,18:44:00,0.480,0.000,238.430,2.000,0.000,4.000,0.0
2008-10-08,18:45:00,0.474,0.000,238.450,2.000,0.000,3.000,1.0
2008-10-08,18:46:00,0.466,0.000,238.350,1.800,0.000,4.000,0.0
2008-10-08,18:47:00,0.470,0.000,238.130,2.000,0.000,4.000,1.0
2008-10-08,18:48:00,0.470,0.000,238.840,1.800,0.000,3.000,1.0
2008-10-08,18:49:00,0.472,0.000,238.840,2.000,0.000,4.000,0.0
2008-10-08,18:50:00,0.464,0.000,238.450,1.800,0.000,4.000,1.0
2008-10-08,18:51:00,0.290,0.000,237.900,1.200,0.000,1.000,1.0
2008-10-08,18:52:00,0.252,0.000,240.070,1.000,0.000,0.000,0.0
2008-10-08,18:53:00,0.270,0.000,239.900,1.200,0.000,0.000,1.0
2008-10-08,18:54:00,0.250,0.000,239.480,1.000,0.000,0.000,1.0
2008-10-08,18:55:00,0.270,0.000,239.330,1.200,0.000,0.000,0.0
2008-10-08,18:56:00,0.266,0.000,240.190,1.200,0.000,0.000,1.0
2008-10-08,18:57:00,0.262,0.000,241.380,1.000,0.000,1.000,1.0
2008-10-08,18:58:00,0.308,0.000,241.970,1.400,0.000,0.000,0.0
2008-10-08,18:59:00,0.376,0.000,241.140,1.600,0.000,0.000,1.0
2008-10-08,19:00:00,0.402,0.000,240.860,1.600,0.000,0.000,1.0
2008-10-08,19:01:00,0.382,0.000,241.410,1.600,0.000,0.000,0.0
2008-10-08,19:02:00,0.492,0.094,240.580,2.200,0.000,0.000,1.0
2008-10-08,19:03:00,0.478,0.122,240.770,2.000,0.000,0.000,1.0
2008-10-08,19:04:00,0.492,0.128,240.840,2.000,0.000,1.000,0.0
2008-10-08,19:05:00,0.470,0.122,240.700,2.000,0.000,0.000,1.0
2008-10-08,19:06:00,0.514,0.144,239.940,2.400,0.000,0.000,1.0
2008-10-08,19:07:00,0.554,0.240,239.590,2.400,0.000,2.000,0.0
2008-10-08,19:08:00,0.682,0.238,239.670,3.200,0.000,2.000,1.0
2008-10-08,19:09:00,1.216,0.286,239.490,5.200,0.000,1.000,1.0
2008-10-08,19:10:00,1.228,0.288,239.110,5.200,0.000,2.000,0.0
2008-10-08,19:11:00,1.206,0.286,239.410,5.200,0.000,2.000,1.0
2008-10-08,19:12:00,1.226,0.290,239.540,5.200,0.000,1.000,0.0
2008-10-08,19:13:00,1.272,0.388,239.900,5.600,0.000,2.000,1.0
2008-10-08,19:14:00,1.272,0.316,240.300,5.400,0.000,2.000,1.0
2008-10-08,19:15:00,1.238,0.320,239.960,5.200,0.000,1.000,0.0
2008-10-08,19:16:00,1.506,0.314,239.580,6.400,0.000,2.000,1.0
2008-10-08,19:17:00,1.494,0.308,239.070,6.400,0.000,1.000,1.0
2008-10-08,19:18:00,1.584,0.290,238.830,6.600,0.000,2.000,0.0
2008-10-08,19:19:00,1.470,0.178,238.590,6.200,0.000,1.000,1.0
2008-10-08,19:20:00,1.390,0.184,238.600,5.800,0.000,2.000,1.0
2008-10-08,19:21:00,1.416,0.326,238.090,6.000,0.000,1.000,0.0
2008-10-08,19:22:00,1.502,0.354,237.120,6.400,0.000,2.000,1.0
2008-10-08,19:23:00,1.554,0.330,235.850,6.600,0.000,1.000,1.0
2008-10-08,19:24:00,1.772,0.342,235.510,7.600,0.000,2.000,0.0
2008-10-08,19:25:00,1.756,0.340,235.590,7.600,0.000,1.000,1.0
2008-10-08,19:26:00,1.562,0.332,235.090,6.800,0.000,2.000,1.0
2008-10-08,19:27:00,1.378,0.254,236.630,5.800,0.000,1.000,0.0
2008-10-08,19:28:00,1.288,0.266,239.020,5.400,0.000,1.000,1.0
2008-10-08,19:29:00,1.272,0.168,238.840,5.400,0.000,1.000,0.0
2008-10-08,19:30:00,1.528,0.142,238.420,6.400,0.000,0.000,1.0
2008-10-08,19:31:00,1.830,0.128,238.550,7.800,0.000,0.000,1.0
2008-10-08,19:32:00,2.132,0.000,238.590,9.000,0.000,0.000,0.0
2008-10-08,19:33:00,2.312,0.060,238.680,9.600,0.000,1.000,1.0
2008-10-08,19:34:00,2.110,0.000,239.700,8.800,0.000,0.000,1.0
2008-10-08,19:35:00,2.068,0.000,239.410,8.600,0.000,0.000,0.0
2008-10-08,19:36:00,2.050,0.000,239.420,8.400,0.000,0.000,1.0
2008-10-08,19:37:00,2.062,0.000,238.940,8.600,0.000,0.000,1.0
2008-10-08,19:38:00,2.044,0.000,239.090,8.400,0.000,0.000,0.0
2008-10-08,19:39:00,2.060,0.000,238.760,8.600,0.000,1.000,1.0
2008-10-08,19:40:00,2.146,0.000,238.420,9.000,0.000,0.000,1.0
2008-10-08,19:41:00,1.964,0.000,238.600,8.200,0.000,0.000,0.0
2008-10-08,19:42:00,1.478,0.000,239.370,6.200,0.000,0.000,1.0
2008-10-08,19:43:00,1.500,0.000,239.870,6.200,0.000,0.000,1.0
2008-10-08,19:44:00,1.484,0.000,239.960,6.200,0.000,0.000,0.0
2008-10-08,19:45:00,1.576,0.056,240.230,6.400,0.000,1.000,1.0
2008-10-08,19:46:00,1.682,0.060,240.060,7.000,0.000,0.000,1.0
2008-10-08,19:47:00,1.884,0.000,240.810,7.800,0.000,0.000,0.0
2008-10-08,19:48:00,1.930,0.072,240.820,8.000,0.000,0.000,1.0
2008-10-08,19:49:00,1.926,0.074,240.950,8.000,0.000,0.000,1.0
2008-10-08,19:50:00,1.934,0.076,241.650,8.000,0.000,0.000,0.0
2008-10-08,19:51:00,1.884,0.076,241.540,7.800,0.000,0.000,1.0
2008-10-08,19:52:00,1.742,0.078,241.860,7.200,0.000,0.000,1.0
2008-10-08,19:53:00,1.728,0.078,242.010,7.000,0.000,0.000,0.0
2008-10-08,19:54:00,1.524,0.080,241.640,6.200,0.000,0.000,1.0
2008-10-08,19:55:00,1.520,0.080,241.700,6.200,0.000,0.000,1.0
2008-10-08,19:56:00,1.510,0.078,240.980,6.200,0.000,0.000,0.0
2008-10-08,19:57:00,1.512,0.078,241.110,6.200,0.000,0.000,1.0
2008-10-08,19:58:00,1.516,0.080,241.710,6.200,0.000,0.000,1.0
2008-10-08,19:59:00,2.064,0.208,240.370,8.600,0.000,0.000,8.0
2008-10-08,20:00:00,2.418,0.308,239.420,10.200,0.000,0.000,11.0
2008-10-08,20:01:00,2.228,0.296,240.090,9.200,0.000,0.000,12.0
2008-10-08,20:02:00,2.246,0.298,240.480,9.400,0.000,0.000,12.0
2008-10-08,20:03:00,2.122,0.266,239.210,9.000,0.000,0.000,10.0
2008-10-08,20:04:00,1.488,0.054,240.620,6.200,0.000,0.000,1.0
2008-10-08,20:05:00,1.482,0.000,240.770,6.000,0.000,0.000,1.0
2008-10-08,20:06:00,1.524,0.056,240.920,6.200,0.000,0.000,0.0
2008-10-08,20:07:00,1.488,0.046,241.500,6.000,0.000,0.000,1.0
2008-10-08,20:08:00,1.494,0.048,242.520,6.000,0.000,0.000,1.0
2008-10-08,20:09:00,1.488,0.048,241.930,6.000,0.000,0.000,0.0
2008-10-08,20:10:00,1.560,0.046,241.720,6.400,0.000,0.000,1.0
2008-10-08,20:11:00,1.824,0.000,241.420,7.400,0.000,0.000,1.0
2008-10-08,20:12:00,1.756,0.066,241.290,7.200,0.000,0.000,0.0
2008-10-08,20:13:00,1.598,0.064,240.960,6.600,0.000,0.000,1.0
2008-10-08,20:14:00,1.602,0.064,241.320,6.600,0.000,0.000,1.0
2008-10-08,20:15:00,1.752,0.000,240.580,7.200,0.000,0.000,0.0
2008-10-08,20:16:00,1.634,0.000,240.900,6.800,0.000,0.000,1.0
2008-10-08,20:17:00,1.724,0.056,241.520,7.000,0.000,0.000,1.0
2008-10-08,20:18:00,1.808,0.050,242.770,7.400,0.000,0.000,0.0
2008-10-08,20:19:00,1.730,0.056,243.370,7.000,0.000,0.000,1.0
2008-10-08,20:20:00,1.726,0.058,243.030,7.000,0.000,0.000,1.0
2008-10-08,20:21:00,1.870,0.060,242.420,7.800,0.000,0.000,1.0
2008-10-08,20:22:00,2.822,0.068,240.940,11.600,0.000,0.000,20.0
2008-10-08,20:23:00,2.820,0.068,241.580,11.600,0.000,0.000,19.0
2008-10-08,20:24:00,3.038,0.120,241.380,12.600,0.000,0.000,19.0
2008-10-08,20:25:00,3.036,0.118,240.740,12.600,0.000,0.000,18.0
2008-10-08,20:26:00,3.012,0.110,240.560,12.400,0.000,0.000,19.0
2008-10-08,20:27:00,2.982,0.104,239.460,12.400,0.000,0.000,18.0
2008-10-08,20:28:00,2.984,0.100,239.660,12.400,0.000,0.000,18.0
2008-10-08,20:29:00,2.942,0.094,237.830,12.200,0.000,0.000,18.0
2008-10-08,20:30:00,2.934,0.092,237.510,12.200,0.000,0.000,18.0
2008-10-08,20:31:00,2.930,0.088,237.390,12.200,0.000,0.000,18.0
2008-10-08,20:32:00,3.010,0.174,237.170,12.600,0.000,0.000,18.0
2008-10-08,20:33:00,3.034,0.214,237.300,12.800,0.000,0.000,18.0
2008-10-08,20:34:00,3.024,0.212,237.010,12.800,0.000,0.000,18.0
2008-10-08,20:35:00,3.054,0.258,236.620,12.800,0.000,0.000,18.0
2008-10-08,20:36:00,2.912,0.422,235.950,12.400,0.000,1.000,17.0
2008-10-08,20:37:00,2.682,0.432,236.790,11.400,0.000,1.000,18.0
2008-10-08,20:38:00,2.638,0.432,236.990,11.200,0.000,2.000,18.0
2008-10-08,20:39:00,2.622,0.428,236.500,11.200,0.000,1.000,18.0
2008-10-08,20:40:00,2.768,0.444,237.090,11.800,0.000,2.000,18.0
2008-10-08,20:41:00,2.612,0.426,236.310,11.200,0.000,1.000,17.0
2008-10-08,20:42:00,2.608,0.426,236.220,11.200,0.000,1.000,18.0
2008-10-08,20:43:00,2.598,0.424,235.780,11.000,0.000,2.000,18.0
2008-10-08,20:44:00,2.592,0.424,235.710,11.000,0.000,1.000,17.0
2008-10-08,20:45:00,2.462,0.336,235.280,10.400,0.000,2.000,18.0
2008-10-08,20:46:00,2.454,0.270,236.050,10.400,0.000,1.000,18.0
2008-10-08,20:47:00,2.400,0.272,236.580,10.200,0.000,1.000,18.0
2008-10-08,20:48:00,1.884,0.278,237.460,8.000,0.000,2.000,17.0
2008-10-08,20:49:00,1.814,0.210,235.870,7.600,0.000,1.000,18.0
2008-10-08,20:50:00,1.766,0.146,235.980,7.400,0.000,1.000,18.0
2008-10-08,20:51:00,1.772,0.146,236.340,7.400,0.000,2.000,18.0
2008-10-08,20:52:00,1.776,0.148,236.910,7.400,0.000,1.000,17.0
2008-10-08,20:53:00,1.790,0.152,237.980,7.400,0.000,1.000,18.0
2008-10-08,20:54:00,1.790,0.152,237.980,7.400,0.000,1.000,18.0
2008-10-08,20:55:00,1.792,0.154,238.370,7.400,0.000,2.000,18.0
2008-10-08,20:56:00,1.800,0.156,238.880,7.400,0.000,1.000,18.0
2008-10-08,20:57:00,1.786,0.152,237.960,7.400,0.000,1.000,18.0
2008-10-08,20:58:00,1.728,0.064,237.650,7.200,0.000,0.000,18.0
2008-10-08,20:59:00,1.670,0.048,238.940,7.000,0.000,0.000,19.0
2008-10-08,21:00:00,1.666,0.062,239.400,6.800,0.000,0.000,18.0
2008-10-08,21:01:00,1.666,0.062,239.490,6.800,0.000,0.000,18.0
2008-10-08,21:02:00,1.668,0.062,239.560,6.800,0.000,0.000,18.0
2008-10-08,21:03:00,1.680,0.062,240.300,7.000,0.000,0.000,18.0
2008-10-08,21:04:00,1.676,0.062,240.190,7.000,0.000,0.000,19.0
2008-10-08,21:05:00,1.676,0.060,240.210,7.000,0.000,0.000,18.0
2008-10-08,21:06:00,1.682,0.060,240.730,7.000,0.000,0.000,18.0
2008-10-08,21:07:00,1.680,0.060,240.590,7.000,0.000,0.000,19.0
2008-10-08,21:08:00,1.684,0.060,240.860,7.000,0.000,0.000,18.0
2008-10-08,21:09:00,1.676,0.060,240.230,7.000,0.000,0.000,19.0
2008-10-08,21:10:00,1.678,0.060,240.400,7.000,0.000,0.000,18.0
2008-10-08,21:11:00,1.698,0.058,241.810,7.000,0.000,0.000,18.0
2008-10-08,21:12:00,1.702,0.058,242.260,7.000,0.000,0.000,19.0
2008-10-08,21:13:00,1.700,0.058,242.070,7.000,0.000,0.000,19.0
2008-10-08,21:14:00,1.716,0.056,243.130,7.000,0.000,0.000,18.0
2008-10-08,21:15:00,1.722,0.054,243.560,7.000,0.000,0.000,19.0
2008-10-08,21:16:00,1.722,0.054,243.810,7.000,0.000,0.000,19.0
2008-10-08,21:17:00,0.974,0.078,244.800,4.400,0.000,0.000,6.0
2008-10-08,21:18:00,0.780,0.096,244.990,3.200,0.000,0.000,1.0
2008-10-08,21:19:00,1.608,0.094,243.640,6.600,0.000,0.000,0.0
2008-10-08,21:20:00,1.844,0.084,243.440,7.600,0.000,0.000,1.0
2008-10-08,21:21:00,1.864,0.086,243.350,7.600,0.000,0.000,1.0
2008-10-08,21:22:00,2.050,0.090,242.650,8.400,0.000,0.000,0.0
2008-10-08,21:23:00,1.954,0.078,242.750,8.000,0.000,0.000,1.0
2008-10-08,21:24:00,2.202,0.124,242.440,9.000,0.000,0.000,1.0
2008-10-08,21:25:00,2.930,0.434,241.630,12.200,0.000,0.000,0.0
2008-10-08,21:26:00,2.878,0.404,241.050,12.000,0.000,0.000,1.0
2008-10-08,21:27:00,2.932,0.298,239.840,12.200,0.000,0.000,7.0
2008-10-08,21:28:00,3.106,0.348,239.200,13.000,0.000,0.000,11.0
2008-10-08,21:29:00,3.216,0.364,239.440,13.400,1.000,0.000,11.0
2008-10-08,21:30:00,3.216,0.352,239.600,13.400,1.000,0.000,12.0
2008-10-08,21:31:00,3.214,0.346,239.690,13.400,1.000,0.000,12.0
2008-10-08,21:32:00,2.710,0.256,239.990,11.400,2.000,0.000,4.0
2008-10-08,21:33:00,2.930,0.224,239.950,12.400,1.000,0.000,1.0
2008-10-08,21:34:00,3.166,0.234,239.570,13.400,1.000,0.000,0.0
2008-10-08,21:35:00,3.114,0.254,239.520,13.200,1.000,0.000,1.0
2008-10-08,21:36:00,2.804,0.212,239.710,12.000,1.000,0.000,1.0
2008-10-08,21:37:00,2.432,0.094,240.030,10.000,2.000,0.000,0.0
2008-10-08,21:38:00,1.996,0.102,240.620,8.200,1.000,0.000,1.0
2008-10-08,21:39:00,2.182,0.140,240.710,9.000,1.000,0.000,1.0
2008-10-08,21:40:00,1.990,0.316,240.840,8.400,1.000,0.000,0.0
2008-10-08,21:41:00,1.768,0.314,240.750,7.600,2.000,0.000,2.0
2008-10-08,21:42:00,2.692,0.294,240.100,11.200,1.000,0.000,19.0
2008-10-08,21:43:00,2.910,0.190,240.150,12.200,1.000,0.000,19.0
2008-10-08,21:44:00,3.088,0.186,239.630,12.800,1.000,0.000,19.0
2008-10-08,21:45:00,3.088,0.188,239.830,12.800,1.000,0.000,18.0
2008-10-08,21:46:00,3.156,0.198,240.060,13.000,2.000,0.000,19.0
2008-10-08,21:47:00,3.150,0.230,240.340,13.000,1.000,0.000,18.0
2008-10-08,21:48:00,2.970,0.068,240.650,12.200,1.000,0.000,18.0
2008-10-08,21:49:00,3.240,0.000,240.280,13.800,4.000,0.000,19.0
2008-10-08,21:50:00,5.062,0.000,238.120,21.200,38.000,0.000,18.0
2008-10-08,21:51:00,5.048,0.000,238.020,21.200,38.000,0.000,18.0
2008-10-08,21:52:00,5.072,0.000,238.730,21.200,38.000,0.000,18.0
2008-10-08,21:53:00,4.986,0.000,236.610,21.000,37.000,0.000,18.0
2008-10-08,21:54:00,4.982,0.000,236.810,21.000,37.000,0.000,18.0
2008-10-08,21:55:00,5.066,0.000,236.540,21.400,38.000,0.000,17.0
2008-10-08,21:56:00,5.112,0.000,235.650,21.600,37.000,0.000,18.0
2008-10-08,21:57:00,4.892,0.000,236.390,20.600,37.000,0.000,18.0
2008-10-08,21:58:00,4.970,0.000,236.320,21.000,37.000,0.000,18.0
2008-10-08,21:59:00,4.792,0.000,236.360,20.200,37.000,0.000,17.0
2008-10-08,22:00:00,4.592,0.112,235.710,19.400,37.000,0.000,18.0
2008-10-08,22:01:00,3.166,0.130,237.040,14.000,15.000,0.000,18.0
2008-10-08,22:02:00,2.670,0.140,238.970,11.200,1.000,0.000,18.0
2008-10-08,22:03:00,2.624,0.136,239.180,11.000,1.000,0.000,18.0
2008-10-08,22:04:00,2.540,0.140,239.700,10.600,1.000,0.000,18.0
2008-10-08,22:05:00,2.404,0.148,239.880,10.000,2.000,0.000,19.0
2008-10-08,22:06:00,2.294,0.152,240.540,9.400,1.000,0.000,18.0
2008-10-08,22:07:00,2.302,0.154,241.080,9.400,1.000,0.000,18.0
2008-10-08,22:08:00,2.306,0.154,241.370,9.400,1.000,0.000,19.0
2008-10-08,22:09:00,2.386,0.250,241.210,9.800,1.000,1.000,18.0
2008-10-08,22:10:00,2.376,0.274,240.540,9.800,2.000,1.000,19.0
2008-10-08,22:11:00,2.372,0.272,240.390,9.800,1.000,2.000,18.0
2008-10-08,22:12:00,2.370,0.270,240.260,9.800,1.000,1.000,18.0
2008-10-08,22:13:00,2.394,0.278,240.790,10.000,1.000,1.000,19.0
2008-10-08,22:14:00,2.454,0.376,240.760,10.200,2.000,2.000,18.0
2008-10-08,22:15:00,2.444,0.374,240.420,10.200,1.000,1.000,19.0
2008-10-08,22:16:00,2.444,0.372,240.560,10.200,1.000,2.000,18.0
2008-10-08,22:17:00,2.424,0.368,240.920,10.000,1.000,1.000,18.0
2008-10-08,22:18:00,2.392,0.284,242.930,9.800,1.000,2.000,19.0
2008-10-08,22:19:00,2.354,0.244,242.650,9.600,2.000,1.000,19.0
2008-10-08,22:20:00,2.352,0.242,242.540,9.600,1.000,1.000,18.0
2008-10-08,22:21:00,2.358,0.244,243.050,9.600,1.000,2.000,19.0
2008-10-08,22:22:00,2.346,0.242,242.380,9.600,1.000,1.000,19.0
2008-10-08,22:23:00,2.344,0.242,242.410,9.600,2.000,1.000,18.0
2008-10-08,22:24:00,2.302,0.270,242.380,9.400,1.000,2.000,19.0
2008-10-08,22:25:00,2.274,0.270,242.110,9.400,1.000,1.000,19.0
2008-10-08,22:26:00,2.224,0.268,241.530,9.200,1.000,1.000,18.0
2008-10-08,22:27:00,2.152,0.174,240.670,8.800,1.000,2.000,19.0
2008-10-08,22:28:00,2.142,0.160,240.570,8.800,2.000,1.000,18.0
2008-10-08,22:29:00,2.122,0.158,240.580,8.800,1.000,1.000,18.0
2008-10-08,22:30:00,2.130,0.156,240.670,8.800,1.000,1.000,19.0
2008-10-08,22:31:00,2.082,0.078,241.070,8.600,1.000,1.000,18.0
2008-10-08,22:32:00,2.062,0.000,241.250,8.400,1.000,0.000,19.0
2008-10-08,22:33:00,2.066,0.000,241.500,8.400,2.000,0.000,18.0
2008-10-08,22:34:00,2.068,0.000,241.570,8.400,1.000,0.000,19.0
2008-10-08,22:35:00,2.062,0.000,241.780,8.400,1.000,0.000,18.0
2008-10-08,22:36:00,2.042,0.062,241.730,8.400,1.000,0.000,19.0
2008-10-08,22:37:00,2.036,0.060,241.370,8.400,2.000,0.000,18.0
2008-10-08,22:38:00,2.038,0.060,241.570,8.400,1.000,0.000,19.0
2008-10-08,22:39:00,2.038,0.060,241.510,8.400,1.000,0.000,18.0
2008-10-08,22:40:00,2.036,0.060,241.350,8.400,1.000,0.000,19.0
2008-10-08,22:41:00,2.034,0.058,241.200,8.400,1.000,0.000,18.0
2008-10-08,22:42:00,2.108,0.142,241.000,8.800,2.000,0.000,19.0
2008-10-08,22:43:00,2.140,0.192,241.120,8.800,1.000,0.000,18.0
2008-10-08,22:44:00,2.142,0.194,241.530,8.800,1.000,0.000,18.0
2008-10-08,22:45:00,2.138,0.194,241.280,8.800,1.000,0.000,19.0
2008-10-08,22:46:00,2.134,0.194,241.240,8.800,2.000,0.000,18.0
2008-10-08,22:47:00,2.120,0.190,240.360,8.800,1.000,0.000,19.0
2008-10-08,22:48:00,2.116,0.190,240.290,8.800,1.000,0.000,18.0
2008-10-08,22:49:00,2.120,0.186,240.340,8.800,1.000,0.000,18.0
2008-10-08,22:50:00,2.172,0.166,241.200,9.000,1.000,0.000,19.0
2008-10-08,22:51:00,1.196,0.182,243.370,5.000,2.000,0.000,2.0
2008-10-08,22:52:00,1.160,0.180,242.860,4.800,1.000,0.000,1.0
2008-10-08,22:53:00,1.138,0.208,242.800,4.800,1.000,0.000,1.0
2008-10-08,22:54:00,1.182,0.220,242.820,4.800,1.000,0.000,0.0
2008-10-08,22:55:00,1.182,0.220,242.540,5.000,0.000,0.000,1.0
2008-10-08,22:56:00,1.162,0.190,242.490,4.800,1.000,0.000,1.0
2008-10-08,22:57:00,1.018,0.184,242.940,4.400,0.000,0.000,0.0
2008-10-08,22:58:00,0.620,0.220,243.380,2.800,1.000,0.000,1.0
2008-10-08,22:59:00,0.670,0.252,243.320,2.800,1.000,0.000,1.0
2008-10-08,23:00:00,0.652,0.138,243.660,3.000,1.000,0.000,2.0
2008-10-08,23:01:00,1.138,0.236,242.740,4.800,2.000,0.000,11.0
2008-10-08,23:02:00,1.148,0.234,242.930,4.800,1.000,0.000,11.0
2008-10-08,23:03:00,1.178,0.232,242.920,4.800,1.000,0.000,12.0
2008-10-08,23:04:00,1.184,0.238,243.700,4.800,1.000,0.000,11.0
2008-10-08,23:05:00,0.802,0.158,244.210,3.600,2.000,0.000,7.0
2008-10-08,23:06:00,0.502,0.106,244.160,2.000,1.000,0.000,0.0
2008-10-08,23:07:00,0.484,0.138,244.640,2.000,0.000,0.000,1.0
2008-10-08,23:08:00,0.474,0.134,244.910,2.000,1.000,0.000,1.0
2008-10-08,23:09:00,0.496,0.116,245.160,2.000,1.000,0.000,0.0
2008-10-08,23:10:00,1.278,0.080,244.580,6.800,11.000,0.000,1.0
2008-10-08,23:11:00,2.720,0.000,243.340,11.000,40.000,0.000,1.0
2008-10-08,23:12:00,2.614,0.000,243.290,10.600,39.000,0.000,0.0
2008-10-08,23:13:00,2.608,0.000,243.140,10.600,39.000,0.000,1.0
2008-10-08,23:14:00,2.592,0.000,242.400,10.600,39.000,0.000,1.0
2008-10-08,23:15:00,2.582,0.000,242.130,10.600,38.000,0.000,0.0
2008-10-08,23:16:00,2.582,0.000,242.050,10.600,39.000,0.000,1.0
2008-10-08,23:17:00,2.586,0.000,242.200,10.600,39.000,0.000,1.0
2008-10-08,23:18:00,2.590,0.000,242.230,10.600,38.000,0.000,0.0
2008-10-08,23:19:00,2.586,0.000,242.260,10.600,39.000,0.000,1.0
2008-10-08,23:20:00,2.580,0.000,242.390,10.600,39.000,0.000,1.0
2008-10-08,23:21:00,2.576,0.000,242.080,10.600,38.000,0.000,0.0
2008-10-08,23:22:00,2.568,0.000,242.040,10.600,39.000,0.000,1.0
2008-10-08,23:23:00,2.166,0.000,242.480,9.600,34.000,0.000,1.0
2008-10-08,23:24:00,0.270,0.000,244.890,1.000,0.000,0.000,0.0
2008-10-08,23:25:00,0.390,0.124,244.760,1.600,0.000,0.000,1.0
2008-10-08,23:26:00,0.374,0.120,244.360,1.600,0.000,0.000,1.0
2008-10-08,23:27:00,0.394,0.160,245.370,1.600,1.000,0.000,0.0
2008-10-08,23:28:00,0.386,0.148,245.790,1.600,0.000,0.000,1.0
2008-10-08,23:29:00,0.374,0.130,245.980,1.600,0.000,0.000,1.0
2008-10-08,23:30:00,0.370,0.128,245.870,1.600,0.000,0.000,1.0
2008-10-08,23:31:00,0.368,0.130,246.340,1.600,0.000,0.000,0.0
2008-10-08,23:32:00,0.368,0.128,246.260,1.600,0.000,0.000,1.0
2008-10-08,23:33:00,0.366,0.128,246.130,1.600,0.000,0.000,1.0
2008-10-08,23:34:00,0.364,0.130,246.140,1.600,0.000,0.000,0.0
2008-10-08,23:35:00,0.364,0.130,246.330,1.600,0.000,0.000,1.0
2008-10-08,23:36:00,0.362,0.126,245.390,1.600,0.000,0.000,1.0
2008-10-08,23:37:00,0.358,0.120,244.070,1.400,0.000,0.000,0.0
2008-10-08,23:38:00,0.358,0.122,244.500,1.400,0.000,0.000,1.0
2008-10-08,23:39:00,0.358,0.122,244.960,1.400,0.000,0.000,1.0
2008-10-08,23:40:00,0.356,0.122,244.580,1.400,0.000,0.000,0.0
2008-10-08,23:41:00,0.358,0.124,245.270,1.400,0.000,0.000,1.0
2008-10-08,23:42:00,0.286,0.000,245.810,1.200,0.000,0.000,1.0
2008-10-08,23:43:00,0.346,0.076,245.650,1.600,0.000,0.000,0.0
2008-10-08,23:44:00,0.404,0.160,245.110,1.800,0.000,0.000,1.0
2008-10-08,23:45:00,0.430,0.218,245.300,2.000,0.000,1.000,1.0
2008-10-08,23:46:00,0.428,0.218,245.380,1.800,0.000,2.000,0.0
2008-10-08,23:47:00,0.428,0.218,245.360,1.800,0.000,1.000,1.0
2008-10-08,23:48:00,0.426,0.218,245.160,1.800,0.000,2.000,1.0
2008-10-08,23:49:00,0.424,0.218,245.100,1.800,0.000,1.000,1.0
2008-10-08,23:50:00,0.422,0.218,245.190,1.800,0.000,2.000,0.0
2008-10-08,23:51:00,0.420,0.220,245.470,1.800,0.000,1.000,1.0
2008-10-08,23:52:00,0.420,0.220,245.580,1.800,0.000,1.000,1.0
2008-10-08,23:53:00,0.418,0.220,245.560,1.800,0.000,2.000,0.0
2008-10-08,23:54:00,0.408,0.208,245.210,1.800,0.000,1.000,1.0
2008-10-08,23:55:00,0.346,0.110,245.060,1.400,0.000,2.000,1.0
2008-10-08,23:56:00,0.344,0.112,245.050,1.400,0.000,1.000,0.0
2008-10-08,23:57:00,0.346,0.116,245.440,1.400,0.000,1.000,1.0
2008-10-08,23:58:00,0.384,0.166,245.640,1.600,0.000,2.000,1.0
2008-10-08,23:59:00,0.342,0.114,245.650,1.400,0.000,1.000,0.0
