Date,Time,Global_active_power,Global_reactive_power,Voltage,Global_intensity,Sub_metering_1,Sub_metering_2,Sub_metering_3
2010-04-13,00:00:00,0.230,0.000,242.980,1.000,0.000,0.000,1.0
2010-04-13,00:01:00,0.276,0.000,242.680,1.200,0.000,0.000,1.0
2010-04-13,00:02:00,0.340,0.096,242.370,1.400,0.000,0.000,0.0
2010-04-13,00:03:00,0.334,0.096,242.270,1.400,0.000,0.000,1.0
2010-04-13,00:04:00,0.332,0.096,242.490,1.400,0.000,0.000,1.0
2010-04-13,00:05:00,0.332,0.096,242.450,1.400,0.000,0.000,0.0
2010-04-13,00:06:00,0.538,0.086,239.190,2.800,0.000,0.000,3.0
2010-04-13,00:07:00,1.428,0.076,239.060,5.800,0.000,0.000,19.0
2010-04-13,00:08:00,1.416,0.078,239.530,5.800,0.000,0.000,19.0
2010-04-13,00:09:00,1.406,0.080,240.040,5.800,0.000,0.000,19.0
2010-04-13,00:10:00,1.396,0.080,239.900,5.800,0.000,0.000,18.0
2010-04-13,00:11:00,1.390,0.080,239.790,5.800,0.000,0.000,19.0
2010-04-13,00:12:00,1.318,0.000,239.320,5.400,0.000,0.000,18.0
2010-04-13,00:13:00,1.300,0.046,239.600,5.400,0.000,0.000,18.0
2010-04-13,00:14:00,1.290,0.052,239.630,5.400,0.000,0.000,19.0
2010-04-13,00:15:00,1.292,0.052,239.960,5.400,0.000,0.000,18.0
2010-04-13,00:16:00,1.296,0.050,240.310,5.400,0.000,0.000,18.0
2010-04-13,00:17:00,1.296,0.050,240.430,5.400,0.000,0.000,19.0
2010-04-13,00:18:00,1.296,0.050,240.350,5.400,0.000,0.000,18.0
2010-04-13,00:19:00,1.292,0.050,240.150,5.400,0.000,0.000,18.0
2010-04-13,00:20:00,1.290,0.050,239.780,5.200,0.000,0.000,19.0
2010-04-13,00:21:00,1.834,0.120,238.300,7.600,0.000,0.000,26.0
2010-04-13,00:22:00,1.864,0.124,239.050,7.800,0.000,0.000,28.0
2010-04-13,00:23:00,1.892,0.126,239.560,7.800,0.000,0.000,29.0
2010-04-13,00:24:00,1.898,0.130,239.120,8.000,0.000,0.000,28.0
2010-04-13,00:25:00,1.352,0.048,238.650,5.600,0.000,0.000,18.0
2010-04-13,00:26:00,1.346,0.046,238.140,5.600,0.000,0.000,18.0
2010-04-13,00:27:00,1.430,0.134,238.230,6.000,0.000,0.000,18.0
2010-04-13,00:28:00,1.458,0.178,238.640,6.000,0.000,0.000,18.0
2010-04-13,00:29:00,1.458,0.180,239.260,6.000,0.000,0.000,18.0
2010-04-13,00:30:00,1.460,0.182,239.760,6.000,0.000,0.000,19.0
2010-04-13,00:31:00,1.464,0.184,240.470,6.000,0.000,0.000,18.0
2010-04-13,00:32:00,1.470,0.188,240.870,6.000,0.000,0.000,18.0
2010-04-13,00:33:00,1.528,0.194,240.750,6.400,0.000,0.000,19.0
2010-04-13,00:34:00,1.538,0.182,240.430,6.400,0.000,0.000,18.0
2010-04-13,00:35:00,1.532,0.184,240.800,6.400,0.000,0.000,19.0
2010-04-13,00:36:00,1.454,0.174,240.810,6.000,0.000,0.000,18.0
2010-04-13,00:37:00,1.390,0.072,241.380,5.600,0.000,0.000,19.0
2010-04-13,00:38:00,1.336,0.048,242.200,5.400,0.000,0.000,18.0
2010-04-13,00:39:00,1.322,0.046,242.990,5.400,0.000,0.000,19.0
2010-04-13,00:40:00,1.316,0.048,242.510,5.400,0.000,0.000,19.0
2010-04-13,00:41:00,1.302,0.050,241.210,5.400,0.000,0.000,18.0
2010-04-13,00:42:00,1.302,0.050,241.050,5.400,0.000,0.000,18.0
2010-04-13,00:43:00,1.300,0.050,240.950,5.400,0.000,0.000,19.0
2010-04-13,00:44:00,0.470,0.000,241.530,2.600,0.000,0.000,6.0
2010-04-13,00:45:00,0.228,0.000,241.560,1.000,0.000,0.000,0.0
2010-04-13,00:46:00,0.230,0.000,241.770,1.000,0.000,0.000,1.0
2010-04-13,00:47:00,0.230,0.000,241.720,1.000,0.000,0.000,1.0
2010-04-13,00:48:00,0.230,0.000,242.240,1.000,0.000,0.000,0.0
2010-04-13,00:49:00,0.230,0.000,241.780,1.000,0.000,0.000,1.0
2010-04-13,00:50:00,0.228,0.000,241.240,1.000,0.000,0.000,1.0
2010-04-13,00:51:00,0.228,0.000,240.560,1.000,0.000,0.000,0.0
2010-04-13,00:52:00,0.244,0.000,240.700,1.000,0.000,0.000,1.0
2010-04-13,00:53:00,0.338,0.094,241.410,1.400,0.000,0.000,0.0
2010-04-13,00:54:00,0.338,0.098,242.610,1.400,0.000,0.000,1.0
2010-04-13,00:55:00,0.336,0.102,243.320,1.400,0.000,0.000,1.0
2010-04-13,00:56:00,0.334,0.102,243.250,1.400,0.000,0.000,0.0
2010-04-13,00:57:00,0.330,0.100,242.700,1.400,0.000,0.000,1.0
2010-04-13,00:58:00,0.330,0.100,242.900,1.400,0.000,0.000,1.0
2010-04-13,00:59:00,0.328,0.100,242.860,1.400,0.000,0.000,0.0
2010-04-13,01:00:00,0.328,0.100,242.890,1.400,0.000,0.000,1.0
2010-04-13,01:01:00,0.328,0.102,243.830,1.400,0.000,0.000,1.0
2010-04-13,01:02:00,0.326,0.100,243.040,1.400,0.000,0.000,0.0
2010-04-13,01:03:00,0.272,0.000,242.660,1.200,0.000,0.000,1.0
2010-04-13,01:04:00,0.230,0.000,242.080,1.000,0.000,0.000,1.0
2010-04-13,01:05:00,0.230,0.000,242.220,1.000,0.000,0.000,0.0
2010-04-13,01:06:00,0.230,0.000,242.110,1.000,0.000,0.000,1.0
2010-04-13,01:07:00,0.230,0.000,242.170,1.000,0.000,0.000,1.0
2010-04-13,01:08:00,0.230,0.000,242.590,1.000,0.000,0.000,0.0
2010-04-13,01:09:00,0.232,0.000,242.930,1.000,0.000,0.000,1.0
2010-04-13,01:10:00,0.232,0.000,242.830,1.000,0.000,0.000,1.0
2010-04-13,01:11:00,0.230,0.000,242.600,1.000,0.000,0.000,0.0
2010-04-13,01:12:00,0.230,0.000,242.510,1.000,0.000,0.000,1.0
2010-04-13,01:13:00,0.318,0.060,243.180,1.400,0.000,0.000,1.0
2010-04-13,01:14:00,0.310,0.072,243.870,1.200,0.000,0.000,0.0
2010-04-13,01:15:00,0.310,0.070,243.760,1.200,0.000,0.000,1.0
2010-04-13,01:16:00,0.310,0.070,243.490,1.200,0.000,0.000,1.0
2010-04-13,01:17:00,0.308,0.070,243.040,1.200,0.000,0.000,0.0
2010-04-13,01:18:00,0.352,0.112,243.230,1.600,0.000,0.000,1.0
2010-04-13,01:19:00,0.416,0.206,243.280,1.800,0.000,0.000,1.0
2010-04-13,01:20:00,0.410,0.206,243.390,1.800,0.000,0.000,0.0
2010-04-13,01:21:00,0.406,0.208,243.460,1.800,0.000,0.000,1.0
2010-04-13,01:22:00,0.406,0.210,244.230,1.800,0.000,0.000,1.0
2010-04-13,01:23:00,0.404,0.210,244.210,1.800,0.000,0.000,0.0
2010-04-13,01:24:00,0.374,0.170,244.130,1.600,0.000,0.000,1.0
2010-04-13,01:25:00,0.332,0.104,244.430,1.400,0.000,0.000,1.0
2010-04-13,01:26:00,0.330,0.104,244.340,1.400,0.000,0.000,0.0
2010-04-13,01:27:00,0.328,0.100,243.270,1.400,0.000,0.000,1.0
2010-04-13,01:28:00,0.326,0.098,242.580,1.400,0.000,0.000,1.0
2010-04-13,01:29:00,0.240,0.000,242.240,1.000,0.000,0.000,0.0
2010-04-13,01:30:00,0.230,0.000,242.200,1.000,0.000,0.000,1.0
2010-04-13,01:31:00,0.232,0.000,243.060,1.000,0.000,0.000,1.0
2010-04-13,01:32:00,0.234,0.000,243.990,1.000,0.000,0.000,0.0
2010-04-13,01:33:00,0.234,0.000,244.470,1.000,0.000,0.000,1.0
2010-04-13,01:34:00,0.232,0.000,243.750,1.000,0.000,0.000,1.0
2010-04-13,01:35:00,0.232,0.000,243.250,1.000,0.000,0.000,0.0
2010-04-13,01:36:00,0.232,0.000,243.240,1.000,0.000,0.000,1.0
2010-04-13,01:37:00,0.232,0.000,243.340,1.000,0.000,0.000,1.0
2010-04-13,01:38:00,0.232,0.000,243.780,1.000,0.000,0.000,0.0
2010-04-13,01:39:00,0.234,0.000,244.360,1.000,0.000,0.000,1.0
2010-04-13,01:40:00,0.234,0.000,244.100,1.000,0.000,0.000,1.0
2010-04-13,01:41:00,0.234,0.000,244.270,1.000,0.000,0.000,0.0
2010-04-13,01:42:00,0.232,0.000,243.680,1.000,0.000,0.000,1.0
2010-04-13,01:43:00,0.232,0.000,243.580,1.000,0.000,0.000,1.0
2010-04-13,01:44:00,0.322,0.060,242.970,1.400,0.000,0.000,0.0
2010-04-13,01:45:00,0.438,0.226,242.670,2.000,0.000,0.000,1.0
2010-04-13,01:46:00,0.418,0.228,243.680,1.800,0.000,2.000,1.0
2010-04-13,01:47:00,0.412,0.222,242.420,1.800,0.000,1.000,0.0
2010-04-13,01:48:00,0.408,0.220,241.940,1.800,0.000,1.000,1.0
2010-04-13,01:49:00,0.408,0.218,241.500,1.800,0.000,2.000,1.0
2010-04-13,01:50:00,0.406,0.216,240.770,1.800,0.000,1.000,0.0
2010-04-13,01:51:00,0.404,0.216,240.710,1.800,0.000,1.000,1.0
2010-04-13,01:52:00,0.404,0.214,240.550,1.800,0.000,2.000,1.0
2010-04-13,01:53:00,0.408,0.220,241.930,1.800,0.000,1.000,0.0
2010-04-13,01:54:00,0.372,0.170,242.710,1.600,0.000,2.000,1.0
2010-04-13,01:55:00,0.314,0.086,242.320,1.200,0.000,1.000,1.0
2010-04-13,01:56:00,0.314,0.086,241.990,1.200,0.000,1.000,0.0
2010-04-13,01:57:00,0.312,0.084,241.350,1.200,0.000,2.000,1.0
2010-04-13,01:58:00,0.312,0.084,241.210,1.200,0.000,1.000,1.0
2010-04-13,01:59:00,0.314,0.086,242.120,1.200,0.000,1.000,0.0
2010-04-13,02:00:00,0.314,0.088,242.620,1.200,0.000,2.000,1.0
2010-04-13,02:01:00,0.400,0.182,242.400,1.800,0.000,1.000,0.0
2010-04-13,02:02:00,0.390,0.192,242.820,1.800,0.000,2.000,1.0
2010-04-13,02:03:00,0.390,0.192,242.760,1.800,0.000,1.000,1.0
2010-04-13,02:04:00,0.390,0.194,243.170,1.800,0.000,1.000,0.0
2010-04-13,02:05:00,0.386,0.192,242.650,1.800,0.000,2.000,1.0
2010-04-13,02:06:00,0.380,0.186,241.270,1.600,0.000,1.000,1.0
2010-04-13,02:07:00,0.378,0.186,241.040,1.600,0.000,1.000,0.0
2010-04-13,02:08:00,0.376,0.186,240.990,1.600,0.000,2.000,1.0
2010-04-13,02:09:00,0.400,0.204,242.270,1.800,0.000,1.000,1.0
2010-04-13,02:10:00,0.486,0.328,242.510,2.400,0.000,1.000,0.0
2010-04-13,02:11:00,0.482,0.326,242.450,2.400,0.000,1.000,1.0
2010-04-13,02:12:00,0.422,0.242,241.450,2.000,0.000,2.000,1.0
2010-04-13,02:13:00,0.402,0.214,240.640,1.800,0.000,1.000,0.0
2010-04-13,02:14:00,0.400,0.212,240.390,1.800,0.000,1.000,1.0
2010-04-13,02:15:00,0.398,0.212,240.080,1.800,0.000,1.000,1.0
2010-04-13,02:16:00,0.396,0.212,240.300,1.800,0.000,1.000,0.0
2010-04-13,02:17:00,0.398,0.218,241.560,1.800,0.000,2.000,1.0
2010-04-13,02:18:00,0.398,0.218,241.880,1.800,0.000,1.000,1.0
2010-04-13,02:19:00,0.398,0.222,242.540,1.800,0.000,1.000,0.0
2010-04-13,02:20:00,0.328,0.120,241.580,1.400,0.000,1.000,1.0
2010-04-13,02:21:00,0.300,0.082,241.490,1.200,0.000,1.000,1.0
2010-04-13,02:22:00,0.300,0.082,241.380,1.200,0.000,2.000,0.0
2010-04-13,02:23:00,0.302,0.084,242.020,1.200,0.000,1.000,1.0
2010-04-13,02:24:00,0.302,0.086,242.530,1.200,0.000,1.000,1.0
2010-04-13,02:25:00,0.598,0.194,242.590,2.800,0.000,1.000,5.0
2010-04-13,02:26:00,0.878,0.288,242.750,3.800,0.000,1.000,10.0
2010-04-13,02:27:00,0.894,0.282,242.190,3.800,0.000,2.000,10.0
2010-04-13,02:28:00,0.918,0.282,242.270,4.000,0.000,1.000,11.0
2010-04-13,02:29:00,0.376,0.112,242.950,1.800,0.000,1.000,3.0
2010-04-13,02:30:00,0.304,0.090,243.540,1.200,0.000,1.000,1.0
2010-04-13,02:31:00,0.302,0.088,243.240,1.200,0.000,1.000,0.0
2010-04-13,02:32:00,0.302,0.088,243.450,1.200,0.000,1.000,1.0
2010-04-13,02:33:00,0.302,0.090,243.660,1.200,0.000,2.000,1.0
2010-04-13,02:34:00,0.302,0.090,243.670,1.200,0.000,1.000,0.0
2010-04-13,02:35:00,0.362,0.148,242.310,1.600,0.000,1.000,1.0
2010-04-13,02:36:00,0.412,0.226,243.140,1.800,0.000,1.000,1.0
2010-04-13,02:37:00,0.408,0.228,243.740,1.800,0.000,1.000,0.0
2010-04-13,02:38:00,0.406,0.226,243.560,1.800,0.000,1.000,1.0
2010-04-13,02:39:00,0.404,0.228,243.590,1.800,0.000,2.000,1.0
2010-04-13,02:40:00,0.402,0.228,244.000,1.800,0.000,1.000,0.0
2010-04-13,02:41:00,0.402,0.228,243.750,1.800,0.000,1.000,1.0
2010-04-13,02:42:00,0.400,0.228,243.670,1.800,0.000,1.000,1.0
2010-04-13,02:43:00,0.398,0.226,243.650,1.800,0.000,1.000,0.0
2010-04-13,02:44:00,0.398,0.226,243.330,1.800,0.000,1.000,1.0
2010-04-13,02:45:00,0.378,0.196,242.990,1.600,0.000,2.000,1.0
2010-04-13,02:46:00,0.302,0.086,242.910,1.200,0.000,1.000,0.0
2010-04-13,02:47:00,0.302,0.088,243.390,1.200,0.000,1.000,1.0
2010-04-13,02:48:00,0.366,0.152,242.970,1.600,0.000,1.000,1.0
2010-04-13,02:49:00,0.378,0.192,243.000,1.600,0.000,1.000,0.0
2010-04-13,02:50:00,0.376,0.190,242.080,1.600,0.000,1.000,1.0
2010-04-13,02:51:00,0.376,0.188,241.770,1.600,0.000,2.000,1.0
2010-04-13,02:52:00,0.374,0.190,242.100,1.600,0.000,1.000,0.0
2010-04-13,02:53:00,0.374,0.190,242.260,1.600,0.000,1.000,1.0
2010-04-13,02:54:00,0.372,0.188,241.850,1.600,0.000,1.000,1.0
2010-04-13,02:55:00,0.370,0.188,241.720,1.600,0.000,1.000,0.0
2010-04-13,02:56:00,0.370,0.192,242.700,1.600,0.000,1.000,1.0
2010-04-13,02:57:00,0.370,0.192,242.690,1.600,0.000,2.000,0.0
2010-04-13,02:58:00,0.368,0.188,241.880,1.600,0.000,1.000,1.0
2010-04-13,02:59:00,0.314,0.106,242.030,1.400,0.000,1.000,1.0
2010-04-13,03:00:00,0.298,0.084,241.730,1.200,0.000,1.000,0.0
2010-04-13,03:01:00,0.400,0.194,241.430,1.800,0.000,1.000,1.0
2010-04-13,03:02:00,0.408,0.222,242.560,1.800,0.000,1.000,1.0
2010-04-13,03:03:00,0.404,0.224,243.070,1.800,0.000,1.000,0.0
2010-04-13,03:04:00,0.402,0.224,243.140,1.800,0.000,2.000,1.0
2010-04-13,03:05:00,0.398,0.220,242.240,1.800,0.000,1.000,1.0
2010-04-13,03:06:00,0.398,0.222,242.440,1.800,0.000,1.000,0.0
2010-04-13,03:07:00,0.396,0.222,242.330,1.800,0.000,1.000,1.0
2010-04-13,03:08:00,0.396,0.224,242.770,1.800,0.000,1.000,1.0
2010-04-13,03:09:00,0.398,0.226,243.450,1.800,0.000,1.000,0.0
2010-04-13,03:10:00,0.396,0.226,243.320,1.800,0.000,1.000,1.0
2010-04-13,03:11:00,0.342,0.146,243.130,1.400,0.000,2.000,1.0
2010-04-13,03:12:00,0.300,0.084,242.230,1.200,0.000,1.000,0.0
2010-04-13,03:13:00,0.298,0.084,241.960,1.200,0.000,1.000,1.0
2010-04-13,03:14:00,0.300,0.086,242.470,1.200,0.000,1.000,1.0
2010-04-13,03:15:00,0.300,0.086,242.480,1.200,0.000,1.000,0.0
2010-04-13,03:16:00,0.300,0.086,242.350,1.200,0.000,1.000,1.0
2010-04-13,03:17:00,0.300,0.086,242.870,1.200,0.000,1.000,1.0
2010-04-13,03:18:00,0.300,0.086,242.670,1.200,0.000,2.000,0.0
2010-04-13,03:19:00,0.298,0.084,242.330,1.200,0.000,1.000,1.0
2010-04-13,03:20:00,0.298,0.082,241.650,1.200,0.000,1.000,1.0
2010-04-13,03:21:00,0.296,0.082,241.180,1.200,0.000,1.000,0.0
2010-04-13,03:22:00,0.296,0.082,241.280,1.200,0.000,1.000,1.0
2010-04-13,03:23:00,0.298,0.082,241.330,1.200,0.000,1.000,1.0
2010-04-13,03:24:00,0.298,0.084,241.950,1.200,0.000,1.000,0.0
2010-04-13,03:25:00,0.300,0.086,242.640,1.200,0.000,1.000,1.0
2010-04-13,03:26:00,0.332,0.112,242.520,1.400,0.000,2.000,1.0
2010-04-13,03:27:00,0.408,0.218,241.830,1.800,0.000,1.000,0.0
2010-04-13,03:28:00,0.402,0.218,241.810,1.800,0.000,1.000,1.0
2010-04-13,03:29:00,0.400,0.220,242.050,1.800,0.000,1.000,1.0
2010-04-13,03:30:00,0.398,0.218,241.930,1.800,0.000,1.000,0.0
2010-04-13,03:31:00,0.396,0.220,241.980,1.800,0.000,1.000,1.0
2010-04-13,03:32:00,0.398,0.224,242.890,1.800,0.000,1.000,1.0
2010-04-13,03:33:00,0.394,0.222,242.370,1.800,0.000,1.000,0.0
2010-04-13,03:34:00,0.396,0.224,243.010,1.800,0.000,2.000,1.0
2010-04-13,03:35:00,0.394,0.220,242.200,1.800,0.000,1.000,1.0
2010-04-13,03:36:00,0.468,0.298,241.660,2.400,0.000,1.000,0.0
2010-04-13,03:37:00,0.372,0.184,240.910,1.600,0.000,1.000,1.0
2010-04-13,03:38:00,0.372,0.184,240.840,1.600,0.000,1.000,0.0
2010-04-13,03:39:00,0.372,0.186,241.080,1.600,0.000,1.000,1.0
2010-04-13,03:40:00,0.372,0.188,241.690,1.600,0.000,1.000,1.0
2010-04-13,03:41:00,0.372,0.188,241.710,1.600,0.000,1.000,0.0
2010-04-13,03:42:00,0.370,0.188,242.130,1.600,0.000,2.000,1.0
2010-04-13,03:43:00,0.370,0.188,241.860,1.600,0.000,1.000,1.0
2010-04-13,03:44:00,0.368,0.188,241.910,1.600,0.000,1.000,0.0
2010-04-13,03:45:00,0.368,0.188,241.990,1.600,0.000,1.000,1.0
2010-04-13,03:46:00,0.368,0.188,242.330,1.600,0.000,1.000,1.0
2010-04-13,03:47:00,0.300,0.086,242.720,1.200,0.000,1.000,0.0
2010-04-13,03:48:00,0.296,0.082,241.220,1.200,0.000,1.000,1.0
2010-04-13,03:49:00,0.296,0.082,241.420,1.200,0.000,1.000,1.0
2010-04-13,03:50:00,0.268,0.000,241.080,1.000,0.000,1.000,0.0
2010-04-13,03:51:00,0.228,0.000,240.980,1.000,0.000,0.000,1.0
2010-04-13,03:52:00,0.316,0.052,240.840,1.400,0.000,0.000,1.0
2010-04-13,03:53:00,0.338,0.094,241.290,1.400,0.000,0.000,0.0
2010-04-13,03:54:00,0.336,0.098,242.360,1.400,0.000,0.000,1.0
2010-04-13,03:55:00,0.334,0.098,242.440,1.400,0.000,0.000,1.0
2010-04-13,03:56:00,0.332,0.098,242.690,1.400,0.000,0.000,0.0
2010-04-13,03:57:00,0.328,0.096,241.530,1.400,0.000,0.000,1.0
2010-04-13,03:58:00,0.326,0.094,241.180,1.400,0.000,0.000,1.0
2010-04-13,03:59:00,0.326,0.094,241.410,1.400,0.000,0.000,0.0
2010-04-13,04:00:00,0.326,0.096,242.040,1.400,0.000,0.000,1.0
2010-04-13,04:01:00,0.326,0.098,242.100,1.400,0.000,0.000,1.0
2010-04-13,04:02:00,0.268,0.000,242.520,1.000,0.000,0.000,0.0
2010-04-13,04:03:00,0.230,0.000,241.900,1.000,0.000,0.000,1.0
2010-04-13,04:04:00,0.232,0.000,242.190,1.000,0.000,0.000,1.0
2010-04-13,04:05:00,0.230,0.000,241.530,1.000,0.000,0.000,0.0
2010-04-13,04:06:00,0.230,0.000,241.860,1.000,0.000,0.000,1.0
2010-04-13,04:07:00,0.230,0.000,241.520,1.000,0.000,0.000,1.0
2010-04-13,04:08:00,0.230,0.000,241.480,1.000,0.000,0.000,0.0
2010-04-13,04:09:00,0.230,0.000,241.710,1.000,0.000,0.000,1.0
2010-04-13,04:10:00,0.230,0.000,241.970,1.000,0.000,0.000,0.0
2010-04-13,04:11:00,0.230,0.000,241.660,1.000,0.000,0.000,1.0
2010-04-13,04:12:00,0.230,0.000,241.020,1.000,0.000,0.000,1.0
2010-04-13,04:13:00,0.230,0.000,241.650,1.000,0.000,0.000,0.0
2010-04-13,04:14:00,0.230,0.000,242.090,1.000,0.000,0.000,1.0
2010-04-13,04:15:00,0.230,0.000,241.530,1.000,0.000,0.000,1.0
2010-04-13,04:16:00,0.230,0.000,242.020,1.000,0.000,0.000,0.0
2010-04-13,04:17:00,0.258,0.000,241.780,1.200,0.000,0.000,1.0
2010-04-13,04:18:00,0.340,0.096,241.630,1.400,0.000,0.000,1.0
2010-04-13,04:19:00,0.336,0.094,241.310,1.400,0.000,0.000,0.0
2010-04-13,04:20:00,0.334,0.096,241.870,1.400,0.000,0.000,1.0
2010-04-13,04:21:00,0.332,0.098,242.180,1.400,0.000,0.000,1.0
2010-04-13,04:22:00,0.332,0.098,242.310,1.400,0.000,0.000,0.0
2010-04-13,04:23:00,0.352,0.106,242.080,1.600,0.000,0.000,1.0
2010-04-13,04:24:00,0.408,0.204,242.670,1.800,0.000,0.000,1.0
2010-04-13,04:25:00,0.406,0.206,242.870,1.800,0.000,0.000,0.0
2010-04-13,04:26:00,0.406,0.208,243.250,1.800,0.000,0.000,1.0
2010-04-13,04:27:00,0.392,0.188,242.200,1.800,0.000,0.000,1.0
2010-04-13,04:28:00,0.398,0.102,241.810,2.000,0.000,0.000,1.0
2010-04-13,04:29:00,0.876,0.256,241.220,3.800,0.000,0.000,10.0
2010-04-13,04:30:00,0.890,0.258,241.550,3.800,0.000,0.000,11.0
2010-04-13,04:31:00,0.916,0.264,242.250,3.800,0.000,0.000,11.0
2010-04-13,04:32:00,0.582,0.160,243.490,2.800,0.000,0.000,6.0
2010-04-13,04:33:00,0.306,0.074,244.510,1.200,0.000,0.000,0.0
2010-04-13,04:34:00,0.274,0.000,243.360,1.000,0.000,0.000,1.0
2010-04-13,04:35:00,0.232,0.000,242.800,1.000,0.000,0.000,1.0
2010-04-13,04:36:00,0.230,0.000,242.460,1.000,0.000,0.000,0.0
2010-04-13,04:37:00,0.230,0.000,241.680,1.000,0.000,0.000,1.0
2010-04-13,04:38:00,0.230,0.000,242.690,1.000,0.000,0.000,1.0
2010-04-13,04:39:00,0.232,0.000,242.720,1.000,0.000,0.000,0.0
2010-04-13,04:40:00,0.232,0.000,243.030,1.000,0.000,0.000,1.0
2010-04-13,04:41:00,0.232,0.000,242.760,1.000,0.000,0.000,1.0
2010-04-13,04:42:00,0.230,0.000,242.370,1.000,0.000,0.000,0.0
2010-04-13,04:43:00,0.300,0.000,242.260,1.400,0.000,0.000,1.0
2010-04-13,04:44:00,0.340,0.098,241.960,1.400,0.000,0.000,1.0
2010-04-13,04:45:00,0.336,0.098,242.420,1.400,0.000,0.000,0.0
2010-04-13,04:46:00,0.334,0.100,242.890,1.400,0.000,0.000,1.0
2010-04-13,04:47:00,0.332,0.100,242.860,1.400,0.000,0.000,1.0
2010-04-13,04:48:00,0.332,0.100,243.030,1.400,0.000,0.000,0.0
2010-04-13,04:49:00,0.330,0.100,242.660,1.400,0.000,0.000,1.0
2010-04-13,04:50:00,0.328,0.098,242.200,1.400,0.000,0.000,1.0
2010-04-13,04:51:00,0.326,0.098,242.320,1.400,0.000,0.000,0.0
2010-04-13,04:52:00,0.326,0.096,241.960,1.400,0.000,0.000,1.0
2010-04-13,04:53:00,0.280,0.000,241.780,1.200,0.000,0.000,1.0
2010-04-13,04:54:00,0.228,0.000,241.120,1.000,0.000,0.000,0.0
2010-04-13,04:55:00,0.228,0.000,241.080,1.000,0.000,0.000,1.0
2010-04-13,04:56:00,0.228,0.000,240.640,1.000,0.000,0.000,0.0
2010-04-13,04:57:00,0.228,0.000,240.500,1.000,0.000,0.000,1.0
2010-04-13,04:58:00,0.228,0.000,240.210,1.000,0.000,0.000,1.0
2010-04-13,04:59:00,0.228,0.000,240.320,1.000,0.000,0.000,0.0
2010-04-13,05:00:00,0.228,0.000,240.430,1.000,0.000,0.000,1.0
2010-04-13,05:01:00,0.228,0.000,241.170,1.000,0.000,0.000,1.0
2010-04-13,05:02:00,0.230,0.000,242.080,1.000,0.000,0.000,0.0
2010-04-13,05:03:00,0.230,0.000,242.190,1.000,0.000,0.000,1.0
2010-04-13,05:04:00,0.232,0.000,242.670,1.000,0.000,0.000,1.0
2010-04-13,05:05:00,0.230,0.000,242.000,1.000,0.000,0.000,0.0
2010-04-13,05:06:00,0.230,0.000,242.240,1.000,0.000,0.000,1.0
2010-04-13,05:07:00,0.228,0.000,241.180,1.000,0.000,0.000,1.0
2010-04-13,05:08:00,0.230,0.000,241.460,1.000,0.000,0.000,0.0
2010-04-13,05:09:00,0.344,0.086,241.420,1.400,0.000,0.000,1.0
2010-04-13,05:10:00,0.336,0.096,241.520,1.400,0.000,0.000,1.0
2010-04-13,05:11:00,0.332,0.094,241.150,1.400,0.000,0.000,0.0
2010-04-13,05:12:00,0.416,0.190,241.600,2.000,0.000,0.000,1.0
2010-04-13,05:13:00,0.404,0.198,241.150,1.800,0.000,0.000,1.0
2010-04-13,05:14:00,0.404,0.198,241.010,1.800,0.000,0.000,0.0
2010-04-13,05:15:00,0.402,0.198,240.920,1.800,0.000,0.000,1.0
2010-04-13,05:16:00,0.402,0.200,241.720,1.800,0.000,0.000,1.0
2010-04-13,05:17:00,0.398,0.200,241.160,1.800,0.000,0.000,0.0
2010-04-13,05:18:00,0.396,0.198,240.900,1.800,0.000,0.000,1.0
2010-04-13,05:19:00,0.302,0.066,240.620,1.200,0.000,0.000,1.0
2010-04-13,05:20:00,0.298,0.062,239.820,1.200,0.000,0.000,0.0
2010-04-13,05:21:00,0.296,0.062,239.750,1.200,0.000,0.000,1.0
2010-04-13,05:22:00,0.280,0.000,239.470,1.200,0.000,0.000,0.0
2010-04-13,05:23:00,0.228,0.000,240.480,1.000,0.000,0.000,1.0
2010-04-13,05:24:00,0.230,0.000,241.760,1.000,0.000,0.000,1.0
2010-04-13,05:25:00,0.230,0.000,241.790,1.000,0.000,0.000,0.0
2010-04-13,05:26:00,0.230,0.000,241.620,1.000,0.000,0.000,1.0
2010-04-13,05:27:00,0.228,0.000,240.710,1.000,0.000,0.000,1.0
2010-04-13,05:28:00,0.228,0.000,240.590,1.000,0.000,0.000,0.0
2010-04-13,05:29:00,0.230,0.000,241.370,1.000,0.000,0.000,1.0
2010-04-13,05:30:00,0.230,0.000,241.620,1.000,0.000,0.000,1.0
2010-04-13,05:31:00,0.232,0.000,242.870,1.000,0.000,0.000,0.0
2010-04-13,05:32:00,0.232,0.000,243.090,1.000,0.000,0.000,1.0
2010-04-13,05:33:00,0.232,0.000,242.650,1.000,0.000,0.000,1.0
2010-04-13,05:34:00,0.294,0.000,242.220,1.200,0.000,0.000,0.0
2010-04-13,05:35:00,0.342,0.098,242.430,1.400,0.000,0.000,1.0
2010-04-13,05:36:00,0.338,0.100,242.930,1.400,0.000,0.000,1.0
2010-04-13,05:37:00,0.334,0.098,242.350,1.400,0.000,0.000,0.0
2010-04-13,05:38:00,0.334,0.100,242.880,1.400,0.000,0.000,1.0
2010-04-13,05:39:00,0.330,0.100,242.710,1.400,0.000,0.000,1.0
2010-04-13,05:40:00,0.328,0.098,242.310,1.400,0.000,0.000,0.0
2010-04-13,05:41:00,0.326,0.098,241.830,1.400,0.000,0.000,1.0
2010-04-13,05:42:00,0.326,0.098,242.040,1.400,0.000,0.000,1.0
2010-04-13,05:43:00,0.326,0.098,242.430,1.400,0.000,0.000,0.0
2010-04-13,05:44:00,0.280,0.000,243.470,1.200,0.000,0.000,1.0
2010-04-13,05:45:00,0.234,0.000,243.750,1.000,0.000,0.000,1.0
2010-04-13,05:46:00,0.232,0.000,243.530,1.000,0.000,0.000,0.0
2010-04-13,05:47:00,0.232,0.000,242.680,1.000,0.000,0.000,1.0
2010-04-13,05:48:00,0.230,0.000,242.420,1.000,0.000,0.000,1.0
2010-04-13,05:49:00,0.232,0.000,242.710,1.000,0.000,0.000,0.0
2010-04-13,05:50:00,0.234,0.000,242.790,1.000,0.000,0.000,1.0
2010-04-13,05:51:00,0.238,0.000,242.710,1.000,0.000,0.000,1.0
2010-04-13,05:52:00,0.238,0.000,242.550,1.000,0.000,0.000,0.0
2010-04-13,05:53:00,0.238,0.000,243.010,1.000,0.000,0.000,1.0
2010-04-13,05:54:00,0.238,0.000,242.630,1.000,0.000,0.000,1.0
2010-04-13,05:55:00,0.236,0.000,242.280,1.000,0.000,0.000,0.0
2010-04-13,05:56:00,0.236,0.000,241.810,1.000,0.000,0.000,1.0
2010-04-13,05:57:00,0.236,0.000,241.710,1.000,0.000,0.000,1.0
2010-04-13,05:58:00,0.232,0.000,240.170,1.000,0.000,0.000,0.0
2010-04-13,05:59:00,0.278,0.000,239.370,1.200,0.000,0.000,1.0
2010-04-13,06:00:00,0.414,0.176,239.660,1.800,0.000,0.000,0.0
2010-04-13,06:01:00,0.416,0.194,240.090,1.800,0.000,0.000,1.0
2010-04-13,06:02:00,0.412,0.198,240.720,1.800,0.000,0.000,1.0
2010-04-13,06:03:00,0.410,0.196,240.630,1.800,0.000,0.000,0.0
2010-04-13,06:04:00,0.406,0.196,240.490,1.800,0.000,0.000,1.0
2010-04-13,06:05:00,0.404,0.198,240.800,1.800,0.000,0.000,1.0
2010-04-13,06:06:00,0.404,0.200,241.610,1.800,0.000,0.000,0.0
2010-04-13,06:07:00,0.400,0.198,241.270,1.800,0.000,0.000,1.0
2010-04-13,06:08:00,0.400,0.200,241.360,1.800,0.000,0.000,1.0
2010-04-13,06:09:00,0.400,0.200,241.610,1.800,0.000,0.000,0.0
2010-04-13,06:10:00,0.244,0.000,241.490,1.000,0.000,0.000,1.0
2010-04-13,06:11:00,0.232,0.000,240.350,1.000,0.000,0.000,1.0
2010-04-13,06:12:00,0.232,0.000,240.010,1.000,0.000,0.000,0.0
2010-04-13,06:13:00,0.232,0.000,240.190,1.000,0.000,0.000,1.0
2010-04-13,06:14:00,0.234,0.000,241.420,1.000,0.000,0.000,1.0
2010-04-13,06:15:00,0.234,0.000,242.500,1.000,0.000,0.000,0.0
2010-04-13,06:16:00,0.234,0.000,242.390,1.000,0.000,0.000,1.0
2010-04-13,06:17:00,0.232,0.000,241.310,1.000,0.000,0.000,1.0
2010-04-13,06:18:00,0.230,0.000,240.030,1.000,0.000,0.000,0.0
2010-04-13,06:19:00,0.230,0.000,239.210,1.000,0.000,0.000,1.0
2010-04-13,06:20:00,0.230,0.000,239.160,1.000,0.000,0.000,1.0
2010-04-13,06:21:00,0.230,0.000,239.730,1.000,0.000,0.000,0.0
2010-04-13,06:22:00,0.232,0.000,240.510,1.000,0.000,0.000,1.0
2010-04-13,06:23:00,0.232,0.000,241.130,1.000,0.000,0.000,0.0
2010-04-13,06:24:00,0.232,0.000,241.350,1.000,0.000,0.000,1.0
2010-04-13,06:25:00,0.280,0.000,241.510,1.200,0.000,0.000,1.0
2010-04-13,06:26:00,0.344,0.094,241.440,1.400,0.000,0.000,0.0
2010-04-13,06:27:00,0.338,0.094,241.270,1.400,0.000,0.000,1.0
2010-04-13,06:28:00,0.336,0.094,241.700,1.400,0.000,0.000,1.0
2010-04-13,06:29:00,0.336,0.096,242.110,1.400,0.000,0.000,0.0
2010-04-13,06:30:00,0.332,0.094,241.250,1.400,0.000,0.000,1.0
2010-04-13,06:31:00,0.332,0.094,241.790,1.400,0.000,0.000,1.0
2010-04-13,06:32:00,0.332,0.096,242.270,1.400,0.000,0.000,0.0
2010-04-13,06:33:00,0.330,0.096,242.010,1.400,0.000,0.000,1.0
2010-04-13,06:34:00,0.336,0.098,242.340,1.400,0.000,0.000,1.0
2010-04-13,06:35:00,0.310,0.056,243.000,1.200,0.000,0.000,0.0
2010-04-13,06:36:00,0.242,0.000,242.400,1.000,0.000,0.000,1.0
2010-04-13,06:37:00,0.242,0.000,242.050,1.000,0.000,0.000,1.0
2010-04-13,06:38:00,0.244,0.000,242.900,1.000,0.000,0.000,0.0
2010-04-13,06:39:00,0.372,0.000,242.890,1.800,0.000,0.000,3.0
2010-04-13,06:40:00,0.858,0.188,242.770,3.600,0.000,0.000,10.0
2010-04-13,06:41:00,1.428,0.184,241.730,6.400,0.000,0.000,17.0
2010-04-13,06:42:00,2.130,0.172,241.080,8.800,0.000,0.000,29.0
2010-04-13,06:43:00,1.728,0.066,241.190,7.200,0.000,0.000,25.0
2010-04-13,06:44:00,2.396,0.000,241.220,10.200,0.000,0.000,18.0
2010-04-13,06:45:00,2.324,0.000,242.100,10.000,0.000,0.000,19.0
2010-04-13,06:46:00,2.720,0.050,242.100,11.600,0.000,0.000,19.0
2010-04-13,06:47:00,3.112,0.100,240.800,13.200,0.000,0.000,18.0
2010-04-13,06:48:00,3.772,0.104,239.620,16.000,0.000,0.000,19.0
2010-04-13,06:49:00,3.420,0.096,239.080,14.600,0.000,0.000,18.0
2010-04-13,06:50:00,2.244,0.088,240.110,9.800,0.000,0.000,18.0
2010-04-13,06:51:00,1.738,0.178,240.200,7.200,0.000,0.000,19.0
2010-04-13,06:52:00,1.942,0.212,240.430,8.000,0.000,0.000,18.0
2010-04-13,06:53:00,2.268,0.212,240.390,9.400,0.000,0.000,18.0
2010-04-13,06:54:00,2.540,0.208,240.150,10.600,0.000,0.000,19.0
2010-04-13,06:55:00,2.554,0.206,239.580,10.600,0.000,0.000,18.0
2010-04-13,06:56:00,2.586,0.202,238.680,10.800,0.000,0.000,18.0
2010-04-13,06:57:00,2.760,0.202,238.980,11.600,0.000,0.000,18.0
2010-04-13,06:58:00,2.762,0.200,238.700,11.600,0.000,0.000,18.0
2010-04-13,06:59:00,2.760,0.202,238.590,11.600,0.000,0.000,18.0
2010-04-13,07:00:00,2.726,0.206,239.420,11.400,0.000,0.000,19.0
2010-04-13,07:01:00,2.454,0.154,239.860,10.200,0.000,0.000,18.0
2010-04-13,07:02:00,2.392,0.078,239.310,10.000,0.000,0.000,18.0
2010-04-13,07:03:00,2.372,0.072,238.130,9.800,0.000,0.000,18.0
2010-04-13,07:04:00,2.508,0.070,237.900,10.400,0.000,0.000,18.0
2010-04-13,07:05:00,2.492,0.072,238.220,10.400,0.000,0.000,18.0
2010-04-13,07:06:00,2.320,0.000,238.590,9.600,0.000,0.000,18.0
2010-04-13,07:07:00,2.074,0.000,238.890,8.600,0.000,0.000,18.0
2010-04-13,07:08:00,1.996,0.000,239.670,8.200,0.000,0.000,19.0
2010-04-13,07:09:00,1.988,0.000,238.840,8.200,0.000,0.000,18.0
2010-04-13,07:10:00,1.990,0.000,238.650,8.200,0.000,0.000,18.0
2010-04-13,07:11:00,2.014,0.000,238.550,8.400,0.000,0.000,18.0
2010-04-13,07:12:00,2.072,0.000,239.600,8.600,0.000,0.000,18.0
2010-04-13,07:13:00,2.064,0.000,239.160,8.600,0.000,0.000,18.0
2010-04-13,07:14:00,2.060,0.000,238.870,8.600,0.000,0.000,18.0
2010-04-13,07:15:00,2.038,0.000,237.990,8.400,0.000,0.000,18.0
2010-04-13,07:16:00,2.308,0.000,239.860,9.600,0.000,0.000,19.0
2010-04-13,07:17:00,2.452,0.108,239.790,10.200,0.000,0.000,18.0
2010-04-13,07:18:00,2.448,0.110,240.200,10.200,0.000,0.000,18.0
2010-04-13,07:19:00,2.434,0.110,239.790,10.000,0.000,0.000,18.0
2010-04-13,07:20:00,2.368,0.108,239.080,9.800,0.000,0.000,19.0
2010-04-13,07:21:00,2.194,0.110,239.330,9.200,0.000,0.000,18.0
2010-04-13,07:22:00,2.264,0.110,239.590,9.400,0.000,0.000,18.0
2010-04-13,07:23:00,2.390,0.106,239.720,10.000,0.000,0.000,18.0
2010-04-13,07:24:00,2.402,0.108,240.080,10.000,0.000,0.000,19.0
2010-04-13,07:25:00,2.402,0.108,240.420,10.000,0.000,0.000,18.0
2010-04-13,07:26:00,2.392,0.106,239.770,10.000,0.000,0.000,18.0
2010-04-13,07:27:00,2.334,0.000,240.270,9.600,0.000,0.000,19.0
2010-04-13,07:28:00,2.560,0.058,239.090,10.600,0.000,0.000,18.0
2010-04-13,07:29:00,2.836,0.000,238.340,11.800,0.000,0.000,18.0
2010-04-13,07:30:00,2.554,0.046,239.780,10.600,0.000,0.000,18.0
2010-04-13,07:31:00,2.328,0.066,239.600,9.600,0.000,0.000,18.0
2010-04-13,07:32:00,2.318,0.066,239.220,9.600,0.000,0.000,18.0
2010-04-13,07:33:00,2.320,0.064,239.200,9.600,0.000,0.000,19.0
2010-04-13,07:34:00,2.354,0.062,238.740,9.800,0.000,0.000,18.0
2010-04-13,07:35:00,2.298,0.060,238.530,9.600,0.000,0.000,18.0
2010-04-13,07:36:00,2.248,0.056,238.250,9.400,0.000,0.000,18.0
2010-04-13,07:37:00,2.252,0.056,237.930,9.400,0.000,0.000,18.0
2010-04-13,07:38:00,2.202,0.000,237.630,9.200,0.000,0.000,18.0
2010-04-13,07:39:00,1.902,0.000,236.600,8.000,0.000,0.000,18.0
2010-04-13,07:40:00,1.846,0.046,237.150,7.800,0.000,0.000,17.0
2010-04-13,07:41:00,1.786,0.000,237.290,7.400,0.000,0.000,18.0
2010-04-13,07:42:00,1.862,0.126,237.000,7.800,0.000,0.000,18.0
2010-04-13,07:43:00,1.784,0.174,237.340,7.400,0.000,0.000,18.0
2010-04-13,07:44:00,1.772,0.172,236.900,7.400,0.000,0.000,18.0
2010-04-13,07:45:00,1.738,0.172,236.870,7.200,0.000,0.000,18.0
2010-04-13,07:46:00,1.562,0.176,237.210,6.600,0.000,0.000,18.0
2010-04-13,07:47:00,1.540,0.178,237.650,6.400,0.000,0.000,18.0
2010-04-13,07:48:00,2.072,0.320,237.680,8.800,0.000,0.000,25.0
2010-04-13,07:49:00,2.474,0.362,237.530,10.400,0.000,0.000,27.0
2010-04-13,07:50:00,2.492,0.362,237.660,10.600,0.000,0.000,28.0
2010-04-13,07:51:00,2.218,0.342,237.260,9.400,0.000,0.000,28.0
2010-04-13,07:52:00,1.872,0.266,237.470,8.000,0.000,0.000,25.0
2010-04-13,07:53:00,1.448,0.054,237.920,6.000,0.000,0.000,18.0
2010-04-13,07:54:00,1.442,0.092,237.810,6.000,0.000,0.000,18.0
2010-04-13,07:55:00,1.432,0.000,239.070,6.000,0.000,0.000,18.0
2010-04-13,07:56:00,1.380,0.050,238.250,5.800,0.000,0.000,18.0
2010-04-13,07:57:00,1.376,0.050,237.770,5.800,0.000,0.000,18.0
2010-04-13,07:58:00,1.372,0.050,237.410,5.600,0.000,0.000,18.0
2010-04-13,07:59:00,1.372,0.050,237.530,5.800,0.000,0.000,17.0
2010-04-13,08:00:00,1.380,0.050,238.250,5.800,0.000,0.000,19.0
2010-04-13,08:01:00,1.432,0.000,238.240,6.000,0.000,0.000,18.0
2010-04-13,08:02:00,1.456,0.068,238.190,6.000,0.000,1.000,18.0
2010-04-13,08:03:00,1.394,0.070,238.390,5.800,0.000,1.000,18.0
2010-04-13,08:04:00,1.538,0.068,238.700,6.400,0.000,1.000,18.0
2010-04-13,08:05:00,1.662,0.070,240.270,6.800,0.000,2.000,18.0
2010-04-13,08:06:00,1.660,0.070,240.190,6.800,0.000,1.000,18.0
2010-04-13,08:07:00,1.730,0.070,240.830,7.200,0.000,1.000,19.0
2010-04-13,08:08:00,1.848,0.202,240.820,7.600,0.000,2.000,18.0
2010-04-13,08:09:00,1.838,0.206,241.060,7.600,0.000,1.000,19.0
2010-04-13,08:10:00,1.828,0.204,240.510,7.600,0.000,2.000,18.0
2010-04-13,08:11:00,1.876,0.190,240.930,7.800,0.000,1.000,19.0
2010-04-13,08:12:00,1.878,0.184,240.240,7.800,0.000,1.000,18.0
2010-04-13,08:13:00,1.876,0.184,240.120,7.800,0.000,2.000,18.0
2010-04-13,08:14:00,1.878,0.184,240.220,7.800,0.000,1.000,19.0
2010-04-13,08:15:00,1.878,0.184,240.300,7.800,0.000,1.000,18.0
2010-04-13,08:16:00,1.882,0.184,240.580,7.800,0.000,2.000,18.0
2010-04-13,08:17:00,1.866,0.182,239.520,7.800,0.000,1.000,19.0
2010-04-13,08:18:00,1.824,0.124,239.230,7.600,0.000,2.000,18.0
2010-04-13,08:19:00,1.780,0.050,239.790,7.400,0.000,1.000,18.0
2010-04-13,08:20:00,1.776,0.050,239.760,7.400,0.000,1.000,18.0
2010-04-13,08:21:00,1.778,0.050,240.050,7.400,0.000,2.000,19.0
2010-04-13,08:22:00,1.790,0.050,240.990,7.400,0.000,1.000,18.0
2010-04-13,08:23:00,2.930,0.000,239.250,12.200,0.000,1.000,18.0
2010-04-13,08:24:00,3.056,0.000,238.740,12.800,0.000,1.000,18.0
2010-04-13,08:25:00,3.046,0.000,238.350,12.600,0.000,2.000,18.0
2010-04-13,08:26:00,2.682,0.000,238.760,11.400,0.000,1.000,18.0
2010-04-13,08:27:00,1.834,0.108,240.060,7.600,0.000,1.000,19.0
2010-04-13,08:28:00,1.836,0.148,239.360,7.600,0.000,1.000,18.0
2010-04-13,08:29:00,1.850,0.154,240.700,7.600,0.000,2.000,18.0
2010-04-13,08:30:00,1.848,0.154,240.560,7.600,0.000,1.000,19.0
2010-04-13,08:31:00,1.842,0.152,240.160,7.600,0.000,1.000,18.0
2010-04-13,08:32:00,1.836,0.152,240.000,7.600,0.000,1.000,18.0
2010-04-13,08:33:00,1.910,0.216,240.740,8.000,0.000,2.000,19.0
2010-04-13,08:34:00,2.008,0.290,241.470,8.400,0.000,1.000,18.0
2010-04-13,08:35:00,2.470,0.458,240.470,10.400,0.000,1.000,27.0
2010-04-13,08:36:00,2.514,0.462,239.390,10.600,0.000,1.000,28.0
2010-04-13,08:37:00,2.534,0.466,239.780,10.600,0.000,1.000,29.0
2010-04-13,08:38:00,2.530,0.458,238.980,10.600,0.000,2.000,28.0
2010-04-13,08:39:00,2.082,0.330,239.720,8.800,0.000,1.000,21.0
2010-04-13,08:40:00,1.882,0.210,240.450,7.800,0.000,1.000,19.0
2010-04-13,08:41:00,1.868,0.186,240.530,7.800,0.000,1.000,18.0
2010-04-13,08:42:00,2.318,0.482,239.650,10.400,0.000,1.000,18.0
2010-04-13,08:43:00,2.990,0.920,238.620,13.400,0.000,1.000,18.0
2010-04-13,08:44:00,2.914,0.804,239.430,12.800,0.000,2.000,19.0
2010-04-13,08:45:00,2.884,0.780,239.060,12.800,0.000,1.000,18.0
2010-04-13,08:46:00,2.156,0.304,238.990,9.600,0.000,1.000,18.0
2010-04-13,08:47:00,1.818,0.046,238.930,7.600,0.000,1.000,18.0
2010-04-13,08:48:00,1.982,0.196,239.220,8.600,0.000,1.000,18.0
2010-04-13,08:49:00,2.824,0.768,237.240,12.600,0.000,1.000,18.0
2010-04-13,08:50:00,2.772,0.766,236.940,12.400,0.000,2.000,18.0
2010-04-13,08:51:00,2.780,0.766,237.320,12.400,0.000,1.000,18.0
2010-04-13,08:52:00,2.762,0.760,236.500,12.400,0.000,1.000,18.0
2010-04-13,08:53:00,2.758,0.758,236.440,12.400,0.000,1.000,18.0
2010-04-13,08:54:00,2.770,0.758,236.990,12.400,0.000,1.000,17.0
2010-04-13,08:55:00,1.954,0.242,237.580,8.600,0.000,1.000,18.0
2010-04-13,08:56:00,1.684,0.048,238.960,7.000,0.000,1.000,18.0
2010-04-13,08:57:00,1.696,0.050,239.690,7.000,0.000,2.000,19.0
2010-04-13,08:58:00,1.708,0.052,240.630,7.000,0.000,1.000,18.0
2010-04-13,08:59:00,1.880,0.172,241.070,7.800,0.000,1.000,19.0
2010-04-13,09:00:00,1.866,0.186,240.590,7.800,0.000,1.000,18.0
2010-04-13,09:01:00,1.598,0.188,239.860,6.600,0.000,1.000,18.0
2010-04-13,09:02:00,1.490,0.188,239.670,6.200,0.000,1.000,18.0
2010-04-13,09:03:00,1.482,0.186,239.490,6.200,0.000,2.000,19.0
2010-04-13,09:04:00,1.478,0.186,239.280,6.200,0.000,1.000,18.0
2010-04-13,09:05:00,1.474,0.184,239.020,6.200,0.000,1.000,18.0
2010-04-13,09:06:00,1.486,0.188,240.020,6.200,0.000,1.000,18.0
2010-04-13,09:07:00,1.486,0.190,240.240,6.200,0.000,1.000,19.0
2010-04-13,09:08:00,1.482,0.188,239.780,6.200,0.000,1.000,18.0
2010-04-13,09:09:00,1.460,0.148,240.090,6.000,0.000,1.000,18.0
2010-04-13,09:10:00,1.400,0.056,240.190,5.800,0.000,2.000,19.0
2010-04-13,09:11:00,1.396,0.056,239.990,5.800,0.000,1.000,18.0
2010-04-13,09:12:00,1.400,0.058,240.210,5.800,0.000,1.000,18.0
2010-04-13,09:13:00,1.404,0.058,240.630,5.800,0.000,1.000,19.0
2010-04-13,09:14:00,1.488,0.140,240.420,6.200,0.000,1.000,18.0
2010-04-13,09:15:00,1.472,0.158,239.820,6.000,0.000,1.000,18.0
2010-04-13,09:16:00,1.476,0.158,239.920,6.200,0.000,1.000,18.0
2010-04-13,09:17:00,1.480,0.158,240.210,6.200,0.000,2.000,19.0
2010-04-13,09:18:00,1.476,0.158,240.060,6.200,0.000,1.000,18.0
2010-04-13,09:19:00,1.480,0.160,240.640,6.200,0.000,1.000,18.0
2010-04-13,09:20:00,1.480,0.160,240.690,6.200,0.000,1.000,19.0
2010-04-13,09:21:00,1.484,0.162,241.070,6.200,0.000,1.000,18.0
2010-04-13,09:22:00,1.474,0.158,240.090,6.000,0.000,1.000,19.0
2010-04-13,09:23:00,1.472,0.158,240.200,6.000,0.000,1.000,18.0
2010-04-13,09:24:00,1.520,0.188,241.130,6.200,0.000,1.000,18.0
2010-04-13,09:25:00,1.588,0.292,240.450,6.600,0.000,2.000,19.0
2010-04-13,09:26:00,1.562,0.268,240.320,6.600,0.000,1.000,18.0
2010-04-13,09:27:00,1.508,0.190,240.650,6.200,0.000,1.000,19.0
2010-04-13,09:28:00,1.508,0.190,240.850,6.200,0.000,1.000,18.0
2010-04-13,09:29:00,1.494,0.190,240.570,6.200,0.000,1.000,18.0
2010-04-13,09:30:00,1.494,0.192,240.850,6.200,0.000,1.000,19.0
2010-04-13,09:31:00,1.488,0.190,240.450,6.200,0.000,1.000,18.0
2010-04-13,09:32:00,1.496,0.194,241.150,6.200,0.000,2.000,19.0
2010-04-13,09:33:00,1.498,0.194,241.360,6.200,0.000,1.000,18.0
2010-04-13,09:34:00,1.494,0.192,241.060,6.200,0.000,1.000,19.0
2010-04-13,09:35:00,1.444,0.116,241.490,6.000,0.000,1.000,18.0
2010-04-13,09:36:00,1.408,0.060,241.790,5.800,0.000,1.000,19.0
2010-04-13,09:37:00,1.400,0.058,241.040,5.800,0.000,1.000,18.0
2010-04-13,09:38:00,1.408,0.060,241.800,5.800,0.000,1.000,19.0
2010-04-13,09:39:00,1.414,0.062,242.410,5.800,0.000,1.000,18.0
2010-04-13,09:40:00,1.410,0.060,242.090,5.800,0.000,2.000,19.0
2010-04-13,09:41:00,1.406,0.060,241.720,5.800,0.000,1.000,18.0
2010-04-13,09:42:00,1.410,0.060,242.020,5.800,0.000,1.000,19.0
2010-04-13,09:43:00,1.422,0.064,243.210,5.800,0.000,1.000,19.0
2010-04-13,09:44:00,1.420,0.062,242.910,5.800,0.000,1.000,19.0
2010-04-13,09:45:00,1.418,0.062,242.720,5.800,0.000,1.000,18.0
2010-04-13,09:46:00,1.414,0.060,242.300,5.800,0.000,1.000,19.0
2010-04-13,09:47:00,1.402,0.058,241.370,5.800,0.000,2.000,18.0
2010-04-13,09:48:00,1.398,0.058,240.830,5.800,0.000,1.000,19.0
2010-04-13,09:49:00,1.400,0.058,241.100,5.800,0.000,1.000,18.0
2010-04-13,09:50:00,1.462,0.122,240.870,6.000,0.000,1.000,19.0
2010-04-13,09:51:00,1.504,0.190,240.700,6.200,0.000,1.000,18.0
2010-04-13,09:52:00,1.502,0.192,241.020,6.200,0.000,1.000,19.0
2010-04-13,09:53:00,1.500,0.192,241.010,6.200,0.000,1.000,18.0
2010-04-13,09:54:00,1.482,0.194,240.510,6.200,0.000,1.000,18.0
2010-04-13,09:55:00,1.480,0.194,240.650,6.200,0.000,1.000,19.0
2010-04-13,09:56:00,1.480,0.194,240.770,6.200,0.000,2.000,18.0
2010-04-13,09:57:00,1.492,0.198,241.840,6.200,0.000,1.000,19.0
2010-04-13,09:58:00,1.838,0.318,241.710,7.800,0.000,1.000,24.0
2010-04-13,09:59:00,2.072,0.390,241.570,8.600,0.000,1.000,28.0
2010-04-13,10:00:00,2.094,0.394,241.890,8.800,0.000,1.000,28.0
2010-04-13,10:01:00,2.116,0.372,241.410,8.800,0.000,1.000,29.0
2010-04-13,10:02:00,1.480,0.168,241.880,6.000,0.000,1.000,20.0
2010-04-13,10:03:00,1.482,0.168,242.010,6.000,0.000,1.000,18.0
2010-04-13,10:04:00,1.476,0.170,242.190,6.000,0.000,2.000,19.0
2010-04-13,10:05:00,1.558,0.168,242.160,6.400,0.000,1.000,18.0
2010-04-13,10:06:00,2.362,0.158,240.760,10.600,0.000,1.000,19.0
2010-04-13,10:07:00,2.812,0.152,239.950,12.400,0.000,1.000,18.0
2010-04-13,10:08:00,2.402,0.158,240.570,10.800,0.000,1.000,18.0
2010-04-13,10:09:00,2.164,0.158,240.480,9.800,0.000,1.000,19.0
2010-04-13,10:10:00,2.248,0.156,239.860,10.200,0.000,1.000,18.0
2010-04-13,10:11:00,2.156,0.158,240.060,9.800,0.000,1.000,18.0
2010-04-13,10:12:00,2.172,0.158,240.480,9.800,0.000,1.000,19.0
2010-04-13,10:13:00,2.220,0.152,239.030,10.200,0.000,2.000,18.0
2010-04-13,10:14:00,1.516,0.158,239.470,6.200,0.000,1.000,18.0
2010-04-13,10:15:00,1.370,0.062,238.750,5.600,0.000,1.000,18.0
2010-04-13,10:16:00,1.642,0.158,238.270,6.800,0.000,1.000,18.0
2010-04-13,10:17:00,1.500,0.188,239.050,6.200,0.000,1.000,18.0
2010-04-13,10:18:00,1.472,0.188,239.210,6.200,0.000,1.000,18.0
2010-04-13,10:19:00,1.458,0.166,239.040,6.000,0.000,1.000,19.0
2010-04-13,10:20:00,1.404,0.068,238.910,5.800,0.000,0.000,18.0
2010-04-13,10:21:00,1.402,0.068,239.250,5.800,0.000,0.000,18.0
2010-04-13,10:22:00,1.410,0.072,240.030,5.800,0.000,0.000,18.0
2010-04-13,10:23:00,1.408,0.072,240.040,5.800,0.000,0.000,19.0
2010-04-13,10:24:00,1.408,0.072,240.060,5.800,0.000,0.000,18.0
2010-04-13,10:25:00,1.414,0.072,240.610,5.800,0.000,0.000,18.0
2010-04-13,10:26:00,1.400,0.050,240.980,5.800,0.000,0.000,19.0
2010-04-13,10:27:00,1.326,0.058,241.250,5.400,0.000,0.000,18.0
2010-04-13,10:28:00,1.334,0.058,241.890,5.400,0.000,0.000,19.0
2010-04-13,10:29:00,1.326,0.058,241.150,5.400,0.000,0.000,18.0
2010-04-13,10:30:00,1.328,0.058,241.330,5.400,0.000,0.000,19.0
2010-04-13,10:31:00,1.330,0.058,241.660,5.400,0.000,0.000,18.0
2010-04-13,10:32:00,1.332,0.058,241.800,5.400,0.000,0.000,19.0
2010-04-13,10:33:00,1.330,0.058,241.610,5.400,0.000,0.000,18.0
2010-04-13,10:34:00,1.324,0.060,240.980,5.400,0.000,0.000,19.0
2010-04-13,10:35:00,1.324,0.058,241.110,5.400,0.000,0.000,18.0
2010-04-13,10:36:00,1.318,0.060,240.530,5.400,0.000,0.000,19.0
2010-04-13,10:37:00,1.318,0.060,240.510,5.400,0.000,0.000,18.0
2010-04-13,10:38:00,1.322,0.060,240.860,5.400,0.000,0.000,18.0
2010-04-13,10:39:00,1.314,0.060,240.170,5.400,0.000,0.000,19.0
2010-04-13,10:40:00,1.314,0.060,240.090,5.400,0.000,0.000,18.0
2010-04-13,10:41:00,1.338,0.046,240.230,5.600,0.000,0.000,18.0
2010-04-13,10:42:00,1.422,0.070,240.030,5.800,0.000,0.000,19.0
2010-04-13,10:43:00,1.416,0.070,239.790,5.800,0.000,0.000,18.0
2010-04-13,10:44:00,1.416,0.072,240.300,5.800,0.000,0.000,18.0
2010-04-13,10:45:00,1.416,0.072,240.400,5.800,0.000,0.000,19.0
2010-04-13,10:46:00,1.416,0.072,240.470,5.800,0.000,0.000,18.0
2010-04-13,10:47:00,1.414,0.072,240.460,5.800,0.000,0.000,18.0
2010-04-13,10:48:00,1.408,0.070,240.150,5.800,0.000,0.000,19.0
2010-04-13,10:49:00,1.494,0.166,240.020,6.200,0.000,0.000,18.0
2010-04-13,10:50:00,1.480,0.172,239.910,6.200,0.000,0.000,18.0
2010-04-13,10:51:00,1.484,0.176,240.480,6.200,0.000,0.000,19.0
2010-04-13,10:52:00,1.432,0.106,240.130,6.000,0.000,0.000,18.0
2010-04-13,10:53:00,1.384,0.000,239.920,5.600,0.000,0.000,18.0
2010-04-13,10:54:00,1.380,0.000,239.280,5.600,0.000,0.000,18.0
2010-04-13,10:55:00,1.380,0.000,239.160,5.600,0.000,0.000,18.0
2010-04-13,10:56:00,1.374,0.000,238.870,5.600,0.000,0.000,19.0
2010-04-13,10:57:00,1.374,0.000,239.060,5.600,0.000,0.000,18.0
2010-04-13,10:58:00,1.372,0.000,238.820,5.600,0.000,0.000,18.0
2010-04-13,10:59:00,1.380,0.000,239.690,5.600,0.000,0.000,18.0
2010-04-13,11:00:00,1.376,0.046,239.810,5.600,0.000,0.000,18.0
2010-04-13,11:01:00,1.324,0.000,239.820,5.400,0.000,0.000,19.0
2010-04-13,11:02:00,1.406,0.052,239.970,5.800,0.000,0.000,18.0
2010-04-13,11:03:00,1.342,0.052,239.740,5.600,0.000,0.000,18.0
2010-04-13,11:04:00,1.304,0.050,240.070,5.400,0.000,0.000,18.0
2010-04-13,11:05:00,1.424,0.000,239.900,6.200,0.000,0.000,19.0
2010-04-13,11:06:00,2.208,0.476,239.540,9.600,0.000,0.000,18.0
2010-04-13,11:07:00,2.278,0.544,239.890,10.000,0.000,0.000,18.0
2010-04-13,11:08:00,2.324,0.614,239.880,10.200,0.000,0.000,19.0
2010-04-13,11:09:00,2.422,0.602,239.490,10.600,0.000,0.000,18.0
2010-04-13,11:10:00,2.718,0.596,239.330,11.800,0.000,0.000,18.0
2010-04-13,11:11:00,2.768,0.588,238.720,12.000,0.000,0.000,18.0
2010-04-13,11:12:00,2.782,0.594,239.400,12.000,0.000,0.000,18.0
2010-04-13,11:13:00,2.326,0.322,240.110,10.000,0.000,0.000,19.0
2010-04-13,11:14:00,1.926,0.080,241.580,7.800,0.000,0.000,18.0
2010-04-13,11:15:00,1.934,0.082,242.310,8.000,0.000,0.000,19.0
2010-04-13,11:16:00,1.934,0.082,242.350,8.000,0.000,0.000,18.0
2010-04-13,11:17:00,1.918,0.078,241.320,7.800,0.000,0.000,19.0
2010-04-13,11:18:00,1.838,0.050,242.000,7.600,0.000,0.000,18.0
2010-04-13,11:19:00,1.840,0.052,242.330,7.600,0.000,0.000,19.0
2010-04-13,11:20:00,1.842,0.052,242.550,7.600,0.000,0.000,19.0
2010-04-13,11:21:00,1.844,0.052,242.730,7.600,0.000,0.000,18.0
2010-04-13,11:22:00,1.840,0.052,242.830,7.400,0.000,0.000,19.0
2010-04-13,11:23:00,1.834,0.052,242.440,7.400,0.000,0.000,19.0
2010-04-13,11:24:00,1.818,0.054,241.310,7.400,0.000,0.000,18.0
2010-04-13,11:25:00,1.820,0.054,241.440,7.400,0.000,0.000,19.0
2010-04-13,11:26:00,1.824,0.054,241.680,7.400,0.000,0.000,18.0
2010-04-13,11:27:00,1.824,0.054,241.690,7.400,0.000,0.000,19.0
2010-04-13,11:28:00,1.826,0.054,241.910,7.400,0.000,0.000,19.0
2010-04-13,11:29:00,1.834,0.052,242.170,7.400,0.000,0.000,18.0
2010-04-13,11:30:00,1.826,0.054,241.350,7.400,0.000,0.000,19.0
2010-04-13,11:31:00,1.830,0.052,241.640,7.400,0.000,0.000,18.0
2010-04-13,11:32:00,1.828,0.052,241.580,7.400,0.000,0.000,19.0
2010-04-13,11:33:00,1.682,0.072,241.180,7.000,0.000,0.000,18.0
2010-04-13,11:34:00,1.630,0.082,241.130,6.600,0.000,0.000,19.0
2010-04-13,11:35:00,1.664,0.106,241.590,6.800,0.000,0.000,18.0
2010-04-13,11:36:00,1.700,0.186,241.150,7.000,0.000,0.000,19.0
2010-04-13,11:37:00,2.208,0.356,240.290,9.200,0.000,0.000,26.0
2010-04-13,11:38:00,2.284,0.384,241.870,9.400,0.000,0.000,28.0
2010-04-13,11:39:00,2.308,0.386,242.150,9.600,0.000,0.000,29.0
2010-04-13,11:40:00,2.262,0.366,242.120,9.400,0.000,0.000,29.0
2010-04-13,11:41:00,1.712,0.196,243.150,7.000,0.000,0.000,18.0
2010-04-13,11:42:00,1.708,0.194,242.970,7.000,0.000,0.000,19.0
2010-04-13,11:43:00,1.668,0.146,242.420,6.800,0.000,0.000,19.0
2010-04-13,11:44:00,1.608,0.056,242.520,6.600,0.000,0.000,19.0
2010-04-13,11:45:00,1.710,0.056,242.740,7.000,0.000,0.000,18.0
2010-04-13,11:46:00,1.820,0.054,242.300,7.400,0.000,0.000,19.0
2010-04-13,11:47:00,1.528,0.060,243.400,6.200,0.000,0.000,19.0
2010-04-13,11:48:00,1.378,0.000,244.130,5.600,0.000,0.000,19.0
2010-04-13,11:49:00,1.342,0.000,245.090,5.400,0.000,0.000,19.0
2010-04-13,11:50:00,1.346,0.000,245.420,5.400,0.000,0.000,19.0
2010-04-13,11:51:00,1.334,0.000,244.430,5.400,0.000,0.000,19.0
2010-04-13,11:52:00,1.330,0.000,243.850,5.400,0.000,0.000,19.0
2010-04-13,11:53:00,1.336,0.000,244.560,5.400,0.000,0.000,19.0
2010-04-13,11:54:00,1.336,0.000,244.520,5.400,0.000,0.000,18.0
2010-04-13,11:55:00,1.332,0.000,244.220,5.400,0.000,0.000,19.0
2010-04-13,11:56:00,1.330,0.000,243.980,5.400,0.000,0.000,19.0
2010-04-13,11:57:00,1.334,0.000,244.320,5.400,0.000,0.000,19.0
2010-04-13,11:58:00,1.394,0.000,244.010,5.600,0.000,0.000,19.0
2010-04-13,11:59:00,1.440,0.096,243.930,5.800,0.000,0.000,19.0
2010-04-13,12:00:00,1.432,0.094,243.720,5.800,0.000,0.000,19.0
2010-04-13,12:01:00,1.424,0.094,243.350,5.800,0.000,0.000,19.0
2010-04-13,12:02:00,1.418,0.092,242.870,5.800,0.000,0.000,18.0
2010-04-13,12:03:00,1.420,0.092,243.150,5.800,0.000,0.000,19.0
2010-04-13,12:04:00,1.416,0.092,242.900,5.800,0.000,0.000,19.0
2010-04-13,12:05:00,1.422,0.094,243.560,5.800,0.000,0.000,19.0
2010-04-13,12:06:00,1.416,0.092,243.140,5.800,0.000,0.000,19.0
2010-04-13,12:07:00,1.414,0.092,242.950,5.800,0.000,0.000,18.0
2010-04-13,12:08:00,1.404,0.090,242.140,5.800,0.000,0.000,19.0
2010-04-13,12:09:00,1.338,0.000,242.120,5.400,0.000,0.000,18.0
2010-04-13,12:10:00,1.320,0.000,242.900,5.400,0.000,0.000,19.0
2010-04-13,12:11:00,1.312,0.000,242.280,5.400,0.000,0.000,19.0
2010-04-13,12:12:00,1.318,0.000,242.820,5.400,0.000,0.000,19.0
2010-04-13,12:13:00,1.322,0.000,243.220,5.400,0.000,0.000,18.0
2010-04-13,12:14:00,1.310,0.000,242.050,5.400,0.000,0.000,19.0
2010-04-13,12:15:00,1.298,0.046,240.830,5.400,0.000,0.000,18.0
2010-04-13,12:16:00,1.308,0.000,241.870,5.400,0.000,0.000,19.0
2010-04-13,12:17:00,1.316,0.000,242.590,5.400,0.000,0.000,19.0
2010-04-13,12:18:00,1.318,0.000,242.840,5.400,0.000,0.000,18.0
2010-04-13,12:19:00,1.322,0.000,243.070,5.400,0.000,0.000,19.0
2010-04-13,12:20:00,1.324,0.000,243.310,5.400,0.000,0.000,19.0
2010-04-13,12:21:00,1.328,0.000,243.730,5.400,0.000,0.000,19.0
2010-04-13,12:22:00,1.340,0.000,243.080,5.400,0.000,0.000,18.0
2010-04-13,12:23:00,1.400,0.062,243.290,5.600,0.000,0.000,19.0
2010-04-13,12:24:00,1.488,0.162,242.970,6.200,0.000,0.000,19.0
2010-04-13,12:25:00,1.504,0.198,243.060,6.200,0.000,0.000,19.0
2010-04-13,12:26:00,1.494,0.196,242.600,6.200,0.000,0.000,18.0
2010-04-13,12:27:00,1.498,0.200,243.200,6.200,0.000,0.000,19.0
2010-04-13,12:28:00,1.496,0.200,243.280,6.200,0.000,0.000,19.0
2010-04-13,12:29:00,1.488,0.198,242.830,6.000,0.000,0.000,19.0
2010-04-13,12:30:00,1.484,0.198,242.770,6.000,0.000,0.000,18.0
2010-04-13,12:31:00,1.488,0.200,243.260,6.000,0.000,0.000,19.0
2010-04-13,12:32:00,1.486,0.198,243.100,6.000,0.000,0.000,19.0
2010-04-13,12:33:00,1.480,0.196,242.640,6.000,0.000,0.000,19.0
2010-04-13,12:34:00,1.486,0.200,243.290,6.000,0.000,0.000,18.0
2010-04-13,12:35:00,1.370,0.000,244.270,5.600,0.000,0.000,19.0
2010-04-13,12:36:00,1.330,0.000,243.900,5.400,0.000,0.000,19.0
2010-04-13,12:37:00,1.340,0.000,244.730,5.400,0.000,0.000,19.0
2010-04-13,12:38:00,1.342,0.000,245.010,5.400,0.000,0.000,19.0
2010-04-13,12:39:00,1.340,0.000,244.830,5.400,0.000,0.000,19.0
2010-04-13,12:40:00,1.336,0.000,244.490,5.400,0.000,0.000,19.0
2010-04-13,12:41:00,1.338,0.000,244.730,5.400,0.000,0.000,19.0
2010-04-13,12:42:00,1.338,0.000,244.630,5.400,0.000,0.000,19.0
2010-04-13,12:43:00,1.342,0.000,244.930,5.400,0.000,0.000,19.0
2010-04-13,12:44:00,1.332,0.000,244.090,5.400,0.000,0.000,19.0
2010-04-13,12:45:00,1.316,0.000,242.660,5.400,0.000,0.000,19.0
2010-04-13,12:46:00,1.318,0.000,242.760,5.400,0.000,0.000,19.0
2010-04-13,12:47:00,1.316,0.000,242.600,5.400,0.000,0.000,18.0
2010-04-13,12:48:00,1.316,0.000,242.470,5.400,0.000,0.000,19.0
2010-04-13,12:49:00,1.346,0.000,243.130,5.400,0.000,0.000,19.0
2010-04-13,12:50:00,1.436,0.094,243.560,5.800,0.000,0.000,19.0
2010-04-13,12:51:00,1.428,0.094,243.180,5.800,0.000,0.000,18.0
2010-04-13,12:52:00,1.418,0.092,242.610,5.800,0.000,0.000,19.0
2010-04-13,12:53:00,1.412,0.090,242.210,5.800,0.000,0.000,19.0
2010-04-13,12:54:00,1.410,0.090,242.260,5.800,0.000,0.000,18.0
2010-04-13,12:55:00,1.410,0.090,242.250,5.800,0.000,0.000,19.0
2010-04-13,12:56:00,1.416,0.094,242.940,5.800,0.000,0.000,19.0
2010-04-13,12:57:00,2.058,0.280,242.620,9.200,0.000,0.000,18.0
2010-04-13,12:58:00,3.072,0.454,241.380,13.000,0.000,0.000,19.0
2010-04-13,12:59:00,2.866,0.368,240.700,12.200,0.000,0.000,18.0
2010-04-13,13:00:00,1.372,0.000,242.480,5.600,0.000,0.000,19.0
2010-04-13,13:01:00,1.312,0.000,242.330,5.400,0.000,0.000,18.0
2010-04-13,13:02:00,1.320,0.000,243.010,5.400,0.000,0.000,19.0
2010-04-13,13:03:00,1.318,0.000,242.860,5.400,0.000,0.000,19.0
2010-04-13,13:04:00,1.318,0.000,242.820,5.400,0.000,0.000,19.0
2010-04-13,13:05:00,1.322,0.000,243.270,5.400,0.000,0.000,18.0
2010-04-13,13:06:00,1.318,0.000,242.420,5.400,0.000,0.000,19.0
2010-04-13,13:07:00,1.354,0.000,242.180,5.600,0.000,0.000,19.0
2010-04-13,13:08:00,1.568,0.158,242.900,6.400,0.000,0.000,18.0
2010-04-13,13:09:00,1.566,0.150,242.940,6.400,0.000,0.000,19.0
2010-04-13,13:10:00,1.648,0.240,242.730,6.800,0.000,0.000,19.0
2010-04-13,13:11:00,1.652,0.248,244.040,6.800,0.000,0.000,19.0
2010-04-13,13:12:00,1.642,0.242,243.420,6.800,0.000,0.000,19.0
2010-04-13,13:13:00,1.636,0.238,243.040,6.800,0.000,0.000,18.0
2010-04-13,13:14:00,1.630,0.234,242.870,6.800,0.000,0.000,19.0
2010-04-13,13:15:00,1.690,0.294,242.850,7.000,0.000,0.000,19.0
2010-04-13,13:16:00,1.732,0.366,242.620,7.200,0.000,0.000,18.0
2010-04-13,13:17:00,1.722,0.364,242.400,7.200,0.000,0.000,19.0
2010-04-13,13:18:00,2.258,0.552,242.650,9.600,0.000,0.000,27.0
2010-04-13,13:19:00,2.296,0.552,241.880,9.800,0.000,0.000,29.0
2010-04-13,13:20:00,2.380,0.518,241.280,10.000,0.000,0.000,28.0
2010-04-13,13:21:00,2.344,0.458,241.560,9.800,0.000,0.000,28.0
2010-04-13,13:22:00,1.856,0.306,242.480,7.600,0.000,0.000,18.0
2010-04-13,13:23:00,1.800,0.294,242.240,7.400,0.000,0.000,19.0
2010-04-13,13:24:00,1.658,0.244,242.380,6.800,0.000,0.000,19.0
2010-04-13,13:25:00,1.660,0.244,242.580,6.800,0.000,0.000,18.0
2010-04-13,13:26:00,1.610,0.174,242.430,6.600,0.000,0.000,19.0
2010-04-13,13:27:00,1.564,0.106,242.390,6.400,0.000,0.000,19.0
2010-04-13,13:28:00,1.558,0.112,242.820,6.400,0.000,0.000,18.0
2010-04-13,13:29:00,1.552,0.114,242.960,6.400,0.000,0.000,19.0
2010-04-13,13:30:00,1.612,0.068,242.840,6.600,0.000,0.000,19.0
2010-04-13,13:31:00,1.470,0.094,242.690,6.000,0.000,0.000,18.0
2010-04-13,13:32:00,1.466,0.094,242.990,6.000,0.000,0.000,19.0
2010-04-13,13:33:00,1.458,0.094,242.290,6.000,0.000,0.000,19.0
2010-04-13,13:34:00,1.464,0.094,242.730,6.000,0.000,0.000,19.0
2010-04-13,13:35:00,1.466,0.094,242.940,6.000,0.000,0.000,18.0
2010-04-13,13:36:00,1.446,0.090,242.700,5.800,0.000,0.000,19.0
2010-04-13,13:37:00,1.386,0.076,242.970,5.600,0.000,0.000,19.0
2010-04-13,13:38:00,1.388,0.076,242.860,5.600,0.000,0.000,18.0
2010-04-13,13:39:00,1.410,0.076,243.140,5.800,0.000,0.000,19.0
2010-04-13,13:40:00,1.410,0.074,243.350,5.800,0.000,0.000,19.0
2010-04-13,13:41:00,1.504,0.000,244.000,6.200,0.000,0.000,19.0
2010-04-13,13:42:00,1.524,0.062,243.690,6.200,0.000,0.000,19.0
2010-04-13,13:43:00,1.524,0.064,244.200,6.200,0.000,0.000,19.0
2010-04-13,13:44:00,1.526,0.066,244.640,6.200,0.000,0.000,19.0
2010-04-13,13:45:00,1.524,0.066,244.620,6.200,0.000,0.000,19.0
2010-04-13,13:46:00,1.522,0.066,244.680,6.200,0.000,0.000,19.0
2010-04-13,13:47:00,1.516,0.064,244.280,6.200,0.000,0.000,19.0
2010-04-13,13:48:00,1.514,0.064,244.190,6.200,0.000,0.000,18.0
2010-04-13,13:49:00,1.514,0.064,244.140,6.200,0.000,0.000,19.0
2010-04-13,13:50:00,1.514,0.064,244.110,6.200,0.000,0.000,19.0
2010-04-13,13:51:00,1.508,0.064,243.640,6.200,0.000,0.000,19.0
2010-04-13,13:52:00,1.428,0.060,244.060,5.800,0.000,0.000,19.0
2010-04-13,13:53:00,1.474,0.000,244.700,6.000,0.000,0.000,19.0
2010-04-13,13:54:00,1.500,0.000,244.450,6.000,0.000,0.000,19.0
2010-04-13,13:55:00,1.502,0.000,244.720,6.000,0.000,0.000,19.0
2010-04-13,13:56:00,1.486,0.000,243.390,6.000,0.000,0.000,19.0
2010-04-13,13:57:00,1.490,0.000,243.730,6.000,0.000,0.000,19.0
2010-04-13,13:58:00,1.488,0.000,243.720,6.000,0.000,0.000,19.0
2010-04-13,13:59:00,1.486,0.000,243.620,6.000,0.000,0.000,18.0
2010-04-13,14:00:00,1.492,0.000,244.400,6.000,0.000,0.000,19.0
2010-04-13,14:01:00,1.492,0.000,244.320,6.000,0.000,0.000,19.0
2010-04-13,14:02:00,1.488,0.000,244.040,6.000,0.000,0.000,19.0
2010-04-13,14:03:00,1.484,0.000,243.740,6.000,0.000,0.000,19.0
2010-04-13,14:04:00,1.480,0.000,243.400,6.000,0.000,0.000,19.0
2010-04-13,14:05:00,1.514,0.000,243.150,6.200,0.000,0.000,19.0
2010-04-13,14:06:00,1.524,0.078,244.090,6.200,0.000,0.000,18.0
2010-04-13,14:07:00,1.614,0.046,244.240,6.600,0.000,0.000,19.0
2010-04-13,14:08:00,1.616,0.048,244.950,6.600,0.000,0.000,19.0
2010-04-13,14:09:00,1.548,0.072,245.050,6.200,0.000,0.000,20.0
2010-04-13,14:10:00,1.482,0.094,244.670,6.000,0.000,0.000,19.0
2010-04-13,14:11:00,1.484,0.096,244.910,6.000,0.000,0.000,19.0
2010-04-13,14:12:00,1.482,0.094,244.900,6.000,0.000,0.000,19.0
2010-04-13,14:13:00,1.474,0.092,244.380,6.000,0.000,0.000,19.0
2010-04-13,14:14:00,1.464,0.100,244.910,6.000,0.000,0.000,19.0
2010-04-13,14:15:00,1.468,0.104,245.440,6.000,0.000,0.000,19.0
2010-04-13,14:16:00,1.462,0.102,244.950,6.000,0.000,0.000,19.0
2010-04-13,14:17:00,1.426,0.000,244.640,5.800,0.000,0.000,19.0
2010-04-13,14:18:00,1.368,0.000,244.280,5.600,0.000,0.000,19.0
2010-04-13,14:19:00,1.372,0.000,244.720,5.600,0.000,0.000,19.0
2010-04-13,14:20:00,1.372,0.000,244.940,5.600,0.000,0.000,19.0
2010-04-13,14:21:00,1.366,0.000,244.920,5.600,0.000,0.000,19.0
2010-04-13,14:22:00,1.368,0.000,244.990,5.600,0.000,0.000,19.0
2010-04-13,14:23:00,1.362,0.000,244.440,5.400,0.000,0.000,19.0
2010-04-13,14:24:00,1.370,0.000,245.180,5.600,0.000,0.000,19.0
2010-04-13,14:25:00,1.378,0.000,245.940,5.600,0.000,0.000,19.0
2010-04-13,14:26:00,1.388,0.000,246.590,5.600,0.000,0.000,19.0
2010-04-13,14:27:00,0.790,0.000,247.350,3.800,0.000,0.000,11.0
2010-04-13,14:28:00,0.264,0.000,247.490,1.000,0.000,0.000,0.0
2010-04-13,14:29:00,0.268,0.000,247.830,1.000,0.000,0.000,1.0
2010-04-13,14:30:00,0.266,0.000,248.280,1.000,0.000,0.000,1.0
2010-04-13,14:31:00,0.266,0.000,247.750,1.000,0.000,0.000,0.0
2010-04-13,14:32:00,0.398,0.124,247.050,1.800,0.000,0.000,1.0
2010-04-13,14:33:00,0.462,0.250,246.650,2.000,0.000,1.000,1.0
2010-04-13,14:34:00,0.456,0.246,245.900,2.000,0.000,2.000,0.0
2010-04-13,14:35:00,0.450,0.242,245.330,2.000,0.000,1.000,1.0
2010-04-13,14:36:00,0.452,0.246,246.160,2.000,0.000,1.000,1.0
2010-04-13,14:37:00,0.446,0.250,246.750,2.000,0.000,2.000,0.0
2010-04-13,14:38:00,0.482,0.280,246.670,2.200,0.000,1.000,1.0
2010-04-13,14:39:00,0.522,0.360,247.030,2.400,0.000,1.000,1.0
2010-04-13,14:40:00,0.654,0.358,247.140,3.000,0.000,2.000,1.0
2010-04-13,14:41:00,0.636,0.356,246.970,3.000,0.000,1.000,0.0
2010-04-13,14:42:00,0.518,0.358,246.860,2.400,0.000,2.000,1.0
2010-04-13,14:43:00,0.434,0.234,247.270,2.000,0.000,1.000,1.0
2010-04-13,14:44:00,0.422,0.218,247.450,1.800,0.000,1.000,0.0
2010-04-13,14:45:00,0.422,0.222,248.360,1.800,0.000,2.000,1.0
2010-04-13,14:46:00,0.422,0.220,248.070,1.800,0.000,1.000,1.0
2010-04-13,14:47:00,0.430,0.214,246.630,1.800,0.000,2.000,0.0
2010-04-13,14:48:00,0.424,0.212,246.090,1.800,0.000,1.000,1.0
2010-04-13,14:49:00,0.422,0.214,246.370,1.800,0.000,1.000,1.0
2010-04-13,14:50:00,0.406,0.188,246.230,1.800,0.000,2.000,0.0
2010-04-13,14:51:00,0.342,0.100,245.600,1.400,0.000,1.000,1.0
2010-04-13,14:52:00,0.342,0.102,246.160,1.400,0.000,1.000,1.0
2010-04-13,14:53:00,0.342,0.102,246.370,1.400,0.000,2.000,0.0
2010-04-13,14:54:00,0.340,0.102,246.400,1.400,0.000,1.000,1.0
2010-04-13,14:55:00,0.322,0.098,245.130,1.400,0.000,1.000,1.0
2010-04-13,14:56:00,0.312,0.098,244.940,1.200,0.000,2.000,0.0
2010-04-13,14:57:00,0.312,0.096,244.670,1.200,0.000,1.000,1.0
2010-04-13,14:58:00,0.414,0.212,244.880,2.000,0.000,1.000,1.0
2010-04-13,14:59:00,0.420,0.238,245.290,1.800,0.000,1.000,0.0
2010-04-13,15:00:00,0.414,0.238,245.300,1.800,0.000,2.000,1.0
2010-04-13,15:01:00,0.412,0.238,245.130,1.800,0.000,1.000,1.0
2010-04-13,15:02:00,0.418,0.242,245.650,1.800,0.000,1.000,0.0
2010-04-13,15:03:00,0.416,0.240,245.560,1.800,0.000,1.000,1.0
2010-04-13,15:04:00,0.414,0.240,245.440,1.800,0.000,2.000,1.0
2010-04-13,15:05:00,0.406,0.240,245.560,1.800,0.000,1.000,0.0
2010-04-13,15:06:00,0.406,0.242,245.900,1.800,0.000,1.000,1.0
2010-04-13,15:07:00,0.404,0.240,245.650,1.800,0.000,1.000,1.0
2010-04-13,15:08:00,0.368,0.188,245.150,1.600,0.000,1.000,1.0
2010-04-13,15:09:00,0.422,0.142,244.740,2.000,0.000,2.000,2.0
2010-04-13,15:10:00,0.886,0.308,244.360,3.800,0.000,1.000,10.0
2010-04-13,15:11:00,0.904,0.310,244.710,3.800,0.000,1.000,11.0
2010-04-13,15:12:00,0.932,0.312,245.040,4.000,0.000,1.000,11.0
2010-04-13,15:13:00,0.564,0.188,246.310,2.600,0.000,1.000,5.0
2010-04-13,15:14:00,0.308,0.100,245.890,1.200,0.000,2.000,1.0
2010-04-13,15:15:00,0.308,0.100,246.190,1.200,0.000,1.000,1.0
2010-04-13,15:16:00,0.310,0.102,246.590,1.200,0.000,1.000,0.0
2010-04-13,15:17:00,0.316,0.102,246.440,1.200,0.000,1.000,1.0
2010-04-13,15:18:00,0.318,0.102,246.920,1.200,0.000,1.000,1.0
2010-04-13,15:19:00,0.316,0.102,246.920,1.200,0.000,2.000,0.0
2010-04-13,15:20:00,0.310,0.104,247.180,1.200,0.000,1.000,1.0
2010-04-13,15:21:00,0.310,0.102,247.110,1.200,0.000,1.000,1.0
2010-04-13,15:22:00,0.310,0.102,246.990,1.200,0.000,1.000,0.0
2010-04-13,15:23:00,0.346,0.134,247.610,1.600,0.000,1.000,1.0
2010-04-13,15:24:00,0.418,0.240,245.610,1.800,0.000,2.000,1.0
2010-04-13,15:25:00,0.460,0.282,245.260,2.200,0.000,1.000,0.0
2010-04-13,15:26:00,0.486,0.348,245.410,2.400,0.000,1.000,1.0
2010-04-13,15:27:00,0.482,0.342,244.550,2.400,0.000,1.000,1.0
2010-04-13,15:28:00,0.480,0.340,244.080,2.400,0.000,1.000,0.0
2010-04-13,15:29:00,0.476,0.338,243.730,2.400,0.000,1.000,1.0
2010-04-13,15:30:00,0.476,0.340,244.230,2.400,0.000,2.000,1.0
2010-04-13,15:31:00,0.474,0.342,244.390,2.400,0.000,1.000,0.0
2010-04-13,15:32:00,0.480,0.346,245.170,2.400,0.000,1.000,1.0
2010-04-13,15:33:00,0.480,0.348,245.260,2.400,0.000,1.000,1.0
2010-04-13,15:34:00,0.414,0.252,246.000,2.000,0.000,1.000,0.0
2010-04-13,15:35:00,0.384,0.210,246.070,1.800,0.000,1.000,1.0
2010-04-13,15:36:00,0.384,0.208,245.990,1.800,0.000,2.000,1.0
2010-04-13,15:37:00,0.316,0.108,245.610,1.400,0.000,1.000,0.0
2010-04-13,15:38:00,0.306,0.098,245.450,1.200,0.000,1.000,1.0
2010-04-13,15:39:00,0.304,0.096,245.090,1.200,0.000,1.000,1.0
2010-04-13,15:40:00,0.304,0.094,244.240,1.200,0.000,1.000,0.0
2010-04-13,15:41:00,0.304,0.094,244.490,1.200,0.000,1.000,1.0
2010-04-13,15:42:00,0.302,0.094,244.170,1.200,0.000,2.000,1.0
2010-04-13,15:43:00,0.304,0.096,244.900,1.200,0.000,1.000,0.0
2010-04-13,15:44:00,0.304,0.094,244.710,1.200,0.000,1.000,1.0
2010-04-13,15:45:00,0.304,0.096,245.160,1.200,0.000,1.000,1.0
2010-04-13,15:46:00,0.304,0.096,244.930,1.200,0.000,1.000,0.0
2010-04-13,15:47:00,0.310,0.094,244.560,1.200,0.000,1.000,1.0
2010-04-13,15:48:00,0.312,0.098,245.240,1.200,0.000,1.000,1.0
2010-04-13,15:49:00,0.386,0.176,245.470,1.800,0.000,2.000,1.0
2010-04-13,15:50:00,0.422,0.238,245.410,1.800,0.000,1.000,0.0
2010-04-13,15:51:00,0.434,0.260,244.870,2.000,0.000,1.000,1.0
2010-04-13,15:52:00,0.508,0.276,245.090,2.200,1.000,1.000,1.0
2010-04-13,15:53:00,0.486,0.254,244.770,2.200,1.000,1.000,0.0
2010-04-13,15:54:00,0.478,0.246,244.420,2.200,1.000,1.000,1.0
2010-04-13,15:55:00,0.468,0.246,244.480,2.000,2.000,2.000,1.0
2010-04-13,15:56:00,0.470,0.248,245.170,2.000,1.000,1.000,0.0
2010-04-13,15:57:00,0.468,0.250,245.270,2.000,1.000,1.000,1.0
2010-04-13,15:58:00,0.590,0.284,245.150,2.800,1.000,1.000,1.0
2010-04-13,15:59:00,0.726,0.276,245.290,3.200,2.000,1.000,0.0
2010-04-13,16:00:00,0.466,0.090,246.100,1.800,1.000,1.000,1.0
2010-04-13,16:01:00,0.468,0.094,246.900,1.800,1.000,1.000,1.0
2010-04-13,16:02:00,0.478,0.090,246.320,2.000,1.000,2.000,0.0
2010-04-13,16:03:00,0.478,0.094,246.750,2.000,1.000,1.000,1.0
2010-04-13,16:04:00,0.484,0.094,246.180,2.000,2.000,1.000,1.0
2010-04-13,16:05:00,0.472,0.088,245.820,2.000,1.000,1.000,0.0
2010-04-13,16:06:00,0.474,0.086,245.360,2.000,1.000,1.000,1.0
2010-04-13,16:07:00,0.470,0.086,245.410,2.000,1.000,1.000,1.0
2010-04-13,16:08:00,0.474,0.088,245.840,2.000,2.000,2.000,0.0
2010-04-13,16:09:00,0.468,0.096,245.610,2.000,1.000,1.000,1.0
2010-04-13,16:10:00,0.446,0.132,246.090,1.800,1.000,1.000,1.0
2010-04-13,16:11:00,0.684,0.096,245.430,2.800,1.000,1.000,0.0
2010-04-13,16:12:00,0.892,0.184,244.930,4.600,3.000,1.000,1.0
2010-04-13,16:13:00,2.818,0.162,242.690,11.600,39.000,1.000,1.0
2010-04-13,16:14:00,2.792,0.158,241.930,11.400,39.000,1.000,0.0
2010-04-13,16:15:00,2.900,0.280,242.200,12.000,39.000,1.000,1.0
2010-04-13,16:16:00,2.894,0.296,242.270,12.000,38.000,2.000,1.0
2010-04-13,16:17:00,2.882,0.294,241.680,11.800,39.000,1.000,0.0
2010-04-13,16:18:00,2.882,0.294,241.860,11.800,38.000,1.000,1.0
2010-04-13,16:19:00,2.868,0.292,241.310,11.800,39.000,1.000,1.0
2010-04-13,16:20:00,2.870,0.296,241.800,11.800,38.000,1.000,0.0
2010-04-13,16:21:00,2.890,0.302,243.070,11.800,39.000,1.000,1.0
2010-04-13,16:22:00,2.870,0.298,242.340,11.800,39.000,1.000,1.0
2010-04-13,16:23:00,2.864,0.296,242.190,11.800,38.000,2.000,0.0
2010-04-13,16:24:00,2.836,0.258,242.200,11.600,39.000,1.000,1.0
2010-04-13,16:25:00,0.634,0.208,244.280,3.200,5.000,1.000,1.0
2010-04-13,16:26:00,0.462,0.084,245.010,1.800,1.000,1.000,0.0
2010-04-13,16:27:00,0.464,0.084,244.850,1.800,1.000,1.000,1.0
2010-04-13,16:28:00,0.460,0.084,244.780,1.800,1.000,1.000,1.0
2010-04-13,16:29:00,0.462,0.082,244.200,1.800,1.000,1.000,0.0
2010-04-13,16:30:00,0.482,0.084,244.740,2.000,2.000,1.000,1.0
2010-04-13,16:31:00,0.464,0.082,244.390,1.800,1.000,2.000,1.0
2010-04-13,16:32:00,0.460,0.082,243.940,1.800,1.000,1.000,0.0
2010-04-13,16:33:00,0.462,0.080,243.640,1.800,1.000,1.000,1.0
2010-04-13,16:34:00,0.460,0.080,243.920,1.800,2.000,1.000,1.0
2010-04-13,16:35:00,0.460,0.080,243.450,1.800,1.000,1.000,0.0
2010-04-13,16:36:00,0.460,0.080,243.830,1.800,1.000,1.000,1.0
2010-04-13,16:37:00,0.560,0.076,242.990,2.400,1.000,1.000,1.0
2010-04-13,16:38:00,0.644,0.072,242.380,2.600,1.000,1.000,0.0
2010-04-13,16:39:00,0.458,0.080,243.190,1.800,2.000,2.000,1.0
2010-04-13,16:40:00,0.500,0.122,244.310,2.200,1.000,1.000,1.0
2010-04-13,16:41:00,0.570,0.222,244.180,2.400,1.000,1.000,0.0
2010-04-13,16:42:00,0.562,0.216,242.740,2.400,1.000,1.000,1.0
2010-04-13,16:43:00,0.556,0.212,241.980,2.400,2.000,1.000,1.0
2010-04-13,16:44:00,0.552,0.208,241.150,2.400,1.000,1.000,0.0
2010-04-13,16:45:00,0.552,0.210,241.680,2.400,1.000,1.000,1.0
2010-04-13,16:46:00,0.552,0.210,241.470,2.400,1.000,1.000,1.0
2010-04-13,16:47:00,0.538,0.192,242.310,2.400,1.000,1.000,0.0
2010-04-13,16:48:00,0.484,0.090,241.900,2.000,2.000,0.000,1.0
2010-04-13,16:49:00,0.484,0.090,242.120,2.000,1.000,0.000,1.0
2010-04-13,16:50:00,0.486,0.092,242.290,2.000,1.000,0.000,0.0
2010-04-13,16:51:00,0.442,0.000,241.030,1.800,1.000,0.000,1.0
2010-04-13,16:52:00,0.390,0.000,241.480,1.600,2.000,0.000,1.0
2010-04-13,16:53:00,0.388,0.000,242.840,1.600,1.000,0.000,0.0
2010-04-13,16:54:00,0.392,0.000,242.850,1.600,1.000,0.000,1.0
2010-04-13,16:55:00,0.524,0.000,242.920,2.400,1.000,0.000,2.0
2010-04-13,16:56:00,0.972,0.152,241.880,4.000,2.000,0.000,11.0
2010-04-13,16:57:00,0.976,0.144,241.160,4.000,1.000,0.000,10.0
2010-04-13,16:58:00,1.010,0.146,241.490,4.200,1.000,0.000,11.0
2010-04-13,16:59:00,0.828,0.158,242.960,3.800,1.000,0.000,7.0
2010-04-13,17:00:00,0.468,0.064,243.030,1.800,1.000,0.000,1.0
2010-04-13,17:01:00,0.466,0.064,242.960,1.800,2.000,0.000,1.0
2010-04-13,17:02:00,0.466,0.062,242.550,1.800,1.000,0.000,0.0
2010-04-13,17:03:00,0.460,0.058,241.520,1.800,1.000,0.000,1.0
2010-04-13,17:04:00,0.462,0.058,241.260,1.800,1.000,0.000,1.0
2010-04-13,17:05:00,0.456,0.058,241.340,1.800,2.000,0.000,0.0
2010-04-13,17:06:00,0.530,0.134,241.790,2.200,1.000,0.000,1.0
2010-04-13,17:07:00,0.572,0.200,241.800,2.400,1.000,0.000,0.0
2010-04-13,17:08:00,0.560,0.196,241.740,2.400,1.000,0.000,1.0
2010-04-13,17:09:00,0.556,0.196,242.000,2.400,2.000,0.000,1.0
2010-04-13,17:10:00,0.556,0.196,242.060,2.400,1.000,0.000,0.0
2010-04-13,17:11:00,0.524,0.152,241.720,2.200,1.000,0.000,1.0
2010-04-13,17:12:00,0.482,0.090,241.470,2.000,1.000,0.000,1.0
2010-04-13,17:13:00,0.482,0.090,241.710,2.000,1.000,0.000,0.0
2010-04-13,17:14:00,0.482,0.090,241.900,2.000,1.000,0.000,1.0
2010-04-13,17:15:00,0.484,0.092,242.310,2.000,2.000,0.000,1.0
2010-04-13,17:16:00,0.478,0.126,242.090,2.000,1.000,0.000,0.0
2010-04-13,17:17:00,0.398,0.000,242.660,1.600,1.000,0.000,1.0
2010-04-13,17:18:00,0.394,0.000,242.560,1.600,1.000,0.000,1.0
2010-04-13,17:19:00,0.394,0.000,242.610,1.600,1.000,0.000,0.0
2010-04-13,17:20:00,0.386,0.000,243.250,1.600,1.000,0.000,1.0
2010-04-13,17:21:00,0.386,0.000,242.830,1.600,1.000,0.000,1.0
2010-04-13,17:22:00,0.384,0.000,242.080,1.600,1.000,0.000,0.0
2010-04-13,17:23:00,0.384,0.000,241.380,1.600,2.000,0.000,1.0
2010-04-13,17:24:00,0.382,0.000,241.510,1.600,1.000,0.000,1.0
2010-04-13,17:25:00,0.348,0.000,241.880,1.400,0.000,0.000,0.0
2010-04-13,17:26:00,0.378,0.000,241.780,1.600,1.000,0.000,1.0
2010-04-13,17:27:00,1.540,0.052,240.170,7.800,19.000,0.000,1.0
2010-04-13,17:28:00,2.648,0.068,239.360,11.000,37.000,0.000,0.0
2010-04-13,17:29:00,2.656,0.068,239.500,11.000,38.000,0.000,1.0
2010-04-13,17:30:00,2.582,0.068,239.260,10.800,38.000,0.000,1.0
2010-04-13,17:31:00,2.580,0.066,239.480,10.600,38.000,0.000,0.0
2010-04-13,17:32:00,2.698,0.052,239.920,11.200,38.000,0.000,1.0
2010-04-13,17:33:00,2.700,0.066,240.110,11.200,38.000,0.000,0.0
2010-04-13,17:34:00,2.696,0.064,239.940,11.200,37.000,0.000,1.0
2010-04-13,17:35:00,2.678,0.064,239.280,11.200,38.000,0.000,1.0
2010-04-13,17:36:00,2.690,0.068,240.480,11.200,38.000,0.000,0.0
2010-04-13,17:37:00,2.698,0.068,240.850,11.200,38.000,0.000,1.0
2010-04-13,17:38:00,2.700,0.068,240.700,11.200,38.000,0.000,1.0
2010-04-13,17:39:00,2.696,0.068,240.450,11.200,38.000,0.000,0.0
2010-04-13,17:40:00,2.706,0.070,241.150,11.200,38.000,0.000,1.0
2010-04-13,17:41:00,1.326,0.084,242.480,7.000,17.000,0.000,1.0
2010-04-13,17:42:00,0.428,0.088,243.530,1.800,0.000,0.000,0.0
2010-04-13,17:43:00,0.336,0.000,243.290,1.400,0.000,0.000,1.0
2010-04-13,17:44:00,0.340,0.000,243.570,1.400,0.000,0.000,1.0
2010-04-13,17:45:00,0.356,0.000,243.250,1.400,1.000,0.000,0.0
2010-04-13,17:46:00,0.390,0.000,243.280,1.800,0.000,0.000,1.0
2010-04-13,17:47:00,0.410,0.056,243.480,1.600,0.000,0.000,1.0
2010-04-13,17:48:00,0.410,0.056,243.250,1.600,0.000,0.000,0.0
2010-04-13,17:49:00,0.410,0.056,243.590,1.600,0.000,0.000,1.0
2010-04-13,17:50:00,0.408,0.056,243.360,1.600,0.000,0.000,1.0
2010-04-13,17:51:00,0.406,0.054,243.060,1.600,0.000,0.000,0.0
2010-04-13,17:52:00,0.406,0.056,242.990,1.600,0.000,0.000,1.0
2010-04-13,17:53:00,0.406,0.058,243.590,1.600,0.000,0.000,1.0
2010-04-13,17:54:00,0.404,0.056,243.600,1.600,0.000,0.000,0.0
2010-04-13,17:55:00,0.402,0.056,243.160,1.600,0.000,0.000,1.0
2010-04-13,17:56:00,0.402,0.056,243.040,1.600,0.000,0.000,1.0
2010-04-13,17:57:00,0.432,0.078,242.860,1.800,0.000,0.000,0.0
2010-04-13,17:58:00,0.524,0.206,242.820,2.200,0.000,0.000,1.0
2010-04-13,17:59:00,0.460,0.120,242.980,2.000,0.000,0.000,1.0
2010-04-13,18:00:00,0.440,0.090,242.790,1.800,0.000,0.000,0.0
2010-04-13,18:01:00,0.430,0.082,241.980,1.800,0.000,0.000,1.0
2010-04-13,18:02:00,0.428,0.082,241.670,1.800,0.000,0.000,1.0
2010-04-13,18:03:00,0.428,0.084,242.490,1.800,0.000,0.000,0.0
2010-04-13,18:04:00,0.418,0.082,241.910,1.800,0.000,0.000,1.0
2010-04-13,18:05:00,0.416,0.082,241.900,1.800,0.000,0.000,1.0
2010-04-13,18:06:00,0.416,0.084,242.440,1.800,0.000,0.000,0.0
2010-04-13,18:07:00,0.414,0.082,242.040,1.800,0.000,0.000,1.0
2010-04-13,18:08:00,0.410,0.076,242.030,1.600,0.000,0.000,1.0
2010-04-13,18:09:00,0.320,0.052,241.630,1.400,0.000,0.000,0.0
2010-04-13,18:10:00,0.320,0.052,241.720,1.400,0.000,0.000,1.0
2010-04-13,18:11:00,0.320,0.050,241.770,1.400,0.000,0.000,1.0
2010-04-13,18:12:00,0.320,0.050,242.050,1.400,0.000,0.000,0.0
2010-04-13,18:13:00,0.320,0.050,241.860,1.400,0.000,0.000,1.0
2010-04-13,18:14:00,0.324,0.050,242.120,1.400,0.000,0.000,1.0
2010-04-13,18:15:00,0.338,0.000,243.280,1.400,0.000,0.000,0.0
2010-04-13,18:16:00,0.352,0.000,243.040,1.400,0.000,0.000,1.0
2010-04-13,18:17:00,0.324,0.048,243.360,1.400,0.000,0.000,1.0
2010-04-13,18:18:00,0.326,0.050,243.170,1.400,0.000,0.000,0.0
2010-04-13,18:19:00,0.326,0.048,243.360,1.400,0.000,0.000,1.0
2010-04-13,18:20:00,0.346,0.046,242.870,1.400,0.000,0.000,1.0
2010-04-13,18:21:00,1.100,0.054,241.310,4.600,0.000,0.000,0.0
2010-04-13,18:22:00,0.284,0.000,242.310,1.200,0.000,0.000,1.0
2010-04-13,18:23:00,0.408,0.000,242.200,1.800,0.000,0.000,0.0
2010-04-13,18:24:00,0.680,0.104,241.830,2.800,0.000,0.000,1.0
2010-04-13,18:25:00,0.670,0.110,242.540,2.800,0.000,0.000,1.0
2010-04-13,18:26:00,0.654,0.112,242.120,2.600,0.000,0.000,0.0
2010-04-13,18:27:00,0.650,0.110,241.540,2.600,0.000,0.000,1.0
2010-04-13,18:28:00,0.654,0.112,242.040,2.600,0.000,0.000,1.0
2010-04-13,18:29:00,0.652,0.112,242.240,2.600,0.000,0.000,0.0
2010-04-13,18:30:00,0.652,0.112,242.290,2.600,0.000,0.000,1.0
2010-04-13,18:31:00,0.648,0.112,242.230,2.600,0.000,0.000,1.0
2010-04-13,18:32:00,0.650,0.114,242.740,2.600,0.000,0.000,0.0
2010-04-13,18:33:00,0.712,0.172,242.200,3.000,0.000,0.000,1.0
2010-04-13,18:34:00,0.708,0.186,242.200,3.000,0.000,0.000,1.0
2010-04-13,18:35:00,0.634,0.080,241.870,2.600,0.000,0.000,0.0
2010-04-13,18:36:00,0.632,0.082,242.010,2.600,0.000,0.000,1.0
2010-04-13,18:37:00,0.640,0.082,242.280,2.600,0.000,0.000,1.0
2010-04-13,18:38:00,0.692,0.080,242.220,2.800,0.000,0.000,0.0
2010-04-13,18:39:00,0.688,0.078,241.700,2.800,0.000,0.000,1.0
2010-04-13,18:40:00,1.036,0.204,241.830,4.600,0.000,0.000,6.0
2010-04-13,18:41:00,1.262,0.272,241.300,5.200,0.000,0.000,10.0
2010-04-13,18:42:00,1.284,0.270,241.150,5.400,0.000,0.000,11.0
2010-04-13,18:43:00,1.304,0.266,240.740,5.400,0.000,0.000,11.0
2010-04-13,18:44:00,0.836,0.124,240.850,3.600,0.000,0.000,4.0
2010-04-13,18:45:00,0.664,0.050,241.500,2.600,0.000,0.000,0.0
2010-04-13,18:46:00,0.614,0.000,241.770,2.400,0.000,0.000,1.0
2010-04-13,18:47:00,0.614,0.000,241.510,2.400,0.000,0.000,1.0
2010-04-13,18:48:00,0.614,0.000,241.220,2.400,0.000,0.000,0.0
2010-04-13,18:49:00,0.672,0.000,241.190,2.800,0.000,0.000,1.0
2010-04-13,18:50:00,0.720,0.106,240.760,3.000,0.000,0.000,1.0
2010-04-13,18:51:00,0.714,0.108,241.150,3.000,0.000,0.000,0.0
2010-04-13,18:52:00,0.712,0.106,240.860,3.000,0.000,0.000,1.0
2010-04-13,18:53:00,0.712,0.104,240.890,3.000,0.000,0.000,1.0
2010-04-13,18:54:00,0.714,0.108,241.520,3.000,0.000,0.000,0.0
2010-04-13,18:55:00,0.714,0.108,241.800,3.000,0.000,0.000,1.0
2010-04-13,18:56:00,0.712,0.110,242.190,3.000,0.000,0.000,1.0
2010-04-13,18:57:00,0.712,0.110,242.190,3.000,0.000,0.000,0.0
2010-04-13,18:58:00,0.712,0.110,241.920,3.000,0.000,0.000,1.0
2010-04-13,18:59:00,0.716,0.108,241.510,3.000,0.000,0.000,1.0
2010-04-13,19:00:00,0.670,0.000,241.980,2.800,0.000,0.000,0.0
2010-04-13,19:01:00,0.620,0.000,241.370,2.600,0.000,0.000,1.0
2010-04-13,19:02:00,0.622,0.000,241.870,2.600,0.000,0.000,1.0
2010-04-13,19:03:00,0.622,0.000,242.000,2.600,0.000,0.000,0.0
2010-04-13,19:04:00,0.616,0.000,241.710,2.400,0.000,0.000,1.0
2010-04-13,19:05:00,0.638,0.000,240.020,2.600,0.000,0.000,0.0
2010-04-13,19:06:00,0.702,0.116,239.410,3.000,0.000,0.000,1.0
2010-04-13,19:07:00,0.708,0.000,239.240,2.800,0.000,0.000,1.0
2010-04-13,19:08:00,0.870,0.000,238.880,3.600,0.000,0.000,0.0
2010-04-13,19:09:00,0.920,0.000,238.550,3.800,0.000,0.000,1.0
2010-04-13,19:10:00,1.160,0.000,238.820,4.800,0.000,0.000,1.0
2010-04-13,19:11:00,1.106,0.000,238.820,4.600,0.000,0.000,0.0
2010-04-13,19:12:00,1.228,0.064,238.590,5.000,0.000,0.000,1.0
2010-04-13,19:13:00,2.290,0.110,236.880,9.800,0.000,0.000,15.0
2010-04-13,19:14:00,2.394,0.110,236.670,10.000,0.000,0.000,18.0
2010-04-13,19:15:00,2.444,0.000,235.890,10.200,0.000,0.000,18.0
2010-04-13,19:16:00,2.456,0.000,236.020,10.400,0.000,0.000,18.0
2010-04-13,19:17:00,2.442,0.000,235.660,10.200,0.000,0.000,18.0
2010-04-13,19:18:00,2.454,0.000,235.650,10.400,0.000,0.000,18.0
2010-04-13,19:19:00,2.566,0.000,235.900,10.800,0.000,0.000,18.0
2010-04-13,19:20:00,2.726,0.072,236.240,11.400,0.000,0.000,17.0
2010-04-13,19:21:00,2.746,0.118,236.980,11.600,0.000,0.000,18.0
2010-04-13,19:22:00,2.746,0.118,237.030,11.600,0.000,0.000,18.0
2010-04-13,19:23:00,2.758,0.120,237.760,11.600,0.000,0.000,18.0
2010-04-13,19:24:00,2.622,0.120,237.840,11.000,0.000,0.000,18.0
2010-04-13,19:25:00,2.400,0.124,237.920,10.000,0.000,0.000,18.0
2010-04-13,19:26:00,2.276,0.000,237.890,9.400,0.000,0.000,18.0
2010-04-13,19:27:00,2.148,0.000,238.080,9.000,0.000,0.000,18.0
2010-04-13,19:28:00,2.104,0.000,237.600,8.800,0.000,0.000,18.0
2010-04-13,19:29:00,1.832,0.000,237.990,7.600,0.000,0.000,18.0
2010-04-13,19:30:00,1.540,0.000,238.140,6.400,0.000,0.000,18.0
2010-04-13,19:31:00,1.542,0.000,238.210,6.400,0.000,0.000,18.0
2010-04-13,19:32:00,1.362,0.000,236.950,5.600,0.000,0.000,18.0
2010-04-13,19:33:00,1.336,0.000,236.560,5.600,0.000,0.000,18.0
2010-04-13,19:34:00,1.322,0.000,236.330,5.600,0.000,0.000,18.0
2010-04-13,19:35:00,1.270,0.052,236.730,5.200,0.000,0.000,17.0
2010-04-13,19:36:00,1.262,0.052,236.530,5.200,0.000,0.000,18.0
2010-04-13,19:37:00,1.266,0.052,237.100,5.200,0.000,0.000,18.0
2010-04-13,19:38:00,1.278,0.052,238.000,5.200,0.000,0.000,18.0
2010-04-13,19:39:00,1.290,0.050,239.210,5.400,0.000,0.000,18.0
2010-04-13,19:40:00,1.304,0.000,239.340,5.400,0.000,0.000,18.0
2010-04-13,19:41:00,1.384,0.076,237.880,5.800,0.000,0.000,18.0
2010-04-13,19:42:00,1.384,0.078,238.300,5.800,0.000,0.000,18.0
2010-04-13,19:43:00,1.378,0.076,238.150,5.800,0.000,0.000,18.0
2010-04-13,19:44:00,1.388,0.078,238.730,5.800,0.000,0.000,19.0
2010-04-13,19:45:00,1.526,0.124,238.620,6.400,0.000,0.000,19.0
2010-04-13,19:46:00,1.964,0.252,238.390,8.200,0.000,0.000,28.0
2010-04-13,19:47:00,1.980,0.254,238.740,8.200,0.000,0.000,28.0
2010-04-13,19:48:00,2.004,0.252,238.770,8.400,0.000,0.000,29.0
2010-04-13,19:49:00,1.920,0.224,237.890,8.000,0.000,0.000,27.0
2010-04-13,19:50:00,1.378,0.078,238.660,5.600,0.000,0.000,18.0
2010-04-13,19:51:00,1.368,0.060,239.660,5.600,0.000,0.000,18.0
2010-04-13,19:52:00,1.292,0.050,239.640,5.400,0.000,0.000,19.0
2010-04-13,19:53:00,1.298,0.050,240.090,5.400,0.000,0.000,18.0
2010-04-13,19:54:00,1.296,0.050,239.880,5.400,0.000,0.000,18.0
2010-04-13,19:55:00,1.298,0.050,240.150,5.400,0.000,0.000,19.0
2010-04-13,19:56:00,1.286,0.050,239.300,5.200,0.000,0.000,18.0
2010-04-13,19:57:00,1.292,0.050,239.760,5.400,0.000,0.000,18.0
2010-04-13,19:58:00,1.290,0.050,239.360,5.400,0.000,0.000,18.0
2010-04-13,19:59:00,1.308,0.050,240.500,5.400,0.000,0.000,19.0
2010-04-13,20:00:00,1.312,0.048,240.820,5.400,0.000,0.000,18.0
2010-04-13,20:01:00,1.304,0.050,240.240,5.400,0.000,0.000,18.0
2010-04-13,20:02:00,1.290,0.050,239.000,5.400,0.000,0.000,18.0
2010-04-13,20:03:00,1.280,0.052,238.420,5.200,0.000,0.000,19.0
2010-04-13,20:04:00,1.252,0.054,235.690,5.200,0.000,0.000,17.0
2010-04-13,20:05:00,1.258,0.054,236.150,5.200,0.000,0.000,18.0
2010-04-13,20:06:00,1.308,0.000,236.310,5.400,0.000,0.000,18.0
2010-04-13,20:07:00,1.364,0.072,236.280,5.600,0.000,0.000,17.0
2010-04-13,20:08:00,1.360,0.070,236.090,5.600,0.000,0.000,18.0
2010-04-13,20:09:00,1.386,0.090,235.940,5.800,0.000,0.000,18.0
2010-04-13,20:10:00,1.440,0.172,237.090,6.000,0.000,0.000,18.0
2010-04-13,20:11:00,1.434,0.172,236.910,6.000,0.000,0.000,17.0
2010-04-13,20:12:00,1.436,0.174,237.100,6.000,0.000,0.000,18.0
2010-04-13,20:13:00,1.426,0.170,236.320,6.000,0.000,0.000,18.0
2010-04-13,20:14:00,1.426,0.170,236.330,6.000,0.000,0.000,18.0
2010-04-13,20:15:00,1.422,0.168,236.070,6.000,0.000,0.000,18.0
2010-04-13,20:16:00,1.412,0.168,235.540,6.000,0.000,0.000,17.0
2010-04-13,20:17:00,1.384,0.114,236.860,5.800,0.000,0.000,18.0
2010-04-13,20:18:00,1.340,0.000,237.540,5.600,0.000,0.000,18.0
2010-04-13,20:19:00,1.344,0.046,237.960,5.600,0.000,0.000,18.0
2010-04-13,20:20:00,1.340,0.000,237.540,5.600,0.000,0.000,18.0
2010-04-13,20:21:00,1.330,0.000,236.830,5.600,0.000,0.000,18.0
2010-04-13,20:22:00,1.294,0.000,236.250,5.400,0.000,0.000,17.0
2010-04-13,20:23:00,1.260,0.054,236.320,5.200,0.000,0.000,18.0
2010-04-13,20:24:00,1.254,0.054,235.780,5.200,0.000,0.000,18.0
2010-04-13,20:25:00,1.264,0.054,236.690,5.200,0.000,0.000,18.0
2010-04-13,20:26:00,1.266,0.052,237.100,5.200,0.000,0.000,17.0
2010-04-13,20:27:00,1.264,0.054,236.900,5.200,0.000,0.000,18.0
2010-04-13,20:28:00,1.262,0.054,236.620,5.200,0.000,0.000,18.0
2010-04-13,20:29:00,1.264,0.054,236.630,5.200,0.000,0.000,18.0
2010-04-13,20:30:00,1.262,0.054,236.590,5.200,0.000,0.000,18.0
2010-04-13,20:31:00,1.254,0.054,236.060,5.200,0.000,0.000,17.0
2010-04-13,20:32:00,1.348,0.000,235.870,5.600,0.000,0.000,18.0
2010-04-13,20:33:00,1.356,0.068,235.510,5.600,0.000,0.000,18.0
2010-04-13,20:34:00,1.348,0.066,235.120,5.600,0.000,0.000,17.0
2010-04-13,20:35:00,1.350,0.068,235.510,5.600,0.000,0.000,18.0
2010-04-13,20:36:00,1.342,0.068,235.050,5.600,0.000,0.000,17.0
2010-04-13,20:37:00,1.330,0.066,234.140,5.600,0.000,0.000,18.0
2010-04-13,20:38:00,1.344,0.068,235.420,5.600,0.000,0.000,17.0
2010-04-13,20:39:00,1.350,0.070,236.070,5.600,0.000,0.000,18.0
2010-04-13,20:40:00,1.354,0.070,236.410,5.600,0.000,0.000,18.0
2010-04-13,20:41:00,1.350,0.070,236.410,5.600,0.000,0.000,18.0
2010-04-13,20:42:00,1.352,0.070,236.470,5.600,0.000,0.000,17.0
2010-04-13,20:43:00,1.276,0.000,236.740,5.400,0.000,0.000,18.0
2010-04-13,20:44:00,1.266,0.054,236.850,5.200,0.000,0.000,18.0
2010-04-13,20:45:00,1.270,0.054,237.260,5.200,0.000,0.000,18.0
2010-04-13,20:46:00,1.268,0.054,237.430,5.200,0.000,0.000,18.0
2010-04-13,20:47:00,1.266,0.054,237.100,5.200,0.000,0.000,18.0
2010-04-13,20:48:00,1.270,0.054,237.300,5.200,0.000,0.000,18.0
2010-04-13,20:49:00,1.276,0.054,237.840,5.200,0.000,0.000,18.0
2010-04-13,20:50:00,1.278,0.052,238.140,5.200,0.000,0.000,18.0
2010-04-13,20:51:00,1.346,0.000,238.200,5.600,0.000,0.000,18.0
2010-04-13,20:52:00,1.352,0.066,237.960,5.600,0.000,1.000,18.0
2010-04-13,20:53:00,1.354,0.066,237.890,5.600,0.000,2.000,18.0
2010-04-13,20:54:00,1.368,0.068,239.260,5.600,0.000,1.000,18.0
2010-04-13,20:55:00,1.366,0.068,239.140,5.600,0.000,1.000,18.0
2010-04-13,20:56:00,1.366,0.068,239.230,5.600,0.000,2.000,18.0
2010-04-13,20:57:00,1.454,0.164,238.520,6.000,0.000,1.000,18.0
2010-04-13,20:58:00,1.550,0.298,238.370,6.600,0.000,1.000,18.0
2010-04-13,20:59:00,1.546,0.298,238.790,6.600,0.000,2.000,18.0
2010-04-13,21:00:00,1.544,0.300,239.120,6.400,0.000,1.000,18.0
2010-04-13,21:01:00,1.542,0.302,239.360,6.400,0.000,1.000,19.0
2010-04-13,21:02:00,1.542,0.304,239.640,6.400,0.000,2.000,18.0
2010-04-13,21:03:00,1.544,0.304,239.850,6.400,0.000,1.000,18.0
2010-04-13,21:04:00,1.540,0.304,239.760,6.400,0.000,2.000,18.0
2010-04-13,21:05:00,1.536,0.302,239.410,6.400,0.000,1.000,19.0
2010-04-13,21:06:00,1.788,0.382,239.090,7.600,0.000,1.000,22.0
2010-04-13,21:07:00,2.100,0.474,238.660,9.000,0.000,2.000,27.0
2010-04-13,21:08:00,2.102,0.448,238.360,9.000,0.000,1.000,28.0
2010-04-13,21:09:00,2.014,0.294,238.170,8.400,0.000,1.000,29.0
2010-04-13,21:10:00,1.774,0.180,238.410,7.600,0.000,2.000,25.0
2010-04-13,21:11:00,1.492,0.068,239.690,6.200,0.000,1.000,18.0
2010-04-13,21:12:00,2.122,0.100,238.390,9.000,0.000,1.000,18.0
2010-04-13,21:13:00,3.266,0.110,236.500,14.000,0.000,2.000,18.0
2010-04-13,21:14:00,2.872,0.080,236.350,12.400,0.000,1.000,18.0
2010-04-13,21:15:00,2.766,0.066,237.010,11.800,0.000,1.000,18.0
2010-04-13,21:16:00,2.768,0.076,237.780,11.600,0.000,1.000,18.0
2010-04-13,21:17:00,2.828,0.074,237.510,11.800,0.000,2.000,18.0
2010-04-13,21:18:00,3.010,0.070,236.970,12.600,0.000,1.000,17.0
2010-04-13,21:19:00,3.032,0.068,236.650,12.800,0.000,1.000,18.0
2010-04-13,21:20:00,3.020,0.068,236.590,12.600,0.000,1.000,18.0
2010-04-13,21:21:00,2.332,0.076,237.010,9.800,0.000,1.000,18.0
2010-04-13,21:22:00,1.858,0.062,237.530,7.800,0.000,2.000,18.0
2010-04-13,21:23:00,1.932,0.158,237.750,8.000,0.000,1.000,18.0
2010-04-13,21:24:00,2.264,0.222,238.140,9.400,0.000,1.000,18.0
2010-04-13,21:25:00,2.396,0.222,238.480,10.000,0.000,1.000,18.0
2010-04-13,21:26:00,2.374,0.222,238.450,10.000,0.000,1.000,18.0
2010-04-13,21:27:00,2.148,0.228,238.970,9.000,0.000,2.000,18.0
2010-04-13,21:28:00,2.134,0.224,238.080,9.000,0.000,1.000,18.0
2010-04-13,21:29:00,2.138,0.226,238.410,9.000,0.000,1.000,18.0
2010-04-13,21:30:00,2.112,0.230,239.310,8.800,0.000,1.000,18.0
2010-04-13,21:31:00,2.076,0.226,238.450,8.600,0.000,1.000,18.0
2010-04-13,21:32:00,2.068,0.224,237.940,8.600,0.000,2.000,18.0
2010-04-13,21:33:00,2.024,0.224,237.850,8.400,0.000,1.000,18.0
2010-04-13,21:34:00,1.904,0.138,238.130,8.000,0.000,1.000,18.0
2010-04-13,21:35:00,1.866,0.096,237.630,7.800,0.000,1.000,18.0
2010-04-13,21:36:00,1.866,0.096,237.730,7.800,0.000,1.000,18.0
2010-04-13,21:37:00,1.868,0.096,237.860,7.800,0.000,1.000,18.0
2010-04-13,21:38:00,1.888,0.098,239.100,7.800,0.000,1.000,18.0
2010-04-13,21:39:00,1.784,0.102,240.180,7.400,0.000,2.000,18.0
2010-04-13,21:40:00,0.842,0.114,241.160,3.400,0.000,1.000,0.0
2010-04-13,21:41:00,0.838,0.114,241.160,3.400,0.000,1.000,1.0
2010-04-13,21:42:00,0.836,0.112,240.560,3.400,0.000,1.000,1.0
2010-04-13,21:43:00,0.832,0.112,240.630,3.400,0.000,1.000,0.0
2010-04-13,21:44:00,0.806,0.194,240.930,3.400,0.000,1.000,1.0
2010-04-13,21:45:00,0.798,0.214,239.990,3.400,0.000,2.000,0.0
2010-04-13,21:46:00,0.796,0.216,240.090,3.400,0.000,1.000,1.0
2010-04-13,21:47:00,0.798,0.218,240.630,3.400,0.000,1.000,1.0
2010-04-13,21:48:00,0.802,0.220,241.260,3.400,0.000,1.000,0.0
2010-04-13,21:49:00,0.906,0.336,241.030,4.000,0.000,1.000,1.0
2010-04-13,21:50:00,0.904,0.354,241.120,4.000,0.000,1.000,1.0
2010-04-13,21:51:00,0.890,0.350,240.220,4.000,0.000,2.000,0.0
2010-04-13,21:52:00,0.886,0.350,239.960,3.800,0.000,1.000,1.0
2010-04-13,21:53:00,0.892,0.354,240.950,4.000,0.000,1.000,1.0
2010-04-13,21:54:00,0.896,0.358,241.520,4.000,0.000,1.000,0.0
2010-04-13,21:55:00,0.896,0.356,241.320,4.000,0.000,1.000,1.0
2010-04-13,21:56:00,0.844,0.280,241.960,3.600,0.000,1.000,1.0
2010-04-13,21:57:00,0.824,0.252,241.590,3.400,0.000,2.000,0.0
2010-04-13,21:58:00,0.820,0.250,241.060,3.400,0.000,1.000,1.0
2010-04-13,21:59:00,0.922,0.222,241.210,3.800,0.000,1.000,1.0
2010-04-13,22:00:00,0.866,0.096,241.340,3.600,0.000,1.000,0.0
2010-04-13,22:01:00,0.864,0.096,241.440,3.600,0.000,1.000,1.0
2010-04-13,22:02:00,0.866,0.096,241.610,3.600,0.000,1.000,1.0
2010-04-13,22:03:00,0.864,0.094,241.110,3.600,0.000,1.000,0.0
2010-04-13,22:04:00,0.860,0.092,240.390,3.600,0.000,2.000,1.0
2010-04-13,22:05:00,0.858,0.092,240.170,3.600,0.000,1.000,1.0
2010-04-13,22:06:00,0.856,0.094,240.380,3.600,0.000,1.000,0.0
2010-04-13,22:07:00,0.862,0.096,241.530,3.600,0.000,1.000,1.0
2010-04-13,22:08:00,0.866,0.096,241.770,3.600,0.000,1.000,1.0
2010-04-13,22:09:00,0.874,0.098,242.020,3.600,0.000,1.000,0.0
2010-04-13,22:10:00,0.876,0.098,242.150,3.600,0.000,1.000,1.0
2010-04-13,22:11:00,0.872,0.098,242.030,3.600,0.000,2.000,1.0
2010-04-13,22:12:00,0.866,0.096,241.020,3.600,0.000,1.000,0.0
2010-04-13,22:13:00,0.864,0.094,240.580,3.600,0.000,1.000,1.0
2010-04-13,22:14:00,0.918,0.136,242.360,3.800,0.000,1.000,0.0
2010-04-13,22:15:00,0.976,0.228,241.080,4.000,0.000,1.000,1.0
2010-04-13,22:16:00,0.962,0.230,241.340,4.000,0.000,1.000,1.0
2010-04-13,22:17:00,0.956,0.230,241.170,4.000,0.000,1.000,0.0
2010-04-13,22:18:00,0.958,0.230,241.350,4.000,0.000,2.000,1.0
2010-04-13,22:19:00,0.958,0.232,241.710,4.000,0.000,1.000,1.0
2010-04-13,22:20:00,0.956,0.230,241.540,4.000,0.000,1.000,0.0
2010-04-13,22:21:00,0.852,0.234,241.450,3.600,0.000,1.000,1.0
2010-04-13,22:22:00,0.562,0.256,242.040,2.400,0.000,1.000,1.0
2010-04-13,22:23:00,0.554,0.258,242.000,2.400,0.000,1.000,0.0
2010-04-13,22:24:00,0.602,0.244,242.030,2.600,0.000,1.000,1.0
2010-04-13,22:25:00,0.574,0.170,243.060,2.400,0.000,2.000,1.0
2010-04-13,22:26:00,0.530,0.108,243.910,2.200,0.000,1.000,0.0
2010-04-13,22:27:00,0.532,0.110,244.580,2.200,0.000,1.000,1.0
2010-04-13,22:28:00,0.534,0.110,244.370,2.200,0.000,1.000,1.0
2010-04-13,22:29:00,0.532,0.108,244.060,2.200,0.000,1.000,0.0
2010-04-13,22:30:00,0.530,0.106,243.390,2.200,0.000,1.000,1.0
2010-04-13,22:31:00,0.608,0.198,243.480,2.600,0.000,1.000,1.0
2010-04-13,22:32:00,0.666,0.242,244.320,3.000,0.000,1.000,1.0
2010-04-13,22:33:00,1.184,0.422,243.690,5.000,0.000,2.000,10.0
2010-04-13,22:34:00,1.198,0.420,243.670,5.200,0.000,1.000,11.0
2010-04-13,22:35:00,1.222,0.418,243.670,5.200,0.000,1.000,11.0
2010-04-13,22:36:00,0.944,0.324,243.150,4.200,0.000,1.000,7.0
2010-04-13,22:37:00,0.590,0.210,243.040,2.600,0.000,1.000,1.0
2010-04-13,22:38:00,0.546,0.190,243.650,2.400,0.000,1.000,1.0
2010-04-13,22:39:00,0.472,0.178,244.090,2.000,0.000,1.000,0.0
2010-04-13,22:40:00,0.520,0.264,244.130,2.400,0.000,2.000,1.0
2010-04-13,22:41:00,0.552,0.320,244.310,2.600,0.000,1.000,1.0
2010-04-13,22:42:00,0.552,0.320,244.280,2.600,0.000,1.000,0.0
2010-04-13,22:43:00,0.478,0.214,244.600,2.000,0.000,1.000,1.0
2010-04-13,22:44:00,0.476,0.216,245.370,2.000,0.000,1.000,1.0
2010-04-13,22:45:00,0.476,0.218,245.530,2.000,0.000,1.000,0.0
2010-04-13,22:46:00,0.466,0.218,245.670,2.000,0.000,1.000,1.0
2010-04-13,22:47:00,0.464,0.216,245.580,2.000,0.000,2.000,1.0
2010-04-13,22:48:00,0.464,0.216,245.280,2.000,0.000,1.000,0.0
2010-04-13,22:49:00,0.462,0.212,244.450,2.000,0.000,1.000,1.0
2010-04-13,22:50:00,0.462,0.212,244.250,2.000,0.000,1.000,1.0
2010-04-13,22:51:00,0.378,0.096,244.350,1.600,0.000,1.000,0.0
2010-04-13,22:52:00,0.362,0.072,243.840,1.400,0.000,1.000,1.0
2010-04-13,22:53:00,0.366,0.072,243.850,1.400,0.000,1.000,1.0
2010-04-13,22:54:00,0.366,0.074,244.270,1.400,0.000,1.000,0.0
2010-04-13,22:55:00,0.366,0.074,244.470,1.400,0.000,2.000,1.0
2010-04-13,22:56:00,0.362,0.074,244.070,1.400,0.000,1.000,1.0
2010-04-13,22:57:00,0.364,0.074,243.960,1.400,0.000,1.000,0.0
2010-04-13,22:58:00,0.366,0.074,244.500,1.400,0.000,1.000,1.0
2010-04-13,22:59:00,0.356,0.076,244.590,1.400,0.000,1.000,1.0
2010-04-13,23:00:00,0.350,0.074,244.320,1.400,0.000,1.000,0.0
2010-04-13,23:01:00,0.348,0.076,244.750,1.400,0.000,1.000,1.0
2010-04-13,23:02:00,0.346,0.074,244.370,1.400,0.000,2.000,1.0
2010-04-13,23:03:00,0.354,0.074,244.550,1.400,0.000,1.000,0.0
2010-04-13,23:04:00,0.354,0.076,245.170,1.400,0.000,1.000,1.0
2010-04-13,23:05:00,0.354,0.078,245.650,1.400,0.000,1.000,1.0
2010-04-13,23:06:00,0.476,0.226,246.460,2.200,0.000,1.000,0.0
2010-04-13,23:07:00,0.460,0.224,246.480,2.000,0.000,1.000,1.0
2010-04-13,23:08:00,0.456,0.218,245.500,2.000,0.000,1.000,1.0
2010-04-13,23:09:00,0.450,0.214,244.250,2.000,0.000,1.000,0.0
2010-04-13,23:10:00,0.452,0.214,244.640,2.000,0.000,2.000,1.0
2010-04-13,23:11:00,0.446,0.218,245.210,2.000,0.000,1.000,1.0
2010-04-13,23:12:00,0.450,0.216,244.990,2.000,0.000,1.000,0.0
2010-04-13,23:13:00,0.446,0.214,244.470,2.000,0.000,1.000,1.0
2010-04-13,23:14:00,0.444,0.212,243.820,2.000,0.000,1.000,1.0
2010-04-13,23:15:00,0.428,0.224,244.330,2.000,0.000,1.000,1.0
2010-04-13,23:16:00,0.402,0.190,244.960,1.800,0.000,1.000,0.0
2010-04-13,23:17:00,0.372,0.116,245.070,1.600,0.000,1.000,1.0
2010-04-13,23:18:00,0.408,0.186,244.640,1.800,0.000,2.000,1.0
2010-04-13,23:19:00,0.388,0.146,245.340,1.600,0.000,0.000,0.0
2010-04-13,23:20:00,0.342,0.062,245.450,1.400,0.000,0.000,1.0
2010-04-13,23:21:00,0.338,0.064,245.590,1.400,0.000,0.000,1.0
2010-04-13,23:22:00,0.338,0.064,245.930,1.400,0.000,0.000,0.0
2010-04-13,23:23:00,0.340,0.066,246.410,1.400,0.000,0.000,1.0
2010-04-13,23:24:00,0.338,0.064,245.770,1.400,0.000,0.000,1.0
2010-04-13,23:25:00,0.336,0.062,245.400,1.400,0.000,0.000,0.0
2010-04-13,23:26:00,0.332,0.064,245.670,1.400,0.000,0.000,1.0
2010-04-13,23:27:00,0.332,0.064,245.750,1.400,0.000,0.000,1.0
2010-04-13,23:28:00,0.334,0.062,245.580,1.400,0.000,0.000,0.0
2010-04-13,23:29:00,0.316,0.000,245.770,1.200,0.000,0.000,1.0
2010-04-13,23:30:00,0.264,0.000,246.040,1.000,0.000,0.000,1.0
2010-04-13,23:31:00,0.314,0.000,245.740,1.400,0.000,0.000,0.0
2010-04-13,23:32:00,0.372,0.094,245.150,1.600,0.000,0.000,1.0
2010-04-13,23:33:00,0.368,0.092,244.840,1.400,0.000,0.000,1.0
2010-04-13,23:34:00,0.366,0.092,244.450,1.400,0.000,0.000,0.0
2010-04-13,23:35:00,0.364,0.092,244.610,1.400,0.000,0.000,1.0
2010-04-13,23:36:00,0.362,0.096,245.490,1.400,0.000,0.000,1.0
2010-04-13,23:37:00,0.362,0.098,246.020,1.400,0.000,0.000,0.0
2010-04-13,23:38:00,0.362,0.096,245.950,1.400,0.000,0.000,1.0
2010-04-13,23:39:00,0.362,0.094,245.400,1.400,0.000,0.000,1.0
2010-04-13,23:40:00,0.358,0.092,244.710,1.400,0.000,0.000,0.0
2010-04-13,23:41:00,0.354,0.092,244.320,1.400,0.000,0.000,1.0
2010-04-13,23:42:00,0.304,0.000,244.790,1.200,0.000,0.000,1.0
2010-04-13,23:43:00,0.264,0.000,244.980,1.000,0.000,0.000,0.0
2010-04-13,23:44:00,0.264,0.046,245.120,1.000,0.000,0.000,1.0
2010-04-13,23:45:00,0.266,0.000,245.880,1.000,0.000,0.000,1.0
2010-04-13,23:46:00,0.262,0.000,246.180,1.000,0.000,0.000,0.0
2010-04-13,23:47:00,0.252,0.000,245.540,1.000,0.000,0.000,1.0
2010-04-13,23:48:00,0.254,0.000,245.480,1.000,0.000,0.000,1.0
2010-04-13,23:49:00,0.254,0.000,246.120,1.000,0.000,0.000,0.0
2010-04-13,23:50:00,0.254,0.000,245.190,1.000,0.000,0.000,1.0
2010-04-13,23:51:00,0.248,0.000,244.230,1.000,0.000,0.000,1.0
2010-04-13,23:52:00,0.250,0.000,244.270,1.000,0.000,0.000,0.0
2010-04-13,23:53:00,0.252,0.000,244.260,1.000,0.000,0.000,1.0
2010-04-13,23:54:00,0.252,0.000,244.480,1.000,0.000,0.000,1.0
2010-04-13,23:55:00,0.254,0.000,245.050,1.000,0.000,0.000,0.0
2010-04-13,23:56:00,0.250,0.000,244.970,1.000,0.000,0.000,1.0
2010-04-13,23:57:00,0.346,0.068,244.780,1.400,0.000,0.000,1.0
2010-04-13,23:58:00,0.364,0.104,246.060,1.400,0.000,0.000,1.0
2010-04-13,23:59:00,0.358,0.102,245.550,1.400,0.000,0.000,0.0
